1986
-0.249855, 1, 1, 500, 375
-0.317572, 225, 1, 480, 375
-0.387674, 1, 97, 500, 352
-0.390795, 129, 1, 384, 375
-0.399536, 1, 1, 500, 256
-0.538453, 257, 129, 500, 375
-0.564519, 129, 97, 384, 352
-0.583548, 33, 1, 288, 375
-0.596986, 225, 33, 480, 288
-0.606111, 97, 1, 352, 256
-0.618189, 1, 97, 256, 352
-0.802957, 225, 1, 352, 375
-0.808472, 369, 1, 496, 375
-0.811535, 1, 1, 256, 256
-0.825862, 369, 97, 496, 352
-0.836688, 289, 129, 416, 375
-0.842965, 369, 1, 496, 256
-0.843393, 97, 129, 224, 375
-0.851275, 49, 97, 176, 352
-0.852763, 145, 129, 272, 375
-0.853364, 241, 1, 368, 256
-0.854123, 241, 129, 368, 375
-0.856332, 1, 145, 500, 272
-0.86082, 305, 1, 432, 256
-0.86472, 305, 1, 432, 375
-0.865934, 1, 97, 128, 352
-0.869346, 193, 1, 320, 256
-0.877649, 177, 1, 304, 375
-0.878171, 97, 1, 224, 375
-0.878451, 97, 33, 224, 288
-0.883223, 49, 1, 176, 375
-0.884619, 193, 129, 320, 375
-0.885988, 1, 145, 256, 272
-0.887722, 1, 225, 500, 352
-0.889306, 193, 177, 448, 304
-0.894163, 1, 81, 500, 208
-0.896709, 1, 1, 128, 375
-0.898303, 97, 161, 352, 288
-0.904673, 1, 1, 500, 128
-0.907805, 145, 1, 272, 256
-0.908164, 225, 129, 480, 256
-0.910099, 97, 209, 352, 336
-0.911038, 33, 1, 160, 256
-0.915876, 97, 145, 224, 272
-0.916612, 1, 193, 256, 320
-0.918247, 1, 129, 128, 256
-0.918703, 337, 161, 464, 288
-0.919553, 161, 177, 288, 304
-0.922166, 225, 1, 480, 128
-0.923561, 129, 1, 384, 128
-0.923622, 257, 65, 500, 192
-0.924545, 241, 129, 368, 256
-0.927801, 257, 225, 500, 352
-0.927838, 289, 129, 416, 256
-0.927888, 361, 145, 424, 272
-0.928077, 97, 193, 224, 320
-0.930026, 353, 113, 480, 240
-0.930553, 49, 129, 176, 256
-0.931069, 97, 129, 160, 256
-0.931887, 97, 113, 352, 240
-0.932618, 57, 129, 120, 256
-0.933215, 289, 65, 352, 192
-0.933906, 177, 145, 240, 272
-0.93429, 313, 145, 376, 272
-0.936608, 209, 193, 336, 320
-0.936921, 145, 225, 272, 352
-0.93697, 153, 177, 216, 304
-0.936974, 129, 49, 384, 176
-0.93719, 233, 145, 296, 272
-0.937401, 305, 65, 432, 192
-0.937722, 337, 177, 400, 304
-0.937928, 305, 1, 432, 128
-0.938196, 289, 145, 352, 272
-0.93829, 241, 193, 304, 320
-0.9384, 265, 113, 328, 240
-0.940197, 385, 97, 448, 224
-0.941231, 337, 129, 400, 256
-0.942078, 273, 177, 400, 304
-0.942831, 385, 145, 448, 272
-0.94323, 401, 193, 464, 320
-0.944135, 433, 129, 496, 256
-0.944336, 313, 193, 376, 320
-0.944544, 289, 17, 352, 144
-0.944592, 369, 225, 496, 352
-0.944606, 409, 65, 472, 192
-0.94488, 273, 193, 336, 320
-0.945074, 217, 193, 280, 320
-0.945147, 33, 129, 96, 256
-0.945844, 49, 177, 176, 304
-0.946417, 161, 129, 288, 256
-0.946627, 209, 17, 336, 144
-0.947689, 177, 193, 240, 320
-0.947733, 121, 97, 184, 224
-0.947765, 433, 193, 496, 320
-0.948034, 129, 145, 192, 272
-0.948051, 1, 145, 64, 272
-0.948132, 225, 1, 288, 128
-0.948593, 1, 241, 256, 368
-0.949005, 385, 49, 448, 176
-0.949065, 1, 97, 256, 224
-0.950014, 65, 177, 128, 304
-0.950245, 353, 145, 416, 208
-0.950273, 1, 177, 128, 304
-0.950348, 321, 209, 448, 336
-0.950542, 369, 49, 496, 176
-0.950621, 369, 1, 496, 128
-0.950872, 361, 193, 424, 320
-0.951888, 265, 17, 328, 144
-0.952034, 409, 113, 472, 240
-0.952114, 289, 73, 352, 136
-0.952162, 49, 129, 112, 192
-0.95222, 265, 65, 328, 192
-0.952295, 153, 129, 216, 256
-0.952698, 433, 1, 496, 128
-0.952995, 377, 145, 440, 208
-0.953338, 313, 153, 376, 216
-0.95371, 313, 97, 376, 224
-0.953783, 161, 193, 224, 256
-0.953826, 409, 17, 472, 144
-0.95406, 345, 177, 408, 240
-0.954973, 105, 177, 168, 304
-0.954978, 305, 177, 368, 240
-0.955089, 281, 209, 344, 272
-0.955224, 65, 193, 128, 256
-0.955671, 129, 193, 192, 320
-0.956185, 233, 209, 296, 272
-0.956318, 369, 169, 432, 232
-0.956569, 225, 169, 288, 232
-0.956895, 97, 97, 224, 224
-0.957094, 257, 1, 384, 128
-0.957308, 273, 153, 336, 216
-0.957572, 153, 225, 216, 352
-0.957666, 433, 65, 496, 192
-0.957939, 97, 81, 160, 208
-0.957947, 257, 65, 384, 192
-0.958032, 185, 185, 248, 248
-0.958068, 105, 193, 168, 256
-0.958566, 89, 145, 152, 208
-0.958805, 105, 233, 168, 296
-0.958812, 393, 201, 456, 264
-0.959071, 273, 177, 336, 240
-0.959074, 361, 81, 424, 208
-0.959732, 313, 1, 376, 128
-0.959824, 113, 153, 176, 216
-0.959979, 153, 161, 216, 224
-0.959998, 305, 209, 368, 272
-0.960034, 257, 129, 320, 192
-0.960331, 369, 225, 432, 288
-0.960445, 249, 161, 312, 224
-0.960721, 105, 225, 168, 352
-0.960829, 137, 217, 200, 280
-0.961108, 225, 241, 288, 368
-0.961145, 177, 241, 240, 368
-0.961732, 265, 57, 328, 120
-0.961814, 201, 145, 264, 272
-0.961858, 313, 73, 376, 136
-0.962043, 1, 137, 128, 200
-0.962067, 97, 241, 224, 368
-0.962368, 289, 137, 416, 200
-0.962635, 137, 185, 200, 248
-0.962915, 41, 193, 104, 256
-0.963309, 1, 185, 64, 248
-0.963389, 393, 113, 456, 176
-0.963478, 393, 169, 456, 232
-0.96362, 9, 153, 72, 216
-0.963705, 65, 169, 128, 232
-0.963726, 273, 105, 336, 168
-0.963763, 289, 17, 352, 80
-0.963775, 185, 217, 248, 280
-0.963921, 257, 225, 384, 352
-0.964059, 193, 241, 320, 368
-0.96413, 321, 193, 448, 256
-0.96418, 97, 161, 224, 224
-0.964219, 361, 241, 424, 368
-0.96433, 101, 129, 132, 256
-0.96436, 385, 57, 448, 120
-0.964429, 313, 129, 376, 192
-0.964664, 433, 209, 496, 272
-0.964696, 85, 129, 116, 256
-0.964724, 401, 241, 464, 304
-0.964771, 181, 145, 212, 272
-0.965005, 49, 137, 176, 200
-0.965044, 321, 169, 448, 232
-0.965067, 385, 1, 448, 128
-0.965106, 49, 81, 176, 208
-0.965264, 145, 201, 272, 264
-0.965269, 425, 9, 488, 72
-0.965366, 25, 129, 88, 192
-0.965396, 225, 169, 352, 232
-0.965487, 433, 129, 496, 192
-0.965722, 389, 129, 420, 256
-0.965758, 321, 73, 448, 136
-0.965905, 289, 1, 352, 256
-0.965922, 165, 177, 196, 304
-0.965926, 177, 169, 304, 232
-0.966105, 377, 81, 440, 144
-0.966155, 317, 113, 348, 240
-0.96617, 249, 185, 312, 248
-0.966211, 273, 233, 336, 296
-0.966214, 169, 249, 232, 312
-0.966264, 201, 241, 264, 368
-0.966353, 241, 145, 368, 208
-0.966359, 425, 1, 488, 256
-0.966481, 73, 81, 136, 208
-0.96675, 97, 113, 160, 176
-0.966762, 161, 1, 288, 128
-0.966877, 49, 225, 176, 352
-0.96688, 73, 129, 104, 256
-0.967187, 177, 161, 240, 224
-0.967279, 337, 225, 400, 352
-0.967366, 161, 225, 224, 288
-0.967505, 101, 177, 132, 304
-0.967514, 305, 145, 336, 272
-0.967702, 377, 65, 440, 320
-0.96788, 225, 17, 288, 80
-0.96804, 401, 33, 464, 288
-0.96808, 33, 161, 96, 224
-0.968164, 265, 65, 328, 320
-0.968324, 201, 241, 264, 304
-0.968351, 409, 241, 472, 368
-0.968408, 145, 145, 176, 272
-0.968481, 265, 33, 328, 96
-0.968539, 65, 217, 128, 280
-0.968547, 81, 185, 208, 248
-0.968554, 337, 225, 464, 288
-0.968566, 273, 177, 400, 240
-0.968627, 341, 145, 372, 272
-0.968662, 433, 241, 496, 368
-0.968665, 269, 113, 300, 240
-0.968738, 297, 17, 328, 144
-0.968778, 225, 1, 288, 256
-0.968873, 417, 49, 480, 112
-0.968897, 337, 201, 400, 264
-0.968978, 289, 129, 352, 192
-0.969053, 369, 121, 432, 184
-0.969273, 209, 217, 272, 280
-0.969388, 417, 49, 448, 176
-0.969398, 97, 49, 224, 176
-0.969643, 369, 145, 400, 272
-0.969648, 105, 65, 168, 320
-0.969683, 189, 193, 220, 320
-0.969724, 53, 113, 84, 240
-0.969903, 241, 217, 368, 280
-0.969916, 321, 65, 352, 192
-0.969969, 129, 241, 192, 304
-0.969976, 337, 241, 400, 304
-0.970019, 409, 137, 472, 200
-0.970036, 393, 33, 456, 96
-0.970086, 229, 161, 260, 288
-0.970131, 361, 249, 424, 312
-0.970184, 105, 57, 168, 120
-0.970194, 81, 225, 208, 288
-0.970242, 161, 273, 224, 336
-0.970251, 401, 81, 464, 144
-0.970318, 81, 225, 144, 352
-0.970352, 313, 49, 376, 176
-0.970358, 257, 145, 288, 272
-0.970372, 305, 233, 368, 296
-0.970488, 281, 241, 344, 368
-0.970504, 169, 129, 232, 375
-0.970544, 225, 129, 288, 375
-0.970566, 41, 177, 104, 304
-0.970645, 13, 145, 44, 272
-0.970655, 417, 105, 480, 168
-0.970666, 369, 121, 496, 184
-0.970671, 213, 209, 244, 336
-0.970761, 257, 209, 320, 272
-0.970785, 209, 193, 272, 256
-0.970798, 145, 233, 272, 296
-0.970859, 357, 161, 388, 288
-0.97087, 249, 233, 312, 296
-0.971298, 353, 129, 416, 375
-0.971383, 241, 81, 304, 208
-0.97145, 321, 1, 352, 128
-0.971541, 257, 241, 320, 368
-0.971553, 193, 233, 320, 296
-0.971637, 369, 193, 432, 256
-0.971778, 193, 145, 224, 272
-0.97194, 325, 161, 356, 288
-0.972083, 369, 49, 496, 112
-0.972143, 337, 145, 464, 208
-0.972243, 17, 161, 144, 224
-0.972449, 289, 49, 352, 112
-0.972478, 437, 1, 468, 128
-0.972508, 361, 33, 424, 160
-0.97258, 113, 145, 144, 272
-0.972671, 225, 249, 288, 312
-0.972694, 417, 129, 480, 375
-0.972758, 409, 113, 440, 240
-0.972952, 129, 97, 192, 352
-0.972954, 97, 33, 160, 160
-0.973156, 33, 185, 160, 248
-0.973303, 9, 97, 72, 224
-0.973402, 305, 129, 368, 375
-0.973458, 417, 185, 480, 248
-0.973507, 81, 249, 144, 312
-0.973543, 433, 73, 496, 136
-0.973632, 121, 113, 184, 176
-0.973738, 177, 209, 208, 336
-0.974146, 449, 193, 480, 320
-0.974154, 405, 65, 436, 192
-0.974164, 145, 81, 208, 208
-0.974176, 385, 137, 416, 200
-0.974345, 105, 81, 168, 144
-0.974409, 245, 193, 276, 320
-0.974508, 369, 201, 496, 264
-0.974603, 313, 105, 376, 168
-0.97469, 205, 161, 236, 288
-0.974693, 281, 193, 312, 320
-0.974752, 421, 201, 452, 264
-0.974842, 185, 273, 248, 336
-0.974928, 385, 241, 448, 368
-0.974984, 49, 81, 112, 208
-0.975045, 385, 1, 448, 64
-0.97509, 369, 25, 496, 88
-0.975095, 321, 49, 448, 112
-0.975099, 305, 9, 432, 72
-0.97511, 425, 193, 456, 320
-0.97514, 193, 201, 320, 264
-0.975146, 405, 161, 436, 288
-0.975215, 357, 145, 388, 208
-0.975222, 269, 129, 300, 192
-0.975251, 301, 193, 332, 320
-0.975254, 465, 193, 496, 320
-0.975272, 393, 265, 456, 328
-0.975344, 329, 129, 392, 375
-0.975446, 89, 169, 152, 232
-0.975737, 281, 81, 312, 208
-0.975771, 457, 113, 488, 240
-0.975776, 385, 193, 416, 320
-0.975827, 201, 1, 264, 128
-0.975845, 173, 193, 204, 256
-0.975852, 169, 129, 200, 256
-0.975899, 125, 129, 156, 256
-0.975959, 193, 129, 256, 375
-0.975984, 337, 73, 400, 136
-0.975994, 437, 129, 468, 256
-0.976133, 33, 1, 288, 128
-0.976144, 193, 97, 256, 224
-0.976269, 105, 265, 168, 328
-0.976292, 121, 49, 152, 176
-0.976311, 305, 241, 368, 368
-0.976367, 313, 1, 376, 256
-0.976392, 337, 81, 400, 208
-0.976394, 289, 1, 352, 375
-0.976421, 261, 17, 292, 144
-0.976462, 289, 145, 320, 272
-0.976491, 369, 169, 496, 232
-0.976508, 157, 129, 188, 256
-0.976573, 393, 81, 424, 208
-0.976584, 401, 161, 432, 224
-0.976633, 57, 129, 88, 192
-0.97665, 97, 249, 224, 312
-0.976666, 129, 241, 192, 368
-0.976724, 73, 97, 136, 352
-0.976781, 145, 153, 176, 216
-0.976794, 89, 193, 120, 256
-0.976813, 257, 1, 320, 64
-0.976841, 265, 81, 328, 144
-0.976939, 421, 97, 452, 224
-0.976966, 49, 97, 112, 352
-0.976967, 125, 49, 156, 112
-0.976986, 313, 193, 344, 320
-0.977029, 445, 1, 476, 64
-0.977045, 305, 177, 336, 240
-0.97709, 73, 121, 136, 184
-0.977142, 225, 209, 256, 336
-0.977168, 337, 145, 368, 208
-0.977316, 401, 129, 432, 192
-0.977332, 329, 113, 360, 240
-0.977344, 201, 209, 232, 336
-0.977354, 369, 1, 496, 64
-0.977386, 321, 65, 352, 128
-0.977441, 325, 129, 356, 192
-0.977451, 245, 145, 276, 272
-0.977473, 357, 113, 388, 240
-0.977525, 265, 1, 328, 375
-0.977544, 101, 185, 132, 248
-0.977567, 85, 177, 116, 304
-0.977669, 337, 113, 400, 176
-0.977694, 193, 9, 320, 72
-0.977726, 305, 137, 336, 200
-0.977917, 81, 137, 112, 200
-0.977948, 257, 17, 384, 80
-0.978089, 189, 185, 220, 248
-0.978116, 225, 281, 288, 344
-0.978209, 317, 177, 348, 240
-0.978224, 321, 249, 448, 312
-0.978253, 469, 113, 500, 240
-0.978346, 161, 185, 192, 248
-0.978367, 17, 209, 144, 272
-0.978405, 377, 177, 408, 240
-0.978438, 361, 57, 424, 120
-0.978514, 117, 193, 148, 320
-0.978534, 97, 145, 128, 208
-0.97854, 437, 65, 468, 192
-0.978543, 341, 193, 372, 320
-0.978579, 233, 1, 296, 375
-0.978628, 425, 1, 488, 375
-0.978656, 25, 145, 56, 272
-0.978708, 69, 129, 100, 192
-0.978735, 433, 249, 496, 312
-0.978753, 161, 257, 288, 320
-0.97886, 149, 193, 180, 320
-0.978946, 257, 153, 288, 216
-0.978957, 249, 105, 312, 168
-0.978966, 393, 201, 424, 264
-0.97897, 205, 177, 236, 240
-0.979051, 113, 1, 176, 375
-0.979092, 17, 193, 80, 320
-0.979106, 289, 217, 416, 280
-0.979107, 425, 145, 456, 272
-0.979194, 113, 185, 144, 248
-0.9792, 45, 129, 76, 192
-0.979233, 17, 129, 80, 375
-0.979245, 177, 241, 208, 304
-0.979249, 129, 121, 160, 184
-0.979262, 341, 169, 372, 232
-0.979271, 69, 193, 100, 256
-0.979299, 289, 169, 320, 232
-0.979303, 281, 201, 312, 264
-0.979361, 189, 241, 220, 304
-0.97937, 437, 193, 468, 320
-0.979377, 229, 177, 260, 240
-0.979378, 369, 249, 496, 312
-0.979394, 169, 161, 200, 224
-0.979398, 241, 241, 368, 304
-0.97941, 113, 233, 144, 296
-0.979482, 277, 33, 308, 96
-0.979503, 225, 217, 256, 280
-0.979679, 21, 145, 52, 208
-0.979694, 113, 273, 240, 336
-0.979716, 53, 153, 84, 216
-0.979766, 369, 33, 432, 96
-0.979781, 457, 1, 488, 128
-0.979782, 345, 33, 408, 288
-0.979799, 261, 193, 292, 320
-0.979801, 157, 161, 188, 224
-0.979807, 25, 217, 88, 280
-0.979975, 105, 209, 136, 272
-0.980132, 385, 225, 416, 288
-0.980158, 33, 161, 64, 224
-0.98018, 337, 209, 368, 272
-0.980216, 133, 81, 164, 208
-0.980235, 425, 225, 456, 288
-0.980256, 433, 25, 464, 88
-0.980263, 369, 273, 432, 336
-0.980307, 129, 265, 192, 328
-0.980313, 369, 145, 400, 208
-0.980372, 249, 209, 280, 272
-0.980461, 125, 73, 156, 136
-0.980563, 445, 209, 476, 272
-0.980594, 317, 209, 348, 272
-0.980595, 1, 161, 32, 288
-0.980621, 149, 185, 180, 248
-0.980665, 405, 249, 436, 312
-0.980677, 297, 201, 328, 264
-0.980775, 69, 177, 100, 304
-0.98083, 421, 57, 452, 120
-0.980834, 269, 193, 300, 256
-0.980849, 129, 1, 192, 256
-0.980849, 405, 201, 436, 264
-0.980858, 41, 145, 72, 272
-0.980862, 413, 209, 444, 336
-0.98087, 121, 49, 184, 176
-0.980958, 201, 161, 264, 224
-0.980971, 309, 1, 340, 128
-0.98099, 125, 97, 156, 160
-0.981011, 241, 81, 304, 144
-0.981024, 53, 193, 84, 256
-0.98127, 389, 169, 420, 232
-0.98127, 313, 1, 376, 64
-0.981333, 357, 185, 388, 248
-0.981341, 301, 17, 332, 80
-0.981363, 209, 209, 240, 272
-0.981393, 161, 81, 288, 208
-0.981431, 329, 169, 360, 232
-0.981492, 269, 217, 300, 280
-0.981532, 129, 209, 160, 336
-0.981553, 129, 81, 192, 144
-0.981596, 233, 137, 296, 200
-0.981614, 1, 169, 32, 232
-0.981681, 385, 1, 448, 375
-0.981703, 153, 217, 184, 280
-0.98174, 277, 153, 308, 216
-0.981834, 117, 121, 148, 184
-0.981853, 241, 49, 368, 112
-0.98197, 37, 185, 68, 248
-0.981987, 117, 145, 148, 208
-0.982002, 89, 169, 120, 232
-0.982053, 181, 153, 212, 216
-0.982157, 237, 217, 268, 280
-0.98219, 281, 129, 312, 192
-0.982228, 285, 33, 316, 160
-0.982279, 325, 105, 356, 168
-0.982295, 321, 113, 448, 176
-0.982316, 1, 209, 64, 272
-0.98232, 133, 153, 164, 216
-0.982327, 449, 49, 480, 176
-0.982354, 373, 249, 404, 312
-0.982398, 81, 73, 144, 136
-0.982446, 241, 169, 272, 232
-0.982449, 433, 273, 496, 336
-0.982451, 1, 81, 128, 208
-0.982485, 265, 273, 328, 336
-0.982605, 209, 265, 336, 328
-0.982606, 165, 225, 196, 288
-0.982645, 241, 1, 272, 128
-0.982662, 257, 17, 288, 80
-0.982741, 397, 49, 428, 112
-0.982748, 13, 193, 44, 256
-0.982758, 257, 73, 384, 136
-0.982786, 421, 113, 452, 176
-0.982791, 145, 97, 176, 224
-0.982821, 337, 1, 400, 128
-0.982848, 189, 209, 220, 272
-0.982851, 269, 65, 300, 192
-0.982858, 433, 81, 464, 144
-0.982874, 161, 225, 192, 352
-0.982875, 77, 161, 108, 224
-0.982922, 433, 201, 464, 264
-0.982926, 217, 161, 248, 288
-0.982954, 453, 121, 484, 184
-0.982965, 273, 105, 304, 168
-0.982979, 273, 1, 304, 128
-0.983033, 317, 153, 348, 216
-0.983056, 281, 57, 312, 120
-0.983086, 17, 241, 80, 368
-0.983103, 333, 65, 364, 192
-0.983104, 305, 81, 336, 144
-0.98312, 409, 73, 440, 136
-0.983151, 213, 233, 244, 296
-0.983186, 101, 241, 132, 304
-0.983216, 193, 161, 224, 224
-0.98324, 201, 1, 264, 256
-0.983278, 113, 137, 240, 200
-0.983396, 25, 185, 56, 248
-0.983422, 249, 233, 280, 296
-0.983508, 133, 225, 164, 288
-0.983562, 297, 257, 360, 320
-0.983601, 33, 137, 64, 200
-0.983605, 289, 77, 352, 108
-0.983652, 469, 121, 500, 184
-0.983729, 237, 249, 268, 312
-0.983782, 129, 57, 192, 120
-0.983782, 293, 97, 324, 224
-0.983802, 369, 73, 496, 136
-0.983806, 193, 265, 224, 328
-0.983815, 193, 145, 320, 208
-0.983829, 461, 209, 492, 272
-0.983839, 189, 241, 220, 368
-0.983881, 361, 249, 392, 312
-0.98391, 177, 265, 208, 328
-0.98401, 337, 73, 368, 136
-0.984055, 397, 273, 428, 336
-0.984067, 217, 257, 248, 320
-0.98409, 309, 65, 340, 192
-0.984146, 413, 145, 444, 208
-0.98418, 201, 1, 264, 64
-0.984186, 117, 209, 148, 272
-0.984187, 217, 177, 248, 240
-0.984195, 405, 225, 436, 288
-0.984196, 209, 81, 336, 208
-0.984239, 137, 193, 168, 256
-0.984265, 297, 145, 360, 176
-0.984345, 353, 185, 416, 216
-0.984387, 113, 73, 144, 136
-0.984404, 237, 241, 268, 368
-0.984424, 329, 265, 392, 328
-0.984496, 281, 233, 312, 296
-0.984523, 457, 1, 488, 64
-0.984541, 437, 241, 468, 304
-0.984579, 397, 89, 428, 152
-0.984621, 105, 225, 136, 352
-0.984624, 137, 137, 200, 200
-0.984641, 201, 137, 264, 200
-0.984655, 65, 161, 96, 224
-0.984664, 9, 145, 40, 208
-0.984716, 217, 81, 280, 208
-0.984725, 361, 1, 424, 375
-0.984745, 293, 65, 324, 128
-0.984797, 225, 281, 256, 344
-0.984819, 49, 113, 176, 176
-0.984825, 201, 233, 232, 296
-0.985019, 33, 49, 288, 176
-0.98508, 169, 185, 232, 216
-0.98514, 25, 145, 88, 176
-0.985192, 73, 1, 136, 256
-0.985206, 333, 1, 364, 128
-0.985216, 233, 49, 296, 112
-0.985223, 305, 181, 368, 212
-0.985242, 369, 145, 432, 176
-0.985245, 377, 213, 440, 244
-0.985307, 49, 141, 112, 172
-0.985345, 369, 97, 496, 160
-0.985412, 89, 141, 152, 172
-0.985527, 145, 185, 208, 216
-0.985541, 401, 209, 432, 336
-0.985589, 241, 213, 304, 244
-0.985606, 257, 265, 384, 328
-0.985656, 17, 233, 144, 296
-0.985781, 33, 33, 160, 160
-0.985879, 297, 165, 360, 196
-0.985936, 273, 89, 336, 120
-0.985938, 225, 229, 288, 260
-0.985967, 257, 165, 320, 196
-0.985983, 161, 137, 224, 200
-0.986049, 397, 1, 428, 128
-0.98614, 313, 77, 376, 108
-0.986172, 345, 197, 408, 228
-0.9862, 161, 165, 224, 196
-0.986204, 225, 177, 288, 208
-0.986212, 273, 181, 336, 212
-0.986269, 17, 33, 80, 288
-0.98627, 313, 1, 376, 375
-0.986301, 225, 1, 256, 128
-0.986372, 337, 169, 400, 200
-0.986375, 377, 181, 440, 212
-0.986455, 337, 1, 400, 64
-0.986595, 281, 229, 344, 260
-0.986598, 469, 1, 500, 128
-0.986625, 337, 1, 400, 375
-0.986625, 9, 157, 72, 188
-0.986633, 65, 201, 128, 232
-0.986651, 393, 201, 456, 232
-0.986733, 281, 217, 344, 248
-0.986758, 1, 193, 256, 256
-0.986784, 361, 225, 392, 352
-0.986837, 89, 1, 152, 375
-0.986838, 49, 105, 112, 168
-0.986841, 129, 161, 192, 192
-0.986853, 257, 153, 320, 184
-0.98686, 417, 161, 480, 224
-0.986878, 153, 33, 216, 288
-0.986881, 401, 237, 464, 268
-0.986948, 185, 173, 248, 204
-0.987, 1, 185, 500, 248
-0.987059, 97, 73, 224, 136
-0.987091, 289, 197, 352, 228
-0.987123, 25, 197, 88, 228
-0.987146, 249, 233, 312, 264
-0.98725, 329, 141, 392, 172
-0.987293, 137, 173, 200, 204
-0.987327, 97, 193, 352, 256
-0.987379, 305, 209, 368, 240
-0.987386, 361, 157, 424, 188
-0.98739, 233, 165, 296, 196
-0.9874, 97, 153, 160, 184
-0.987457, 225, 193, 480, 256
-0.987467, 329, 185, 392, 216
-0.987474, 201, 201, 264, 232
-0.987523, 161, 281, 288, 344
-0.987611, 169, 273, 232, 304
-0.987658, 49, 157, 112, 188
-0.987691, 329, 157, 392, 188
-0.98773, 417, 205, 480, 236
-0.987734, 137, 221, 200, 252
-0.987736, 105, 241, 168, 272
-0.98775, 1, 201, 64, 232
-0.987756, 117, 241, 148, 368
-0.9878, 53, 161, 84, 288
-0.987822, 409, 289, 472, 352
-0.987827, 9, 185, 72, 216
-0.987838, 273, 61, 336, 92
-0.987841, 65, 1, 128, 375
-0.987885, 373, 97, 404, 224
-0.987918, 325, 209, 356, 336
-0.987942, 373, 209, 404, 336
-0.98795, 41, 213, 104, 244
-0.987964, 113, 97, 144, 224
-0.98799, 129, 169, 384, 232
-0.987994, 377, 233, 440, 264
-0.987998, 265, 77, 328, 108
-0.988138, 193, 185, 256, 216
-0.988142, 9, 1, 72, 375
-0.988159, 353, 253, 416, 284
-0.988161, 425, 21, 488, 52
-0.988191, 145, 241, 176, 368
-0.98837, 209, 277, 272, 308
-0.988378, 433, 1, 496, 32
-0.988476, 113, 177, 176, 208
-0.988501, 305, 273, 432, 336
-0.988504, 137, 1, 200, 375
-0.98854, 257, 201, 320, 232
-0.988553, 1, 233, 500, 296
-0.988583, 425, 1, 456, 128
-0.988615, 161, 197, 224, 228
-0.988627, 1, 153, 256, 216
-0.988632, 385, 133, 448, 164
-0.988669, 97, 209, 160, 240
-0.98869, 337, 81, 400, 112
-0.988741, 33, 97, 64, 224
-0.988758, 1, 305, 64, 368
-0.988763, 81, 49, 144, 112
-0.988789, 313, 229, 376, 260
-0.988806, 49, 257, 176, 320
-0.988821, 121, 1, 184, 128
-0.988826, 201, 225, 264, 256
-0.988867, 193, 217, 448, 280
-0.98895, 401, 81, 464, 112
-0.988965, 209, 1, 272, 375
-0.988966, 185, 237, 248, 268
-0.989008, 337, 225, 400, 256
-0.989047, 49, 185, 112, 216
-0.989073, 49, 57, 176, 120
-0.989142, 121, 193, 184, 224
-0.989189, 225, 169, 480, 232
-0.989236, 249, 185, 312, 216
-0.989258, 385, 29, 448, 60
-0.98929, 313, 245, 376, 276
-0.989307, 73, 33, 136, 160
-0.989381, 385, 45, 448, 76
-0.989385, 1, 113, 32, 240
-0.989392, 353, 273, 480, 336
-0.989402, 169, 257, 232, 288
-0.989411, 425, 37, 488, 68
-0.98945, 101, 81, 132, 208
-0.98945, 313, 197, 376, 228
-0.989458, 337, 49, 400, 112
-0.989481, 1, 225, 128, 352
-0.989532, 97, 233, 352, 296
-0.989538, 433, 141, 496, 172
-0.989582, 257, 137, 500, 200
-0.989637, 57, 241, 120, 304
-0.989663, 169, 221, 232, 252
-0.989669, 33, 1, 96, 375
-0.989689, 289, 241, 320, 368
-0.98976, 185, 1, 248, 375
-0.989783, 177, 33, 240, 288
-0.989785, 129, 233, 192, 264
-0.989803, 121, 149, 184, 180
-0.989835, 273, 109, 336, 140
-0.989899, 225, 17, 288, 48
-0.989935, 201, 261, 264, 292
-0.98998, 289, 21, 352, 52
-0.990031, 97, 253, 160, 284
-0.990035, 225, 73, 480, 136
-0.990059, 401, 69, 464, 100
-0.990072, 1, 145, 500, 208
-0.99013, 253, 241, 284, 368
-0.990133, 417, 49, 480, 80
-0.990179, 97, 129, 160, 160
-0.990189, 49, 1, 112, 256
-0.990189, 161, 1, 224, 375
-0.990203, 9, 345, 72, 375
-0.990232, 329, 213, 392, 244
-0.990238, 25, 313, 88, 375
-0.990255, 69, 81, 100, 208
-0.990258, 385, 57, 448, 88
-0.990263, 97, 113, 224, 176
-0.99029, 273, 141, 336, 172
-0.990322, 369, 201, 432, 232
-0.990324, 377, 89, 440, 120
-0.990337, 409, 129, 472, 160
-0.990385, 433, 129, 496, 160
-0.990421, 393, 145, 456, 176
-0.990451, 401, 249, 464, 280
-0.990484, 437, 241, 468, 368
-0.990494, 73, 221, 136, 252
-0.99053, 17, 49, 80, 176
-0.990544, 9, 169, 72, 200
-0.990561, 97, 73, 160, 104
-0.990588, 217, 241, 280, 272
-0.990593, 89, 177, 152, 208
-0.990596, 57, 225, 120, 352
-0.990643, 393, 5, 456, 36
-0.990688, 225, 105, 288, 168
-0.990727, 273, 121, 336, 152
-0.99079, 133, 33, 164, 160
-0.990837, 105, 85, 168, 116
-0.990867, 161, 209, 224, 240
-0.990892, 249, 65, 312, 96
-0.990899, 345, 97, 376, 224
-0.990903, 185, 161, 248, 192
-0.990905, 29, 209, 60, 336
-0.990912, 105, 165, 168, 196
-0.990918, 105, 61, 168, 92
-0.990954, 145, 49, 176, 176
-0.991024, 89, 81, 120, 208
-0.99104, 145, 257, 208, 288
-0.991094, 201, 213, 264, 244
-0.991107, 401, 217, 464, 248
-0.991141, 321, 73, 352, 104
-0.991176, 49, 129, 112, 160
-0.991184, 73, 153, 136, 184
-0.991227, 377, 49, 408, 176
-0.991227, 97, 221, 160, 252
-0.991233, 257, 97, 288, 224
-0.991238, 385, 17, 448, 48
-0.991239, 409, 265, 472, 296
-0.991257, 73, 189, 136, 220
-0.991371, 249, 25, 312, 56
-0.991391, 385, 141, 416, 172
-0.991399, 453, 241, 484, 368
-0.991427, 241, 121, 368, 184
-0.991438, 81, 165, 144, 196
-0.991443, 369, 273, 432, 304
-0.991444, 377, 245, 440, 276
-0.991506, 333, 181, 364, 212
-0.991508, 105, 97, 168, 128
-0.99152, 181, 97, 212, 224
-0.99152, 337, 265, 400, 296
-0.991601, 21, 97, 52, 224
-0.991608, 73, 137, 104, 168
-0.99161, 97, 145, 352, 208
-0.991642, 269, 145, 300, 176
-0.991664, 185, 165, 216, 196
-0.991773, 401, 133, 432, 164
-0.991785, 205, 113, 236, 240
-0.991798, 189, 185, 220, 216
-0.99186, 305, 157, 336, 188
-0.991866, 197, 173, 228, 204
-0.991874, 385, 177, 416, 208
-0.991888, 165, 185, 196, 216
-0.991891, 321, 81, 448, 112
-0.991907, 357, 145, 388, 176
-0.991913, 45, 137, 76, 168
-0.991918, 257, 161, 288, 192
-0.991925, 321, 133, 352, 164
-0.99193, 257, 229, 288, 260
-0.991931, 209, 289, 336, 352
-0.991952, 57, 137, 88, 168
-0.991956, 305, 185, 432, 216
-0.991959, 449, 5, 480, 36
-0.991965, 93, 153, 124, 184
-0.99204, 289, 141, 416, 172
-0.992047, 289, 169, 320, 200
-0.992071, 153, 185, 184, 216
-0.992078, 169, 173, 200, 204
-0.992086, 37, 197, 68, 228
-0.992097, 233, 221, 264, 252
-0.992097, 325, 165, 356, 196
-0.992098, 85, 201, 116, 232
-0.992098, 17, 153, 48, 184
-0.992103, 289, 181, 320, 212
-0.992106, 145, 157, 176, 188
-0.992122, 113, 161, 240, 192
-0.992125, 9, 197, 40, 228
-0.992142, 365, 185, 396, 216
-0.992176, 317, 177, 348, 208
-0.992189, 257, 241, 500, 304
-0.99219, 277, 37, 308, 68
-0.992203, 289, 201, 320, 232
-0.992206, 85, 137, 116, 168
-0.992207, 309, 145, 340, 176
-0.992219, 361, 169, 392, 200
-0.992221, 341, 149, 372, 180
-0.992234, 257, 217, 288, 248
-0.992238, 445, 17, 476, 48
-0.992242, 1, 185, 32, 216
-0.992257, 41, 149, 72, 180
-0.99226, 393, 209, 424, 240
-0.992269, 201, 197, 232, 228
-0.992285, 329, 193, 360, 224
-0.992305, 157, 161, 188, 192
-0.992326, 111, 185, 126, 248
-0.992353, 1, 265, 500, 328
-0.992361, 213, 225, 244, 256
-0.992387, 269, 225, 300, 256
-0.992395, 97, 141, 128, 172
-0.992395, 97, 221, 128, 252
-0.992398, 225, 25, 480, 88
-0.992405, 1, 149, 128, 180
-0.992415, 385, 229, 416, 260
-0.992428, 453, 133, 484, 164
-0.99244, 273, 169, 304, 200
-0.992443, 305, 201, 336, 232
-0.992444, 65, 205, 96, 236
-0.99245, 425, 233, 456, 264
-0.99245, 225, 169, 352, 200
-0.992454, 185, 201, 216, 232
-0.992467, 237, 233, 268, 264
-0.992478, 149, 173, 180, 204
-0.992483, 385, 153, 416, 184
-0.992484, 201, 185, 232, 216
-0.992499, 129, 49, 384, 112
-0.992501, 337, 233, 464, 264
-0.992501, 191, 193, 206, 256
-0.992502, 337, 169, 368, 200
-0.992509, 397, 153, 428, 184
-0.992521, 97, 197, 128, 228
-0.992527, 165, 197, 196, 228
-0.992542, 209, 173, 240, 204
-0.992547, 273, 213, 304, 244
-0.992549, 305, 177, 336, 208
-0.992551, 289, 153, 320, 184
-0.99258, 345, 181, 376, 212
-0.992589, 105, 237, 136, 268
-0.992595, 345, 77, 376, 108
-0.992595, 301, 217, 332, 248
-0.992599, 245, 217, 276, 248
-0.992605, 245, 165, 276, 196
-0.99261, 361, 157, 392, 188
-0.992612, 317, 201, 348, 232
-0.992619, 329, 145, 360, 176
-0.992619, 465, 129, 496, 160
-0.992625, 217, 273, 248, 304
-0.992645, 177, 185, 208, 216
-0.992653, 213, 237, 244, 268
-0.992657, 113, 177, 240, 208
-0.992664, 121, 77, 152, 108
-0.99267, 469, 65, 500, 192
-0.992684, 309, 241, 340, 368
-0.992696, 305, 189, 336, 220
-0.992711, 97, 185, 128, 216
-0.992721, 49, 141, 176, 172
-0.992723, 125, 49, 156, 80
-0.992733, 425, 61, 456, 92
-0.992734, 329, 205, 360, 236
-0.992751, 193, 273, 224, 304
-0.992766, 321, 217, 352, 248
-0.992766, 225, 213, 352, 244
-0.992766, 225, 1, 480, 64
-0.992783, 221, 185, 252, 216
-0.992783, 37, 341, 68, 372
-0.992787, 109, 213, 140, 244
-0.992792, 257, 201, 384, 232
-0.992798, 257, 181, 384, 212
-0.992801, 347, 153, 362, 216
-0.992801, 269, 197, 300, 228
-0.992805, 425, 205, 456, 236
-0.992818, 49, 153, 176, 184
-0.992819, 153, 217, 184, 248
-0.992824, 269, 241, 300, 368
-0.992827, 137, 181, 168, 212
-0.99283, 401, 173, 432, 204
-0.992832, 429, 245, 460, 276
-0.992835, 301, 25, 332, 56
-0.992838, 49, 161, 80, 192
-0.99285, 129, 157, 160, 188
-0.992857, 269, 185, 300, 216
-0.992869, 289, 169, 416, 200
-0.992871, 29, 141, 60, 172
-0.992892, 125, 133, 156, 164
-0.992896, 13, 185, 44, 216
-0.992904, 181, 185, 196, 248
-0.992912, 105, 249, 136, 280
-0.992913, 317, 189, 348, 220
-0.992913, 241, 177, 272, 208
-0.99292, 273, 133, 304, 164
-0.992922, 277, 49, 308, 80
-0.992923, 213, 201, 244, 232
-0.992929, 61, 157, 92, 188
-0.992934, 113, 161, 144, 192
-0.992936, 225, 233, 256, 264
-0.992944, 253, 177, 284, 208
-0.992945, 399, 193, 414, 256
-0.992948, 301, 77, 332, 108
-0.992952, 321, 157, 448, 188
-0.992952, 401, 189, 432, 220
-0.992958, 241, 229, 368, 260
-0.992964, 437, 33, 468, 64
-0.992965, 349, 197, 380, 228
-0.992965, 193, 261, 224, 292
-0.992987, 145, 33, 208, 160
-0.992988, 65, 121, 320, 184
-0.992992, 405, 205, 436, 236
-0.992995, 289, 141, 320, 172
-0.992996, 133, 73, 164, 104
-0.992998, 341, 217, 372, 248
-0.993025, 53, 201, 84, 232
-0.993026, 389, 189, 420, 220
-0.993032, 339, 137, 354, 200
-0.993035, 117, 237, 148, 268
-0.993035, 441, 257, 472, 288
-0.993038, 225, 49, 480, 112
-0.993059, 113, 193, 240, 224
-0.993106, 145, 233, 272, 264
-0.993108, 321, 201, 448, 232
-0.993202, 329, 105, 344, 168
-0.99323, 61, 129, 76, 192
-0.99323, 1, 197, 128, 228
-0.993233, 233, 113, 264, 240
-0.993235, 177, 173, 304, 204
-0.993245, 225, 273, 480, 336
-0.993253, 369, 9, 496, 40
-0.993254, 159, 153, 174, 216
-0.993301, 111, 209, 126, 272
-0.993301, 409, 1, 440, 128
-0.993302, 1, 121, 500, 184
-0.993315, 111, 161, 126, 224
-0.993388, 113, 233, 128, 296
-0.993401, 389, 241, 420, 368
-0.993418, 241, 145, 368, 176
-0.993423, 121, 153, 136, 216
-0.993524, 329, 73, 344, 136
-0.993529, 271, 137, 286, 200
-0.993534, 221, 113, 252, 240
-0.993549, 465, 241, 496, 368
-0.993578, 273, 97, 400, 160
-0.99358, 129, 49, 256, 112
-0.993603, 105, 201, 120, 264
-0.993605, 171, 177, 186, 240
-0.993623, 437, 201, 452, 264
-0.993626, 139, 145, 154, 208
-0.993642, 97, 225, 224, 256
-0.993668, 17, 209, 144, 240
-0.993702, 139, 65, 154, 128
-0.993719, 121, 225, 136, 288
-0.993724, 369, 205, 496, 236
-0.993732, 379, 153, 394, 216
-0.993735, 389, 137, 404, 200
-0.993739, 323, 73, 338, 136
-0.993743, 67, 137, 82, 200
-0.993747, 371, 145, 386, 208
-0.993798, 369, 21, 496, 52
-0.993798, 65, 273, 320, 336
-0.993803, 193, 49, 320, 112
-0.993836, 409, 153, 424, 216
-0.993836, 149, 153, 164, 216
-0.993838, 161, 161, 288, 192
-0.993853, 399, 129, 414, 192
-0.993862, 129, 273, 256, 304
-0.99387, 165, 161, 180, 224
-0.993905, 313, 137, 328, 200
-0.993916, 105, 145, 120, 208
-0.99392, 81, 241, 208, 272
-0.993925, 337, 177, 352, 240
-0.993948, 1, 217, 256, 280
-0.993949, 85, 137, 100, 200
-0.993978, 241, 157, 368, 188
-0.994019, 1, 209, 500, 272
-0.994052, 129, 9, 384, 72
-0.994057, 99, 177, 114, 240
-0.994091, 285, 33, 300, 96
-0.994096, 369, 37, 496, 68
-0.994106, 191, 241, 206, 304
-0.994114, 393, 169, 408, 232
-0.994119, 291, 201, 306, 264
-0.994119, 425, 193, 440, 256
-0.994122, 77, 129, 92, 192
-0.994131, 193, 185, 320, 216
-0.994136, 353, 153, 368, 216
-0.994139, 353, 245, 480, 276
-0.994147, 145, 221, 272, 252
-0.99417, 291, 161, 306, 224
-0.994172, 65, 165, 192, 196
-0.994187, 129, 137, 144, 200
-0.994203, 369, 133, 496, 164
-0.994222, 53, 137, 68, 200
-0.994222, 97, 253, 224, 284
-0.994241, 87, 193, 102, 256
-0.994245, 95, 137, 110, 200
-0.994246, 361, 137, 376, 200
-0.994253, 341, 201, 356, 264
-0.994255, 285, 185, 300, 248
-0.994255, 275, 193, 290, 256
-0.994276, 213, 177, 228, 240
-0.994294, 281, 121, 296, 184
-0.994302, 431, 49, 446, 112
-0.994311, 285, 161, 300, 224
-0.994326, 273, 217, 400, 248
-0.994357, 229, 217, 244, 280
-0.994357, 129, 1, 256, 64
-0.994407, 445, 1, 460, 64
-0.994409, 171, 201, 186, 264
-0.994423, 317, 177, 332, 240
-0.994436, 165, 193, 180, 256
-0.994449, 369, 177, 496, 208
-0.99448, 449, 209, 464, 272
-0.994484, 299, 161, 314, 224
-0.99449, 425, 241, 456, 368
-0.994495, 13, 161, 28, 224
-0.994496, 23, 145, 38, 208
-0.99451, 301, 25, 316, 88
-0.994512, 317, 209, 332, 272
-0.994516, 321, 137, 336, 200
-0.994517, 359, 161, 374, 224
-0.994524, 307, 145, 322, 208
-0.994537, 349, 209, 364, 272
-0.994537, 223, 177, 238, 240
-0.994539, 279, 33, 294, 96
-0.994543, 65, 193, 192, 224
-0.994549, 399, 217, 414, 280
-0.99455, 75, 185, 90, 248
-0.994552, 369, 49, 496, 80
-0.994565, 197, 185, 212, 248
-0.994569, 289, 17, 416, 48
-0.99459, 251, 209, 266, 272
-0.994601, 203, 161, 218, 224
-0.994602, 295, 57, 310, 120
-0.994607, 401, 153, 416, 216
-0.994616, 137, 41, 152, 104
-0.994618, 59, 153, 74, 216
-0.994646, 49, 81, 176, 144
-0.994648, 181, 233, 196, 296
-0.994649, 437, 25, 452, 88
-0.994656, 483, 137, 498, 200
-0.99466, 203, 185, 218, 248
-0.994674, 193, 233, 320, 264
-0.994677, 127, 49, 142, 112
-0.9947, 269, 217, 284, 280
-0.994719, 193, 269, 320, 300
-0.994744, 309, 177, 324, 240
-0.994748, 393, 193, 408, 256
-0.99476, 353, 69, 480, 100
-0.994774, 321, 221, 448, 252
-0.994781, 121, 185, 136, 248
-0.994782, 357, 185, 372, 248
-0.994797, 327, 169, 342, 232
-0.99484, 1, 73, 500, 136
-0.994841, 1, 161, 128, 192
-0.994853, 183, 161, 198, 224
-0.994877, 369, 157, 496, 188
-0.994883, 1, 185, 128, 216
-0.994885, 421, 73, 436, 136
-0.994892, 329, 209, 344, 272
-0.994894, 81, 193, 96, 256
-0.994903, 193, 161, 208, 224
-0.994904, 371, 241, 386, 304
-0.994909, 323, 209, 338, 272
-0.994909, 387, 177, 402, 240
-0.994926, 405, 129, 420, 192
-0.994927, 417, 169, 432, 232
-0.994931, 305, 69, 432, 100
-0.994933, 283, 89, 298, 152
-0.994934, 115, 137, 130, 200
-0.994954, 177, 153, 192, 216
-0.99496, 419, 129, 434, 192
-0.994973, 159, 201, 174, 264
-0.994974, 105, 177, 120, 240
-0.994986, 345, 177, 360, 240
-0.994987, 3, 185, 18, 248
-0.99499, 335, 73, 350, 136
-0.994997, 241, 245, 368, 276
-0.995023, 369, 189, 496, 220
-0.995035, 223, 201, 238, 264
-0.995038, 141, 121, 156, 184
-0.995076, 243, 169, 258, 232
-0.995078, 99, 201, 114, 264
-0.995079, 407, 257, 422, 320
-0.995088, 341, 89, 356, 152
-0.995089, 113, 1, 240, 128
-0.995094, 65, 181, 192, 212
-0.995095, 351, 177, 366, 240
-0.995098, 285, 217, 300, 280
-0.9951, 299, 201, 314, 264
-0.995103, 439, 225, 454, 288
-0.995116, 1, 1, 500, 64
-0.995123, 329, 129, 344, 192
-0.995166, 233, 177, 248, 240
-0.995168, 321, 5, 448, 36
-0.995173, 283, 57, 298, 120
-0.995181, 161, 121, 288, 184
-0.995192, 65, 209, 192, 240
-0.995208, 147, 185, 162, 248
-0.995209, 269, 17, 284, 80
-0.995223, 33, 153, 48, 216
-0.995231, 91, 161, 106, 224
-0.995232, 185, 209, 200, 272
-0.995238, 137, 89, 152, 152
-0.99526, 369, 297, 496, 360
-0.995273, 1, 249, 256, 312
-0.995275, 145, 205, 272, 236
-0.99529, 129, 73, 384, 136
-0.995311, 337, 145, 464, 176
-0.9954, 161, 245, 288, 276
-0.995457, 1, 173, 128, 204
-0.995482, 49, 33, 176, 96
-0.995649, 209, 257, 336, 288
-0.995677, 305, 245, 432, 276
-0.99569, 257, 77, 384, 108
-0.995756, 177, 1, 240, 128
-0.995813, 209, 281, 336, 312
-0.995845, 257, 97, 500, 160
-0.995854, 369, 257, 496, 288
-0.995888, 145, 257, 272, 288
-0.995969, 193, 197, 320, 228
-0.996054, 121, 33, 152, 288
-0.996076, 133, 97, 164, 352
-0.99611, 81, 265, 208, 296
-0.996158, 293, 1, 324, 256
-0.996161, 321, 257, 448, 288
-0.996181, 17, 237, 144, 268
-0.996207, 273, 273, 400, 304
-0.996211, 265, 1, 296, 256
-0.996213, 153, 129, 184, 375
-0.996227, 429, 1, 460, 256
-0.996293, 337, 129, 368, 375
-0.996343, 177, 17, 304, 48
-0.996354, 241, 25, 368, 56
-0.996369, 241, 5, 368, 36
-0.99637, 409, 33, 440, 288
-0.996395, 17, 221, 144, 252
-0.996429, 321, 129, 448, 160
-0.996465, 425, 97, 456, 352
-0.996526, 269, 97, 300, 352
-0.996526, 169, 81, 232, 208
-0.996548, 281, 1, 312, 256
-0.996571, 1, 137, 128, 168
-0.996631, 445, 33, 476, 288
-0.996649, 349, 129, 380, 375
-0.996665, 257, 129, 288, 375
-0.996669, 369, 81, 496, 112
-0.996701, 245, 129, 276, 375
-0.996739, 253, 1, 284, 256
-0.996741, 173, 129, 204, 375
-0.996762, 97, 149, 224, 180
-0.996768, 1, 97, 500, 160
-0.996791, 457, 97, 488, 352
-0.996793, 397, 97, 428, 352
-0.996793, 289, 33, 416, 64
-0.996799, 325, 97, 356, 352
-0.996826, 365, 129, 396, 375
-0.996827, 391, 181, 406, 212
-0.996846, 437, 129, 468, 375
-0.996886, 317, 1, 348, 256
-0.996894, 289, 45, 416, 76
-0.996905, 117, 129, 148, 375
-0.996927, 457, 1, 488, 256
-0.996944, 233, 129, 264, 375
-0.996959, 97, 77, 224, 108
-0.996967, 241, 1, 272, 256
-0.996991, 59, 137, 74, 168
-0.996996, 133, 1, 164, 256
-0.996996, 241, 65, 368, 96
-0.996997, 193, 185, 208, 216
-0.996998, 1, 257, 128, 320
-0.997004, 185, 165, 200, 196
-0.997029, 99, 137, 114, 168
-0.997045, 53, 97, 84, 352
-0.99705, 3, 185, 18, 216
-0.99708, 249, 217, 264, 248
-0.997083, 157, 181, 172, 212
-0.997083, 385, 129, 416, 375
-0.997089, 195, 165, 210, 196
-0.997093, 203, 173, 218, 204
-0.997095, 57, 149, 72, 180
-0.997113, 257, 225, 272, 256
-0.997119, 439, 233, 454, 264
-0.99712, 73, 97, 104, 352
-0.997124, 305, 129, 336, 375
-0.997125, 17, 341, 144, 372
-0.997129, 339, 137, 354, 168
-0.997138, 305, 1, 336, 256
-0.997138, 213, 173, 228, 204
-0.99714, 281, 97, 312, 352
-0.997142, 101, 97, 132, 352
-0.997153, 345, 181, 360, 212
-0.997193, 315, 141, 330, 172
-0.997198, 201, 129, 232, 375
-0.997201, 321, 269, 448, 300
-0.997204, 229, 1, 260, 256
-0.997214, 173, 165, 188, 196
-0.997215, 329, 1, 360, 256
-0.997216, 105, 141, 120, 172
-0.997217, 319, 201, 334, 232
-0.997223, 179, 165, 194, 196
-0.997225, 321, 93, 448, 124
-0.997227, 85, 97, 116, 352
-0.997228, 161, 161, 176, 192
-0.997246, 161, 149, 288, 180
-0.99725, 111, 185, 126, 216
-0.997253, 369, 277, 496, 308
-0.997255, 469, 97, 500, 352
-0.997256, 211, 193, 226, 224
-0.997265, 271, 145, 286, 176
-0.997268, 91, 141, 106, 172
-0.997269, 75, 137, 90, 168
-0.997271, 321, 281, 448, 312
-0.997273, 123, 229, 138, 260
-0.99728, 167, 185, 182, 216
-0.997284, 199, 185, 214, 216
-0.997296, 41, 17, 104, 144
-0.997301, 399, 205, 414, 236
-0.997314, 369, 121, 496, 152
-0.997323, 289, 233, 416, 264
-0.997332, 391, 141, 406, 172
-0.997336, 351, 181, 366, 212
-0.997338, 51, 145, 66, 176
-0.997347, 129, 97, 384, 160
-0.997353, 137, 141, 152, 172
-0.997365, 99, 149, 114, 180
-0.997371, 475, 129, 490, 160
-0.997374, 49, 65, 176, 96
-0.997374, 17, 257, 144, 288
-0.997382, 19, 153, 34, 184
-0.997383, 257, 89, 384, 120
-0.997395, 113, 213, 128, 244
-0.997397, 67, 141, 82, 172
-0.997411, 137, 65, 152, 96
-0.997412, 229, 229, 244, 260
-0.997429, 141, 225, 156, 256
-0.99743, 373, 157, 388, 188
-0.997436, 137, 53, 152, 84
-0.99744, 205, 185, 220, 216
-0.997444, 51, 337, 66, 368
-0.997446, 143, 65, 158, 96
-0.997446, 45, 141, 60, 172
-0.997447, 165, 221, 180, 252
-0.997456, 313, 189, 328, 220
-0.997458, 321, 57, 448, 88
-0.997461, 347, 157, 362, 188
-0.997463, 291, 181, 306, 212
-0.997465, 209, 37, 336, 68
-0.997468, 221, 129, 252, 375
-0.997469, 315, 217, 330, 248
-0.99747, 285, 225, 300, 256
-0.99748, 279, 37, 294, 68
-0.99748, 285, 169, 300, 200
-0.99748, 113, 165, 128, 196
-0.997485, 291, 169, 306, 200
-0.997487, 259, 213, 274, 244
-0.997488, 455, 129, 470, 160
-0.99749, 269, 217, 284, 248
-0.997493, 411, 153, 426, 184
-0.997494, 251, 233, 266, 264
-0.997499, 81, 129, 208, 160
-0.997503, 399, 225, 414, 256
-0.997504, 355, 201, 370, 232
-0.997506, 329, 101, 344, 132
-0.997508, 277, 173, 292, 204
-0.997513, 153, 157, 168, 188
-0.997513, 291, 201, 306, 232
-0.997517, 201, 161, 216, 192
-0.997517, 319, 181, 334, 212
-0.997519, 61, 161, 76, 192
-0.997522, 327, 177, 342, 208
-0.997523, 393, 205, 408, 236
-0.997535, 175, 185, 190, 216
-0.997538, 349, 217, 364, 248
-0.997539, 261, 161, 276, 192
-0.997558, 147, 173, 162, 204
-0.99756, 195, 205, 210, 236
-0.997562, 221, 185, 236, 216
-0.997564, 183, 185, 198, 216
-0.997567, 359, 189, 374, 220
-0.997571, 297, 169, 312, 200
-0.997578, 109, 241, 124, 272
-0.997588, 385, 181, 400, 212
-0.997594, 325, 77, 340, 108
-0.9976, 83, 137, 98, 168
-0.9976, 263, 229, 278, 260
-0.9976, 399, 137, 414, 168
-0.997604, 147, 157, 162, 188
-0.997607, 203, 197, 218, 228
-0.997609, 149, 33, 180, 288
-0.997619, 353, 157, 368, 188
-0.997622, 219, 273, 234, 304
-0.997629, 243, 217, 258, 248
-0.99764, 5, 129, 36, 375
-0.997643, 33, 269, 160, 300
-0.997645, 293, 129, 324, 375
-0.997647, 309, 149, 324, 180
-0.997652, 285, 181, 300, 212
-0.997657, 397, 181, 412, 212
-0.997659, 187, 197, 202, 228
-0.99766, 135, 229, 150, 260
-0.99766, 339, 189, 354, 220
-0.997661, 343, 221, 358, 252
-0.997663, 153, 169, 168, 200
-0.997666, 193, 293, 320, 324
-0.997669, 447, 9, 462, 40
-0.997672, 163, 173, 178, 204
-0.997672, 117, 229, 132, 260
-0.997672, 323, 137, 338, 168
-0.997675, 107, 153, 122, 184
-0.99768, 139, 77, 154, 108
-0.997681, 281, 133, 296, 164
-0.997681, 405, 141, 420, 172
-0.997683, 345, 193, 360, 224
-0.997685, 303, 169, 318, 200
-0.997686, 25, 145, 40, 176
-0.997686, 139, 169, 154, 200
-0.997688, 155, 221, 170, 252
-0.997689, 377, 177, 392, 208
-0.997694, 341, 33, 372, 288
-0.997699, 89, 201, 104, 232
-0.997699, 273, 261, 400, 292
-0.997703, 307, 201, 322, 232
-0.997705, 363, 141, 378, 172
-0.997705, 417, 149, 432, 180
-0.99771, 167, 161, 182, 192
-0.997716, 449, 249, 464, 280
-0.997716, 283, 153, 298, 184
-0.997717, 289, 41, 304, 72
-0.99772, 329, 121, 344, 152
-0.99772, 389, 1, 420, 256
-0.997721, 455, 253, 470, 284
-0.997721, 409, 129, 440, 375
-0.997721, 55, 201, 70, 232
-0.997723, 285, 197, 300, 228
-0.997724, 373, 249, 388, 280
-0.997727, 79, 129, 94, 256
-0.997737, 103, 129, 118, 256
-0.99776, 113, 129, 128, 256
-0.997772, 189, 129, 220, 375
-0.99783, 339, 129, 354, 256
-0.997839, 311, 129, 326, 256
-0.997843, 37, 97, 68, 352
-0.997862, 319, 129, 334, 256
-0.997889, 189, 161, 204, 288
-0.997894, 161, 5, 288, 36
-0.997896, 113, 177, 128, 304
-0.997899, 17, 129, 48, 375
-0.997899, 181, 145, 196, 272
-0.99791, 389, 129, 404, 256
-0.997934, 81, 277, 208, 308
-0.997945, 377, 33, 408, 288
-0.997992, 241, 133, 368, 164
-0.998002, 443, 1, 458, 128
-0.998017, 469, 1, 500, 256
-0.998047, 1, 25, 500, 88
-0.99805, 49, 77, 176, 108
-0.998095, 191, 209, 206, 336
-0.998109, 329, 81, 344, 208
-0.998111, 59, 113, 74, 240
-0.99812, 129, 65, 256, 96
-0.998162, 369, 93, 496, 124
-0.998175, 325, 129, 340, 256
-0.998186, 351, 145, 366, 272
-0.998201, 149, 145, 164, 272
-0.998227, 1, 113, 128, 176
-0.998235, 353, 33, 384, 288
-0.998248, 89, 129, 104, 256
-0.99826, 101, 1, 132, 256
-0.998261, 173, 145, 188, 272
-0.998264, 361, 129, 376, 256
-0.998269, 195, 145, 210, 272
-0.998274, 449, 193, 464, 320
-0.998285, 69, 129, 84, 256
-0.998298, 481, 129, 496, 256
-0.99832, 401, 65, 416, 192
-0.998322, 181, 209, 196, 336
-0.998331, 395, 129, 410, 256
-0.99834, 367, 177, 382, 304
-0.998341, 259, 145, 274, 272
-0.998343, 177, 177, 240, 192
-0.998351, 57, 147, 120, 162
-0.998359, 409, 65, 424, 192
-0.99836, 409, 145, 424, 272
-0.998361, 289, 187, 352, 202
-0.998364, 103, 177, 118, 304
-0.998366, 209, 53, 336, 84
-0.99837, 203, 145, 218, 272
-0.998372, 297, 153, 360, 168
-0.998373, 161, 167, 224, 182
-0.998373, 23, 129, 38, 256
-0.998373, 377, 183, 440, 198
-0.998377, 305, 145, 320, 272
-0.998378, 415, 65, 430, 192
-0.998378, 157, 145, 172, 272
-0.99838, 137, 49, 152, 176
-0.998386, 337, 189, 400, 204
-0.998387, 9, 159, 72, 174
-0.998387, 329, 181, 392, 196
-0.99839, 289, 89, 352, 104
-0.99839, 471, 113, 486, 240
-0.998392, 297, 201, 360, 216
-0.998397, 141, 129, 156, 256
-0.998398, 119, 145, 134, 272
-0.9984, 273, 129, 288, 256
-0.998404, 297, 181, 360, 196
-0.998404, 225, 227, 288, 242
-0.998405, 273, 95, 336, 110
-0.998406, 281, 213, 344, 228
-0.998407, 297, 147, 360, 162
-0.998407, 377, 147, 440, 162
-0.998412, 33, 207, 96, 222
-0.998413, 257, 159, 320, 174
-0.998416, 129, 197, 192, 212
-0.998416, 177, 195, 240, 210
-0.998416, 313, 79, 376, 94
-0.998416, 305, 217, 368, 232
-0.998421, 105, 243, 168, 258
-0.998423, 49, 153, 112, 168
-0.998425, 353, 153, 416, 168
-0.998425, 171, 193, 186, 320
-0.998426, 265, 179, 328, 194
-0.998426, 433, 1, 496, 16
-0.998426, 225, 179, 288, 194
-0.998427, 327, 1, 342, 128
-0.998428, 17, 151, 80, 166
-0.998429, 169, 185, 232, 200
-0.99843, 353, 183, 416, 198
-0.99843, 385, 205, 448, 220
-0.998431, 241, 171, 304, 186
-0.998432, 113, 159, 176, 174
-0.998432, 353, 147, 416, 162
-0.998432, 145, 189, 208, 204
-0.998433, 201, 173, 264, 188
-0.998435, 81, 153, 144, 168
-0.998436, 289, 81, 352, 96
-0.998436, 105, 153, 168, 168
-0.998437, 377, 153, 440, 168
-0.998441, 265, 87, 328, 102
-0.998441, 345, 199, 408, 214
-0.998443, 297, 167, 360, 182
-0.998446, 249, 231, 312, 246
-0.998446, 313, 189, 376, 204
-0.998448, 73, 201, 136, 216
-0.998448, 97, 249, 160, 264
-0.998449, 297, 195, 360, 210
-0.998449, 49, 139, 112, 154
-0.998449, 283, 81, 298, 208
-0.998451, 345, 205, 408, 220
-0.998451, 369, 105, 496, 136
-0.998452, 421, 65, 436, 192
-0.998453, 121, 167, 184, 182
-0.998453, 305, 211, 368, 226
-0.998453, 297, 161, 360, 176
-0.998454, 81, 159, 144, 174
-0.998455, 137, 177, 200, 192
-0.998455, 329, 173, 392, 188
-0.998455, 1, 207, 64, 222
-0.998456, 361, 189, 424, 204
-0.998457, 257, 165, 320, 180
-0.998457, 273, 149, 336, 164
-0.998458, 385, 45, 448, 60
-0.998459, 401, 237, 464, 252
-0.99846, 225, 235, 288, 250
-0.998461, 273, 193, 336, 208
-0.998462, 401, 247, 464, 262
-0.998462, 265, 145, 280, 272
-0.998462, 49, 161, 112, 176
-0.998462, 379, 145, 394, 272
-0.998463, 329, 149, 392, 164
-0.998463, 425, 17, 488, 32
-0.998463, 335, 65, 350, 192
-0.998464, 241, 215, 304, 230
-0.998465, 385, 197, 448, 212
-0.998465, 153, 197, 216, 212
-0.998465, 249, 199, 312, 214
-0.998465, 9, 199, 72, 214
-0.998466, 169, 277, 232, 292
-0.998467, 145, 221, 208, 236
-0.99847, 89, 145, 152, 160
-0.99847, 9, 165, 72, 180
-0.998471, 417, 49, 480, 64
-0.998471, 281, 219, 344, 234
-0.998472, 329, 157, 392, 172
-0.998473, 73, 193, 136, 208
-0.998474, 337, 85, 400, 100
-0.998474, 49, 213, 112, 228
-0.998474, 265, 173, 328, 188
-0.998475, 265, 187, 328, 202
-0.998476, 273, 199, 336, 214
-0.998477, 49, 53, 176, 84
-0.998477, 433, 7, 496, 22
-0.998477, 201, 225, 264, 240
-0.998477, 329, 215, 392, 230
-0.998478, 369, 171, 432, 186
-0.998478, 273, 75, 336, 90
-0.998479, 361, 159, 424, 174
-0.998479, 193, 185, 256, 200
-0.99848, 393, 189, 456, 204
-0.998481, 425, 23, 488, 38
-0.998482, 209, 77, 336, 108
-0.998482, 9, 183, 72, 198
-0.998482, 401, 71, 464, 86
-0.998483, 73, 207, 136, 222
-0.998483, 89, 169, 152, 184
-0.998483, 105, 199, 168, 214
-0.998483, 385, 141, 448, 156
-0.998484, 227, 209, 242, 336
-0.998486, 105, 183, 168, 198
-0.998486, 265, 237, 328, 252
-0.998486, 385, 33, 448, 48
-0.998486, 273, 229, 336, 244
-0.998487, 367, 129, 382, 256
-0.998487, 225, 221, 288, 236
-0.998487, 129, 241, 192, 256
-0.998487, 49, 193, 112, 208
-0.998488, 145, 183, 208, 198
-0.99849, 17, 145, 80, 160
-0.99849, 369, 247, 432, 262
-0.99849, 97, 255, 160, 270
-0.998492, 329, 143, 392, 158
-0.998493, 49, 199, 112, 214
-0.998493, 425, 213, 488, 228
-0.998493, 185, 201, 248, 216
-0.998494, 97, 189, 160, 204
-0.998494, 393, 83, 456, 98
-0.998495, 329, 167, 392, 182
-0.998495, 297, 141, 360, 156
-0.998496, 281, 207, 344, 222
-0.998497, 265, 81, 328, 96
-0.998497, 377, 219, 440, 234
-0.998497, 425, 37, 488, 52
-0.998498, 345, 145, 360, 272
-0.998499, 369, 165, 432, 180
-0.998499, 145, 227, 208, 242
-0.9985, 425, 29, 488, 44
-0.998501, 169, 223, 232, 238
-0.998502, 271, 17, 286, 144
-0.998508, 97, 129, 112, 256
-0.998514, 365, 33, 396, 288
-0.99852, 433, 193, 448, 320
-0.99852, 33, 1, 288, 64
-0.998524, 359, 177, 374, 304
-0.998533, 439, 129, 454, 256
-0.998534, 221, 225, 236, 352
-0.99854, 479, 193, 494, 320
-0.998551, 215, 209, 230, 336
-0.998552, 217, 1, 248, 256
-0.998554, 317, 177, 332, 304
-0.998556, 283, 33, 298, 160
-0.998565, 123, 209, 138, 336
-0.998569, 285, 145, 300, 272
-0.998574, 467, 193, 482, 320
-0.998584, 275, 193, 290, 320
-0.998588, 249, 193, 264, 320
-0.998591, 449, 1, 480, 16
-0.998593, 345, 145, 376, 160
-0.998598, 145, 285, 272, 316
-0.998603, 61, 205, 92, 220
-0.998606, 333, 1, 348, 128
-0.99861, 237, 161, 252, 288
-0.99861, 97, 161, 128, 176
-0.998612, 317, 145, 348, 160
-0.998615, 273, 195, 304, 210
-0.998617, 141, 193, 172, 208
-0.998618, 185, 189, 216, 204
-0.998625, 457, 113, 472, 240
-0.998632, 245, 227, 276, 242
-0.998633, 105, 253, 136, 268
-0.998634, 199, 193, 214, 320
-0.99864, 45, 145, 60, 272
-0.99864, 57, 163, 88, 178
-0.998642, 153, 165, 184, 180
-0.998645, 341, 219, 372, 234
-0.998646, 249, 145, 264, 272
-0.998648, 385, 191, 416, 206
-0.998649, 269, 141, 300, 156
-0.998652, 459, 193, 474, 320
-0.99866, 417, 129, 432, 256
-0.998662, 373, 145, 388, 272
-0.998663, 167, 145, 182, 272
-0.998665, 223, 161, 238, 288
-0.99867, 215, 161, 230, 288
-0.998674, 269, 155, 300, 170
-0.998679, 117, 245, 148, 260
-0.998679, 31, 145, 46, 272
-0.998681, 325, 181, 356, 196
-0.998689, 341, 77, 372, 92
-0.998689, 145, 183, 176, 198
-0.99869, 97, 195, 128, 210
-0.998691, 427, 49, 442, 176
-0.998692, 389, 231, 420, 246
-0.998693, 361, 167, 392, 182
-0.998693, 447, 65, 462, 192
-0.998695, 323, 177, 338, 304
-0.998705, 257, 161, 288, 176
-0.998706, 305, 167, 336, 182
-0.998713, 13, 183, 44, 198
-0.998714, 53, 1, 84, 256
-0.998715, 321, 193, 352, 208
-0.998719, 349, 193, 364, 320
-0.998719, 261, 193, 276, 320
-0.998722, 143, 81, 158, 208
-0.998722, 333, 161, 348, 288
-0.998731, 429, 63, 460, 78
-0.998731, 17, 33, 48, 288
-0.998737, 213, 225, 244, 240
-0.998742, 13, 199, 44, 214
-0.998747, 257, 167, 288, 182
-0.998747, 257, 173, 288, 188
-0.998748, 325, 161, 356, 176
-0.998753, 317, 187, 348, 202
-0.998755, 243, 161, 258, 288
-0.998755, 429, 97, 444, 224
-0.998758, 473, 193, 488, 320
-0.998764, 423, 193, 438, 320
-0.998766, 401, 113, 416, 240
-0.998775, 485, 193, 500, 320
-0.998776, 289, 171, 320, 186
-0.998778, 297, 17, 312, 144
-0.998788, 11, 145, 26, 272
-0.998788, 45, 151, 76, 166
-0.998798, 53, 157, 84, 172
-0.998807, 385, 177, 400, 304
-0.998808, 325, 175, 356, 190
-0.998818, 245, 217, 276, 232
-0.998819, 267, 193, 282, 320
-0.998822, 425, 235, 456, 250
-0.998824, 289, 157, 320, 172
-0.998825, 207, 209, 222, 336
-0.998829, 277, 57, 308, 72
-0.998832, 437, 17, 452, 144
-0.998833, 181, 33, 212, 288
-0.998835, 317, 81, 332, 208
-0.998836, 231, 161, 246, 288
-0.998837, 345, 189, 376, 204
-0.998841, 341, 81, 356, 208
-0.998846, 29, 147, 60, 162
-0.998855, 427, 145, 442, 272
-0.99886, 77, 1, 108, 256
-0.998872, 173, 189, 204, 204
-0.998872, 1, 193, 32, 208
-0.998877, 109, 155, 140, 170
-0.998878, 289, 193, 304, 320
-0.998881, 217, 175, 248, 190
-0.998881, 165, 193, 180, 320
-0.998884, 53, 145, 84, 160
-0.998889, 301, 197, 332, 212
-0.998898, 33, 163, 64, 178
-0.9989, 321, 117, 448, 148
-0.998902, 341, 193, 356, 320
-0.998905, 5, 33, 36, 288
-0.998909, 321, 1, 336, 128
-0.99891, 65, 1, 96, 256
-0.998917, 279, 145, 294, 272
-0.998918, 293, 97, 308, 224
-0.99892, 3, 177, 18, 304
-0.99893, 117, 225, 132, 352
-0.998933, 445, 21, 476, 36
-0.998937, 439, 177, 454, 304
-0.998938, 291, 145, 306, 272
-0.998945, 17, 145, 32, 272
-0.998951, 369, 217, 496, 248
-0.998951, 299, 193, 314, 320
-0.998957, 361, 189, 392, 204
-0.998974, 401, 151, 432, 166
-0.998975, 321, 105, 448, 136
-0.998975, 205, 33, 236, 288
-0.998975, 401, 177, 416, 304
-0.998976, 401, 159, 432, 174
-0.998978, 177, 197, 208, 212
-0.998978, 289, 181, 320, 196
-0.998982, 81, 203, 112, 218
-0.998982, 41, 1, 72, 256
-0.998986, 209, 161, 224, 288
-0.998992, 13, 161, 44, 176
-0.998998, 323, 81, 338, 208
-0.999006, 39, 145, 54, 272
-0.999013, 161, 33, 192, 288
-0.999015, 241, 293, 368, 324
-0.999019, 113, 189, 144, 204
-0.999019, 385, 147, 416, 162
-0.999022, 201, 203, 232, 218
-0.999022, 157, 209, 172, 336
-0.999022, 373, 225, 388, 352
-0.999028, 289, 211, 320, 226
-0.99903, 379, 225, 394, 352
-0.999032, 277, 17, 292, 144
-0.999033, 113, 237, 144, 252
-0.999037, 357, 149, 388, 164
-0.999038, 317, 199, 348, 214
-0.999038, 255, 193, 270, 320
-0.999042, 393, 213, 424, 228
-0.999046, 151, 209, 166, 336
-0.999046, 131, 193, 146, 320
-0.999047, 445, 129, 460, 256
-0.999049, 395, 65, 410, 192
-0.99905, 101, 147, 132, 162
-0.999064, 289, 187, 320, 202
-0.999066, 131, 97, 146, 224
-0.99907, 345, 1, 360, 128
-0.999071, 301, 181, 332, 196
-0.999086, 277, 39, 308, 54
-0.999092, 461, 1, 492, 16
-0.999097, 193, 33, 224, 288
-0.99911, 189, 177, 220, 192
-0.999119, 333, 209, 364, 224
-0.999126, 197, 195, 228, 210
-0.999134, 101, 189, 132, 204
-0.999143, 305, 187, 336, 202
-0.999146, 321, 221, 352, 236
-0.999157, 333, 201, 364, 216
-0.999157, 333, 153, 364, 168
-0.999181, 273, 179, 304, 194
-0.999189, 125, 79, 156, 94
-0.999192, 173, 183, 204, 198
-0.999201, 333, 195, 364, 210
-0.999211, 245, 175, 276, 190
-0.999226, 101, 141, 132, 156
-0.999227, 193, 183, 224, 198
-0.999229, 305, 161, 336, 176
-0.999232, 89, 1, 120, 256
-0.999234, 157, 187, 188, 202
-0.99924, 289, 197, 320, 212
-0.999247, 165, 177, 196, 192
-0.999265, 305, 149, 336, 164
-0.999277, 385, 153, 416, 168
-0.999277, 189, 169, 220, 184
-0.999283, 321, 79, 352, 94
-0.99929, 289, 203, 320, 218
-0.999296, 373, 189, 404, 204
-0.999298, 29, 1, 60, 256
-0.999306, 85, 213, 116, 228
-0.999317, 209, 185, 240, 200
-0.999334, 85, 139, 116, 154
-0.999344, 97, 53, 224, 84
-0.999346, 145, 159, 176, 174
-0.999348, 385, 139, 416, 154
-0.999358, 313, 181, 344, 196
-0.999364, 61, 139, 92, 154
-0.999365, 269, 147, 300, 162
-0.999415, 169, 167, 200, 182
-0.999425, 165, 197, 196, 212
-0.999476, 233, 225, 264, 240
-0.99948, 321, 139, 352, 154
-0.999498, 449, 7, 480, 22
-0.999511, 73, 141, 104, 156
-0.999514, 41, 157, 72, 172
-0.999528, 301, 215, 332, 230
-0.99953, 369, 289, 496, 320
-0.999538, 397, 139, 428, 154
-0.99954, 49, 89, 176, 120
-0.999541, 305, 155, 336, 170
-0.999542, 341, 183, 372, 198
-0.999555, 17, 155, 48, 170
-0.999568, 97, 201, 128, 216
-0.99957, 97, 89, 224, 120
-0.999587, 153, 193, 184, 208
-0.999595, 49, 117, 176, 148
-0.999609, 205, 175, 236, 190
-0.999616, 45, 139, 76, 154
-0.999633, 37, 207, 68, 222
-0.99964, 177, 177, 208, 192
-0.999648, 321, 215, 352, 230
-0.999653, 393, 205, 424, 220
-0.999676, 109, 195, 140, 210
-0.999682, 257, 231, 288, 246
-0.999694, 141, 225, 156, 240
-0.999694, 313, 181, 328, 196
-0.999694, 201, 195, 216, 210
-0.999695, 197, 205, 212, 220
-0.999695, 285, 169, 300, 184
-0.999695, 195, 197, 210, 212
-0.999696, 377, 187, 392, 202
-0.999696, 139, 81, 154, 96
-0.999696, 37, 207, 52, 222
-0.999696, 155, 221, 170, 236
-0.999697, 301, 187, 316, 202
-0.999697, 353, 183, 368, 198
-0.999697, 223, 191, 238, 206
-0.999697, 211, 191, 226, 206
-0.999697, 207, 179, 222, 194
-0.999698, 255, 235, 270, 250
-0.999698, 175, 195, 190, 210
-0.999698, 375, 251, 390, 266
-0.999699, 323, 139, 338, 154
-0.999699, 113, 241, 128, 256
-0.9997, 225, 185, 240, 200
-0.9997, 3, 183, 18, 198
-0.9997, 329, 105, 344, 120
-0.9997, 351, 193, 366, 208
-0.999701, 93, 157, 108, 172
-0.999701, 53, 337, 68, 352
-0.999701, 327, 179, 342, 194
-0.999701, 303, 197, 318, 212
-0.999702, 449, 253, 464, 268
-0.999703, 399, 211, 414, 226
-0.999703, 171, 177, 186, 192
-0.999703, 153, 157, 168, 172
-0.999704, 291, 193, 306, 208
-0.999705, 123, 159, 138, 174
-0.999706, 115, 153, 130, 168
-0.999707, 405, 211, 420, 226
-0.999707, 307, 181, 322, 196
-0.999708, 285, 193, 300, 208
-0.999708, 279, 39, 294, 54
-0.999709, 291, 181, 306, 196
-0.999709, 135, 227, 150, 242
-0.999709, 343, 189, 358, 204
-0.999709, 291, 209, 306, 224
-0.99971, 319, 199, 334, 214
-0.99971, 37, 163, 52, 178
-0.999711, 165, 223, 180, 238
-0.999711, 369, 301, 496, 332
-0.999712, 201, 169, 216, 184
-0.999712, 23, 149, 38, 164
-0.999713, 417, 151, 432, 166
-0.999714, 193, 65, 320, 96
-0.999714, 279, 179, 294, 194
-0.999715, 351, 151, 366, 166
-0.999715, 137, 55, 152, 70
-0.999716, 201, 179, 216, 194
-0.999717, 329, 193, 344, 208
-0.999718, 399, 137, 414, 152
-0.999718, 395, 195, 410, 210
-0.999718, 305, 211, 320, 226
-0.999718, 173, 187, 188, 202
-0.999719, 319, 181, 334, 196
-0.99972, 301, 181, 316, 196
-0.99972, 405, 159, 420, 174
-0.999721, 399, 229, 414, 244
-0.999721, 189, 177, 204, 192
-0.999723, 395, 183, 410, 198
-0.999723, 285, 229, 300, 244
-0.999724, 273, 231, 288, 246
-0.999724, 409, 141, 424, 156
-0.999727, 65, 159, 80, 174
-0.999727, 185, 165, 200, 180
-0.999727, 447, 9, 462, 24
-0.999728, 333, 215, 348, 230
-0.999729, 53, 153, 68, 168
-0.999729, 191, 183, 206, 198
-0.999729, 167, 187, 182, 202
-0.999729, 137, 143, 152, 158
-0.99973, 291, 187, 306, 202
-0.999731, 163, 159, 178, 174
-0.999732, 293, 201, 308, 216
-0.999733, 455, 253, 470, 268
-0.999734, 109, 153, 124, 168
-0.999735, 109, 185, 124, 200
-0.999738, 341, 143, 356, 158
-0.999739, 49, 159, 64, 174
-0.999739, 285, 183, 300, 198
-0.999739, 87, 203, 102, 218
-0.99974, 143, 73, 158, 88
-0.999742, 121, 189, 136, 204
-0.999743, 93, 153, 124, 168
-0.999743, 259, 229, 274, 244
-0.999744, 179, 167, 194, 182
-0.999744, 439, 235, 454, 250
-0.999744, 337, 183, 352, 198
-0.999744, 207, 173, 222, 188
-0.999745, 231, 225, 246, 240
-0.999745, 113, 165, 128, 180
-0.999746, 337, 189, 352, 204
-0.999747, 121, 195, 136, 210
-0.999747, 123, 233, 138, 248
-0.999747, 119, 165, 134, 180
-0.99975, 195, 165, 210, 180
-0.99975, 251, 217, 266, 232
-0.99975, 3, 189, 18, 204
-0.999752, 213, 199, 228, 214
-0.999752, 347, 183, 362, 198
-0.999755, 213, 177, 228, 192
-0.999756, 167, 193, 182, 208
-0.999756, 181, 183, 196, 198
-0.999757, 387, 183, 402, 198
-0.999757, 115, 185, 130, 200
-0.99976, 219, 185, 234, 200
-0.999761, 267, 229, 282, 244
-0.999761, 59, 161, 74, 176
-0.999764, 325, 215, 340, 230
-0.999764, 57, 137, 72, 152
-0.999765, 129, 129, 256, 160
-0.999765, 109, 159, 124, 174
-0.999768, 105, 145, 120, 160
-0.999769, 397, 205, 412, 220
-0.999771, 55, 143, 70, 158
-0.999773, 181, 197, 196, 212
-0.999776, 219, 175, 234, 190
-0.999776, 179, 177, 194, 192
-0.999781, 213, 185, 228, 200
-0.999783, 113, 195, 128, 210
-0.999783, 59, 155, 74, 170
-0.999785, 73, 139, 88, 154
-0.999786, 65, 141, 80, 156
-0.999792, 95, 141, 110, 156
-0.999793, 315, 217, 330, 232
-0.9998, 209, 73, 336, 136
-0.999803, 173, 169, 188, 184
-0.999806, 315, 145, 330, 160
-0.999807, 97, 117, 224, 148
-0.999847, 99, 151, 114, 166
-0.999869, 381, 183, 412, 198
-0.999897, 49, 101, 176, 132
-0.999908, 33, 97, 288, 160
-0.999931, 225, 97, 352, 160
-0.999948, 241, 121, 368, 152
-0.999957, 369, 313, 496, 344
-0.999973, 321, 293, 448, 324
-1.00004, 193, 337, 320, 368
-1.00005, 33, 329, 160, 360
-1.00009, 49, 313, 176, 375
-1.00023, 161, 121, 416, 184
-1.00028, 33, 41, 288, 104
-1.00034, 333, 189, 364, 204
-1.00059, 33, 281, 160, 344
-1.00062, 33, 73, 288, 136
-1.00067, 1, 49, 500, 112
-1.00081, 257, 297, 500, 360
-1.00083, 1, 289, 500, 352
-1.00097, 33, 313, 288, 375
-1.00102, 17, 1, 80, 128
-1.00174, 321, 313, 448, 375
-1.00198, 161, 297, 416, 360
-1.00224, 1, 81, 128, 144
-1.00234, 1, 41, 128, 104
-1.00258, 257, 313, 384, 375
-1.0028, 193, 49, 256, 176
-1.00303, 177, 313, 304, 375
-1.00307, 113, 25, 240, 88
-1.00318, 257, 289, 384, 352
-1.00326, 1, 313, 500, 375
-1.00347, 17, 9, 144, 72
-1.00379, 145, 73, 272, 136
-1.00412, 161, 97, 288, 160
-1.00412, 1, 313, 128, 375
-1.0068, 97, 305, 224, 368
-1.0072, 65, 9, 192, 72
