1923
-0.381938, 1, 225, 333, 480
-0.574501, 1, 129, 333, 384
-0.61653, 1, 1, 333, 500
-0.6481, 65, 193, 320, 448
-0.687687, 1, 1, 333, 256
-0.76593, 65, 1, 320, 500
-0.861578, 1, 97, 256, 352
-0.879967, 1, 289, 333, 416
-0.882835, 97, 161, 224, 416
-0.888887, 145, 161, 272, 416
-0.899779, 193, 193, 320, 448
-0.908314, 1, 241, 333, 368
-0.9105, 1, 193, 333, 320
-0.912151, 17, 257, 144, 500
-0.91697, 65, 273, 320, 400
-0.918923, 17, 1, 144, 500
-0.921988, 81, 257, 208, 500
-0.922218, 17, 97, 144, 352
-0.927425, 1, 337, 333, 464
-0.936707, 33, 177, 288, 304
-0.937723, 113, 1, 240, 500
-0.938525, 161, 1, 288, 500
-0.942088, 33, 225, 288, 352
-0.944795, 1, 145, 333, 272
-0.945657, 113, 65, 240, 320
-0.95111, 65, 33, 192, 288
-0.95206, 209, 305, 333, 432
-0.952094, 145, 257, 272, 500
-0.952727, 97, 161, 224, 288
-0.953066, 201, 193, 264, 320
-0.954622, 241, 305, 304, 432
-0.955479, 1, 337, 128, 464
-0.956049, 209, 97, 333, 352
-0.957766, 1, 321, 256, 448
-0.959043, 265, 321, 328, 448
-0.95925, 209, 1, 333, 500
-0.959605, 17, 321, 80, 448
-0.960143, 145, 193, 272, 320
-0.962128, 249, 313, 312, 376
-0.963502, 193, 201, 256, 264
-0.964008, 201, 241, 264, 368
-0.964172, 113, 145, 176, 272
-0.964906, 193, 193, 320, 320
-0.965095, 97, 209, 224, 336
-0.965456, 241, 225, 304, 352
-0.965464, 161, 273, 288, 400
-0.965959, 1, 273, 128, 400
-0.966025, 169, 177, 232, 304
-0.966327, 1, 49, 333, 176
-0.966912, 161, 65, 288, 320
-0.967062, 225, 305, 288, 368
-0.967559, 1, 369, 64, 496
-0.968064, 17, 409, 80, 472
-0.969693, 217, 289, 280, 416
-0.970325, 1, 97, 333, 224
-0.97052, 265, 345, 328, 408
-0.971245, 145, 177, 208, 304
-0.971367, 17, 177, 144, 304
-0.971823, 201, 225, 264, 288
-0.972675, 33, 129, 160, 256
-0.972973, 1, 329, 64, 392
-0.973416, 25, 369, 88, 496
-0.97439, 1, 433, 64, 496
-0.974426, 5, 353, 36, 480
-0.974432, 113, 225, 176, 352
-0.97457, 89, 177, 152, 304
-0.974613, 17, 385, 80, 448
-0.975274, 201, 265, 264, 328
-0.975639, 41, 81, 104, 208
-0.975739, 25, 369, 56, 496
-0.97577, 5, 305, 36, 432
-0.975842, 233, 217, 296, 280
-0.975884, 1, 369, 256, 496
-0.975932, 1, 129, 256, 256
-0.976392, 1, 225, 128, 352
-0.976693, 261, 305, 292, 432
-0.976697, 145, 185, 208, 248
-0.977119, 105, 209, 168, 272
-0.977194, 225, 281, 288, 344
-0.977202, 201, 193, 264, 448
-0.977206, 97, 257, 224, 384
-0.977255, 217, 193, 248, 320
-0.977507, 1, 1, 333, 128
-0.97753, 17, 353, 80, 416
-0.977624, 25, 393, 56, 456
-0.97765, 17, 1, 144, 256
-0.977718, 9, 273, 72, 400
-0.977864, 265, 321, 296, 384
-0.977984, 17, 321, 48, 448
-0.978043, 73, 321, 136, 448
-0.978066, 217, 193, 280, 256
-0.978292, 241, 273, 272, 400
-0.978332, 145, 145, 272, 272
-0.978426, 65, 113, 128, 240
-0.978444, 17, 81, 144, 208
-0.97866, 105, 161, 168, 224
-0.978833, 1, 345, 128, 408
-0.978858, 113, 185, 240, 248
-0.97904, 209, 329, 333, 392
-0.97907, 233, 177, 296, 304
-0.97921, 289, 345, 320, 408
-0.979223, 249, 305, 280, 368
-0.979353, 169, 177, 232, 240
-0.979414, 65, 305, 192, 432
-0.97949, 9, 361, 40, 424
-0.979614, 41, 81, 104, 144
-0.979766, 97, 161, 224, 224
-0.980147, 113, 161, 176, 416
-0.980193, 201, 289, 264, 352
-0.980408, 25, 433, 88, 496
-0.980648, 281, 321, 312, 448
-0.98087, 257, 257, 320, 500
-0.981245, 233, 257, 296, 500
-0.981412, 65, 1, 192, 500
-0.981492, 273, 321, 333, 384
-0.981533, 237, 289, 268, 352
-0.981625, 265, 273, 328, 400
-0.981716, 277, 329, 308, 392
-0.981761, 293, 337, 324, 464
-0.981788, 177, 297, 304, 360
-0.982017, 41, 321, 104, 448
-0.982255, 217, 201, 248, 264
-0.982275, 1, 305, 64, 368
-0.982588, 241, 241, 304, 304
-0.982666, 81, 193, 144, 256
-0.982833, 301, 361, 332, 424
-0.983001, 229, 257, 260, 384
-0.98313, 1, 337, 32, 400
-0.98338, 209, 241, 333, 368
-0.983397, 97, 289, 160, 416
-0.983491, 1, 425, 128, 488
-0.983522, 145, 209, 272, 272
-0.98359, 177, 161, 240, 416
-0.98363, 197, 193, 228, 256
-0.983656, 193, 177, 256, 240
-0.983715, 177, 225, 240, 352
-0.983761, 1, 321, 128, 384
-0.983854, 9, 257, 72, 500
-0.983972, 13, 433, 44, 496
-0.98401, 1, 393, 128, 456
-0.984038, 117, 209, 148, 272
-0.984057, 137, 129, 200, 256
-0.984211, 25, 417, 56, 480
-0.984515, 97, 209, 224, 272
-0.984554, 161, 273, 288, 336
-0.984615, 249, 281, 312, 344
-0.984724, 21, 369, 52, 432
-0.984774, 169, 209, 232, 272
-0.984792, 201, 145, 264, 272
-0.984853, 137, 129, 200, 384
-0.984861, 249, 281, 280, 344
-0.984867, 261, 297, 292, 360
-0.984955, 229, 265, 260, 328
-0.985121, 193, 201, 320, 264
-0.985173, 113, 241, 176, 304
-0.985192, 241, 161, 304, 416
-0.985318, 17, 329, 48, 392
-0.98538, 97, 313, 160, 376
-0.985402, 265, 217, 328, 280
-0.985452, 197, 177, 228, 304
-0.985488, 1, 305, 32, 368
-0.985654, 1, 281, 128, 344
-0.985661, 245, 225, 276, 352
-0.985683, 113, 161, 144, 288
-0.985749, 105, 201, 136, 264
-0.985764, 241, 193, 304, 256
-0.985766, 89, 129, 152, 256
-0.985776, 129, 217, 192, 280
-0.98584, 201, 217, 232, 280
-0.985879, 33, 1, 288, 256
-0.986006, 129, 209, 160, 272
-0.986196, 41, 105, 104, 168
-0.98625, 113, 185, 176, 248
-0.986379, 229, 209, 260, 336
-0.986406, 9, 385, 40, 448
-0.986599, 105, 257, 168, 500
-0.986624, 273, 369, 333, 432
-0.986705, 181, 177, 212, 240
-0.986836, 241, 337, 304, 400
-0.986957, 65, 169, 128, 232
-0.987117, 209, 1, 333, 256
-0.987118, 161, 249, 288, 312
-0.987127, 221, 225, 252, 288
-0.987287, 277, 305, 308, 368
-0.987295, 49, 73, 80, 136
-0.987311, 49, 201, 176, 264
-0.987338, 177, 129, 240, 256
-0.987575, 129, 145, 192, 208
-0.987644, 65, 97, 128, 352
-0.987682, 209, 225, 333, 288
-0.987743, 73, 225, 136, 352
-0.987775, 29, 337, 60, 400
-0.9878, 133, 145, 164, 272
-0.987802, 25, 329, 88, 392
-0.987881, 265, 225, 328, 352
-0.987904, 97, 233, 224, 296
-0.988049, 269, 209, 300, 272
-0.988085, 9, 409, 40, 472
-0.988154, 225, 289, 256, 352
-0.988164, 125, 233, 156, 296
-0.988179, 117, 185, 148, 248
-0.988219, 257, 217, 288, 280
-0.988235, 65, 337, 128, 400
-0.988377, 121, 209, 152, 336
-0.988379, 37, 433, 68, 496
-0.988391, 65, 305, 320, 368
-0.988423, 73, 273, 136, 336
-0.988454, 81, 217, 144, 280
-0.988463, 193, 145, 320, 272
-0.988506, 241, 209, 272, 272
-0.988508, 289, 225, 320, 288
-0.988524, 97, 321, 128, 384
-0.988566, 89, 161, 152, 416
-0.988623, 97, 113, 224, 240
-0.988691, 41, 353, 104, 416
-0.988739, 65, 161, 128, 288
-0.988786, 129, 153, 160, 216
-0.988885, 1, 369, 128, 432
-0.988899, 73, 273, 136, 400
-0.988926, 81, 257, 144, 500
-0.988927, 153, 153, 216, 216
-0.989006, 193, 169, 224, 232
-0.989133, 189, 217, 220, 280
-0.989196, 17, 177, 144, 240
-0.989229, 161, 161, 192, 224
-0.989313, 301, 337, 332, 400
-0.989431, 237, 313, 268, 376
-0.989475, 93, 201, 124, 264
-0.989506, 29, 321, 60, 448
-0.989517, 113, 233, 144, 296
-0.989549, 241, 329, 304, 360
-0.989552, 49, 241, 176, 368
-0.989565, 301, 225, 332, 288
-0.989661, 101, 225, 132, 288
-0.989668, 65, 97, 96, 160
-0.98967, 149, 177, 180, 240
-0.989716, 93, 177, 124, 240
-0.989726, 41, 129, 104, 256
-0.989751, 141, 209, 172, 272
-0.989828, 17, 417, 80, 448
-0.989869, 209, 177, 240, 240
-0.989873, 109, 161, 140, 224
-0.989892, 209, 353, 333, 416
-0.989901, 229, 193, 260, 256
-0.989916, 241, 317, 304, 348
-0.989921, 1, 209, 64, 336
-0.989977, 289, 321, 320, 384
-0.989993, 41, 65, 104, 320
-0.990026, 257, 345, 320, 376
-0.99012, 65, 121, 128, 184
-0.99015, 193, 221, 256, 252
-0.990168, 77, 105, 108, 168
-0.990199, 273, 365, 333, 396
-0.990213, 273, 369, 333, 496
-0.990318, 177, 209, 208, 272
-0.990331, 17, 433, 80, 464
-0.990358, 241, 241, 272, 304
-0.990415, 109, 305, 140, 368
-0.990474, 25, 469, 88, 500
-0.990479, 277, 353, 308, 416
-0.990516, 13, 305, 44, 368
-0.990615, 41, 401, 104, 464
-0.990628, 1, 345, 64, 376
-0.990643, 33, 257, 96, 500
-0.990654, 97, 137, 160, 200
-0.990672, 45, 409, 76, 472
-0.990694, 193, 241, 224, 304
-0.990748, 281, 201, 312, 264
-0.990758, 253, 329, 284, 392
-0.990831, 61, 73, 92, 136
-0.990846, 181, 161, 212, 288
-0.990853, 97, 273, 128, 336
-0.990918, 25, 1, 88, 500
-0.990938, 85, 337, 116, 400
-0.990962, 41, 345, 72, 408
-0.990963, 265, 161, 328, 416
-0.990994, 101, 177, 132, 304
-0.99101, 85, 297, 116, 360
-0.991019, 1, 169, 64, 232
-0.991028, 89, 241, 152, 304
-0.991045, 33, 369, 64, 432
-0.991067, 73, 313, 136, 376
-0.991068, 141, 153, 172, 216
-0.991225, 137, 225, 200, 352
-0.991244, 273, 233, 333, 264
-0.991319, 169, 185, 200, 248
-0.991368, 193, 209, 256, 240
-0.991384, 81, 305, 208, 368
-0.991386, 217, 249, 248, 312
-0.991432, 17, 81, 80, 208
-0.99144, 217, 305, 280, 336
-0.991474, 217, 213, 280, 244
-0.991495, 85, 129, 116, 192
-0.991518, 1, 161, 64, 416
-0.991526, 49, 153, 176, 216
-0.991535, 17, 405, 80, 436
-0.991548, 1, 281, 32, 344
-0.991552, 49, 313, 112, 376
-0.991561, 241, 225, 304, 256
-0.991579, 25, 177, 88, 240
-0.991664, 65, 281, 320, 344
-0.991699, 249, 185, 280, 248
-0.991731, 1, 305, 333, 368
-0.991768, 41, 177, 72, 240
-0.991796, 33, 81, 288, 208
-0.99181, 129, 185, 160, 248
-0.991811, 49, 353, 176, 480
-0.991821, 217, 225, 280, 256
-0.991906, 137, 233, 168, 296
-0.991936, 105, 265, 168, 328
-0.991981, 241, 237, 304, 268
-0.991984, 201, 237, 264, 268
-0.992081, 25, 413, 56, 444
-0.992085, 265, 345, 296, 408
-0.992111, 97, 213, 160, 244
-0.992127, 97, 81, 160, 208
-0.992173, 105, 289, 168, 352
-0.99218, 49, 65, 80, 192
-0.992183, 33, 273, 96, 400
-0.992239, 17, 445, 80, 476
-0.992256, 265, 329, 296, 360
-0.992274, 97, 257, 224, 320
-0.992278, 13, 273, 44, 336
-0.99228, 121, 1, 184, 500
-0.992287, 281, 345, 312, 376
-0.99229, 73, 345, 104, 408
-0.9923, 249, 313, 280, 344
-0.992345, 17, 393, 80, 424
-0.992354, 109, 137, 140, 200
-0.992361, 265, 333, 328, 364
-0.992377, 277, 233, 308, 296
-0.992391, 17, 241, 144, 304
-0.992399, 17, 273, 48, 400
-0.992406, 113, 281, 144, 344
-0.992482, 73, 313, 104, 376
-0.992482, 233, 1, 296, 500
-0.992485, 201, 293, 264, 324
-0.992495, 129, 129, 160, 192
-0.992504, 145, 161, 176, 288
-0.992511, 97, 153, 128, 216
-0.992523, 241, 301, 272, 332
-0.992527, 1, 177, 32, 240
-0.992569, 113, 257, 144, 320
-0.992579, 289, 369, 320, 432
-0.992608, 85, 153, 116, 216
-0.992611, 89, 225, 120, 288
-0.992666, 65, 249, 320, 312
-0.992672, 41, 337, 72, 464
-0.992683, 201, 265, 264, 296
-0.992694, 97, 249, 128, 312
-0.992697, 293, 361, 324, 392
-0.992698, 29, 201, 60, 264
-0.992741, 273, 297, 333, 360
-0.992745, 9, 273, 72, 336
-0.992771, 1, 333, 64, 364
-0.992788, 25, 401, 56, 432
-0.992822, 229, 293, 260, 324
-0.992845, 57, 345, 88, 408
-0.992866, 181, 153, 212, 216
-0.992892, 29, 441, 60, 472
-0.992913, 209, 1, 272, 500
-0.992923, 5, 257, 36, 384
-0.992925, 21, 177, 52, 240
-0.992941, 1, 469, 64, 500
-0.992977, 89, 337, 152, 400
-0.99298, 205, 241, 236, 304
-0.992988, 241, 305, 304, 336
-0.993005, 97, 297, 128, 360
-0.993011, 97, 129, 128, 192
-0.993011, 25, 457, 88, 488
-0.993013, 169, 65, 232, 320
-0.993018, 9, 357, 72, 388
-0.993026, 65, 329, 192, 392
-0.99305, 33, 469, 64, 500
-0.99306, 73, 65, 136, 192
-0.993079, 169, 185, 232, 216
-0.99308, 49, 1, 112, 500
-0.993088, 49, 369, 112, 496
-0.993091, 65, 97, 128, 160
-0.993091, 273, 241, 333, 304
-0.99311, 57, 225, 120, 480
-0.993115, 33, 105, 160, 168
-0.993146, 201, 97, 264, 352
-0.993154, 9, 365, 40, 396
-0.993162, 273, 273, 304, 400
-0.993168, 269, 185, 300, 248
-0.993187, 137, 225, 200, 480
-0.993197, 261, 317, 292, 348
-0.993203, 13, 377, 44, 408
-0.993207, 29, 453, 60, 484
-0.993217, 209, 353, 333, 480
-0.993247, 177, 177, 304, 240
-0.993259, 73, 145, 104, 208
-0.993271, 113, 65, 176, 320
-0.993271, 1, 457, 64, 488
-0.993279, 73, 145, 136, 208
-0.993299, 9, 437, 40, 468
-0.993304, 25, 425, 56, 456
-0.99331, 1, 329, 333, 392
-0.993312, 1, 353, 32, 384
-0.993315, 25, 389, 56, 420
-0.993364, 277, 229, 308, 260
-0.99338, 221, 209, 252, 240
-0.993424, 29, 313, 60, 376
-0.993425, 197, 205, 228, 236
-0.993428, 221, 169, 252, 232
-0.993438, 301, 373, 332, 404
-0.99344, 25, 177, 88, 304
-0.99347, 181, 241, 212, 304
-0.993493, 65, 185, 96, 248
-0.993495, 45, 385, 76, 448
-0.993499, 33, 201, 288, 264
-0.993505, 85, 273, 116, 336
-0.993506, 201, 277, 264, 308
-0.99353, 65, 81, 96, 208
-0.993538, 265, 273, 296, 336
-0.993545, 141, 129, 172, 192
-0.993546, 105, 169, 168, 200
-0.993597, 289, 229, 320, 260
-0.993605, 293, 249, 324, 312
-0.993617, 177, 233, 240, 296
-0.993631, 13, 353, 44, 384
-0.993648, 9, 389, 40, 420
-0.993675, 201, 221, 232, 252
-0.993688, 13, 457, 44, 488
-0.993696, 229, 277, 260, 308
-0.99371, 209, 205, 240, 236
-0.993717, 81, 177, 112, 240
-0.99373, 273, 193, 333, 256
-0.993733, 297, 241, 328, 272
-0.993751, 277, 321, 292, 384
-0.993759, 225, 293, 288, 324
-0.993775, 209, 197, 272, 228
-0.993785, 49, 81, 80, 112
-0.993795, 201, 253, 264, 284
-0.993798, 45, 97, 76, 160
-0.9938, 253, 297, 284, 328
-0.993804, 89, 65, 152, 320
-0.993814, 113, 213, 144, 244
-0.993816, 241, 289, 272, 320
-0.993839, 217, 225, 248, 256
-0.993842, 1, 341, 32, 372
-0.993842, 9, 201, 40, 264
-0.993862, 277, 333, 308, 364
-0.993874, 293, 349, 324, 380
-0.99388, 9, 425, 40, 456
-0.9939, 17, 469, 48, 500
-0.993903, 1, 257, 32, 320
-0.993906, 201, 193, 232, 224
-0.993923, 129, 81, 160, 144
-0.993945, 225, 313, 256, 376
-0.993947, 153, 137, 184, 200
-0.993951, 57, 129, 88, 192
-0.993953, 49, 145, 112, 208
-0.993953, 293, 201, 324, 264
-0.993977, 169, 221, 232, 252
-0.993991, 261, 305, 276, 368
-0.994003, 33, 129, 160, 192
-0.994009, 253, 217, 284, 248
-0.994014, 265, 217, 328, 248
-0.994037, 61, 321, 92, 384
-0.994041, 125, 217, 156, 248
-0.994069, 145, 1, 208, 500
-0.994086, 21, 365, 52, 396
-0.994104, 153, 169, 216, 200
-0.994107, 241, 233, 272, 264
-0.99413, 217, 317, 280, 348
-0.994146, 65, 197, 128, 228
-0.994147, 17, 381, 80, 412
-0.994147, 49, 321, 80, 384
-0.99415, 229, 305, 260, 336
-0.994156, 153, 201, 184, 264
-0.994205, 1, 377, 32, 408
-0.99421, 185, 181, 216, 212
-0.994235, 269, 345, 300, 376
-0.994242, 237, 221, 268, 252
-0.994243, 241, 277, 272, 308
-0.994249, 25, 377, 56, 408
-0.994253, 169, 177, 200, 304
-0.994297, 5, 225, 36, 288
-0.994302, 189, 225, 220, 256
-0.994304, 45, 201, 76, 264
-0.994307, 281, 357, 312, 388
-0.994326, 101, 213, 132, 244
-0.994331, 261, 229, 292, 260
-0.994355, 185, 1, 248, 500
-0.994362, 251, 281, 266, 344
-0.994362, 153, 233, 184, 296
-0.994366, 241, 213, 304, 244
-0.994376, 209, 257, 333, 320
-0.99438, 49, 201, 112, 264
-0.994397, 237, 205, 268, 236
-0.9944, 269, 217, 300, 248
-0.994402, 41, 85, 104, 116
-0.994406, 241, 265, 272, 296
-0.994407, 93, 197, 124, 228
-0.994421, 221, 241, 252, 272
-0.994459, 221, 265, 252, 296
-0.994464, 9, 401, 40, 432
-0.994479, 129, 161, 160, 192
-0.994484, 177, 197, 240, 228
-0.994488, 9, 369, 72, 400
-0.994507, 265, 305, 296, 336
-0.994512, 121, 237, 152, 268
-0.994512, 153, 161, 184, 192
-0.994525, 21, 369, 36, 432
-0.994532, 277, 321, 308, 352
-0.994554, 105, 321, 136, 352
-0.99456, 285, 241, 316, 272
-0.994565, 299, 345, 314, 408
-0.994574, 105, 197, 136, 228
-0.994575, 241, 281, 304, 312
-0.994579, 225, 253, 256, 284
-0.994584, 153, 209, 216, 240
-0.994592, 65, 249, 128, 312
-0.994609, 9, 329, 40, 360
-0.994631, 85, 313, 116, 344
-0.994634, 153, 185, 184, 216
-0.994645, 249, 325, 280, 356
-0.994648, 21, 333, 52, 364
-0.994663, 81, 281, 208, 344
-0.994674, 283, 329, 298, 392
-0.99468, 241, 253, 272, 284
-0.994684, 193, 241, 224, 272
-0.994687, 113, 185, 176, 216
-0.994694, 185, 213, 216, 244
-0.994703, 133, 233, 164, 264
-0.994705, 5, 413, 36, 444
-0.994708, 249, 321, 280, 448
-0.994709, 153, 233, 216, 296
-0.99471, 137, 221, 168, 252
-0.994718, 257, 257, 288, 384
-0.994719, 141, 173, 172, 204
-0.994726, 97, 229, 128, 260
-0.99473, 29, 349, 60, 380
-0.994734, 109, 241, 140, 272
-0.994736, 301, 229, 332, 260
-0.994741, 177, 225, 208, 256
-0.994741, 1, 209, 333, 272
-0.994746, 1, 317, 32, 348
-0.994755, 217, 193, 248, 224
-0.99476, 289, 333, 320, 364
-0.994773, 57, 93, 88, 124
-0.994776, 291, 337, 306, 400
-0.994787, 161, 173, 192, 204
-0.994798, 245, 289, 260, 352
-0.994803, 113, 157, 176, 188
-0.994806, 241, 249, 304, 280
-0.994817, 81, 325, 112, 356
-0.994822, 41, 193, 72, 224
-0.994825, 301, 253, 332, 284
-0.994829, 281, 217, 312, 248
-0.994831, 237, 317, 268, 348
-0.994837, 45, 417, 76, 448
-0.994849, 65, 177, 320, 240
-0.994869, 105, 169, 136, 200
-0.994874, 1, 189, 32, 220
-0.994875, 93, 297, 124, 328
-0.994878, 121, 217, 184, 248
-0.994888, 307, 353, 322, 416
-0.994888, 257, 205, 288, 236
-0.994895, 301, 385, 332, 416
-0.994904, 197, 181, 228, 212
-0.994904, 81, 353, 112, 384
-0.994905, 141, 153, 172, 184
-0.994907, 189, 193, 220, 224
-0.994911, 181, 169, 212, 200
-0.994911, 269, 313, 284, 376
-0.994914, 65, 329, 320, 392
-0.994919, 133, 193, 164, 320
-0.994932, 129, 205, 160, 236
-0.994932, 205, 233, 236, 264
-0.994935, 173, 193, 204, 224
-0.994938, 93, 325, 124, 356
-0.994951, 113, 225, 144, 256
-0.994959, 65, 225, 320, 288
-0.994964, 37, 393, 68, 424
-0.994995, 133, 81, 164, 112
-0.995009, 269, 205, 300, 236
-0.995012, 97, 281, 128, 312
-0.995018, 27, 409, 42, 472
-0.995019, 77, 121, 108, 152
-0.99503, 33, 205, 64, 236
-0.99503, 33, 101, 96, 132
-0.995037, 1, 305, 32, 336
-0.995037, 113, 309, 144, 340
-0.995044, 17, 81, 80, 144
-0.995049, 229, 193, 260, 224
-0.995052, 61, 105, 92, 136
-0.99506, 289, 253, 320, 284
-0.995062, 149, 221, 180, 252
-0.995062, 97, 241, 128, 272
-0.995096, 49, 461, 80, 492
-0.9951, 217, 285, 248, 316
-0.995126, 27, 433, 42, 496
-0.995177, 273, 377, 333, 408
-0.9952, 255, 305, 270, 368
-0.995204, 1, 1, 64, 500
-0.99524, 145, 189, 208, 220
-0.995248, 145, 221, 208, 252
-0.995251, 293, 289, 324, 416
-0.995264, 25, 305, 88, 368
-0.995277, 1, 281, 333, 344
-0.995295, 17, 345, 32, 408
-0.995397, 113, 241, 176, 272
-0.995418, 177, 217, 304, 248
-0.995445, 105, 197, 168, 228
-0.995452, 97, 1, 160, 500
-0.995509, 25, 345, 88, 376
-0.99554, 49, 121, 112, 152
-0.995594, 243, 265, 258, 328
-0.995664, 33, 377, 48, 440
-0.995665, 257, 177, 320, 304
-0.995667, 97, 321, 160, 352
-0.995671, 233, 201, 296, 232
-0.995736, 209, 233, 333, 264
-0.995736, 145, 33, 208, 288
-0.995737, 241, 265, 304, 296
-0.995748, 33, 161, 96, 416
-0.99578, 265, 321, 328, 352
-0.995785, 65, 1, 128, 256
-0.995791, 177, 257, 240, 500
-0.995793, 1, 201, 64, 264
-0.995839, 273, 1, 333, 500
-0.995846, 9, 353, 24, 416
-0.995881, 89, 225, 152, 256
-0.995897, 73, 209, 136, 240
-0.995906, 209, 349, 333, 380
-0.995911, 49, 433, 112, 496
-0.995911, 313, 361, 328, 424
-0.99593, 177, 321, 304, 352
-0.99593, 193, 337, 320, 368
-0.995943, 197, 225, 228, 352
-0.995943, 41, 413, 104, 444
-0.995959, 281, 225, 312, 352
-0.995971, 211, 193, 226, 256
-0.995993, 185, 209, 216, 336
-0.996021, 65, 65, 192, 192
-0.996046, 113, 257, 144, 384
-0.996114, 1, 249, 333, 312
-0.99615, 65, 181, 128, 212
-0.996155, 3, 337, 18, 400
-0.996158, 73, 1, 136, 500
-0.996159, 1, 453, 128, 484
-0.996172, 41, 377, 104, 440
-0.996203, 49, 33, 112, 160
-0.996204, 265, 245, 328, 276
-0.996212, 157, 177, 188, 304
-0.996225, 65, 325, 128, 356
-0.996264, 137, 233, 200, 264
-0.996268, 145, 157, 208, 188
-0.996281, 21, 417, 36, 480
-0.99629, 217, 329, 280, 392
-0.996292, 129, 225, 256, 256
-0.996294, 9, 329, 24, 392
-0.996306, 81, 281, 144, 312
-0.996324, 233, 169, 296, 232
-0.996328, 137, 81, 200, 208
-0.996354, 119, 209, 134, 272
-0.996363, 73, 301, 136, 332
-0.996372, 73, 265, 136, 296
-0.996382, 25, 209, 88, 272
-0.996384, 233, 65, 296, 320
-0.996402, 49, 341, 112, 372
-0.996412, 221, 201, 236, 264
-0.996444, 161, 321, 288, 384
-0.996451, 97, 185, 224, 216
-0.996483, 73, 313, 136, 344
-0.996485, 217, 241, 248, 368
-0.996497, 1, 417, 128, 448
-0.9965, 17, 197, 144, 228
-0.996521, 1, 437, 128, 468
-0.996529, 129, 169, 192, 200
-0.99653, 17, 65, 80, 320
-0.996547, 17, 81, 144, 144
-0.996549, 1, 201, 128, 264
-0.996564, 129, 209, 144, 272
-0.996567, 1, 345, 128, 376
-0.996569, 1, 357, 128, 388
-0.99657, 27, 385, 42, 448
-0.996572, 1, 401, 128, 432
-0.996573, 15, 369, 30, 432
-0.996577, 33, 357, 96, 388
-0.996594, 81, 253, 144, 284
-0.996596, 81, 241, 144, 272
-0.996598, 257, 201, 320, 232
-0.996628, 105, 309, 168, 340
-0.996641, 241, 177, 272, 304
-0.996654, 41, 425, 104, 456
-0.996657, 97, 129, 128, 256
-0.996687, 239, 289, 254, 352
-0.996728, 145, 153, 272, 216
-0.99673, 97, 305, 128, 432
-0.996732, 139, 209, 154, 272
-0.996737, 265, 309, 328, 340
-0.996761, 221, 247, 252, 262
-0.996772, 125, 239, 156, 254
-0.996775, 249, 293, 312, 324
-0.996781, 241, 353, 304, 480
-0.996782, 125, 167, 156, 182
-0.996785, 129, 205, 256, 236
-0.996785, 161, 289, 288, 320
-0.996792, 241, 255, 272, 270
-0.996798, 301, 261, 332, 276
-0.996808, 257, 281, 272, 344
-0.99682, 89, 193, 120, 208
-0.996822, 27, 353, 42, 416
-0.996824, 17, 105, 80, 168
-0.996825, 33, 207, 64, 222
-0.996836, 85, 319, 116, 334
-0.996842, 97, 243, 128, 258
-0.996846, 253, 329, 284, 344
-0.996846, 285, 251, 316, 266
-0.996853, 161, 181, 192, 196
-0.996857, 93, 199, 124, 214
-0.99686, 221, 241, 252, 256
-0.99686, 273, 353, 304, 368
-0.99687, 11, 305, 26, 368
-0.996881, 205, 185, 220, 248
-0.996883, 49, 79, 80, 94
-0.996887, 1, 325, 128, 356
-0.996891, 57, 133, 120, 164
-0.996903, 105, 277, 168, 308
-0.996908, 161, 237, 224, 268
-0.99691, 1, 193, 64, 224
-0.996916, 81, 129, 208, 192
-0.996929, 1, 321, 64, 352
-0.996933, 1, 177, 64, 208
-0.996938, 275, 297, 290, 360
-0.99694, 113, 229, 176, 260
-0.996942, 229, 201, 244, 264
-0.996943, 197, 241, 228, 256
-0.996944, 177, 205, 304, 236
-0.996956, 73, 349, 136, 380
-0.996967, 161, 309, 288, 340
-0.99697, 153, 169, 184, 184
-0.996977, 257, 309, 288, 324
-0.996984, 41, 201, 72, 216
-0.996988, 117, 245, 148, 260
-0.996989, 225, 253, 256, 268
-0.997002, 41, 445, 104, 476
-0.997002, 205, 207, 236, 222
-0.997005, 89, 337, 152, 368
-0.997012, 1, 389, 128, 420
-0.997016, 221, 295, 252, 310
-0.997018, 17, 81, 80, 112
-0.997022, 241, 261, 272, 276
-0.997084, 5, 415, 36, 430
-0.99709, 289, 345, 320, 360
-0.997097, 241, 269, 272, 284
-0.997107, 197, 213, 228, 228
-0.997111, 81, 169, 208, 200
-0.997127, 193, 207, 224, 222
-0.997135, 185, 185, 216, 200
-0.997137, 217, 203, 248, 218
-0.997141, 237, 265, 252, 328
-0.997155, 9, 33, 72, 160
-0.997155, 225, 301, 256, 316
-0.997161, 1, 339, 32, 354
-0.997167, 1, 373, 32, 388
-0.997168, 101, 209, 132, 224
-0.997174, 297, 357, 328, 372
-0.997181, 177, 153, 240, 216
-0.997183, 217, 235, 248, 250
-0.997186, 225, 277, 256, 292
-0.997186, 17, 129, 80, 256
-0.997187, 257, 233, 288, 248
-0.997202, 89, 145, 152, 176
-0.997204, 233, 313, 264, 328
-0.997205, 21, 377, 52, 392
-0.997208, 229, 161, 260, 288
-0.997238, 213, 217, 228, 280
-0.997244, 33, 209, 160, 240
-0.997249, 1, 289, 64, 320
-0.997253, 177, 173, 240, 204
-0.997265, 113, 253, 176, 284
-0.997268, 5, 421, 36, 436
-0.997272, 81, 169, 144, 200
-0.997291, 237, 215, 268, 230
-0.9973, 229, 205, 260, 220
-0.997305, 273, 235, 304, 250
-0.997305, 289, 351, 320, 366
-0.997316, 285, 339, 316, 354
-0.99732, 285, 229, 316, 244
-0.997321, 1, 367, 32, 382
-0.997321, 17, 479, 48, 494
-0.997329, 249, 357, 312, 388
-0.99733, 19, 321, 34, 384
-0.997333, 273, 217, 288, 280
-0.997338, 249, 297, 264, 328
-0.997345, 161, 321, 288, 448
-0.997351, 1, 153, 128, 216
-0.997358, 1, 185, 333, 248
-0.99736, 283, 305, 298, 368
-0.997361, 209, 185, 272, 216
-0.997369, 281, 331, 312, 346
-0.997372, 121, 113, 152, 240
-0.997378, 245, 295, 276, 310
-0.997384, 49, 85, 80, 100
-0.997386, 145, 241, 272, 272
-0.997395, 225, 283, 256, 298
-0.997396, 217, 193, 248, 448
-0.997419, 243, 293, 258, 324
-0.997425, 1, 465, 128, 496
-0.997431, 225, 341, 288, 372
-0.997435, 241, 223, 272, 238
-0.997443, 161, 277, 288, 308
-0.997444, 193, 289, 256, 416
-0.997445, 13, 471, 44, 486
-0.997454, 145, 193, 272, 224
-0.997461, 49, 465, 112, 496
-0.997461, 9, 405, 40, 420
-0.997467, 129, 205, 192, 236
-0.997468, 13, 459, 44, 474
-0.997469, 253, 215, 284, 230
-0.997481, 193, 193, 224, 208
-0.997488, 289, 313, 304, 376
-0.997489, 109, 201, 124, 264
-0.997497, 199, 209, 214, 272
-0.99751, 9, 257, 40, 500
-0.997517, 9, 395, 40, 410
-0.997519, 1, 301, 128, 332
-0.997528, 277, 321, 292, 352
-0.997535, 113, 265, 176, 296
-0.997537, 229, 193, 260, 448
-0.997537, 201, 227, 232, 242
-0.997539, 125, 219, 156, 234
-0.997543, 277, 325, 308, 340
-0.997544, 197, 177, 212, 240
-0.997559, 29, 391, 60, 406
-0.99756, 1, 313, 128, 344
-0.997564, 9, 445, 40, 460
-0.997566, 241, 285, 272, 300
-0.997577, 109, 217, 140, 232
-0.997578, 289, 243, 320, 258
-0.997611, 277, 193, 308, 448
-0.997611, 81, 213, 208, 244
-0.997614, 297, 353, 312, 384
-0.997618, 301, 375, 332, 390
-0.997619, 17, 485, 48, 500
-0.997619, 97, 241, 224, 272
-0.997619, 305, 361, 320, 392
-0.997621, 27, 329, 42, 392
-0.997634, 57, 105, 120, 136
-0.997645, 37, 433, 52, 496
-0.997645, 241, 257, 272, 500
-0.997647, 5, 431, 36, 446
-0.997647, 9, 379, 40, 394
-0.997651, 237, 235, 268, 250
-0.997661, 27, 413, 42, 444
-0.997679, 267, 217, 282, 280
-0.997685, 303, 225, 318, 288
-0.997696, 239, 241, 254, 304
-0.997696, 41, 401, 104, 432
-0.997704, 85, 337, 116, 464
-0.997705, 205, 217, 220, 280
-0.997715, 287, 341, 302, 372
-0.997717, 197, 219, 228, 234
-0.997724, 1, 205, 64, 236
-0.997725, 5, 387, 36, 402
-0.997736, 205, 201, 236, 216
-0.99774, 5, 297, 20, 360
-0.997752, 73, 121, 136, 152
-0.997755, 269, 223, 300, 238
-0.997758, 1, 369, 128, 400
-0.99776, 221, 227, 252, 242
-0.997766, 23, 433, 38, 464
-0.997785, 1, 249, 64, 312
-0.997787, 209, 329, 272, 360
-0.997789, 25, 181, 88, 212
-0.997789, 217, 219, 248, 234
-0.997791, 145, 253, 272, 284
-0.997793, 255, 301, 270, 332
-0.997796, 209, 361, 333, 392
-0.997799, 1, 181, 128, 212
-0.997804, 9, 361, 24, 392
-0.997805, 301, 381, 332, 396
-0.997809, 1, 225, 64, 288
-0.997811, 85, 113, 116, 240
-0.997814, 269, 289, 284, 352
-0.997815, 145, 209, 160, 272
-0.997817, 217, 209, 248, 224
-0.997822, 229, 289, 260, 304
-0.997827, 1, 345, 32, 360
-0.997836, 263, 313, 278, 344
-0.997838, 41, 329, 104, 360
-0.997844, 257, 221, 288, 236
-0.997849, 117, 233, 132, 296
-0.99787, 13, 465, 44, 480
-0.997872, 121, 129, 152, 384
-0.997877, 23, 389, 38, 420
-0.997883, 15, 369, 30, 400
-0.997885, 9, 361, 40, 376
-0.997888, 235, 209, 250, 272
-0.997893, 89, 185, 152, 216
-0.997896, 33, 401, 48, 464
-0.997903, 13, 453, 44, 468
-0.997904, 65, 229, 128, 260
-0.997905, 5, 355, 36, 370
-0.997906, 27, 453, 42, 484
-0.997915, 131, 233, 146, 296
-0.997929, 81, 197, 208, 228
-0.997933, 297, 237, 328, 252
-0.997933, 261, 257, 292, 500
-0.997936, 105, 297, 168, 328
-0.997936, 21, 383, 52, 398
-0.99794, 271, 325, 286, 356
-0.997951, 17, 389, 48, 404
-0.997958, 237, 229, 268, 244
-0.997965, 243, 281, 258, 312
-0.997966, 133, 129, 164, 384
-0.997975, 253, 313, 268, 344
-0.997981, 249, 323, 280, 338
-0.997985, 281, 337, 296, 368
-0.997987, 273, 341, 304, 356
-0.997998, 297, 369, 328, 384
-0.997998, 233, 189, 296, 220
-0.998001, 145, 265, 272, 296
-0.998003, 265, 315, 296, 330
-0.998009, 83, 105, 98, 168
-0.998014, 13, 371, 44, 386
-0.998022, 21, 377, 36, 408
-0.998026, 113, 145, 176, 176
-0.998044, 39, 385, 54, 448
-0.998045, 25, 193, 88, 224
-0.998049, 9, 301, 72, 332
-0.998053, 9, 439, 40, 454
-0.998059, 305, 329, 320, 392
-0.998065, 233, 307, 264, 322
-0.998067, 315, 373, 330, 404
-0.998079, 241, 193, 256, 256
-0.99808, 109, 305, 124, 368
-0.998083, 29, 397, 60, 412
-0.998086, 1, 153, 256, 216
-0.998092, 33, 467, 64, 482
-0.998098, 17, 353, 32, 384
-0.998106, 191, 169, 206, 232
-0.99811, 25, 429, 56, 444
-0.99813, 249, 285, 264, 316
-0.998133, 193, 313, 256, 344
-0.998145, 301, 245, 332, 260
-0.998158, 103, 321, 118, 384
-0.998158, 177, 249, 240, 280
-0.998172, 77, 97, 92, 160
-0.998176, 3, 349, 18, 380
-0.998177, 249, 257, 264, 320
-0.998179, 285, 235, 316, 250
-0.998181, 49, 289, 112, 352
-0.998184, 243, 217, 258, 280
-0.998187, 33, 485, 64, 500
-0.99819, 89, 133, 152, 164
-0.998193, 205, 161, 236, 416
-0.998197, 261, 321, 292, 336
-0.9982, 27, 373, 42, 404
-0.998204, 297, 321, 312, 384
-0.998214, 265, 333, 296, 348
-0.998215, 293, 363, 324, 378
-0.99822, 249, 303, 280, 318
-0.998224, 115, 185, 130, 248
-0.998224, 219, 225, 234, 288
-0.998229, 29, 465, 44, 496
-0.998242, 249, 313, 264, 376
-0.998243, 245, 311, 276, 326
-0.998244, 65, 57, 128, 120
-0.998249, 1, 353, 256, 416
-0.998263, 277, 347, 308, 362
-0.998274, 207, 189, 222, 220
-0.998275, 9, 341, 24, 372
-0.998281, 29, 449, 60, 464
-0.998283, 185, 169, 200, 232
-0.998287, 241, 161, 272, 416
-0.998287, 289, 225, 320, 480
-0.998287, 1, 401, 256, 464
-0.99829, 177, 257, 240, 320
-0.998294, 89, 157, 152, 188
-0.998295, 263, 281, 278, 344
-0.998297, 33, 393, 48, 424
-0.9983, 293, 341, 308, 372
-0.998308, 109, 161, 124, 224
-0.998315, 25, 209, 88, 240
-0.998319, 71, 89, 86, 152
-0.998326, 211, 201, 226, 232
-0.998333, 17, 261, 144, 292
-0.99834, 247, 309, 262, 340
-0.998342, 237, 301, 268, 316
-0.998343, 89, 97, 152, 160
-0.998356, 209, 245, 333, 276
-0.998357, 59, 73, 74, 136
-0.998361, 1, 269, 64, 300
-0.998361, 145, 145, 160, 208
-0.998363, 313, 337, 328, 400
-0.998364, 153, 169, 168, 232
-0.998365, 283, 325, 298, 356
-0.998365, 201, 173, 264, 204
-0.998365, 1, 257, 64, 288
-0.998371, 145, 129, 176, 384
-0.998376, 269, 313, 284, 344
-0.998391, 25, 403, 56, 418
-0.998409, 253, 227, 284, 242
-0.998409, 273, 229, 304, 244
-0.998414, 1, 289, 128, 320
-0.998416, 25, 435, 56, 450
-0.998417, 137, 233, 152, 296
-0.998429, 129, 173, 256, 204
-0.998433, 305, 237, 320, 268
-0.998434, 21, 257, 52, 500
-0.998434, 221, 201, 236, 232
-0.998435, 21, 421, 36, 452
-0.998441, 193, 209, 208, 272
-0.998449, 285, 357, 316, 372
-0.998449, 237, 293, 252, 324
-0.998451, 33, 473, 64, 488
-0.998452, 299, 233, 314, 264
-0.998453, 291, 229, 306, 260
-0.998463, 241, 227, 304, 242
-0.998468, 291, 353, 306, 384
-0.998472, 109, 161, 140, 416
-0.998477, 125, 241, 140, 304
-0.998479, 33, 381, 48, 412
-0.99848, 81, 157, 208, 188
-0.998491, 209, 309, 333, 340
-0.998497, 17, 305, 32, 432
-0.9985, 209, 297, 333, 328
-0.998504, 25, 483, 88, 498
-0.998505, 81, 313, 208, 344
-0.998506, 241, 323, 304, 338
-0.998507, 201, 227, 264, 242
-0.99851, 17, 419, 80, 434
-0.998511, 17, 435, 80, 450
-0.998514, 209, 257, 333, 288
-0.998514, 301, 225, 332, 480
-0.998515, 241, 329, 304, 344
-0.998516, 185, 161, 216, 416
-0.998518, 17, 443, 80, 458
-0.998519, 233, 317, 296, 332
-0.998521, 217, 221, 280, 236
-0.998523, 249, 339, 312, 354
-0.998526, 117, 213, 132, 244
-0.998526, 49, 81, 64, 144
-0.998527, 279, 217, 294, 280
-0.998528, 29, 459, 60, 474
-0.998531, 1, 353, 64, 368
-0.998531, 265, 233, 328, 248
-0.998533, 265, 361, 328, 376
-0.998533, 17, 425, 80, 440
-0.998534, 25, 471, 88, 486
-0.998538, 241, 233, 304, 248
-0.998539, 17, 413, 80, 428
-0.99854, 145, 113, 176, 240
-0.99854, 273, 369, 333, 384
-0.99854, 237, 277, 252, 308
-0.998542, 25, 477, 88, 492
-0.998543, 193, 219, 256, 234
-0.998544, 313, 245, 328, 276
-0.998544, 265, 355, 328, 370
-0.998545, 21, 393, 36, 456
-0.998546, 289, 225, 304, 288
-0.998547, 257, 345, 320, 360
-0.998549, 209, 301, 272, 316
-0.99855, 17, 449, 80, 464
-0.998552, 217, 215, 280, 230
-0.998553, 25, 459, 88, 474
-0.998553, 25, 409, 56, 424
-0.998558, 225, 311, 288, 326
-0.998559, 21, 365, 36, 396
-0.998561, 1, 347, 64, 362
-0.998561, 273, 239, 333, 254
-0.998562, 185, 209, 248, 224
-0.998564, 97, 253, 224, 284
-0.998567, 17, 407, 80, 422
-0.998569, 25, 465, 88, 480
-0.998569, 265, 325, 280, 356
-0.99857, 201, 233, 264, 248
-0.998571, 303, 349, 318, 380
-0.998574, 17, 393, 80, 408
-0.998575, 105, 219, 168, 234
-0.998584, 273, 375, 333, 390
-0.998585, 177, 225, 240, 240
-0.998586, 1, 359, 64, 374
-0.998587, 201, 239, 264, 254
-0.998588, 1, 465, 64, 480
-0.998589, 17, 399, 80, 414
-0.998591, 241, 217, 304, 232
-0.998591, 25, 423, 56, 438
-0.998593, 25, 369, 40, 496
-0.998593, 1, 475, 64, 490
-0.998594, 1, 455, 64, 470
-0.998594, 201, 295, 264, 310
-0.998595, 313, 233, 328, 296
-0.998595, 233, 239, 296, 254
-0.998596, 17, 383, 80, 398
-0.998599, 9, 375, 72, 390
-0.998601, 193, 189, 320, 220
-0.998601, 201, 281, 264, 296
-0.998601, 209, 209, 272, 224
-0.998604, 241, 305, 304, 320
-0.998606, 1, 365, 64, 380
-0.998606, 145, 173, 208, 188
-0.998606, 37, 461, 52, 492
-0.998608, 201, 273, 264, 288
-0.998609, 201, 245, 264, 260
-0.998611, 169, 191, 232, 206
-0.998611, 161, 185, 224, 200
-0.998614, 265, 223, 328, 238
-0.998615, 201, 251, 264, 266
-0.998616, 241, 289, 304, 304
-0.998617, 153, 179, 216, 194
-0.998617, 273, 325, 333, 340
-0.998618, 201, 203, 264, 218
-0.99862, 1, 481, 64, 496
-0.998621, 233, 247, 296, 262
-0.998621, 169, 219, 232, 234
-0.998622, 65, 199, 128, 214
-0.998622, 151, 145, 166, 208
-0.998623, 113, 167, 176, 182
-0.998625, 29, 437, 44, 468
-0.998626, 153, 225, 216, 240
-0.998627, 201, 265, 264, 280
-0.998627, 249, 311, 312, 326
-0.998628, 201, 289, 264, 304
-0.998629, 1, 341, 64, 356
-0.998629, 273, 333, 333, 348
-0.99863, 89, 213, 152, 228
-0.998631, 201, 307, 264, 322
-0.998631, 121, 185, 136, 248
-0.998631, 225, 295, 288, 310
-0.998631, 273, 245, 333, 260
-0.998632, 201, 259, 264, 274
-0.998632, 169, 197, 232, 212
-0.998635, 65, 205, 128, 220
-0.998636, 29, 443, 60, 458
-0.998637, 233, 205, 296, 220
-0.998637, 241, 283, 304, 298
-0.998638, 209, 197, 272, 212
-0.998638, 145, 219, 208, 234
-0.998638, 17, 273, 144, 304
-0.998641, 211, 213, 226, 244
-0.998643, 233, 261, 296, 276
-0.998644, 65, 193, 128, 208
-0.998644, 105, 199, 168, 214
-0.998645, 1, 335, 64, 350
-0.998646, 33, 91, 96, 106
-0.998646, 273, 339, 333, 354
-0.998647, 233, 267, 296, 282
-0.998649, 309, 373, 324, 404
-0.998649, 41, 107, 104, 122
-0.998649, 49, 125, 112, 140
-0.998649, 25, 85, 88, 100
-0.998649, 241, 253, 304, 268
-0.998653, 33, 101, 96, 116
-0.998653, 73, 319, 136, 334
-0.998655, 41, 453, 104, 468
-0.998655, 233, 273, 296, 288
-0.998656, 235, 185, 250, 248
-0.998657, 265, 317, 328, 332
-0.998657, 177, 203, 240, 218
-0.998657, 177, 231, 240, 246
-0.998658, 41, 113, 104, 128
-0.998658, 81, 277, 208, 308
-0.998659, 97, 225, 160, 240
-0.99866, 113, 173, 176, 188
-0.99866, 113, 187, 176, 202
-0.998664, 65, 325, 128, 340
-0.998664, 73, 311, 136, 326
-0.998664, 41, 419, 104, 434
-0.998664, 137, 167, 200, 182
-0.998665, 49, 119, 112, 134
-0.998666, 233, 295, 264, 310
-0.998666, 113, 247, 176, 262
-0.998666, 273, 381, 333, 396
-0.998667, 145, 213, 208, 228
-0.998667, 97, 327, 160, 342
-0.998667, 113, 241, 176, 256
-0.998667, 249, 299, 312, 314
-0.998667, 105, 319, 168, 334
-0.998668, 105, 205, 168, 220
-0.998668, 113, 161, 176, 176
-0.998668, 25, 355, 88, 370
-0.998669, 105, 193, 168, 208
-0.998669, 81, 283, 144, 298
-0.998669, 65, 211, 128, 226
-0.99867, 73, 299, 136, 314
-0.998671, 73, 305, 136, 320
-0.998672, 41, 425, 104, 440
-0.998673, 145, 191, 208, 206
-0.998673, 45, 401, 60, 464
-0.998682, 65, 73, 80, 136
-0.998685, 311, 361, 326, 392
-0.998685, 245, 273, 260, 400
-0.998687, 85, 289, 116, 416
-0.998695, 17, 353, 32, 480
-0.998706, 173, 161, 204, 416
-0.998711, 81, 337, 208, 368
-0.998713, 33, 405, 48, 436
-0.998716, 111, 213, 126, 244
-0.998718, 227, 209, 242, 240
-0.998721, 11, 281, 26, 344
-0.998723, 265, 327, 296, 342
-0.998723, 3, 265, 18, 328
-0.998725, 241, 265, 256, 296
-0.998726, 199, 241, 214, 304
-0.998733, 37, 205, 52, 236
-0.998736, 249, 317, 280, 332
-0.998744, 201, 185, 216, 216
-0.998744, 201, 225, 216, 256
-0.998749, 25, 321, 40, 448
-0.99875, 69, 321, 100, 448
-0.998751, 129, 217, 144, 248
-0.998751, 271, 229, 286, 260
-0.998756, 1, 337, 16, 368
-0.998767, 281, 225, 296, 256
-0.998767, 33, 479, 64, 494
-0.998767, 1, 377, 256, 440
-0.998772, 123, 213, 138, 244
-0.998774, 317, 385, 332, 416
-0.998776, 179, 169, 194, 232
-0.998779, 41, 345, 56, 408
-0.998785, 223, 177, 238, 240
-0.998785, 1, 189, 16, 220
-0.998787, 197, 213, 212, 244
-0.998798, 81, 325, 208, 356
-0.998802, 111, 233, 126, 296
-0.998807, 279, 193, 294, 256
-0.998808, 109, 257, 140, 500
-0.998811, 161, 185, 176, 248
-0.998813, 139, 217, 154, 248
-0.998815, 219, 225, 234, 256
-0.998816, 91, 121, 106, 184
-0.998819, 31, 369, 46, 496
-0.99882, 267, 305, 282, 432
-0.998821, 33, 337, 48, 400
-0.998822, 129, 185, 144, 248
-0.998826, 21, 445, 36, 476
-0.998826, 135, 145, 150, 208
-0.998827, 33, 449, 48, 480
-0.998833, 25, 225, 88, 352
-0.99884, 191, 225, 206, 256
-0.998841, 157, 145, 172, 208
-0.998844, 275, 305, 290, 432
-0.998846, 17, 245, 144, 276
-0.998855, 263, 221, 278, 252
-0.998865, 207, 241, 222, 304
-0.998872, 265, 161, 296, 416
-0.998873, 167, 161, 182, 224
-0.998875, 1, 113, 128, 144
-0.998882, 261, 301, 276, 332
-0.998884, 285, 321, 300, 448
-0.998886, 253, 161, 284, 416
-0.998887, 1, 161, 32, 416
-0.99889, 161, 129, 192, 384
-0.998899, 109, 321, 124, 352
-0.998903, 207, 225, 222, 256
-0.998909, 137, 81, 152, 112
-0.998911, 271, 217, 286, 248
-0.998912, 115, 161, 130, 224
-0.998925, 1, 169, 16, 232
-0.998927, 71, 89, 86, 120
-0.998932, 241, 237, 256, 268
-0.998943, 233, 213, 248, 244
-0.998943, 289, 325, 304, 356
-0.998947, 203, 201, 218, 232
-0.998949, 313, 233, 328, 264
-0.99895, 107, 197, 122, 228
-0.998952, 33, 257, 64, 500
-0.998953, 21, 401, 36, 432
-0.998953, 233, 241, 248, 304
-0.998954, 217, 145, 248, 272
-0.998961, 1, 57, 64, 120
-0.998964, 39, 397, 54, 428
-0.998968, 1, 161, 333, 224
-0.99897, 231, 281, 246, 344
-0.998973, 63, 81, 78, 112
-0.998975, 95, 337, 110, 400
-0.998977, 261, 217, 276, 280
-0.998991, 251, 289, 266, 416
-0.998991, 127, 145, 142, 208
-0.998994, 97, 129, 128, 384
-0.998996, 241, 305, 256, 336
-0.998999, 231, 197, 246, 228
-0.999002, 97, 265, 224, 296
-0.999013, 39, 185, 54, 248
-0.999018, 65, 349, 192, 380
-0.999019, 31, 205, 46, 236
-0.999022, 157, 165, 172, 196
-0.999022, 57, 77, 72, 108
-0.999023, 217, 177, 232, 240
-0.999023, 103, 225, 118, 256
-0.999026, 103, 193, 118, 256
-0.999029, 217, 97, 248, 352
-0.99903, 233, 129, 296, 256
-0.999032, 261, 305, 276, 432
-0.999032, 173, 177, 188, 240
-0.999035, 117, 241, 132, 272
-0.999035, 115, 297, 130, 360
-0.999036, 283, 353, 298, 416
-0.999039, 241, 225, 256, 256
-0.999047, 253, 213, 268, 244
-0.999047, 9, 305, 24, 336
-0.999056, 129, 241, 144, 272
-0.999057, 81, 225, 208, 256
-0.999058, 93, 313, 108, 376
-0.999059, 281, 237, 296, 268
-0.999061, 91, 145, 106, 208
-0.999064, 89, 209, 120, 336
-0.999064, 121, 225, 152, 480
-0.999066, 103, 161, 118, 224
-0.999068, 273, 345, 288, 408
-0.999069, 97, 289, 224, 320
-0.999075, 15, 381, 30, 412
-0.999084, 17, 281, 32, 344
-0.999086, 7, 289, 22, 416
-0.999086, 235, 249, 250, 280
-0.999086, 155, 181, 170, 212
-0.999086, 145, 217, 160, 248
-0.999091, 81, 301, 208, 332
-0.999093, 193, 233, 208, 296
-0.999094, 293, 321, 308, 448
-0.999095, 299, 337, 314, 464
-0.999096, 35, 433, 50, 464
-0.999097, 289, 361, 304, 424
-0.999097, 25, 415, 56, 430
-0.999101, 43, 433, 58, 496
-0.999101, 217, 189, 232, 220
-0.999107, 239, 205, 254, 236
-0.999113, 243, 253, 258, 284
-0.999114, 105, 225, 120, 288
-0.999128, 65, 97, 96, 352
-0.999138, 263, 209, 278, 240
-0.999145, 81, 109, 96, 140
-0.999146, 317, 361, 332, 392
-0.999147, 247, 217, 262, 248
-0.999149, 75, 101, 90, 132
-0.999157, 305, 225, 320, 256
-0.999157, 123, 245, 138, 276
-0.999162, 147, 153, 162, 184
-0.999162, 135, 237, 150, 268
-0.999163, 23, 465, 38, 496
-0.999164, 309, 349, 324, 380
-0.999164, 33, 85, 160, 116
-0.999164, 275, 309, 290, 340
-0.999165, 217, 213, 232, 244
-0.999173, 209, 273, 333, 304
-0.999174, 255, 289, 270, 320
-0.999174, 203, 213, 218, 244
-0.999185, 103, 325, 118, 356
-0.999189, 27, 401, 42, 432
-0.999191, 85, 225, 116, 480
-0.999193, 87, 117, 102, 148
-0.999193, 199, 241, 214, 272
-0.999196, 301, 249, 316, 280
-0.999198, 25, 329, 40, 360
-0.999198, 131, 89, 146, 120
-0.999203, 49, 145, 176, 176
-0.999203, 17, 225, 144, 256
-0.999205, 239, 257, 254, 384
-0.999218, 49, 185, 176, 216
-0.99922, 61, 129, 92, 256
-0.999232, 49, 65, 80, 320
-0.99925, 231, 193, 246, 320
-0.99925, 157, 129, 188, 256
-0.999253, 313, 353, 328, 480
-0.999273, 77, 97, 108, 352
-0.999276, 45, 257, 76, 500
-0.999299, 13, 161, 44, 416
-0.999302, 1, 433, 256, 496
-0.999304, 97, 257, 128, 500
-0.999317, 245, 225, 260, 352
-0.999319, 101, 241, 132, 368
-0.999332, 305, 337, 320, 464
-0.999339, 33, 169, 160, 200
-0.999356, 209, 285, 333, 316
-0.999369, 11, 337, 26, 464
-0.999394, 133, 225, 164, 480
-0.999405, 25, 249, 88, 312
-0.999417, 31, 321, 46, 448
-0.999423, 49, 353, 176, 416
-0.999428, 129, 33, 160, 288
-0.999441, 209, 373, 333, 404
-0.999446, 33, 33, 288, 160
-0.999452, 197, 129, 228, 256
-0.999465, 109, 65, 140, 320
-0.999467, 1, 353, 333, 416
-0.999468, 61, 193, 92, 448
-0.999474, 73, 257, 104, 500
-0.999497, 197, 65, 228, 320
-0.999501, 251, 225, 266, 352
-0.999507, 1, 129, 128, 160
-0.999515, 237, 193, 252, 320
-0.999534, 145, 225, 176, 480
-0.999537, 287, 333, 302, 348
-0.999538, 197, 221, 212, 236
-0.999538, 243, 271, 258, 286
-0.999538, 229, 97, 260, 352
-0.999538, 245, 223, 260, 238
-0.99954, 15, 383, 30, 398
-0.99954, 27, 375, 42, 390
-0.999541, 143, 77, 158, 92
-0.999541, 215, 197, 230, 212
-0.999541, 215, 229, 230, 244
-0.999541, 111, 213, 126, 228
-0.999541, 285, 241, 300, 256
-0.999544, 297, 361, 312, 376
-0.999544, 313, 363, 328, 378
-0.999544, 67, 205, 82, 220
-0.999546, 115, 241, 130, 256
-0.999546, 299, 241, 314, 256
-0.999546, 237, 287, 252, 302
-0.999548, 9, 357, 24, 372
-0.999548, 301, 253, 316, 268
-0.999548, 129, 219, 144, 234
-0.999551, 291, 245, 306, 260
-0.999552, 15, 355, 30, 370
-0.999556, 265, 217, 280, 232
-0.999556, 265, 229, 280, 244
-0.999556, 259, 321, 274, 336
-0.999558, 7, 349, 22, 364
-0.999559, 31, 455, 46, 470
-0.999559, 255, 215, 270, 230
-0.99956, 283, 223, 298, 238
-0.99956, 293, 237, 308, 252
-0.999561, 249, 229, 264, 244
-0.999562, 31, 443, 46, 458
-0.999563, 21, 377, 36, 392
-0.999563, 19, 421, 34, 436
-0.999564, 265, 327, 280, 342
-0.999564, 247, 313, 262, 328
-0.999566, 29, 475, 44, 490
-0.999566, 229, 211, 244, 226
-0.999567, 317, 385, 332, 400
-0.999567, 19, 369, 34, 384
-0.999569, 209, 195, 224, 210
-0.999569, 37, 369, 52, 496
-0.99957, 241, 235, 256, 250
-0.99957, 35, 461, 50, 476
-0.999571, 23, 397, 38, 412
-0.999572, 1, 191, 16, 206
-0.999572, 1, 351, 16, 366
-0.999572, 225, 193, 240, 320
-0.999573, 257, 227, 272, 242
-0.999573, 221, 209, 236, 224
-0.999574, 291, 339, 306, 354
-0.999577, 123, 217, 138, 232
-0.999577, 23, 405, 38, 420
-0.999578, 285, 235, 300, 250
-0.999578, 205, 189, 220, 204
-0.999578, 275, 233, 290, 248
-0.999579, 17, 361, 32, 376
-0.99958, 37, 467, 52, 482
-0.99958, 37, 477, 52, 492
-0.999581, 5, 343, 20, 358
-0.999582, 213, 221, 228, 236
-0.999583, 201, 257, 232, 500
-0.999584, 299, 349, 314, 364
-0.999584, 237, 295, 252, 310
-0.999587, 293, 347, 308, 362
-0.999588, 29, 161, 60, 416
-0.999588, 305, 243, 320, 258
-0.999591, 249, 291, 264, 306
-0.999591, 37, 207, 52, 222
-0.999593, 281, 333, 296, 348
-0.999594, 311, 369, 326, 384
-0.999595, 209, 201, 224, 216
-0.999595, 313, 379, 328, 394
-0.999596, 249, 285, 264, 300
-0.999596, 295, 231, 310, 246
-0.999597, 31, 399, 46, 414
-0.999598, 239, 279, 254, 294
-0.999599, 31, 409, 46, 424
-0.999599, 289, 229, 304, 244
-0.999599, 217, 193, 232, 320
-0.9996, 27, 381, 42, 396
-0.999601, 31, 387, 46, 402
-0.999601, 25, 445, 40, 460
-0.999601, 243, 229, 258, 244
-0.999602, 259, 309, 274, 324
-0.999602, 3, 357, 18, 372
-0.999602, 117, 215, 132, 230
-0.999603, 283, 229, 298, 244
-0.999605, 243, 301, 258, 316
-0.999605, 17, 429, 32, 444
-0.999605, 115, 177, 130, 304
-0.999607, 275, 221, 290, 236
-0.999608, 311, 243, 326, 258
-0.999608, 161, 225, 192, 480
-0.999609, 265, 223, 280, 238
-0.999609, 23, 431, 38, 446
-0.999613, 219, 203, 234, 218
-0.999613, 301, 235, 316, 250
-0.999613, 13, 371, 28, 386
-0.999615, 271, 227, 286, 242
-0.999616, 27, 423, 42, 438
-0.999617, 307, 237, 322, 252
-0.999617, 247, 307, 262, 322
-0.999617, 303, 359, 318, 374
-0.999618, 291, 353, 306, 368
-0.999619, 31, 393, 46, 408
-0.999619, 185, 65, 216, 320
-0.99962, 273, 319, 288, 334
-0.999621, 27, 469, 42, 484
-0.999621, 173, 65, 204, 320
-0.999621, 15, 377, 30, 392
-0.999625, 27, 461, 42, 476
-0.999626, 31, 485, 46, 500
-0.999627, 317, 243, 332, 258
-0.999628, 139, 83, 154, 98
-0.999629, 125, 161, 140, 288
-0.999632, 25, 453, 40, 468
-0.999633, 283, 339, 298, 354
-0.999635, 265, 321, 280, 336
-0.999636, 21, 383, 36, 398
-0.999639, 41, 57, 104, 120
-0.99964, 145, 33, 176, 288
-0.999641, 315, 249, 330, 264
-0.999644, 29, 415, 44, 430
-0.999644, 277, 227, 292, 242
-0.999647, 283, 327, 298, 342
-0.999651, 253, 313, 268, 328
-0.999652, 7, 363, 22, 378
-0.999653, 271, 325, 286, 340
-0.999655, 21, 389, 36, 404
-0.999658, 265, 315, 280, 330
-0.999661, 287, 345, 302, 360
-0.999664, 23, 437, 38, 452
-0.999669, 1, 321, 16, 448
-0.999672, 253, 303, 268, 318
-0.999675, 49, 121, 176, 152
-0.999677, 275, 331, 290, 346
-0.999681, 243, 285, 258, 300
-0.999684, 305, 365, 320, 380
-0.999689, 259, 315, 274, 330
-0.999691, 243, 295, 258, 310
-0.999695, 297, 355, 312, 370
-0.999706, 297, 193, 328, 320
-0.999708, 17, 97, 144, 128
-0.999711, 145, 161, 272, 192
-0.999716, 203, 177, 218, 304
-0.999718, 277, 325, 292, 340
-0.999725, 1, 273, 16, 400
-0.999726, 209, 177, 224, 304
-0.999738, 139, 145, 154, 272
-0.999751, 257, 257, 272, 384
-0.999763, 297, 129, 328, 384
-0.999788, 249, 297, 264, 312
-0.999805, 257, 33, 320, 288
-0.999805, 133, 145, 148, 272
-0.99984, 263, 257, 278, 384
-0.99985, 81, 1, 112, 256
-0.999854, 57, 225, 120, 288
-0.999866, 197, 161, 212, 288
-0.999868, 131, 193, 146, 320
-0.999878, 57, 337, 88, 464
-0.99989, 191, 161, 206, 288
-0.999894, 147, 145, 162, 272
-0.9999, 37, 321, 52, 448
-0.99991, 93, 33, 124, 288
-0.999912, 153, 161, 168, 288
-0.999918, 109, 193, 124, 320
-0.999931, 37, 65, 68, 320
-0.999935, 49, 289, 176, 320
-0.999938, 277, 33, 308, 288
-0.999944, 17, 257, 32, 384
-0.999947, 61, 1, 92, 256
-0.999948, 45, 161, 76, 416
-0.99995, 157, 33, 188, 288
-0.999968, 65, 97, 192, 128
-0.999968, 43, 337, 58, 464
-0.999973, 49, 109, 176, 140
-0.999988, 77, 81, 92, 208
-0.999997, 125, 209, 140, 336
-1, 281, 273, 296, 400
-1.00001, 71, 81, 86, 208
-1.00001, 137, 193, 152, 320
-1.00001, 17, 157, 144, 188
-1.00002, 65, 133, 192, 164
-1.00003, 233, 241, 248, 368
-1.00003, 193, 313, 256, 376
-1.00003, 23, 273, 38, 400
-1.00003, 117, 129, 132, 256
-1.00004, 189, 257, 220, 500
-1.00007, 305, 289, 320, 416
-1.00007, 173, 257, 204, 500
-1.00008, 261, 65, 292, 320
-1.00009, 275, 257, 290, 384
-1.00009, 193, 177, 320, 208
-1.0001, 83, 97, 98, 224
-1.0001, 185, 161, 200, 288
-1.00011, 61, 65, 76, 192
-1.00013, 269, 257, 284, 384
-1.00013, 179, 177, 194, 304
-1.00013, 287, 273, 302, 400
-1.00013, 7, 241, 22, 368
-1.00013, 229, 305, 260, 432
-1.00014, 25, 33, 56, 288
-1.00015, 243, 177, 258, 304
-1.00015, 209, 225, 224, 352
-1.00016, 133, 241, 164, 368
-1.00017, 51, 65, 66, 192
-1.00017, 257, 169, 320, 232
-1.00017, 169, 177, 184, 304
-1.00019, 241, 65, 272, 320
-1.00019, 283, 225, 298, 352
-1.0002, 295, 273, 310, 400
-1.0002, 159, 161, 174, 288
-1.00021, 49, 337, 64, 464
-1.00022, 201, 225, 216, 352
-1.00023, 217, 1, 248, 256
-1.00024, 119, 241, 134, 368
-1.00025, 315, 305, 330, 432
-1.00026, 143, 193, 158, 320
-1.00029, 1, 65, 32, 320
-1.00029, 111, 129, 126, 256
-1.00029, 127, 113, 142, 240
-1.0003, 193, 209, 208, 336
-1.00031, 77, 321, 92, 448
-1.00034, 105, 305, 120, 432
-1.00034, 29, 273, 44, 400
-1.00034, 49, 73, 176, 104
-1.00035, 69, 337, 84, 464
-1.00036, 249, 177, 264, 304
-1.00037, 105, 129, 120, 256
-1.00039, 297, 33, 328, 288
-1.0004, 93, 129, 108, 256
-1.0004, 61, 337, 76, 464
-1.00041, 133, 81, 148, 208
-1.00041, 49, 445, 176, 476
-1.00042, 89, 321, 104, 448
-1.00042, 133, 241, 148, 368
-1.00042, 289, 193, 304, 320
-1.00042, 257, 209, 272, 336
-1.00042, 49, 469, 176, 500
-1.00043, 83, 305, 98, 432
-1.00043, 95, 321, 110, 448
-1.00044, 111, 241, 126, 368
-1.00045, 13, 33, 44, 288
-1.00046, 219, 145, 234, 272
-1.00047, 139, 241, 154, 368
-1.00047, 111, 289, 126, 416
-1.00048, 237, 145, 252, 272
-1.00048, 239, 305, 254, 432
-1.00048, 147, 97, 162, 224
-1.00048, 77, 129, 92, 256
-1.00049, 209, 153, 272, 216
-1.00049, 101, 209, 116, 336
-1.00049, 65, 129, 80, 256
-1.0005, 229, 1, 260, 256
-1.0005, 229, 145, 244, 272
-1.00051, 1, 97, 256, 160
-1.00051, 295, 225, 310, 352
-1.00052, 317, 225, 332, 352
-1.00055, 55, 337, 70, 464
-1.00055, 157, 113, 172, 240
-1.00056, 85, 145, 100, 272
-1.00057, 99, 113, 114, 240
-1.00057, 29, 273, 60, 400
-1.00057, 49, 361, 176, 392
-1.00057, 279, 353, 294, 480
-1.00059, 149, 209, 164, 336
-1.00059, 97, 145, 224, 176
-1.0006, 35, 273, 50, 400
-1.0006, 105, 257, 120, 384
-1.0006, 139, 65, 154, 192
-1.00061, 1, 225, 16, 352
-1.00061, 9, 193, 24, 320
-1.00061, 57, 113, 72, 240
-1.00062, 203, 129, 218, 256
-1.00062, 19, 209, 34, 336
-1.00063, 73, 129, 104, 256
-1.00063, 165, 129, 180, 256
-1.00064, 99, 273, 114, 400
-1.00064, 71, 129, 86, 256
-1.00065, 219, 241, 234, 368
-1.00065, 33, 193, 48, 320
-1.00067, 51, 113, 66, 240
-1.00067, 91, 177, 106, 304
-1.00068, 83, 49, 98, 176
-1.00068, 187, 209, 202, 336
-1.00068, 133, 97, 164, 224
-1.0007, 245, 321, 260, 448
-1.0007, 45, 113, 76, 240
-1.00071, 69, 289, 84, 416
-1.00073, 145, 149, 272, 180
-1.00073, 177, 281, 240, 344
-1.00075, 49, 457, 176, 488
-1.00077, 25, 153, 88, 216
-1.00085, 145, 333, 272, 364
-1.00092, 1, 141, 128, 172
-1.00095, 209, 385, 333, 416
-1.00095, 49, 433, 176, 464
-1.00096, 1, 193, 32, 320
-1.001, 193, 1, 256, 256
-1.00102, 49, 225, 112, 352
-1.00107, 113, 133, 240, 164
-1.00109, 153, 273, 216, 400
-1.00111, 161, 349, 288, 380
-1.00113, 49, 381, 176, 412
-1.00114, 49, 421, 176, 452
-1.00116, 49, 433, 176, 496
-1.00118, 129, 321, 256, 352
-1.0012, 49, 393, 176, 424
-1.00124, 121, 121, 184, 184
-1.00124, 193, 161, 320, 192
-1.00125, 49, 405, 176, 436
-1.00125, 65, 81, 192, 144
-1.00126, 269, 225, 300, 352
-1.00127, 65, 121, 320, 184
-1.0013, 33, 61, 160, 92
-1.0013, 113, 77, 240, 108
-1.00133, 97, 109, 224, 140
-1.00133, 97, 393, 224, 424
-1.00135, 113, 433, 240, 464
-1.00136, 97, 453, 224, 484
-1.00136, 13, 209, 44, 336
-1.00137, 257, 209, 288, 336
-1.00142, 97, 121, 224, 152
-1.00143, 97, 465, 224, 496
-1.00145, 113, 377, 240, 408
-1.00147, 113, 93, 240, 124
-1.00149, 113, 365, 240, 396
-1.00149, 209, 401, 333, 432
-1.0015, 113, 405, 240, 436
-1.00151, 41, 289, 72, 416
-1.00154, 97, 421, 224, 452
-1.00154, 129, 65, 256, 96
-1.00157, 161, 389, 288, 420
-1.00158, 113, 353, 176, 480
-1.00159, 25, 129, 88, 192
-1.00163, 269, 353, 300, 480
-1.00164, 161, 433, 288, 464
-1.00164, 161, 377, 288, 408
-1.00166, 65, 361, 128, 424
-1.00167, 81, 105, 208, 168
-1.00168, 161, 25, 288, 56
-1.00169, 65, 49, 192, 80
-1.00171, 161, 421, 288, 452
-1.00173, 161, 13, 288, 44
-1.00173, 161, 37, 288, 68
-1.00173, 209, 41, 333, 72
-1.00173, 209, 457, 333, 488
-1.00176, 145, 445, 272, 476
-1.00176, 193, 153, 320, 216
-1.00177, 129, 53, 256, 84
-1.00177, 161, 401, 288, 432
-1.00177, 145, 461, 272, 492
-1.00179, 209, 21, 333, 52
-1.00179, 153, 129, 216, 192
-1.00181, 161, 1, 288, 32
-1.00181, 109, 113, 140, 240
-1.00182, 113, 353, 240, 384
-1.00182, 65, 1, 192, 32
-1.00182, 113, 1, 240, 32
-1.00182, 161, 93, 288, 124
-1.00184, 1, 145, 64, 208
-1.00185, 49, 57, 176, 120
-1.00194, 217, 337, 280, 464
-1.00205, 145, 97, 272, 224
-1.00205, 137, 257, 200, 320
-1.00213, 297, 241, 328, 368
-1.00224, 1, 385, 333, 448
-1.00227, 257, 129, 320, 256
-1.00229, 281, 177, 312, 304
-1.00231, 161, 321, 224, 448
-1.00238, 241, 361, 304, 424
-1.00238, 73, 369, 136, 496
-1.00242, 153, 289, 216, 352
-1.00245, 1, 417, 333, 480
-1.00247, 129, 65, 192, 128
-1.0025, 129, 297, 256, 360
-1.00252, 169, 129, 200, 256
-1.00255, 69, 273, 100, 400
-1.00266, 97, 33, 160, 160
-1.00268, 145, 225, 176, 352
-1.00269, 129, 305, 192, 432
-1.00273, 49, 17, 176, 144
-1.00276, 1, 73, 256, 136
-1.00278, 85, 161, 116, 288
-1.0028, 37, 65, 68, 192
-1.00281, 137, 353, 200, 480
-1.00284, 49, 377, 176, 440
-1.00299, 49, 409, 176, 472
-1.003, 113, 89, 176, 152
-1.00303, 129, 129, 256, 192
-1.00313, 1, 73, 333, 136
-1.00313, 121, 385, 184, 448
-1.00315, 57, 289, 88, 416
-1.00332, 261, 161, 292, 288
-1.00333, 61, 33, 92, 160
-1.00333, 65, 33, 320, 96
-1.00336, 89, 65, 152, 128
-1.00337, 281, 369, 312, 496
-1.00339, 109, 305, 140, 432
-1.00341, 33, 9, 288, 72
-1.00344, 9, 33, 72, 96
-1.00378, 121, 433, 184, 496
-1.00383, 45, 177, 76, 304
-1.00393, 273, 393, 333, 456
-1.00393, 81, 425, 144, 488
-1.00395, 65, 177, 96, 304
-1.00402, 129, 321, 192, 384
-1.00403, 97, 377, 160, 440
-1.00412, 161, 321, 224, 384
-1.00428, 161, 369, 224, 496
-1.00431, 81, 401, 144, 464
-1.00432, 1, 137, 333, 200
-1.00432, 97, 369, 224, 432
-1.00436, 73, 17, 136, 144
-1.00437, 137, 361, 200, 424
-1.00437, 273, 145, 333, 208
-1.00444, 201, 97, 264, 224
-1.00452, 97, 81, 128, 208
-1.00455, 129, 409, 192, 472
-1.00456, 1, 113, 333, 176
-1.00457, 113, 353, 240, 480
-1.0046, 209, 377, 333, 440
-1.00469, 249, 393, 312, 456
-1.00469, 97, 393, 224, 456
-1.00474, 85, 49, 116, 176
-1.00477, 113, 425, 240, 488
-1.00477, 157, 225, 188, 352
-1.00479, 29, 193, 60, 320
-1.00479, 129, 289, 192, 352
-1.00479, 153, 393, 216, 456
-1.00483, 161, 345, 224, 408
-1.00489, 233, 1, 296, 128
-1.00492, 153, 425, 216, 488
-1.00495, 185, 113, 216, 240
-1.00498, 273, 273, 333, 336
-1.00507, 105, 409, 168, 472
-1.00508, 97, 33, 160, 96
-1.00521, 169, 65, 232, 192
-1.0053, 1, 57, 128, 120
-1.00532, 257, 33, 320, 160
-1.00532, 185, 369, 248, 496
-1.00536, 137, 89, 200, 152
-1.00537, 177, 129, 240, 192
-1.0054, 1, 49, 333, 112
-1.00543, 121, 65, 152, 192
-1.00558, 177, 385, 240, 448
-1.00563, 113, 73, 240, 136
-1.00567, 65, 33, 128, 96
-1.00571, 13, 161, 44, 288
-1.00573, 169, 225, 200, 352
-1.00577, 113, 353, 176, 416
-1.00578, 161, 401, 288, 464
-1.0058, 161, 345, 288, 408
-1.00587, 233, 121, 296, 184
-1.00591, 185, 361, 248, 424
-1.00593, 161, 377, 288, 440
-1.00603, 1, 9, 333, 72
-1.00608, 49, 17, 80, 144
-1.00611, 177, 25, 304, 88
-1.00619, 121, 1, 184, 128
-1.00624, 73, 33, 104, 160
-1.00631, 181, 257, 212, 384
-1.00632, 33, 33, 160, 96
-1.00634, 217, 305, 248, 432
-1.00636, 201, 1, 264, 128
-1.00638, 129, 97, 256, 160
-1.00641, 297, 145, 328, 272
-1.00642, 113, 345, 240, 408
-1.00648, 33, 129, 64, 256
-1.00651, 113, 305, 240, 432
-1.00662, 209, 401, 333, 464
-1.00665, 145, 1, 272, 64
-1.00667, 233, 49, 296, 176
-1.00676, 193, 129, 320, 192
-1.00682, 205, 273, 236, 400
-1.00688, 113, 49, 240, 112
-1.00688, 1, 1, 128, 128
-1.00691, 209, 49, 333, 112
-1.00691, 161, 425, 288, 488
-1.00696, 29, 17, 60, 144
-1.00709, 193, 1, 320, 64
-1.00712, 1, 145, 32, 272
-1.00713, 97, 1, 224, 64
-1.00713, 49, 9, 176, 72
-1.00723, 153, 17, 216, 144
-1.00727, 161, 65, 288, 128
-1.00727, 209, 425, 333, 488
-1.00731, 1, 9, 128, 72
-1.00731, 113, 25, 240, 88
-1.00731, 209, 81, 333, 144
-1.00731, 209, 105, 333, 168
-1.00734, 177, 17, 240, 144
-1.00734, 209, 49, 272, 176
-1.00741, 265, 81, 328, 208
-1.00746, 77, 209, 108, 336
-1.00761, 193, 1, 320, 128
-1.0078, 193, 273, 224, 400
-1.00784, 161, 369, 288, 496
-1.00795, 65, 225, 96, 352
-1.00796, 237, 113, 268, 240
-1.00802, 109, 65, 140, 192
-1.00802, 133, 49, 164, 176
-1.00805, 161, 273, 192, 400
-1.00821, 193, 97, 320, 224
-1.00836, 69, 369, 100, 496
-1.0084, 145, 369, 176, 496
-1.00863, 209, 49, 333, 176
-1.00864, 133, 369, 164, 496
-1.00865, 173, 305, 204, 432
-1.00869, 117, 1, 148, 128
-1.00884, 41, 241, 72, 368
-1.00894, 145, 65, 176, 192
-1.00895, 53, 241, 84, 368
-1.00899, 145, 1, 272, 128
-1.009, 101, 369, 132, 496
-1.00909, 25, 81, 56, 208
-1.00911, 189, 321, 220, 448
-1.00912, 149, 273, 180, 400
-1.00916, 133, 305, 164, 432
-1.00916, 153, 321, 184, 448
-1.0092, 117, 369, 148, 496
-1.00926, 157, 81, 188, 208
-1.00926, 273, 129, 304, 256
-1.00943, 173, 369, 204, 496
-1.00953, 137, 1, 168, 128
-1.0097, 161, 369, 192, 496
-1.0098, 169, 81, 200, 208
-1.00992, 213, 97, 244, 224
-1.00993, 13, 113, 44, 240
-1.01003, 121, 305, 152, 432
-1.01209, 97, 17, 224, 144
-1.01236, 161, 49, 288, 176
