1956
-0.223763, 1, 1, 500, 375
-0.299915, 1, 129, 500, 375
-0.306014, 1, 1, 500, 256
-0.47496, 1, 1, 256, 375
-0.487168, 1, 129, 256, 375
-0.525188, 97, 1, 352, 375
-0.545768, 257, 1, 500, 375
-0.604459, 97, 129, 352, 375
-0.660898, 257, 129, 500, 375
-0.682173, 225, 1, 480, 256
-0.7777, 1, 33, 256, 288
-0.813213, 33, 97, 160, 352
-0.829268, 81, 97, 208, 352
-0.829645, 97, 33, 352, 288
-0.832643, 33, 1, 160, 375
-0.838082, 129, 129, 256, 375
-0.848412, 369, 1, 496, 375
-0.848866, 337, 33, 464, 288
-0.851005, 1, 209, 500, 336
-0.851216, 1, 1, 128, 256
-0.859171, 353, 129, 480, 375
-0.865425, 113, 1, 240, 375
-0.865947, 1, 161, 500, 288
-0.871576, 321, 1, 448, 375
-0.874234, 1, 81, 500, 208
-0.876743, 1, 1, 500, 128
-0.87837, 65, 241, 320, 368
-0.88501, 193, 129, 320, 375
-0.890586, 49, 1, 176, 256
-0.890701, 305, 129, 432, 375
-0.893172, 193, 1, 320, 375
-0.89476, 193, 241, 448, 368
-0.896975, 1, 177, 256, 304
-0.902533, 273, 1, 400, 256
-0.906111, 1, 113, 256, 240
-0.90632, 1, 225, 128, 352
-0.908354, 129, 33, 256, 288
-0.908404, 161, 241, 288, 368
-0.909635, 97, 193, 352, 320
-0.910264, 49, 241, 176, 368
-0.910704, 305, 241, 432, 368
-0.91158, 241, 129, 368, 375
-0.916141, 33, 113, 160, 240
-0.918956, 49, 177, 176, 304
-0.920518, 113, 193, 240, 320
-0.922458, 9, 97, 72, 224
-0.922462, 193, 193, 448, 320
-0.923885, 97, 241, 224, 368
-0.924985, 177, 241, 240, 368
-0.92531, 1, 177, 128, 304
-0.925779, 257, 241, 384, 368
-0.926634, 105, 225, 168, 352
-0.927624, 57, 225, 120, 352
-0.927753, 81, 225, 144, 352
-0.928161, 17, 225, 80, 352
-0.930366, 369, 97, 496, 224
-0.931033, 81, 97, 208, 224
-0.931357, 217, 241, 280, 368
-0.931474, 329, 225, 392, 352
-0.931754, 273, 1, 400, 375
-0.931819, 65, 177, 128, 304
-0.931903, 97, 145, 352, 272
-0.931939, 97, 113, 160, 240
-0.932722, 361, 33, 424, 160
-0.932747, 129, 81, 192, 208
-0.933598, 137, 177, 200, 304
-0.933648, 57, 81, 120, 208
-0.933994, 225, 65, 480, 192
-0.934165, 353, 241, 480, 368
-0.934505, 225, 129, 480, 256
-0.934839, 9, 177, 72, 304
-0.934962, 417, 81, 480, 208
-0.935966, 305, 193, 432, 320
-0.936034, 353, 33, 480, 160
-0.936065, 401, 145, 464, 272
-0.936254, 169, 161, 232, 288
-0.936467, 33, 97, 96, 224
-0.937385, 305, 241, 368, 368
-0.937495, 249, 241, 312, 368
-0.938158, 209, 241, 336, 368
-0.93933, 177, 193, 304, 320
-0.939446, 249, 281, 312, 344
-0.939632, 329, 225, 392, 288
-0.939726, 353, 193, 416, 320
-0.940097, 385, 225, 448, 352
-0.940352, 353, 81, 416, 208
-0.941093, 425, 209, 488, 336
-0.942229, 193, 1, 320, 256
-0.942247, 297, 305, 360, 368
-0.942249, 193, 281, 256, 344
-0.942432, 129, 145, 256, 272
-0.94281, 57, 105, 120, 168
-0.943025, 97, 177, 160, 304
-0.943085, 65, 297, 128, 360
-0.943263, 25, 313, 88, 375
-0.94364, 1, 65, 256, 192
-0.943871, 41, 177, 104, 304
-0.944057, 425, 129, 488, 256
-0.944173, 1, 1, 64, 128
-0.94421, 241, 305, 304, 368
-0.945053, 113, 281, 176, 344
-0.945131, 129, 81, 256, 208
-0.945244, 1, 257, 64, 320
-0.945684, 377, 177, 440, 304
-0.945751, 353, 193, 480, 320
-0.945944, 1, 1, 128, 128
-0.945973, 369, 129, 432, 256
-0.946159, 353, 225, 416, 288
-0.946372, 393, 65, 456, 192
-0.946796, 273, 297, 336, 360
-0.946806, 369, 145, 496, 272
-0.947134, 217, 297, 280, 360
-0.947702, 17, 225, 80, 288
-0.947975, 201, 193, 264, 320
-0.94826, 193, 257, 256, 320
-0.948315, 225, 273, 288, 336
-0.948359, 97, 225, 160, 288
-0.948465, 57, 193, 120, 256
-0.948562, 273, 241, 336, 368
-0.948586, 9, 97, 72, 160
-0.948989, 97, 113, 160, 176
-0.949021, 385, 17, 448, 144
-0.94909, 401, 185, 464, 248
-0.949225, 257, 193, 384, 320
-0.949585, 177, 305, 240, 368
-0.949807, 129, 225, 192, 352
-0.949949, 97, 65, 352, 192
-0.949986, 345, 249, 408, 312
-0.95014, 153, 241, 216, 368
-0.950653, 57, 225, 120, 288
-0.951044, 305, 281, 368, 344
-0.951488, 409, 97, 472, 160
-0.951556, 425, 137, 488, 200
-0.951556, 305, 129, 432, 256
-0.951623, 41, 265, 104, 328
-0.951795, 49, 81, 112, 144
-0.951906, 81, 249, 144, 312
-0.95194, 1, 1, 256, 128
-0.951962, 313, 257, 376, 320
-0.952078, 329, 313, 392, 375
-0.952382, 9, 185, 72, 248
-0.952512, 17, 129, 80, 192
-0.952601, 369, 201, 432, 264
-0.952795, 393, 305, 456, 368
-0.952826, 129, 97, 192, 160
-0.952865, 305, 81, 432, 208
-0.953566, 193, 145, 256, 272
-0.953623, 425, 313, 488, 375
-0.953722, 169, 161, 232, 224
-0.953865, 161, 217, 224, 280
-0.954125, 81, 201, 144, 264
-0.954173, 1, 281, 64, 344
-0.954203, 137, 129, 200, 256
-0.954475, 273, 273, 336, 336
-0.954514, 329, 281, 392, 344
-0.954625, 137, 129, 200, 192
-0.95484, 129, 185, 192, 248
-0.954867, 193, 17, 448, 144
-0.954886, 153, 313, 216, 375
-0.955281, 1, 65, 128, 192
-0.955311, 33, 185, 96, 248
-0.955347, 25, 1, 88, 128
-0.95552, 17, 49, 80, 176
-0.955622, 169, 281, 232, 344
-0.956123, 353, 241, 416, 368
-0.956238, 201, 233, 264, 296
-0.956347, 369, 281, 432, 344
-0.9565, 121, 1, 184, 128
-0.956591, 393, 225, 456, 288
-0.956666, 89, 289, 152, 352
-0.95669, 33, 105, 96, 168
-0.95678, 169, 113, 232, 240
-0.956793, 97, 313, 160, 375
-0.95717, 73, 129, 136, 256
-0.957225, 13, 225, 44, 352
-0.957269, 369, 257, 432, 320
-0.957309, 257, 273, 384, 336
-0.957361, 289, 193, 352, 320
-0.957436, 209, 241, 240, 368
-0.957494, 353, 73, 416, 136
-0.957614, 1, 113, 32, 240
-0.957634, 25, 1, 88, 64
-0.958032, 97, 137, 160, 200
-0.95804, 305, 33, 432, 160
-0.958153, 249, 257, 312, 320
-0.958161, 353, 33, 416, 96
-0.958358, 1, 153, 64, 216
-0.958566, 33, 113, 160, 176
-0.958574, 161, 297, 288, 360
-0.958634, 121, 305, 184, 368
-0.958761, 369, 313, 432, 375
-0.958803, 129, 217, 192, 280
-0.958998, 113, 241, 144, 368
-0.959049, 1, 17, 64, 80
-0.959262, 329, 177, 392, 304
-0.959555, 305, 249, 432, 312
-0.95958, 97, 65, 160, 192
-0.959871, 357, 209, 388, 336
-0.959899, 1, 313, 64, 375
-0.960286, 97, 241, 128, 368
-0.960349, 225, 313, 352, 375
-0.960437, 17, 209, 144, 272
-0.960536, 177, 257, 304, 320
-0.960704, 249, 241, 280, 368
-0.960747, 385, 105, 448, 168
-0.960761, 1, 241, 128, 304
-0.960834, 1, 225, 32, 352
-0.960952, 137, 225, 168, 352
-0.96108, 433, 201, 496, 264
-0.961385, 29, 241, 60, 368
-0.961456, 433, 161, 496, 224
-0.961523, 177, 145, 304, 272
-0.961605, 353, 313, 480, 375
-0.96163, 225, 249, 288, 312
-0.961675, 1, 313, 128, 375
-0.961721, 13, 97, 44, 224
-0.961741, 121, 193, 152, 320
-0.961829, 137, 153, 200, 216
-0.96184, 53, 241, 84, 368
-0.961905, 97, 233, 224, 296
-0.962115, 97, 193, 128, 320
-0.962261, 113, 1, 176, 64
-0.962335, 377, 153, 440, 216
-0.962504, 33, 161, 96, 224
-0.962548, 1, 265, 128, 328
-0.962625, 209, 289, 336, 352
-0.962737, 445, 81, 476, 208
-0.962761, 417, 81, 448, 208
-0.962765, 369, 121, 496, 184
-0.962768, 377, 57, 440, 120
-0.962771, 33, 113, 64, 240
-0.96281, 49, 241, 176, 304
-0.963017, 377, 33, 440, 96
-0.963062, 105, 201, 168, 264
-0.963065, 273, 305, 400, 368
-0.963204, 49, 49, 176, 176
-0.963261, 221, 241, 252, 368
-0.96333, 41, 193, 72, 320
-0.963601, 393, 257, 456, 320
-0.963619, 137, 97, 168, 224
-0.963769, 337, 33, 400, 160
-0.963773, 85, 225, 116, 352
-0.963808, 381, 17, 412, 144
-0.963882, 65, 289, 192, 352
-0.963904, 305, 273, 432, 336
-0.964109, 193, 241, 224, 368
-0.964182, 337, 209, 464, 272
-0.964271, 109, 97, 140, 224
-0.964395, 105, 177, 168, 240
-0.964499, 49, 185, 176, 248
-0.964557, 169, 137, 232, 200
-0.964658, 329, 225, 360, 352
-0.964721, 153, 65, 216, 192
-0.964836, 125, 97, 156, 224
-0.964837, 261, 241, 292, 368
-0.964878, 73, 81, 136, 144
-0.964891, 153, 185, 216, 248
-0.964895, 313, 201, 376, 264
-0.964931, 225, 193, 288, 320
-0.965007, 65, 129, 128, 192
-0.96502, 45, 97, 76, 224
-0.965089, 49, 1, 112, 64
-0.96521, 237, 241, 268, 368
-0.965452, 73, 65, 136, 320
-0.965465, 153, 257, 216, 320
-0.965615, 149, 81, 180, 208
-0.965621, 189, 161, 220, 288
-0.966008, 369, 289, 496, 352
-0.966111, 129, 273, 256, 336
-0.966131, 97, 129, 160, 375
-0.966145, 73, 33, 136, 160
-0.966163, 305, 225, 368, 288
-0.966164, 173, 161, 204, 288
-0.966303, 281, 249, 344, 312
-0.966428, 409, 65, 472, 320
-0.96652, 369, 33, 432, 288
-0.966627, 9, 129, 72, 375
-0.966635, 81, 81, 112, 208
-0.966719, 265, 193, 328, 320
-0.966734, 65, 89, 192, 152
-0.966766, 469, 65, 500, 192
-0.966769, 21, 161, 52, 288
-0.96694, 345, 201, 408, 264
-0.967011, 17, 1, 80, 256
-0.967048, 457, 65, 488, 192
-0.9671, 393, 281, 456, 344
-0.967108, 433, 81, 496, 144
-0.967141, 169, 129, 232, 375
-0.967171, 145, 177, 176, 304
-0.967267, 217, 97, 280, 224
-0.967298, 145, 289, 208, 352
-0.967398, 65, 209, 192, 272
-0.967455, 393, 225, 424, 352
-0.967473, 433, 65, 496, 320
-0.967502, 329, 81, 392, 208
-0.967527, 109, 193, 140, 320
-0.96753, 317, 241, 348, 368
-0.967603, 145, 1, 208, 128
-0.967607, 125, 241, 156, 368
-0.967708, 369, 241, 400, 368
-0.967726, 417, 233, 480, 296
-0.967789, 129, 209, 256, 272
-0.967816, 49, 65, 112, 320
-0.96789, 41, 241, 72, 368
-0.967916, 153, 81, 216, 144
-0.967959, 353, 81, 480, 144
-0.96809, 273, 241, 304, 368
-0.968107, 145, 33, 272, 160
-0.968131, 69, 177, 100, 304
-0.968143, 49, 33, 112, 160
-0.968178, 433, 33, 496, 160
-0.968291, 193, 161, 256, 224
-0.968294, 53, 177, 84, 304
-0.968315, 353, 265, 480, 328
-0.96845, 185, 201, 248, 264
-0.968668, 81, 121, 208, 184
-0.96874, 457, 129, 488, 256
-0.968822, 401, 137, 464, 200
-0.968944, 361, 177, 424, 240
-0.968957, 85, 177, 116, 304
-0.968984, 281, 209, 344, 272
-0.969069, 257, 249, 384, 312
-0.969457, 41, 129, 104, 192
-0.969535, 1, 185, 128, 248
-0.969849, 137, 65, 200, 320
-0.969853, 201, 161, 232, 288
-0.969858, 401, 161, 464, 224
-0.969929, 369, 145, 496, 208
-0.969956, 1, 1, 32, 128
-0.97008, 113, 313, 240, 375
-0.970107, 357, 225, 388, 288
-0.970141, 13, 1, 44, 128
-0.97023, 97, 97, 128, 224
-0.970319, 5, 177, 36, 304
-0.970448, 405, 193, 436, 320
-0.97047, 385, 129, 448, 375
-0.970565, 129, 169, 256, 232
-0.970594, 377, 193, 408, 320
-0.970601, 97, 89, 160, 152
-0.970663, 289, 289, 320, 352
-0.970683, 369, 49, 400, 176
-0.970695, 65, 273, 128, 336
-0.970717, 221, 305, 252, 368
-0.970852, 257, 1, 384, 128
-0.970954, 361, 129, 424, 192
-0.971023, 69, 241, 100, 368
-0.971025, 253, 305, 284, 368
-0.971051, 313, 305, 344, 368
-0.971084, 17, 73, 80, 136
-0.971091, 433, 281, 496, 344
-0.971137, 25, 289, 88, 352
-0.971227, 401, 49, 464, 112
-0.97128, 361, 129, 424, 375
-0.971311, 1, 89, 128, 152
-0.97135, 9, 41, 72, 104
-0.971355, 261, 273, 292, 336
-0.971382, 49, 57, 112, 120
-0.971408, 341, 225, 372, 352
-0.97149, 65, 169, 128, 232
-0.971557, 5, 241, 36, 304
-0.971654, 105, 249, 168, 312
-0.971702, 205, 241, 236, 304
-0.971746, 129, 241, 192, 304
-0.971798, 161, 81, 192, 208
-0.971851, 1, 121, 32, 184
-0.971868, 181, 169, 212, 232
-0.971902, 361, 161, 392, 288
-0.972066, 241, 217, 368, 280
-0.972248, 53, 305, 84, 368
-0.97225, 433, 97, 464, 224
-0.972313, 301, 289, 332, 352
-0.97243, 145, 1, 208, 64
-0.972603, 389, 273, 420, 336
-0.972758, 197, 281, 228, 344
-0.972827, 33, 137, 160, 200
-0.972837, 37, 313, 68, 375
-0.97288, 385, 33, 416, 96
-0.972905, 377, 249, 408, 312
-0.972924, 125, 145, 156, 272
-0.97294, 117, 113, 148, 176
-0.972944, 37, 1, 68, 128
-0.972955, 241, 145, 368, 272
-0.972971, 377, 81, 440, 144
-0.972978, 17, 97, 48, 160
-0.973019, 25, 249, 56, 312
-0.973032, 1, 161, 128, 224
-0.973173, 49, 265, 176, 328
-0.973201, 209, 129, 272, 375
-0.973271, 81, 97, 112, 160
-0.9733, 153, 129, 184, 256
-0.973324, 213, 265, 244, 328
-0.973373, 421, 145, 452, 272
-0.973414, 209, 297, 240, 360
-0.973417, 177, 233, 304, 296
-0.973594, 353, 57, 480, 120
-0.973746, 409, 17, 472, 144
-0.973758, 201, 73, 264, 136
-0.97378, 241, 281, 272, 344
-0.973783, 193, 81, 320, 208
-0.973794, 437, 89, 468, 152
-0.973837, 385, 81, 416, 208
-0.973921, 145, 17, 176, 144
-0.973958, 329, 169, 392, 232
-0.97399, 97, 289, 128, 352
-0.973998, 137, 97, 168, 160
-0.974036, 65, 313, 192, 375
-0.974051, 1, 145, 32, 208
-0.97406, 289, 225, 416, 288
-0.974064, 113, 97, 240, 160
-0.974068, 273, 281, 304, 344
-0.974086, 469, 145, 500, 272
-0.974116, 265, 313, 296, 375
-0.974128, 417, 97, 448, 160
-0.974161, 377, 297, 408, 360
-0.974237, 369, 241, 496, 304
-0.974241, 381, 241, 412, 368
-0.974274, 97, 249, 128, 312
-0.974297, 129, 121, 160, 184
-0.974365, 165, 209, 196, 336
-0.974376, 121, 281, 152, 344
-0.974376, 73, 297, 104, 360
-0.974393, 57, 97, 88, 224
-0.974409, 53, 113, 84, 176
-0.974493, 37, 201, 68, 264
-0.974545, 21, 225, 52, 288
-0.974619, 365, 257, 396, 320
-0.974648, 285, 313, 316, 375
-0.974743, 401, 113, 432, 240
-0.97482, 217, 129, 248, 256
-0.974823, 133, 177, 164, 240
-0.974898, 33, 225, 64, 288
-0.974905, 441, 313, 472, 375
-0.974918, 177, 65, 240, 192
-0.974919, 441, 113, 472, 176
-0.974929, 1, 265, 32, 328
-0.974982, 353, 97, 416, 160
-0.975085, 313, 17, 376, 144
-0.97514, 397, 33, 428, 160
-0.975252, 201, 137, 264, 200
-0.975254, 53, 193, 84, 256
-0.975339, 93, 113, 124, 176
-0.975414, 169, 313, 200, 375
-0.975443, 329, 225, 360, 288
-0.97552, 317, 281, 348, 344
-0.97552, 225, 225, 288, 288
-0.975524, 197, 161, 228, 224
-0.975548, 285, 241, 316, 368
-0.975573, 129, 121, 256, 184
-0.975575, 9, 9, 40, 72
-0.975647, 329, 313, 360, 375
-0.97571, 181, 313, 212, 375
-0.97574, 89, 201, 120, 264
-0.975769, 297, 241, 328, 368
-0.975774, 469, 169, 500, 232
-0.975801, 229, 281, 260, 344
-0.975847, 101, 217, 132, 280
-0.975857, 69, 193, 100, 256
-0.975887, 29, 105, 60, 168
-0.975919, 13, 153, 44, 216
-0.975977, 289, 145, 352, 272
-0.976013, 149, 297, 180, 360
-0.97605, 13, 177, 44, 240
-0.976087, 217, 145, 280, 272
-0.976136, 433, 113, 496, 176
-0.976174, 377, 273, 408, 336
-0.976185, 369, 185, 496, 248
-0.976239, 353, 289, 384, 352
-0.97624, 21, 313, 52, 375
-0.976251, 249, 257, 280, 320
-0.976268, 109, 281, 140, 344
-0.97636, 33, 65, 64, 192
-0.97639, 453, 137, 484, 200
-0.97642, 193, 249, 224, 312
-0.976431, 401, 113, 432, 176
-0.9765, 105, 113, 136, 176
-0.976504, 121, 209, 152, 272
-0.976511, 153, 201, 184, 264
-0.976525, 469, 305, 500, 368
-0.976541, 37, 257, 68, 320
-0.976551, 1, 33, 32, 96
-0.976564, 333, 289, 364, 352
-0.976565, 53, 233, 84, 296
-0.976608, 429, 305, 460, 368
-0.976646, 329, 25, 392, 88
-0.976675, 117, 249, 148, 312
-0.97672, 1, 9, 128, 72
-0.976814, 345, 241, 376, 304
-0.976829, 53, 273, 84, 336
-0.97685, 233, 305, 264, 368
-0.976864, 149, 97, 180, 160
-0.976917, 349, 313, 380, 375
-0.97692, 397, 241, 428, 304
-0.976923, 13, 265, 44, 328
-0.977011, 137, 225, 168, 288
-0.977121, 85, 297, 116, 360
-0.977315, 301, 313, 332, 375
-0.977323, 193, 305, 224, 368
-0.97734, 25, 185, 56, 248
-0.977372, 329, 49, 392, 112
-0.977373, 345, 209, 376, 272
-0.977392, 5, 289, 36, 352
-0.977397, 113, 145, 240, 208
-0.977451, 369, 225, 400, 288
-0.977611, 73, 257, 104, 320
-0.977633, 365, 297, 396, 360
-0.977681, 133, 273, 164, 336
-0.977776, 25, 273, 56, 336
-0.977777, 17, 121, 48, 184
-0.977793, 21, 49, 52, 176
-0.977803, 213, 193, 244, 320
-0.97782, 89, 33, 152, 96
-0.97788, 461, 73, 492, 136
-0.977909, 17, 1, 80, 375
-0.977919, 305, 145, 432, 208
-0.97793, 85, 249, 116, 312
-0.977934, 77, 225, 108, 288
-0.977947, 33, 25, 96, 88
-0.977953, 105, 145, 136, 272
-0.977977, 69, 97, 100, 224
-0.978032, 65, 105, 96, 168
-0.978051, 169, 177, 200, 240
-0.978119, 41, 113, 72, 176
-0.97817, 137, 313, 168, 375
-0.978213, 421, 161, 452, 224
-0.97822, 421, 241, 452, 368
-0.97824, 329, 129, 392, 375
-0.978254, 113, 33, 176, 288
-0.978269, 61, 1, 92, 128
-0.978283, 321, 105, 448, 168
-0.97831, 37, 1, 68, 64
-0.978338, 437, 217, 468, 280
-0.978346, 185, 113, 216, 240
-0.978361, 49, 1, 176, 128
-0.978406, 49, 161, 176, 224
-0.978459, 369, 73, 400, 136
-0.978577, 141, 1, 172, 64
-0.978593, 109, 185, 140, 248
-0.978601, 457, 305, 488, 368
-0.978604, 393, 1, 456, 64
-0.978681, 145, 177, 176, 240
-0.978685, 405, 193, 436, 256
-0.978732, 409, 297, 440, 360
-0.978747, 217, 241, 248, 304
-0.978813, 21, 1, 52, 64
-0.978861, 449, 81, 480, 144
-0.978866, 49, 1, 80, 64
-0.978886, 25, 1, 56, 128
-0.978905, 389, 305, 420, 368
-0.979002, 1, 169, 32, 232
-0.979025, 97, 1, 160, 128
-0.979036, 113, 313, 144, 375
-0.979038, 329, 249, 360, 312
-0.979056, 233, 193, 264, 320
-0.979181, 121, 153, 152, 216
-0.979208, 409, 1, 472, 375
-0.979214, 361, 1, 424, 375
-0.97922, 177, 241, 208, 368
-0.979256, 417, 185, 448, 248
-0.97928, 381, 81, 412, 144
-0.979303, 433, 49, 464, 176
-0.979695, 313, 129, 376, 256
-0.979767, 153, 225, 184, 352
-0.979888, 81, 1, 144, 375
-0.980067, 169, 57, 232, 120
-0.980265, 17, 289, 144, 352
-0.980271, 389, 129, 420, 256
-0.980345, 405, 241, 436, 368
-0.980483, 345, 33, 408, 288
-0.980531, 177, 1, 240, 128
-0.980548, 49, 1, 176, 64
-0.980729, 137, 25, 200, 88
-0.980801, 305, 185, 432, 248
-0.980876, 169, 113, 232, 176
-0.980909, 305, 73, 432, 136
-0.980998, 353, 33, 384, 160
-0.98111, 169, 33, 232, 288
-0.981209, 137, 337, 200, 368
-0.981282, 249, 145, 312, 272
-0.981461, 437, 225, 468, 352
-0.981653, 1, 49, 32, 176
-0.981749, 49, 245, 112, 276
-0.981774, 41, 1, 104, 375
-0.981864, 265, 289, 328, 320
-0.982005, 241, 65, 304, 192
-0.982016, 85, 33, 116, 160
-0.982042, 217, 293, 280, 324
-0.982138, 433, 1, 496, 375
-0.982362, 9, 113, 72, 144
-0.98251, 185, 301, 248, 332
-0.982513, 193, 201, 320, 264
-0.98256, 225, 305, 288, 336
-0.982578, 89, 121, 152, 152
-0.982596, 329, 345, 392, 375
-0.982648, 105, 1, 168, 375
-0.982653, 157, 33, 188, 160
-0.982681, 129, 73, 256, 136
-0.982724, 193, 285, 256, 316
-0.982819, 305, 313, 368, 344
-0.982824, 129, 1, 192, 375
-0.982842, 25, 237, 88, 268
-0.982877, 345, 233, 408, 264
-0.982923, 1, 261, 64, 292
-0.982929, 257, 329, 320, 360
-0.98305, 337, 177, 368, 304
-0.983051, 49, 93, 112, 124
-0.983073, 105, 337, 168, 368
-0.983097, 289, 297, 352, 328
-0.983147, 225, 281, 288, 312
-0.983287, 257, 301, 320, 332
-0.983321, 97, 225, 160, 256
-0.983484, 217, 321, 280, 352
-0.983491, 57, 197, 120, 228
-0.983496, 49, 121, 112, 152
-0.983524, 185, 273, 248, 304
-0.983531, 369, 337, 432, 368
-0.983598, 9, 201, 72, 232
-0.983598, 469, 209, 500, 336
-0.983773, 417, 333, 480, 364
-0.983785, 297, 329, 360, 360
-0.983855, 417, 193, 448, 320
-0.98387, 33, 313, 96, 344
-0.983946, 57, 109, 120, 140
-0.983947, 73, 233, 136, 264
-0.983985, 369, 237, 432, 268
-0.984007, 25, 333, 88, 364
-0.984009, 161, 325, 224, 356
-0.98407, 225, 265, 288, 296
-0.984081, 265, 313, 328, 344
-0.984174, 177, 313, 240, 344
-0.984227, 329, 317, 392, 348
-0.98426, 105, 285, 168, 316
-0.984299, 49, 1, 80, 128
-0.984335, 417, 345, 480, 375
-0.984343, 85, 129, 116, 256
-0.984364, 401, 205, 464, 236
-0.984369, 393, 313, 456, 344
-0.984399, 385, 1, 448, 375
-0.984408, 169, 173, 232, 204
-0.98442, 433, 161, 464, 288
-0.984455, 177, 341, 240, 372
-0.984472, 25, 1, 88, 32
-0.984587, 65, 233, 320, 296
-0.984597, 321, 225, 384, 256
-0.984602, 197, 113, 228, 240
-0.984603, 25, 257, 88, 288
-0.984643, 353, 249, 416, 280
-0.984685, 253, 193, 284, 320
-0.984715, 309, 193, 340, 320
-0.984738, 1, 241, 64, 272
-0.984754, 349, 81, 380, 208
-0.984767, 121, 325, 184, 356
-0.984786, 409, 233, 472, 264
-0.9848, 321, 237, 384, 268
-0.98482, 249, 277, 312, 308
-0.984868, 185, 329, 248, 360
-0.984878, 57, 305, 120, 336
-0.984919, 169, 253, 232, 284
-0.985017, 353, 33, 480, 96
-0.985021, 33, 217, 96, 248
-0.985025, 173, 113, 204, 240
-0.985055, 369, 217, 432, 248
-0.985066, 345, 305, 408, 336
-0.985082, 265, 193, 296, 320
-0.985083, 217, 333, 280, 364
-0.985093, 105, 205, 168, 236
-0.985095, 9, 321, 72, 352
-0.98518, 273, 129, 336, 375
-0.985199, 377, 325, 440, 356
-0.985258, 9, 101, 72, 132
-0.985313, 9, 345, 72, 375
-0.985315, 101, 49, 132, 176
-0.985339, 425, 149, 488, 180
-0.985359, 289, 341, 352, 372
-0.985365, 193, 245, 256, 276
-0.985386, 209, 49, 272, 176
-0.985421, 177, 161, 304, 224
-0.985425, 137, 173, 200, 204
-0.985478, 401, 193, 464, 224
-0.985497, 105, 245, 168, 276
-0.98556, 241, 317, 304, 348
-0.98557, 65, 273, 320, 336
-0.985588, 313, 265, 376, 296
-0.985622, 445, 129, 476, 256
-0.985652, 9, 125, 72, 156
-0.985666, 433, 317, 496, 348
-0.985694, 97, 109, 160, 140
-0.985696, 409, 101, 472, 132
-0.985703, 65, 221, 128, 252
-0.985763, 321, 249, 384, 280
-0.985788, 201, 261, 264, 292
-0.985798, 49, 337, 112, 368
-0.985835, 65, 49, 96, 176
-0.985874, 1, 185, 64, 216
-0.985913, 457, 241, 488, 368
-0.985963, 433, 165, 496, 196
-0.98597, 353, 33, 416, 64
-0.985972, 125, 49, 156, 176
-0.986057, 17, 137, 80, 168
-0.986068, 233, 129, 296, 375
-0.986078, 121, 309, 184, 340
-0.986082, 161, 285, 224, 316
-0.986103, 137, 185, 200, 216
-0.986165, 249, 341, 312, 372
-0.986174, 369, 201, 432, 232
-0.986202, 177, 157, 240, 188
-0.986239, 81, 337, 144, 368
-0.986272, 305, 49, 432, 112
-0.986275, 33, 297, 288, 360
-0.986357, 369, 189, 432, 220
-0.98637, 329, 333, 392, 364
-0.9864, 113, 17, 176, 48
-0.986401, 305, 285, 368, 316
-0.986412, 49, 233, 112, 264
-0.986419, 389, 177, 420, 304
-0.986435, 1, 281, 500, 344
-0.986472, 161, 265, 416, 328
-0.986476, 433, 85, 496, 116
-0.986481, 329, 285, 392, 316
-0.986501, 209, 33, 272, 288
-0.986531, 137, 161, 200, 192
-0.986538, 401, 181, 464, 212
-0.986543, 89, 257, 152, 288
-0.986566, 161, 297, 416, 360
-0.986611, 281, 277, 344, 308
-0.986613, 313, 301, 376, 332
-0.986619, 257, 297, 500, 360
-0.986661, 81, 325, 144, 356
-0.986675, 369, 309, 432, 340
-0.986676, 321, 1, 384, 256
-0.986733, 129, 113, 192, 144
-0.986795, 33, 105, 96, 136
-0.986822, 201, 65, 232, 192
-0.986822, 289, 97, 352, 224
-0.986842, 9, 221, 72, 252
-0.986855, 361, 49, 424, 80
-0.9869, 1, 201, 500, 264
-0.986952, 169, 185, 232, 216
-0.986977, 345, 261, 408, 292
-0.987021, 129, 101, 192, 132
-0.987044, 1, 129, 256, 192
-0.987074, 73, 245, 136, 276
-0.987082, 133, 1, 164, 128
-0.987122, 1, 193, 256, 256
-0.987142, 1, 273, 64, 304
-0.987175, 393, 117, 456, 148
-0.987186, 1, 225, 500, 288
-0.987196, 145, 297, 208, 328
-0.987242, 129, 205, 192, 236
-0.987288, 417, 137, 480, 168
-0.987328, 353, 77, 416, 108
-0.987399, 433, 217, 496, 248
-0.9874, 345, 129, 408, 256
-0.987403, 369, 173, 432, 204
-0.987418, 393, 301, 456, 332
-0.987436, 105, 189, 168, 220
-0.987444, 369, 89, 432, 120
-0.987455, 129, 125, 192, 156
-0.987457, 81, 201, 144, 232
-0.987502, 25, 181, 88, 212
-0.987513, 393, 337, 456, 368
-0.987865, 1, 41, 128, 104
-0.987885, 1, 257, 500, 320
-0.987993, 161, 97, 288, 160
-0.988332, 337, 1, 400, 375
-0.988502, 225, 241, 480, 304
-0.988506, 1, 313, 500, 375
-0.988565, 1, 169, 500, 232
-0.988578, 97, 17, 224, 144
-0.98872, 209, 1, 272, 375
-0.988749, 97, 17, 352, 144
-0.988752, 209, 137, 336, 200
-0.98881, 1, 89, 500, 152
-0.988969, 185, 1, 248, 375
-0.988999, 237, 65, 268, 192
-0.989002, 153, 1, 216, 375
-0.989053, 45, 49, 76, 176
-0.989067, 225, 81, 256, 208
-0.989206, 257, 265, 500, 328
-0.989213, 365, 1, 396, 128
-0.989309, 193, 201, 448, 264
-0.989312, 305, 129, 368, 375
-0.989415, 305, 25, 432, 88
-0.989418, 257, 193, 384, 256
-0.989425, 277, 193, 308, 320
-0.989616, 65, 65, 192, 128
-0.9898, 1, 153, 256, 216
-0.989919, 409, 33, 440, 160
-0.990305, 1, 109, 128, 140
-0.990339, 97, 285, 224, 316
-0.990433, 17, 245, 48, 276
-0.990477, 289, 289, 304, 352
-0.990505, 33, 125, 160, 156
-0.990588, 161, 329, 192, 360
-0.990637, 113, 113, 144, 144
-0.990678, 205, 249, 236, 280
-0.990688, 241, 1, 304, 256
-0.990771, 445, 33, 476, 160
-0.990777, 33, 225, 64, 256
-0.99078, 49, 109, 176, 140
-0.990829, 25, 105, 56, 136
-0.990836, 217, 313, 248, 344
-0.990846, 129, 177, 384, 240
-0.990858, 285, 329, 316, 360
-0.990873, 173, 341, 204, 372
-0.990889, 333, 309, 364, 340
-0.990911, 209, 289, 240, 320
-0.990915, 177, 273, 304, 304
-0.990925, 217, 301, 248, 332
-0.99093, 305, 257, 432, 288
-0.990936, 293, 297, 324, 328
-0.990954, 289, 277, 416, 308
-0.990959, 213, 269, 244, 300
-0.990993, 37, 257, 68, 288
-0.990997, 313, 305, 344, 336
-0.991005, 469, 305, 500, 336
-0.991012, 197, 161, 228, 192
-0.991014, 161, 297, 288, 328
-0.991015, 177, 169, 208, 200
-0.991023, 33, 237, 64, 268
-0.991028, 157, 341, 188, 372
-0.991029, 361, 233, 392, 264
-0.991031, 201, 301, 232, 332
-0.99104, 241, 293, 272, 324
-0.99105, 105, 221, 136, 252
-0.991057, 9, 325, 40, 356
-0.991062, 261, 273, 292, 304
-0.991063, 321, 297, 448, 328
-0.991078, 1, 113, 500, 176
-0.99108, 105, 289, 136, 320
-0.991092, 97, 237, 128, 268
-0.991099, 121, 285, 152, 316
-0.991117, 465, 337, 496, 368
-0.99113, 45, 213, 76, 244
-0.991132, 257, 145, 384, 208
-0.991134, 453, 177, 484, 304
-0.991168, 257, 289, 384, 320
-0.991168, 301, 317, 332, 348
-0.991173, 49, 253, 80, 284
-0.991176, 265, 313, 296, 344
-0.99118, 381, 321, 412, 352
-0.991184, 57, 305, 72, 368
-0.991192, 225, 289, 256, 320
-0.991199, 17, 205, 144, 236
-0.991203, 105, 193, 136, 224
-0.991214, 53, 309, 84, 340
-0.991214, 209, 241, 224, 304
-0.99124, 449, 317, 480, 348
-0.991242, 229, 305, 260, 336
-0.991248, 73, 245, 104, 276
-0.99125, 325, 333, 356, 364
-0.991253, 13, 109, 44, 140
-0.991258, 5, 257, 36, 288
-0.991259, 197, 281, 228, 312
-0.991265, 1, 121, 32, 152
-0.991268, 57, 197, 88, 228
-0.991271, 1, 129, 16, 192
-0.991275, 1, 245, 128, 276
-0.991276, 77, 101, 108, 132
-0.991288, 381, 301, 412, 332
-0.991318, 285, 317, 316, 348
-0.991319, 273, 273, 288, 336
-0.991322, 437, 105, 468, 136
-0.991351, 133, 105, 164, 136
-0.991351, 269, 325, 300, 356
-0.991363, 17, 257, 48, 288
-0.991368, 41, 341, 72, 372
-0.991375, 25, 345, 56, 375
-0.991381, 49, 249, 176, 280
-0.991404, 1, 281, 32, 312
-0.991409, 9, 181, 40, 212
-0.991411, 145, 333, 176, 364
-0.991411, 241, 309, 272, 340
-0.991412, 113, 125, 144, 156
-0.991416, 337, 329, 368, 360
-0.991418, 209, 289, 336, 320
-0.991423, 269, 289, 300, 320
-0.991427, 77, 301, 108, 332
-0.991428, 17, 21, 48, 52
-0.991432, 409, 193, 440, 224
-0.991433, 385, 41, 416, 72
-0.99144, 129, 133, 160, 164
-0.991443, 189, 173, 220, 204
-0.991447, 369, 317, 496, 348
-0.991451, 41, 313, 72, 344
-0.991455, 229, 325, 260, 356
-0.991458, 273, 313, 400, 344
-0.991459, 117, 245, 148, 276
-0.991475, 25, 201, 56, 232
-0.991476, 365, 217, 380, 280
-0.991478, 437, 325, 468, 356
-0.991485, 261, 301, 292, 332
-0.991497, 149, 301, 180, 332
-0.991499, 313, 325, 344, 356
-0.991505, 373, 225, 388, 288
-0.991506, 5, 241, 36, 272
-0.991511, 281, 293, 312, 324
-0.991517, 1, 165, 32, 196
-0.991534, 29, 317, 60, 348
-0.991542, 125, 117, 156, 148
-0.99156, 329, 241, 360, 272
-0.991562, 207, 273, 222, 336
-0.991563, 437, 93, 468, 124
-0.991574, 213, 237, 244, 268
-0.991581, 353, 221, 480, 252
-0.991587, 1, 133, 32, 164
-0.991593, 173, 65, 204, 192
-0.991595, 377, 261, 408, 292
-0.991611, 85, 241, 116, 272
-0.991613, 145, 345, 176, 375
-0.991627, 401, 245, 432, 276
-0.991634, 441, 117, 472, 148
-0.991637, 5, 149, 36, 180
-0.991641, 281, 305, 312, 336
-0.991641, 249, 329, 280, 360
-0.991646, 329, 253, 360, 284
-0.991648, 45, 241, 76, 272
-0.99165, 133, 145, 164, 176
-0.991659, 9, 37, 40, 68
-0.99168, 189, 301, 220, 332
-0.991693, 37, 201, 68, 232
-0.991694, 21, 93, 52, 124
-0.991696, 321, 321, 448, 352
-0.991697, 305, 337, 336, 368
-0.9917, 413, 233, 444, 264
-0.991702, 49, 113, 80, 144
-0.991702, 41, 125, 72, 156
-0.991703, 273, 1, 400, 64
-0.991708, 87, 81, 102, 144
-0.991711, 13, 169, 44, 200
-0.991711, 81, 297, 208, 328
-0.991711, 153, 209, 184, 240
-0.991712, 413, 205, 444, 236
-0.991717, 263, 257, 278, 320
-0.991718, 129, 329, 160, 360
-0.991721, 93, 201, 124, 232
-0.991736, 17, 317, 144, 348
-0.991754, 289, 313, 304, 375
-0.991754, 329, 345, 360, 375
-0.991758, 397, 257, 428, 288
-0.991759, 325, 321, 356, 352
-0.991761, 297, 289, 312, 352
-0.991761, 109, 205, 140, 236
-0.991764, 215, 273, 230, 336
-0.991768, 9, 337, 40, 368
-0.991769, 417, 177, 448, 208
-0.991772, 257, 289, 288, 320
-0.991772, 1, 277, 128, 308
-0.991773, 141, 97, 156, 160
-0.991775, 457, 81, 488, 112
-0.991777, 137, 317, 168, 348
-0.991781, 117, 225, 148, 256
-0.991787, 77, 189, 108, 220
-0.991793, 97, 209, 352, 272
-0.991799, 369, 297, 496, 328
-0.991805, 209, 261, 336, 292
-0.991806, 113, 49, 144, 176
-0.991814, 417, 105, 448, 136
-0.991817, 389, 289, 420, 320
-0.991821, 353, 245, 384, 276
-0.991821, 29, 329, 60, 360
-0.991821, 89, 117, 120, 148
-0.991822, 29, 249, 44, 312
-0.991823, 305, 293, 336, 324
-0.991823, 293, 341, 324, 372
-0.991836, 369, 285, 400, 316
-0.991837, 15, 105, 30, 168
-0.991853, 97, 33, 224, 96
-0.991884, 273, 97, 400, 160
-0.991897, 113, 325, 240, 356
-0.9919, 129, 269, 256, 300
-0.991913, 177, 245, 304, 276
-0.991914, 359, 233, 374, 296
-0.991916, 209, 317, 336, 348
-0.991919, 283, 281, 298, 344
-0.991921, 7, 121, 22, 184
-0.99193, 155, 1, 170, 64
-0.99194, 233, 305, 248, 368
-0.991964, 17, 217, 144, 248
-0.991987, 97, 233, 224, 264
-0.991991, 7, 281, 22, 344
-0.991996, 65, 197, 192, 228
-0.992011, 353, 333, 480, 364
-0.992016, 395, 25, 410, 88
-0.992025, 65, 329, 192, 360
-0.992043, 97, 105, 112, 168
-0.992058, 119, 209, 134, 272
-0.992083, 289, 193, 320, 320
-0.992103, 273, 329, 400, 360
-0.99211, 21, 241, 36, 304
-0.992136, 135, 121, 150, 184
-0.992144, 223, 297, 238, 360
-0.992171, 1, 105, 256, 168
-0.992176, 1, 145, 500, 208
-0.992184, 61, 105, 76, 168
-0.992237, 215, 249, 230, 312
-0.992246, 21, 89, 36, 152
-0.992273, 365, 97, 396, 224
-0.992278, 261, 297, 276, 360
-0.992299, 305, 245, 432, 276
-0.99231, 81, 345, 208, 375
-0.992318, 1, 97, 128, 128
-0.992347, 167, 185, 182, 248
-0.992347, 381, 305, 396, 368
-0.99235, 255, 249, 270, 312
-0.992357, 3, 257, 18, 320
-0.992366, 241, 277, 368, 308
-0.992396, 305, 229, 432, 260
-0.992402, 209, 113, 336, 176
-0.992405, 41, 241, 56, 304
-0.992418, 475, 313, 490, 375
-0.992434, 161, 285, 288, 316
-0.992449, 483, 289, 498, 352
-0.992449, 225, 241, 240, 304
-0.992459, 433, 1, 464, 128
-0.992471, 133, 273, 148, 336
-0.992481, 1, 17, 500, 80
-0.992482, 405, 113, 420, 176
-0.992495, 369, 125, 496, 156
-0.992495, 121, 105, 136, 168
-0.992496, 225, 81, 480, 144
-0.992499, 395, 257, 410, 320
-0.992499, 329, 305, 344, 368
-0.992501, 485, 169, 500, 232
-0.992504, 313, 1, 376, 375
-0.992518, 33, 225, 48, 288
-0.992528, 65, 305, 80, 368
-0.99253, 445, 89, 460, 152
-0.992535, 265, 97, 328, 224
-0.992543, 453, 313, 468, 375
-0.992548, 13, 233, 28, 296
-0.992557, 79, 193, 94, 256
-0.992561, 387, 289, 402, 352
-0.992564, 241, 313, 256, 375
-0.992565, 65, 261, 192, 292
-0.992568, 283, 305, 298, 368
-0.992571, 29, 313, 44, 375
-0.992575, 23, 9, 38, 72
-0.992579, 305, 289, 320, 352
-0.992584, 129, 217, 144, 280
-0.992588, 49, 233, 176, 264
-0.992602, 45, 201, 60, 264
-0.992609, 77, 297, 92, 360
-0.992617, 1, 345, 128, 375
-0.992618, 415, 177, 430, 240
-0.992634, 393, 281, 408, 344
-0.992637, 17, 193, 144, 224
-0.992643, 333, 225, 348, 288
-0.992645, 225, 265, 240, 328
-0.992662, 71, 305, 86, 368
-0.992664, 211, 153, 226, 216
-0.992666, 253, 273, 268, 336
-0.992673, 113, 249, 240, 280
-0.992679, 151, 105, 166, 168
-0.992685, 233, 273, 248, 336
-0.992685, 241, 281, 256, 344
-0.992688, 49, 313, 64, 375
-0.992691, 51, 113, 66, 176
-0.9927, 355, 209, 370, 272
-0.992721, 177, 73, 304, 136
-0.992736, 169, 313, 184, 375
-0.99275, 37, 313, 52, 375
-0.992765, 209, 1, 272, 128
-0.992765, 65, 213, 192, 244
-0.992766, 1, 289, 16, 352
-0.992768, 403, 265, 418, 328
-0.992776, 429, 97, 444, 160
-0.992779, 353, 345, 480, 375
-0.992789, 323, 265, 338, 328
-0.992795, 71, 193, 86, 256
-0.992799, 209, 329, 336, 360
-0.99281, 479, 161, 494, 224
-0.992812, 323, 297, 338, 360
-0.992818, 17, 329, 144, 360
-0.992823, 105, 225, 120, 288
-0.992824, 241, 17, 304, 144
-0.992842, 225, 57, 480, 120
-0.992865, 305, 217, 432, 248
-0.992867, 461, 73, 476, 136
-0.992868, 273, 345, 400, 375
-0.992877, 119, 281, 134, 344
-0.992877, 81, 97, 96, 160
-0.992886, 55, 193, 70, 256
-0.992901, 103, 249, 118, 312
-0.992902, 471, 153, 486, 216
-0.992916, 113, 217, 128, 280
-0.992921, 325, 177, 356, 304
-0.992928, 65, 193, 80, 256
-0.992929, 23, 161, 38, 224
-0.992933, 241, 1, 304, 375
-0.992934, 15, 145, 30, 208
-0.992938, 111, 113, 126, 176
-0.992952, 141, 129, 156, 192
-0.992967, 353, 209, 480, 240
-0.992973, 49, 137, 176, 168
-0.99298, 1, 137, 128, 168
-0.992981, 345, 313, 360, 375
-0.992992, 401, 241, 416, 304
-0.992996, 257, 137, 500, 200
-0.993007, 203, 241, 218, 304
-0.993012, 173, 177, 188, 240
-0.993023, 257, 265, 384, 296
-0.993038, 161, 313, 288, 344
-0.993038, 193, 341, 320, 372
-0.993057, 455, 113, 470, 176
-0.993065, 9, 257, 24, 320
-0.993069, 33, 305, 160, 336
-0.993071, 127, 113, 142, 176
-0.993072, 145, 345, 272, 375
-0.993081, 321, 309, 448, 340
-0.993092, 147, 177, 162, 240
-0.993093, 105, 193, 120, 256
-0.993097, 295, 313, 310, 375
-0.993103, 247, 289, 262, 352
-0.993111, 127, 249, 142, 312
-0.993139, 111, 289, 126, 352
-0.993147, 257, 177, 500, 240
-0.993152, 103, 105, 118, 168
-0.993153, 3, 185, 18, 248
-0.993157, 255, 305, 270, 368
-0.993157, 81, 121, 208, 152
-0.99316, 353, 1, 480, 64
-0.993163, 59, 233, 74, 296
-0.993181, 35, 97, 50, 160
-0.993183, 377, 65, 392, 128
-0.993191, 407, 193, 422, 256
-0.993195, 209, 17, 336, 144
-0.993199, 29, 105, 44, 168
-0.993199, 183, 313, 198, 375
-0.993214, 257, 249, 384, 280
-0.993241, 383, 249, 398, 312
-0.993245, 163, 289, 178, 352
-0.993253, 43, 313, 58, 375
-0.993258, 369, 197, 496, 228
-0.993279, 125, 281, 140, 344
-0.993286, 1, 65, 500, 128
-0.993303, 55, 265, 70, 328
-0.99332, 205, 161, 220, 224
-0.993322, 465, 129, 480, 192
-0.993331, 65, 249, 80, 312
-0.993354, 351, 241, 366, 304
-0.993361, 335, 297, 350, 360
-0.993365, 369, 285, 496, 316
-0.993365, 195, 153, 210, 216
-0.993378, 485, 313, 500, 375
-0.99339, 241, 301, 368, 332
-0.993417, 1, 233, 128, 264
-0.993421, 161, 257, 288, 288
-0.993444, 1, 261, 128, 292
-0.993461, 369, 173, 496, 204
-0.993511, 161, 329, 288, 360
-0.993512, 65, 185, 192, 216
-0.993551, 1, 177, 128, 208
-0.993571, 369, 109, 496, 140
-0.993576, 113, 309, 240, 340
-0.99366, 81, 97, 208, 128
-0.993696, 113, 209, 240, 240
-0.993721, 129, 153, 384, 216
-0.993738, 145, 25, 272, 88
-0.993851, 97, 97, 352, 160
-0.993872, 257, 73, 384, 136
-0.993903, 97, 145, 224, 176
-0.993908, 369, 137, 496, 168
-0.99401, 129, 221, 256, 252
-0.994012, 129, 165, 256, 196
-0.994038, 265, 1, 328, 256
-0.994065, 353, 89, 480, 120
-0.994085, 281, 1, 344, 375
-0.994261, 241, 97, 368, 224
-0.994275, 353, 69, 480, 100
-0.994333, 369, 149, 496, 180
-0.994394, 257, 221, 384, 252
-0.994493, 321, 153, 448, 184
-0.9945, 225, 237, 352, 268
-0.994505, 65, 317, 192, 348
-0.994522, 321, 177, 448, 208
-0.994566, 1, 41, 500, 104
-0.994571, 337, 273, 464, 304
-0.994571, 1, 289, 128, 320
-0.994584, 289, 1, 352, 128
-0.994586, 353, 237, 480, 268
-0.994668, 97, 109, 224, 140
-0.994679, 1, 1, 256, 64
-0.99471, 129, 177, 256, 208
-0.994728, 369, 185, 496, 216
-0.994836, 305, 205, 432, 236
-0.994946, 369, 161, 496, 192
-0.994991, 113, 197, 240, 228
-0.995046, 97, 133, 224, 164
-0.995139, 129, 89, 256, 120
-0.995178, 49, 273, 176, 304
-0.995213, 17, 65, 144, 128
-0.995323, 1, 97, 32, 352
-0.995359, 97, 129, 352, 192
-0.995382, 9, 1, 40, 256
-0.995459, 1, 1, 128, 32
-0.995463, 417, 65, 448, 320
-0.995514, 289, 49, 352, 176
-0.995527, 73, 65, 104, 320
-0.995544, 381, 1, 412, 256
-0.995601, 321, 105, 448, 136
-0.995627, 25, 65, 56, 320
-0.995645, 161, 205, 288, 236
-0.995813, 101, 97, 132, 352
-0.995815, 225, 1, 480, 64
-0.995825, 177, 233, 304, 264
-0.995826, 369, 261, 496, 292
-0.995862, 1, 21, 128, 52
-0.995871, 89, 65, 120, 320
-0.995888, 461, 65, 492, 320
-0.995913, 153, 1, 168, 32
-0.995925, 113, 97, 144, 352
-0.995932, 125, 129, 156, 375
-0.995935, 49, 97, 80, 352
-0.995964, 65, 85, 192, 116
-0.996006, 177, 157, 304, 188
-0.996006, 13, 97, 44, 352
-0.996022, 129, 121, 256, 152
-0.996028, 257, 49, 384, 112
-0.99603, 49, 285, 176, 316
-0.996031, 187, 341, 202, 372
-0.99605, 181, 129, 212, 375
-0.996118, 285, 285, 300, 316
-0.996129, 145, 49, 272, 112
-0.996142, 1, 165, 128, 196
-0.996221, 41, 1, 72, 256
-0.996223, 393, 1, 424, 256
-0.996246, 353, 45, 480, 76
-0.996264, 197, 129, 228, 375
-0.996265, 305, 45, 432, 76
-0.99627, 225, 241, 240, 272
-0.996272, 225, 113, 480, 176
-0.996276, 3, 125, 18, 156
-0.996289, 81, 157, 208, 188
-0.99629, 287, 317, 302, 348
-0.996291, 293, 293, 308, 324
-0.99633, 353, 57, 480, 88
-0.996355, 37, 97, 68, 352
-0.996366, 135, 129, 150, 160
-0.996386, 415, 181, 430, 212
-0.996388, 137, 129, 168, 375
-0.996393, 305, 117, 432, 148
-0.996402, 449, 65, 480, 320
-0.996404, 237, 285, 252, 316
-0.996415, 405, 97, 436, 352
-0.996417, 173, 341, 188, 372
-0.996426, 305, 129, 432, 160
-0.996433, 15, 241, 30, 272
-0.996446, 27, 245, 42, 276
-0.996465, 321, 165, 448, 196
-0.996484, 1, 81, 256, 144
-0.99652, 321, 189, 448, 220
-0.996524, 167, 333, 182, 364
-0.996534, 49, 33, 176, 96
-0.996539, 277, 277, 292, 308
-0.99654, 51, 201, 66, 232
-0.996541, 233, 305, 248, 336
-0.996549, 21, 249, 36, 280
-0.996573, 183, 165, 198, 196
-0.996574, 179, 337, 194, 368
-0.996579, 227, 293, 242, 324
-0.996582, 173, 321, 188, 352
-0.996585, 283, 305, 298, 336
-0.996585, 209, 129, 240, 375
-0.996588, 369, 65, 400, 320
-0.996601, 159, 341, 174, 372
-0.996611, 437, 65, 468, 320
-0.996616, 111, 217, 126, 248
-0.996616, 119, 113, 134, 144
-0.996621, 297, 325, 312, 356
-0.996626, 305, 61, 432, 92
-0.996626, 221, 313, 236, 344
-0.996629, 67, 197, 82, 228
-0.996632, 307, 293, 322, 324
-0.996657, 379, 69, 394, 100
-0.996668, 49, 9, 176, 40
-0.996676, 447, 229, 462, 260
-0.996676, 21, 97, 36, 128
-0.996687, 149, 97, 180, 352
-0.996693, 3, 285, 18, 316
-0.996695, 225, 257, 240, 288
-0.996697, 15, 253, 30, 284
-0.996697, 277, 289, 292, 320
-0.996699, 37, 101, 52, 132
-0.996701, 207, 165, 222, 196
-0.996701, 131, 281, 146, 312
-0.996702, 291, 329, 306, 360
-0.996705, 145, 101, 272, 132
-0.996708, 47, 213, 62, 244
-0.996709, 305, 141, 432, 172
-0.996709, 209, 221, 336, 252
-0.996723, 395, 29, 410, 60
-0.996723, 213, 245, 228, 276
-0.996724, 61, 97, 92, 352
-0.996728, 21, 185, 36, 216
-0.99673, 383, 321, 398, 352
-0.996738, 101, 113, 116, 144
-0.996741, 1, 41, 128, 72
-0.996743, 241, 169, 368, 232
-0.996747, 87, 81, 102, 112
-0.996748, 13, 169, 28, 200
-0.996755, 141, 101, 156, 132
-0.996758, 261, 261, 276, 292
-0.996762, 353, 249, 480, 280
-0.996768, 215, 277, 230, 308
-0.996774, 11, 33, 26, 64
-0.996776, 51, 121, 66, 152
-0.996793, 255, 253, 270, 284
-0.996794, 373, 341, 388, 372
-0.996794, 7, 141, 22, 172
-0.996797, 81, 109, 96, 140
-0.996799, 9, 345, 24, 375
-0.9968, 207, 249, 222, 280
-0.9968, 65, 309, 80, 340
-0.996803, 151, 113, 166, 144
-0.996803, 421, 345, 436, 375
-0.996818, 45, 313, 60, 344
-0.99682, 65, 173, 192, 204
-0.996828, 381, 97, 412, 352
-0.996834, 341, 329, 356, 360
-0.996836, 195, 345, 210, 375
-0.996847, 167, 209, 182, 240
-0.996848, 59, 105, 74, 136
-0.996853, 421, 205, 436, 236
-0.996853, 63, 253, 78, 284
-0.996854, 27, 273, 42, 304
-0.996858, 361, 217, 376, 248
-0.996858, 149, 1, 180, 256
-0.99686, 467, 149, 482, 180
-0.99686, 383, 305, 398, 336
-0.99686, 195, 161, 210, 192
-0.996861, 121, 225, 136, 256
-0.996865, 271, 273, 286, 304
-0.996871, 447, 93, 462, 124
-0.996874, 113, 193, 128, 224
-0.996874, 113, 237, 128, 268
-0.996877, 409, 193, 424, 224
-0.996881, 155, 329, 170, 360
-0.996888, 355, 245, 370, 276
-0.996892, 415, 193, 430, 224
-0.996893, 161, 297, 176, 328
-0.996896, 21, 325, 36, 356
-0.9969, 69, 253, 84, 284
-0.996902, 7, 181, 22, 212
-0.996905, 229, 321, 244, 352
-0.996909, 219, 289, 234, 320
-0.99691, 211, 301, 226, 332
-0.996911, 195, 285, 210, 316
-0.996913, 209, 277, 224, 308
-0.996915, 127, 225, 142, 256
-0.996916, 133, 117, 148, 148
-0.996916, 389, 321, 404, 352
-0.996921, 433, 97, 448, 128
-0.996922, 103, 197, 118, 228
-0.996924, 169, 129, 200, 375
-0.996932, 449, 321, 464, 352
-0.996933, 101, 293, 116, 324
-0.99694, 15, 105, 30, 136
-0.996941, 157, 25, 172, 56
-0.996943, 477, 81, 492, 112
-0.996951, 1, 141, 16, 172
-0.996952, 357, 129, 388, 375
-0.996958, 335, 313, 350, 344
-0.996959, 123, 237, 138, 268
-0.996959, 209, 201, 336, 232
-0.996961, 305, 85, 432, 116
-0.996962, 177, 173, 192, 204
-0.996963, 371, 229, 386, 260
-0.996965, 217, 149, 232, 180
-0.996965, 423, 193, 438, 224
-0.996967, 55, 313, 70, 344
-0.996976, 77, 193, 92, 224
-0.996977, 243, 293, 258, 324
-0.996978, 201, 285, 216, 316
-0.99698, 51, 329, 66, 360
-0.99698, 113, 205, 128, 236
-0.996982, 267, 301, 282, 332
-0.996984, 161, 193, 288, 224
-0.996984, 483, 301, 498, 332
-0.996986, 105, 217, 120, 248
-0.996987, 459, 77, 474, 108
-0.996989, 479, 313, 494, 344
-0.99699, 475, 165, 490, 196
-0.996993, 37, 253, 52, 284
-0.996995, 255, 305, 270, 336
-0.996996, 109, 293, 124, 324
-0.996998, 325, 225, 340, 256
-0.997, 33, 189, 48, 220
-0.997, 131, 237, 146, 268
-0.997006, 57, 1, 88, 256
-0.997008, 53, 241, 68, 272
-0.99701, 271, 289, 286, 320
-0.997081, 21, 225, 36, 352
-0.997109, 193, 33, 448, 96
-0.997115, 393, 129, 424, 375
-0.997207, 29, 225, 44, 352
-0.997226, 1, 25, 256, 88
-0.997273, 113, 209, 128, 336
-0.997301, 133, 33, 164, 288
-0.997307, 119, 209, 134, 336
-0.997349, 15, 225, 30, 352
-0.997462, 213, 225, 228, 352
-0.99747, 205, 225, 220, 352
-0.997493, 107, 225, 122, 352
-0.997523, 3, 113, 18, 240
-0.997541, 259, 241, 274, 368
-0.99755, 161, 33, 192, 288
-0.997554, 139, 209, 154, 336
-0.997595, 19, 81, 34, 208
-0.997596, 99, 193, 114, 320
-0.997612, 7, 209, 22, 336
-0.997618, 231, 241, 246, 368
-0.997619, 57, 241, 72, 368
-0.997622, 93, 209, 108, 336
-0.997649, 393, 17, 408, 144
-0.997659, 131, 225, 146, 352
-0.997663, 219, 225, 234, 352
-0.997715, 459, 65, 474, 192
-0.997723, 13, 97, 28, 224
-0.997734, 55, 177, 70, 304
-0.997738, 265, 241, 280, 368
-0.99776, 363, 209, 378, 336
-0.997767, 147, 81, 162, 208
-0.997773, 99, 241, 114, 368
-0.997782, 257, 25, 384, 88
-0.997783, 209, 145, 224, 272
-0.997801, 141, 81, 156, 208
-0.997805, 221, 129, 252, 375
-0.997808, 37, 97, 52, 224
-0.997819, 37, 241, 52, 368
-0.997828, 225, 241, 240, 368
-0.997837, 79, 241, 94, 368
-0.997847, 97, 73, 352, 136
-0.997855, 465, 65, 480, 192
-0.997869, 67, 209, 82, 336
-0.997881, 333, 209, 348, 336
-0.997892, 121, 97, 136, 224
-0.997923, 277, 241, 292, 368
-0.997933, 253, 241, 268, 368
-0.997946, 135, 97, 150, 224
-0.997947, 477, 145, 492, 272
-0.997948, 325, 241, 340, 368
-0.997953, 409, 145, 424, 272
-0.997955, 43, 241, 58, 368
-0.997982, 47, 113, 62, 240
-0.997984, 87, 225, 102, 352
-0.99799, 87, 177, 102, 304
-0.997994, 59, 81, 74, 208
-0.998002, 153, 17, 168, 144
-0.998004, 117, 1, 148, 256
-0.998009, 29, 97, 44, 224
-0.998011, 257, 121, 384, 184
-0.998012, 125, 225, 140, 352
-0.998031, 147, 193, 162, 320
-0.998032, 185, 33, 216, 288
-0.998062, 49, 209, 64, 336
-0.998066, 369, 209, 384, 336
-0.998069, 201, 161, 216, 288
-0.998088, 429, 81, 444, 208
-0.998089, 357, 209, 372, 336
-0.998097, 333, 129, 364, 375
-0.998098, 375, 209, 390, 336
-0.998109, 99, 97, 114, 224
-0.998112, 351, 225, 366, 352
-0.998113, 1, 241, 16, 368
-0.998128, 417, 177, 432, 304
-0.998131, 61, 193, 76, 320
-0.998135, 53, 97, 68, 224
-0.998139, 269, 129, 300, 375
-0.998141, 21, 161, 36, 288
-0.998142, 411, 97, 426, 224
-0.998144, 405, 1, 436, 256
-0.998156, 387, 33, 402, 160
-0.99816, 271, 241, 286, 368
-0.99816, 249, 129, 280, 375
-0.998163, 89, 49, 104, 176
-0.998177, 477, 65, 492, 192
-0.998201, 43, 193, 58, 320
-0.998202, 15, 161, 30, 288
-0.998207, 467, 129, 482, 256
-0.99821, 73, 177, 88, 304
-0.998242, 451, 65, 466, 192
-0.998249, 445, 81, 460, 208
-0.99825, 439, 81, 454, 208
-0.998252, 399, 225, 414, 352
-0.998259, 105, 177, 120, 304
-0.998265, 175, 161, 190, 288
-0.998272, 141, 129, 156, 256
-0.998285, 185, 145, 200, 272
-0.998297, 383, 241, 398, 368
-0.998299, 137, 339, 200, 354
-0.99831, 249, 291, 312, 306
-0.998311, 129, 345, 192, 360
-0.998314, 65, 251, 128, 266
-0.998318, 257, 333, 320, 348
-0.998326, 17, 1, 32, 128
-0.998326, 137, 353, 200, 368
-0.998328, 381, 33, 396, 160
-0.998329, 201, 299, 264, 314
-0.998333, 401, 237, 464, 252
-0.998335, 79, 97, 94, 224
-0.998338, 169, 173, 232, 188
-0.99834, 1, 261, 64, 276
-0.998342, 81, 243, 144, 258
-0.998342, 145, 359, 208, 374
-0.998342, 33, 125, 96, 140
-0.998344, 209, 273, 272, 288
-0.998345, 225, 305, 288, 320
-0.998346, 225, 281, 288, 296
-0.998347, 225, 295, 288, 310
-0.998347, 9, 113, 72, 128
-0.998347, 237, 241, 252, 368
-0.998347, 201, 287, 264, 302
-0.998351, 281, 291, 344, 306
-0.998353, 337, 239, 400, 254
-0.998353, 17, 245, 80, 260
-0.998354, 57, 111, 120, 126
-0.998356, 417, 333, 480, 348
-0.998357, 345, 251, 408, 266
-0.998359, 73, 241, 88, 368
-0.99836, 97, 229, 160, 244
-0.99836, 329, 353, 392, 368
-0.998362, 265, 297, 328, 312
-0.998362, 33, 221, 96, 236
-0.998363, 201, 305, 264, 320
-0.998365, 305, 129, 336, 375
-0.998365, 49, 99, 112, 114
-0.998365, 289, 327, 352, 342
-0.998365, 1, 123, 64, 138
-0.998366, 329, 229, 392, 244
-0.998367, 353, 245, 416, 260
-0.998367, 265, 311, 328, 326
-0.998368, 41, 315, 104, 330
-0.998368, 29, 33, 44, 160
-0.998369, 17, 331, 80, 346
-0.998369, 177, 349, 240, 364
-0.998369, 353, 33, 416, 48
-0.998369, 129, 113, 144, 240
-0.99837, 121, 329, 184, 344
-0.998371, 41, 251, 104, 266
-0.998372, 57, 229, 120, 244
-0.998372, 417, 345, 480, 360
-0.998373, 297, 339, 360, 354
-0.998373, 321, 245, 384, 260
-0.998374, 113, 207, 176, 222
-0.998375, 225, 289, 288, 304
-0.998375, 33, 113, 96, 128
-0.998375, 49, 257, 112, 272
-0.998376, 153, 347, 216, 362
-0.998377, 49, 131, 112, 146
-0.998377, 105, 1, 136, 256
-0.998377, 33, 177, 48, 304
-0.998378, 17, 253, 80, 268
-0.998379, 217, 311, 280, 326
-0.99838, 403, 113, 418, 240
-0.998382, 417, 339, 480, 354
-0.998383, 145, 177, 208, 192
-0.998383, 329, 337, 392, 352
-0.998383, 241, 339, 304, 354
-0.998385, 369, 339, 432, 354
-0.998385, 225, 267, 288, 282
-0.998385, 353, 233, 416, 248
-0.998386, 403, 65, 418, 192
-0.998387, 25, 239, 88, 254
-0.998387, 57, 235, 120, 250
-0.998387, 57, 245, 120, 260
-0.998388, 329, 331, 392, 346
-0.998388, 57, 309, 120, 324
-0.998389, 321, 253, 384, 268
-0.99839, 265, 327, 328, 342
-0.99839, 281, 305, 344, 320
-0.998391, 249, 303, 312, 318
-0.998392, 305, 311, 368, 326
-0.998392, 185, 281, 248, 296
-0.998392, 217, 333, 280, 348
-0.998392, 1, 355, 64, 370
-0.998392, 345, 319, 408, 334
-0.998392, 25, 341, 88, 356
-0.998393, 33, 107, 96, 122
-0.998393, 257, 319, 320, 334
-0.998393, 369, 239, 432, 254
-0.998393, 377, 361, 440, 375
-0.998394, 217, 33, 248, 288
-0.998395, 97, 135, 160, 150
-0.998395, 217, 323, 280, 338
-0.998395, 393, 315, 456, 330
-0.998395, 421, 97, 436, 224
-0.998396, 9, 277, 72, 292
-0.998396, 161, 81, 176, 208
-0.998398, 97, 201, 160, 216
-0.998398, 97, 347, 160, 362
-0.998398, 105, 339, 168, 354
-0.998398, 321, 347, 384, 362
-0.998399, 409, 211, 472, 226
-0.998399, 41, 263, 104, 278
-0.998399, 409, 193, 472, 208
-0.998399, 89, 125, 152, 140
-0.9984, 97, 235, 160, 250
-0.9984, 177, 317, 240, 332
-0.9984, 49, 93, 112, 108
-0.998401, 393, 243, 456, 258
-0.998401, 49, 335, 112, 350
-0.998401, 321, 361, 384, 375
-0.998401, 353, 301, 416, 316
-0.998401, 177, 303, 240, 318
-0.998402, 169, 327, 232, 342
-0.998402, 89, 105, 152, 120
-0.998403, 185, 259, 248, 274
-0.998403, 105, 291, 168, 306
-0.998404, 425, 325, 488, 340
-0.998405, 17, 7, 80, 22
-0.998405, 1, 203, 64, 218
-0.998406, 233, 275, 296, 290
-0.998406, 369, 205, 432, 220
-0.998406, 345, 313, 408, 328
-0.998406, 97, 111, 160, 126
-0.998407, 41, 199, 104, 214
-0.998407, 265, 277, 328, 292
-0.998408, 369, 191, 432, 206
-0.998409, 305, 291, 368, 306
-0.998409, 305, 305, 368, 320
-0.99841, 9, 103, 72, 118
-0.99841, 81, 341, 144, 356
-0.998411, 105, 353, 168, 368
-0.998411, 361, 67, 424, 82
-0.998412, 343, 225, 358, 352
-0.998412, 177, 293, 240, 308
-0.998412, 273, 339, 336, 354
-0.998412, 265, 283, 328, 298
-0.998413, 9, 325, 72, 340
-0.998413, 105, 97, 120, 224
-0.998413, 1, 17, 16, 144
-0.998414, 121, 323, 184, 338
-0.998417, 353, 361, 416, 375
-0.998417, 81, 193, 96, 320
-0.998417, 217, 261, 280, 276
-0.998417, 385, 325, 448, 340
-0.998418, 57, 223, 120, 238
-0.998418, 33, 119, 96, 134
-0.998419, 153, 209, 168, 336
-0.998421, 129, 177, 144, 304
-0.998427, 159, 17, 174, 144
-0.99843, 173, 33, 204, 288
-0.998432, 215, 129, 230, 256
-0.998433, 97, 1, 224, 64
-0.998441, 113, 97, 128, 224
-0.99847, 471, 65, 486, 192
-0.998473, 405, 193, 420, 320
-0.998486, 3, 161, 18, 288
-0.998498, 237, 129, 268, 375
-0.998514, 459, 113, 474, 240
-0.99852, 485, 161, 500, 288
-0.998524, 7, 17, 22, 144
-0.998534, 193, 241, 208, 368
-0.998547, 153, 161, 168, 288
-0.998551, 93, 97, 108, 224
-0.998556, 345, 129, 376, 375
-0.998567, 389, 241, 404, 368
-0.99859, 167, 225, 182, 352
-0.998596, 375, 49, 390, 176
-0.998603, 485, 81, 500, 208
-0.998608, 199, 241, 214, 368
-0.998614, 147, 145, 162, 272
-0.998616, 59, 129, 74, 256
-0.998616, 247, 241, 262, 368
-0.998617, 201, 33, 232, 288
-0.998627, 27, 161, 42, 288
-0.998638, 383, 177, 398, 304
-0.998645, 289, 129, 320, 375
-0.998649, 397, 81, 412, 208
-0.998655, 433, 129, 448, 256
-0.998663, 349, 1, 380, 256
-0.998712, 319, 241, 334, 368
-0.998715, 159, 129, 174, 256
-0.998716, 161, 1, 288, 64
-0.998717, 373, 161, 388, 288
-0.998726, 85, 97, 100, 224
-0.998732, 399, 17, 414, 144
-0.998891, 285, 1, 316, 256
-0.999131, 229, 33, 260, 288
-0.999263, 317, 97, 348, 352
-0.999352, 241, 33, 272, 288
-0.999379, 273, 1, 304, 256
-0.999534, 297, 33, 360, 288
-0.999602, 253, 1, 284, 256
-0.999678, 265, 33, 328, 160
-0.999695, 437, 97, 468, 112
-0.999697, 233, 333, 264, 348
-0.999699, 5, 357, 36, 372
-0.999706, 329, 339, 360, 354
-0.999714, 37, 243, 68, 258
-0.999719, 73, 251, 104, 266
-0.999721, 425, 229, 456, 244
-0.999728, 229, 327, 260, 342
-0.999732, 25, 109, 56, 124
-0.999733, 165, 351, 196, 366
-0.999735, 461, 335, 492, 350
-0.999738, 253, 307, 284, 322
-0.999744, 285, 339, 316, 354
-0.99975, 409, 361, 440, 375
-0.999762, 209, 323, 240, 338
-0.999762, 1, 183, 32, 198
-0.999762, 149, 205, 180, 220
-0.999771, 329, 243, 360, 258
-0.999773, 113, 193, 128, 208
-0.999774, 215, 253, 230, 268
-0.999774, 73, 257, 88, 272
-0.999774, 229, 301, 244, 316
-0.999775, 41, 125, 72, 140
-0.999775, 367, 103, 382, 118
-0.999776, 421, 353, 436, 368
-0.999776, 475, 333, 490, 348
-0.999776, 447, 231, 462, 246
-0.999776, 31, 257, 46, 272
-0.999776, 485, 293, 500, 308
-0.999777, 9, 31, 24, 46
-0.999777, 51, 275, 66, 290
-0.999778, 197, 349, 212, 364
-0.999778, 255, 309, 270, 324
-0.999779, 203, 287, 218, 302
-0.999779, 129, 1, 384, 64
-0.99978, 417, 181, 432, 196
-0.99978, 385, 321, 400, 336
-0.99978, 325, 223, 340, 238
-0.99978, 167, 213, 182, 228
-0.99978, 135, 131, 150, 146
-0.99978, 459, 81, 474, 96
-0.999781, 107, 201, 122, 216
-0.999781, 119, 237, 134, 252
-0.999781, 179, 337, 194, 352
-0.999781, 439, 335, 454, 350
-0.999781, 397, 315, 412, 330
-0.999782, 25, 357, 40, 372
-0.999782, 221, 145, 236, 160
-0.999782, 471, 157, 486, 172
-0.999782, 313, 307, 344, 322
-0.999783, 391, 321, 406, 336
-0.999783, 171, 331, 186, 346
-0.999783, 459, 341, 474, 356
-0.999784, 101, 117, 116, 132
-0.999784, 9, 361, 24, 375
-0.999784, 67, 335, 82, 350
-0.999785, 211, 301, 226, 316
-0.999786, 459, 315, 474, 330
-0.999786, 347, 349, 362, 364
-0.999787, 135, 147, 150, 162
-0.999787, 177, 175, 192, 190
-0.999787, 3, 35, 18, 50
-0.999787, 97, 109, 112, 124
-0.999787, 129, 205, 144, 220
-0.999787, 19, 107, 34, 122
-0.999788, 59, 253, 74, 268
-0.999788, 11, 237, 26, 252
-0.999788, 465, 325, 496, 340
-0.99979, 201, 163, 216, 178
-0.99979, 57, 313, 72, 328
-0.99979, 261, 263, 276, 278
-0.99979, 381, 361, 412, 375
-0.999791, 215, 157, 230, 172
-0.999792, 223, 263, 238, 278
-0.999792, 1, 293, 16, 308
-0.999793, 29, 329, 60, 344
-0.999793, 273, 287, 288, 302
-0.999794, 457, 317, 488, 332
-0.999794, 155, 15, 170, 30
-0.999795, 415, 197, 430, 212
-0.999795, 129, 241, 144, 256
-0.999796, 449, 95, 464, 110
-0.999796, 229, 325, 244, 340
-0.999796, 59, 113, 74, 128
-0.999796, 291, 293, 306, 308
-0.999796, 443, 97, 458, 112
-0.999796, 73, 195, 104, 210
-0.999796, 57, 335, 72, 350
-0.999798, 25, 185, 40, 200
-0.999798, 355, 317, 370, 332
-0.999798, 217, 151, 232, 166
-0.999798, 373, 233, 388, 248
-0.999798, 483, 193, 498, 208
-0.999799, 219, 311, 234, 326
-0.999799, 377, 71, 392, 86
-0.9998, 387, 327, 402, 342
-0.999801, 83, 105, 98, 120
-0.999801, 23, 261, 38, 276
-0.999802, 357, 249, 372, 264
-0.999803, 51, 257, 66, 272
-0.999803, 207, 167, 222, 182
-0.999803, 3, 231, 18, 246
-0.999804, 271, 277, 286, 292
-0.999804, 27, 251, 42, 266
-0.999804, 441, 235, 456, 250
-0.999804, 151, 117, 166, 132
-0.999805, 409, 265, 424, 280
-0.999805, 165, 335, 180, 350
-0.999806, 63, 247, 78, 262
-0.999806, 131, 283, 146, 298
-0.999807, 225, 269, 240, 284
-0.999807, 31, 245, 46, 260
-0.999807, 7, 123, 22, 138
-0.999807, 25, 111, 40, 126
-0.999809, 427, 177, 442, 192
-0.999809, 475, 83, 490, 98
-0.999811, 119, 117, 134, 132
-0.999812, 77, 245, 108, 260
-0.999814, 51, 211, 66, 226
-0.999815, 91, 103, 106, 118
-0.999816, 289, 323, 304, 338
-0.999816, 119, 207, 134, 222
-0.999816, 157, 33, 172, 48
-0.99982, 295, 331, 310, 346
-0.99982, 305, 297, 320, 312
-0.999821, 17, 245, 32, 260
-0.999821, 69, 247, 84, 262
-0.999822, 181, 343, 196, 358
-0.999823, 53, 129, 68, 144
-0.999823, 5, 129, 20, 144
-0.999824, 37, 103, 52, 118
-0.999825, 113, 237, 128, 252
-0.999825, 67, 199, 82, 214
-0.999825, 193, 311, 224, 326
-0.999826, 435, 99, 450, 114
-0.999828, 437, 105, 468, 120
-0.999828, 77, 195, 92, 210
-0.999829, 39, 255, 54, 270
-0.999829, 177, 349, 192, 364
-0.999832, 433, 339, 464, 354
-0.999832, 395, 33, 410, 48
-0.999833, 65, 311, 80, 326
-0.999833, 473, 303, 488, 318
-0.999834, 65, 253, 80, 268
-0.999835, 85, 301, 116, 316
-0.999837, 113, 225, 128, 240
-0.999837, 289, 331, 304, 346
-0.999838, 123, 243, 138, 258
-0.99984, 183, 169, 198, 184
-0.999842, 93, 203, 124, 218
-0.999842, 223, 317, 238, 332
-0.999844, 189, 343, 204, 358
-0.999844, 159, 343, 174, 358
-0.999845, 117, 205, 148, 220
-0.999846, 183, 351, 198, 366
-0.999847, 417, 187, 432, 202
-0.999847, 225, 245, 240, 260
-0.999849, 117, 253, 148, 268
-0.999849, 283, 287, 298, 302
-0.999852, 225, 305, 256, 320
-0.999852, 437, 329, 468, 344
-0.999853, 105, 235, 120, 250
-0.999857, 175, 343, 190, 358
-0.99986, 269, 289, 300, 304
-0.999865, 381, 303, 412, 318
-0.999866, 45, 213, 76, 228
-0.999868, 45, 219, 76, 234
-0.999868, 141, 353, 172, 368
-0.999871, 213, 247, 228, 262
-0.999872, 141, 339, 172, 354
-0.999874, 381, 321, 412, 336
-0.99988, 169, 345, 184, 360
-0.99988, 21, 277, 52, 292
-0.999887, 153, 5, 168, 20
-0.999889, 257, 273, 288, 288
-0.999891, 369, 289, 400, 304
-0.999891, 5, 251, 36, 266
-0.999893, 385, 327, 416, 342
-0.999894, 401, 247, 432, 262
-0.999901, 153, 337, 184, 352
-0.999908, 441, 121, 472, 136
-0.999913, 313, 1, 344, 256
-0.999918, 353, 349, 384, 364
-0.999925, 297, 1, 328, 256
-0.999926, 33, 267, 64, 282
-0.999927, 385, 47, 416, 62
-0.999931, 269, 335, 300, 350
-0.999933, 249, 265, 280, 280
-0.999934, 329, 1, 360, 256
-0.999936, 9, 45, 40, 60
-0.999939, 25, 115, 56, 130
-0.999947, 5, 243, 36, 258
-0.99995, 57, 335, 88, 350
-0.999951, 45, 3, 76, 18
-0.999953, 205, 259, 236, 274
-0.999962, 349, 355, 380, 370
-0.999976, 241, 311, 272, 326
-0.999992, 101, 235, 132, 250
-0.999996, 413, 235, 444, 250
-1, 217, 329, 248, 344
-1.00001, 193, 49, 320, 112
-1.00002, 161, 331, 192, 346
-1.00002, 33, 251, 64, 266
-1.00002, 265, 329, 296, 344
-1.00003, 109, 193, 140, 208
-1.00004, 157, 221, 188, 236
-1.00005, 173, 175, 204, 190
-1.00005, 465, 169, 496, 184
-1.00007, 461, 81, 492, 96
-1.00007, 321, 321, 352, 336
-1.00007, 357, 227, 388, 242
-1.00007, 329, 327, 360, 342
-1.00008, 5, 265, 36, 280
-1.00009, 129, 127, 160, 142
-1.00009, 301, 299, 332, 314
-1.0001, 261, 281, 292, 296
-1.0001, 53, 117, 84, 132
-1.0001, 281, 327, 312, 342
-1.00011, 25, 361, 56, 375
-1.00011, 173, 357, 204, 372
-1.00012, 205, 307, 236, 322
-1.00013, 101, 247, 132, 262
-1.00013, 289, 295, 320, 310
-1.00014, 301, 325, 332, 340
-1.00014, 265, 315, 296, 330
-1.00015, 225, 1, 352, 64
-1.00016, 49, 249, 80, 264
-1.00016, 21, 355, 52, 370
-1.00016, 41, 131, 72, 146
-1.00016, 213, 269, 244, 284
-1.00017, 197, 285, 228, 300
-1.00018, 13, 187, 44, 202
-1.00018, 117, 123, 148, 138
-1.0002, 129, 117, 160, 132
-1.0002, 209, 291, 240, 306
-1.00023, 469, 305, 500, 320
-1.00025, 237, 303, 268, 318
-1.00026, 145, 347, 176, 362
-1.00027, 5, 351, 36, 366
-1.00028, 17, 101, 48, 116
-1.00031, 45, 257, 76, 272
-1.00035, 197, 165, 228, 180
-1.00035, 361, 235, 392, 250
-1.00036, 181, 169, 212, 184
-1.00037, 177, 349, 208, 364
-1.00038, 217, 315, 248, 330
-1.00039, 193, 173, 224, 188
-1.00042, 25, 257, 56, 272
-1.00043, 117, 243, 148, 258
-1.00046, 213, 299, 244, 314
-1.00047, 221, 321, 252, 336
-1.00047, 53, 313, 84, 328
-1.00048, 17, 249, 48, 264
-1.00049, 13, 107, 44, 122
-1.00056, 277, 321, 308, 336
-1.00059, 217, 275, 248, 290
-1.00059, 229, 293, 260, 308
-1.00061, 113, 117, 144, 132
-1.00064, 81, 107, 112, 122
-1.00065, 1, 57, 256, 120
-1.00073, 109, 199, 140, 214
-1.00078, 1, 283, 32, 298
-1.00079, 157, 345, 188, 360
-1.00081, 285, 333, 316, 348
-1.00082, 173, 341, 204, 356
-1.00083, 213, 245, 244, 260
-1.00087, 201, 253, 232, 268
-1.00156, 257, 49, 384, 176
-1.00212, 97, 49, 352, 112
-1.00272, 97, 25, 352, 88
-1.00275, 209, 25, 336, 88
