1882
-0.364158, 1, 1, 500, 333
-0.397817, 1, 33, 500, 288
-0.444888, 97, 1, 352, 333
-0.61505, 65, 1, 320, 256
-0.616722, 193, 1, 448, 333
-0.721783, 1, 1, 256, 333
-0.736279, 161, 65, 416, 320
-0.846026, 129, 1, 256, 333
-0.847195, 113, 1, 240, 256
-0.871176, 177, 1, 304, 333
-0.874845, 257, 33, 500, 288
-0.876438, 81, 1, 208, 333
-0.879399, 161, 1, 288, 256
-0.894696, 1, 81, 500, 208
-0.898051, 1, 209, 500, 333
-0.902469, 33, 65, 160, 320
-0.90634, 65, 209, 320, 333
-0.910709, 1, 33, 500, 160
-0.911296, 1, 161, 500, 288
-0.914177, 65, 129, 320, 256
-0.916042, 257, 65, 384, 320
-0.920848, 161, 209, 416, 333
-0.923941, 33, 1, 160, 333
-0.9241, 193, 161, 448, 288
-0.925217, 65, 81, 320, 208
-0.925241, 209, 65, 336, 320
-0.93, 321, 65, 448, 320
-0.931607, 33, 145, 160, 272
-0.932313, 81, 209, 208, 333
-0.932622, 113, 17, 240, 144
-0.936024, 161, 49, 416, 176
-0.936511, 161, 193, 288, 320
-0.937211, 369, 65, 496, 320
-0.937993, 257, 1, 384, 333
-0.939557, 209, 177, 336, 304
-0.940625, 113, 33, 176, 160
-0.942976, 33, 193, 160, 320
-0.944911, 65, 33, 320, 160
-0.945378, 161, 49, 288, 176
-0.946838, 137, 209, 200, 333
-0.946872, 209, 193, 272, 320
-0.947127, 57, 161, 120, 288
-0.948041, 177, 17, 240, 144
-0.948168, 161, 113, 416, 240
-0.948631, 257, 209, 500, 333
-0.948713, 241, 193, 304, 320
-0.949006, 97, 193, 160, 320
-0.949263, 97, 81, 224, 208
-0.949512, 153, 49, 216, 176
-0.94988, 33, 161, 96, 288
-0.951153, 257, 209, 384, 333
-0.951261, 113, 161, 240, 288
-0.952226, 289, 209, 352, 333
-0.953741, 177, 129, 240, 256
-0.954171, 177, 33, 240, 96
-0.954565, 265, 161, 328, 288
-0.95491, 369, 153, 432, 216
-0.955593, 81, 145, 144, 272
-0.956651, 121, 81, 184, 208
-0.956852, 121, 41, 184, 104
-0.95704, 257, 113, 500, 240
-0.957377, 377, 113, 440, 240
-0.957447, 161, 145, 288, 272
-0.957902, 89, 217, 152, 280
-0.95804, 313, 209, 376, 333
-0.959128, 185, 209, 248, 333
-0.959163, 105, 193, 168, 256
-0.959477, 121, 225, 184, 288
-0.95953, 265, 233, 328, 296
-0.959718, 337, 81, 464, 208
-0.959759, 305, 233, 368, 296
-0.959797, 177, 65, 240, 192
-0.960006, 241, 241, 304, 304
-0.9603, 89, 81, 152, 208
-0.960527, 153, 25, 216, 88
-0.960643, 57, 209, 120, 333
-0.960743, 265, 209, 328, 333
-0.960787, 113, 33, 240, 96
-0.960945, 257, 273, 320, 333
-0.961145, 201, 33, 264, 160
-0.961293, 161, 193, 224, 320
-0.961377, 105, 145, 168, 272
-0.961462, 201, 97, 264, 224
-0.961601, 217, 145, 280, 272
-0.962145, 65, 225, 128, 288
-0.962295, 145, 209, 208, 272
-0.962723, 321, 129, 448, 256
-0.963666, 337, 1, 464, 333
-0.963895, 337, 177, 400, 304
-0.96436, 257, 129, 384, 256
-0.96447, 225, 193, 288, 256
-0.964934, 57, 185, 120, 248
-0.965166, 97, 49, 160, 112
-0.965392, 257, 65, 500, 192
-0.965477, 233, 265, 296, 328
-0.965544, 145, 97, 208, 224
-0.965722, 209, 129, 336, 256
-0.965905, 209, 265, 272, 328
-0.966623, 361, 161, 424, 288
-0.966759, 73, 161, 136, 224
-0.966829, 209, 33, 336, 160
-0.966871, 33, 217, 96, 280
-0.967254, 129, 161, 192, 288
-0.967503, 329, 209, 392, 272
-0.967505, 281, 265, 344, 328
-0.967602, 201, 41, 264, 104
-0.967723, 113, 89, 176, 152
-0.967829, 361, 177, 424, 240
-0.967938, 193, 217, 256, 280
-0.968614, 89, 137, 152, 200
-0.968976, 161, 97, 288, 224
-0.969224, 9, 161, 72, 288
-0.969484, 121, 249, 184, 312
-0.969525, 377, 129, 440, 192
-0.969585, 313, 161, 376, 288
-0.969689, 153, 1, 216, 128
-0.96972, 153, 233, 216, 296
-0.969853, 393, 105, 456, 168
-0.969884, 9, 193, 72, 256
-0.969916, 305, 209, 432, 333
-0.97, 265, 209, 328, 272
-0.970039, 177, 57, 240, 120
-0.97006, 117, 161, 148, 288
-0.970135, 353, 113, 416, 176
-0.970246, 89, 33, 152, 160
-0.970256, 313, 185, 376, 248
-0.970258, 33, 209, 96, 333
-0.970435, 193, 121, 256, 184
-0.970548, 33, 161, 96, 224
-0.970584, 33, 193, 96, 256
-0.970586, 113, 1, 176, 256
-0.970903, 217, 241, 280, 304
-0.970913, 265, 177, 328, 240
-0.971109, 177, 265, 240, 328
-0.97116, 153, 145, 216, 272
-0.971304, 49, 217, 176, 280
-0.97139, 353, 81, 416, 208
-0.9715, 129, 185, 192, 248
-0.971553, 241, 145, 304, 272
-0.971616, 225, 97, 288, 224
-0.971683, 305, 257, 368, 320
-0.971965, 321, 113, 384, 240
-0.971997, 97, 89, 224, 152
-0.972162, 385, 65, 448, 192
-0.972198, 185, 145, 248, 208
-0.972231, 193, 1, 448, 128
-0.972265, 305, 209, 368, 272
-0.972332, 57, 113, 120, 240
-0.972524, 169, 193, 232, 256
-0.972577, 217, 217, 280, 280
-0.972593, 161, 1, 288, 128
-0.972609, 369, 129, 496, 256
-0.973104, 113, 33, 144, 160
-0.973127, 81, 193, 144, 256
-0.9732, 97, 241, 160, 304
-0.973209, 409, 97, 472, 224
-0.973291, 409, 145, 472, 272
-0.97341, 129, 65, 192, 128
-0.973567, 105, 169, 168, 232
-0.973911, 209, 33, 240, 160
-0.973958, 289, 81, 416, 208
-0.974021, 49, 137, 112, 200
-0.974174, 97, 209, 224, 272
-0.974213, 113, 57, 240, 120
-0.974429, 161, 129, 224, 192
-0.974437, 177, 49, 304, 112
-0.974484, 101, 193, 132, 320
-0.974713, 209, 193, 336, 256
-0.974789, 153, 257, 216, 320
-0.974983, 193, 25, 224, 88
-0.975038, 145, 1, 208, 256
-0.975051, 33, 177, 160, 240
-0.975073, 369, 193, 496, 320
-0.975209, 257, 257, 384, 320
-0.975229, 289, 161, 352, 288
-0.975309, 193, 1, 256, 256
-0.97532, 89, 113, 152, 176
-0.975334, 153, 105, 216, 168
-0.975387, 113, 41, 144, 104
-0.975446, 49, 33, 176, 160
-0.975518, 169, 1, 232, 256
-0.975791, 97, 233, 224, 296
-0.97589, 305, 177, 432, 240
-0.976184, 49, 81, 176, 208
-0.976189, 177, 241, 240, 304
-0.976199, 141, 209, 172, 333
-0.976409, 177, 241, 304, 304
-0.976496, 73, 49, 136, 112
-0.976583, 185, 17, 216, 144
-0.976618, 1, 209, 128, 272
-0.97675, 121, 113, 184, 176
-0.976865, 153, 33, 184, 160
-0.976892, 153, 49, 216, 112
-0.976955, 177, 81, 240, 144
-0.97702, 257, 193, 288, 320
-0.977043, 257, 225, 384, 288
-0.977241, 269, 241, 300, 304
-0.977244, 209, 41, 240, 104
-0.977364, 433, 97, 496, 224
-0.977411, 133, 17, 164, 144
-0.977445, 161, 273, 288, 333
-0.97765, 353, 201, 416, 264
-0.977673, 105, 209, 136, 272
-0.977768, 329, 241, 392, 304
-0.977773, 69, 177, 100, 304
-0.97785, 273, 193, 304, 320
-0.977935, 245, 193, 276, 320
-0.97799, 89, 177, 120, 304
-0.97802, 377, 209, 440, 333
-0.97809, 9, 169, 72, 232
-0.978123, 49, 161, 80, 288
-0.978214, 161, 201, 288, 264
-0.978322, 345, 145, 408, 208
-0.978333, 225, 169, 288, 232
-0.978346, 377, 153, 408, 216
-0.978351, 241, 217, 304, 280
-0.978445, 409, 153, 472, 216
-0.978448, 313, 65, 376, 192
-0.978512, 309, 209, 340, 333
-0.978551, 273, 113, 336, 240
-0.97879, 9, 217, 72, 280
-0.978812, 361, 233, 424, 296
-0.978861, 241, 169, 368, 232
-0.978985, 253, 249, 284, 312
-0.979006, 257, 273, 288, 333
-0.979034, 37, 177, 68, 304
-0.979061, 221, 41, 252, 104
-0.979135, 345, 89, 408, 152
-0.979145, 337, 177, 400, 240
-0.979238, 137, 209, 168, 272
-0.979246, 129, 33, 160, 96
-0.979275, 217, 65, 280, 320
-0.979279, 209, 273, 336, 333
-0.979356, 289, 241, 320, 304
-0.97942, 113, 137, 176, 200
-0.979447, 197, 17, 228, 144
-0.979467, 229, 209, 260, 333
-0.979471, 385, 81, 448, 144
-0.979488, 209, 209, 240, 333
-0.979505, 225, 145, 288, 208
-0.979589, 237, 129, 268, 256
-0.979626, 225, 49, 288, 176
-0.979648, 153, 193, 184, 320
-0.979727, 129, 177, 256, 240
-0.979769, 309, 241, 340, 304
-0.979837, 353, 105, 480, 168
-0.979931, 97, 177, 128, 240
-0.980064, 297, 209, 328, 333
-0.98008, 89, 217, 120, 280
-0.980196, 197, 49, 228, 112
-0.980255, 9, 209, 72, 333
-0.980271, 65, 249, 128, 312
-0.980317, 101, 105, 132, 168
-0.980459, 269, 273, 300, 333
-0.980478, 129, 17, 192, 80
-0.980531, 337, 265, 400, 328
-0.980596, 225, 121, 288, 184
-0.980619, 209, 209, 240, 272
-0.980631, 81, 129, 112, 256
-0.980686, 89, 1, 152, 256
-0.980722, 221, 65, 252, 192
-0.98074, 33, 241, 160, 304
-0.980754, 161, 217, 192, 280
-0.98099, 113, 65, 144, 128
-0.981062, 89, 89, 152, 152
-0.981083, 113, 265, 240, 328
-0.981123, 261, 185, 292, 248
-0.981205, 121, 217, 152, 280
-0.981232, 101, 57, 132, 120
-0.981232, 125, 57, 156, 120
-0.981273, 201, 65, 264, 128
-0.981354, 105, 1, 168, 333
-0.981357, 101, 145, 132, 272
-0.981372, 181, 41, 212, 104
-0.981378, 233, 257, 264, 320
-0.981417, 137, 241, 168, 304
-0.981439, 321, 233, 352, 296
-0.981449, 29, 217, 60, 280
-0.981538, 385, 185, 448, 248
-0.981608, 97, 265, 160, 328
-0.981683, 69, 177, 100, 240
-0.981706, 369, 177, 400, 240
-0.981708, 353, 161, 480, 224
-0.981709, 81, 185, 208, 248
-0.981799, 97, 113, 224, 176
-0.981825, 265, 153, 328, 216
-0.981852, 97, 153, 128, 216
-0.981862, 201, 193, 264, 256
-0.981864, 417, 89, 480, 152
-0.981882, 169, 49, 200, 176
-0.981942, 385, 161, 448, 288
-0.981969, 257, 217, 288, 280
-0.981991, 317, 201, 348, 264
-0.982098, 209, 81, 336, 208
-0.982166, 117, 193, 148, 256
-0.982264, 149, 209, 180, 272
-0.982267, 145, 81, 272, 144
-0.982309, 417, 113, 480, 176
-0.982313, 153, 81, 216, 144
-0.982341, 149, 241, 180, 304
-0.982472, 109, 233, 140, 296
-0.982473, 101, 97, 132, 224
-0.982495, 381, 129, 412, 256
-0.982571, 245, 193, 276, 256
-0.98262, 81, 193, 112, 256
-0.982633, 61, 217, 92, 280
-0.982642, 169, 25, 200, 88
-0.982661, 197, 217, 228, 280
-0.982662, 113, 145, 144, 208
-0.982671, 117, 89, 148, 152
-0.982704, 177, 121, 304, 184
-0.982708, 397, 121, 428, 184
-0.982716, 301, 217, 332, 280
-0.982841, 117, 209, 148, 333
-0.982882, 129, 161, 160, 288
-0.982898, 221, 105, 252, 168
-0.982959, 97, 49, 128, 176
-0.98298, 305, 233, 432, 296
-0.982997, 125, 65, 156, 192
-0.983003, 365, 161, 396, 288
-0.983018, 13, 209, 44, 272
-0.983023, 245, 273, 276, 333
-0.983058, 393, 97, 424, 224
-0.983176, 77, 225, 108, 288
-0.983191, 389, 161, 420, 224
-0.983201, 125, 241, 156, 304
-0.983222, 161, 25, 288, 88
-0.983226, 209, 129, 240, 192
-0.983265, 121, 273, 184, 333
-0.983276, 353, 65, 416, 320
-0.98328, 193, 209, 224, 333
-0.98329, 353, 201, 384, 264
-0.983315, 93, 129, 124, 192
-0.983386, 305, 201, 432, 264
-0.983449, 309, 265, 340, 328
-0.983495, 81, 169, 112, 232
-0.983519, 269, 217, 300, 280
-0.983543, 229, 201, 260, 264
-0.983578, 17, 185, 48, 248
-0.983612, 281, 265, 312, 328
-0.983636, 181, 233, 212, 296
-0.983641, 129, 161, 192, 224
-0.983669, 145, 41, 176, 104
-0.983692, 209, 217, 336, 280
-0.98378, 329, 273, 360, 333
-0.983791, 33, 153, 160, 216
-0.983815, 321, 209, 352, 333
-0.983838, 45, 161, 76, 224
-0.983854, 333, 225, 364, 288
-0.983855, 49, 217, 80, 280
-0.983902, 289, 185, 352, 248
-0.983903, 185, 121, 216, 184
-0.983943, 293, 265, 324, 328
-0.983987, 385, 113, 416, 176
-0.98401, 137, 1, 200, 333
-0.984011, 221, 161, 252, 288
-0.984036, 381, 185, 412, 248
-0.984052, 157, 33, 188, 96
-0.984053, 205, 17, 236, 80
-0.984075, 121, 169, 152, 232
-0.984082, 137, 65, 168, 128
-0.984173, 385, 217, 448, 280
-0.984186, 401, 161, 432, 224
-0.984216, 169, 193, 200, 320
-0.984225, 181, 17, 212, 80
-0.984249, 181, 65, 212, 128
-0.984259, 201, 17, 264, 80
-0.984341, 321, 177, 352, 240
-0.984364, 33, 185, 64, 248
-0.984473, 173, 209, 204, 272
-0.984499, 357, 177, 388, 240
-0.984526, 181, 265, 212, 328
-0.984591, 209, 65, 240, 128
-0.98461, 257, 193, 384, 256
-0.984627, 177, 9, 240, 72
-0.984652, 45, 185, 76, 248
-0.98466, 33, 113, 96, 240
-0.984706, 201, 241, 232, 304
-0.984725, 81, 145, 112, 208
-0.984733, 97, 25, 160, 88
-0.984748, 421, 89, 452, 152
-0.984753, 221, 273, 252, 333
-0.984757, 337, 65, 400, 128
-0.984777, 25, 241, 88, 304
-0.984828, 377, 65, 440, 320
-0.984845, 129, 209, 160, 333
-0.984846, 313, 161, 376, 224
-0.984867, 213, 113, 244, 240
-0.984912, 117, 113, 148, 240
-0.98492, 245, 225, 276, 288
-0.984924, 365, 209, 396, 272
-0.984983, 197, 145, 228, 208
-0.985034, 157, 185, 188, 248
-0.985052, 257, 65, 320, 320
-0.985065, 393, 185, 424, 248
-0.985122, 285, 209, 316, 333
-0.98517, 201, 169, 264, 232
-0.985188, 57, 65, 120, 320
-0.985216, 313, 65, 376, 320
-0.985272, 417, 113, 448, 240
-0.985297, 161, 249, 192, 312
-0.985319, 113, 41, 176, 72
-0.985323, 201, 113, 232, 240
-0.985342, 437, 105, 468, 168
-0.985372, 209, 273, 240, 333
-0.985467, 373, 113, 404, 176
-0.985469, 289, 217, 320, 280
-0.985494, 133, 185, 164, 248
-0.985495, 261, 145, 292, 272
-0.985503, 369, 113, 400, 240
-0.985563, 377, 209, 408, 272
-0.985565, 65, 265, 192, 328
-0.985572, 157, 81, 188, 208
-0.985633, 149, 97, 180, 160
-0.985641, 81, 1, 144, 333
-0.985648, 177, 169, 240, 232
-0.985711, 209, 97, 272, 160
-0.985772, 189, 129, 220, 256
-0.985774, 409, 105, 440, 168
-0.985798, 289, 57, 352, 120
-0.985802, 197, 65, 228, 192
-0.985806, 265, 245, 328, 276
-0.985816, 397, 89, 428, 152
-0.985851, 273, 185, 304, 248
-0.985856, 365, 153, 396, 216
-0.98589, 409, 177, 472, 240
-0.985893, 341, 249, 372, 312
-0.985909, 129, 89, 160, 152
-0.985915, 57, 193, 88, 256
-0.985922, 241, 169, 272, 232
-0.985934, 233, 49, 264, 112
-0.98594, 197, 121, 228, 184
-0.985983, 353, 33, 416, 160
-0.985987, 241, 297, 304, 328
-0.986003, 273, 145, 400, 208
-0.986016, 229, 145, 260, 208
-0.986038, 353, 225, 384, 288
-0.986166, 421, 129, 452, 192
-0.986182, 257, 161, 288, 224
-0.986185, 213, 241, 244, 304
-0.986191, 137, 137, 200, 200
-0.9862, 225, 81, 256, 144
-0.986204, 413, 153, 444, 216
-0.986218, 209, 105, 240, 168
-0.986231, 241, 245, 304, 276
-0.986243, 173, 105, 204, 168
-0.986321, 229, 233, 260, 296
-0.986327, 381, 81, 412, 208
-0.986328, 373, 89, 404, 152
-0.98634, 197, 273, 228, 333
-0.986398, 237, 121, 268, 184
-0.986399, 225, 49, 288, 112
-0.986434, 197, 81, 228, 144
-0.986443, 33, 161, 64, 224
-0.986526, 389, 217, 420, 280
-0.986542, 193, 169, 320, 232
-0.986551, 89, 213, 152, 244
-0.986604, 41, 161, 104, 192
-0.986691, 161, 1, 224, 333
-0.986714, 273, 65, 400, 128
-0.986737, 169, 37, 232, 68
-0.986785, 65, 49, 192, 112
-0.986957, 113, 245, 176, 276
-0.987055, 137, 65, 168, 192
-0.98707, 129, 153, 256, 216
-0.987111, 289, 65, 352, 192
-0.987211, 377, 177, 408, 304
-0.987232, 25, 177, 56, 304
-0.987434, 325, 161, 356, 288
-0.98744, 361, 257, 424, 320
-0.987495, 209, 213, 272, 244
-0.987553, 409, 65, 472, 320
-0.987637, 353, 81, 480, 144
-0.987643, 105, 53, 168, 84
-0.987681, 233, 97, 296, 160
-0.987702, 193, 1, 256, 333
-0.987723, 57, 229, 120, 260
-0.987824, 249, 145, 280, 272
-0.987836, 145, 241, 208, 272
-0.987866, 281, 293, 344, 324
-0.987889, 313, 65, 376, 128
-0.987966, 181, 65, 212, 192
-0.988002, 225, 113, 256, 240
-0.988019, 145, 37, 208, 68
-0.988051, 65, 17, 128, 144
-0.988168, 177, 145, 304, 208
-0.988221, 225, 193, 288, 224
-0.988278, 273, 233, 336, 264
-0.988297, 273, 121, 400, 184
-0.988308, 17, 217, 80, 248
-0.988359, 445, 97, 476, 224
-0.988405, 241, 285, 304, 316
-0.988413, 233, 49, 264, 176
-0.988436, 337, 33, 464, 160
-0.988482, 353, 137, 480, 200
-0.988498, 65, 233, 320, 296
-0.988614, 337, 197, 400, 228
-0.988659, 377, 153, 440, 184
-0.988707, 345, 209, 376, 333
-0.988832, 137, 253, 200, 284
-0.98888, 217, 285, 280, 316
-0.988898, 105, 201, 168, 232
-0.988902, 129, 221, 192, 252
-0.98891, 65, 113, 128, 176
-0.988938, 65, 205, 128, 236
-0.988975, 249, 97, 312, 224
-0.989006, 65, 157, 128, 188
-0.989006, 225, 145, 352, 208
-0.989024, 105, 97, 168, 128
-0.989114, 305, 293, 368, 324
-0.98915, 81, 137, 208, 200
-0.989154, 57, 65, 120, 192
-0.989183, 161, 133, 224, 164
-0.989185, 305, 257, 432, 320
-0.989186, 361, 193, 424, 224
-0.989217, 321, 129, 384, 192
-0.98923, 9, 197, 72, 228
-0.989317, 241, 233, 304, 264
-0.989319, 433, 137, 496, 200
-0.989327, 305, 89, 432, 152
-0.989351, 81, 225, 144, 256
-0.989359, 105, 225, 168, 256
-0.989389, 193, 53, 256, 84
-0.989486, 405, 97, 436, 224
-0.989525, 289, 33, 416, 160
-0.989528, 233, 257, 296, 288
-0.98953, 141, 161, 172, 288
-0.989541, 433, 97, 464, 224
-0.989551, 169, 1, 200, 128
-0.989569, 181, 193, 212, 320
-0.989601, 297, 237, 360, 268
-0.989606, 217, 1, 280, 333
-0.989664, 57, 209, 88, 333
-0.989671, 409, 161, 440, 288
-0.989775, 49, 81, 176, 144
-0.989778, 265, 257, 328, 288
-0.989813, 361, 169, 424, 200
-0.989894, 353, 185, 480, 248
-0.989897, 41, 181, 104, 212
-0.989907, 153, 213, 216, 244
-0.989929, 397, 145, 428, 272
-0.989953, 289, 281, 352, 312
-0.989961, 297, 209, 360, 240
-0.98998, 353, 113, 416, 144
-0.989986, 297, 253, 360, 284
-0.990071, 393, 109, 456, 140
-0.990078, 177, 25, 240, 56
-0.990119, 357, 97, 388, 224
-0.990131, 89, 237, 152, 268
-0.990153, 113, 257, 176, 288
-0.990247, 161, 257, 416, 320
-0.990269, 33, 193, 96, 224
-0.990305, 65, 209, 320, 272
-0.99031, 169, 69, 232, 100
-0.990333, 321, 89, 384, 152
-0.990369, 89, 149, 152, 180
-0.9904, 249, 129, 312, 192
-0.990407, 169, 49, 232, 80
-0.990415, 65, 41, 320, 104
-0.990431, 209, 241, 272, 272
-0.990455, 313, 225, 376, 256
-0.990461, 65, 145, 128, 176
-0.990472, 73, 189, 136, 220
-0.990496, 41, 209, 104, 240
-0.990502, 81, 173, 144, 204
-0.990551, 185, 221, 248, 252
-0.990555, 33, 65, 96, 320
-0.990581, 69, 129, 100, 256
-0.990588, 201, 41, 264, 72
-0.990601, 273, 213, 336, 244
-0.990634, 169, 97, 200, 224
-0.99073, 193, 97, 320, 160
-0.99074, 161, 261, 224, 292
-0.99075, 273, 129, 336, 192
-0.990806, 353, 241, 480, 304
-0.990812, 321, 281, 384, 312
-0.99086, 353, 153, 416, 184
-0.990877, 97, 185, 160, 216
-0.990879, 121, 73, 184, 104
-0.99088, 369, 181, 432, 212
-0.990906, 169, 249, 232, 280
-0.990923, 265, 181, 328, 212
-0.990935, 249, 201, 312, 232
-0.99095, 89, 65, 152, 96
-0.990976, 225, 49, 352, 112
-0.990977, 185, 269, 248, 300
-0.990999, 393, 121, 456, 152
-0.991042, 265, 281, 328, 312
-0.991067, 293, 161, 324, 288
-0.991089, 185, 117, 248, 148
-0.99109, 1, 185, 500, 248
-0.991116, 313, 189, 376, 220
-0.991117, 65, 145, 320, 208
-0.991182, 177, 153, 240, 184
-0.991198, 201, 145, 264, 176
-0.991237, 193, 281, 256, 312
-0.991237, 273, 1, 336, 333
-0.99124, 281, 65, 344, 320
-0.991264, 153, 229, 216, 260
-0.991265, 185, 129, 248, 160
-0.991287, 409, 49, 472, 176
-0.991295, 113, 85, 176, 116
-0.99131, 169, 201, 232, 232
-0.99133, 193, 73, 320, 136
-0.991396, 305, 161, 336, 288
-0.991404, 313, 17, 376, 144
-0.991417, 161, 65, 416, 128
-0.991432, 345, 213, 408, 244
-0.991503, 297, 269, 360, 300
-0.99151, 105, 213, 136, 244
-0.991552, 201, 201, 264, 232
-0.991554, 369, 125, 432, 156
-0.991604, 65, 273, 320, 333
-0.991632, 357, 209, 388, 333
-0.991638, 1, 209, 500, 272
-0.991645, 97, 9, 224, 72
-0.991651, 321, 245, 384, 276
-0.991652, 221, 17, 252, 144
-0.991658, 353, 161, 384, 288
-0.991716, 129, 185, 384, 248
-0.991718, 385, 17, 448, 144
-0.991721, 233, 181, 296, 212
-0.991737, 137, 193, 200, 224
-0.991775, 97, 109, 160, 140
-0.991778, 393, 141, 456, 172
-0.99184, 201, 253, 264, 284
-0.991844, 205, 161, 236, 288
-0.991854, 1, 241, 64, 304
-0.991855, 421, 161, 452, 288
-0.991865, 241, 273, 304, 304
-0.99191, 81, 53, 144, 84
-0.991939, 153, 25, 216, 56
-0.991942, 409, 193, 472, 320
-0.991943, 337, 225, 400, 256
-0.991951, 393, 93, 456, 124
-0.991961, 265, 57, 328, 120
-0.991991, 89, 249, 152, 280
-0.991993, 89, 161, 152, 192
-0.99201, 33, 229, 96, 260
-0.992027, 129, 57, 192, 88
-0.992051, 93, 221, 124, 252
-0.992073, 257, 189, 288, 220
-0.992093, 113, 65, 144, 96
-0.992114, 113, 53, 240, 84
-0.992114, 321, 177, 384, 208
-0.992125, 113, 233, 144, 264
-0.992138, 17, 49, 144, 112
-0.992147, 209, 37, 240, 68
-0.992165, 113, 33, 240, 64
-0.992176, 217, 269, 280, 300
-0.992177, 177, 233, 240, 264
-0.992191, 225, 153, 480, 216
-0.992206, 245, 81, 276, 208
-0.992216, 49, 233, 176, 264
-0.99222, 193, 29, 224, 60
-0.992221, 325, 233, 356, 264
-0.992227, 125, 245, 156, 276
-0.992237, 9, 185, 72, 216
-0.992238, 149, 241, 180, 272
-0.992266, 385, 169, 448, 200
-0.992268, 217, 53, 280, 84
-0.992288, 153, 1, 216, 64
-0.992304, 137, 109, 200, 140
-0.992316, 277, 145, 308, 272
-0.992323, 217, 297, 280, 328
-0.992337, 369, 1, 432, 333
-0.992344, 109, 53, 140, 84
-0.992345, 89, 261, 152, 292
-0.992357, 249, 245, 280, 276
-0.992361, 65, 81, 128, 144
-0.992397, 33, 113, 160, 176
-0.992415, 201, 221, 232, 252
-0.992433, 89, 197, 120, 228
-0.992442, 241, 217, 304, 248
-0.992456, 273, 245, 304, 276
-0.992464, 289, 285, 320, 316
-0.992467, 133, 225, 164, 256
-0.992477, 201, 53, 232, 84
-0.992492, 153, 273, 216, 304
-0.992495, 225, 177, 480, 240
-0.992523, 89, 121, 152, 152
-0.992536, 13, 177, 44, 304
-0.992544, 377, 169, 408, 200
-0.992551, 273, 197, 336, 228
-0.992553, 129, 209, 192, 240
-0.992554, 289, 237, 320, 268
-0.992562, 217, 225, 280, 256
-0.992564, 269, 285, 300, 316
-0.992567, 313, 241, 344, 272
-0.992576, 73, 9, 136, 72
-0.992577, 121, 37, 152, 68
-0.992585, 137, 245, 168, 276
-0.992591, 217, 53, 248, 84
-0.992601, 245, 293, 276, 324
-0.992614, 245, 189, 276, 220
-0.992619, 269, 301, 300, 332
-0.992634, 145, 69, 208, 100
-0.992646, 49, 157, 80, 188
-0.992652, 121, 29, 184, 60
-0.992654, 209, 25, 336, 88
-0.992669, 81, 133, 144, 164
-0.992675, 105, 181, 136, 212
-0.99268, 1, 97, 128, 224
-0.992692, 353, 217, 480, 280
-0.992693, 381, 153, 412, 184
-0.992712, 185, 229, 216, 260
-0.992715, 97, 121, 128, 152
-0.992727, 81, 161, 208, 224
-0.992731, 109, 101, 140, 132
-0.992748, 389, 113, 420, 144
-0.992754, 257, 229, 288, 260
-0.992756, 213, 213, 244, 244
-0.992773, 133, 41, 164, 72
-0.992775, 77, 229, 108, 260
-0.99279, 377, 185, 408, 216
-0.992794, 229, 49, 260, 80
-0.992808, 301, 229, 332, 260
-0.99281, 369, 209, 432, 240
-0.992814, 81, 221, 208, 252
-0.992815, 257, 297, 288, 328
-0.992827, 365, 193, 396, 224
-0.992829, 117, 205, 148, 236
-0.992832, 125, 57, 156, 88
-0.992835, 345, 181, 408, 212
-0.992855, 201, 65, 264, 96
-0.992866, 113, 49, 128, 112
-0.992866, 421, 65, 452, 192
-0.992871, 97, 233, 128, 264
-0.992878, 29, 217, 60, 248
-0.992879, 97, 249, 224, 280
-0.99288, 33, 193, 64, 224
-0.992885, 337, 233, 368, 264
-0.992897, 41, 149, 104, 180
-0.992909, 185, 125, 216, 156
-0.992915, 289, 297, 320, 328
-0.992919, 329, 69, 392, 100
-0.992921, 89, 165, 120, 196
-0.99293, 273, 269, 336, 300
-0.992939, 117, 193, 148, 224
-0.992947, 181, 37, 212, 68
-0.99295, 225, 73, 288, 136
-0.992956, 85, 177, 116, 208
-0.992965, 129, 269, 192, 300
-0.992971, 209, 181, 272, 212
-0.992984, 397, 161, 428, 192
-0.992991, 113, 245, 144, 276
-0.992994, 65, 249, 128, 280
-0.992999, 265, 257, 296, 288
-0.993005, 119, 49, 134, 112
-0.993007, 257, 285, 288, 316
-0.993017, 69, 181, 100, 212
-0.99302, 325, 293, 356, 324
-0.993022, 297, 113, 360, 240
-0.993024, 261, 245, 292, 276
-0.993027, 125, 85, 156, 116
-0.993028, 249, 1, 312, 333
-0.993035, 249, 205, 280, 236
-0.993043, 69, 161, 100, 192
-0.993043, 125, 73, 156, 104
-0.993062, 201, 25, 216, 88
-0.993063, 77, 205, 108, 236
-0.993065, 225, 293, 352, 324
-0.993074, 401, 177, 432, 208
-0.993079, 69, 193, 100, 224
-0.993087, 309, 253, 340, 284
-0.993088, 113, 161, 144, 192
-0.993094, 207, 25, 222, 88
-0.993094, 29, 177, 60, 208
-0.993119, 269, 197, 300, 228
-0.993124, 85, 141, 116, 172
-0.993128, 13, 221, 44, 252
-0.993134, 17, 197, 48, 228
-0.993135, 317, 205, 348, 236
-0.993152, 65, 73, 320, 136
-0.993153, 237, 281, 268, 312
-0.993156, 161, 237, 192, 268
-0.993174, 229, 197, 260, 228
-0.993177, 217, 201, 248, 232
-0.993184, 301, 241, 332, 272
-0.993186, 193, 253, 224, 284
-0.993189, 249, 49, 312, 176
-0.993192, 369, 65, 400, 192
-0.993195, 161, 233, 416, 296
-0.993203, 329, 281, 360, 312
-0.993209, 349, 241, 380, 272
-0.993211, 293, 257, 324, 288
-0.993218, 129, 257, 160, 288
-0.993229, 45, 189, 76, 220
-0.993236, 1, 113, 64, 240
-0.993248, 1, 221, 128, 252
-0.993257, 401, 49, 432, 176
-0.993269, 101, 153, 132, 184
-0.993278, 389, 173, 420, 204
-0.993279, 305, 281, 336, 312
-0.993283, 45, 225, 76, 256
-0.993285, 65, 225, 96, 256
-0.993294, 173, 133, 204, 164
-0.993302, 117, 221, 148, 252
-0.993312, 261, 177, 292, 208
-0.993314, 109, 257, 140, 288
-0.993319, 101, 65, 132, 96
-0.993319, 185, 241, 216, 272
-0.99332, 141, 213, 172, 244
-0.99332, 189, 49, 220, 80
-0.993324, 181, 65, 212, 96
-0.993327, 165, 217, 196, 248
-0.993328, 149, 253, 180, 284
-0.99333, 169, 253, 200, 284
-0.99333, 249, 273, 280, 304
-0.993343, 393, 189, 424, 220
-0.993343, 349, 193, 380, 224
-0.993346, 397, 149, 428, 180
-0.993351, 129, 201, 160, 232
-0.993355, 41, 169, 72, 200
-0.993359, 153, 41, 184, 72
-0.993361, 277, 233, 308, 264
-0.993363, 317, 189, 348, 220
-0.993369, 169, 37, 200, 68
-0.993378, 57, 185, 88, 216
-0.993381, 361, 245, 392, 276
-0.993387, 225, 277, 256, 308
-0.993387, 117, 181, 148, 212
-0.993409, 181, 265, 212, 296
-0.993412, 101, 165, 132, 196
-0.993412, 433, 65, 496, 320
-0.993425, 309, 293, 340, 324
-0.993447, 17, 209, 48, 240
-0.993447, 173, 241, 204, 272
-0.993448, 353, 73, 384, 104
-0.993452, 161, 229, 288, 260
-0.99346, 209, 145, 240, 176
-0.993464, 417, 97, 448, 128
-0.993469, 273, 217, 304, 248
-0.99347, 329, 201, 360, 232
-0.993479, 385, 241, 448, 304
-0.993516, 393, 193, 424, 320
-0.993547, 1, 185, 256, 248
-0.993554, 219, 33, 234, 96
-0.993563, 409, 1, 472, 333
-0.993621, 153, 145, 184, 272
-0.993628, 33, 25, 160, 88
-0.99367, 97, 209, 224, 240
-0.993682, 341, 113, 372, 240
-0.993695, 65, 121, 320, 184
-0.993698, 1, 81, 500, 144
-0.993716, 33, 197, 160, 228
-0.993729, 117, 201, 132, 264
-0.993742, 125, 33, 140, 96
-0.993782, 317, 241, 332, 304
-0.993791, 233, 25, 296, 88
-0.993805, 129, 113, 160, 240
-0.993846, 177, 145, 208, 272
-0.993883, 133, 33, 148, 96
-0.9939, 129, 225, 144, 288
-0.993906, 17, 209, 144, 240
-0.993916, 267, 249, 282, 312
-0.993987, 195, 25, 210, 88
-0.994002, 177, 281, 304, 312
-0.994032, 161, 209, 416, 272
-0.994048, 145, 241, 272, 272
-0.994056, 333, 209, 364, 333
-0.994078, 241, 241, 368, 272
-0.994107, 337, 57, 464, 120
-0.994112, 313, 1, 376, 333
-0.994115, 29, 129, 60, 256
-0.994163, 277, 241, 292, 304
-0.994184, 227, 49, 242, 112
-0.994186, 273, 273, 288, 333
-0.994189, 261, 257, 276, 320
-0.994235, 297, 105, 360, 168
-0.994237, 105, 217, 120, 280
-0.994266, 161, 45, 288, 76
-0.994283, 65, 97, 320, 160
-0.994325, 97, 237, 224, 268
-0.994332, 213, 33, 228, 96
-0.994359, 57, 1, 120, 333
-0.994384, 309, 241, 324, 304
-0.994397, 129, 261, 256, 292
-0.994423, 341, 161, 372, 288
-0.99443, 33, 185, 160, 216
-0.994441, 111, 97, 126, 160
-0.994453, 129, 57, 144, 120
-0.994463, 1, 233, 500, 296
-0.994484, 1, 145, 64, 208
-0.994497, 275, 185, 290, 248
-0.994509, 113, 73, 240, 104
-0.994575, 225, 185, 352, 216
-0.994607, 201, 49, 216, 112
-0.994622, 255, 249, 270, 312
-0.994672, 317, 201, 332, 264
-0.994674, 361, 65, 424, 128
-0.994689, 123, 233, 138, 296
-0.994698, 267, 273, 282, 333
-0.994709, 161, 129, 416, 192
-0.994753, 303, 233, 318, 296
-0.994769, 151, 209, 166, 272
-0.994771, 177, 301, 304, 332
-0.994785, 433, 145, 464, 272
-0.994787, 49, 113, 80, 240
-0.99481, 257, 281, 384, 312
-0.994811, 263, 225, 278, 288
-0.99482, 193, 57, 320, 88
-0.994823, 189, 41, 204, 104
-0.994823, 1, 153, 500, 216
-0.994842, 433, 145, 496, 272
-0.994866, 161, 41, 416, 104
-0.994896, 95, 185, 110, 248
-0.9949, 137, 233, 152, 296
-0.994903, 153, 241, 168, 304
-0.994903, 249, 265, 264, 328
-0.994904, 191, 233, 206, 296
-0.994926, 153, 169, 216, 232
-0.994968, 99, 145, 114, 208
-0.994977, 141, 113, 172, 240
-0.995025, 311, 217, 326, 280
-0.995028, 45, 161, 60, 224
-0.995069, 261, 185, 276, 248
-0.99507, 325, 233, 340, 296
-0.995088, 99, 121, 114, 184
-0.995098, 193, 249, 320, 280
-0.995099, 163, 217, 178, 280
-0.995111, 111, 201, 126, 264
-0.995117, 353, 113, 480, 144
-0.995124, 337, 1, 400, 333
-0.995168, 249, 241, 264, 304
-0.99517, 297, 233, 312, 296
-0.995194, 289, 201, 416, 232
-0.995202, 393, 161, 408, 224
-0.995202, 199, 233, 214, 296
-0.995206, 99, 217, 114, 280
-0.995235, 393, 105, 408, 168
-0.995279, 269, 209, 284, 272
-0.995282, 273, 253, 400, 284
-0.995289, 205, 225, 220, 288
-0.995291, 381, 153, 396, 216
-0.995294, 113, 197, 240, 228
-0.995301, 1, 33, 128, 160
-0.995306, 109, 73, 124, 136
-0.995309, 15, 193, 30, 256
-0.995321, 123, 201, 138, 264
-0.995327, 145, 225, 160, 288
-0.995329, 177, 217, 304, 248
-0.995337, 87, 185, 102, 248
-0.995344, 221, 57, 236, 120
-0.995354, 225, 1, 288, 128
-0.99537, 289, 161, 352, 224
-0.995387, 373, 177, 388, 240
-0.995396, 157, 217, 172, 280
-0.99541, 9, 65, 72, 320
-0.995417, 241, 229, 368, 260
-0.995434, 113, 105, 240, 136
-0.995439, 289, 233, 416, 264
-0.995442, 225, 265, 352, 296
-0.995443, 189, 17, 204, 80
-0.995466, 129, 201, 144, 264
-0.99547, 45, 217, 60, 280
-0.995485, 283, 241, 298, 304
-0.995516, 33, 165, 160, 196
-0.995534, 409, 201, 472, 264
-0.995535, 215, 209, 230, 272
-0.995553, 123, 177, 138, 240
-0.995553, 109, 169, 124, 232
-0.995564, 135, 65, 150, 128
-0.995583, 369, 201, 384, 264
-0.995591, 33, 1, 96, 333
-0.995595, 257, 225, 500, 288
-0.995598, 33, 245, 160, 276
-0.995598, 117, 233, 132, 296
-0.995604, 157, 33, 172, 96
-0.995605, 129, 273, 256, 304
-0.99565, 279, 273, 294, 333
-0.995662, 91, 137, 106, 200
-0.995683, 161, 197, 288, 228
-0.995695, 209, 197, 336, 228
-0.995711, 393, 129, 408, 192
-0.995713, 81, 225, 96, 288
-0.995714, 273, 297, 400, 328
-0.995715, 135, 209, 150, 272
-0.995719, 37, 201, 52, 264
-0.995721, 129, 85, 256, 116
-0.995723, 273, 105, 336, 168
-0.995743, 159, 241, 174, 304
-0.995749, 39, 177, 54, 240
-0.995754, 233, 265, 248, 328
-0.995757, 117, 137, 132, 200
-0.995776, 177, 269, 304, 300
-0.995783, 129, 249, 144, 312
-0.995791, 387, 169, 402, 232
-0.995791, 209, 57, 224, 120
-0.995827, 303, 257, 318, 320
-0.995843, 255, 185, 270, 248
-0.99586, 81, 261, 208, 292
-0.995868, 81, 185, 96, 248
-0.995887, 399, 105, 414, 168
-0.995889, 141, 65, 156, 128
-0.995895, 281, 209, 296, 272
-0.995901, 105, 105, 120, 168
-0.995902, 223, 265, 238, 328
-0.995902, 129, 181, 256, 212
-0.995907, 313, 265, 328, 328
-0.995918, 173, 209, 188, 272
-0.995929, 47, 185, 62, 248
-0.995931, 1, 105, 500, 168
-0.995955, 257, 225, 272, 288
-0.995957, 195, 49, 210, 112
-0.995968, 215, 57, 230, 120
-0.995978, 291, 241, 306, 304
-0.995982, 349, 209, 364, 272
-0.995983, 81, 185, 208, 216
-0.995988, 85, 161, 100, 224
-0.996001, 285, 273, 300, 333
-0.996005, 233, 41, 248, 104
-0.996014, 139, 25, 154, 88
-0.996019, 245, 193, 260, 256
-0.99602, 199, 121, 214, 184
-0.996027, 205, 249, 220, 312
-0.996039, 91, 225, 106, 288
-0.996042, 1, 57, 500, 120
-0.996043, 267, 185, 282, 248
-0.996057, 241, 209, 368, 240
-0.996061, 221, 209, 236, 272
-0.996063, 117, 105, 132, 168
-0.996072, 233, 1, 264, 128
-0.99608, 323, 177, 338, 240
-0.996083, 199, 265, 214, 328
-0.996089, 255, 273, 270, 333
-0.996096, 101, 185, 116, 248
-0.996103, 123, 81, 138, 144
-0.996112, 335, 273, 350, 333
-0.996134, 59, 217, 74, 280
-0.996142, 81, 89, 208, 120
-0.996152, 161, 129, 288, 160
-0.996155, 257, 97, 288, 224
-0.996159, 257, 89, 384, 152
-0.996184, 185, 233, 200, 296
-0.996189, 243, 257, 258, 320
-0.996201, 237, 241, 252, 304
-0.996203, 111, 145, 126, 208
-0.996214, 75, 217, 90, 280
-0.996222, 205, 145, 220, 208
-0.996231, 281, 17, 344, 144
-0.996264, 143, 249, 158, 312
-0.996277, 305, 189, 432, 220
-0.996283, 187, 257, 202, 320
-0.996296, 343, 273, 358, 333
-0.996301, 457, 97, 488, 224
-0.996306, 399, 161, 414, 224
-0.996309, 31, 185, 46, 248
-0.996324, 161, 33, 288, 64
-0.996327, 369, 101, 496, 132
-0.996342, 81, 273, 208, 304
-0.996439, 257, 257, 500, 320
-0.996548, 177, 181, 304, 212
-0.996568, 325, 49, 356, 176
-0.99658, 353, 153, 480, 184
-0.996604, 161, 89, 416, 152
-0.996635, 97, 137, 224, 168
-0.996652, 353, 265, 480, 328
-0.996654, 1, 233, 128, 264
-0.99668, 337, 169, 464, 200
-0.996719, 433, 1, 496, 333
-0.996764, 97, 117, 224, 148
-0.996786, 161, 69, 288, 100
-0.996797, 273, 269, 400, 300
-0.996829, 145, 1, 176, 256
-0.996886, 121, 1, 152, 256
-0.996923, 405, 209, 436, 333
-0.996988, 161, 169, 288, 200
-0.996993, 129, 289, 256, 320
-0.997012, 209, 45, 336, 76
-0.997017, 105, 213, 120, 244
-0.997018, 353, 89, 480, 120
-0.997025, 33, 53, 160, 84
-0.997027, 111, 209, 126, 240
-0.997029, 193, 1, 224, 256
-0.997029, 209, 1, 240, 256
-0.997041, 257, 113, 500, 176
-0.997067, 133, 1, 164, 256
-0.997107, 49, 153, 176, 184
-0.997125, 345, 65, 376, 192
-0.997132, 289, 221, 416, 252
-0.997173, 151, 245, 166, 276
-0.997179, 123, 41, 138, 72
-0.997183, 33, 257, 160, 288
-0.997219, 353, 193, 480, 224
-0.997232, 109, 53, 124, 84
-0.997251, 129, 245, 144, 276
-0.997277, 273, 145, 400, 176
-0.99729, 157, 1, 188, 256
-0.997291, 127, 233, 142, 264
-0.997309, 321, 245, 448, 276
-0.997311, 177, 153, 304, 184
-0.997315, 165, 145, 196, 272
-0.997338, 291, 241, 306, 272
-0.997345, 65, 41, 192, 72
-0.997362, 261, 189, 276, 220
-0.997394, 263, 285, 278, 316
-0.997394, 225, 65, 256, 320
-0.997395, 211, 217, 226, 248
-0.997395, 1, 265, 500, 328
-0.997398, 49, 65, 176, 96
-0.997406, 219, 53, 234, 84
-0.997418, 115, 49, 130, 80
-0.997425, 109, 109, 124, 140
-0.997431, 117, 65, 132, 96
-0.997444, 275, 245, 290, 276
-0.997455, 193, 117, 320, 148
-0.997465, 337, 141, 464, 172
-0.997468, 119, 213, 134, 244
-0.997471, 257, 173, 384, 204
-0.997478, 393, 161, 408, 192
-0.997499, 199, 225, 214, 256
-0.997508, 101, 225, 116, 256
-0.997516, 129, 37, 144, 68
-0.997517, 305, 97, 432, 128
-0.997522, 337, 129, 464, 160
-0.997544, 323, 237, 338, 268
-0.997547, 273, 69, 400, 100
-0.997555, 189, 229, 204, 260
-0.997563, 269, 261, 284, 292
-0.997573, 249, 1, 312, 128
-0.997583, 113, 97, 128, 128
-0.997587, 305, 241, 320, 272
-0.997595, 225, 41, 240, 72
-0.9976, 83, 193, 98, 224
-0.997602, 297, 237, 312, 268
-0.997605, 43, 173, 58, 204
-0.99761, 315, 241, 330, 272
-0.997615, 257, 289, 272, 320
-0.997617, 331, 293, 346, 324
-0.997625, 95, 225, 110, 256
-0.997628, 159, 241, 174, 272
-0.997628, 1, 17, 256, 80
-0.997637, 47, 161, 62, 192
-0.997641, 251, 241, 266, 272
-0.997648, 197, 45, 212, 76
-0.997661, 259, 245, 274, 276
-0.997663, 135, 241, 150, 272
-0.997673, 257, 201, 500, 264
-0.997679, 127, 57, 142, 88
-0.997687, 117, 229, 132, 260
-0.99769, 217, 209, 232, 240
-0.997695, 203, 29, 218, 60
-0.997701, 183, 237, 198, 268
-0.99771, 269, 181, 284, 212
-0.997715, 169, 1, 200, 256
-0.997723, 177, 141, 304, 172
-0.997724, 45, 189, 60, 220
-0.997728, 195, 29, 210, 60
-0.997732, 273, 41, 400, 104
-0.997737, 93, 133, 108, 164
-0.997748, 255, 189, 270, 220
-0.997751, 143, 245, 158, 276
-0.997754, 209, 33, 224, 64
-0.99776, 341, 285, 356, 316
-0.99776, 387, 165, 402, 196
-0.997761, 99, 121, 114, 152
-0.997766, 251, 289, 266, 320
-0.997774, 291, 285, 306, 316
-0.997777, 285, 241, 300, 272
-0.99778, 133, 49, 148, 80
-0.997789, 205, 217, 220, 248
-0.997791, 189, 29, 204, 60
-0.997799, 385, 185, 400, 216
-0.997805, 305, 253, 320, 284
-0.997805, 271, 289, 286, 320
-0.997814, 273, 301, 288, 332
-0.997815, 85, 225, 100, 256
-0.997815, 273, 133, 400, 164
-0.997815, 333, 281, 348, 312
-0.997824, 305, 81, 432, 112
-0.997826, 199, 237, 214, 268
-0.997828, 281, 201, 296, 232
-0.997829, 263, 297, 278, 328
-0.99783, 193, 105, 320, 136
-0.997832, 1, 129, 500, 192
-0.997836, 275, 189, 290, 220
-0.99784, 207, 53, 222, 84
-0.997842, 55, 153, 70, 184
-0.997845, 371, 197, 386, 228
-0.99785, 377, 65, 408, 320
-0.997851, 291, 301, 306, 332
-0.997856, 285, 301, 300, 332
-0.997858, 383, 149, 398, 180
-0.997869, 285, 285, 300, 316
-0.997874, 405, 149, 420, 180
-0.997893, 87, 181, 102, 212
-0.997902, 209, 169, 336, 200
-0.997903, 307, 229, 322, 260
-0.997907, 117, 201, 132, 232
-0.997914, 17, 197, 32, 228
-0.997918, 95, 201, 110, 232
-0.997922, 331, 233, 346, 264
-0.997928, 123, 245, 138, 276
-0.997929, 347, 225, 362, 256
-0.997933, 305, 113, 432, 144
-0.997935, 269, 209, 284, 240
-0.997936, 117, 241, 132, 272
-0.997938, 137, 33, 152, 64
-0.997945, 53, 193, 68, 224
-0.997946, 123, 97, 138, 128
-0.997948, 139, 201, 154, 232
-0.997948, 203, 141, 218, 172
-0.99795, 137, 69, 152, 100
-0.99795, 113, 165, 240, 196
-0.99795, 377, 193, 392, 224
-0.997958, 311, 281, 326, 312
-0.997961, 339, 233, 354, 264
-0.997962, 33, 221, 48, 252
-0.997964, 125, 161, 140, 192
-0.997965, 103, 153, 118, 184
-0.997966, 109, 1, 140, 256
-0.997968, 133, 225, 148, 256
-0.997968, 39, 197, 54, 228
-0.997969, 89, 145, 104, 176
-0.997969, 269, 245, 284, 276
-0.99797, 33, 197, 48, 228
-0.997974, 111, 173, 126, 204
-0.997983, 249, 253, 264, 284
-0.997989, 289, 161, 416, 192
-0.997992, 395, 173, 410, 204
-0.998001, 193, 241, 208, 272
-0.998005, 233, 45, 248, 76
-0.998006, 297, 289, 312, 320
-0.998014, 439, 113, 454, 144
-0.998017, 117, 149, 132, 180
-0.998028, 65, 77, 192, 108
-0.998029, 111, 229, 126, 260
-0.998029, 161, 17, 416, 80
-0.99803, 53, 225, 68, 256
-0.998039, 181, 33, 212, 288
-0.998046, 27, 185, 42, 216
-0.998046, 275, 201, 290, 232
-0.998049, 215, 37, 230, 68
-0.99805, 299, 249, 314, 280
-0.998051, 263, 205, 278, 236
-0.998051, 275, 257, 290, 288
-0.998055, 115, 109, 130, 140
-0.998058, 125, 209, 140, 240
-0.998058, 301, 269, 316, 300
-0.998064, 259, 229, 274, 260
-0.998067, 337, 221, 464, 252
-0.998073, 321, 273, 448, 304
-0.998074, 193, 125, 208, 156
-0.998075, 311, 293, 326, 324
-0.998079, 159, 41, 174, 72
-0.998079, 367, 237, 382, 268
-0.998089, 389, 65, 420, 320
-0.998112, 97, 149, 224, 180
-0.998118, 89, 65, 120, 320
-0.998136, 97, 21, 224, 52
-0.998149, 153, 43, 184, 58
-0.998151, 49, 173, 80, 188
-0.998159, 237, 65, 268, 320
-0.99816, 353, 181, 480, 212
-0.99816, 145, 243, 176, 258
-0.998169, 33, 195, 64, 210
-0.998169, 261, 301, 292, 316
-0.998172, 65, 163, 96, 178
-0.998173, 113, 165, 144, 180
-0.998179, 385, 179, 416, 194
-0.998183, 197, 37, 228, 52
-0.998189, 437, 121, 468, 136
-0.998193, 385, 201, 416, 216
-0.998196, 101, 193, 132, 208
-0.998197, 113, 99, 144, 114
-0.998206, 337, 205, 464, 236
-0.998207, 113, 105, 144, 120
-0.998208, 329, 241, 360, 256
-0.998209, 17, 265, 144, 328
-0.998209, 325, 309, 356, 324
-0.998215, 113, 199, 144, 214
-0.998221, 93, 159, 124, 174
-0.998228, 197, 237, 228, 252
-0.998235, 153, 219, 184, 234
-0.998238, 29, 235, 60, 250
-0.998245, 289, 255, 320, 270
-0.998262, 57, 189, 88, 204
-0.998263, 269, 199, 300, 214
-0.998264, 73, 173, 104, 188
-0.998273, 57, 195, 88, 210
-0.998291, 357, 65, 388, 320
-0.998301, 257, 289, 288, 304
-0.998307, 17, 225, 48, 240
-0.998313, 141, 223, 172, 238
-0.998314, 37, 173, 68, 188
-0.998317, 281, 263, 312, 278
-0.998321, 109, 225, 140, 240
-0.998322, 49, 227, 80, 242
-0.998322, 193, 1, 320, 64
-0.998325, 65, 101, 192, 132
-0.998327, 245, 203, 276, 218
-0.998333, 121, 161, 136, 288
-0.99834, 193, 257, 224, 272
-0.998341, 209, 69, 336, 100
-0.998342, 105, 73, 136, 88
-0.998347, 29, 223, 60, 238
-0.998348, 293, 237, 324, 252
-0.998351, 189, 263, 220, 278
-0.998359, 377, 195, 408, 210
-0.998361, 109, 183, 140, 198
-0.998372, 113, 205, 144, 220
-0.99838, 245, 251, 276, 266
-0.99838, 261, 255, 292, 270
-0.998385, 389, 115, 420, 130
-0.998393, 213, 211, 244, 226
-0.998401, 349, 203, 380, 218
-0.998402, 97, 213, 160, 228
-0.998404, 249, 211, 280, 226
-0.998418, 313, 49, 344, 176
-0.998418, 101, 67, 132, 82
-0.99842, 105, 53, 168, 68
-0.998431, 273, 239, 336, 254
-0.998433, 141, 39, 172, 54
-0.998436, 121, 45, 184, 60
-0.998437, 253, 65, 284, 320
-0.998439, 173, 253, 204, 268
-0.998439, 273, 249, 336, 264
-0.998442, 277, 297, 308, 312
-0.998447, 145, 245, 208, 260
-0.99845, 257, 255, 320, 270
-0.998453, 25, 197, 88, 212
-0.998454, 65, 235, 128, 250
-0.998456, 105, 205, 168, 220
-0.998457, 181, 235, 212, 250
-0.998457, 73, 227, 136, 242
-0.998459, 9, 1, 72, 333
-0.998466, 145, 219, 208, 234
-0.998468, 89, 219, 152, 234
-0.998468, 49, 161, 112, 176
-0.998468, 185, 45, 248, 60
-0.99847, 385, 161, 448, 176
-0.99847, 233, 253, 296, 268
-0.998471, 241, 247, 304, 262
-0.998473, 49, 169, 112, 184
-0.998473, 177, 39, 240, 54
-0.998474, 225, 193, 288, 208
-0.998475, 369, 155, 432, 170
-0.998477, 241, 303, 304, 318
-0.998478, 97, 225, 128, 240
-0.998479, 317, 205, 348, 220
-0.99848, 41, 179, 104, 194
-0.998481, 321, 233, 384, 248
-0.998482, 81, 181, 144, 196
-0.998482, 25, 229, 88, 244
-0.998482, 113, 249, 176, 264
-0.998483, 1, 205, 64, 220
-0.998483, 97, 63, 160, 78
-0.998486, 17, 219, 80, 234
-0.998487, 41, 191, 104, 206
-0.998488, 73, 201, 136, 216
-0.998489, 233, 239, 296, 254
-0.998489, 49, 155, 112, 170
-0.998491, 209, 213, 272, 228
-0.998492, 285, 311, 316, 326
-0.998493, 249, 33, 280, 160
-0.998493, 45, 165, 76, 180
-0.998494, 393, 123, 456, 138
-0.998495, 337, 203, 400, 218
-0.998495, 161, 47, 224, 62
-0.998495, 409, 113, 472, 128
-0.998495, 121, 39, 184, 54
-0.998495, 185, 229, 248, 244
-0.998496, 49, 227, 112, 242
-0.998496, 313, 239, 376, 254
-0.998498, 297, 255, 360, 270
-0.9985, 161, 133, 224, 148
-0.9985, 225, 261, 288, 276
-0.9985, 201, 219, 264, 234
-0.998501, 145, 41, 208, 56
-0.998501, 297, 231, 360, 246
-0.998501, 113, 237, 176, 252
-0.998502, 65, 191, 128, 206
-0.998503, 281, 301, 344, 316
-0.998503, 265, 309, 328, 324
-0.998503, 241, 287, 304, 302
-0.998504, 321, 261, 448, 292
-0.998504, 49, 185, 112, 200
-0.998505, 193, 51, 256, 66
-0.998506, 69, 183, 100, 198
-0.998507, 57, 207, 120, 222
-0.998509, 97, 201, 128, 216
-0.998509, 393, 155, 456, 170
-0.99851, 161, 33, 224, 48
-0.998511, 209, 51, 240, 66
-0.998511, 305, 233, 336, 248
-0.998512, 297, 245, 360, 260
-0.998513, 313, 291, 376, 306
-0.998513, 209, 207, 272, 222
-0.998514, 241, 297, 304, 312
-0.998514, 161, 233, 224, 248
-0.998514, 237, 289, 268, 304
-0.998514, 113, 243, 176, 258
-0.998515, 105, 255, 168, 270
-0.998518, 121, 79, 184, 94
-0.998518, 321, 69, 448, 100
-0.998518, 209, 293, 272, 308
-0.998518, 421, 65, 452, 320
-0.998518, 265, 261, 328, 276
-0.998519, 361, 197, 424, 212
-0.998519, 97, 197, 160, 212
-0.998519, 17, 187, 80, 202
-0.99852, 97, 175, 128, 190
-0.99852, 233, 199, 296, 214
-0.99852, 121, 59, 184, 74
-0.998521, 257, 247, 288, 262
-0.998521, 65, 221, 128, 236
-0.998521, 17, 213, 80, 228
-0.998522, 41, 241, 104, 256
-0.998522, 153, 251, 216, 266
-0.998522, 145, 261, 208, 276
-0.998524, 257, 187, 320, 202
-0.998524, 73, 167, 136, 182
-0.998525, 329, 227, 392, 242
-0.998525, 153, 239, 216, 254
-0.998527, 73, 175, 136, 190
-0.998527, 225, 209, 256, 224
-0.998529, 129, 53, 192, 68
-0.998529, 313, 205, 376, 220
-0.99853, 121, 73, 184, 88
-0.99853, 281, 291, 344, 306
-0.99853, 121, 211, 184, 226
-0.998531, 33, 235, 96, 250
-0.998531, 137, 195, 200, 210
-0.998531, 25, 203, 88, 218
-0.998531, 21, 195, 52, 210
-0.998531, 1, 199, 64, 214
-0.998532, 17, 41, 144, 72
-0.998532, 89, 233, 152, 248
-0.998533, 121, 223, 184, 238
-0.998533, 321, 301, 448, 332
-0.998534, 313, 299, 376, 314
-0.998534, 393, 107, 456, 122
-0.998535, 177, 239, 240, 254
-0.998536, 113, 105, 176, 120
-0.998536, 161, 145, 224, 160
-0.998536, 57, 215, 120, 230
-0.998536, 197, 51, 228, 66
-0.998537, 185, 265, 248, 280
-0.998537, 193, 259, 256, 274
-0.998538, 273, 213, 336, 228
-0.998538, 209, 239, 272, 254
-0.998539, 265, 65, 296, 320
-0.998539, 201, 253, 264, 268
-0.998539, 233, 207, 296, 222
-0.998539, 129, 255, 192, 270
-0.99854, 289, 307, 352, 322
-0.99854, 121, 85, 184, 100
-0.998541, 361, 169, 424, 184
-0.998541, 113, 95, 176, 110
-0.998541, 249, 233, 312, 248
-0.998542, 169, 53, 232, 68
-0.998542, 25, 173, 88, 188
-0.998542, 273, 283, 336, 298
-0.998543, 145, 271, 208, 286
-0.998543, 289, 261, 352, 276
-0.998543, 381, 155, 412, 170
-0.998543, 369, 191, 432, 206
-0.998544, 417, 107, 480, 122
-0.998544, 377, 129, 440, 144
-0.998545, 361, 161, 424, 176
-0.998545, 385, 113, 448, 128
-0.998546, 321, 257, 384, 272
-0.998547, 113, 263, 176, 278
-0.998547, 317, 239, 348, 254
-0.998547, 81, 143, 144, 158
-0.998547, 297, 283, 360, 298
-0.998547, 361, 207, 424, 222
-0.998548, 297, 225, 360, 240
-0.99855, 85, 179, 116, 194
-0.998556, 125, 61, 156, 76
-0.99856, 389, 165, 420, 180
-0.998566, 377, 171, 408, 186
-0.998567, 81, 193, 112, 208
-0.99858, 117, 245, 148, 260
-0.998589, 409, 65, 440, 320
-0.998589, 211, 17, 226, 144
-0.998591, 337, 231, 368, 246
-0.998601, 9, 219, 40, 234
-0.998603, 241, 57, 368, 88
-0.998603, 177, 81, 304, 112
-0.998603, 265, 209, 296, 224
-0.998606, 257, 65, 500, 128
-0.998624, 329, 289, 360, 304
-0.998628, 189, 131, 220, 146
-0.998631, 105, 177, 120, 304
-0.998639, 137, 45, 168, 60
-0.998647, 321, 289, 448, 320
-0.998666, 145, 117, 272, 148
-0.99867, 257, 197, 288, 212
-0.998677, 73, 227, 104, 242
-0.998691, 129, 301, 256, 332
-0.998695, 109, 235, 140, 250
-0.998702, 229, 55, 260, 70
-0.998709, 229, 201, 260, 216
-0.998718, 255, 193, 270, 320
-0.998732, 285, 303, 316, 318
-0.998756, 111, 193, 126, 320
-0.998759, 245, 193, 276, 208
-0.998767, 121, 193, 152, 208
-0.998769, 201, 57, 232, 72
-0.998769, 49, 159, 80, 174
-0.99877, 121, 49, 136, 176
-0.998772, 257, 121, 384, 152
-0.998775, 133, 51, 164, 66
-0.998784, 215, 209, 230, 333
-0.998786, 53, 221, 84, 236
-0.998793, 277, 241, 308, 256
-0.998795, 273, 305, 304, 320
-0.998798, 377, 165, 408, 180
-0.9988, 85, 165, 116, 180
-0.9988, 301, 243, 332, 258
-0.998806, 129, 247, 160, 262
-0.998815, 33, 269, 160, 300
-0.998816, 365, 197, 396, 212
-0.998823, 117, 113, 132, 240
-0.998827, 33, 117, 160, 148
-0.998829, 141, 209, 156, 333
-0.998831, 277, 65, 308, 320
-0.998833, 33, 217, 64, 232
-0.998835, 397, 159, 428, 174
-0.998841, 201, 223, 232, 238
-0.998844, 163, 33, 178, 160
-0.998848, 115, 33, 130, 160
-0.998852, 301, 257, 332, 272
-0.998858, 193, 93, 320, 124
-0.998877, 153, 33, 168, 160
-0.998878, 221, 209, 236, 333
-0.998885, 81, 187, 112, 202
-0.998887, 131, 17, 146, 144
-0.998899, 289, 249, 320, 264
-0.9989, 337, 233, 464, 264
-0.998901, 73, 161, 88, 288
-0.998908, 81, 177, 96, 304
-0.998914, 189, 31, 220, 46
-0.998918, 289, 65, 320, 320
-0.998919, 33, 89, 160, 120
-0.998921, 441, 65, 472, 320
-0.998922, 53, 161, 68, 288
-0.998928, 325, 233, 356, 248
-0.998941, 47, 161, 62, 288
-0.998945, 33, 141, 160, 172
-0.998954, 107, 49, 122, 176
-0.998959, 81, 285, 208, 316
-0.998961, 69, 197, 100, 212
-0.998968, 73, 65, 104, 320
-0.998972, 227, 65, 242, 192
-0.998977, 101, 219, 132, 234
-0.998978, 89, 235, 120, 250
-0.998984, 345, 65, 376, 320
-0.998994, 45, 191, 76, 206
-0.998996, 111, 113, 126, 240
-0.999, 261, 177, 276, 304
-0.999012, 209, 129, 336, 160
-0.999031, 105, 241, 136, 256
-0.999034, 165, 193, 180, 320
-0.999043, 109, 211, 140, 226
-0.999054, 1, 153, 128, 184
-0.999056, 213, 57, 244, 72
-0.999057, 325, 65, 356, 320
-0.99906, 313, 193, 328, 320
-0.999062, 289, 243, 320, 258
-0.999069, 147, 193, 162, 320
-0.99908, 105, 61, 136, 76
-0.999082, 85, 227, 116, 242
-0.999086, 155, 209, 170, 333
-0.999103, 69, 189, 100, 204
-0.999109, 127, 145, 142, 272
-0.999115, 113, 53, 144, 68
-0.999122, 91, 129, 106, 256
-0.999142, 201, 17, 216, 144
-0.999164, 87, 209, 102, 333
-0.999165, 221, 17, 236, 144
-0.999165, 145, 249, 176, 264
-0.999172, 249, 193, 264, 320
-0.999176, 33, 65, 64, 320
-0.99918, 273, 177, 288, 304
-0.999182, 243, 209, 258, 333
-0.999189, 433, 49, 464, 176
-0.999196, 53, 65, 84, 320
-0.999201, 117, 47, 148, 62
-0.999206, 209, 217, 240, 232
-0.999212, 383, 177, 398, 304
-0.999216, 283, 209, 298, 333
-0.999219, 395, 81, 410, 208
-0.999227, 225, 141, 352, 172
-0.999227, 313, 65, 344, 320
-0.999237, 307, 193, 322, 320
-0.999239, 257, 109, 384, 140
-0.999242, 189, 17, 204, 144
-0.999244, 257, 191, 288, 206
-0.999246, 163, 81, 178, 208
-0.999246, 65, 177, 80, 304
-0.999249, 119, 209, 134, 333
-0.999259, 235, 193, 250, 320
-0.99926, 93, 209, 108, 333
-0.999263, 237, 113, 252, 240
-0.999264, 33, 129, 160, 160
-0.999268, 189, 229, 220, 244
-0.999272, 157, 243, 188, 258
-0.999274, 241, 157, 368, 188
-0.999276, 171, 49, 186, 176
-0.99928, 267, 177, 282, 304
-0.999282, 273, 253, 304, 268
-0.999283, 325, 209, 340, 333
-0.999285, 319, 209, 334, 333
-0.99929, 301, 209, 316, 333
-0.999292, 269, 97, 300, 224
-0.999324, 97, 161, 112, 288
-0.999326, 177, 193, 192, 320
-0.999331, 145, 33, 160, 160
-0.999334, 291, 209, 306, 333
-0.999336, 207, 209, 222, 333
-0.999345, 203, 97, 218, 224
-0.999347, 137, 17, 152, 144
-0.999348, 195, 209, 210, 333
-0.999364, 125, 39, 156, 54
-0.999376, 383, 113, 398, 240
-0.999377, 357, 193, 372, 320
-0.999381, 227, 177, 242, 304
-0.999383, 41, 161, 56, 288
-0.999384, 113, 67, 144, 82
-0.999391, 421, 113, 436, 240
-0.999394, 33, 29, 160, 60
-0.999401, 157, 81, 172, 208
-0.999402, 301, 65, 332, 320
-0.999406, 389, 161, 404, 288
-0.999407, 373, 161, 388, 288
-0.999407, 251, 113, 266, 240
-0.999414, 171, 193, 186, 320
-0.999416, 453, 65, 484, 320
-0.999417, 227, 129, 242, 256
-0.99943, 389, 81, 404, 208
-0.999431, 221, 65, 236, 192
-0.999444, 221, 161, 236, 288
-0.999444, 193, 65, 208, 192
-0.999446, 1, 33, 500, 96
-0.99945, 451, 97, 466, 224
-0.99945, 367, 177, 382, 304
-0.999455, 177, 17, 304, 48
-0.999455, 35, 177, 50, 304
-0.999456, 333, 209, 348, 333
-0.999475, 245, 49, 260, 176
-0.999477, 17, 105, 144, 136
-0.999484, 209, 29, 336, 60
-0.999486, 127, 65, 142, 192
-0.999489, 433, 49, 496, 176
-0.9995, 213, 65, 228, 192
-0.999505, 433, 97, 448, 224
-0.99951, 133, 177, 148, 304
-0.99952, 99, 209, 114, 333
-0.999525, 73, 209, 88, 333
-0.999535, 85, 129, 100, 256
-0.999536, 345, 209, 360, 333
-0.999544, 125, 203, 156, 218
-0.999545, 257, 89, 500, 152
-0.999549, 373, 113, 388, 240
-0.99955, 17, 77, 144, 108
-0.99955, 101, 113, 116, 240
-0.999553, 133, 65, 148, 192
-0.999555, 443, 97, 458, 224
-0.99957, 127, 193, 142, 320
-0.99957, 225, 121, 352, 184
-0.999591, 59, 161, 74, 288
-0.999593, 327, 161, 342, 288
-0.999599, 243, 161, 258, 288
-0.999607, 233, 49, 248, 176
-0.99962, 47, 209, 62, 333
-0.999624, 245, 113, 260, 240
-0.999631, 169, 97, 184, 224
-0.999634, 209, 145, 224, 272
-0.99965, 25, 219, 40, 234
-0.99965, 267, 261, 282, 276
-0.999651, 387, 167, 402, 182
-0.999651, 239, 199, 254, 214
-0.999651, 143, 251, 158, 266
-0.999651, 117, 215, 132, 230
-0.999651, 399, 161, 414, 176
-0.999651, 107, 65, 122, 80
-0.999652, 39, 237, 54, 252
-0.999652, 247, 261, 262, 276
-0.999652, 119, 199, 134, 214
-0.999653, 59, 191, 74, 206
-0.999653, 127, 247, 142, 262
-0.999653, 33, 199, 48, 214
-0.999653, 375, 81, 390, 96
-0.999654, 233, 55, 248, 70
-0.999654, 189, 41, 204, 56
-0.999654, 285, 303, 300, 318
-0.999654, 61, 153, 76, 168
-0.999654, 95, 229, 110, 244
-0.999655, 293, 307, 308, 322
-0.999655, 329, 245, 344, 260
-0.999655, 207, 57, 222, 72
-0.999656, 187, 133, 202, 148
-0.999656, 135, 49, 150, 64
-0.999656, 273, 187, 288, 202
-0.999656, 151, 81, 166, 208
-0.999657, 325, 239, 340, 254
-0.999657, 243, 287, 258, 302
-0.999657, 127, 63, 142, 78
-0.999657, 111, 175, 126, 190
-0.999658, 81, 197, 96, 212
-0.999658, 47, 175, 62, 190
-0.999658, 67, 193, 82, 208
-0.999658, 47, 165, 62, 180
-0.999658, 277, 193, 292, 208
-0.999659, 281, 199, 296, 214
-0.99966, 129, 231, 144, 246
-0.99966, 191, 259, 206, 274
-0.999661, 61, 159, 76, 174
-0.999662, 225, 209, 240, 224
-0.999662, 209, 47, 224, 62
-0.999662, 209, 215, 224, 230
-0.999662, 277, 207, 292, 222
-0.999663, 205, 229, 220, 244
-0.999664, 387, 179, 402, 194
-0.999665, 255, 193, 270, 208
-0.999665, 195, 17, 210, 144
-0.999666, 93, 145, 108, 160
-0.999666, 43, 213, 58, 228
-0.999667, 197, 47, 212, 62
-0.999667, 261, 291, 276, 306
-0.999667, 405, 155, 420, 170
-0.999668, 89, 165, 104, 180
-0.999668, 277, 243, 292, 258
-0.999668, 75, 191, 90, 206
-0.999668, 115, 97, 130, 112
-0.999669, 285, 285, 300, 300
-0.99967, 351, 225, 366, 240
-0.99967, 371, 197, 386, 212
-0.99967, 101, 231, 116, 246
-0.999671, 155, 249, 170, 264
-0.999671, 101, 119, 116, 134
-0.999672, 331, 293, 346, 308
-0.999672, 223, 215, 238, 230
-0.999672, 155, 161, 170, 288
-0.999672, 111, 217, 126, 232
-0.999674, 201, 145, 216, 272
-0.999674, 113, 53, 128, 68
-0.999674, 89, 191, 104, 206
-0.999674, 111, 233, 126, 248
-0.999674, 395, 129, 410, 256
-0.999675, 307, 261, 322, 276
-0.999675, 273, 257, 288, 272
-0.999675, 123, 207, 138, 222
-0.999676, 365, 129, 380, 256
-0.999677, 43, 191, 58, 206
-0.999678, 401, 97, 416, 224
-0.999679, 297, 261, 312, 276
-0.99968, 197, 239, 212, 254
-0.999681, 33, 213, 48, 228
-0.999682, 183, 237, 198, 252
-0.999682, 317, 241, 332, 256
-0.999683, 255, 291, 270, 306
-0.999684, 107, 117, 122, 132
-0.999685, 303, 235, 318, 250
-0.999685, 89, 227, 104, 242
-0.999686, 89, 185, 104, 200
-0.999686, 129, 207, 144, 222
-0.999687, 307, 255, 322, 270
-0.999687, 127, 195, 142, 210
-0.999688, 119, 241, 134, 256
-0.999688, 103, 155, 118, 170
-0.999689, 195, 233, 210, 248
-0.999689, 53, 225, 68, 240
-0.999691, 331, 239, 346, 254
-0.999691, 247, 253, 262, 268
-0.999691, 125, 237, 140, 252
-0.999692, 205, 149, 220, 164
-0.999692, 49, 191, 64, 206
-0.999692, 41, 199, 56, 214
-0.999695, 117, 209, 132, 224
-0.999696, 415, 129, 430, 256
-0.999697, 81, 187, 96, 202
-0.999698, 203, 237, 218, 252
-0.999699, 123, 45, 138, 60
-0.999699, 185, 209, 200, 333
-0.9997, 135, 35, 150, 50
-0.9997, 193, 227, 208, 242
-0.999701, 153, 243, 168, 258
-0.999702, 393, 165, 408, 180
-0.999703, 299, 241, 314, 256
-0.999703, 265, 129, 280, 256
-0.999705, 281, 145, 296, 272
-0.999706, 213, 221, 228, 236
-0.999706, 135, 201, 150, 216
-0.999707, 287, 249, 302, 264
-0.999707, 275, 199, 290, 214
-0.999708, 105, 217, 120, 232
-0.99971, 201, 209, 216, 333
-0.99971, 293, 245, 308, 260
-0.999713, 337, 235, 352, 250
-0.999713, 343, 231, 358, 246
-0.999714, 227, 17, 242, 144
-0.999719, 267, 189, 282, 204
-0.999721, 369, 249, 496, 280
-0.999722, 13, 65, 44, 320
-0.999723, 133, 245, 148, 260
-0.999724, 127, 39, 142, 54
-0.999724, 351, 209, 366, 333
-0.999724, 159, 243, 174, 258
-0.999725, 279, 253, 294, 268
-0.999726, 219, 209, 234, 224
-0.999728, 55, 157, 70, 172
-0.999729, 215, 215, 230, 230
-0.999731, 205, 223, 220, 238
-0.999734, 109, 59, 124, 74
-0.999735, 109, 111, 124, 126
-0.999742, 149, 249, 164, 264
-0.999743, 111, 211, 126, 226
-0.99975, 117, 67, 132, 82
-0.999752, 321, 161, 336, 288
-0.999752, 465, 1, 496, 256
-0.999755, 195, 129, 210, 256
-0.99976, 199, 227, 214, 242
-0.99976, 103, 225, 118, 240
-0.999765, 261, 191, 276, 206
-0.99977, 217, 55, 232, 70
-0.999774, 305, 97, 336, 224
-0.999779, 177, 49, 192, 176
-0.999782, 183, 33, 198, 160
-0.9998, 427, 97, 442, 224
-0.9998, 351, 161, 366, 288
-0.999802, 215, 113, 230, 240
-0.999804, 369, 77, 496, 108
-0.999812, 139, 161, 154, 288
-0.999816, 189, 233, 204, 248
-0.999825, 221, 113, 236, 240
-0.999828, 273, 129, 288, 256
-0.999847, 337, 161, 352, 288
-0.999853, 145, 81, 160, 208
-0.999854, 415, 177, 430, 304
-0.99986, 139, 65, 154, 192
-0.999868, 457, 97, 472, 224
-0.999884, 55, 209, 70, 333
-0.999888, 29, 193, 44, 320
-0.999921, 257, 93, 384, 124
-0.999946, 329, 113, 360, 240
-1.00003, 241, 81, 368, 112
-1.00004, 289, 57, 416, 88
-1.00006, 433, 193, 496, 320
-1.00013, 369, 265, 496, 296
-1.00017, 1, 33, 32, 288
-1.00032, 33, 1, 160, 64
-1.0004, 293, 113, 324, 240
-1.00059, 1, 81, 128, 144
-1.00065, 317, 97, 348, 224
-1.00078, 257, 41, 500, 104
-1.00098, 389, 33, 420, 160
-1.00118, 25, 65, 88, 192
-1.0012, 281, 97, 312, 224
-1.00174, 101, 1, 132, 128
-1.00181, 449, 49, 480, 176
-1.00183, 357, 49, 388, 176
-1.00183, 409, 1, 472, 128
-1.00267, 257, 17, 500, 80
-1.00269, 337, 17, 368, 144
-1.00271, 13, 129, 44, 256
-1.00287, 41, 17, 104, 144
-1.00298, 145, 1, 272, 64
-1.00307, 73, 81, 104, 208
-1.00308, 1, 193, 32, 320
-1.00336, 89, 1, 120, 128
-1.00368, 301, 49, 332, 176
-1.00377, 337, 33, 464, 96
-1.00393, 373, 17, 404, 144
-1.00396, 273, 17, 400, 80
-1.00408, 321, 1, 352, 128
-1.00422, 1, 65, 64, 192
-1.00451, 433, 1, 496, 128
-1.00459, 273, 49, 304, 176
-1.00468, 445, 145, 476, 272
-1.0048, 369, 1, 496, 64
-1.00483, 1, 17, 64, 144
-1.00489, 1, 1, 500, 64
-1.00493, 413, 17, 444, 144
-1.00507, 285, 49, 316, 176
-1.0053, 61, 81, 92, 208
-1.00534, 305, 1, 336, 128
-1.00544, 261, 49, 292, 176
-1.00611, 321, 1, 448, 64
