1959
-0.279864, 1, 1, 500, 362
-0.292414, 1, 1, 500, 256
-0.358616, 193, 1, 448, 362
-0.433545, 33, 1, 288, 362
-0.447207, 1, 97, 500, 352
-0.517693, 33, 65, 288, 320
-0.538645, 193, 1, 448, 256
-0.652527, 193, 97, 448, 352
-0.827157, 65, 97, 192, 352
-0.837533, 17, 1, 144, 362
-0.837605, 113, 1, 240, 256
-0.83883, 241, 1, 368, 362
-0.841897, 161, 1, 288, 362
-0.842618, 97, 1, 224, 362
-0.84269, 113, 97, 240, 352
-0.852164, 33, 1, 160, 256
-0.860757, 353, 1, 480, 362
-0.864385, 257, 97, 384, 352
-0.865991, 161, 33, 288, 288
-0.866042, 337, 1, 464, 256
-0.866128, 257, 1, 384, 256
-0.875195, 1, 17, 500, 144
-0.875558, 289, 1, 416, 362
-0.884757, 337, 97, 464, 352
-0.887864, 1, 65, 500, 192
-0.888047, 209, 1, 336, 256
-0.889193, 1, 209, 500, 336
-0.891447, 17, 97, 144, 352
-0.893867, 65, 193, 320, 320
-0.895061, 161, 209, 416, 336
-0.89721, 1, 113, 500, 240
-0.90358, 33, 17, 288, 144
-0.904783, 1, 161, 500, 288
-0.905029, 209, 97, 336, 352
-0.910786, 177, 177, 304, 304
-0.915876, 33, 145, 288, 272
-0.922252, 161, 161, 416, 288
-0.924821, 97, 193, 224, 320
-0.92568, 161, 1, 416, 128
-0.928753, 161, 177, 224, 304
-0.929665, 81, 129, 208, 256
-0.931707, 1, 65, 256, 192
-0.931731, 81, 17, 208, 144
-0.931731, 369, 97, 496, 224
-0.932075, 97, 81, 352, 208
-0.932752, 193, 81, 448, 208
-0.93314, 17, 33, 144, 160
-0.933144, 241, 225, 368, 352
-0.935496, 257, 177, 384, 304
-0.935575, 257, 129, 500, 256
-0.935784, 49, 177, 176, 304
-0.936034, 57, 193, 120, 320
-0.936707, 257, 1, 500, 128
-0.936788, 193, 193, 256, 320
-0.937935, 65, 241, 320, 362
-0.938111, 177, 225, 304, 352
-0.938264, 257, 177, 500, 304
-0.938498, 161, 1, 288, 128
-0.939628, 33, 129, 160, 256
-0.939801, 217, 177, 280, 304
-0.939865, 249, 193, 312, 320
-0.940065, 81, 113, 144, 240
-0.941212, 169, 1, 232, 128
-0.943258, 81, 177, 144, 304
-0.943689, 361, 161, 424, 288
-0.943702, 385, 97, 448, 224
-0.944443, 113, 1, 176, 128
-0.944841, 97, 241, 224, 362
-0.945182, 225, 225, 288, 352
-0.945301, 337, 225, 400, 352
-0.946102, 433, 81, 496, 208
-0.946464, 1, 33, 64, 160
-0.946671, 145, 1, 208, 128
-0.946989, 321, 97, 448, 224
-0.94706, 121, 145, 184, 272
-0.947501, 89, 225, 152, 352
-0.947504, 89, 17, 152, 144
-0.947768, 305, 241, 432, 362
-0.948581, 161, 185, 224, 248
-0.949863, 17, 81, 144, 208
-0.950037, 25, 33, 88, 160
-0.950109, 97, 65, 224, 192
-0.950145, 257, 225, 500, 352
-0.950156, 121, 193, 184, 320
-0.950229, 321, 193, 448, 320
-0.950272, 161, 129, 224, 256
-0.950375, 33, 241, 160, 362
-0.951209, 65, 17, 128, 144
-0.951425, 225, 185, 288, 248
-0.951774, 345, 97, 408, 224
-0.952035, 289, 225, 352, 352
-0.95256, 193, 1, 256, 128
-0.952811, 57, 241, 120, 362
-0.952995, 201, 209, 264, 272
-0.954047, 337, 145, 464, 272
-0.954373, 137, 97, 200, 224
-0.954383, 41, 145, 104, 272
-0.954514, 185, 145, 248, 272
-0.955396, 49, 217, 112, 280
-0.955623, 329, 297, 392, 360
-0.955775, 57, 193, 120, 256
-0.955775, 161, 225, 224, 352
-0.955822, 217, 1, 280, 128
-0.956023, 81, 121, 144, 184
-0.956079, 81, 233, 144, 296
-0.95619, 169, 161, 232, 224
-0.95624, 169, 49, 232, 176
-0.956332, 145, 81, 272, 208
-0.956383, 185, 185, 248, 248
-0.956416, 409, 97, 472, 224
-0.95706, 121, 225, 184, 288
-0.957192, 81, 177, 144, 240
-0.957501, 241, 225, 304, 288
-0.957626, 257, 129, 384, 256
-0.958037, 305, 49, 432, 176
-0.958122, 1, 177, 128, 304
-0.958383, 265, 225, 328, 288
-0.958989, 361, 153, 424, 216
-0.959012, 185, 241, 248, 362
-0.959279, 425, 121, 488, 184
-0.959468, 257, 17, 384, 144
-0.959494, 401, 129, 464, 192
-0.959501, 81, 65, 144, 192
-0.959583, 321, 129, 384, 256
-0.959653, 177, 225, 240, 288
-0.959769, 257, 201, 320, 264
-0.959806, 181, 177, 212, 304
-0.960133, 113, 49, 176, 176
-0.960372, 57, 65, 120, 192
-0.960396, 161, 185, 288, 248
-0.960416, 33, 97, 96, 224
-0.960676, 161, 129, 288, 256
-0.960865, 369, 297, 432, 360
-0.960978, 209, 1, 336, 128
-0.961026, 313, 1, 376, 128
-0.96118, 321, 1, 448, 128
-0.96144, 377, 129, 440, 192
-0.96144, 137, 49, 200, 176
-0.961482, 369, 1, 496, 128
-0.9615, 353, 97, 416, 160
-0.961786, 297, 177, 360, 304
-0.9618, 193, 209, 320, 272
-0.961871, 337, 1, 400, 128
-0.962089, 9, 41, 72, 104
-0.962495, 49, 33, 112, 96
-0.962744, 97, 17, 160, 80
-0.962976, 121, 17, 184, 80
-0.962978, 217, 1, 280, 64
-0.963004, 113, 185, 240, 248
-0.963041, 297, 241, 360, 304
-0.963118, 393, 97, 456, 160
-0.96325, 337, 177, 400, 304
-0.963538, 185, 1, 248, 64
-0.963674, 153, 225, 216, 288
-0.963997, 161, 1, 224, 64
-0.964052, 409, 17, 472, 144
-0.964097, 241, 225, 368, 288
-0.964168, 385, 145, 448, 272
-0.964193, 369, 1, 432, 128
-0.964205, 65, 185, 192, 248
-0.964335, 281, 1, 344, 128
-0.964478, 417, 97, 480, 160
-0.964502, 261, 177, 292, 304
-0.964574, 129, 201, 192, 264
-0.964627, 169, 177, 200, 304
-0.964726, 121, 177, 184, 240
-0.96479, 81, 217, 208, 280
-0.965132, 201, 161, 264, 224
-0.965312, 249, 241, 312, 362
-0.965488, 313, 241, 376, 362
-0.965946, 145, 73, 208, 136
-0.966122, 329, 273, 392, 336
-0.966129, 353, 177, 416, 240
-0.966143, 213, 193, 244, 320
-0.966195, 33, 225, 96, 352
-0.966218, 197, 193, 228, 320
-0.966272, 81, 209, 144, 272
-0.966361, 81, 153, 144, 216
-0.966374, 129, 209, 256, 272
-0.966468, 233, 249, 296, 312
-0.966699, 73, 25, 136, 88
-0.96671, 377, 49, 440, 176
-0.96683, 433, 129, 496, 256
-0.966905, 113, 97, 176, 224
-0.966937, 193, 49, 320, 176
-0.967431, 249, 177, 312, 240
-0.967435, 65, 193, 96, 320
-0.967839, 369, 49, 496, 176
-0.967901, 353, 49, 416, 176
-0.967991, 173, 1, 204, 128
-0.968055, 161, 1, 288, 64
-0.96806, 77, 161, 108, 288
-0.96809, 201, 233, 264, 296
-0.96809, 49, 241, 112, 304
-0.968166, 337, 97, 464, 160
-0.96823, 277, 193, 308, 320
-0.968283, 121, 153, 184, 216
-0.968288, 273, 177, 336, 304
-0.968301, 17, 177, 80, 304
-0.96832, 169, 81, 232, 144
-0.968639, 73, 65, 136, 320
-0.968674, 433, 1, 496, 128
-0.969088, 257, 81, 384, 208
-0.969131, 329, 241, 392, 304
-0.969179, 161, 97, 224, 352
-0.96945, 305, 297, 432, 360
-0.969641, 41, 1, 104, 256
-0.969705, 33, 209, 160, 272
-0.969791, 249, 177, 280, 304
-0.969819, 73, 257, 136, 320
-0.969912, 1, 41, 128, 104
-0.970224, 465, 81, 496, 208
-0.970379, 49, 137, 112, 200
-0.970528, 81, 153, 208, 216
-0.970578, 185, 97, 248, 224
-0.970653, 225, 249, 352, 312
-0.970681, 113, 1, 144, 128
-0.970732, 345, 129, 408, 192
-0.970794, 257, 193, 384, 256
-0.970971, 13, 33, 44, 160
-0.970985, 341, 241, 372, 362
-0.971244, 385, 97, 416, 224
-0.971345, 233, 177, 264, 304
-0.97141, 121, 89, 184, 152
-0.971432, 65, 25, 192, 88
-0.9715, 33, 233, 160, 296
-0.971522, 241, 1, 304, 64
-0.9716, 257, 17, 320, 144
-0.971692, 369, 129, 496, 192
-0.971793, 169, 1, 232, 256
-0.971896, 177, 249, 240, 312
-0.971938, 209, 185, 336, 248
-0.972031, 385, 153, 448, 216
-0.972104, 73, 113, 104, 240
-0.972254, 97, 17, 128, 144
-0.972261, 337, 217, 400, 280
-0.972406, 65, 121, 192, 184
-0.972459, 49, 161, 112, 224
-0.972548, 121, 1, 184, 256
-0.972572, 397, 97, 428, 224
-0.972733, 253, 185, 284, 248
-0.972754, 1, 81, 64, 208
-0.972938, 201, 1, 232, 128
-0.973024, 113, 241, 176, 362
-0.973072, 305, 217, 368, 280
-0.973121, 313, 1, 376, 256
-0.973154, 305, 273, 368, 336
-0.973249, 113, 249, 240, 312
-0.973256, 365, 161, 396, 288
-0.973316, 233, 129, 296, 256
-0.973351, 93, 225, 124, 352
-0.973383, 25, 33, 56, 160
-0.973501, 353, 1, 416, 256
-0.973703, 185, 97, 248, 352
-0.973719, 145, 25, 208, 88
-0.97379, 101, 113, 132, 240
-0.973861, 113, 9, 240, 72
-0.973875, 257, 225, 288, 352
-0.973894, 201, 49, 264, 176
-0.9739, 321, 129, 384, 192
-0.973904, 265, 193, 296, 256
-0.973914, 145, 1, 208, 256
-0.973941, 313, 193, 376, 256
-0.973972, 377, 1, 440, 256
-0.973994, 57, 113, 120, 176
-0.974092, 41, 17, 72, 144
-0.974235, 197, 145, 228, 272
-0.974245, 169, 169, 200, 232
-0.974318, 313, 81, 376, 208
-0.974342, 17, 185, 80, 248
-0.974371, 321, 153, 384, 216
-0.974782, 125, 1, 156, 128
-0.974943, 393, 297, 456, 360
-0.975013, 121, 129, 184, 192
-0.975093, 97, 97, 160, 160
-0.975122, 153, 17, 184, 144
-0.975185, 257, 249, 320, 312
-0.975231, 121, 97, 184, 352
-0.975302, 81, 225, 112, 352
-0.975426, 145, 161, 208, 224
-0.97545, 353, 97, 416, 352
-0.975459, 209, 113, 272, 240
-0.975493, 161, 161, 288, 224
-0.975564, 189, 233, 220, 296
-0.975573, 193, 241, 224, 362
-0.975681, 201, 1, 264, 256
-0.975745, 449, 97, 480, 224
-0.975767, 213, 1, 244, 128
-0.975772, 197, 161, 228, 224
-0.97583, 185, 113, 216, 240
-0.975832, 85, 17, 116, 144
-0.975922, 93, 233, 124, 296
-0.975976, 17, 1, 80, 256
-0.975994, 245, 225, 276, 352
-0.976001, 205, 225, 236, 288
-0.976177, 169, 201, 200, 264
-0.976209, 373, 97, 404, 224
-0.976274, 185, 57, 248, 120
-0.976275, 225, 1, 288, 256
-0.976384, 189, 185, 220, 248
-0.976401, 305, 249, 432, 312
-0.976443, 105, 201, 168, 264
-0.976445, 201, 257, 264, 320
-0.976498, 225, 1, 256, 128
-0.97656, 233, 193, 264, 256
-0.976656, 173, 225, 204, 288
-0.976657, 353, 241, 480, 362
-0.97674, 433, 145, 496, 208
-0.976775, 377, 297, 408, 360
-0.976846, 97, 1, 160, 256
-0.976858, 17, 121, 144, 184
-0.976891, 365, 161, 396, 224
-0.976935, 49, 57, 176, 120
-0.976983, 337, 177, 464, 240
-0.977022, 25, 217, 88, 280
-0.977075, 177, 225, 208, 352
-0.97708, 217, 193, 248, 256
-0.977099, 185, 1, 216, 128
-0.977101, 1, 33, 32, 160
-0.977129, 97, 73, 224, 136
-0.977262, 97, 257, 160, 320
-0.9773, 369, 241, 432, 362
-0.977323, 9, 129, 72, 256
-0.977325, 81, 281, 144, 344
-0.977438, 273, 217, 304, 280
-0.977443, 145, 97, 208, 160
-0.977457, 61, 217, 92, 280
-0.977567, 161, 249, 288, 312
-0.977757, 209, 1, 336, 64
-0.977779, 461, 121, 492, 184
-0.977921, 273, 169, 400, 232
-0.97793, 33, 113, 96, 176
-0.977961, 409, 145, 472, 272
-0.978, 253, 217, 284, 280
-0.978017, 337, 265, 368, 328
-0.978037, 209, 129, 336, 256
-0.978115, 173, 49, 204, 176
-0.978126, 409, 97, 440, 224
-0.978138, 349, 193, 380, 320
-0.978191, 225, 161, 288, 224
-0.978197, 149, 17, 180, 80
-0.978237, 137, 241, 200, 362
-0.978293, 213, 145, 244, 272
-0.9783, 305, 81, 368, 144
-0.978347, 389, 137, 420, 200
-0.978359, 97, 97, 160, 352
-0.978384, 69, 17, 100, 144
-0.978406, 113, 49, 176, 112
-0.978493, 177, 137, 240, 200
-0.978506, 209, 97, 272, 352
-0.978511, 417, 1, 480, 256
-0.978546, 145, 81, 272, 144
-0.978571, 353, 97, 384, 224
-0.978585, 421, 97, 452, 224
-0.978666, 157, 193, 188, 320
-0.978696, 449, 121, 480, 184
-0.978706, 437, 121, 468, 184
-0.978716, 165, 97, 196, 224
-0.978745, 377, 145, 408, 272
-0.978776, 33, 153, 160, 216
-0.978952, 425, 97, 456, 160
-0.978958, 25, 33, 56, 96
-0.978962, 393, 297, 424, 360
-0.97904, 237, 1, 268, 128
-0.979042, 337, 289, 368, 352
-0.979082, 273, 177, 336, 240
-0.97913, 209, 169, 240, 232
-0.979166, 53, 17, 84, 144
-0.979206, 229, 225, 260, 352
-0.97928, 433, 57, 496, 120
-0.979415, 353, 297, 384, 360
-0.979458, 157, 193, 188, 256
-0.979467, 89, 161, 120, 288
-0.979522, 361, 1, 424, 64
-0.979545, 81, 233, 112, 296
-0.979551, 33, 81, 96, 144
-0.979568, 57, 57, 120, 120
-0.979615, 141, 1, 172, 128
-0.979653, 249, 1, 312, 256
-0.979661, 69, 193, 100, 256
-0.979682, 97, 49, 224, 112
-0.979762, 61, 25, 92, 88
-0.979763, 25, 17, 88, 80
-0.979777, 409, 129, 440, 192
-0.979817, 185, 1, 248, 362
-0.979828, 209, 241, 240, 362
-0.979896, 229, 1, 260, 64
-0.979922, 109, 25, 140, 88
-0.979947, 137, 49, 200, 112
-0.979967, 353, 241, 384, 362
-0.98001, 185, 65, 216, 192
-0.980021, 461, 97, 492, 160
-0.980035, 157, 217, 188, 280
-0.980045, 277, 193, 308, 256
-0.980052, 241, 217, 272, 280
-0.980096, 73, 1, 136, 362
-0.980096, 321, 121, 448, 184
-0.980109, 409, 97, 440, 160
-0.980118, 153, 249, 216, 312
-0.980145, 169, 1, 200, 64
-0.980189, 225, 217, 256, 280
-0.980214, 337, 153, 464, 216
-0.98023, 113, 105, 240, 168
-0.980237, 201, 1, 232, 64
-0.980254, 337, 1, 400, 64
-0.980271, 113, 129, 240, 192
-0.980338, 73, 33, 104, 96
-0.980384, 277, 241, 308, 362
-0.980393, 313, 97, 376, 352
-0.980431, 125, 113, 156, 240
-0.980485, 273, 81, 336, 144
-0.980504, 273, 1, 336, 256
-0.980637, 61, 129, 92, 256
-0.980687, 33, 257, 160, 320
-0.980708, 437, 81, 468, 208
-0.980716, 5, 49, 36, 112
-0.980723, 205, 201, 236, 264
-0.980765, 377, 177, 440, 240
-0.980906, 305, 273, 432, 336
-0.980997, 69, 145, 100, 208
-0.981094, 449, 97, 480, 160
-0.981108, 357, 97, 388, 160
-0.981118, 233, 97, 296, 352
-0.981119, 97, 17, 128, 80
-0.981188, 417, 297, 480, 360
-0.981197, 205, 249, 236, 312
-0.981239, 189, 9, 220, 72
-0.981262, 337, 241, 368, 304
-0.981265, 121, 209, 152, 336
-0.981274, 297, 225, 328, 288
-0.981281, 297, 209, 328, 336
-0.981296, 37, 41, 68, 104
-0.981325, 217, 1, 248, 64
-0.981345, 241, 1, 272, 64
-0.98135, 437, 97, 468, 160
-0.981352, 377, 145, 408, 208
-0.981378, 253, 1, 284, 64
-0.981391, 9, 65, 72, 128
-0.981413, 81, 121, 112, 184
-0.981422, 177, 249, 208, 312
-0.981426, 81, 193, 112, 256
-0.981497, 121, 249, 184, 312
-0.981521, 317, 233, 348, 296
-0.981538, 361, 217, 424, 280
-0.981572, 113, 49, 144, 176
-0.981637, 233, 49, 296, 176
-0.981645, 329, 105, 392, 168
-0.981684, 425, 121, 456, 184
-0.981722, 393, 1, 456, 64
-0.981747, 257, 81, 384, 144
-0.981789, 145, 209, 176, 272
-0.98182, 193, 57, 320, 120
-0.981825, 17, 185, 144, 248
-0.981857, 25, 137, 88, 200
-0.981867, 225, 1, 288, 362
-0.981902, 257, 289, 384, 352
-0.98193, 129, 9, 160, 72
-0.981941, 17, 17, 144, 80
-0.981989, 169, 73, 200, 136
-0.98214, 369, 297, 496, 360
-0.982149, 261, 241, 292, 304
-0.982206, 317, 209, 348, 336
-0.982345, 89, 97, 120, 224
-0.982396, 305, 209, 432, 272
-0.982445, 397, 97, 428, 160
-0.982475, 109, 209, 140, 336
-0.982487, 109, 201, 140, 264
-0.982514, 209, 89, 272, 152
-0.98252, 125, 217, 156, 280
-0.982525, 365, 297, 396, 360
-0.98256, 81, 57, 144, 120
-0.982598, 33, 57, 96, 120
-0.982613, 49, 97, 112, 352
-0.982613, 305, 9, 368, 72
-0.982615, 49, 265, 112, 328
-0.982669, 369, 97, 400, 160
-0.982714, 285, 217, 316, 280
-0.982775, 209, 25, 272, 88
-0.982784, 33, 97, 160, 160
-0.982796, 217, 201, 280, 232
-0.982819, 1, 65, 128, 128
-0.982839, 85, 33, 116, 96
-0.982879, 349, 209, 380, 272
-0.982939, 61, 249, 92, 312
-0.982949, 37, 65, 68, 192
-0.983012, 17, 97, 80, 352
-0.983058, 181, 161, 212, 224
-0.983093, 361, 73, 424, 136
-0.983107, 113, 105, 144, 168
-0.983132, 401, 73, 464, 136
-0.983166, 257, 25, 320, 88
-0.983189, 25, 1, 88, 362
-0.983271, 69, 241, 100, 362
-0.983271, 241, 169, 272, 232
-0.983297, 149, 81, 180, 144
-0.983322, 49, 41, 80, 104
-0.983434, 89, 169, 120, 232
-0.983451, 181, 73, 212, 136
-0.983519, 161, 1, 224, 362
-0.983531, 361, 185, 392, 248
-0.983578, 93, 113, 124, 176
-0.983634, 217, 241, 248, 304
-0.983653, 69, 65, 100, 192
-0.983707, 273, 1, 336, 362
-0.983751, 57, 225, 120, 256
-0.983799, 57, 65, 88, 192
-0.983874, 265, 169, 296, 232
-0.983878, 317, 1, 348, 128
-0.98392, 81, 273, 208, 336
-0.983938, 57, 89, 120, 152
-0.983953, 161, 49, 224, 112
-0.984043, 353, 121, 384, 184
-0.984064, 409, 153, 472, 216
-0.98408, 409, 1, 440, 128
-0.984134, 9, 113, 72, 176
-0.984153, 81, 257, 112, 320
-0.984179, 245, 241, 276, 304
-0.984181, 101, 257, 132, 320
-0.984204, 161, 241, 192, 304
-0.984204, 229, 169, 260, 232
-0.98424, 77, 169, 108, 232
-0.984261, 69, 121, 100, 184
-0.984284, 265, 1, 328, 64
-0.984341, 321, 265, 352, 328
-0.984353, 121, 229, 184, 260
-0.984369, 353, 273, 384, 336
-0.984383, 185, 33, 248, 96
-0.984472, 281, 201, 344, 264
-0.984535, 185, 137, 216, 200
-0.984636, 233, 189, 296, 220
-0.984642, 377, 97, 440, 352
-0.984646, 185, 197, 248, 228
-0.984667, 49, 113, 80, 240
-0.984696, 385, 97, 416, 160
-0.984701, 101, 65, 132, 192
-0.984712, 289, 97, 352, 352
-0.984732, 49, 1, 112, 362
-0.984744, 137, 65, 168, 192
-0.98476, 345, 1, 376, 128
-0.984865, 377, 185, 408, 248
-0.98489, 117, 249, 148, 312
-0.98489, 233, 25, 296, 88
-0.984895, 197, 137, 228, 200
-0.984915, 209, 217, 272, 248
-0.984928, 249, 1, 312, 362
-0.984941, 145, 121, 208, 184
-0.984951, 81, 241, 144, 272
-0.98498, 113, 1, 176, 362
-0.984981, 137, 1, 200, 362
-0.984985, 165, 241, 196, 362
-0.985025, 265, 1, 296, 64
-0.98504, 49, 9, 112, 72
-0.98505, 257, 129, 320, 256
-0.985095, 129, 217, 192, 248
-0.985115, 369, 313, 432, 344
-0.985145, 197, 57, 228, 120
-0.985186, 305, 1, 368, 362
-0.985219, 369, 1, 400, 128
-0.985248, 281, 129, 344, 256
-0.985272, 353, 273, 416, 336
-0.985298, 361, 325, 424, 356
-0.985317, 233, 249, 264, 312
-0.985331, 345, 1, 408, 362
-0.985372, 241, 205, 304, 236
-0.98539, 137, 97, 168, 160
-0.985405, 369, 1, 432, 362
-0.985412, 113, 113, 144, 240
-0.985463, 125, 137, 156, 200
-0.985513, 189, 257, 220, 320
-0.98552, 165, 97, 196, 160
-0.98553, 101, 289, 132, 352
-0.985651, 469, 73, 500, 136
-0.985702, 185, 209, 216, 272
-0.985705, 197, 81, 228, 208
-0.985794, 405, 297, 436, 360
-0.985802, 365, 217, 396, 280
-0.985806, 173, 49, 204, 112
-0.985814, 169, 241, 232, 272
-0.985858, 425, 145, 456, 208
-0.985875, 125, 33, 156, 96
-0.98589, 409, 1, 472, 362
-0.98591, 381, 1, 412, 128
-0.985945, 353, 161, 384, 224
-0.985954, 337, 217, 368, 280
-0.985977, 281, 241, 312, 304
-0.985989, 53, 177, 84, 240
-0.985991, 265, 97, 328, 352
-0.986062, 145, 49, 176, 112
-0.986078, 53, 121, 84, 184
-0.986092, 329, 17, 360, 144
-0.986143, 401, 33, 464, 96
-0.986146, 253, 161, 284, 224
-0.986172, 281, 25, 344, 88
-0.986177, 425, 241, 488, 362
-0.986216, 133, 193, 164, 256
-0.986218, 417, 1, 480, 64
-0.986245, 1, 1, 64, 362
-0.986282, 113, 273, 144, 336
-0.986294, 365, 225, 396, 352
-0.986295, 257, 229, 320, 260
-0.986305, 93, 209, 124, 272
-0.986456, 289, 1, 320, 128
-0.986474, 209, 189, 272, 220
-0.986491, 1, 89, 64, 152
-0.986501, 105, 281, 168, 344
-0.98653, 401, 177, 464, 240
-0.986537, 185, 185, 248, 216
-0.986587, 353, 73, 480, 136
-0.986609, 361, 33, 424, 96
-0.986652, 289, 145, 416, 208
-0.98666, 433, 169, 496, 232
-0.986812, 401, 129, 464, 160
-0.986827, 445, 1, 476, 128
-0.986968, 389, 145, 420, 272
-0.986984, 153, 113, 184, 240
-0.986987, 461, 129, 492, 256
-0.987058, 33, 209, 288, 272
-0.987061, 357, 17, 388, 144
-0.987106, 57, 241, 88, 362
-0.98711, 341, 97, 372, 224
-0.987204, 145, 85, 208, 116
-0.987208, 297, 249, 360, 280
-0.98724, 281, 49, 344, 176
-0.987261, 161, 181, 224, 212
-0.987277, 81, 121, 144, 152
-0.987345, 329, 241, 360, 362
-0.987361, 81, 177, 144, 208
-0.987379, 433, 1, 496, 362
-0.98754, 81, 213, 144, 244
-0.987715, 397, 33, 428, 160
-0.987741, 249, 1, 280, 128
-0.987763, 185, 1, 248, 32
-0.987804, 353, 145, 384, 272
-0.987806, 105, 21, 168, 52
-0.987873, 57, 213, 120, 244
-0.987898, 361, 165, 424, 196
-0.987906, 65, 29, 128, 60
-0.987935, 329, 305, 392, 336
-0.987997, 409, 317, 472, 348
-0.988001, 169, 209, 232, 240
-0.988019, 301, 17, 332, 144
-0.988051, 385, 145, 448, 176
-0.988062, 145, 33, 272, 96
-0.988068, 177, 257, 240, 288
-0.988117, 233, 217, 296, 248
-0.988165, 353, 1, 480, 64
-0.988169, 41, 33, 104, 64
-0.988186, 161, 97, 224, 128
-0.988416, 297, 229, 360, 260
-0.988494, 57, 237, 120, 268
-0.988529, 153, 65, 184, 192
-0.988542, 97, 225, 160, 256
-0.988565, 241, 249, 304, 280
-0.988572, 193, 89, 320, 152
-0.988647, 169, 229, 232, 260
-0.988715, 385, 49, 416, 176
-0.988843, 321, 289, 384, 320
-0.988857, 273, 17, 304, 144
-0.988883, 145, 57, 272, 120
-0.988886, 41, 253, 104, 284
-0.98889, 409, 193, 472, 320
-0.988935, 273, 121, 400, 184
-0.98894, 425, 125, 488, 156
-0.988954, 305, 1, 432, 64
-0.98897, 125, 49, 156, 176
-0.989017, 121, 161, 152, 288
-0.989027, 273, 89, 336, 120
-0.989103, 209, 25, 336, 88
-0.989109, 185, 97, 248, 128
-0.98913, 169, 165, 232, 196
-0.989136, 65, 253, 128, 284
-0.989149, 9, 41, 72, 72
-0.989152, 265, 217, 328, 248
-0.989154, 469, 33, 500, 160
-0.989182, 121, 193, 184, 224
-0.989187, 425, 97, 488, 352
-0.989209, 161, 9, 224, 40
-0.989216, 369, 193, 496, 320
-0.989245, 33, 281, 160, 344
-0.989277, 161, 193, 224, 224
-0.989282, 337, 193, 368, 320
-0.98929, 193, 237, 256, 268
-0.989314, 97, 185, 352, 248
-0.989345, 137, 13, 200, 44
-0.989361, 161, 217, 416, 280
-0.989366, 153, 109, 216, 140
-0.989383, 105, 161, 136, 288
-0.9895, 45, 177, 76, 304
-0.989525, 73, 193, 136, 224
-0.989533, 245, 129, 276, 256
-0.989551, 217, 5, 280, 36
-0.989584, 1, 185, 256, 248
-0.989662, 433, 129, 464, 256
-0.98973, 217, 249, 280, 280
-0.989735, 445, 145, 476, 272
-0.989763, 257, 17, 384, 80
-0.989792, 361, 145, 424, 176
-0.98986, 241, 1, 304, 32
-0.989887, 361, 177, 424, 208
-0.989914, 33, 17, 288, 80
-0.98996, 457, 1, 488, 128
-0.989991, 145, 73, 208, 104
-0.990027, 113, 177, 176, 208
-0.990192, 185, 13, 248, 44
-0.990205, 353, 33, 480, 96
-0.990244, 145, 205, 208, 236
-0.990301, 129, 25, 192, 56
-0.990319, 209, 161, 336, 224
-0.990324, 193, 193, 448, 256
-0.990366, 169, 85, 232, 116
-0.99038, 121, 161, 184, 192
-0.990383, 377, 133, 440, 164
-0.990422, 305, 65, 432, 128
-0.990427, 353, 197, 416, 228
-0.990472, 1, 41, 256, 104
-0.990486, 285, 145, 316, 272
-0.990493, 265, 241, 328, 272
-0.990507, 257, 193, 320, 224
-0.99054, 1, 25, 500, 88
-0.990592, 145, 209, 272, 240
-0.990603, 145, 229, 208, 260
-0.99061, 217, 233, 280, 264
-0.990615, 257, 81, 320, 208
-0.990618, 321, 237, 384, 268
-0.990631, 81, 161, 144, 192
-0.990634, 57, 125, 120, 156
-0.990696, 257, 129, 288, 256
-0.990725, 261, 17, 292, 144
-0.990742, 33, 45, 96, 76
-0.990755, 209, 97, 240, 224
-0.990768, 161, 241, 416, 304
-0.990845, 73, 265, 136, 296
-0.990848, 89, 33, 152, 64
-0.990867, 25, 129, 88, 160
-0.990878, 81, 149, 144, 180
-0.990901, 421, 17, 452, 144
-0.990915, 129, 1, 384, 64
-0.990918, 321, 277, 384, 308
-0.990968, 217, 177, 280, 208
-0.990989, 353, 217, 480, 280
-0.990998, 65, 233, 320, 296
-0.991008, 225, 201, 256, 232
-0.991033, 65, 1, 192, 64
-0.99104, 49, 169, 112, 200
-0.991083, 13, 81, 44, 208
-0.991087, 433, 193, 496, 320
-0.991099, 169, 269, 232, 300
-0.991106, 353, 129, 416, 160
-0.991209, 401, 97, 464, 352
-0.991211, 341, 145, 372, 272
-0.991212, 161, 21, 224, 52
-0.991219, 409, 49, 440, 176
-0.991227, 169, 229, 200, 260
-0.991264, 137, 181, 200, 212
-0.991282, 29, 113, 60, 240
-0.991292, 289, 261, 352, 292
-0.991314, 345, 101, 408, 132
-0.991327, 433, 141, 496, 172
-0.991351, 137, 97, 200, 128
-0.991351, 121, 245, 184, 276
-0.991354, 337, 153, 400, 184
-0.991385, 217, 213, 248, 244
-0.991408, 193, 173, 256, 204
-0.991411, 385, 101, 448, 132
-0.991431, 377, 309, 408, 340
-0.99145, 433, 321, 496, 352
-0.991486, 257, 185, 288, 216
-0.991513, 145, 249, 208, 280
-0.991534, 393, 325, 424, 356
-0.991544, 33, 161, 288, 224
-0.991556, 233, 93, 296, 124
-0.991561, 373, 49, 404, 176
-0.99164, 169, 177, 200, 208
-0.99167, 433, 97, 496, 128
-0.991673, 265, 229, 296, 260
-0.991674, 397, 313, 428, 344
-0.991692, 161, 81, 416, 144
-0.991693, 313, 85, 376, 116
-0.9917, 1, 217, 500, 280
-0.99172, 175, 209, 190, 272
-0.991727, 409, 133, 440, 164
-0.991748, 261, 209, 292, 240
-0.991749, 337, 225, 400, 256
-0.991764, 177, 189, 304, 220
-0.991778, 17, 221, 80, 252
-0.991796, 201, 261, 264, 292
-0.991802, 329, 249, 392, 280
-0.991812, 241, 201, 272, 232
-0.991835, 105, 213, 168, 244
-0.991848, 209, 49, 240, 176
-0.991852, 381, 325, 412, 356
-0.991873, 289, 41, 416, 104
-0.99188, 385, 329, 448, 360
-0.991888, 157, 217, 188, 248
-0.991895, 93, 237, 124, 268
-0.991911, 73, 277, 136, 308
-0.991928, 177, 253, 208, 284
-0.991971, 409, 145, 472, 176
-0.991981, 329, 169, 392, 200
-0.991991, 337, 181, 400, 212
-0.991994, 313, 105, 376, 136
-0.992004, 237, 189, 268, 220
-0.992014, 49, 197, 112, 228
-0.99209, 253, 197, 284, 228
-0.992095, 217, 189, 248, 220
-0.99211, 1, 185, 500, 248
-0.992147, 189, 241, 220, 272
-0.992148, 389, 141, 420, 172
-0.992163, 201, 173, 232, 204
-0.992166, 45, 225, 76, 352
-0.992188, 145, 161, 176, 288
-0.992192, 145, 169, 208, 200
-0.992198, 245, 213, 276, 244
-0.992199, 1, 81, 32, 208
-0.9922, 433, 1, 464, 128
-0.992207, 121, 85, 184, 116
-0.992215, 193, 221, 320, 252
-0.992227, 209, 225, 240, 256
-0.992239, 161, 265, 416, 328
-0.992249, 57, 221, 88, 252
-0.992249, 405, 145, 436, 272
-0.99225, 197, 193, 228, 224
-0.992258, 425, 129, 456, 160
-0.992259, 329, 261, 392, 292
-0.992267, 229, 217, 260, 248
-0.992268, 421, 317, 452, 348
-0.992287, 165, 205, 196, 236
-0.9923, 177, 97, 208, 128
-0.992302, 209, 237, 240, 268
-0.992313, 273, 145, 304, 272
-0.992315, 373, 161, 404, 192
-0.992333, 177, 77, 208, 108
-0.992342, 225, 169, 480, 232
-0.992345, 269, 197, 300, 228
-0.992347, 185, 229, 216, 260
-0.99237, 357, 305, 388, 336
-0.992379, 81, 133, 144, 164
-0.99239, 49, 157, 112, 188
-0.992425, 393, 241, 456, 362
-0.992465, 405, 329, 436, 360
-0.992474, 265, 257, 328, 288
-0.992484, 205, 249, 236, 280
-0.992485, 253, 245, 284, 276
-0.992501, 1, 53, 64, 84
-0.992511, 65, 41, 128, 72
-0.992511, 81, 225, 208, 256
-0.992525, 337, 289, 368, 320
-0.992531, 193, 201, 320, 232
-0.992538, 109, 221, 140, 252
-0.992546, 169, 185, 184, 248
-0.992556, 1, 81, 256, 144
-0.992561, 265, 177, 280, 240
-0.992562, 165, 101, 196, 132
-0.992563, 441, 129, 472, 160
-0.992567, 129, 109, 192, 140
-0.99258, 97, 237, 224, 268
-0.992585, 165, 189, 196, 220
-0.992587, 97, 277, 160, 308
-0.99259, 337, 273, 368, 304
-0.992594, 113, 193, 240, 224
-0.992596, 265, 205, 328, 236
-0.992598, 209, 93, 272, 124
-0.992602, 73, 197, 104, 228
-0.99261, 461, 125, 492, 156
-0.992614, 197, 229, 228, 260
-0.99262, 289, 281, 352, 312
-0.992622, 77, 221, 108, 252
-0.992625, 321, 161, 352, 288
-0.992635, 345, 213, 408, 244
-0.992648, 33, 221, 160, 252
-0.992648, 69, 253, 100, 284
-0.992668, 93, 225, 124, 256
-0.992686, 255, 185, 270, 248
-0.992726, 201, 1, 232, 32
-0.992728, 73, 29, 104, 60
-0.992729, 433, 113, 496, 144
-0.992737, 369, 173, 400, 204
-0.992743, 165, 253, 196, 284
-0.992762, 137, 217, 168, 248
-0.992764, 185, 181, 216, 212
-0.992766, 277, 225, 308, 256
-0.992783, 261, 1, 292, 32
-0.992795, 53, 33, 84, 64
-0.992802, 273, 193, 288, 256
-0.992817, 61, 209, 92, 240
-0.992821, 49, 125, 176, 156
-0.992832, 81, 17, 144, 48
-0.992853, 189, 161, 220, 192
-0.992854, 169, 217, 200, 248
-0.992862, 185, 193, 216, 224
-0.99287, 97, 181, 224, 212
-0.99289, 213, 201, 244, 232
-0.992893, 175, 169, 190, 232
-0.992897, 389, 297, 404, 360
-0.992901, 221, 1, 252, 32
-0.992913, 201, 13, 232, 44
-0.992919, 301, 229, 332, 260
-0.992922, 73, 125, 104, 156
-0.992923, 233, 249, 264, 280
-0.992924, 113, 17, 240, 48
-0.992924, 189, 1, 220, 32
-0.99293, 341, 241, 372, 272
-0.992934, 117, 121, 148, 152
-0.992935, 245, 225, 276, 256
-0.992937, 109, 21, 140, 52
-0.992943, 105, 237, 136, 268
-0.992943, 169, 241, 200, 272
-0.992946, 165, 81, 196, 112
-0.992959, 369, 325, 400, 356
-0.992974, 189, 97, 220, 128
-0.992978, 365, 189, 396, 220
-0.992981, 377, 141, 408, 172
-0.992994, 153, 205, 184, 236
-0.992998, 141, 25, 172, 56
-0.993014, 133, 13, 164, 44
-0.993019, 197, 265, 228, 296
-0.993026, 33, 37, 64, 68
-0.993029, 117, 249, 148, 280
-0.993036, 321, 237, 352, 268
-0.99306, 279, 193, 294, 256
-0.99306, 177, 109, 208, 140
-0.993062, 265, 201, 280, 264
-0.993076, 161, 21, 192, 52
-0.993109, 17, 41, 48, 72
-0.99311, 185, 17, 216, 48
-0.993115, 337, 301, 368, 332
-0.993115, 97, 253, 224, 284
-0.993123, 217, 249, 248, 280
-0.993127, 1, 113, 500, 176
-0.993127, 337, 261, 368, 292
-0.993131, 153, 9, 184, 40
-0.993132, 177, 265, 208, 296
-0.993137, 1, 41, 128, 72
-0.993137, 329, 105, 360, 136
-0.993142, 1, 225, 64, 352
-0.993148, 281, 245, 312, 276
-0.993152, 121, 17, 152, 48
-0.993157, 161, 253, 288, 284
-0.993165, 385, 153, 416, 184
-0.993174, 229, 237, 260, 268
-0.993182, 121, 29, 152, 60
-0.993192, 409, 317, 440, 348
-0.993193, 153, 233, 184, 264
-0.993194, 77, 233, 108, 264
-0.993197, 449, 321, 480, 352
-0.993199, 383, 297, 398, 360
-0.993204, 405, 145, 436, 176
-0.993216, 385, 177, 416, 208
-0.993239, 93, 25, 124, 56
-0.993245, 73, 169, 104, 200
-0.993251, 165, 69, 196, 100
-0.993254, 219, 177, 234, 240
-0.993255, 213, 177, 244, 208
-0.993255, 193, 81, 224, 112
-0.993256, 173, 5, 204, 36
-0.99326, 129, 229, 160, 260
-0.993266, 469, 97, 500, 128
-0.993268, 289, 233, 320, 264
-0.993269, 397, 297, 412, 360
-0.993269, 33, 237, 160, 268
-0.993269, 189, 253, 220, 284
-0.993285, 69, 41, 100, 72
-0.9933, 5, 117, 36, 148
-0.993302, 313, 85, 344, 116
-0.993315, 57, 233, 88, 264
-0.993321, 1, 53, 32, 84
-0.993325, 229, 193, 244, 256
-0.993329, 85, 37, 116, 68
-0.993329, 349, 289, 380, 320
-0.993329, 357, 201, 388, 232
-0.993334, 33, 113, 288, 176
-0.99334, 97, 209, 224, 240
-0.99334, 345, 229, 376, 260
-0.993354, 241, 257, 368, 288
-0.993391, 205, 225, 220, 288
-0.993423, 247, 193, 262, 256
-0.993507, 181, 233, 196, 296
-0.993556, 129, 221, 256, 252
-0.993561, 225, 289, 480, 352
-0.993562, 181, 161, 196, 224
-0.993611, 33, 209, 160, 240
-0.993615, 235, 185, 250, 248
-0.993615, 1, 289, 500, 352
-0.993621, 257, 237, 384, 268
-0.993631, 241, 185, 256, 248
-0.993635, 467, 121, 482, 184
-0.993635, 257, 105, 500, 168
-0.993659, 271, 225, 286, 288
-0.99377, 185, 193, 200, 256
-0.993783, 461, 121, 476, 184
-0.993827, 377, 297, 392, 360
-0.99383, 65, 193, 192, 224
-0.993851, 91, 169, 106, 232
-0.993862, 253, 209, 268, 272
-0.993873, 349, 289, 364, 352
-0.993878, 1, 249, 500, 312
-0.993905, 97, 265, 224, 296
-0.993945, 473, 121, 488, 184
-0.994007, 195, 233, 210, 296
-0.994041, 95, 233, 110, 296
-0.994046, 447, 121, 462, 184
-0.994049, 225, 93, 352, 124
-0.99405, 369, 145, 496, 176
-0.994093, 341, 257, 356, 320
-0.994101, 167, 209, 182, 272
-0.994121, 101, 225, 116, 288
-0.994127, 145, 81, 272, 112
-0.994148, 63, 217, 78, 280
-0.994155, 265, 225, 280, 288
-0.994159, 453, 121, 468, 184
-0.994171, 277, 225, 292, 288
-0.994187, 311, 225, 326, 288
-0.9942, 209, 185, 224, 248
-0.994213, 145, 177, 272, 208
-0.994231, 97, 57, 352, 120
-0.994241, 373, 153, 388, 216
-0.994244, 189, 225, 204, 288
-0.994293, 369, 101, 496, 132
-0.994305, 193, 5, 320, 36
-0.994317, 211, 161, 226, 224
-0.994319, 407, 129, 422, 192
-0.994339, 379, 161, 394, 224
-0.994339, 177, 241, 304, 272
-0.994346, 193, 177, 208, 240
-0.994374, 33, 137, 288, 200
-0.994382, 33, 257, 288, 320
-0.994398, 403, 297, 418, 360
-0.994412, 65, 157, 192, 188
-0.994431, 213, 217, 228, 280
-0.994468, 165, 73, 180, 136
-0.994478, 367, 297, 382, 360
-0.994482, 439, 97, 454, 160
-0.994483, 1, 1, 500, 64
-0.994491, 29, 33, 44, 96
-0.994502, 65, 29, 192, 60
-0.994521, 49, 141, 176, 172
-0.99453, 369, 317, 496, 348
-0.994537, 223, 201, 238, 264
-0.994541, 171, 73, 186, 136
-0.994561, 467, 97, 482, 160
-0.994562, 177, 93, 304, 124
-0.994567, 427, 97, 442, 160
-0.994575, 233, 1, 248, 64
-0.994575, 193, 137, 448, 200
-0.994578, 1, 49, 500, 112
-0.994594, 229, 217, 244, 280
-0.994613, 433, 97, 448, 160
-0.994619, 305, 325, 432, 356
-0.994657, 419, 97, 434, 160
-0.994657, 65, 169, 192, 200
-0.994669, 193, 137, 320, 200
-0.994669, 87, 193, 102, 256
-0.994688, 259, 217, 274, 280
-0.99471, 173, 233, 188, 296
-0.994714, 475, 97, 490, 160
-0.994727, 441, 121, 456, 184
-0.994778, 411, 97, 426, 160
-0.994818, 479, 121, 494, 184
-0.994847, 83, 33, 98, 96
-0.994848, 369, 177, 384, 240
-0.994849, 155, 17, 170, 80
-0.99485, 219, 225, 234, 288
-0.994855, 113, 117, 240, 148
-0.994869, 401, 137, 416, 200
-0.994871, 369, 133, 496, 164
-0.994873, 357, 201, 372, 264
-0.994881, 321, 105, 448, 136
-0.994892, 195, 9, 210, 72
-0.994911, 257, 205, 384, 236
-0.994959, 257, 1, 272, 64
-0.994961, 271, 169, 286, 232
-0.994987, 337, 289, 352, 352
-0.994995, 9, 49, 24, 112
-0.995001, 89, 33, 104, 96
-0.995011, 419, 121, 434, 184
-0.995011, 187, 169, 202, 232
-0.995016, 321, 305, 448, 336
-0.995017, 485, 121, 500, 184
-0.995023, 225, 1, 480, 64
-0.995027, 273, 225, 400, 256
-0.995031, 343, 289, 358, 352
-0.995041, 287, 225, 302, 288
-0.995066, 303, 225, 318, 288
-0.99507, 285, 193, 300, 256
-0.995075, 73, 193, 88, 256
-0.995084, 317, 225, 332, 288
-0.99511, 455, 97, 470, 160
-0.995115, 53, 41, 68, 104
-0.995124, 97, 85, 224, 116
-0.995133, 77, 33, 92, 96
-0.995144, 123, 241, 138, 304
-0.995172, 173, 1, 188, 64
-0.995179, 445, 97, 460, 160
-0.995182, 211, 1, 226, 64
-0.99519, 75, 241, 90, 304
-0.995195, 35, 41, 50, 104
-0.995198, 251, 1, 266, 64
-0.99521, 395, 137, 410, 200
-0.995223, 97, 73, 224, 104
-0.995233, 205, 249, 220, 312
-0.995238, 351, 217, 366, 280
-0.995245, 435, 121, 450, 184
-0.995245, 247, 217, 262, 280
-0.99525, 17, 253, 144, 284
-0.995259, 185, 73, 200, 136
-0.995284, 461, 97, 476, 160
-0.995287, 17, 49, 32, 112
-0.995295, 425, 121, 440, 184
-0.995295, 413, 129, 428, 192
-0.995303, 47, 41, 62, 104
-0.995316, 87, 121, 102, 184
-0.995333, 65, 25, 80, 88
-0.995353, 17, 177, 144, 208
-0.99536, 149, 17, 164, 80
-0.995362, 71, 33, 86, 96
-0.995362, 243, 1, 258, 64
-0.995365, 385, 145, 400, 208
-0.99537, 107, 17, 122, 80
-0.995376, 385, 193, 448, 320
-0.995377, 361, 297, 376, 360
-0.995395, 101, 17, 116, 80
-0.995398, 343, 233, 358, 296
-0.995409, 3, 49, 18, 112
-0.995411, 257, 193, 384, 224
-0.995414, 201, 161, 216, 224
-0.995418, 83, 225, 98, 288
-0.99542, 289, 249, 416, 280
-0.995421, 355, 289, 370, 352
-0.995427, 41, 41, 56, 104
-0.995431, 109, 241, 124, 304
-0.995464, 161, 17, 176, 80
-0.995479, 237, 209, 252, 272
-0.995492, 83, 249, 98, 312
-0.9955, 123, 209, 138, 272
-0.995508, 363, 185, 378, 248
-0.995539, 145, 5, 272, 36
-0.995549, 257, 81, 500, 144
-0.995561, 113, 165, 240, 196
-0.99558, 129, 25, 384, 88
-0.995745, 97, 65, 128, 320
-0.995755, 33, 273, 160, 304
-0.995759, 289, 129, 416, 160
-0.995817, 17, 165, 144, 196
-0.995823, 337, 181, 464, 212
-0.995934, 145, 273, 272, 336
-0.995946, 17, 153, 144, 184
-0.995953, 289, 85, 416, 116
-0.995954, 241, 57, 368, 120
-0.995967, 189, 65, 220, 320
-0.995968, 257, 217, 500, 280
-0.995996, 113, 137, 240, 168
-0.996043, 305, 141, 432, 172
-0.9961, 305, 237, 432, 268
-0.996101, 193, 177, 320, 208
-0.996104, 1, 161, 500, 224
-0.996108, 177, 1, 208, 256
-0.996121, 17, 193, 144, 224
-0.996126, 257, 181, 384, 212
-0.996165, 145, 269, 272, 300
-0.996202, 337, 117, 464, 148
-0.996242, 193, 57, 448, 120
-0.996296, 1, 125, 128, 156
-0.996302, 385, 1, 416, 256
-0.996319, 1, 89, 500, 152
-0.996341, 173, 97, 204, 352
-0.996355, 337, 165, 464, 196
-0.996365, 49, 77, 176, 108
-0.996379, 73, 1, 104, 256
-0.996427, 241, 269, 368, 300
-0.99648, 213, 225, 228, 256
-0.996518, 357, 1, 388, 256
-0.996566, 257, 257, 500, 320
-0.996603, 113, 149, 240, 180
-0.996605, 17, 29, 144, 60
-0.996612, 221, 213, 236, 244
-0.99663, 241, 1, 368, 32
-0.99663, 1, 137, 128, 168
-0.996637, 49, 1, 80, 256
-0.996653, 193, 81, 320, 112
-0.996686, 165, 1, 196, 256
-0.996694, 337, 201, 464, 232
-0.996709, 305, 285, 432, 316
-0.99672, 161, 113, 416, 176
-0.996726, 393, 325, 408, 356
-0.996727, 259, 197, 274, 228
-0.996759, 1, 113, 128, 144
-0.996764, 1, 137, 500, 200
-0.996767, 379, 321, 394, 352
-0.99677, 413, 329, 428, 360
-0.996839, 97, 97, 224, 128
-0.996847, 377, 97, 408, 352
-0.996864, 241, 285, 368, 316
-0.99688, 403, 137, 418, 168
-0.99688, 263, 185, 278, 216
-0.996911, 305, 265, 432, 296
-0.996914, 369, 329, 496, 360
-0.996922, 275, 189, 290, 220
-0.996965, 373, 1, 404, 256
-0.996996, 175, 213, 190, 244
-0.996997, 413, 133, 428, 164
-0.996998, 33, 281, 288, 344
-0.997007, 201, 97, 232, 352
-0.997012, 399, 325, 414, 356
-0.997014, 1, 1, 32, 256
-0.997014, 73, 97, 104, 352
-0.997025, 349, 97, 380, 352
-0.997037, 231, 197, 246, 228
-0.997044, 161, 17, 288, 48
-0.997047, 193, 233, 208, 264
-0.997054, 61, 1, 92, 256
-0.997059, 345, 1, 376, 256
-0.997067, 101, 233, 116, 264
-0.99708, 161, 105, 288, 136
-0.997085, 165, 217, 180, 248
-0.997086, 181, 253, 196, 284
-0.997128, 407, 313, 422, 344
-0.997129, 353, 241, 480, 304
-0.99714, 379, 309, 394, 340
-0.997141, 109, 1, 140, 256
-0.997157, 85, 97, 116, 352
-0.997158, 85, 1, 116, 256
-0.997159, 397, 1, 428, 256
-0.997165, 401, 313, 416, 344
-0.997175, 213, 97, 244, 352
-0.99718, 249, 205, 264, 236
-0.997181, 65, 17, 192, 48
-0.997182, 387, 325, 402, 356
-0.997185, 387, 309, 402, 340
-0.99719, 407, 329, 422, 360
-0.997191, 449, 1, 480, 256
-0.997197, 275, 229, 290, 260
-0.997208, 203, 233, 218, 264
-0.99723, 153, 1, 184, 256
-0.997239, 233, 1, 264, 256
-0.997241, 65, 113, 192, 144
-0.997251, 223, 225, 238, 256
-0.997255, 365, 97, 396, 352
-0.997267, 183, 229, 198, 260
-0.997267, 273, 297, 400, 328
-0.997275, 205, 1, 236, 256
-0.997278, 97, 5, 224, 36
-0.997286, 229, 217, 244, 248
-0.99729, 177, 65, 304, 96
-0.997293, 413, 313, 428, 344
-0.997294, 369, 77, 496, 108
-0.997295, 37, 1, 68, 256
-0.997299, 281, 193, 296, 224
-0.997319, 289, 153, 416, 184
-0.997331, 257, 221, 272, 252
-0.997334, 237, 201, 252, 232
-0.997338, 121, 1, 152, 256
-0.997346, 265, 1, 296, 256
-0.997349, 269, 229, 284, 260
-0.997359, 109, 97, 140, 352
-0.997368, 419, 133, 434, 164
-0.997384, 435, 129, 450, 160
-0.997384, 173, 241, 188, 272
-0.997385, 191, 73, 206, 104
-0.997393, 117, 237, 132, 268
-0.997399, 289, 117, 416, 148
-0.997402, 49, 41, 176, 72
-0.997416, 291, 233, 306, 264
-0.997416, 269, 185, 284, 216
-0.997419, 177, 201, 192, 232
-0.997426, 243, 205, 258, 236
-0.997432, 429, 129, 444, 160
-0.997439, 253, 189, 268, 220
-0.997458, 169, 205, 184, 236
-0.997462, 253, 1, 284, 256
-0.997471, 185, 85, 200, 116
-0.997477, 289, 169, 416, 200
-0.997481, 271, 205, 286, 236
-0.997481, 413, 1, 444, 256
-0.997482, 321, 225, 448, 256
-0.997484, 329, 1, 360, 256
-0.997486, 221, 1, 252, 256
-0.997486, 281, 225, 296, 256
-0.997486, 265, 205, 280, 236
-0.99749, 383, 157, 398, 188
-0.997493, 221, 241, 236, 272
-0.997498, 171, 185, 186, 216
-0.997508, 81, 277, 208, 308
-0.997509, 461, 1, 492, 256
-0.997512, 377, 169, 392, 200
-0.997519, 371, 177, 386, 208
-0.99752, 397, 141, 412, 172
-0.997524, 353, 61, 480, 92
-0.997539, 215, 245, 230, 276
-0.997541, 445, 129, 460, 160
-0.997542, 179, 169, 194, 200
-0.997544, 177, 225, 192, 256
-0.997559, 1, 65, 128, 96
-0.997566, 369, 305, 384, 336
-0.997572, 259, 209, 274, 240
-0.997576, 107, 237, 122, 268
-0.997577, 339, 285, 354, 316
-0.997577, 95, 225, 110, 256
-0.997578, 209, 189, 224, 220
-0.997588, 1, 85, 128, 116
-0.997588, 161, 97, 192, 352
-0.997594, 171, 77, 186, 108
-0.9976, 263, 229, 278, 260
-0.997606, 221, 1, 236, 32
-0.997608, 207, 177, 222, 208
-0.997624, 187, 253, 202, 284
-0.997624, 179, 101, 194, 132
-0.997627, 213, 173, 228, 204
-0.997627, 393, 309, 408, 340
-0.997629, 135, 221, 150, 252
-0.997637, 239, 217, 254, 248
-0.997638, 91, 173, 106, 204
-0.997644, 133, 1, 164, 256
-0.997654, 191, 105, 206, 136
-0.997658, 423, 317, 438, 348
-0.997661, 321, 213, 448, 244
-0.99767, 451, 129, 466, 160
-0.997674, 225, 97, 256, 352
-0.997674, 97, 61, 224, 92
-0.997679, 169, 97, 184, 128
-0.99768, 349, 293, 364, 324
-0.997681, 219, 197, 234, 228
-0.997687, 121, 97, 152, 352
-0.997691, 67, 217, 82, 248
-0.997693, 279, 193, 294, 320
-0.997693, 293, 1, 324, 256
-0.997694, 277, 205, 292, 236
-0.997698, 469, 125, 484, 156
-0.997702, 127, 237, 142, 268
-0.997711, 111, 221, 126, 252
-0.997721, 125, 209, 140, 240
-0.997721, 201, 245, 216, 276
-0.997728, 97, 45, 224, 76
-0.997734, 265, 241, 280, 272
-0.997741, 201, 177, 216, 208
-0.997744, 477, 125, 492, 156
-0.997744, 191, 181, 206, 212
-0.997746, 147, 213, 162, 244
-0.99775, 231, 233, 246, 264
-0.997752, 181, 213, 196, 244
-0.997756, 303, 225, 318, 256
-0.99776, 33, 285, 160, 316
-0.997765, 205, 1, 220, 32
-0.997767, 463, 125, 478, 156
-0.997769, 215, 209, 230, 240
-0.997774, 311, 225, 326, 256
-0.997785, 111, 249, 126, 280
-0.997788, 265, 97, 296, 352
-0.997793, 241, 105, 368, 136
-0.997796, 319, 229, 334, 260
-0.997799, 225, 201, 240, 232
-0.997799, 237, 97, 268, 352
-0.997806, 61, 97, 92, 352
-0.997808, 87, 221, 102, 252
-0.997814, 153, 209, 168, 240
-0.997814, 245, 189, 260, 220
-0.997814, 221, 181, 236, 212
-0.997815, 173, 161, 188, 288
-0.997822, 185, 97, 200, 128
-0.997824, 377, 145, 392, 176
-0.99783, 257, 33, 500, 96
-0.997836, 389, 153, 404, 184
-0.997838, 337, 249, 464, 280
-0.99784, 483, 125, 498, 156
-0.997845, 457, 125, 472, 156
-0.997846, 251, 217, 266, 248
-0.997853, 199, 257, 214, 288
-0.997862, 183, 265, 198, 296
-0.997862, 209, 257, 224, 288
-0.997875, 193, 253, 208, 284
-0.997877, 409, 145, 424, 176
-0.997886, 193, 165, 320, 196
-0.997887, 301, 241, 316, 272
-0.997889, 179, 81, 194, 112
-0.997889, 363, 305, 378, 336
-0.99789, 81, 289, 208, 320
-0.997892, 277, 1, 308, 256
-0.997897, 191, 85, 206, 116
-0.997898, 173, 253, 188, 284
-0.997908, 95, 237, 110, 268
-0.997911, 71, 201, 86, 232
-0.997913, 265, 1, 280, 32
-0.99792, 209, 241, 224, 272
-0.997926, 159, 217, 174, 248
-0.997926, 193, 265, 320, 296
-0.997934, 437, 1, 468, 256
-0.997946, 253, 97, 284, 352
-0.99796, 13, 1, 44, 256
-0.997961, 269, 177, 284, 304
-0.997977, 337, 97, 368, 352
-0.997977, 1, 53, 128, 84
-0.997987, 85, 177, 100, 304
-0.997988, 425, 1, 456, 256
-0.997993, 369, 89, 496, 120
-0.998003, 49, 61, 176, 92
-0.998014, 309, 1, 340, 256
-0.998017, 91, 161, 106, 288
-0.998023, 185, 177, 200, 304
-0.998035, 203, 209, 218, 336
-0.99805, 193, 273, 320, 336
-0.998102, 25, 1, 56, 256
-0.998127, 389, 97, 420, 352
-0.998129, 179, 161, 194, 288
-0.998139, 49, 101, 176, 132
-0.99814, 223, 193, 238, 320
-0.998151, 255, 177, 270, 304
-0.998155, 113, 29, 240, 60
-0.998192, 241, 81, 368, 112
-0.998192, 263, 177, 278, 304
-0.998212, 273, 309, 400, 340
-0.998226, 369, 33, 496, 64
-0.998245, 343, 241, 358, 362
-0.998262, 49, 97, 80, 352
-0.998266, 397, 97, 412, 224
-0.998272, 181, 1, 196, 128
-0.998281, 285, 193, 300, 320
-0.998298, 149, 97, 180, 352
-0.998304, 197, 193, 212, 320
-0.998311, 5, 55, 36, 70
-0.998313, 173, 1, 188, 128
-0.998313, 215, 177, 230, 304
-0.998314, 209, 211, 240, 226
-0.998325, 217, 203, 280, 218
-0.998325, 265, 243, 296, 258
-0.998326, 209, 191, 240, 206
-0.99833, 73, 41, 104, 56
-0.998334, 109, 33, 140, 48
-0.998336, 77, 197, 108, 212
-0.998336, 133, 217, 164, 232
-0.998336, 191, 177, 206, 304
-0.998338, 133, 29, 164, 44
-0.998339, 409, 147, 440, 162
-0.998365, 161, 241, 224, 256
-0.998365, 369, 331, 432, 346
-0.998368, 177, 209, 192, 336
-0.998368, 153, 25, 184, 40
-0.998369, 189, 167, 220, 182
-0.998369, 129, 225, 192, 240
-0.998371, 123, 1, 138, 128
-0.998371, 425, 131, 456, 146
-0.998374, 153, 209, 184, 224
-0.998379, 337, 287, 368, 302
-0.998379, 369, 163, 400, 178
-0.998383, 27, 33, 42, 160
-0.998383, 177, 207, 208, 222
-0.998386, 65, 213, 96, 228
-0.998386, 169, 207, 232, 222
-0.99839, 475, 81, 490, 208
-0.998393, 49, 235, 112, 250
-0.998394, 297, 227, 328, 242
-0.998396, 221, 11, 252, 26
-0.9984, 193, 29, 320, 60
-0.998402, 201, 175, 232, 190
-0.998405, 387, 97, 402, 224
-0.998406, 273, 255, 304, 270
-0.998412, 209, 221, 272, 236
-0.998416, 241, 199, 304, 214
-0.998417, 161, 9, 224, 24
-0.998419, 233, 191, 296, 206
-0.99842, 121, 231, 184, 246
-0.998424, 169, 263, 200, 278
-0.998426, 209, 215, 272, 230
-0.998428, 185, 199, 248, 214
-0.998428, 49, 5, 176, 36
-0.998429, 201, 1, 264, 16
-0.998429, 113, 217, 144, 232
-0.998431, 401, 97, 432, 352
-0.998432, 235, 177, 250, 304
-0.998432, 49, 227, 112, 242
-0.998432, 181, 99, 212, 114
-0.998435, 73, 237, 104, 252
-0.998437, 169, 189, 200, 204
-0.998439, 241, 255, 304, 270
-0.99844, 137, 13, 200, 28
-0.998441, 341, 247, 372, 262
-0.998443, 241, 205, 304, 220
-0.998444, 89, 235, 152, 250
-0.998445, 65, 29, 128, 44
-0.998447, 57, 241, 120, 256
-0.99845, 153, 191, 216, 206
-0.998451, 177, 247, 240, 262
-0.998452, 113, 19, 176, 34
-0.998453, 289, 259, 352, 274
-0.998453, 161, 253, 224, 268
-0.998453, 81, 193, 144, 208
-0.998454, 57, 219, 120, 234
-0.998455, 101, 23, 132, 38
-0.998455, 95, 225, 110, 352
-0.998456, 257, 235, 320, 250
-0.998456, 101, 17, 116, 144
-0.998456, 349, 225, 364, 352
-0.998458, 297, 239, 328, 254
-0.998459, 89, 221, 152, 236
-0.998461, 297, 237, 360, 252
-0.998462, 185, 237, 248, 252
-0.998463, 241, 213, 304, 228
-0.998463, 185, 189, 248, 204
-0.998464, 485, 97, 500, 224
-0.998465, 201, 15, 232, 30
-0.998465, 153, 233, 216, 248
-0.998467, 217, 209, 280, 224
-0.998467, 121, 217, 184, 232
-0.998471, 213, 237, 244, 252
-0.998472, 9, 41, 72, 56
-0.998472, 257, 221, 288, 236
-0.998477, 81, 179, 144, 194
-0.998477, 81, 241, 144, 256
-0.998479, 89, 23, 152, 38
-0.998479, 41, 35, 104, 50
-0.998479, 153, 79, 216, 94
-0.99848, 209, 197, 272, 212
-0.99848, 233, 229, 296, 244
-0.998481, 21, 33, 36, 160
-0.998482, 181, 19, 212, 34
-0.998483, 393, 137, 456, 152
-0.998483, 161, 185, 224, 200
-0.998483, 297, 251, 360, 266
-0.998483, 101, 175, 132, 190
-0.998485, 233, 221, 296, 236
-0.998486, 121, 237, 184, 252
-0.998486, 377, 147, 440, 162
-0.998487, 145, 89, 208, 104
-0.998489, 167, 177, 182, 304
-0.998489, 257, 229, 320, 244
-0.998489, 325, 239, 356, 254
-0.99849, 113, 195, 176, 210
-0.99849, 81, 123, 144, 138
-0.998491, 385, 341, 416, 356
-0.998492, 325, 245, 356, 260
-0.998492, 417, 131, 480, 146
-0.998492, 273, 91, 336, 106
-0.998492, 9, 49, 72, 64
-0.998496, 89, 227, 152, 242
-0.998497, 169, 221, 232, 236
-0.998497, 25, 133, 88, 148
-0.998498, 161, 109, 224, 124
-0.998498, 297, 231, 360, 246
-0.998499, 241, 221, 272, 236
-0.998499, 153, 197, 216, 212
-0.998499, 361, 177, 424, 192
-0.998499, 73, 263, 136, 278
-0.998499, 161, 97, 224, 112
-0.9985, 51, 17, 66, 144
-0.9985, 297, 245, 360, 260
-0.998503, 353, 169, 416, 184
-0.998503, 169, 179, 232, 194
-0.998505, 161, 227, 224, 242
-0.998505, 177, 265, 240, 280
-0.998505, 71, 193, 86, 320
-0.998505, 257, 241, 320, 256
-0.998506, 217, 257, 280, 272
-0.998506, 73, 249, 136, 264
-0.998506, 201, 247, 264, 262
-0.998506, 87, 113, 102, 240
-0.998508, 121, 245, 184, 260
-0.998508, 241, 21, 368, 52
-0.998508, 361, 153, 424, 168
-0.998508, 177, 3, 240, 18
-0.998509, 209, 237, 272, 252
-0.998511, 181, 7, 212, 22
-0.998512, 169, 213, 232, 228
-0.998512, 41, 255, 104, 270
-0.998512, 129, 105, 192, 120
-0.998515, 217, 9, 280, 24
-0.998515, 81, 255, 144, 270
-0.998517, 105, 29, 168, 44
-0.998517, 73, 277, 136, 292
-0.998518, 293, 97, 324, 352
-0.998518, 185, 99, 248, 114
-0.998519, 121, 187, 184, 202
-0.998519, 57, 129, 120, 144
-0.998519, 177, 17, 240, 32
-0.99852, 233, 95, 296, 110
-0.99852, 209, 97, 272, 112
-0.998521, 169, 171, 232, 186
-0.998521, 145, 23, 208, 38
-0.998522, 81, 129, 144, 144
-0.998522, 49, 41, 112, 56
-0.998523, 49, 183, 112, 198
-0.998523, 73, 199, 136, 214
-0.998524, 89, 215, 152, 230
-0.998524, 265, 251, 328, 266
-0.998524, 57, 213, 120, 228
-0.998525, 81, 185, 144, 200
-0.998526, 361, 163, 424, 178
-0.998526, 345, 203, 408, 218
-0.998527, 321, 305, 384, 320
-0.998527, 321, 291, 384, 306
-0.998528, 209, 191, 272, 206
-0.998528, 213, 249, 244, 264
-0.998529, 17, 229, 80, 244
-0.998529, 39, 33, 54, 160
-0.998531, 273, 225, 288, 352
-0.998531, 121, 177, 184, 192
-0.998531, 305, 41, 432, 72
-0.998532, 385, 317, 448, 332
-0.998532, 185, 231, 248, 246
-0.998532, 81, 165, 144, 180
-0.998532, 81, 173, 144, 188
-0.998533, 145, 115, 208, 130
-0.998534, 73, 37, 136, 52
-0.998535, 329, 247, 392, 262
-0.998536, 257, 223, 320, 238
-0.998537, 33, 39, 64, 54
-0.998537, 121, 169, 184, 184
-0.998537, 369, 325, 432, 340
-0.998538, 369, 339, 432, 354
-0.998538, 193, 253, 256, 268
-0.998538, 353, 311, 416, 326
-0.998538, 219, 1, 234, 128
-0.998538, 49, 177, 112, 192
-0.998538, 177, 259, 240, 274
-0.998539, 257, 1, 320, 16
-0.998539, 81, 159, 144, 174
-0.998539, 373, 175, 404, 190
-0.99854, 345, 107, 408, 122
-0.99854, 185, 91, 248, 106
-0.99854, 161, 103, 224, 118
-0.998546, 129, 1, 144, 128
-0.998553, 409, 137, 440, 152
-0.998554, 157, 229, 188, 244
-0.998555, 469, 81, 484, 208
-0.998555, 209, 231, 240, 246
-0.998575, 381, 161, 412, 176
-0.998577, 77, 29, 108, 44
-0.998579, 197, 193, 228, 208
-0.998579, 301, 233, 332, 248
-0.998583, 185, 173, 216, 188
-0.998585, 33, 33, 48, 160
-0.998587, 265, 237, 296, 252
-0.998588, 277, 231, 308, 246
-0.998588, 177, 79, 208, 94
-0.998592, 325, 97, 356, 352
-0.998593, 249, 177, 264, 304
-0.998602, 203, 161, 218, 288
-0.998604, 233, 209, 264, 224
-0.99861, 187, 1, 202, 128
-0.99861, 277, 97, 308, 352
-0.998613, 257, 141, 384, 172
-0.998615, 15, 33, 30, 160
-0.998622, 49, 131, 80, 146
-0.99863, 165, 223, 196, 238
-0.998632, 305, 73, 432, 104
-0.998636, 107, 17, 122, 144
-0.998637, 213, 1, 228, 128
-0.998638, 161, 113, 288, 176
-0.998645, 133, 231, 164, 246
-0.998648, 129, 161, 384, 224
-0.998656, 49, 35, 80, 50
-0.998665, 165, 87, 196, 102
-0.998669, 189, 199, 220, 214
-0.99867, 89, 27, 120, 42
-0.998672, 17, 43, 48, 58
-0.998683, 205, 1, 220, 128
-0.99869, 209, 1, 240, 16
-0.998691, 359, 241, 374, 362
-0.998692, 117, 1, 132, 128
-0.998694, 93, 17, 108, 144
-0.998704, 227, 1, 242, 128
-0.998707, 57, 227, 88, 242
-0.998708, 337, 293, 368, 308
-0.998709, 125, 209, 140, 336
-0.998709, 37, 97, 68, 352
-0.998711, 403, 97, 418, 224
-0.998711, 243, 177, 258, 304
-0.998712, 463, 81, 478, 208
-0.998718, 61, 253, 92, 268
-0.99872, 77, 193, 92, 320
-0.998729, 161, 217, 192, 232
-0.998733, 237, 1, 252, 128
-0.998735, 353, 237, 480, 268
-0.998741, 189, 239, 220, 254
-0.998749, 81, 113, 96, 240
-0.998753, 313, 97, 344, 352
-0.998762, 59, 17, 74, 144
-0.998763, 253, 253, 284, 268
-0.998765, 165, 195, 196, 210
-0.998765, 45, 17, 60, 144
-0.998767, 113, 223, 144, 238
-0.998771, 197, 3, 228, 18
-0.998771, 389, 147, 420, 162
-0.998771, 267, 225, 282, 352
-0.998772, 71, 33, 86, 160
-0.998774, 365, 161, 380, 288
-0.998782, 93, 113, 108, 240
-0.998787, 89, 221, 120, 236
-0.998787, 177, 97, 192, 224
-0.998792, 169, 183, 200, 198
-0.998795, 251, 225, 266, 352
-0.998795, 225, 253, 256, 268
-0.998801, 149, 215, 180, 230
-0.998808, 65, 209, 80, 336
-0.99881, 65, 31, 96, 46
-0.99882, 233, 215, 264, 230
-0.998835, 373, 145, 388, 272
-0.998839, 159, 1, 174, 128
-0.998846, 137, 1, 152, 128
-0.998847, 337, 281, 368, 296
-0.998848, 457, 97, 472, 224
-0.998852, 243, 1, 258, 128
-0.998852, 209, 209, 224, 336
-0.998852, 93, 243, 124, 258
-0.998853, 1, 101, 128, 132
-0.998853, 253, 207, 284, 222
-0.998856, 209, 161, 224, 288
-0.99886, 129, 17, 160, 32
-0.998861, 375, 97, 390, 224
-0.998872, 415, 97, 430, 224
-0.998873, 81, 227, 112, 242
-0.998874, 81, 33, 96, 160
-0.998876, 171, 81, 186, 208
-0.99888, 409, 97, 424, 224
-0.998884, 337, 13, 464, 44
-0.998888, 143, 1, 158, 128
-0.998897, 279, 241, 294, 362
-0.998897, 381, 145, 396, 272
-0.998898, 169, 9, 200, 24
-0.998901, 153, 1, 168, 128
-0.998902, 169, 251, 200, 266
-0.998909, 369, 169, 400, 184
-0.998909, 113, 113, 128, 240
-0.998912, 365, 225, 380, 352
-0.998913, 381, 97, 396, 224
-0.998935, 257, 49, 384, 80
-0.998939, 173, 109, 204, 124
-0.99894, 221, 213, 252, 228
-0.998942, 197, 145, 212, 272
-0.998943, 195, 241, 210, 362
-0.998948, 5, 45, 36, 60
-0.998948, 105, 241, 136, 256
-0.998956, 87, 33, 102, 160
-0.998956, 149, 13, 180, 28
-0.998961, 229, 177, 244, 304
-0.998963, 231, 225, 246, 352
-0.998966, 217, 225, 232, 352
-0.998972, 169, 101, 200, 116
-0.998973, 75, 113, 90, 240
-0.998983, 457, 97, 488, 352
-0.998992, 291, 209, 306, 336
-0.998993, 197, 233, 228, 248
-0.998995, 125, 97, 140, 224
-0.998997, 169, 177, 200, 192
-0.998998, 285, 241, 300, 362
-0.999, 451, 97, 466, 224
-0.999, 441, 97, 472, 352
-0.999007, 193, 245, 224, 260
-0.999012, 187, 113, 202, 240
-0.999013, 257, 225, 272, 352
-0.999016, 173, 241, 204, 256
-0.999019, 65, 17, 80, 144
-0.999019, 9, 33, 24, 160
-0.999022, 119, 241, 134, 362
-0.999027, 167, 17, 182, 144
-0.99903, 249, 227, 280, 242
-0.999031, 289, 17, 416, 48
-0.999039, 145, 41, 272, 72
-0.999043, 97, 177, 112, 304
-0.99905, 113, 21, 144, 36
-0.99905, 183, 225, 198, 352
-0.999052, 213, 197, 244, 212
-0.999053, 1, 33, 16, 160
-0.999054, 469, 97, 500, 352
-0.999056, 185, 259, 216, 274
-0.999058, 87, 241, 102, 362
-0.999066, 397, 139, 428, 154
-0.999067, 169, 229, 200, 244
-0.999067, 249, 1, 264, 128
-0.999067, 193, 33, 208, 160
-0.999076, 17, 17, 144, 48
-0.999082, 241, 169, 368, 200
-0.99909, 425, 97, 440, 224
-0.999093, 165, 81, 180, 208
-0.999097, 177, 49, 192, 176
-0.999101, 241, 203, 272, 218
-0.999106, 115, 65, 130, 192
-0.999119, 357, 97, 372, 224
-0.999121, 309, 193, 324, 320
-0.999123, 113, 225, 128, 352
-0.999146, 187, 65, 202, 192
-0.999151, 249, 213, 280, 228
-0.999158, 369, 305, 496, 336
-0.999158, 199, 1, 214, 128
-0.999166, 241, 121, 368, 152
-0.999171, 103, 225, 118, 352
-0.999175, 65, 219, 96, 234
-0.999181, 369, 97, 384, 224
-0.999182, 237, 193, 268, 208
-0.999186, 193, 81, 208, 208
-0.999187, 245, 225, 260, 352
-0.999205, 413, 97, 444, 352
-0.99921, 381, 1, 396, 128
-0.99921, 301, 225, 316, 352
-0.999214, 101, 97, 116, 224
-0.999224, 431, 81, 446, 208
-0.999225, 123, 49, 138, 176
-0.999231, 355, 193, 370, 320
-0.999234, 237, 225, 252, 352
-0.999241, 387, 145, 402, 272
-0.999255, 133, 97, 164, 352
-0.999264, 133, 223, 164, 238
-0.999273, 181, 265, 212, 280
-0.999302, 1, 97, 32, 352
-0.999306, 21, 97, 52, 352
-0.999322, 425, 97, 456, 352
-0.999331, 265, 231, 296, 246
-0.999385, 229, 221, 260, 236
-0.999389, 265, 209, 296, 224
-0.999395, 169, 257, 200, 272
-0.999397, 385, 331, 416, 346
-0.999421, 209, 225, 240, 240
-0.999438, 165, 209, 196, 224
-0.999496, 205, 243, 236, 258
-0.999535, 221, 203, 252, 218
-0.999582, 217, 219, 248, 234
-0.999658, 261, 195, 292, 210
-0.99966, 227, 251, 242, 266
-0.99966, 123, 217, 138, 232
-0.99966, 143, 17, 158, 32
-0.999661, 199, 267, 214, 282
-0.999661, 171, 87, 186, 102
-0.999661, 377, 149, 392, 164
-0.999662, 381, 165, 396, 180
-0.999662, 43, 39, 58, 54
-0.999662, 233, 219, 248, 234
-0.999662, 285, 233, 300, 248
-0.999662, 421, 135, 436, 150
-0.999663, 371, 167, 386, 182
-0.999663, 413, 147, 428, 162
-0.999663, 205, 265, 220, 280
-0.999664, 135, 19, 150, 34
-0.999664, 249, 213, 264, 228
-0.999664, 79, 31, 94, 46
-0.999665, 231, 237, 246, 252
-0.999665, 219, 201, 234, 216
-0.999665, 265, 199, 280, 214
-0.999666, 187, 109, 202, 124
-0.999667, 71, 33, 86, 48
-0.999667, 149, 225, 164, 240
-0.999667, 261, 205, 276, 220
-0.999667, 215, 1, 230, 16
-0.999668, 89, 277, 104, 292
-0.999668, 325, 245, 340, 260
-0.999668, 337, 239, 352, 254
-0.999669, 181, 99, 196, 114
-0.999669, 165, 229, 180, 244
-0.999669, 241, 207, 256, 222
-0.99967, 137, 223, 152, 238
-0.99967, 313, 229, 328, 244
-0.999671, 125, 21, 140, 36
-0.999671, 209, 237, 224, 252
-0.999672, 167, 109, 182, 124
-0.999672, 253, 219, 268, 234
-0.999672, 207, 201, 222, 216
-0.999673, 175, 259, 190, 274
-0.999673, 307, 237, 322, 252
-0.999673, 305, 227, 320, 242
-0.999673, 387, 331, 402, 346
-0.999674, 397, 143, 412, 158
-0.999674, 403, 147, 418, 162
-0.999674, 73, 255, 88, 270
-0.999675, 221, 245, 236, 260
-0.999676, 15, 45, 30, 60
-0.999677, 311, 243, 326, 258
-0.999677, 273, 229, 288, 244
-0.999677, 135, 231, 150, 246
-0.999678, 415, 137, 430, 152
-0.999678, 111, 239, 126, 254
-0.999678, 85, 229, 100, 244
-0.999678, 25, 43, 40, 58
-0.999679, 69, 213, 84, 228
-0.99968, 327, 239, 342, 254
-0.99968, 187, 103, 202, 118
-0.999681, 339, 291, 354, 306
-0.999681, 385, 159, 400, 174
-0.999682, 255, 213, 270, 228
-0.999683, 263, 241, 278, 256
-0.999683, 217, 207, 232, 222
-0.999684, 173, 243, 188, 258
-0.999684, 379, 171, 394, 186
-0.999685, 109, 25, 124, 40
-0.999685, 195, 245, 210, 260
-0.999685, 173, 235, 204, 250
-0.999685, 215, 245, 230, 260
-0.999686, 251, 193, 266, 208
-0.999686, 185, 233, 216, 248
-0.999687, 215, 173, 230, 188
-0.999687, 335, 247, 350, 262
-0.999688, 291, 235, 306, 250
-0.999688, 169, 213, 184, 228
-0.999689, 317, 243, 332, 258
-0.99969, 173, 105, 188, 120
-0.999691, 115, 23, 130, 38
-0.999692, 273, 235, 288, 250
-0.999695, 185, 267, 200, 282
-0.999696, 267, 231, 282, 246
-0.9997, 91, 177, 106, 192
-0.999701, 223, 235, 238, 250
-0.999701, 249, 205, 264, 220
-0.999704, 215, 235, 230, 250
-0.999704, 273, 197, 288, 212
-0.999706, 253, 189, 284, 204
-0.999706, 209, 251, 224, 266
-0.999706, 205, 243, 220, 258
-0.999706, 239, 217, 254, 232
-0.999708, 175, 229, 190, 244
-0.999708, 175, 253, 190, 268
-0.999708, 247, 219, 262, 234
-0.999708, 281, 203, 296, 218
-0.999709, 177, 203, 192, 218
-0.99971, 181, 173, 196, 188
-0.999711, 255, 205, 270, 220
-0.999711, 227, 213, 242, 228
-0.999712, 175, 99, 190, 114
-0.999714, 181, 251, 196, 266
-0.999714, 169, 207, 184, 222
-0.999715, 401, 333, 432, 348
-0.999717, 117, 241, 132, 256
-0.999718, 159, 223, 174, 238
-0.999718, 393, 329, 408, 344
-0.999719, 143, 225, 158, 240
-0.99972, 181, 233, 196, 248
-0.999723, 413, 333, 428, 348
-0.999724, 165, 223, 180, 238
-0.999724, 101, 235, 116, 250
-0.999725, 267, 205, 282, 220
-0.999726, 219, 213, 234, 228
-0.999731, 115, 247, 130, 262
-0.999733, 177, 209, 192, 224
-0.999734, 279, 229, 294, 244
-0.999734, 317, 237, 332, 252
-0.999736, 225, 219, 240, 234
-0.999737, 257, 227, 272, 242
-0.999739, 373, 327, 404, 342
-0.99974, 231, 201, 246, 216
-0.999744, 409, 137, 424, 152
-0.999744, 223, 225, 238, 240
-0.999749, 263, 187, 278, 202
-0.999753, 95, 235, 110, 250
-0.999755, 187, 233, 202, 248
-0.999756, 217, 221, 232, 236
-0.999765, 213, 227, 228, 242
-0.999767, 195, 237, 210, 252
-0.99977, 171, 221, 186, 236
-0.999772, 175, 215, 190, 230
-0.999775, 265, 201, 296, 216
-0.999776, 105, 243, 120, 258
-0.999777, 203, 237, 218, 252
-0.99978, 403, 141, 418, 156
-0.999791, 253, 201, 284, 216
-0.999796, 81, 297, 208, 360
-0.999813, 275, 191, 290, 206
-0.99982, 379, 327, 394, 342
-0.999825, 259, 199, 274, 214
-0.999968, 89, 235, 120, 250
-1.00017, 153, 223, 184, 238
-1.0003, 353, 273, 480, 336
-1.0004, 129, 289, 384, 352
-1.0005, 209, 297, 336, 360
-1.00063, 209, 113, 336, 176
-1.00299, 161, 297, 288, 360
