1965
-0.414158, 1, 129, 500, 374
-0.4877, 129, 1, 384, 374
-0.540273, 1, 1, 500, 374
-0.590062, 1, 33, 500, 288
-0.618162, 129, 97, 384, 352
-0.649355, 225, 1, 480, 374
-0.649435, 257, 129, 500, 374
-0.681539, 1, 129, 256, 374
-0.695632, 33, 1, 288, 374
-0.720217, 161, 1, 416, 256
-0.826923, 257, 1, 500, 256
-0.856778, 1, 129, 128, 374
-0.870316, 273, 129, 400, 374
-0.872916, 1, 33, 256, 288
-0.873217, 1, 241, 500, 368
-0.875828, 225, 1, 352, 374
-0.878474, 257, 1, 384, 256
-0.884627, 337, 129, 464, 374
-0.885358, 129, 129, 256, 374
-0.886194, 1, 177, 500, 304
-0.896075, 225, 97, 352, 352
-0.899018, 145, 1, 272, 374
-0.900132, 97, 193, 352, 320
-0.900256, 177, 65, 304, 320
-0.906242, 81, 129, 208, 374
-0.907243, 1, 129, 500, 256
-0.907672, 65, 241, 320, 368
-0.918068, 225, 225, 480, 352
-0.920809, 1, 241, 128, 368
-0.921657, 9, 241, 72, 368
-0.922949, 257, 161, 500, 288
-0.923976, 369, 1, 496, 374
-0.925905, 129, 129, 384, 256
-0.927204, 1, 193, 256, 320
-0.930426, 305, 33, 432, 288
-0.931291, 33, 193, 160, 320
-0.932812, 113, 241, 240, 368
-0.934117, 305, 1, 432, 374
-0.936701, 113, 193, 240, 320
-0.936756, 97, 1, 224, 374
-0.937636, 113, 241, 176, 368
-0.938449, 49, 241, 176, 368
-0.939949, 337, 225, 464, 352
-0.94112, 33, 145, 288, 272
-0.941218, 9, 257, 72, 320
-0.941765, 33, 1, 160, 374
-0.943262, 1, 65, 500, 192
-0.943565, 305, 177, 432, 304
-0.94408, 161, 225, 288, 352
-0.9441, 137, 241, 200, 368
-0.944273, 273, 241, 400, 368
-0.944875, 49, 33, 176, 288
-0.945183, 161, 81, 416, 208
-0.945637, 153, 193, 216, 320
-0.947618, 113, 145, 240, 272
-0.948295, 385, 193, 448, 320
-0.949131, 97, 193, 160, 320
-0.950027, 305, 129, 432, 256
-0.950346, 105, 265, 168, 328
-0.950896, 1, 145, 128, 272
-0.951572, 129, 33, 256, 288
-0.951604, 385, 241, 448, 368
-0.951674, 161, 129, 224, 256
-0.952237, 233, 305, 296, 368
-0.952491, 193, 177, 256, 304
-0.952594, 409, 225, 472, 352
-0.954299, 401, 273, 464, 336
-0.954357, 9, 289, 72, 352
-0.954577, 9, 161, 72, 288
-0.954785, 321, 113, 384, 240
-0.95515, 177, 177, 304, 304
-0.955294, 345, 177, 408, 304
-0.955306, 121, 177, 184, 304
-0.956063, 353, 33, 480, 288
-0.956095, 281, 209, 344, 336
-0.956858, 225, 193, 352, 320
-0.956992, 113, 185, 176, 248
-0.957157, 225, 1, 352, 128
-0.957972, 33, 193, 96, 320
-0.958355, 345, 225, 408, 352
-0.958505, 49, 241, 112, 368
-0.958785, 209, 241, 272, 368
-0.958804, 89, 241, 152, 368
-0.958851, 321, 193, 384, 320
-0.958967, 433, 225, 496, 352
-0.959003, 113, 241, 176, 304
-0.960057, 177, 241, 240, 368
-0.960241, 193, 1, 448, 128
-0.960406, 233, 241, 296, 368
-0.96044, 1, 17, 500, 144
-0.960846, 9, 313, 72, 374
-0.96087, 225, 81, 352, 208
-0.961283, 17, 113, 80, 240
-0.961493, 225, 241, 352, 368
-0.961626, 369, 289, 432, 352
-0.961922, 161, 113, 288, 240
-0.962223, 353, 177, 480, 304
-0.962804, 297, 161, 360, 288
-0.962817, 225, 129, 352, 256
-0.962883, 65, 145, 192, 272
-0.963134, 305, 241, 368, 368
-0.963434, 1, 257, 128, 320
-0.964192, 153, 225, 216, 288
-0.964263, 193, 185, 256, 248
-0.964305, 177, 33, 304, 160
-0.964354, 73, 177, 136, 304
-0.964596, 17, 177, 80, 240
-0.964907, 17, 241, 48, 368
-0.965117, 385, 233, 448, 296
-0.965299, 225, 113, 288, 240
-0.965869, 433, 305, 496, 368
-0.965953, 217, 161, 280, 288
-0.965953, 329, 209, 392, 272
-0.965953, 193, 265, 256, 328
-0.966025, 161, 177, 224, 240
-0.966409, 49, 265, 176, 328
-0.966421, 137, 129, 200, 256
-0.966443, 369, 201, 432, 264
-0.966603, 417, 249, 480, 312
-0.966685, 161, 265, 224, 328
-0.96671, 265, 97, 328, 224
-0.966811, 129, 273, 192, 336
-0.967045, 113, 297, 176, 360
-0.967103, 257, 1, 320, 128
-0.967206, 313, 137, 376, 200
-0.967228, 145, 273, 272, 336
-0.967378, 185, 217, 248, 280
-0.967472, 161, 201, 224, 264
-0.96753, 249, 193, 312, 320
-0.967808, 257, 313, 320, 374
-0.96781, 345, 177, 408, 240
-0.967921, 73, 265, 136, 328
-0.967953, 33, 241, 64, 368
-0.968238, 1, 97, 256, 224
-0.968784, 97, 1, 352, 128
-0.96908, 49, 265, 112, 328
-0.969227, 313, 281, 376, 344
-0.969379, 225, 313, 352, 374
-0.969454, 249, 49, 312, 176
-0.969463, 337, 289, 464, 352
-0.9695, 233, 281, 296, 344
-0.969709, 129, 241, 256, 304
-0.96987, 129, 161, 192, 224
-0.969986, 281, 289, 344, 352
-0.970026, 417, 177, 480, 304
-0.97008, 141, 241, 172, 368
-0.970319, 41, 313, 104, 374
-0.970373, 97, 265, 224, 328
-0.970539, 393, 313, 456, 374
-0.970669, 345, 313, 408, 374
-0.971275, 137, 249, 200, 312
-0.971541, 9, 129, 72, 374
-0.971613, 33, 289, 160, 352
-0.971632, 337, 313, 464, 374
-0.971638, 249, 145, 312, 272
-0.971682, 225, 1, 288, 128
-0.971799, 273, 289, 400, 352
-0.971943, 65, 241, 192, 304
-0.972044, 113, 201, 240, 264
-0.972077, 153, 137, 216, 200
-0.972098, 193, 257, 320, 320
-0.972099, 305, 185, 368, 248
-0.972365, 321, 217, 448, 280
-0.97241, 361, 225, 424, 288
-0.972555, 257, 241, 320, 368
-0.972777, 177, 241, 240, 304
-0.972833, 281, 233, 344, 296
-0.972968, 409, 225, 472, 288
-0.973039, 345, 113, 408, 240
-0.973222, 97, 217, 160, 280
-0.973357, 377, 145, 440, 272
-0.973642, 241, 257, 304, 320
-0.973737, 225, 49, 288, 176
-0.973883, 257, 1, 320, 64
-0.973907, 209, 241, 272, 304
-0.973995, 369, 129, 496, 256
-0.974168, 289, 1, 352, 128
-0.974292, 1, 313, 128, 374
-0.974356, 425, 273, 488, 336
-0.974498, 33, 97, 160, 224
-0.974609, 257, 49, 500, 176
-0.974779, 281, 209, 344, 272
-0.974786, 185, 113, 248, 240
-0.974788, 305, 193, 432, 256
-0.974794, 121, 241, 152, 368
-0.974905, 273, 1, 400, 128
-0.975064, 209, 305, 272, 368
-0.975115, 345, 265, 408, 328
-0.975325, 257, 113, 500, 240
-0.975563, 81, 177, 208, 240
-0.975589, 1, 33, 128, 288
-0.97568, 337, 289, 400, 352
-0.975709, 289, 137, 416, 200
-0.975763, 161, 97, 224, 352
-0.975793, 41, 241, 104, 304
-0.975945, 137, 185, 200, 248
-0.976022, 33, 49, 288, 176
-0.976046, 289, 113, 352, 240
-0.976158, 157, 193, 188, 320
-0.976189, 89, 241, 152, 304
-0.976229, 201, 177, 232, 304
-0.97633, 1, 185, 128, 248
-0.976358, 281, 313, 344, 374
-0.976521, 313, 129, 376, 374
-0.976571, 65, 289, 128, 352
-0.976585, 117, 193, 148, 320
-0.976672, 377, 265, 440, 328
-0.976714, 9, 121, 72, 184
-0.97673, 65, 177, 128, 240
-0.976771, 65, 201, 192, 264
-0.976871, 181, 193, 212, 320
-0.976977, 177, 153, 240, 216
-0.976984, 65, 241, 128, 304
-0.977262, 121, 265, 152, 328
-0.977263, 109, 265, 140, 328
-0.977446, 13, 257, 44, 320
-0.977467, 433, 217, 496, 280
-0.97751, 89, 297, 152, 360
-0.97755, 225, 1, 352, 64
-0.97763, 133, 265, 164, 328
-0.977633, 449, 305, 480, 368
-0.977649, 113, 129, 176, 256
-0.977664, 33, 257, 64, 320
-0.977682, 105, 161, 168, 224
-0.977694, 17, 153, 80, 216
-0.977749, 73, 209, 136, 272
-0.977791, 177, 201, 304, 264
-0.977831, 1, 233, 64, 296
-0.978243, 241, 313, 272, 374
-0.97831, 29, 97, 60, 224
-0.978313, 145, 145, 272, 208
-0.978416, 225, 1, 288, 64
-0.978469, 201, 201, 232, 264
-0.978503, 433, 273, 464, 336
-0.978548, 177, 305, 304, 368
-0.978679, 265, 97, 328, 160
-0.978723, 369, 217, 496, 280
-0.978725, 369, 265, 496, 328
-0.978742, 257, 289, 320, 352
-0.9788, 217, 217, 280, 280
-0.979063, 225, 145, 288, 208
-0.979184, 225, 65, 288, 320
-0.979237, 257, 209, 320, 272
-0.979259, 153, 241, 184, 368
-0.979266, 321, 113, 384, 176
-0.979279, 273, 241, 304, 368
-0.979295, 361, 145, 392, 272
-0.979296, 273, 161, 336, 288
-0.979314, 305, 217, 368, 280
-0.979391, 249, 41, 312, 104
-0.979401, 297, 1, 360, 256
-0.979494, 17, 161, 144, 224
-0.979515, 1, 201, 64, 264
-0.979582, 249, 73, 312, 136
-0.979645, 53, 177, 84, 304
-0.979666, 13, 177, 44, 304
-0.979666, 325, 193, 356, 320
-0.979699, 269, 313, 300, 374
-0.97977, 273, 313, 400, 374
-0.979888, 369, 313, 432, 374
-0.979943, 169, 209, 200, 336
-0.979961, 321, 161, 384, 224
-0.979995, 145, 177, 176, 304
-0.980004, 213, 177, 244, 304
-0.980012, 225, 57, 288, 120
-0.980056, 225, 97, 288, 160
-0.980109, 273, 225, 400, 288
-0.980257, 25, 121, 56, 184
-0.980299, 129, 297, 256, 360
-0.980321, 109, 241, 140, 368
-0.980352, 321, 113, 352, 240
-0.980389, 185, 297, 248, 360
-0.980435, 389, 177, 420, 304
-0.980452, 137, 129, 200, 374
-0.98057, 105, 177, 136, 304
-0.980587, 165, 129, 196, 256
-0.980661, 289, 209, 320, 336
-0.980698, 41, 289, 104, 352
-0.980747, 177, 225, 208, 288
-0.980934, 289, 161, 416, 224
-0.980967, 129, 233, 160, 296
-0.98097, 265, 33, 328, 288
-0.980982, 369, 129, 432, 374
-0.981018, 145, 177, 272, 240
-0.981024, 217, 177, 280, 240
-0.981028, 313, 161, 344, 288
-0.981046, 145, 257, 176, 320
-0.981088, 193, 225, 224, 288
-0.981147, 321, 257, 384, 320
-0.981249, 185, 201, 216, 264
-0.981299, 461, 241, 492, 368
-0.981357, 241, 185, 368, 248
-0.981366, 337, 241, 464, 304
-0.981366, 201, 257, 232, 320
-0.981414, 389, 193, 420, 256
-0.981418, 449, 241, 480, 368
-0.981512, 305, 81, 432, 208
-0.981519, 1, 233, 128, 296
-0.981554, 249, 17, 280, 144
-0.98156, 369, 201, 400, 264
-0.981562, 141, 161, 172, 224
-0.981577, 225, 33, 288, 96
-0.981595, 1, 1, 256, 128
-0.981686, 109, 169, 140, 232
-0.981706, 289, 265, 416, 328
-0.981755, 165, 225, 196, 288
-0.981854, 217, 121, 280, 184
-0.981957, 369, 193, 496, 256
-0.982066, 281, 313, 312, 374
-0.982118, 1, 261, 64, 292
-0.982122, 345, 153, 408, 216
-0.982151, 369, 177, 432, 240
-0.98219, 393, 201, 456, 264
-0.982197, 129, 217, 192, 280
-0.98221, 33, 129, 96, 374
-0.982323, 237, 241, 268, 368
-0.982354, 273, 257, 336, 320
-0.982426, 117, 193, 148, 256
-0.982485, 289, 129, 352, 374
-0.982542, 433, 241, 464, 368
-0.982553, 369, 289, 400, 352
-0.982584, 153, 289, 216, 352
-0.982586, 193, 65, 256, 192
-0.982611, 249, 1, 280, 64
-0.982619, 1, 313, 32, 374
-0.982631, 37, 169, 68, 232
-0.982672, 257, 305, 288, 368
-0.98268, 117, 297, 148, 360
-0.982688, 217, 265, 248, 328
-0.982712, 265, 161, 328, 224
-0.982759, 321, 129, 352, 192
-0.982805, 213, 185, 244, 248
-0.982848, 377, 177, 408, 304
-0.982869, 149, 233, 180, 296
-0.982891, 417, 225, 448, 288
-0.982902, 97, 257, 128, 320
-0.982919, 345, 129, 408, 374
-0.982928, 177, 1, 304, 64
-0.982973, 129, 297, 160, 360
-0.982989, 225, 233, 352, 296
-0.983023, 189, 113, 220, 240
-0.983024, 49, 313, 176, 374
-0.983064, 409, 241, 440, 368
-0.98308, 313, 1, 376, 128
-0.983133, 37, 121, 68, 184
-0.983152, 249, 137, 312, 200
-0.983229, 157, 145, 188, 208
-0.98324, 209, 241, 240, 368
-0.983271, 225, 233, 256, 296
-0.983284, 145, 297, 176, 360
-0.983301, 225, 209, 256, 336
-0.983312, 393, 241, 424, 304
-0.983361, 357, 193, 388, 256
-0.983368, 177, 233, 304, 296
-0.983386, 129, 193, 160, 320
-0.983387, 421, 313, 452, 374
-0.983394, 57, 129, 120, 256
-0.983462, 405, 233, 436, 296
-0.983532, 5, 241, 36, 368
-0.983579, 409, 265, 440, 328
-0.983595, 321, 313, 384, 374
-0.983604, 373, 225, 404, 288
-0.983604, 453, 281, 484, 344
-0.983639, 25, 217, 88, 280
-0.98367, 225, 289, 352, 352
-0.98368, 385, 281, 416, 344
-0.983752, 25, 169, 56, 232
-0.983787, 177, 97, 304, 160
-0.983802, 205, 233, 236, 296
-0.983815, 1, 193, 32, 320
-0.983854, 361, 169, 392, 232
-0.98386, 253, 113, 284, 240
-0.983862, 97, 153, 224, 216
-0.983881, 321, 1, 384, 256
-0.984025, 397, 289, 428, 352
-0.98405, 249, 65, 280, 192
-0.98407, 113, 97, 240, 224
-0.984073, 421, 281, 452, 344
-0.984074, 289, 17, 352, 80
-0.984076, 421, 209, 452, 336
-0.984124, 429, 249, 460, 312
-0.984153, 249, 25, 280, 88
-0.984181, 57, 241, 88, 368
-0.984197, 289, 209, 320, 272
-0.984205, 13, 305, 44, 368
-0.984215, 253, 105, 284, 168
-0.984217, 333, 201, 364, 264
-0.984223, 229, 273, 260, 336
-0.984231, 297, 161, 360, 224
-0.98426, 109, 241, 140, 304
-0.98426, 241, 273, 272, 336
-0.984288, 249, 49, 280, 112
-0.984289, 321, 9, 384, 72
-0.98429, 281, 49, 344, 176
-0.984303, 173, 249, 204, 312
-0.984349, 53, 185, 84, 248
-0.984354, 433, 305, 464, 368
-0.984356, 177, 33, 304, 96
-0.984409, 157, 273, 188, 336
-0.984443, 241, 233, 304, 296
-0.984449, 185, 129, 248, 374
-0.984519, 37, 145, 68, 208
-0.984525, 417, 193, 480, 256
-0.98453, 297, 257, 360, 320
-0.984547, 389, 217, 420, 280
-0.984548, 81, 289, 208, 352
-0.984568, 401, 193, 432, 320
-0.984607, 361, 145, 392, 208
-0.984612, 465, 281, 496, 344
-0.984646, 105, 297, 136, 360
-0.984653, 105, 209, 136, 272
-0.984663, 153, 81, 216, 208
-0.984665, 53, 313, 84, 374
-0.984671, 317, 177, 348, 240
-0.984779, 289, 289, 320, 352
-0.984801, 369, 97, 432, 224
-0.984805, 449, 233, 480, 296
-0.984877, 353, 289, 384, 352
-0.984882, 373, 225, 404, 352
-0.984904, 281, 185, 344, 248
-0.984918, 129, 177, 160, 240
-0.984959, 173, 185, 204, 248
-0.984977, 189, 265, 220, 328
-0.984987, 417, 129, 480, 256
-0.985005, 145, 185, 176, 248
-0.98505, 457, 257, 488, 320
-0.985071, 289, 121, 352, 184
-0.985074, 225, 105, 352, 168
-0.985098, 273, 289, 304, 352
-0.985105, 345, 121, 408, 184
-0.985253, 33, 137, 160, 200
-0.985275, 169, 129, 200, 192
-0.985289, 225, 209, 352, 272
-0.985293, 9, 317, 72, 348
-0.98532, 249, 73, 280, 136
-0.985324, 221, 297, 252, 360
-0.985339, 461, 209, 492, 272
-0.985397, 409, 129, 472, 374
-0.985413, 97, 241, 128, 368
-0.98543, 249, 129, 312, 374
-0.98544, 193, 241, 224, 368
-0.985507, 465, 305, 496, 368
-0.985569, 357, 217, 388, 280
-0.985587, 161, 121, 288, 184
-0.985589, 177, 57, 304, 120
-0.985592, 345, 185, 376, 248
-0.985647, 1, 209, 128, 272
-0.985697, 225, 161, 352, 224
-0.98574, 201, 153, 264, 216
-0.98575, 225, 25, 352, 88
-0.985905, 241, 317, 304, 348
-0.985909, 445, 257, 476, 320
-0.985932, 241, 97, 272, 160
-0.985957, 373, 177, 404, 240
-0.985968, 409, 289, 440, 352
-0.986082, 253, 129, 284, 192
-0.986144, 13, 185, 44, 248
-0.986148, 1, 233, 32, 296
-0.986178, 401, 201, 432, 264
-0.986187, 241, 169, 304, 232
-0.986199, 333, 273, 364, 336
-0.986202, 357, 313, 388, 374
-0.986216, 17, 345, 80, 374
-0.986264, 41, 193, 104, 256
-0.9863, 337, 193, 368, 320
-0.986319, 85, 257, 116, 320
-0.986407, 9, 305, 72, 336
-0.986428, 337, 233, 400, 296
-0.98648, 53, 273, 84, 336
-0.986497, 261, 1, 292, 64
-0.986499, 337, 121, 368, 184
-0.986539, 177, 113, 208, 240
-0.986541, 353, 257, 384, 320
-0.986553, 53, 241, 84, 304
-0.986559, 153, 209, 184, 272
-0.986603, 201, 345, 264, 374
-0.986639, 201, 177, 232, 240
-0.986686, 181, 129, 212, 192
-0.986692, 13, 233, 44, 296
-0.986702, 37, 313, 68, 374
-0.986722, 321, 221, 384, 252
-0.986732, 189, 153, 220, 216
-0.986769, 353, 121, 384, 184
-0.986781, 25, 145, 56, 208
-0.986889, 177, 121, 240, 184
-0.986963, 113, 277, 176, 308
-0.986989, 309, 225, 340, 352
-0.987015, 345, 209, 376, 272
-0.987016, 253, 249, 284, 312
-0.987025, 393, 241, 424, 368
-0.987029, 269, 217, 300, 280
-0.987045, 253, 281, 284, 344
-0.987117, 9, 293, 72, 324
-0.987128, 241, 169, 272, 232
-0.987141, 321, 153, 352, 216
-0.987179, 161, 249, 192, 312
-0.987186, 309, 233, 340, 296
-0.987191, 369, 137, 432, 200
-0.987247, 301, 1, 332, 64
-0.987271, 241, 257, 368, 320
-0.987275, 225, 177, 256, 240
-0.987281, 409, 313, 440, 374
-0.987288, 277, 257, 308, 320
-0.987346, 265, 333, 328, 364
-0.987363, 9, 281, 72, 312
-0.987399, 181, 241, 212, 368
-0.987452, 309, 129, 340, 192
-0.98751, 313, 281, 344, 344
-0.987561, 249, 345, 312, 374
-0.987672, 241, 129, 368, 192
-0.98771, 417, 281, 480, 312
-0.987711, 313, 65, 376, 192
-0.987745, 261, 241, 292, 368
-0.987784, 225, 337, 288, 368
-0.98789, 105, 129, 168, 374
-0.987938, 45, 113, 76, 240
-0.988018, 185, 33, 248, 288
-0.988053, 237, 193, 268, 320
-0.988072, 65, 129, 128, 374
-0.988111, 129, 185, 192, 216
-0.988114, 161, 277, 224, 308
-0.988175, 225, 1, 288, 374
-0.988192, 97, 257, 160, 288
-0.988208, 145, 313, 208, 374
-0.988296, 445, 193, 476, 320
-0.988305, 121, 257, 184, 288
-0.988306, 97, 265, 352, 328
-0.988322, 161, 265, 224, 296
-0.98833, 37, 161, 68, 288
-0.98834, 249, 225, 280, 352
-0.988402, 185, 265, 248, 296
-0.988454, 305, 113, 432, 176
-0.988503, 409, 233, 472, 264
-0.988586, 105, 173, 168, 204
-0.988651, 17, 181, 80, 212
-0.988717, 333, 241, 364, 368
-0.98876, 301, 145, 332, 272
-0.9888, 85, 241, 116, 368
-0.988806, 361, 301, 424, 332
-0.988831, 257, 289, 500, 352
-0.988888, 9, 329, 72, 360
-0.988897, 145, 233, 208, 264
-0.98891, 97, 49, 224, 176
-0.988956, 161, 189, 224, 220
-0.989011, 225, 161, 256, 288
-0.98906, 33, 289, 288, 352
-0.989084, 57, 153, 120, 216
-0.989097, 225, 313, 480, 374
-0.989131, 393, 285, 456, 316
-0.98914, 89, 185, 152, 248
-0.98914, 1, 305, 500, 368
-0.989142, 313, 133, 376, 164
-0.989159, 257, 1, 320, 374
-0.989164, 161, 209, 224, 240
-0.989216, 41, 337, 104, 368
-0.989229, 17, 113, 48, 240
-0.989301, 377, 221, 440, 252
-0.98933, 25, 161, 56, 288
-0.989399, 117, 145, 148, 272
-0.989399, 349, 177, 380, 304
-0.989516, 49, 273, 112, 304
-0.989518, 361, 193, 392, 320
-0.989543, 321, 1, 352, 128
-0.989594, 145, 245, 208, 276
-0.989602, 1, 281, 500, 344
-0.98964, 161, 345, 224, 374
-0.989647, 201, 17, 264, 144
-0.989653, 169, 233, 232, 264
-0.989682, 385, 237, 448, 268
-0.989745, 353, 81, 480, 208
-0.989749, 401, 333, 464, 364
-0.989757, 373, 129, 404, 256
-0.98984, 333, 129, 364, 256
-0.989911, 305, 209, 368, 240
-0.990044, 209, 265, 272, 296
-0.990088, 261, 1, 292, 128
-0.990097, 113, 301, 176, 332
-0.990114, 137, 269, 200, 300
-0.990139, 433, 249, 496, 280
-0.990178, 65, 225, 320, 288
-0.990213, 225, 73, 352, 136
-0.990231, 241, 113, 272, 240
-0.990231, 349, 129, 380, 256
-0.990237, 193, 249, 448, 312
-0.990277, 161, 221, 224, 252
-0.990318, 201, 193, 264, 224
-0.99033, 113, 197, 176, 228
-0.990336, 433, 129, 496, 374
-0.990374, 465, 193, 496, 320
-0.990529, 425, 341, 488, 372
-0.990614, 281, 217, 344, 248
-0.99064, 33, 313, 288, 374
-0.990766, 425, 325, 488, 356
-0.990775, 345, 285, 408, 316
-0.990858, 185, 221, 248, 252
-0.990885, 253, 177, 284, 304
-0.990907, 201, 129, 232, 256
-0.990938, 261, 65, 292, 192
-0.990939, 33, 209, 96, 240
-0.990958, 185, 277, 248, 308
-0.990966, 289, 1, 416, 64
-0.991062, 73, 341, 136, 372
-0.991079, 345, 193, 408, 224
-0.991079, 49, 325, 112, 356
-0.991089, 305, 1, 336, 128
-0.991089, 33, 177, 288, 240
-0.991096, 289, 1, 352, 374
-0.991097, 393, 317, 456, 348
-0.991108, 417, 261, 480, 292
-0.99113, 161, 185, 416, 248
-0.991131, 305, 281, 368, 312
-0.991147, 369, 161, 496, 224
-0.991178, 49, 285, 112, 316
-0.991226, 33, 113, 96, 176
-0.991232, 369, 277, 432, 308
-0.991236, 1, 257, 500, 320
-0.991289, 193, 209, 256, 240
-0.991306, 345, 221, 408, 252
-0.991343, 281, 233, 344, 264
-0.991346, 153, 129, 184, 256
-0.99136, 353, 129, 480, 192
-0.991399, 425, 313, 488, 344
-0.99141, 225, 49, 352, 112
-0.991455, 141, 129, 172, 256
-0.991549, 369, 345, 432, 374
-0.991558, 145, 293, 208, 324
-0.99157, 177, 253, 240, 284
-0.99158, 329, 209, 392, 240
-0.991581, 193, 217, 448, 280
-0.991601, 45, 241, 76, 368
-0.991605, 265, 17, 328, 48
-0.991611, 9, 169, 72, 200
-0.991681, 41, 261, 104, 292
-0.991696, 1, 185, 500, 248
-0.991703, 249, 5, 312, 36
-0.991739, 65, 201, 320, 264
-0.991743, 89, 277, 152, 308
-0.99177, 161, 133, 224, 164
-0.991808, 177, 173, 240, 204
-0.991855, 81, 293, 144, 324
-0.991879, 113, 245, 176, 276
-0.991899, 49, 301, 112, 332
-0.991902, 201, 73, 264, 136
-0.991926, 337, 233, 400, 264
-0.991941, 321, 241, 352, 368
-0.991986, 13, 261, 44, 292
-0.992011, 169, 1, 232, 374
-0.992012, 73, 265, 136, 296
-0.992059, 137, 345, 200, 374
-0.99212, 1, 209, 64, 240
-0.992121, 1, 257, 256, 320
-0.992122, 433, 277, 464, 308
-0.992149, 289, 97, 352, 160
-0.992169, 33, 261, 64, 292
-0.992206, 225, 345, 256, 374
-0.992211, 453, 317, 484, 348
-0.992249, 129, 129, 384, 192
-0.992252, 313, 145, 376, 176
-0.992305, 433, 297, 496, 328
-0.992315, 197, 261, 228, 292
-0.992335, 209, 277, 272, 308
-0.992343, 1, 261, 128, 292
-0.992379, 65, 193, 96, 320
-0.992404, 321, 197, 384, 228
-0.992414, 49, 217, 112, 280
-0.992458, 313, 121, 376, 152
-0.992462, 149, 265, 180, 296
-0.992464, 377, 333, 440, 364
-0.992473, 137, 181, 168, 212
-0.992477, 177, 265, 208, 296
-0.992488, 225, 177, 288, 208
-0.992491, 21, 341, 52, 372
-0.992497, 1, 233, 500, 296
-0.992502, 197, 225, 228, 256
-0.992519, 137, 169, 200, 200
-0.992523, 393, 269, 456, 300
-0.992571, 241, 289, 304, 320
-0.992572, 217, 325, 280, 356
-0.992578, 177, 225, 208, 256
-0.9926, 185, 97, 248, 160
-0.992612, 153, 149, 216, 180
-0.992632, 137, 257, 168, 288
-0.992641, 273, 345, 336, 374
-0.992645, 361, 209, 424, 240
-0.992662, 101, 261, 132, 292
-0.992674, 73, 209, 136, 240
-0.992698, 417, 233, 448, 264
-0.992714, 225, 89, 288, 120
-0.992715, 289, 1, 352, 32
-0.992724, 209, 337, 336, 368
-0.992735, 33, 249, 96, 280
-0.992743, 41, 81, 104, 208
-0.992759, 37, 345, 68, 374
-0.992769, 109, 173, 140, 204
-0.992771, 261, 341, 292, 372
-0.992782, 165, 265, 196, 296
-0.992784, 125, 257, 156, 288
-0.992786, 37, 169, 68, 200
-0.992791, 273, 333, 304, 364
-0.992797, 281, 293, 344, 324
-0.992798, 201, 181, 264, 212
-0.992805, 325, 129, 356, 160
-0.99281, 369, 305, 400, 336
-0.992824, 269, 177, 300, 304
-0.992828, 257, 213, 320, 244
-0.992832, 29, 117, 60, 148
-0.992846, 241, 229, 304, 260
-0.992856, 289, 213, 320, 244
-0.992863, 121, 229, 184, 260
-0.992878, 253, 313, 284, 344
-0.992881, 345, 181, 408, 212
-0.992891, 17, 33, 80, 288
-0.992892, 97, 265, 224, 296
-0.992892, 25, 129, 56, 160
-0.992896, 201, 213, 232, 244
-0.992922, 97, 1, 224, 128
-0.992925, 241, 321, 272, 352
-0.992952, 113, 129, 176, 192
-0.992963, 405, 289, 436, 320
-0.992965, 145, 297, 176, 328
-0.992967, 313, 165, 376, 196
-0.992968, 225, 73, 288, 104
-0.992978, 165, 229, 196, 260
-0.992979, 361, 225, 392, 256
-0.992983, 385, 297, 448, 328
-0.99299, 337, 345, 400, 374
-0.993002, 237, 333, 268, 364
-0.993004, 249, 57, 312, 88
-0.993004, 249, 101, 312, 132
-0.993016, 249, 33, 312, 64
-0.993021, 113, 265, 144, 296
-0.993022, 373, 233, 404, 264
-0.993032, 413, 333, 444, 364
-0.993034, 73, 245, 136, 276
-0.993045, 33, 285, 160, 316
-0.993046, 389, 197, 420, 228
-0.993051, 1, 333, 32, 364
-0.993061, 225, 249, 288, 280
-0.993062, 385, 297, 416, 328
-0.993065, 17, 1, 80, 374
-0.993067, 225, 61, 288, 92
-0.993074, 421, 281, 452, 312
-0.993076, 249, 45, 312, 76
-0.993082, 97, 277, 224, 308
-0.993091, 393, 225, 424, 256
-0.993097, 213, 345, 244, 374
-0.993103, 233, 273, 296, 304
-0.993106, 337, 205, 368, 236
-0.993111, 65, 189, 128, 220
-0.993121, 301, 97, 332, 224
-0.993125, 269, 313, 300, 344
-0.993128, 425, 313, 456, 344
-0.99314, 97, 225, 160, 256
-0.993145, 81, 129, 208, 192
-0.993148, 213, 265, 244, 296
-0.993157, 225, 101, 288, 132
-0.993177, 49, 313, 112, 344
-0.993191, 361, 233, 424, 264
-0.993192, 285, 333, 316, 364
-0.993194, 25, 173, 56, 204
-0.993195, 353, 297, 480, 328
-0.993221, 145, 265, 272, 296
-0.993225, 193, 241, 256, 272
-0.993229, 129, 301, 160, 332
-0.993232, 221, 185, 252, 216
-0.993238, 225, 17, 288, 48
-0.993241, 309, 209, 340, 240
-0.993242, 345, 125, 408, 156
-0.993243, 249, 1, 280, 32
-0.993251, 441, 325, 472, 356
-0.99326, 165, 277, 196, 308
-0.993271, 201, 277, 232, 308
-0.993276, 249, 77, 312, 108
-0.993279, 145, 277, 176, 308
-0.99328, 201, 345, 232, 374
-0.993282, 185, 205, 216, 236
-0.993286, 369, 321, 432, 352
-0.993286, 193, 41, 256, 104
-0.993289, 253, 121, 284, 152
-0.993291, 241, 113, 304, 144
-0.993293, 65, 313, 128, 374
-0.993305, 1, 273, 128, 304
-0.993317, 117, 301, 148, 332
-0.993325, 117, 197, 148, 228
-0.993329, 465, 305, 496, 336
-0.993331, 201, 1, 264, 374
-0.993337, 117, 277, 148, 308
-0.993341, 49, 337, 80, 368
-0.993344, 321, 161, 352, 192
-0.993348, 105, 297, 136, 328
-0.993348, 405, 237, 436, 268
-0.993354, 349, 221, 380, 252
-0.993371, 249, 13, 280, 44
-0.993402, 17, 257, 32, 320
-0.993404, 249, 25, 280, 56
-0.993405, 213, 129, 244, 256
-0.993406, 133, 277, 164, 308
-0.993407, 249, 49, 280, 80
-0.99343, 353, 293, 384, 324
-0.993432, 445, 273, 476, 304
-0.993447, 113, 253, 144, 284
-0.993455, 101, 273, 132, 304
-0.993459, 385, 237, 416, 268
-0.993468, 425, 329, 456, 360
-0.993482, 393, 277, 424, 308
-0.993486, 169, 133, 200, 164
-0.993494, 269, 129, 300, 256
-0.993496, 249, 37, 280, 68
-0.993498, 453, 289, 484, 320
-0.993515, 209, 201, 240, 232
-0.993523, 13, 325, 44, 356
-0.993523, 157, 245, 188, 276
-0.993525, 141, 169, 172, 200
-0.993541, 249, 345, 280, 374
-0.993548, 189, 273, 220, 304
-0.993549, 225, 281, 256, 312
-0.993555, 321, 181, 352, 212
-0.993558, 249, 61, 280, 92
-0.993565, 377, 217, 408, 248
-0.993575, 121, 81, 184, 208
-0.993577, 381, 281, 412, 312
-0.99358, 321, 141, 352, 172
-0.993582, 137, 241, 168, 272
-0.993587, 369, 1, 432, 374
-0.993591, 185, 129, 216, 160
-0.993597, 177, 345, 208, 374
-0.993603, 57, 325, 88, 356
-0.993607, 165, 213, 196, 244
-0.993609, 225, 265, 256, 296
-0.993612, 333, 217, 364, 248
-0.993613, 41, 209, 72, 240
-0.99362, 189, 345, 220, 374
-0.99362, 249, 73, 280, 104
-0.993621, 417, 265, 448, 296
-0.993633, 313, 1, 376, 374
-0.993634, 217, 225, 248, 256
-0.993635, 81, 129, 144, 256
-0.993637, 213, 237, 244, 268
-0.993643, 401, 169, 464, 232
-0.993643, 353, 209, 384, 240
-0.993655, 333, 277, 364, 308
-0.993657, 1, 321, 32, 352
-0.993659, 53, 201, 84, 232
-0.993659, 153, 161, 184, 192
-0.993663, 57, 309, 88, 340
-0.993672, 461, 305, 476, 368
-0.993672, 289, 225, 320, 256
-0.993678, 123, 265, 138, 328
-0.993689, 365, 289, 396, 320
-0.993695, 337, 129, 368, 160
-0.993709, 361, 153, 392, 184
-0.993711, 165, 189, 196, 220
-0.993711, 177, 277, 208, 308
-0.99372, 289, 237, 320, 268
-0.993732, 449, 261, 480, 292
-0.993739, 49, 257, 176, 288
-0.993741, 139, 265, 154, 328
-0.993742, 445, 305, 476, 336
-0.993744, 305, 129, 336, 160
-0.993748, 457, 213, 488, 244
-0.993757, 361, 177, 392, 208
-0.993758, 249, 85, 280, 116
-0.993772, 313, 21, 344, 52
-0.993775, 17, 117, 48, 148
-0.993814, 161, 277, 288, 308
-0.993817, 145, 265, 160, 328
-0.99391, 345, 33, 408, 288
-0.993913, 33, 297, 160, 328
-0.993938, 117, 265, 132, 328
-0.993939, 97, 153, 352, 216
-0.993982, 289, 281, 416, 312
-0.993985, 45, 257, 60, 320
-0.993989, 131, 265, 146, 328
-0.994005, 49, 273, 176, 304
-0.994029, 193, 161, 448, 224
-0.994034, 289, 221, 416, 252
-0.994088, 193, 17, 256, 80
-0.994105, 65, 345, 192, 374
-0.994115, 369, 33, 432, 288
-0.99416, 425, 1, 488, 374
-0.99419, 283, 313, 298, 374
-0.994211, 1, 341, 128, 372
-0.994242, 73, 241, 104, 368
-0.994281, 1, 161, 500, 224
-0.994301, 65, 1, 128, 374
-0.994368, 345, 241, 376, 368
-0.994454, 243, 313, 258, 374
-0.994543, 145, 333, 272, 364
-0.994559, 1, 209, 500, 272
-0.994596, 111, 265, 126, 328
-0.994619, 129, 313, 384, 374
-0.994629, 1, 325, 128, 356
-0.994637, 129, 289, 256, 320
-0.994652, 81, 193, 208, 224
-0.994658, 337, 321, 464, 352
-0.994699, 257, 329, 384, 360
-0.994711, 289, 313, 304, 374
-0.994734, 151, 273, 166, 336
-0.994744, 321, 337, 448, 368
-0.994752, 337, 309, 464, 340
-0.994779, 401, 1, 464, 374
-0.994786, 325, 129, 340, 192
-0.994803, 209, 317, 336, 348
-0.994818, 145, 205, 272, 236
-0.994823, 199, 201, 214, 264
-0.994824, 129, 241, 256, 272
-0.994857, 261, 1, 276, 64
-0.99486, 129, 345, 256, 374
-0.994868, 225, 1, 352, 32
-0.994898, 145, 17, 208, 144
-0.994931, 65, 205, 192, 236
-0.994943, 113, 217, 240, 248
-0.994955, 409, 145, 440, 272
-0.994956, 31, 113, 46, 176
-0.994987, 195, 225, 210, 288
-0.994995, 161, 105, 416, 168
-0.995001, 263, 113, 278, 176
-0.995002, 193, 205, 320, 236
-0.99501, 417, 33, 480, 288
-0.995025, 273, 209, 400, 240
-0.995026, 113, 173, 240, 204
-0.995056, 385, 129, 416, 256
-0.995069, 369, 237, 496, 268
-0.995083, 145, 233, 160, 296
-0.995083, 1, 313, 128, 344
-0.995085, 97, 253, 224, 284
-0.995099, 1, 189, 128, 220
-0.995103, 205, 209, 220, 272
-0.995105, 273, 293, 400, 324
-0.995109, 361, 97, 392, 224
-0.995111, 129, 145, 160, 272
-0.995119, 93, 193, 124, 320
-0.995138, 289, 233, 416, 264
-0.995144, 129, 289, 384, 352
-0.99516, 139, 241, 154, 304
-0.995184, 37, 129, 52, 192
-0.995188, 455, 313, 470, 374
-0.995189, 43, 121, 58, 184
-0.995189, 289, 193, 416, 224
-0.995224, 33, 177, 160, 208
-0.995237, 145, 1, 208, 256
-0.995243, 277, 313, 292, 374
-0.995281, 1, 153, 256, 216
-0.99531, 345, 65, 408, 192
-0.995311, 127, 297, 142, 360
-0.995314, 257, 105, 272, 168
-0.995322, 157, 273, 172, 336
-0.995332, 105, 33, 168, 288
-0.995338, 145, 189, 272, 220
-0.995347, 337, 1, 400, 374
-0.995358, 253, 313, 268, 374
-0.995364, 133, 297, 148, 360
-0.995368, 337, 285, 464, 316
-0.99539, 289, 41, 352, 104
-0.995459, 289, 137, 416, 168
-0.995462, 225, 13, 352, 44
-0.995462, 155, 161, 170, 224
-0.995463, 175, 225, 190, 288
-0.995468, 323, 177, 338, 240
-0.995483, 381, 201, 396, 264
-0.995511, 221, 265, 236, 328
-0.995532, 113, 1, 176, 374
-0.995551, 15, 313, 30, 374
-0.995555, 447, 265, 462, 328
-0.995559, 193, 1, 448, 64
-0.995565, 209, 185, 224, 248
-0.995567, 261, 313, 276, 374
-0.995577, 337, 213, 464, 244
-0.995598, 121, 297, 136, 360
-0.99562, 41, 169, 56, 232
-0.995645, 187, 233, 202, 296
-0.995655, 151, 249, 166, 312
-0.995684, 433, 169, 496, 232
-0.995694, 111, 169, 126, 232
-0.995717, 271, 305, 286, 368
-0.995721, 139, 297, 154, 360
-0.995731, 217, 193, 232, 256
-0.995761, 125, 241, 140, 304
-0.995769, 145, 1, 208, 374
-0.99579, 119, 193, 134, 256
-0.995802, 197, 265, 212, 328
-0.995805, 369, 113, 432, 176
-0.995812, 371, 153, 386, 216
-0.995821, 65, 33, 128, 288
-0.995824, 263, 65, 278, 128
-0.995831, 289, 157, 416, 188
-0.995866, 103, 257, 118, 320
-0.99592, 131, 233, 146, 296
-0.99592, 389, 193, 404, 256
-0.995922, 383, 281, 398, 344
-0.995924, 47, 153, 62, 216
-0.995925, 289, 181, 416, 212
-0.995968, 17, 233, 32, 296
-0.995976, 115, 297, 130, 360
-0.996024, 391, 233, 406, 296
-0.996034, 257, 305, 384, 336
-0.996041, 263, 137, 278, 200
-0.996049, 9, 289, 24, 352
-0.996051, 29, 257, 44, 320
-0.996054, 237, 49, 268, 176
-0.996073, 257, 193, 500, 256
-0.996077, 209, 217, 336, 248
-0.996088, 431, 313, 446, 374
-0.996091, 121, 169, 136, 232
-0.996097, 37, 257, 52, 320
-0.996112, 97, 97, 224, 160
-0.996154, 145, 297, 160, 360
-0.996159, 203, 257, 218, 320
-0.996159, 129, 193, 144, 256
-0.996184, 23, 257, 38, 320
-0.996196, 397, 129, 428, 256
-0.996201, 319, 137, 334, 200
-0.996209, 81, 297, 208, 328
-0.996216, 443, 305, 458, 368
-0.996233, 223, 241, 238, 304
-0.996245, 257, 345, 384, 374
-0.996249, 375, 281, 390, 344
-0.996249, 185, 201, 200, 264
-0.99626, 361, 185, 376, 248
-0.996261, 263, 41, 278, 104
-0.996267, 273, 317, 400, 348
-0.996277, 217, 233, 232, 296
-0.996279, 241, 181, 368, 212
-0.996302, 161, 153, 176, 216
-0.996308, 57, 313, 72, 374
-0.996314, 49, 237, 176, 268
-0.996316, 243, 273, 258, 336
-0.996321, 181, 225, 196, 288
-0.996326, 177, 5, 304, 36
-0.99634, 161, 193, 176, 256
-0.996342, 169, 265, 184, 328
-0.996345, 191, 257, 206, 320
-0.99635, 11, 225, 26, 288
-0.996358, 49, 325, 176, 356
-0.996367, 369, 273, 496, 304
-0.996374, 449, 305, 464, 368
-0.996387, 161, 217, 288, 248
-0.996391, 331, 121, 346, 184
-0.996394, 237, 1, 268, 128
-0.996396, 225, 25, 352, 56
-0.996409, 375, 201, 390, 264
-0.99641, 287, 289, 302, 352
-0.996422, 433, 193, 464, 320
-0.99643, 329, 161, 344, 224
-0.996432, 33, 129, 64, 374
-0.996444, 393, 273, 408, 336
-0.996452, 97, 1, 352, 64
-0.99646, 213, 257, 228, 320
-0.996463, 337, 225, 464, 256
-0.996473, 135, 169, 150, 232
-0.996488, 111, 201, 126, 264
-0.996505, 49, 313, 176, 344
-0.996507, 67, 193, 82, 256
-0.996508, 223, 185, 238, 248
-0.996509, 397, 233, 412, 296
-0.996515, 151, 297, 166, 360
-0.99653, 159, 233, 174, 296
-0.996551, 169, 201, 184, 264
-0.996558, 191, 121, 206, 184
-0.996569, 403, 273, 418, 336
-0.996577, 263, 89, 278, 152
-0.996578, 403, 193, 418, 256
-0.99658, 413, 233, 428, 296
-0.996583, 1, 165, 128, 196
-0.996597, 193, 193, 320, 224
-0.996597, 177, 25, 304, 56
-0.9966, 161, 229, 288, 260
-0.996605, 305, 125, 432, 156
-0.996612, 463, 209, 478, 272
-0.996616, 127, 169, 142, 232
-0.996631, 9, 313, 24, 374
-0.996632, 113, 161, 240, 192
-0.996642, 419, 273, 434, 336
-0.996664, 31, 137, 46, 200
-0.99667, 375, 225, 390, 288
-0.996671, 453, 281, 468, 344
-0.996678, 209, 273, 336, 304
-0.996678, 163, 281, 178, 344
-0.996686, 105, 281, 120, 344
-0.996693, 475, 305, 490, 368
-0.996708, 77, 193, 108, 320
-0.99671, 423, 225, 438, 288
-0.996711, 421, 313, 436, 374
-0.996712, 167, 225, 182, 288
-0.996713, 435, 273, 450, 336
-0.996715, 437, 305, 452, 368
-0.996723, 281, 289, 296, 352
-0.996723, 389, 297, 404, 360
-0.996725, 411, 201, 426, 264
-0.996729, 49, 297, 64, 360
-0.996739, 21, 129, 52, 374
-0.996743, 229, 257, 244, 320
-0.996746, 177, 49, 304, 80
-0.996749, 355, 193, 370, 256
-0.996763, 193, 201, 208, 264
-0.996771, 471, 241, 486, 304
-0.996774, 193, 257, 320, 288
-0.99678, 321, 269, 448, 300
-0.996788, 177, 65, 304, 96
-0.996803, 113, 229, 240, 260
-0.996804, 209, 229, 336, 260
-0.996805, 369, 249, 496, 280
-0.996824, 65, 217, 192, 248
-0.996837, 177, 77, 304, 108
-0.996842, 145, 301, 272, 332
-0.996867, 1, 201, 128, 232
-0.996869, 459, 313, 474, 344
-0.996889, 289, 169, 416, 200
-0.996907, 177, 37, 304, 68
-0.996914, 393, 33, 456, 288
-0.996953, 17, 65, 80, 192
-0.996956, 257, 137, 500, 200
-0.996965, 225, 121, 352, 152
-0.996972, 177, 89, 304, 120
-0.996973, 353, 201, 480, 232
-0.996974, 273, 25, 400, 88
-0.996991, 225, 289, 352, 320
-0.996998, 193, 25, 448, 88
-0.997032, 1, 137, 500, 200
-0.997039, 145, 321, 272, 352
-0.997138, 209, 245, 336, 276
-0.997199, 305, 1, 336, 256
-0.997217, 321, 245, 448, 276
-0.997221, 41, 1, 104, 374
-0.997224, 145, 149, 272, 180
-0.997238, 313, 129, 344, 374
-0.997289, 225, 165, 352, 196
-0.997309, 45, 261, 60, 292
-0.997314, 325, 1, 356, 256
-0.997315, 437, 145, 468, 272
-0.997319, 361, 241, 392, 368
-0.997347, 165, 97, 196, 352
-0.997347, 177, 101, 304, 132
-0.997351, 23, 341, 38, 372
-0.997358, 1, 221, 128, 252
-0.997369, 145, 253, 272, 284
-0.997372, 249, 33, 280, 288
-0.9974, 177, 121, 304, 152
-0.997408, 241, 261, 368, 292
-0.997425, 337, 1, 400, 128
-0.997444, 353, 105, 480, 168
-0.997477, 177, 289, 304, 320
-0.997485, 425, 81, 488, 208
-0.997497, 197, 265, 212, 296
-0.997515, 273, 1, 400, 32
-0.997553, 225, 109, 352, 140
-0.997555, 1, 249, 128, 280
-0.997561, 17, 261, 32, 292
-0.997564, 257, 245, 384, 276
-0.997566, 273, 13, 400, 44
-0.997583, 325, 133, 340, 164
-0.997594, 325, 97, 356, 352
-0.997597, 31, 117, 46, 148
-0.997598, 97, 33, 352, 96
-0.9976, 45, 129, 76, 374
-0.997609, 225, 141, 352, 172
-0.997613, 229, 345, 244, 374
-0.997622, 191, 265, 206, 296
-0.997636, 353, 153, 480, 184
-0.997644, 33, 153, 160, 184
-0.997663, 323, 161, 338, 192
-0.997671, 161, 169, 288, 200
-0.997678, 369, 333, 496, 364
-0.997679, 333, 81, 364, 208
-0.997681, 1, 233, 128, 264
-0.997686, 243, 321, 258, 352
-0.997687, 43, 209, 58, 240
-0.99769, 263, 121, 278, 152
-0.997696, 309, 217, 340, 232
-0.997699, 321, 179, 352, 194
-0.997699, 151, 257, 166, 288
-0.997706, 209, 267, 240, 282
-0.997707, 13, 255, 44, 270
-0.99771, 321, 191, 352, 206
-0.99771, 457, 215, 488, 230
-0.997725, 57, 321, 88, 336
-0.997734, 1, 113, 256, 176
-0.997745, 213, 273, 244, 288
-0.997745, 185, 215, 216, 230
-0.997761, 323, 145, 338, 176
-0.997768, 109, 197, 140, 212
-0.997768, 289, 221, 320, 236
-0.99777, 177, 233, 208, 248
-0.997774, 205, 215, 236, 230
-0.997777, 249, 89, 280, 104
-0.997778, 177, 97, 208, 352
-0.99778, 57, 315, 88, 330
-0.997781, 289, 213, 320, 228
-0.997782, 113, 261, 128, 292
-0.997786, 235, 341, 250, 372
-0.997789, 119, 261, 134, 292
-0.997794, 337, 205, 368, 220
-0.997797, 113, 301, 144, 316
-0.997801, 43, 113, 58, 144
-0.997805, 249, 83, 280, 98
-0.997805, 445, 333, 476, 348
-0.997812, 61, 359, 92, 374
-0.997814, 249, 77, 280, 92
-0.997816, 277, 327, 308, 342
-0.997816, 329, 353, 360, 368
-0.997819, 21, 167, 52, 182
-0.997826, 193, 269, 224, 284
-0.99783, 129, 257, 144, 288
-0.997836, 265, 341, 280, 372
-0.997837, 129, 301, 160, 316
-0.997844, 129, 81, 384, 144
-0.997844, 341, 199, 372, 214
-0.997848, 161, 133, 288, 164
-0.997853, 169, 275, 200, 290
-0.997853, 357, 129, 388, 374
-0.997861, 321, 139, 352, 154
-0.997864, 215, 345, 230, 374
-0.997867, 249, 67, 280, 82
-0.997877, 225, 41, 352, 72
-0.997878, 389, 237, 404, 268
-0.997879, 271, 337, 286, 368
-0.997882, 241, 197, 368, 228
-0.997883, 189, 347, 220, 362
-0.997886, 177, 131, 208, 146
-0.997886, 349, 355, 380, 370
-0.997889, 49, 345, 64, 374
-0.99789, 375, 305, 390, 336
-0.997892, 461, 253, 492, 268
-0.997893, 257, 117, 272, 148
-0.997895, 201, 275, 232, 290
-0.997895, 165, 219, 196, 234
-0.997896, 153, 295, 184, 310
-0.997897, 199, 221, 214, 252
-0.997907, 157, 269, 172, 300
-0.997907, 365, 221, 380, 252
-0.997916, 193, 229, 208, 260
-0.997916, 189, 257, 220, 272
-0.997916, 53, 339, 84, 354
-0.997924, 371, 225, 386, 256
-0.997924, 393, 97, 456, 224
-0.997927, 245, 129, 276, 374
-0.99793, 155, 297, 170, 328
-0.997933, 445, 275, 476, 290
-0.997936, 445, 307, 476, 322
-0.997937, 221, 235, 252, 250
-0.997939, 149, 259, 180, 274
-0.997941, 249, 39, 280, 54
-0.997942, 253, 121, 284, 136
-0.997944, 189, 209, 220, 224
-0.997945, 107, 265, 122, 296
-0.997945, 145, 257, 160, 288
-0.997948, 203, 265, 218, 296
-0.997953, 209, 359, 240, 374
-0.997956, 37, 343, 68, 358
-0.997957, 101, 297, 132, 312
-0.997963, 211, 261, 226, 292
-0.997968, 377, 129, 408, 374
-0.997968, 179, 225, 194, 256
-0.997974, 451, 321, 466, 352
-0.997975, 189, 227, 220, 242
-0.997988, 19, 241, 34, 368
-0.997988, 217, 129, 248, 374
-0.997995, 249, 49, 280, 64
-0.997996, 333, 217, 364, 232
-0.997997, 249, 1, 280, 16
-0.997998, 133, 301, 148, 332
-0.997999, 249, 33, 280, 48
-0.998007, 211, 205, 226, 236
-0.998007, 127, 301, 142, 332
-0.998008, 157, 271, 188, 286
-0.99801, 277, 333, 292, 364
-0.998011, 249, 57, 280, 72
-0.99802, 39, 125, 54, 156
-0.998023, 41, 169, 56, 200
-0.998024, 249, 25, 280, 40
-0.99803, 143, 301, 158, 332
-0.99803, 145, 129, 176, 374
-0.998036, 37, 127, 68, 142
-0.998036, 47, 161, 62, 192
-0.998037, 377, 229, 392, 260
-0.998047, 205, 213, 220, 244
-0.998054, 447, 273, 462, 304
-0.998054, 205, 353, 236, 368
-0.998056, 249, 17, 280, 32
-0.998058, 97, 333, 224, 364
-0.99806, 189, 359, 220, 374
-0.998063, 291, 329, 306, 360
-0.998064, 13, 333, 28, 364
-0.99807, 169, 265, 184, 296
-0.99807, 283, 313, 298, 344
-0.998073, 369, 261, 496, 292
-0.998076, 465, 309, 480, 340
-0.998078, 331, 129, 346, 160
-0.998081, 41, 345, 56, 374
-0.998082, 361, 231, 392, 246
-0.998084, 139, 257, 154, 288
-0.998086, 261, 5, 276, 36
-0.998092, 245, 353, 276, 368
-0.998093, 241, 333, 256, 364
-0.998095, 121, 301, 136, 332
-0.998099, 415, 237, 430, 268
-0.998101, 17, 113, 144, 176
-0.998103, 149, 297, 164, 328
-0.998107, 263, 141, 278, 172
-0.998108, 383, 233, 398, 264
-0.998109, 269, 339, 300, 354
-0.998111, 177, 65, 208, 192
-0.998114, 25, 173, 56, 188
-0.998115, 201, 129, 232, 374
-0.99812, 35, 345, 50, 374
-0.998127, 47, 241, 62, 368
-0.998129, 263, 97, 278, 128
-0.998134, 425, 285, 456, 300
-0.998136, 185, 261, 200, 292
-0.998138, 9, 129, 40, 374
-0.99814, 129, 263, 160, 278
-0.998145, 23, 261, 38, 292
-0.998146, 389, 197, 420, 212
-0.998148, 405, 293, 436, 308
-0.998151, 249, 11, 280, 26
-0.998151, 381, 301, 396, 332
-0.998152, 433, 311, 464, 326
-0.998155, 111, 173, 126, 204
-0.998157, 337, 1, 368, 256
-0.998158, 429, 281, 444, 312
-0.998163, 261, 1, 292, 256
-0.998166, 263, 85, 278, 116
-0.99817, 181, 221, 212, 236
-0.998173, 321, 177, 336, 208
-0.998175, 337, 189, 464, 220
-0.998175, 421, 285, 436, 316
-0.998177, 201, 233, 232, 248
-0.998177, 1, 335, 32, 350
-0.99818, 161, 257, 176, 288
-0.998182, 283, 333, 298, 364
-0.998183, 431, 329, 446, 360
-0.998187, 341, 129, 372, 374
-0.998197, 369, 309, 384, 340
-0.998198, 443, 325, 458, 356
-0.998204, 389, 129, 420, 374
-0.998204, 111, 297, 126, 328
-0.998204, 251, 317, 266, 348
-0.998206, 437, 329, 452, 360
-0.99821, 29, 261, 44, 292
-0.998212, 341, 205, 356, 236
-0.998212, 109, 257, 140, 272
-0.998213, 171, 233, 186, 264
-0.998213, 221, 191, 252, 206
-0.998217, 401, 293, 416, 324
-0.99822, 263, 73, 278, 104
-0.998221, 369, 345, 496, 374
-0.998222, 437, 277, 452, 308
-0.998223, 175, 265, 190, 296
-0.998225, 225, 61, 352, 92
-0.998226, 209, 261, 240, 276
-0.998228, 473, 253, 488, 284
-0.998235, 411, 289, 426, 320
-0.998242, 169, 217, 184, 248
-0.998243, 263, 61, 278, 92
-0.998243, 35, 261, 50, 292
-0.998246, 373, 149, 388, 180
-0.998246, 165, 227, 196, 242
-0.998247, 221, 265, 252, 280
-0.998252, 385, 239, 416, 254
-0.998252, 289, 257, 416, 288
-0.998262, 217, 273, 232, 304
-0.998264, 405, 241, 436, 256
-0.998268, 207, 277, 222, 308
-0.998272, 145, 173, 160, 204
-0.998276, 151, 169, 166, 200
-0.998277, 345, 221, 376, 236
-0.998282, 273, 333, 304, 348
-0.998283, 97, 57, 352, 120
-0.998285, 221, 355, 252, 370
-0.998287, 41, 211, 72, 226
-0.99829, 203, 345, 218, 374
-0.99829, 109, 263, 140, 278
-0.998291, 199, 201, 214, 232
-0.998293, 333, 221, 348, 252
-0.998293, 217, 197, 232, 228
-0.998293, 225, 153, 352, 184
-0.998297, 457, 311, 488, 326
-0.998297, 147, 241, 162, 272
-0.998297, 209, 345, 240, 360
-0.9983, 141, 299, 172, 314
-0.9983, 395, 241, 410, 272
-0.998304, 55, 337, 70, 368
-0.998305, 425, 229, 440, 260
-0.998306, 409, 241, 424, 272
-0.998313, 355, 209, 370, 240
-0.998319, 169, 267, 200, 282
-0.998321, 29, 341, 44, 372
-0.998322, 161, 293, 176, 324
-0.998323, 255, 105, 270, 136
-0.998326, 297, 329, 312, 360
-0.998327, 153, 181, 168, 212
-0.99833, 17, 249, 32, 280
-0.998334, 263, 49, 278, 80
-0.998335, 11, 321, 26, 352
-0.998336, 257, 113, 500, 176
-0.998338, 105, 277, 120, 308
-0.998338, 1, 261, 64, 276
-0.998342, 391, 297, 406, 328
-0.998342, 187, 229, 202, 260
-0.998346, 119, 197, 134, 228
-0.998347, 249, 315, 280, 330
-0.998352, 241, 335, 272, 350
-0.998355, 229, 129, 260, 374
-0.998357, 263, 37, 278, 68
-0.99836, 19, 325, 34, 356
-0.998366, 451, 301, 466, 332
-0.998371, 105, 293, 120, 324
-0.998373, 381, 299, 412, 314
-0.998374, 101, 265, 116, 296
-0.998378, 265, 313, 280, 344
-0.998383, 41, 33, 104, 288
-0.998384, 147, 269, 162, 300
-0.998384, 119, 277, 134, 308
-0.998393, 225, 73, 352, 104
-0.998394, 121, 255, 152, 270
-0.998396, 261, 97, 292, 352
-0.998408, 149, 265, 180, 280
-0.998408, 9, 331, 72, 346
-0.99841, 265, 313, 296, 328
-0.998413, 241, 315, 304, 330
-0.998415, 9, 325, 72, 340
-0.998419, 9, 313, 72, 328
-0.998423, 433, 327, 464, 342
-0.998423, 9, 319, 72, 334
-0.998425, 225, 85, 352, 116
-0.998429, 321, 223, 384, 238
-0.998436, 257, 345, 320, 360
-0.99844, 401, 287, 464, 302
-0.99844, 9, 293, 72, 308
-0.99844, 225, 339, 288, 354
-0.998442, 417, 281, 480, 296
-0.998443, 9, 307, 72, 322
-0.998451, 9, 299, 72, 314
-0.998451, 105, 263, 168, 278
-0.998455, 1, 271, 64, 286
-0.998456, 165, 233, 196, 248
-0.998456, 201, 345, 264, 360
-0.998457, 9, 287, 72, 302
-0.998458, 1, 279, 64, 294
-0.998459, 143, 241, 158, 368
-0.998467, 17, 343, 80, 358
-0.998468, 201, 355, 264, 370
-0.998469, 429, 129, 460, 374
-0.998473, 161, 265, 224, 280
-0.998474, 151, 241, 166, 368
-0.998475, 189, 97, 220, 352
-0.998478, 237, 319, 268, 334
-0.998481, 413, 359, 444, 374
-0.998484, 41, 339, 104, 354
-0.998485, 105, 257, 168, 272
-0.998491, 113, 277, 176, 292
-0.998492, 329, 131, 360, 146
-0.998492, 129, 187, 192, 202
-0.998495, 265, 333, 328, 348
-0.998501, 313, 133, 376, 148
-0.998504, 225, 345, 288, 360
-0.998506, 177, 359, 240, 374
-0.998507, 409, 331, 472, 346
-0.998507, 161, 215, 224, 230
-0.998507, 161, 195, 224, 210
-0.998508, 161, 347, 224, 362
-0.998508, 201, 221, 232, 236
-0.998508, 145, 231, 208, 246
-0.998509, 161, 277, 224, 292
-0.998512, 17, 179, 80, 194
-0.998512, 33, 211, 96, 226
-0.998512, 201, 271, 264, 286
-0.998513, 401, 237, 464, 252
-0.998513, 161, 209, 224, 224
-0.998515, 417, 261, 480, 276
-0.998516, 137, 257, 168, 272
-0.998516, 121, 193, 184, 208
-0.998516, 433, 253, 496, 268
-0.998518, 37, 171, 68, 186
-0.998518, 225, 97, 352, 128
-0.998518, 97, 175, 160, 190
-0.998519, 161, 203, 224, 218
-0.998519, 145, 275, 176, 290
-0.998519, 393, 293, 456, 308
-0.998519, 137, 241, 152, 368
-0.99852, 41, 281, 104, 296
-0.998521, 41, 269, 104, 284
-0.998527, 361, 305, 424, 320
-0.998528, 225, 333, 288, 348
-0.998529, 161, 223, 224, 238
-0.998529, 465, 129, 496, 374
-0.998529, 385, 335, 448, 350
-0.99853, 305, 215, 368, 230
-0.99853, 409, 357, 472, 372
-0.99853, 337, 141, 464, 172
-0.99853, 329, 229, 392, 244
-0.998532, 369, 283, 432, 298
-0.998532, 105, 301, 168, 316
-0.998534, 41, 275, 104, 290
-0.998534, 145, 295, 208, 310
-0.998536, 345, 359, 408, 374
-0.998538, 385, 277, 448, 292
-0.998538, 17, 185, 80, 200
-0.998539, 369, 233, 432, 248
-0.998539, 41, 287, 104, 302
-0.99854, 281, 235, 344, 250
-0.99854, 185, 261, 248, 276
-0.99854, 129, 257, 192, 272
-0.99854, 297, 353, 360, 368
-0.998542, 369, 299, 432, 314
-0.998542, 305, 287, 368, 302
-0.998542, 425, 347, 488, 362
-0.998542, 201, 195, 264, 210
-0.998543, 65, 293, 128, 308
-0.998544, 249, 11, 312, 26
-0.998544, 409, 317, 472, 332
-0.998544, 49, 165, 176, 196
-0.998544, 329, 209, 392, 224
-0.998545, 345, 193, 408, 208
-0.998546, 41, 295, 104, 310
-0.998547, 153, 289, 216, 304
-0.998548, 1, 209, 64, 224
-0.99855, 49, 333, 112, 348
-0.998551, 369, 223, 432, 238
-0.998551, 433, 247, 496, 262
-0.998551, 345, 289, 408, 304
-0.998551, 121, 223, 184, 238
-0.998552, 433, 275, 496, 290
-0.998552, 377, 359, 440, 374
-0.998554, 73, 259, 136, 274
-0.998556, 137, 273, 200, 288
-0.998556, 297, 209, 360, 224
-0.998556, 281, 217, 344, 232
-0.998557, 393, 243, 456, 258
-0.998557, 137, 263, 200, 278
-0.998557, 233, 321, 296, 336
-0.998558, 425, 325, 488, 340
-0.998558, 73, 343, 136, 358
-0.998558, 361, 199, 424, 214
-0.998559, 153, 189, 216, 204
-0.99856, 249, 17, 312, 32
-0.998562, 41, 263, 104, 278
-0.998562, 49, 301, 112, 316
-0.998562, 401, 269, 464, 284
-0.998563, 97, 183, 160, 198
-0.998564, 113, 199, 176, 214
-0.998565, 193, 285, 256, 300
-0.998567, 365, 359, 396, 374
-0.998568, 409, 231, 472, 246
-0.99857, 413, 129, 444, 374
-0.998571, 185, 277, 248, 292
-0.998572, 137, 181, 200, 196
-0.998572, 169, 233, 232, 248
-0.998572, 9, 337, 72, 352
-0.998573, 225, 327, 288, 342
-0.998574, 345, 223, 408, 238
-0.998574, 201, 207, 264, 222
-0.998574, 65, 269, 128, 284
-0.998574, 369, 353, 432, 368
-0.998574, 257, 5, 320, 20
-0.998574, 337, 199, 400, 214
-0.998575, 17, 357, 80, 372
-0.998575, 201, 201, 264, 216
-0.998575, 321, 357, 384, 372
-0.998576, 185, 239, 248, 254
-0.998576, 97, 269, 160, 284
-0.998576, 185, 225, 248, 240
-0.998577, 49, 327, 112, 342
-0.998577, 73, 253, 136, 268
-0.998577, 225, 99, 288, 114
-0.998578, 425, 341, 488, 356
-0.998578, 241, 353, 304, 368
-0.998578, 425, 311, 488, 326
-0.998584, 129, 73, 256, 136
-0.998599, 413, 235, 444, 250
-0.998607, 369, 305, 400, 320
-0.998611, 353, 165, 480, 196
-0.99862, 413, 287, 444, 302
-0.998648, 373, 235, 404, 250
-0.99866, 129, 241, 144, 368
-0.998676, 237, 33, 268, 288
-0.998683, 29, 117, 60, 132
-0.998692, 81, 137, 208, 168
-0.998699, 197, 263, 228, 278
-0.998703, 181, 265, 212, 280
-0.998707, 37, 241, 52, 368
-0.998712, 193, 301, 320, 332
-0.998717, 263, 1, 278, 128
-0.998718, 421, 161, 452, 288
-0.998724, 301, 129, 332, 374
-0.998746, 57, 129, 88, 374
-0.998756, 123, 241, 138, 368
-0.998758, 393, 295, 424, 310
-0.998778, 421, 331, 452, 346
-0.998785, 141, 183, 172, 198
-0.998786, 25, 241, 40, 368
-0.998794, 31, 241, 46, 368
-0.998812, 287, 225, 302, 352
-0.998831, 289, 161, 320, 288
-0.998835, 193, 49, 448, 112
-0.998836, 157, 241, 172, 368
-0.998836, 449, 129, 480, 374
-0.99884, 445, 323, 476, 338
-0.998847, 177, 227, 208, 242
-0.998858, 323, 113, 338, 240
-0.998873, 459, 225, 474, 352
-0.998874, 21, 343, 52, 358
-0.998892, 321, 161, 336, 288
-0.998896, 353, 177, 480, 208
-0.998899, 321, 5, 448, 36
-0.998901, 225, 349, 256, 364
-0.998901, 17, 177, 32, 304
-0.998902, 401, 129, 432, 374
-0.998905, 331, 177, 346, 304
-0.998906, 263, 113, 278, 240
-0.998915, 109, 129, 140, 374
-0.998923, 131, 193, 146, 320
-0.998932, 159, 177, 174, 304
-0.998938, 233, 341, 264, 356
-0.99894, 215, 177, 230, 304
-0.998948, 357, 225, 388, 240
-0.998959, 25, 129, 56, 144
-0.998963, 167, 129, 182, 256
-0.998971, 9, 193, 24, 320
-0.998974, 201, 193, 216, 320
-0.998978, 37, 177, 68, 192
-0.998986, 117, 241, 132, 368
-0.999008, 373, 145, 388, 272
-0.999018, 97, 81, 160, 208
-0.999019, 97, 313, 224, 344
-0.999023, 119, 193, 134, 320
-0.999031, 293, 1, 324, 256
-0.999052, 317, 65, 348, 192
-0.999052, 261, 345, 292, 360
-0.999064, 433, 279, 464, 294
-0.999079, 33, 89, 288, 152
-0.99908, 111, 193, 126, 320
-0.99909, 125, 193, 140, 320
-0.999099, 33, 261, 64, 276
-0.999102, 421, 209, 436, 336
-0.999105, 281, 241, 296, 368
-0.99911, 31, 97, 46, 224
-0.999111, 289, 129, 320, 374
-0.999117, 37, 33, 68, 288
-0.999118, 357, 33, 388, 288
-0.999125, 25, 33, 56, 288
-0.999134, 255, 97, 270, 224
-0.999135, 77, 129, 108, 374
-0.999155, 209, 161, 224, 288
-0.99916, 137, 193, 152, 320
-0.999174, 427, 209, 442, 336
-0.999176, 227, 161, 242, 288
-0.999176, 13, 241, 28, 368
-0.999186, 385, 177, 400, 304
-0.999189, 133, 129, 164, 374
-0.999197, 229, 209, 244, 336
-0.999197, 349, 81, 380, 208
-0.999199, 197, 1, 228, 256
-0.999201, 45, 113, 60, 240
-0.999204, 273, 129, 304, 374
-0.999204, 367, 145, 382, 272
-0.999209, 465, 145, 496, 272
-0.999214, 445, 241, 460, 368
-0.999215, 395, 241, 410, 368
-0.99922, 393, 193, 408, 320
-0.999223, 177, 1, 208, 256
-0.999223, 329, 113, 344, 240
-0.999227, 67, 177, 82, 304
-0.999229, 337, 1, 464, 64
-0.999232, 337, 193, 352, 320
-0.999241, 453, 317, 484, 332
-0.999276, 13, 261, 44, 276
-0.999276, 193, 193, 208, 320
-0.999278, 465, 241, 480, 368
-0.999282, 55, 161, 70, 288
-0.999286, 173, 225, 188, 352
-0.999288, 111, 241, 126, 368
-0.999289, 263, 49, 278, 176
-0.999291, 105, 241, 120, 368
-0.999292, 305, 49, 336, 176
-0.999306, 163, 241, 178, 368
-0.999331, 165, 193, 180, 320
-0.999337, 193, 113, 208, 240
-0.999339, 193, 65, 224, 192
-0.999349, 205, 241, 220, 368
-0.999356, 293, 209, 308, 336
-0.999373, 49, 33, 80, 288
-0.999375, 373, 33, 404, 288
-0.999398, 183, 193, 198, 320
-0.999413, 23, 177, 38, 304
-0.999418, 221, 177, 236, 304
-0.999431, 7, 241, 22, 368
-0.999436, 199, 241, 214, 368
-0.999437, 401, 241, 416, 368
-0.999447, 239, 193, 254, 320
-0.999448, 89, 1, 152, 374
-0.999449, 213, 241, 228, 368
-0.999454, 379, 161, 394, 288
-0.999466, 191, 241, 206, 368
-0.999477, 313, 241, 328, 368
-0.999494, 257, 49, 272, 176
-0.999497, 397, 33, 428, 288
-0.999497, 217, 33, 248, 288
-0.99951, 179, 241, 194, 368
-0.999513, 237, 241, 252, 368
-0.999532, 389, 241, 404, 368
-0.999543, 43, 193, 58, 320
-0.999547, 305, 241, 320, 368
-0.99956, 275, 241, 290, 368
-0.999564, 343, 193, 358, 320
-0.99957, 467, 193, 482, 320
-0.999583, 159, 129, 174, 256
-0.999584, 439, 241, 454, 368
-0.999589, 321, 33, 448, 160
-0.999594, 323, 225, 338, 352
-0.999596, 401, 177, 416, 304
-0.999599, 299, 241, 314, 368
-0.999601, 113, 145, 128, 272
-0.999605, 453, 225, 468, 352
-0.999606, 469, 213, 484, 228
-0.999606, 163, 265, 178, 280
-0.999607, 145, 299, 160, 314
-0.999607, 153, 177, 168, 304
-0.999607, 289, 327, 304, 342
-0.999608, 115, 299, 130, 314
-0.999608, 427, 353, 442, 368
-0.999609, 263, 71, 278, 86
-0.999609, 173, 269, 188, 284
-0.99961, 37, 261, 52, 276
-0.99961, 337, 219, 352, 234
-0.999611, 135, 275, 150, 290
-0.999611, 395, 195, 410, 210
-0.999611, 455, 319, 470, 334
-0.999612, 379, 359, 394, 374
-0.999612, 263, 57, 278, 72
-0.999613, 343, 199, 358, 214
-0.999614, 259, 1, 274, 16
-0.999614, 29, 261, 44, 276
-0.999614, 109, 297, 124, 312
-0.999614, 201, 359, 216, 374
-0.999614, 151, 299, 166, 314
-0.999614, 431, 333, 446, 348
-0.999614, 323, 159, 338, 174
-0.999614, 283, 315, 298, 330
-0.999614, 263, 95, 278, 110
-0.999615, 175, 233, 190, 248
-0.999616, 263, 63, 278, 78
-0.999617, 263, 83, 278, 98
-0.999617, 13, 335, 28, 350
-0.999618, 43, 343, 58, 358
-0.999618, 187, 113, 202, 240
-0.999619, 151, 265, 166, 280
-0.999619, 249, 355, 264, 370
-0.999619, 181, 227, 196, 242
-0.99962, 205, 217, 220, 232
-0.99962, 199, 261, 214, 276
-0.99962, 121, 97, 152, 352
-0.99962, 119, 197, 134, 212
-0.999621, 225, 263, 240, 278
-0.999621, 263, 89, 278, 104
-0.999621, 263, 77, 278, 92
-0.999621, 321, 185, 336, 200
-0.999621, 207, 259, 222, 274
-0.999622, 401, 243, 416, 258
-0.999622, 37, 211, 52, 226
-0.999622, 255, 117, 270, 132
-0.999623, 263, 101, 278, 116
-0.999623, 209, 209, 224, 224
-0.999623, 261, 345, 276, 360
-0.999624, 357, 221, 372, 236
-0.999625, 35, 343, 50, 358
-0.999626, 105, 193, 120, 320
-0.999626, 305, 193, 320, 320
-0.999626, 263, 109, 278, 124
-0.999627, 325, 141, 340, 156
-0.999627, 103, 267, 118, 282
-0.999627, 111, 257, 126, 272
-0.999628, 227, 351, 242, 366
-0.999628, 323, 153, 338, 168
-0.999628, 33, 171, 48, 186
-0.999628, 473, 253, 488, 268
-0.999629, 9, 33, 40, 288
-0.999629, 117, 257, 132, 272
-0.999629, 211, 267, 226, 282
-0.999631, 133, 261, 148, 276
-0.999631, 373, 153, 388, 168
-0.999632, 421, 233, 436, 248
-0.999632, 219, 241, 234, 368
-0.999633, 43, 117, 58, 132
-0.999633, 261, 9, 276, 24
-0.999633, 249, 225, 264, 352
-0.999633, 169, 235, 184, 250
-0.999633, 273, 335, 288, 350
-0.999633, 29, 343, 44, 358
-0.999634, 195, 227, 210, 242
-0.999634, 263, 141, 278, 156
-0.999635, 263, 127, 278, 142
-0.999635, 197, 267, 212, 282
-0.999638, 253, 317, 268, 332
-0.999638, 129, 255, 144, 270
-0.999638, 191, 261, 206, 276
-0.999638, 157, 297, 172, 312
-0.999638, 377, 303, 392, 318
-0.999639, 439, 277, 454, 292
-0.99964, 89, 129, 120, 374
-0.999641, 433, 225, 448, 352
-0.999641, 201, 223, 216, 238
-0.999641, 395, 241, 410, 256
-0.999641, 173, 113, 188, 240
-0.999642, 21, 261, 36, 276
-0.999643, 149, 257, 164, 272
-0.999643, 321, 179, 336, 194
-0.999645, 41, 169, 56, 184
-0.999645, 387, 299, 402, 314
-0.999647, 213, 261, 228, 276
-0.999647, 447, 323, 462, 338
-0.999647, 403, 293, 418, 308
-0.999648, 433, 281, 448, 296
-0.999648, 37, 97, 52, 224
-0.999648, 397, 295, 412, 310
-0.999649, 407, 241, 422, 256
-0.999649, 49, 343, 64, 358
-0.99965, 373, 359, 388, 374
-0.99965, 123, 255, 138, 270
-0.99965, 31, 125, 46, 140
-0.99965, 115, 263, 130, 278
-0.99965, 465, 311, 480, 326
-0.99965, 417, 287, 432, 302
-0.99965, 47, 171, 62, 186
-0.999651, 445, 273, 460, 288
-0.999651, 417, 359, 432, 374
-0.999651, 427, 283, 442, 298
-0.999653, 231, 345, 246, 360
-0.999654, 323, 147, 338, 162
-0.999657, 139, 255, 154, 270
-0.999658, 415, 237, 430, 252
-0.999658, 267, 241, 282, 368
-0.999662, 109, 263, 124, 278
-0.999663, 371, 307, 386, 322
-0.999663, 409, 291, 424, 306
-0.999665, 317, 113, 332, 240
-0.999665, 323, 165, 338, 180
-0.999666, 239, 339, 254, 354
-0.999668, 41, 175, 56, 190
-0.999668, 267, 341, 282, 356
-0.999669, 437, 329, 452, 344
-0.99967, 381, 233, 396, 248
-0.999672, 425, 359, 440, 374
-0.999673, 273, 33, 304, 288
-0.999679, 389, 237, 404, 252
-0.999683, 39, 127, 54, 142
-0.999683, 327, 133, 342, 148
-0.999684, 263, 121, 278, 136
-0.999684, 375, 229, 390, 244
-0.999685, 217, 345, 232, 360
-0.999685, 363, 223, 378, 238
-0.999688, 241, 321, 256, 336
-0.999688, 157, 1, 188, 256
-0.999688, 29, 117, 44, 132
-0.999691, 185, 241, 200, 368
-0.999696, 1, 113, 500, 176
-0.999698, 383, 225, 398, 352
-0.9997, 361, 1, 424, 128
-0.999701, 407, 177, 422, 304
-0.999703, 415, 209, 430, 336
-0.999704, 15, 259, 30, 274
-0.999704, 369, 225, 384, 240
-0.999706, 377, 209, 392, 336
-0.999707, 477, 225, 492, 352
-0.99971, 23, 341, 38, 356
-0.999719, 121, 145, 136, 272
-0.999719, 97, 241, 112, 368
-0.99972, 129, 145, 144, 272
-0.999722, 143, 177, 158, 304
-0.999723, 349, 209, 364, 336
-0.999725, 409, 241, 424, 368
-0.999728, 43, 211, 58, 226
-0.999729, 45, 261, 60, 276
-0.999734, 335, 129, 350, 256
-0.999735, 299, 193, 314, 320
-0.999762, 145, 33, 176, 288
-0.999766, 199, 113, 214, 240
-0.999778, 233, 161, 248, 288
-0.999785, 459, 313, 474, 328
-0.999815, 375, 97, 390, 224
-0.99982, 359, 145, 374, 272
-0.999823, 171, 177, 186, 304
-0.99983, 471, 241, 486, 368
-0.999841, 129, 49, 256, 112
-0.999841, 325, 1, 340, 128
-0.999861, 343, 241, 358, 368
-0.999867, 269, 65, 284, 192
-0.999869, 329, 225, 344, 352
-0.999869, 225, 113, 256, 240
-0.999887, 257, 241, 272, 368
-0.999891, 315, 161, 330, 288
-0.999892, 365, 193, 380, 320
-0.999895, 409, 1, 440, 256
-0.999906, 59, 241, 74, 368
-0.999909, 429, 33, 460, 288
-0.999909, 263, 161, 278, 288
-0.99992, 179, 113, 194, 240
-0.99993, 243, 241, 258, 368
-0.999982, 461, 33, 492, 288
-0.999991, 133, 33, 164, 288
-1.00001, 449, 33, 480, 288
-1.00003, 385, 33, 416, 288
-1.00005, 129, 17, 256, 80
-1.00013, 293, 1, 324, 128
-1.00016, 257, 73, 500, 136
-1.0002, 401, 49, 464, 176
-1.00021, 69, 33, 100, 288
-1.00023, 109, 33, 140, 288
-1.00025, 93, 33, 124, 288
-1.00028, 1, 1, 256, 64
-1.00031, 1, 33, 256, 96
-1.00037, 1, 57, 256, 120
-1.00043, 121, 1, 152, 256
-1.00053, 273, 89, 400, 152
-1.0006, 81, 33, 112, 288
-1.00066, 73, 145, 104, 272
-1.00085, 333, 1, 364, 128
-1.00109, 49, 65, 80, 192
-1.00118, 169, 1, 232, 128
-1.00134, 121, 33, 184, 160
-1.00144, 89, 129, 120, 256
-1.0015, 1, 1, 500, 64
-1.00167, 1, 1, 64, 128
-1.00178, 369, 49, 432, 176
-1.00189, 25, 49, 56, 176
-1.00191, 5, 81, 36, 208
-1.00215, 57, 113, 88, 240
-1.00222, 369, 81, 496, 144
-1.00231, 105, 129, 136, 256
-1.00234, 373, 81, 404, 208
-1.00242, 1, 89, 500, 152
-1.00247, 161, 81, 192, 208
-1.00262, 289, 49, 416, 112
-1.00274, 81, 1, 208, 64
-1.00298, 449, 145, 480, 272
-1.00299, 369, 33, 496, 160
-1.00336, 81, 25, 208, 88
-1.00337, 33, 89, 160, 152
-1.00342, 41, 33, 104, 160
-1.00369, 33, 49, 160, 176
-1.00384, 177, 1, 208, 128
-1.00398, 421, 113, 452, 240
-1.004, 433, 33, 496, 160
-1.00404, 37, 49, 68, 176
-1.00409, 1, 25, 500, 88
-1.00411, 409, 1, 472, 128
-1.00412, 1, 145, 32, 272
-1.00425, 353, 41, 480, 104
-1.00427, 273, 65, 304, 192
-1.00435, 1, 49, 500, 112
-1.00464, 273, 17, 304, 144
-1.00467, 81, 73, 208, 136
-1.00474, 81, 49, 208, 112
-1.00479, 453, 97, 484, 224
-1.00481, 345, 1, 376, 128
-1.00514, 321, 81, 448, 144
-1.00517, 1, 1, 128, 128
-1.006, 385, 1, 448, 128
-1.0062, 1, 65, 128, 128
-1.00639, 65, 65, 128, 192
-1.00691, 1, 41, 128, 104
-1.00709, 17, 17, 144, 80
-1.00734, 65, 17, 128, 144
-1.00734, 89, 33, 152, 160
-1.0117, 49, 1, 176, 128
