1974
-0.448759, 1, 129, 500, 375
-0.559364, 1, 1, 500, 375
-0.560774, 1, 33, 500, 288
-0.568254, 193, 1, 448, 375
-0.596867, 129, 129, 384, 375
-0.678717, 33, 1, 288, 375
-0.758307, 225, 129, 480, 375
-0.8028, 193, 33, 448, 288
-0.818473, 33, 97, 288, 352
-0.837118, 33, 1, 288, 256
-0.846559, 161, 129, 288, 375
-0.874329, 209, 129, 336, 375
-0.882867, 1, 209, 500, 336
-0.889844, 193, 1, 320, 375
-0.900109, 97, 209, 352, 336
-0.900593, 1, 161, 500, 288
-0.90186, 113, 129, 240, 375
-0.904263, 241, 1, 368, 375
-0.90623, 193, 209, 448, 336
-0.911814, 145, 1, 272, 375
-0.913294, 273, 129, 400, 375
-0.913696, 65, 1, 192, 375
-0.914778, 337, 129, 464, 375
-0.917683, 193, 33, 320, 288
-0.91783, 129, 161, 384, 288
-0.918457, 65, 97, 192, 352
-0.931912, 1, 241, 256, 368
-0.933376, 129, 193, 256, 320
-0.933536, 145, 33, 272, 288
-0.935068, 177, 129, 304, 256
-0.935702, 81, 241, 208, 368
-0.937879, 305, 1, 432, 375
-0.938973, 1, 113, 500, 240
-0.939618, 17, 129, 144, 375
-0.940927, 257, 33, 384, 288
-0.941148, 225, 161, 480, 288
-0.941498, 65, 1, 192, 256
-0.941912, 1, 129, 256, 256
-0.942589, 273, 225, 400, 352
-0.945584, 233, 129, 296, 256
-0.947013, 1, 17, 500, 144
-0.94726, 1, 177, 256, 304
-0.947712, 145, 241, 272, 368
-0.948273, 369, 1, 496, 375
-0.949122, 321, 225, 384, 352
-0.949297, 225, 177, 352, 304
-0.950096, 177, 129, 240, 256
-0.950259, 257, 113, 500, 240
-0.950355, 33, 81, 288, 208
-0.950571, 153, 161, 216, 288
-0.950693, 105, 225, 168, 352
-0.951152, 169, 225, 232, 352
-0.951452, 129, 145, 256, 272
-0.951686, 1, 65, 500, 192
-0.951941, 305, 33, 432, 288
-0.952891, 209, 241, 336, 368
-0.953043, 161, 113, 416, 240
-0.954039, 81, 193, 208, 320
-0.954807, 265, 209, 328, 336
-0.955473, 145, 201, 208, 264
-0.957887, 33, 177, 160, 304
-0.959725, 193, 225, 256, 352
-0.959743, 145, 241, 208, 368
-0.96039, 1, 1, 128, 375
-0.961029, 129, 193, 192, 320
-0.961352, 289, 209, 352, 336
-0.961892, 321, 241, 448, 368
-0.962068, 121, 233, 184, 296
-0.962432, 153, 249, 216, 312
-0.962676, 209, 129, 272, 256
-0.963122, 193, 177, 256, 304
-0.963149, 185, 209, 248, 272
-0.963241, 145, 297, 208, 360
-0.96348, 217, 241, 280, 368
-0.964441, 201, 257, 264, 320
-0.965193, 337, 297, 400, 360
-0.965374, 145, 225, 208, 288
-0.965683, 217, 193, 280, 320
-0.965731, 225, 129, 288, 192
-0.965818, 273, 161, 336, 288
-0.966327, 305, 217, 368, 280
-0.966402, 185, 313, 248, 375
-0.966419, 289, 305, 352, 368
-0.96672, 81, 241, 144, 368
-0.967037, 369, 225, 496, 352
-0.967339, 273, 177, 400, 304
-0.967367, 369, 1, 496, 256
-0.967427, 345, 241, 408, 368
-0.967617, 241, 161, 304, 224
-0.967851, 177, 289, 240, 352
-0.968003, 177, 193, 304, 320
-0.968793, 313, 313, 376, 375
-0.969026, 129, 225, 256, 288
-0.969137, 225, 129, 352, 256
-0.969616, 217, 217, 280, 280
-0.969709, 129, 201, 256, 264
-0.969793, 33, 241, 160, 368
-0.96986, 321, 257, 384, 320
-0.970169, 177, 233, 240, 296
-0.970942, 129, 305, 256, 368
-0.970945, 129, 97, 256, 224
-0.970956, 385, 193, 448, 320
-0.971017, 169, 129, 232, 375
-0.971048, 17, 33, 144, 288
-0.971168, 65, 265, 192, 328
-0.971229, 177, 145, 240, 208
-0.971634, 145, 257, 272, 320
-0.972046, 281, 217, 344, 280
-0.972106, 169, 177, 232, 240
-0.97228, 49, 129, 176, 256
-0.972399, 201, 209, 232, 336
-0.972502, 241, 177, 304, 304
-0.972974, 337, 177, 464, 304
-0.972983, 393, 129, 456, 256
-0.973021, 177, 265, 240, 328
-0.973229, 33, 33, 288, 160
-0.973391, 257, 65, 500, 192
-0.973592, 273, 129, 400, 256
-0.97373, 225, 297, 352, 360
-0.974083, 361, 241, 392, 368
-0.974236, 41, 241, 104, 368
-0.974362, 177, 145, 304, 208
-0.974499, 273, 313, 400, 375
-0.974786, 369, 241, 432, 368
-0.974834, 257, 225, 384, 288
-0.974953, 105, 177, 168, 304
-0.975055, 329, 225, 392, 288
-0.975105, 257, 273, 320, 336
-0.975117, 193, 81, 256, 208
-0.975359, 313, 289, 376, 352
-0.975535, 361, 193, 424, 320
-0.975764, 33, 297, 96, 360
-0.975885, 225, 249, 288, 312
-0.976018, 105, 257, 168, 320
-0.976115, 225, 305, 288, 368
-0.976218, 81, 241, 208, 304
-0.976282, 225, 129, 288, 375
-0.976381, 137, 225, 168, 352
-0.976764, 257, 217, 320, 280
-0.976772, 241, 241, 304, 368
-0.976779, 161, 177, 192, 304
-0.977008, 129, 257, 192, 320
-0.977172, 149, 193, 180, 320
-0.977206, 153, 273, 216, 336
-0.97722, 241, 185, 304, 248
-0.977322, 145, 281, 272, 344
-0.977431, 193, 201, 320, 264
-0.977524, 33, 145, 96, 272
-0.977561, 281, 193, 344, 256
-0.97774, 225, 281, 288, 344
-0.977746, 161, 49, 416, 176
-0.977802, 361, 313, 424, 375
-0.97804, 241, 113, 272, 240
-0.978111, 257, 129, 320, 375
-0.978116, 249, 137, 312, 200
-0.978259, 217, 193, 280, 256
-0.978283, 225, 241, 256, 368
-0.978316, 209, 145, 240, 272
-0.978382, 297, 265, 360, 328
-0.978522, 181, 241, 212, 368
-0.978649, 193, 177, 320, 240
-0.97886, 341, 209, 372, 336
-0.978956, 273, 257, 400, 320
-0.978984, 121, 313, 184, 375
-0.979102, 249, 297, 312, 360
-0.979176, 81, 273, 144, 336
-0.97921, 165, 225, 196, 352
-0.979383, 201, 129, 264, 375
-0.979383, 337, 129, 464, 256
-0.97942, 201, 137, 264, 200
-0.97958, 353, 249, 384, 312
-0.979597, 221, 249, 252, 312
-0.979684, 181, 129, 212, 256
-0.979746, 149, 217, 180, 280
-0.979772, 193, 273, 320, 336
-0.979889, 337, 217, 368, 280
-0.980053, 65, 193, 128, 320
-0.980126, 345, 257, 408, 320
-0.980152, 97, 209, 160, 272
-0.980213, 249, 129, 280, 192
-0.980239, 253, 129, 284, 256
-0.980276, 209, 201, 240, 264
-0.980481, 305, 305, 336, 368
-0.980527, 153, 305, 184, 368
-0.980536, 361, 289, 424, 352
-0.980589, 385, 217, 448, 280
-0.980607, 269, 145, 300, 272
-0.980613, 305, 161, 368, 288
-0.980618, 121, 193, 184, 256
-0.980673, 337, 177, 400, 304
-0.980726, 273, 281, 400, 344
-0.980751, 353, 225, 416, 288
-0.980969, 145, 129, 208, 375
-0.980969, 201, 265, 232, 328
-0.980981, 409, 177, 472, 304
-0.981009, 201, 281, 264, 344
-0.981079, 393, 145, 456, 208
-0.981204, 17, 297, 144, 360
-0.981258, 121, 281, 184, 344
-0.981435, 81, 313, 208, 375
-0.981442, 145, 65, 208, 192
-0.981454, 165, 289, 196, 352
-0.981609, 177, 81, 304, 208
-0.981635, 213, 241, 244, 368
-0.981731, 145, 177, 208, 240
-0.981874, 153, 241, 184, 368
-0.9819, 65, 209, 192, 272
-0.982217, 161, 201, 192, 264
-0.982309, 225, 193, 256, 320
-0.982347, 241, 81, 304, 208
-0.982434, 181, 193, 212, 320
-0.982448, 281, 129, 344, 375
-0.982469, 213, 193, 244, 320
-0.982497, 361, 281, 392, 344
-0.982511, 369, 249, 432, 312
-0.982579, 345, 201, 408, 264
-0.982582, 301, 209, 332, 336
-0.982602, 325, 225, 356, 352
-0.982638, 321, 313, 448, 375
-0.982648, 269, 161, 300, 224
-0.982853, 217, 305, 248, 368
-0.982885, 205, 241, 236, 304
-0.982954, 201, 33, 264, 160
-0.982994, 377, 193, 440, 256
-0.983023, 189, 209, 220, 272
-0.983032, 221, 209, 252, 272
-0.98304, 97, 305, 160, 368
-0.983101, 273, 113, 336, 240
-0.983158, 217, 161, 280, 224
-0.983171, 133, 225, 164, 288
-0.983196, 145, 177, 272, 240
-0.983207, 81, 289, 208, 352
-0.983272, 237, 129, 268, 192
-0.98329, 285, 193, 316, 256
-0.983456, 265, 169, 328, 232
-0.98346, 249, 241, 312, 304
-0.98349, 341, 289, 372, 352
-0.983557, 193, 185, 256, 248
-0.9836, 193, 145, 224, 272
-0.983605, 273, 209, 304, 272
-0.983643, 337, 313, 368, 375
-0.983698, 145, 249, 176, 312
-0.983857, 173, 201, 204, 264
-0.983914, 313, 209, 344, 336
-0.983928, 233, 209, 264, 272
-0.983942, 193, 233, 320, 296
-0.983943, 57, 281, 120, 344
-0.983959, 129, 145, 192, 272
-0.983983, 349, 313, 380, 375
-0.983996, 217, 273, 248, 336
-0.984015, 161, 249, 192, 312
-0.984023, 97, 233, 160, 296
-0.98411, 185, 297, 216, 360
-0.984114, 257, 193, 384, 256
-0.984132, 49, 161, 112, 224
-0.984471, 285, 193, 316, 320
-0.984499, 325, 305, 356, 368
-0.98454, 33, 201, 96, 264
-0.984561, 353, 249, 480, 312
-0.984617, 173, 177, 204, 240
-0.984698, 9, 113, 72, 240
-0.984764, 373, 289, 404, 352
-0.984767, 185, 113, 248, 176
-0.984806, 189, 265, 220, 328
-0.984808, 9, 145, 72, 208
-0.984836, 313, 273, 344, 336
-0.984853, 81, 81, 208, 208
-0.984938, 393, 129, 456, 375
-0.984954, 325, 225, 356, 288
-0.98498, 297, 225, 328, 288
-0.984982, 57, 313, 120, 375
-0.98502, 177, 313, 304, 375
-0.98521, 217, 81, 280, 208
-0.985221, 173, 225, 204, 288
-0.985234, 149, 273, 180, 336
-0.985261, 353, 225, 384, 288
-0.985281, 309, 217, 340, 280
-0.985339, 361, 305, 392, 368
-0.985352, 261, 137, 292, 200
-0.985596, 377, 313, 408, 375
-0.985626, 229, 313, 260, 375
-0.985649, 209, 33, 272, 288
-0.985711, 285, 233, 316, 296
-0.985713, 341, 241, 372, 304
-0.985736, 185, 33, 248, 288
-0.985792, 121, 81, 184, 208
-0.985795, 1, 97, 64, 352
-0.985829, 417, 129, 480, 256
-0.985865, 221, 145, 252, 272
-0.985886, 337, 217, 464, 280
-0.985974, 169, 81, 232, 208
-0.986031, 321, 289, 448, 352
-0.986033, 49, 185, 176, 248
-0.986134, 205, 305, 236, 368
-0.986141, 329, 129, 392, 375
-0.986197, 241, 313, 272, 375
-0.986211, 165, 313, 196, 375
-0.986291, 17, 209, 144, 272
-0.986323, 193, 233, 224, 296
-0.986457, 129, 49, 256, 176
-0.986678, 161, 177, 192, 240
-0.986681, 1, 225, 64, 352
-0.986689, 89, 273, 120, 336
-0.986691, 301, 281, 332, 344
-0.986701, 233, 249, 264, 312
-0.986752, 209, 1, 272, 375
-0.986793, 141, 313, 172, 375
-0.98688, 365, 257, 396, 320
-0.986894, 225, 145, 256, 208
-0.986927, 241, 33, 304, 288
-0.986964, 129, 313, 160, 375
-0.987013, 209, 177, 240, 240
-0.987024, 57, 129, 120, 256
-0.987041, 49, 129, 112, 375
-0.987068, 305, 129, 368, 375
-0.987102, 145, 229, 208, 260
-0.987169, 241, 81, 368, 208
-0.987176, 249, 153, 280, 216
-0.987191, 177, 33, 304, 160
-0.987206, 9, 185, 72, 248
-0.987212, 257, 289, 288, 352
-0.987217, 325, 281, 356, 344
-0.987224, 193, 345, 256, 375
-0.987257, 209, 145, 240, 208
-0.987276, 33, 273, 96, 336
-0.987288, 193, 137, 224, 200
-0.987292, 369, 305, 496, 368
-0.987365, 273, 193, 304, 320
-0.987413, 293, 305, 324, 368
-0.987416, 397, 129, 428, 256
-0.987417, 409, 217, 440, 280
-0.987488, 225, 1, 480, 128
-0.987528, 285, 273, 316, 336
-0.987558, 161, 225, 192, 288
-0.987579, 245, 257, 276, 320
-0.987596, 273, 137, 304, 200
-0.987598, 289, 313, 352, 344
-0.987626, 161, 121, 288, 184
-0.987681, 113, 169, 176, 232
-0.98769, 281, 161, 312, 224
-0.987696, 369, 145, 432, 272
-0.987702, 61, 273, 92, 336
-0.987711, 181, 137, 212, 200
-0.987727, 57, 241, 120, 304
-0.987745, 137, 201, 168, 264
-0.987754, 193, 185, 224, 248
-0.987778, 417, 225, 480, 352
-0.987795, 153, 205, 216, 236
-0.9878, 401, 193, 464, 256
-0.987849, 41, 193, 104, 320
-0.987857, 173, 249, 204, 312
-0.987861, 241, 289, 272, 352
-0.987963, 25, 65, 88, 192
-0.987966, 377, 241, 408, 304
-0.987978, 329, 249, 360, 312
-0.987993, 281, 145, 312, 272
-0.988097, 9, 305, 72, 368
-0.98815, 153, 145, 216, 208
-0.988164, 269, 281, 300, 344
-0.988235, 25, 97, 88, 160
-0.98829, 369, 129, 432, 375
-0.988319, 233, 185, 264, 248
-0.988328, 341, 265, 372, 328
-0.98835, 397, 145, 428, 208
-0.988392, 105, 257, 136, 320
-0.988448, 193, 213, 256, 244
-0.988458, 261, 217, 292, 280
-0.988478, 49, 17, 176, 144
-0.988484, 185, 241, 248, 272
-0.988503, 145, 309, 208, 340
-0.988521, 121, 97, 184, 352
-0.988568, 413, 193, 444, 256
-0.988597, 185, 1, 248, 375
-0.988662, 237, 161, 268, 288
-0.988676, 393, 209, 424, 272
-0.988705, 137, 177, 168, 304
-0.988713, 121, 237, 184, 268
-0.988741, 145, 33, 208, 288
-0.988742, 193, 225, 448, 288
-0.988754, 121, 241, 152, 304
-0.988756, 153, 257, 216, 288
-0.988766, 321, 253, 384, 284
-0.988857, 281, 145, 344, 208
-0.988865, 305, 193, 368, 256
-0.988926, 237, 161, 268, 224
-0.98895, 65, 33, 128, 160
-0.98898, 185, 329, 248, 360
-0.989018, 149, 193, 180, 256
-0.989021, 225, 137, 352, 200
-0.989121, 293, 169, 324, 232
-0.989132, 273, 185, 304, 248
-0.989147, 209, 265, 272, 296
-0.989157, 345, 97, 408, 224
-0.989214, 145, 245, 208, 276
-0.989315, 37, 297, 68, 360
-0.98933, 113, 241, 144, 368
-0.989344, 9, 1, 72, 256
-0.989357, 265, 1, 328, 375
-0.989365, 33, 73, 96, 136
-0.9894, 25, 129, 88, 375
-0.989409, 241, 161, 304, 192
-0.989425, 41, 193, 72, 256
-0.989471, 317, 249, 348, 312
-0.989477, 97, 313, 352, 375
-0.989492, 137, 217, 200, 248
-0.98953, 377, 265, 408, 328
-0.989555, 265, 33, 328, 288
-0.989566, 229, 273, 260, 336
-0.989567, 273, 249, 336, 312
-0.98957, 409, 217, 472, 280
-0.989593, 193, 105, 224, 168
-0.989615, 297, 221, 360, 252
-0.989652, 321, 81, 448, 208
-0.989655, 81, 313, 112, 375
-0.989656, 193, 313, 256, 344
-0.989677, 217, 137, 280, 168
-0.989692, 281, 313, 312, 375
-0.989718, 1, 257, 500, 320
-0.989736, 9, 201, 40, 264
-0.989786, 249, 225, 280, 288
-0.989799, 249, 193, 280, 256
-0.989807, 177, 273, 208, 336
-0.989808, 65, 153, 192, 216
-0.98981, 129, 145, 256, 208
-0.989812, 425, 217, 456, 280
-0.989833, 153, 153, 184, 216
-0.98984, 161, 297, 224, 328
-0.989849, 261, 193, 292, 256
-0.989865, 321, 317, 384, 348
-0.989884, 1, 209, 64, 272
-0.989952, 1, 265, 128, 328
-0.989977, 97, 201, 352, 264
-0.98999, 297, 257, 328, 320
-0.989999, 369, 49, 496, 176
-0.990016, 225, 121, 256, 184
-0.990017, 269, 257, 300, 320
-0.990025, 113, 249, 176, 280
-0.990036, 1, 265, 64, 328
-0.990072, 77, 289, 108, 352
-0.990081, 133, 249, 164, 312
-0.99009, 221, 185, 252, 248
-0.990173, 337, 297, 400, 328
-0.990199, 21, 185, 52, 248
-0.990202, 153, 73, 216, 136
-0.990251, 25, 313, 56, 375
-0.990254, 225, 333, 288, 364
-0.9903, 65, 249, 320, 312
-0.990364, 69, 313, 100, 375
-0.99038, 217, 317, 280, 348
-0.990388, 217, 221, 280, 252
-0.990429, 193, 253, 256, 284
-0.990441, 205, 121, 236, 184
-0.990475, 389, 305, 420, 368
-0.99048, 233, 1, 296, 375
-0.990511, 257, 265, 288, 328
-0.990524, 249, 113, 312, 176
-0.990527, 429, 145, 460, 208
-0.990552, 257, 169, 384, 232
-0.990574, 345, 309, 408, 340
-0.990596, 393, 185, 424, 248
-0.990623, 241, 209, 304, 240
-0.990627, 225, 149, 288, 180
-0.990649, 273, 233, 304, 296
-0.990651, 145, 121, 208, 184
-0.99066, 17, 121, 48, 184
-0.990662, 137, 321, 200, 352
-0.990664, 129, 289, 160, 352
-0.99069, 185, 301, 248, 332
-0.990696, 321, 201, 352, 264
-0.990734, 105, 129, 168, 256
-0.990779, 129, 289, 384, 352
-0.990794, 293, 145, 324, 272
-0.990875, 33, 233, 160, 296
-0.990876, 49, 81, 112, 208
-0.990898, 433, 177, 496, 304
-0.990921, 1, 161, 32, 224
-0.990951, 49, 169, 80, 232
-0.990955, 385, 49, 448, 176
-0.990962, 377, 225, 408, 352
-0.990972, 1, 233, 500, 296
-0.990982, 185, 265, 248, 296
-0.991006, 321, 225, 384, 256
-0.991021, 1, 89, 64, 152
-0.991063, 193, 97, 224, 224
-0.991068, 33, 153, 64, 216
-0.991073, 1, 313, 500, 375
-0.991074, 217, 209, 280, 240
-0.991091, 293, 145, 324, 208
-0.991113, 73, 209, 136, 272
-0.991118, 193, 89, 256, 152
-0.991194, 177, 285, 240, 316
-0.991213, 273, 205, 336, 236
-0.9913, 125, 225, 156, 352
-0.991326, 425, 129, 456, 256
-0.991358, 345, 229, 408, 260
-0.991455, 1, 209, 500, 272
-0.99146, 1, 281, 500, 344
-0.991485, 129, 145, 192, 208
-0.991509, 33, 297, 96, 328
-0.991571, 393, 33, 456, 288
-0.991586, 97, 225, 352, 288
-0.991596, 161, 193, 224, 224
-0.991617, 169, 217, 232, 248
-0.991643, 105, 261, 168, 292
-0.991652, 345, 49, 408, 176
-0.991656, 413, 193, 444, 320
-0.99167, 149, 145, 180, 272
-0.991708, 209, 233, 272, 264
-0.991732, 297, 33, 360, 288
-0.991738, 305, 1, 368, 375
-0.991843, 305, 301, 368, 332
-0.991864, 369, 145, 496, 208
-0.991891, 345, 1, 408, 128
-0.991945, 209, 277, 272, 308
-0.991956, 97, 325, 160, 356
-0.991987, 353, 33, 416, 288
-0.992005, 161, 345, 224, 375
-0.992024, 169, 229, 232, 260
-0.992039, 393, 241, 456, 368
-0.992049, 129, 1, 384, 128
-0.992072, 297, 325, 360, 356
-0.9921, 345, 241, 408, 272
-0.992117, 89, 241, 120, 368
-0.992136, 1, 297, 256, 360
-0.992141, 241, 221, 304, 252
-0.992181, 161, 257, 416, 320
-0.992199, 209, 293, 272, 324
-0.992202, 265, 277, 328, 308
-0.992226, 153, 269, 216, 300
-0.992285, 57, 33, 120, 288
-0.992352, 241, 33, 368, 160
-0.992356, 97, 129, 160, 375
-0.992369, 149, 245, 180, 276
-0.992369, 97, 177, 224, 240
-0.992383, 161, 201, 192, 232
-0.992393, 177, 149, 240, 180
-0.992404, 197, 245, 228, 276
-0.992417, 313, 241, 376, 272
-0.992421, 369, 321, 432, 352
-0.992428, 265, 217, 328, 248
-0.992441, 401, 241, 464, 304
-0.992457, 121, 285, 184, 316
-0.992457, 337, 225, 368, 256
-0.992494, 81, 129, 144, 256
-0.992511, 301, 309, 332, 340
-0.992513, 33, 273, 288, 336
-0.992513, 297, 241, 360, 304
-0.992521, 209, 333, 240, 364
-0.992542, 329, 285, 392, 316
-0.992553, 205, 209, 236, 240
-0.992562, 25, 121, 88, 184
-0.992574, 345, 217, 408, 248
-0.992576, 129, 193, 192, 224
-0.992586, 1, 49, 64, 176
-0.992619, 161, 1, 224, 375
-0.992626, 149, 313, 180, 344
-0.992633, 241, 197, 304, 228
-0.992649, 57, 137, 120, 200
-0.992651, 385, 1, 448, 375
-0.992667, 365, 297, 396, 328
-0.99268, 149, 217, 180, 248
-0.992686, 169, 301, 200, 332
-0.992763, 213, 317, 244, 348
-0.992766, 189, 341, 220, 372
-0.992766, 173, 241, 204, 272
-0.992767, 193, 313, 448, 375
-0.992768, 329, 269, 392, 300
-0.99278, 217, 209, 248, 240
-0.992806, 345, 321, 408, 352
-0.992817, 221, 345, 252, 375
-0.992836, 281, 241, 312, 368
-0.992851, 265, 265, 328, 296
-0.992884, 289, 269, 352, 300
-0.992889, 393, 145, 456, 176
-0.992889, 213, 225, 244, 256
-0.992898, 361, 257, 424, 288
-0.99291, 349, 253, 380, 284
-0.992911, 225, 253, 288, 284
-0.992927, 129, 317, 256, 348
-0.992932, 329, 317, 360, 348
-0.992948, 129, 1, 192, 375
-0.99297, 157, 257, 188, 288
-0.99297, 149, 229, 180, 260
-0.993021, 181, 221, 212, 252
-0.993069, 257, 33, 320, 160
-0.99308, 221, 261, 252, 292
-0.993097, 229, 213, 260, 244
-0.993113, 129, 241, 160, 272
-0.993131, 17, 113, 48, 240
-0.993132, 129, 205, 192, 236
-0.993137, 433, 233, 496, 296
-0.993149, 245, 129, 276, 160
-0.993157, 273, 229, 336, 260
-0.99316, 225, 313, 256, 344
-0.993161, 173, 197, 204, 228
-0.993173, 377, 169, 440, 232
-0.993192, 129, 221, 256, 252
-0.993195, 217, 245, 248, 276
-0.993203, 201, 149, 264, 180
-0.993204, 137, 97, 200, 160
-0.993208, 273, 157, 304, 188
-0.99321, 145, 205, 272, 236
-0.993212, 53, 241, 84, 368
-0.99322, 9, 177, 72, 304
-0.993229, 129, 249, 256, 280
-0.99323, 229, 97, 260, 224
-0.99325, 349, 317, 380, 348
-0.993256, 197, 329, 228, 360
-0.993258, 205, 273, 236, 304
-0.993267, 161, 333, 224, 364
-0.99327, 425, 97, 488, 352
-0.993276, 249, 293, 312, 324
-0.993299, 337, 1, 464, 128
-0.9933, 169, 213, 200, 244
-0.993325, 185, 209, 216, 240
-0.993327, 285, 205, 316, 236
-0.993333, 73, 129, 136, 375
-0.993336, 273, 169, 304, 200
-0.993355, 209, 305, 240, 336
-0.993381, 177, 33, 240, 160
-0.993389, 97, 121, 224, 184
-0.993391, 241, 181, 304, 212
-0.993404, 269, 217, 300, 248
-0.993404, 169, 177, 232, 208
-0.993408, 209, 261, 240, 292
-0.993411, 217, 273, 248, 304
-0.993412, 357, 273, 388, 304
-0.993418, 137, 261, 168, 292
-0.993424, 225, 345, 288, 375
-0.993427, 305, 217, 336, 248
-0.99343, 97, 177, 352, 240
-0.993431, 101, 241, 132, 368
-0.993461, 153, 281, 216, 312
-0.993486, 137, 345, 200, 375
-0.993488, 245, 225, 276, 352
-0.993488, 349, 329, 380, 360
-0.993495, 161, 233, 192, 264
-0.993499, 129, 233, 256, 264
-0.9935, 129, 321, 160, 352
-0.993521, 193, 209, 320, 240
-0.993526, 317, 313, 348, 344
-0.993529, 177, 253, 208, 284
-0.993537, 193, 233, 224, 264
-0.993546, 321, 329, 384, 360
-0.99356, 257, 149, 288, 180
-0.993578, 105, 213, 168, 244
-0.993582, 369, 329, 400, 360
-0.993594, 385, 193, 448, 224
-0.993597, 185, 201, 248, 232
-0.993605, 193, 221, 224, 252
-0.993622, 177, 341, 208, 372
-0.993628, 349, 241, 380, 272
-0.993632, 33, 321, 96, 352
-0.99365, 57, 1, 120, 375
-0.993659, 113, 273, 176, 304
-0.993663, 137, 229, 168, 260
-0.993668, 273, 121, 336, 184
-0.993673, 185, 329, 216, 360
-0.993674, 361, 309, 392, 340
-0.993679, 181, 313, 212, 344
-0.993701, 257, 333, 320, 364
-0.99371, 169, 313, 232, 344
-0.993718, 197, 285, 228, 316
-0.99372, 305, 49, 368, 176
-0.993732, 197, 257, 228, 288
-0.99374, 305, 49, 368, 112
-0.993749, 385, 217, 448, 248
-0.993752, 257, 145, 500, 208
-0.993757, 209, 345, 240, 375
-0.993766, 241, 113, 368, 176
-0.993768, 89, 273, 152, 304
-0.993769, 345, 1, 408, 375
-0.993771, 181, 297, 212, 328
-0.993784, 97, 153, 352, 216
-0.99379, 381, 317, 412, 348
-0.993793, 229, 249, 260, 280
-0.993794, 205, 197, 236, 228
-0.993804, 221, 333, 252, 364
-0.993807, 65, 241, 96, 368
-0.993813, 317, 253, 348, 284
-0.993816, 377, 229, 440, 260
-0.993849, 73, 285, 136, 316
-0.99385, 185, 265, 216, 296
-0.993853, 249, 273, 280, 304
-0.993893, 305, 297, 336, 328
-0.993896, 229, 201, 260, 232
-0.993898, 161, 289, 192, 320
-0.993903, 341, 305, 372, 336
-0.993905, 285, 341, 316, 372
-0.993915, 329, 301, 360, 332
-0.993933, 129, 345, 256, 375
-0.99395, 149, 285, 180, 316
-0.993956, 137, 333, 200, 364
-0.993962, 161, 189, 192, 220
-0.993965, 285, 229, 316, 260
-0.993976, 225, 225, 256, 256
-0.993986, 197, 313, 228, 344
-0.993986, 281, 217, 312, 248
-0.994002, 129, 181, 192, 212
-0.994005, 357, 285, 388, 316
-0.99401, 241, 133, 304, 164
-0.994018, 261, 285, 292, 316
-0.994022, 9, 133, 40, 164
-0.994025, 217, 293, 248, 324
-0.994029, 155, 217, 170, 280
-0.99403, 141, 273, 172, 304
-0.994032, 289, 325, 320, 356
-0.994037, 357, 229, 388, 260
-0.994042, 385, 281, 448, 344
-0.994045, 233, 325, 264, 356
-0.994061, 345, 333, 408, 364
-0.994065, 165, 321, 196, 352
-0.99407, 237, 313, 268, 344
-0.994074, 273, 313, 400, 344
-0.994074, 249, 285, 280, 316
-0.994078, 225, 305, 288, 336
-0.994079, 33, 309, 96, 340
-0.99408, 173, 177, 204, 208
-0.994081, 273, 277, 304, 308
-0.994082, 17, 93, 80, 124
-0.994088, 289, 169, 352, 232
-0.99409, 223, 257, 238, 320
-0.99409, 201, 41, 264, 104
-0.994107, 185, 197, 216, 228
-0.994119, 237, 277, 268, 308
-0.994134, 229, 149, 260, 180
-0.994135, 149, 201, 180, 232
-0.994136, 377, 205, 440, 236
-0.994147, 265, 309, 328, 340
-0.994153, 185, 185, 216, 216
-0.994156, 233, 337, 264, 368
-0.994162, 389, 241, 420, 368
-0.994166, 257, 185, 500, 248
-0.994182, 297, 229, 328, 260
-0.994182, 281, 193, 344, 224
-0.994187, 261, 205, 292, 236
-0.994187, 157, 301, 188, 332
-0.994192, 257, 221, 384, 252
-0.994198, 305, 265, 336, 296
-0.994208, 137, 217, 168, 248
-0.994208, 337, 237, 368, 268
-0.994217, 261, 161, 292, 192
-0.994218, 325, 229, 356, 260
-0.99422, 93, 277, 124, 308
-0.994222, 9, 205, 40, 236
-0.994228, 65, 293, 96, 324
-0.994231, 417, 141, 448, 172
-0.994238, 217, 149, 248, 180
-0.994239, 325, 241, 356, 272
-0.994239, 145, 305, 272, 336
-0.99424, 257, 225, 288, 256
-0.994248, 373, 249, 404, 280
-0.994254, 145, 17, 208, 144
-0.994256, 329, 253, 360, 284
-0.994262, 361, 257, 392, 288
-0.99428, 413, 213, 444, 244
-0.994313, 205, 149, 236, 180
-0.994314, 249, 149, 312, 180
-0.994314, 73, 329, 136, 360
-0.994325, 273, 193, 304, 224
-0.994331, 97, 261, 224, 292
-0.994337, 185, 141, 216, 172
-0.994343, 85, 329, 116, 360
-0.994349, 317, 301, 348, 332
-0.994355, 433, 1, 496, 128
-0.994361, 133, 205, 164, 236
-0.994363, 1, 65, 64, 128
-0.994369, 297, 257, 360, 288
-0.994376, 117, 253, 148, 284
-0.994388, 281, 177, 344, 208
-0.994391, 257, 137, 288, 168
-0.994392, 429, 145, 460, 176
-0.994394, 169, 129, 200, 256
-0.994396, 197, 301, 228, 332
-0.99442, 377, 309, 440, 340
-0.994443, 65, 185, 128, 248
-0.994457, 233, 269, 296, 300
-0.994468, 65, 285, 192, 316
-0.994508, 393, 121, 456, 184
-0.994513, 177, 149, 304, 180
-0.994528, 177, 161, 240, 192
-0.994541, 361, 269, 424, 300
-0.994569, 367, 257, 382, 320
-0.994596, 161, 201, 176, 264
-0.994603, 385, 1, 448, 128
-0.994612, 345, 177, 408, 240
-0.99466, 257, 321, 320, 352
-0.994668, 425, 177, 456, 304
-0.994674, 193, 137, 256, 168
-0.994694, 329, 33, 392, 288
-0.994705, 145, 261, 272, 292
-0.994736, 253, 81, 284, 208
-0.99474, 417, 169, 480, 232
-0.994741, 193, 173, 256, 204
-0.994762, 249, 345, 312, 375
-0.994767, 225, 313, 352, 344
-0.994771, 273, 261, 400, 292
-0.994806, 217, 165, 280, 196
-0.994839, 345, 113, 408, 176
-0.994851, 361, 249, 376, 312
-0.994904, 305, 193, 432, 256
-0.994925, 77, 209, 108, 336
-0.994925, 105, 201, 168, 232
-0.994945, 129, 333, 256, 364
-0.994948, 229, 209, 244, 272
-0.994955, 289, 301, 416, 332
-0.994958, 163, 281, 178, 344
-0.994994, 369, 145, 432, 208
-0.994998, 73, 161, 136, 224
-0.995012, 369, 97, 432, 224
-0.995021, 193, 189, 256, 220
-0.995031, 351, 217, 366, 280
-0.995032, 1, 1, 64, 375
-0.995036, 81, 313, 144, 344
-0.99505, 105, 341, 168, 372
-0.995053, 401, 205, 464, 236
-0.995056, 97, 233, 160, 264
-0.995061, 215, 249, 230, 312
-0.995071, 25, 133, 88, 164
-0.995084, 233, 313, 248, 375
-0.995093, 223, 201, 238, 264
-0.995107, 305, 209, 368, 240
-0.995141, 265, 161, 328, 192
-0.99516, 81, 245, 208, 276
-0.99517, 377, 289, 392, 352
-0.995174, 297, 289, 360, 320
-0.995182, 273, 273, 400, 304
-0.995193, 225, 233, 240, 296
-0.995203, 433, 209, 496, 272
-0.995206, 33, 193, 64, 320
-0.99521, 281, 337, 344, 368
-0.995214, 209, 345, 336, 375
-0.995218, 409, 193, 472, 224
-0.995228, 177, 97, 304, 160
-0.995231, 33, 193, 96, 224
-0.995238, 273, 329, 400, 360
-0.995243, 361, 297, 424, 328
-0.995245, 369, 281, 496, 344
-0.995273, 273, 145, 400, 208
-0.995302, 137, 297, 200, 328
-0.995323, 217, 225, 232, 288
-0.995326, 203, 265, 218, 328
-0.995331, 369, 169, 496, 232
-0.995344, 145, 293, 272, 324
-0.995404, 409, 1, 472, 64
-0.995404, 385, 25, 448, 88
-0.995443, 205, 81, 236, 208
-0.995449, 165, 249, 180, 312
-0.995455, 1, 129, 32, 256
-0.995466, 193, 197, 320, 228
-0.995495, 273, 297, 336, 328
-0.995525, 193, 325, 320, 356
-0.995534, 225, 289, 480, 352
-0.995545, 337, 241, 464, 272
-0.995591, 149, 233, 164, 296
-0.995592, 357, 193, 388, 320
-0.995595, 257, 241, 288, 368
-0.995601, 81, 317, 208, 348
-0.995604, 433, 1, 496, 375
-0.995605, 225, 1, 288, 128
-0.995627, 171, 177, 186, 240
-0.995653, 81, 273, 208, 304
-0.995668, 1, 193, 256, 256
-0.995687, 65, 49, 128, 112
-0.995715, 97, 65, 160, 192
-0.995731, 285, 209, 300, 272
-0.995734, 65, 305, 192, 336
-0.995737, 155, 305, 170, 368
-0.995745, 177, 225, 304, 256
-0.995749, 193, 169, 320, 200
-0.995751, 257, 129, 272, 192
-0.995759, 209, 237, 336, 268
-0.995797, 171, 297, 186, 360
-0.995837, 65, 209, 192, 240
-0.99586, 209, 297, 336, 328
-0.995881, 49, 329, 176, 360
-0.995882, 177, 249, 304, 280
-0.995917, 409, 1, 472, 375
-0.995953, 269, 241, 300, 368
-0.995955, 175, 201, 190, 264
-0.995978, 385, 297, 400, 360
-0.995986, 49, 65, 176, 128
-0.995988, 307, 297, 322, 360
-0.995988, 373, 265, 388, 328
-0.996005, 433, 81, 496, 208
-0.996033, 409, 49, 472, 176
-0.996052, 145, 193, 272, 224
-0.996076, 231, 233, 246, 296
-0.99609, 217, 97, 248, 224
-0.996103, 129, 97, 256, 160
-0.996119, 217, 105, 280, 168
-0.996127, 345, 217, 360, 280
-0.996155, 235, 209, 250, 272
-0.99616, 321, 317, 448, 348
-0.996166, 125, 177, 156, 304
-0.996168, 315, 273, 330, 336
-0.996175, 177, 137, 304, 168
-0.996184, 257, 233, 384, 264
-0.996187, 1, 185, 500, 248
-0.996211, 171, 225, 186, 288
-0.996241, 353, 193, 480, 256
-0.996249, 365, 305, 380, 368
-0.99625, 241, 129, 256, 192
-0.99626, 283, 161, 298, 224
-0.996273, 393, 49, 456, 112
-0.99628, 159, 241, 174, 304
-0.996283, 145, 277, 272, 308
-0.996299, 305, 161, 336, 288
-0.996315, 319, 305, 334, 368
-0.996316, 81, 233, 208, 264
-0.996326, 33, 249, 96, 312
-0.996336, 345, 73, 408, 136
-0.996346, 359, 313, 374, 375
-0.996348, 267, 137, 282, 200
-0.996351, 105, 73, 168, 136
-0.996377, 205, 217, 220, 280
-0.996416, 339, 225, 354, 288
-0.99642, 213, 273, 228, 336
-0.996436, 193, 285, 320, 316
-0.996439, 1, 129, 256, 192
-0.996449, 337, 229, 464, 260
-0.996461, 251, 129, 266, 192
-0.996481, 1, 17, 64, 80
-0.996487, 157, 273, 172, 336
-0.996503, 371, 289, 386, 352
-0.996504, 353, 297, 368, 360
-0.996548, 177, 181, 304, 212
-0.996556, 353, 257, 480, 288
-0.996566, 291, 201, 306, 264
-0.996577, 289, 249, 416, 280
-0.996608, 187, 217, 202, 280
-0.99663, 113, 1, 176, 256
-0.996643, 167, 201, 182, 264
-0.996645, 165, 305, 180, 368
-0.996648, 343, 313, 358, 375
-0.996659, 17, 317, 144, 348
-0.996667, 229, 257, 244, 320
-0.996675, 33, 33, 96, 288
-0.996703, 181, 193, 196, 256
-0.996732, 265, 97, 296, 224
-0.996735, 17, 217, 144, 248
-0.996737, 209, 265, 336, 296
-0.996744, 221, 305, 236, 368
-0.996761, 45, 145, 76, 272
-0.996771, 177, 169, 192, 232
-0.996771, 417, 137, 480, 200
-0.996784, 197, 201, 212, 264
-0.996785, 273, 285, 400, 316
-0.996805, 193, 225, 208, 288
-0.996812, 149, 257, 164, 320
-0.996817, 89, 33, 152, 288
-0.996831, 345, 49, 408, 112
-0.996837, 221, 281, 236, 344
-0.996848, 353, 241, 368, 304
-0.996855, 211, 217, 226, 280
-0.996857, 333, 225, 348, 288
-0.996864, 1, 225, 256, 288
-0.99687, 191, 249, 206, 312
-0.996876, 317, 161, 348, 288
-0.996885, 185, 297, 200, 360
-0.996894, 417, 33, 480, 96
-0.9969, 165, 225, 180, 288
-0.996911, 143, 225, 158, 288
-0.996916, 73, 25, 136, 88
-0.996927, 1, 113, 128, 240
-0.996927, 197, 265, 212, 328
-0.996934, 97, 1, 160, 375
-0.996935, 313, 113, 376, 240
-0.996945, 295, 225, 310, 288
-0.996952, 113, 73, 240, 136
-0.996976, 301, 225, 316, 288
-0.99698, 257, 209, 384, 240
-0.996989, 201, 129, 232, 375
-0.996997, 321, 329, 448, 360
-0.997007, 225, 33, 288, 96
-0.997011, 379, 265, 394, 328
-0.997017, 217, 201, 232, 264
-0.997019, 433, 1, 496, 256
-0.997021, 277, 217, 292, 280
-0.997026, 195, 289, 210, 352
-0.997028, 149, 313, 164, 375
-0.99703, 393, 177, 424, 304
-0.997039, 273, 341, 400, 372
-0.997056, 337, 313, 352, 375
-0.997057, 1, 161, 256, 224
-0.997057, 329, 305, 344, 368
-0.997077, 337, 57, 464, 120
-0.997084, 257, 193, 288, 320
-0.997111, 171, 249, 186, 312
-0.997116, 419, 193, 434, 256
-0.997123, 299, 313, 314, 375
-0.997126, 181, 217, 196, 280
-0.997134, 143, 313, 158, 375
-0.997137, 147, 253, 162, 284
-0.99714, 321, 113, 448, 176
-0.997161, 379, 313, 394, 375
-0.997172, 277, 169, 292, 232
-0.997173, 229, 129, 260, 375
-0.997174, 321, 273, 336, 336
-0.997175, 313, 305, 328, 368
-0.997176, 307, 273, 322, 336
-0.997181, 209, 313, 224, 375
-0.997181, 409, 313, 472, 375
-0.997185, 179, 297, 194, 360
-0.997194, 49, 257, 176, 288
-0.997203, 33, 65, 160, 192
-0.997204, 353, 273, 368, 336
-0.99722, 49, 341, 176, 372
-0.997224, 243, 313, 258, 375
-0.997231, 45, 193, 60, 256
-0.997258, 345, 289, 360, 352
-0.997271, 325, 217, 340, 280
-0.997289, 81, 221, 208, 252
-0.997291, 311, 217, 326, 280
-0.997308, 225, 253, 352, 284
-0.99731, 159, 213, 174, 244
-0.99732, 227, 313, 242, 375
-0.997343, 345, 25, 408, 88
-0.997347, 281, 1, 344, 128
-0.997371, 227, 289, 242, 352
-0.997383, 345, 249, 360, 312
-0.997396, 273, 145, 288, 208
-0.997406, 97, 129, 352, 192
-0.997408, 225, 205, 240, 236
-0.997413, 193, 41, 320, 104
-0.997429, 177, 129, 208, 375
-0.997439, 185, 257, 200, 320
-0.997444, 317, 217, 332, 280
-0.99745, 233, 321, 264, 336
-0.99745, 189, 309, 220, 324
-0.997457, 165, 177, 180, 240
-0.997458, 341, 313, 372, 328
-0.997461, 89, 289, 104, 352
-0.997466, 225, 157, 352, 188
-0.997468, 257, 257, 500, 320
-0.99747, 289, 207, 320, 222
-0.997473, 277, 175, 308, 190
-0.997483, 49, 89, 176, 152
-0.997485, 257, 121, 500, 184
-0.99749, 77, 281, 92, 344
-0.997491, 185, 237, 216, 252
-0.997499, 221, 145, 236, 208
-0.9975, 265, 227, 296, 242
-0.997505, 257, 41, 320, 104
-0.997507, 137, 231, 168, 246
-0.997513, 41, 241, 72, 368
-0.997514, 359, 225, 374, 288
-0.997515, 77, 161, 108, 288
-0.997516, 225, 249, 240, 280
-0.997521, 129, 145, 256, 176
-0.997532, 325, 227, 356, 242
-0.997535, 273, 129, 304, 375
-0.997536, 281, 219, 312, 234
-0.99754, 193, 361, 224, 375
-0.997547, 257, 197, 384, 228
-0.997547, 197, 291, 228, 306
-0.997551, 369, 313, 496, 344
-0.997553, 65, 197, 192, 228
-0.997555, 305, 221, 336, 236
-0.997558, 339, 289, 354, 352
-0.997559, 361, 295, 392, 310
-0.997562, 349, 321, 380, 336
-0.997565, 329, 255, 360, 270
-0.997565, 209, 349, 240, 364
-0.997566, 181, 255, 212, 270
-0.99757, 185, 231, 216, 246
-0.99757, 231, 337, 246, 368
-0.997571, 173, 323, 204, 338
-0.997572, 193, 137, 208, 200
-0.997572, 249, 161, 280, 176
-0.997572, 217, 325, 248, 340
-0.997575, 289, 233, 304, 296
-0.997575, 137, 259, 168, 274
-0.997583, 17, 305, 144, 336
-0.997584, 149, 201, 164, 264
-0.997587, 263, 297, 278, 360
-0.997588, 223, 177, 238, 240
-0.997589, 237, 249, 252, 312
-0.99759, 33, 1, 96, 375
-0.997592, 273, 185, 400, 216
-0.997597, 249, 273, 280, 288
-0.997597, 181, 249, 212, 264
-0.997598, 233, 327, 264, 342
-0.997601, 65, 185, 192, 216
-0.997601, 145, 321, 176, 336
-0.997602, 229, 213, 260, 228
-0.997609, 249, 153, 264, 216
-0.997618, 203, 193, 218, 256
-0.997624, 185, 265, 216, 280
-0.997625, 249, 287, 280, 302
-0.99763, 175, 201, 190, 232
-0.997634, 225, 225, 256, 240
-0.99764, 231, 257, 246, 288
-0.997645, 359, 289, 374, 352
-0.997649, 207, 145, 222, 208
-0.997655, 177, 343, 208, 358
-0.997657, 413, 129, 444, 256
-0.997658, 265, 205, 296, 220
-0.997658, 221, 343, 252, 358
-0.997662, 201, 285, 232, 300
-0.997664, 165, 241, 196, 256
-0.997664, 377, 329, 408, 344
-0.997683, 305, 1, 368, 128
-0.997684, 171, 305, 186, 336
-0.997686, 345, 153, 408, 216
-0.997693, 357, 279, 388, 294
-0.997693, 365, 313, 396, 328
-0.997704, 17, 209, 48, 224
-0.997708, 133, 237, 164, 252
-0.997708, 273, 157, 304, 172
-0.997708, 271, 281, 286, 344
-0.997712, 213, 129, 244, 375
-0.997714, 211, 193, 226, 256
-0.997715, 325, 323, 356, 338
-0.997719, 181, 337, 212, 352
-0.997722, 185, 351, 216, 366
-0.997722, 101, 265, 116, 328
-0.997728, 215, 297, 230, 360
-0.997729, 33, 49, 96, 112
-0.997744, 153, 237, 168, 268
-0.997746, 205, 241, 220, 304
-0.997749, 257, 129, 288, 375
-0.997757, 205, 339, 236, 354
-0.997761, 353, 269, 480, 300
-0.997765, 289, 161, 304, 224
-0.997768, 285, 213, 316, 228
-0.997769, 215, 145, 230, 208
-0.997775, 357, 267, 388, 282
-0.997778, 301, 305, 332, 320
-0.997779, 379, 297, 394, 328
-0.997782, 193, 329, 224, 344
-0.997784, 337, 217, 464, 248
-0.997785, 189, 129, 220, 375
-0.99779, 365, 331, 396, 346
-0.997791, 209, 317, 240, 332
-0.997794, 163, 201, 178, 232
-0.997794, 1, 329, 128, 360
-0.997798, 221, 265, 236, 296
-0.997806, 229, 265, 260, 280
-0.997806, 421, 217, 436, 280
-0.997811, 369, 261, 384, 292
-0.997814, 49, 113, 176, 176
-0.997814, 157, 253, 188, 268
-0.997814, 367, 233, 382, 296
-0.997818, 49, 161, 64, 224
-0.997818, 369, 145, 496, 176
-0.99782, 129, 161, 256, 192
-0.997827, 165, 209, 196, 224
-0.997832, 263, 265, 278, 328
-0.997836, 161, 235, 192, 250
-0.997837, 201, 261, 232, 276
-0.997838, 217, 355, 248, 370
-0.997843, 187, 193, 202, 256
-0.997848, 153, 295, 184, 310
-0.99785, 349, 221, 364, 252
-0.997851, 153, 313, 168, 344
-0.997852, 341, 231, 372, 246
-0.997854, 177, 205, 208, 220
-0.997854, 177, 243, 208, 258
-0.997854, 345, 327, 376, 342
-0.997855, 243, 257, 258, 320
-0.997858, 129, 245, 160, 260
-0.99786, 365, 301, 396, 316
-0.997861, 227, 229, 242, 260
-0.997864, 229, 159, 260, 174
-0.997866, 305, 305, 320, 336
-0.997872, 129, 325, 160, 340
-0.997875, 9, 201, 24, 264
-0.997877, 185, 315, 216, 330
-0.997878, 171, 233, 186, 264
-0.997887, 313, 315, 344, 330
-0.997892, 191, 249, 206, 280
-0.997895, 83, 313, 98, 375
-0.997897, 197, 241, 228, 256
-0.997902, 245, 97, 276, 352
-0.997903, 185, 213, 216, 228
-0.997905, 205, 309, 236, 324
-0.997924, 341, 161, 372, 288
-0.997932, 301, 317, 332, 332
-0.997938, 169, 257, 200, 272
-0.997959, 33, 237, 160, 268
-0.99796, 125, 251, 156, 266
-0.997963, 165, 289, 180, 320
-0.997967, 289, 33, 416, 160
-0.99797, 361, 249, 376, 280
-0.997975, 129, 133, 256, 164
-0.997982, 219, 245, 234, 276
-0.997986, 253, 153, 284, 168
-0.997997, 213, 243, 244, 258
-0.998003, 225, 205, 256, 220
-0.998006, 265, 163, 296, 178
-0.998014, 349, 333, 380, 348
-0.998015, 177, 299, 208, 314
-0.998022, 409, 1, 472, 128
-0.998025, 165, 129, 196, 375
-0.998029, 215, 273, 230, 304
-0.99803, 233, 245, 248, 276
-0.998035, 209, 253, 240, 268
-0.998038, 227, 317, 242, 348
-0.998043, 221, 259, 252, 274
-0.998049, 177, 219, 208, 234
-0.998059, 289, 129, 320, 375
-0.998074, 221, 317, 236, 348
-0.998074, 157, 309, 188, 324
-0.99808, 175, 189, 190, 220
-0.998088, 221, 233, 236, 264
-0.998098, 241, 133, 272, 148
-0.998101, 273, 153, 288, 184
-0.998107, 1, 73, 256, 136
-0.998112, 163, 309, 178, 340
-0.998113, 169, 189, 184, 220
-0.998115, 149, 241, 180, 256
-0.998116, 191, 345, 206, 375
-0.998117, 235, 209, 250, 240
-0.998117, 225, 217, 240, 248
-0.998117, 1, 153, 500, 216
-0.99812, 287, 169, 302, 200
-0.99812, 241, 133, 368, 164
-0.998123, 201, 209, 216, 240
-0.998123, 169, 245, 184, 276
-0.998124, 371, 273, 386, 304
-0.998134, 205, 205, 236, 220
-0.998135, 213, 249, 228, 280
-0.998146, 159, 249, 174, 280
-0.998153, 193, 329, 208, 360
-0.998157, 237, 345, 252, 375
-0.998165, 225, 145, 352, 176
-0.998168, 353, 285, 480, 316
-0.998171, 225, 219, 256, 234
-0.998171, 155, 225, 170, 256
-0.998173, 113, 181, 240, 212
-0.998173, 197, 261, 212, 292
-0.998173, 149, 97, 180, 224
-0.998182, 197, 351, 228, 366
-0.998183, 219, 209, 234, 240
-0.99819, 193, 247, 224, 262
-0.998194, 1, 293, 128, 324
-0.998204, 369, 307, 400, 322
-0.998206, 201, 341, 216, 372
-0.998209, 209, 235, 240, 250
-0.998211, 347, 325, 362, 356
-0.998226, 387, 317, 402, 348
-0.998238, 371, 333, 386, 364
-0.998239, 1, 273, 128, 304
-0.99824, 21, 129, 36, 160
-0.99824, 379, 325, 394, 356
-0.998244, 285, 213, 300, 244
-0.998246, 277, 169, 308, 184
-0.998247, 33, 97, 288, 160
-0.998252, 263, 137, 278, 168
-0.998259, 197, 253, 228, 268
-0.99826, 205, 275, 236, 290
-0.998267, 357, 273, 388, 288
-0.998279, 183, 301, 198, 332
-0.998281, 207, 273, 222, 304
-0.998286, 339, 317, 354, 348
-0.998287, 149, 231, 180, 246
-0.998289, 209, 219, 240, 234
-0.998295, 315, 309, 330, 340
-0.998298, 181, 241, 196, 272
-0.998298, 217, 267, 248, 282
-0.998298, 225, 315, 256, 330
-0.998302, 183, 217, 198, 248
-0.998308, 353, 333, 368, 364
-0.998308, 157, 259, 188, 274
-0.998312, 355, 317, 370, 348
-0.998321, 203, 321, 218, 352
-0.998324, 255, 129, 270, 160
-0.998326, 341, 225, 356, 256
-0.998331, 321, 313, 336, 344
-0.998336, 359, 333, 374, 364
-0.998351, 165, 229, 180, 260
-0.998357, 219, 329, 234, 360
-0.998363, 279, 217, 294, 248
-0.998367, 211, 341, 226, 372
-0.998367, 217, 273, 248, 288
-0.99837, 301, 129, 332, 375
-0.998373, 211, 329, 226, 360
-0.998377, 189, 345, 220, 360
-0.99838, 141, 233, 156, 264
-0.998381, 337, 89, 464, 152
-0.998389, 263, 281, 278, 312
-0.998393, 183, 341, 198, 372
-0.998393, 273, 173, 400, 204
-0.998396, 325, 317, 356, 332
-0.998401, 193, 225, 224, 240
-0.998409, 273, 277, 288, 308
-0.99841, 265, 149, 280, 180
-0.998411, 201, 237, 216, 268
-0.998412, 209, 229, 224, 260
-0.998417, 165, 257, 180, 288
-0.998419, 331, 313, 346, 344
-0.998423, 227, 305, 242, 336
-0.998424, 149, 129, 180, 375
-0.998428, 143, 321, 158, 352
-0.998429, 221, 277, 236, 308
-0.998431, 147, 217, 162, 248
-0.998434, 265, 33, 296, 288
-0.998435, 177, 321, 192, 352
-0.998435, 343, 253, 358, 284
-0.998441, 177, 297, 192, 328
-0.998444, 189, 205, 204, 236
-0.998444, 193, 309, 208, 340
-0.998444, 313, 129, 344, 375
-0.998446, 361, 313, 376, 344
-0.998446, 147, 241, 162, 272
-0.998453, 145, 231, 208, 246
-0.998462, 355, 241, 370, 272
-0.998462, 219, 297, 234, 328
-0.998465, 233, 317, 248, 348
-0.998467, 187, 313, 202, 344
-0.998467, 153, 209, 216, 224
-0.99847, 289, 317, 352, 332
-0.99847, 153, 311, 216, 326
-0.998474, 171, 221, 186, 252
-0.998479, 193, 217, 256, 232
-0.998481, 193, 357, 256, 372
-0.998482, 197, 249, 212, 280
-0.998488, 169, 201, 184, 232
-0.998489, 185, 239, 248, 254
-0.998489, 169, 227, 200, 242
-0.998492, 81, 169, 208, 200
-0.998495, 171, 293, 186, 324
-0.998495, 153, 215, 216, 230
-0.998497, 365, 333, 380, 364
-0.998497, 297, 225, 360, 240
-0.998498, 397, 129, 428, 375
-0.9985, 185, 255, 248, 270
-0.9985, 233, 163, 296, 178
-0.9985, 161, 305, 224, 320
-0.998502, 185, 211, 248, 226
-0.998502, 65, 157, 192, 188
-0.998506, 321, 257, 384, 272
-0.998507, 193, 345, 256, 360
-0.998508, 145, 121, 272, 152
-0.998508, 121, 249, 184, 264
-0.998509, 169, 247, 232, 262
-0.99851, 159, 237, 174, 268
-0.998511, 311, 269, 326, 300
-0.998512, 177, 311, 240, 326
-0.998513, 145, 245, 208, 260
-0.998516, 217, 217, 280, 232
-0.998517, 137, 237, 200, 252
-0.998517, 209, 269, 272, 284
-0.99852, 121, 243, 184, 258
-0.99852, 299, 229, 314, 260
-0.998521, 297, 325, 360, 340
-0.998522, 209, 263, 272, 278
-0.998522, 161, 203, 224, 218
-0.998523, 185, 329, 248, 344
-0.998524, 205, 211, 236, 226
-0.998525, 185, 339, 248, 354
-0.998526, 337, 129, 368, 375
-0.998526, 137, 323, 200, 338
-0.998527, 189, 219, 220, 234
-0.998527, 337, 315, 400, 330
-0.998528, 193, 351, 256, 366
-0.998529, 289, 311, 352, 326
-0.99853, 273, 221, 288, 252
-0.99853, 121, 255, 184, 270
-0.998532, 217, 223, 280, 238
-0.998532, 145, 261, 208, 276
-0.998532, 373, 289, 388, 320
-0.998533, 185, 225, 248, 240
-0.998534, 337, 251, 400, 266
-0.998535, 185, 265, 248, 280
-0.998535, 337, 321, 400, 336
-0.998538, 137, 317, 200, 332
-0.998538, 233, 151, 296, 166
-0.998538, 225, 337, 288, 352
-0.99854, 185, 317, 248, 332
-0.998541, 265, 221, 328, 236
-0.998542, 241, 225, 304, 240
-0.998544, 171, 257, 186, 288
-0.998544, 153, 221, 216, 236
-0.998545, 225, 157, 288, 172
-0.998545, 177, 297, 240, 312
-0.998546, 279, 157, 294, 188
-0.998546, 241, 211, 304, 226
-0.998547, 213, 331, 244, 346
-0.998548, 337, 225, 400, 240
-0.998548, 193, 247, 256, 262
-0.998548, 241, 171, 304, 186
-0.998549, 221, 33, 252, 288
-0.99855, 175, 177, 190, 208
-0.99855, 201, 275, 264, 290
-0.998551, 321, 263, 384, 278
-0.998552, 145, 255, 208, 270
-0.998552, 313, 251, 376, 266
-0.998554, 209, 33, 240, 288
-0.998556, 273, 215, 336, 230
-0.998558, 225, 329, 288, 344
-0.998559, 153, 271, 216, 286
-0.99856, 345, 231, 408, 246
-0.998561, 209, 253, 272, 268
-0.998561, 313, 317, 376, 332
-0.998563, 217, 137, 280, 152
-0.998565, 313, 307, 376, 322
-0.998565, 217, 229, 280, 244
-0.998565, 217, 315, 280, 330
-0.998566, 321, 327, 384, 342
-0.998567, 217, 337, 248, 352
-0.998569, 121, 225, 184, 240
-0.998569, 345, 309, 408, 324
-0.99857, 105, 263, 168, 278
-0.99857, 345, 313, 360, 344
-0.99857, 225, 323, 288, 338
-0.998571, 217, 211, 280, 226
-0.998571, 329, 271, 392, 286
-0.998572, 221, 251, 252, 266
-0.998572, 169, 231, 232, 246
-0.998573, 129, 195, 192, 210
-0.998573, 153, 281, 216, 296
-0.998574, 241, 205, 304, 220
-0.998574, 145, 293, 208, 308
-0.998574, 225, 143, 288, 158
-0.998575, 345, 243, 408, 258
-0.998577, 129, 219, 192, 234
-0.998577, 33, 301, 96, 316
-0.998578, 47, 189, 62, 220
-0.998578, 161, 197, 224, 212
-0.998578, 97, 329, 160, 344
-0.99858, 201, 159, 264, 174
-0.998581, 193, 323, 256, 338
-0.998581, 137, 341, 200, 356
-0.998581, 421, 189, 436, 220
-0.998582, 337, 301, 400, 316
-0.998583, 329, 293, 392, 308
-0.998584, 157, 215, 188, 230
-0.998586, 177, 275, 240, 290
-0.998586, 265, 309, 328, 324
-0.998588, 361, 333, 424, 348
-0.998588, 345, 237, 408, 252
-0.998589, 137, 203, 200, 218
-0.998589, 225, 343, 288, 358
-0.998589, 153, 299, 216, 314
-0.99859, 129, 211, 192, 226
-0.998591, 233, 349, 296, 364
-0.998592, 289, 231, 352, 246
-0.998592, 361, 255, 424, 270
-0.998593, 41, 327, 104, 342
-0.998593, 161, 237, 224, 252
-0.998594, 313, 231, 376, 246
-0.998594, 337, 333, 400, 348
-0.998595, 241, 193, 304, 208
-0.998595, 313, 237, 376, 252
-0.998595, 201, 281, 216, 312
-0.998595, 185, 291, 248, 306
-0.998596, 9, 99, 72, 114
-0.998596, 181, 201, 196, 232
-0.998597, 209, 299, 272, 314
-0.998597, 361, 261, 424, 276
-0.998598, 305, 219, 368, 234
-0.998598, 369, 325, 432, 340
-0.998598, 121, 231, 184, 246
-0.998599, 281, 209, 344, 224
-0.998599, 33, 311, 96, 326
-0.998599, 105, 213, 168, 228
-0.9986, 193, 233, 256, 248
-0.9986, 305, 333, 368, 348
-0.998601, 265, 159, 328, 174
-0.998601, 105, 237, 168, 252
-0.998601, 265, 277, 328, 292
-0.998602, 155, 269, 170, 300
-0.998603, 25, 141, 88, 156
-0.998603, 17, 205, 144, 236
-0.998603, 249, 269, 312, 284
-0.998604, 241, 199, 304, 214
-0.998604, 33, 211, 96, 226
-0.998605, 33, 321, 96, 336
-0.998605, 225, 291, 288, 306
-0.998606, 41, 191, 104, 206
-0.998608, 161, 351, 224, 366
-0.998608, 177, 151, 240, 166
-0.99861, 209, 217, 224, 248
-0.998612, 239, 313, 254, 344
-0.998613, 165, 201, 196, 216
-0.998618, 153, 213, 168, 244
-0.998621, 337, 33, 464, 96
-0.998623, 385, 301, 400, 332
-0.998626, 161, 277, 176, 308
-0.998634, 229, 361, 260, 375
-0.998635, 73, 81, 136, 208
-0.998637, 349, 257, 380, 272
-0.998638, 193, 297, 208, 328
-0.998644, 145, 253, 176, 268
-0.998647, 159, 209, 174, 336
-0.998648, 205, 267, 236, 282
-0.998655, 225, 181, 352, 212
-0.998656, 263, 269, 278, 300
-0.998657, 309, 293, 324, 324
-0.998658, 215, 285, 230, 316
-0.99866, 199, 221, 214, 252
-0.998661, 209, 33, 240, 160
-0.998662, 213, 225, 244, 240
-0.998666, 227, 289, 242, 320
-0.998668, 1, 341, 128, 372
-0.99867, 215, 261, 230, 292
-0.998674, 153, 249, 168, 280
-0.998676, 317, 217, 332, 248
-0.998677, 165, 213, 180, 244
-0.998678, 361, 237, 376, 268
-0.998683, 153, 223, 184, 238
-0.998698, 221, 349, 252, 364
-0.998725, 367, 241, 382, 368
-0.998728, 137, 129, 168, 375
-0.998752, 241, 41, 368, 104
-0.998753, 217, 213, 248, 228
-0.998755, 233, 33, 264, 288
-0.998761, 349, 129, 380, 375
-0.998761, 345, 251, 376, 266
-0.99878, 169, 249, 200, 264
-0.998809, 429, 97, 460, 352
-0.998817, 369, 301, 496, 332
-0.998822, 175, 161, 190, 288
-0.998825, 149, 315, 180, 330
-0.99883, 245, 1, 276, 256
-0.998849, 151, 209, 166, 336
-0.998853, 29, 129, 60, 256
-0.998866, 417, 129, 448, 375
-0.998867, 17, 161, 144, 224
-0.998874, 289, 33, 320, 288
-0.99888, 283, 145, 298, 272
-0.998887, 359, 225, 374, 352
-0.998887, 197, 33, 228, 288
-0.998904, 5, 177, 36, 304
-0.998905, 369, 1, 496, 64
-0.998913, 145, 247, 176, 262
-0.998923, 373, 241, 388, 368
-0.998924, 325, 129, 356, 375
-0.998925, 169, 305, 200, 320
-0.998929, 203, 193, 218, 320
-0.998936, 97, 193, 128, 320
-0.998938, 273, 153, 400, 184
-0.998957, 223, 241, 238, 368
-0.998987, 301, 311, 332, 326
-0.998993, 369, 325, 496, 356
-0.998996, 369, 169, 496, 200
-0.999011, 221, 129, 236, 256
-0.99902, 165, 225, 180, 352
-0.99903, 337, 225, 368, 240
-0.999042, 205, 359, 236, 374
-0.999046, 433, 225, 464, 352
-0.999052, 97, 1, 224, 128
-0.999063, 1, 81, 128, 144
-0.999084, 373, 97, 404, 352
-0.999089, 277, 33, 308, 288
-0.999093, 49, 41, 176, 104
-0.999098, 33, 169, 160, 200
-0.999098, 167, 177, 182, 304
-0.9991, 49, 129, 80, 375
-0.999105, 351, 209, 366, 336
-0.999119, 187, 209, 202, 336
-0.99912, 1, 1, 32, 256
-0.999131, 193, 225, 208, 352
-0.999132, 255, 113, 270, 240
-0.999158, 369, 181, 496, 212
-0.99916, 209, 129, 224, 256
-0.999164, 267, 129, 282, 256
-0.999172, 225, 193, 240, 320
-0.999189, 129, 109, 256, 140
-0.99919, 275, 145, 290, 272
-0.999192, 49, 117, 176, 148
-0.999195, 231, 193, 246, 320
-0.999196, 97, 85, 224, 116
-0.9992, 153, 33, 184, 288
-0.999216, 1, 253, 128, 284
-0.999225, 49, 81, 176, 112
-0.999236, 161, 73, 416, 136
-0.999241, 213, 225, 228, 352
-0.999248, 369, 157, 496, 188
-0.999251, 215, 129, 230, 256
-0.999256, 173, 33, 204, 288
-0.99926, 249, 113, 264, 240
-0.999265, 77, 129, 108, 375
-0.999269, 361, 129, 392, 375
-0.999277, 73, 1, 104, 256
-0.999284, 81, 145, 208, 176
-0.999285, 193, 129, 208, 256
-0.99929, 385, 129, 416, 375
-0.999292, 145, 225, 160, 352
-0.999297, 243, 113, 258, 240
-0.9993, 317, 209, 332, 336
-0.999301, 13, 97, 44, 352
-0.999308, 325, 209, 340, 336
-0.999315, 199, 129, 214, 256
-0.999315, 341, 209, 356, 336
-0.999316, 305, 33, 336, 288
-0.999317, 303, 209, 318, 336
-0.999319, 429, 1, 460, 256
-0.99933, 287, 193, 302, 320
-0.999331, 65, 129, 96, 375
-0.999339, 317, 33, 348, 288
-0.999339, 199, 241, 214, 368
-0.999351, 65, 129, 192, 160
-0.999369, 321, 145, 448, 208
-0.999373, 305, 137, 432, 168
-0.999373, 185, 33, 216, 288
-0.999377, 235, 145, 250, 272
-0.999378, 25, 129, 56, 375
-0.99938, 309, 209, 324, 336
-0.999384, 369, 197, 496, 228
-0.9994, 227, 129, 242, 256
-0.999423, 193, 41, 448, 104
-0.999426, 229, 241, 244, 368
-0.999428, 181, 193, 196, 320
-0.999429, 333, 33, 364, 288
-0.999435, 33, 41, 288, 104
-0.999453, 37, 129, 68, 375
-0.999458, 329, 177, 360, 304
-0.999461, 293, 177, 308, 304
-0.999462, 335, 209, 350, 336
-0.999465, 413, 33, 444, 288
-0.999477, 393, 33, 424, 288
-0.99948, 33, 17, 96, 144
-0.999484, 177, 101, 304, 132
-0.999489, 171, 225, 186, 352
-0.999491, 369, 49, 496, 80
-0.999493, 219, 177, 234, 304
-0.999505, 65, 101, 192, 132
-0.999546, 261, 113, 276, 240
-0.999558, 193, 177, 208, 304
-0.999559, 89, 129, 120, 375
-0.999584, 69, 49, 100, 176
-0.999587, 211, 177, 226, 304
-0.999588, 445, 129, 476, 375
-0.999589, 137, 33, 168, 288
-0.99959, 197, 271, 212, 286
-0.99959, 23, 129, 38, 144
-0.99959, 173, 211, 188, 226
-0.99959, 191, 263, 206, 278
-0.99959, 117, 129, 148, 375
-0.999591, 427, 141, 442, 156
-0.999592, 155, 227, 170, 242
-0.999592, 231, 333, 246, 348
-0.999592, 203, 209, 218, 224
-0.999592, 347, 325, 362, 340
-0.999593, 363, 331, 378, 346
-0.999593, 193, 229, 208, 244
-0.999595, 211, 217, 226, 232
-0.999595, 225, 271, 240, 286
-0.999595, 189, 255, 204, 270
-0.999595, 143, 321, 158, 336
-0.999595, 353, 323, 368, 338
-0.999595, 147, 261, 162, 276
-0.999596, 165, 295, 180, 310
-0.999596, 385, 305, 400, 320
-0.999597, 265, 145, 280, 160
-0.999597, 203, 243, 218, 258
-0.999597, 33, 151, 48, 166
-0.999597, 237, 355, 252, 370
-0.999598, 237, 257, 252, 272
-0.999598, 1, 129, 32, 375
-0.999598, 375, 331, 390, 346
-0.999599, 193, 213, 208, 228
-0.999599, 279, 161, 294, 176
-0.999599, 219, 279, 234, 294
-0.9996, 201, 349, 216, 364
-0.9996, 247, 161, 262, 176
-0.9996, 197, 219, 212, 234
-0.9996, 223, 235, 238, 250
-0.999601, 363, 257, 378, 272
-0.999601, 325, 315, 340, 330
-0.999603, 241, 159, 256, 174
-0.999603, 181, 341, 196, 356
-0.999603, 203, 223, 218, 238
-0.999603, 367, 263, 382, 278
-0.999604, 187, 341, 202, 356
-0.999605, 171, 259, 186, 274
-0.999608, 149, 317, 164, 332
-0.999608, 371, 275, 386, 290
-0.999608, 157, 221, 172, 236
-0.999608, 317, 271, 332, 286
-0.999609, 235, 213, 250, 228
-0.99961, 203, 321, 218, 336
-0.99961, 195, 327, 210, 342
-0.999611, 191, 295, 206, 310
-0.999612, 213, 271, 228, 286
-0.999613, 355, 249, 370, 264
-0.999614, 181, 145, 196, 272
-0.999614, 195, 313, 210, 328
-0.999614, 217, 227, 232, 242
-0.999614, 171, 233, 186, 248
-0.999614, 313, 309, 328, 324
-0.999614, 231, 245, 246, 260
-0.999615, 171, 247, 186, 262
-0.999615, 353, 333, 368, 348
-0.999616, 197, 265, 212, 280
-0.999617, 153, 233, 168, 248
-0.999617, 231, 361, 246, 375
-0.999617, 185, 241, 200, 256
-0.999618, 341, 321, 356, 336
-0.999619, 47, 193, 62, 208
-0.999619, 289, 49, 416, 112
-0.999619, 205, 283, 220, 298
-0.99962, 177, 201, 192, 216
-0.99962, 215, 255, 230, 270
-0.99962, 359, 337, 374, 352
-0.999622, 209, 359, 224, 374
-0.999622, 185, 221, 200, 236
-0.999623, 23, 135, 38, 150
-0.999624, 225, 221, 240, 236
-0.999625, 231, 263, 246, 278
-0.999625, 207, 277, 222, 292
-0.999626, 17, 133, 32, 148
-0.999627, 343, 255, 358, 270
-0.999628, 361, 251, 376, 266
-0.99963, 191, 347, 206, 362
-0.999632, 157, 245, 172, 260
-0.999633, 177, 195, 192, 210
-0.999633, 267, 153, 282, 168
-0.999633, 213, 331, 228, 346
-0.999635, 203, 215, 218, 230
-0.999637, 149, 223, 164, 238
-0.999637, 171, 195, 186, 210
-0.999638, 281, 167, 296, 182
-0.999639, 263, 287, 278, 302
-0.999641, 171, 227, 186, 242
-0.999641, 217, 219, 232, 234
-0.999642, 149, 249, 164, 264
-0.999642, 381, 329, 396, 344
-0.999644, 179, 303, 194, 318
-0.999645, 369, 335, 384, 350
-0.999645, 319, 313, 334, 328
-0.999646, 211, 351, 226, 366
-0.999646, 185, 299, 200, 314
-0.999647, 273, 161, 288, 176
-0.999647, 229, 215, 244, 230
-0.999652, 287, 169, 302, 184
-0.999653, 153, 239, 168, 254
-0.999653, 161, 215, 176, 230
-0.999656, 157, 251, 172, 266
-0.999657, 225, 227, 240, 242
-0.999658, 221, 209, 236, 224
-0.999659, 379, 297, 394, 312
-0.999661, 213, 277, 228, 292
-0.999663, 165, 249, 180, 264
-0.999664, 227, 317, 242, 332
-0.999664, 167, 201, 182, 216
-0.999664, 231, 257, 246, 272
-0.999665, 237, 361, 252, 375
-0.999669, 215, 249, 230, 264
-0.999669, 369, 269, 384, 284
-0.999673, 161, 161, 176, 288
-0.999675, 13, 1, 44, 256
-0.999677, 337, 61, 464, 92
-0.999678, 193, 247, 208, 262
-0.999679, 219, 273, 234, 288
-0.999681, 225, 257, 240, 272
-0.999681, 233, 345, 248, 360
-0.999682, 171, 307, 186, 322
-0.999683, 49, 69, 176, 100
-0.999687, 231, 251, 246, 266
-0.999689, 61, 33, 92, 288
-0.999689, 165, 255, 180, 270
-0.99969, 221, 263, 236, 278
-0.999692, 225, 251, 240, 266
-0.999693, 373, 177, 404, 304
-0.999693, 223, 215, 238, 230
-0.999694, 155, 315, 170, 330
-0.999694, 177, 45, 304, 76
-0.999697, 229, 207, 244, 222
-0.999699, 163, 209, 178, 224
-0.999711, 381, 1, 412, 256
-0.999711, 161, 311, 176, 326
-0.999712, 349, 225, 364, 240
-0.999714, 449, 33, 480, 288
-0.999721, 307, 309, 322, 324
-0.999728, 231, 339, 246, 354
-0.999733, 419, 177, 434, 304
-0.999744, 147, 255, 162, 270
-0.999747, 321, 45, 448, 76
-0.99975, 181, 241, 196, 368
-0.999767, 345, 33, 376, 288
-0.999774, 187, 129, 202, 256
-0.999796, 133, 129, 164, 256
-0.999807, 237, 193, 252, 320
-0.999828, 155, 161, 170, 288
-0.999829, 145, 177, 160, 304
-0.99983, 293, 225, 308, 352
-0.999836, 337, 77, 464, 108
-0.99984, 321, 345, 448, 375
-0.999846, 45, 193, 60, 320
-0.999855, 337, 117, 464, 148
-0.999856, 25, 33, 56, 288
-0.999856, 97, 73, 224, 104
-0.999863, 77, 241, 92, 368
-0.999865, 1, 1, 128, 128
-0.999867, 321, 205, 448, 236
-0.999875, 1, 85, 128, 116
-0.999875, 101, 129, 132, 375
-0.999879, 419, 129, 434, 256
-0.999881, 289, 129, 304, 256
-0.999886, 281, 193, 296, 320
-0.999906, 357, 33, 388, 288
-0.999909, 125, 33, 156, 288
-0.999912, 337, 89, 464, 120
-0.999922, 203, 81, 218, 208
-0.999926, 195, 81, 210, 208
-0.99993, 269, 241, 284, 368
-0.999931, 129, 225, 144, 352
-0.999934, 205, 241, 220, 368
-0.999941, 381, 241, 396, 368
-0.999945, 235, 241, 250, 368
-0.999949, 369, 5, 496, 36
-0.999949, 139, 209, 154, 336
-0.999951, 97, 241, 112, 368
-0.999958, 113, 97, 240, 128
-0.999982, 49, 33, 80, 288
-0.999989, 89, 241, 104, 368
-0.999995, 39, 177, 54, 304
-0.999995, 1, 129, 500, 192
-1.00001, 241, 121, 368, 152
-1.00001, 145, 77, 272, 108
-1.00002, 245, 161, 260, 288
-1.00002, 1, 5, 128, 36
-1.00002, 255, 241, 270, 368
-1.00003, 321, 33, 448, 64
-1.00003, 399, 129, 414, 256
-1.00004, 425, 129, 440, 256
-1.00004, 123, 241, 138, 368
-1.00005, 367, 193, 382, 320
-1.00007, 209, 81, 224, 208
-1.00007, 387, 225, 402, 352
-1.00007, 1, 141, 128, 172
-1.00009, 337, 101, 464, 132
-1.00009, 245, 241, 260, 368
-1.0001, 257, 49, 384, 80
-1.00011, 47, 145, 62, 272
-1.00011, 115, 241, 130, 368
-1.00011, 321, 189, 448, 220
-1.00012, 353, 133, 480, 164
-1.00012, 413, 193, 428, 320
-1.00013, 425, 177, 440, 304
-1.00013, 315, 161, 330, 288
-1.00013, 263, 241, 278, 368
-1.00014, 105, 1, 168, 128
-1.00014, 17, 189, 144, 220
-1.00015, 233, 97, 248, 224
-1.00015, 103, 241, 118, 368
-1.00016, 441, 129, 456, 256
-1.00016, 275, 97, 290, 224
-1.00016, 113, 193, 144, 320
-1.00017, 369, 33, 496, 64
-1.00017, 33, 9, 288, 72
-1.00017, 295, 129, 310, 256
-1.00018, 261, 193, 276, 320
-1.00018, 413, 129, 428, 256
-1.00019, 267, 81, 282, 208
-1.00019, 275, 209, 290, 336
-1.00019, 53, 241, 68, 368
-1.00019, 37, 129, 52, 256
-1.0002, 89, 33, 120, 288
-1.0002, 321, 165, 448, 196
-1.00021, 73, 49, 88, 176
-1.00021, 55, 161, 70, 288
-1.00022, 63, 241, 78, 368
-1.00023, 361, 177, 376, 304
-1.00024, 71, 241, 86, 368
-1.00024, 301, 145, 316, 272
-1.00024, 461, 1, 492, 256
-1.00025, 15, 113, 30, 240
-1.00025, 255, 161, 270, 288
-1.00025, 37, 33, 68, 288
-1.00025, 65, 193, 96, 320
-1.00026, 7, 81, 22, 208
-1.00026, 83, 225, 98, 352
-1.00026, 321, 161, 336, 288
-1.00027, 1, 81, 500, 144
-1.00027, 309, 161, 324, 288
-1.00027, 11, 193, 26, 320
-1.00028, 147, 129, 162, 256
-1.00028, 369, 1, 400, 256
-1.00028, 113, 49, 240, 112
-1.0003, 65, 9, 192, 72
-1.0003, 81, 145, 96, 272
-1.00031, 393, 241, 408, 368
-1.00031, 113, 1, 144, 256
-1.00031, 101, 33, 132, 288
-1.00032, 109, 241, 124, 368
-1.00033, 433, 129, 448, 256
-1.00033, 73, 193, 88, 320
-1.00033, 353, 161, 368, 288
-1.00034, 47, 97, 62, 224
-1.00034, 129, 97, 384, 160
-1.00034, 3, 161, 18, 288
-1.00035, 407, 129, 422, 256
-1.00035, 445, 209, 476, 336
-1.00035, 377, 193, 392, 320
-1.00036, 397, 177, 412, 304
-1.00037, 425, 225, 440, 352
-1.00037, 419, 225, 434, 352
-1.00037, 47, 241, 62, 368
-1.00037, 469, 129, 500, 375
-1.0004, 155, 113, 170, 240
-1.0004, 169, 129, 184, 256
-1.00041, 259, 65, 274, 192
-1.00042, 139, 161, 154, 288
-1.00042, 93, 193, 108, 320
-1.00044, 457, 129, 488, 375
-1.00052, 5, 81, 36, 208
-1.00059, 57, 97, 88, 224
-1.00064, 377, 97, 408, 224
-1.00065, 193, 49, 224, 176
-1.00073, 289, 73, 416, 136
-1.00073, 401, 225, 432, 352
-1.00074, 257, 9, 500, 72
-1.00078, 21, 241, 52, 368
-1.00083, 289, 25, 416, 88
-1.00085, 1, 185, 128, 248
-1.00088, 177, 73, 304, 136
-1.00088, 65, 145, 96, 272
-1.0009, 1, 121, 128, 184
-1.00099, 305, 169, 432, 232
-1.00109, 181, 81, 212, 208
-1.00118, 225, 97, 480, 160
-1.00122, 241, 17, 368, 80
-1.00128, 233, 49, 264, 176
-1.00133, 1, 57, 128, 120
-1.0014, 221, 49, 252, 176
-1.00146, 45, 193, 76, 320
-1.00152, 29, 81, 60, 208
-1.00158, 321, 1, 448, 64
-1.00162, 277, 97, 308, 224
-1.00162, 1, 49, 500, 112
-1.00176, 1, 105, 500, 168
-1.00179, 113, 25, 240, 88
-1.00188, 169, 65, 200, 192
-1.00193, 445, 161, 476, 288
-1.00194, 369, 113, 496, 176
-1.00197, 281, 65, 344, 192
-1.00211, 161, 1, 416, 64
-1.00211, 257, 65, 500, 128
-1.00214, 397, 81, 428, 208
-1.00224, 429, 49, 460, 176
-1.00227, 413, 241, 444, 368
-1.00235, 69, 97, 100, 224
-1.00237, 193, 17, 320, 80
-1.00249, 1, 33, 128, 96
-1.00249, 1, 1, 500, 64
-1.00266, 1, 25, 500, 88
-1.00274, 253, 33, 284, 160
-1.00284, 129, 65, 160, 192
-1.00292, 21, 193, 52, 320
-1.00304, 377, 49, 408, 176
-1.00311, 1, 1, 64, 128
-1.00312, 437, 113, 468, 240
-1.00317, 9, 33, 40, 160
-1.00318, 241, 73, 368, 136
-1.00318, 449, 1, 480, 128
-1.00323, 329, 129, 360, 256
-1.00323, 77, 1, 108, 128
-1.00325, 145, 1, 272, 64
-1.00328, 185, 1, 216, 128
-1.00328, 289, 97, 320, 224
-1.0035, 333, 33, 364, 160
-1.0037, 1, 1, 128, 64
-1.00381, 141, 49, 172, 176
-1.00386, 241, 1, 272, 128
-1.00388, 9, 225, 40, 352
-1.004, 409, 81, 440, 208
-1.00407, 265, 33, 296, 160
-1.00409, 81, 113, 112, 240
-1.00417, 41, 97, 72, 224
-1.00419, 357, 145, 388, 272
-1.0044, 57, 49, 88, 176
-1.00458, 437, 1, 468, 128
-1.00467, 157, 49, 188, 176
-1.00486, 449, 81, 480, 208
-1.00494, 221, 1, 252, 128
-1.00536, 413, 1, 444, 128
-1.00566, 377, 1, 408, 128
-1.00597, 281, 17, 312, 144
-1.00607, 305, 33, 336, 160
