1890
-0.484024, 1, 1, 500, 256
-0.577977, 1, 1, 256, 334
-0.595702, 1, 1, 500, 334
-0.598897, 225, 1, 480, 334
-0.600262, 129, 1, 384, 334
-0.624248, 65, 65, 320, 320
-0.705272, 193, 65, 448, 320
-0.873649, 17, 33, 144, 288
-0.874756, 369, 1, 496, 334
-0.882566, 113, 65, 240, 320
-0.886327, 161, 65, 288, 320
-0.88656, 225, 1, 352, 334
-0.886716, 129, 1, 256, 334
-0.887034, 65, 209, 320, 334
-0.893891, 65, 65, 192, 320
-0.894401, 17, 1, 144, 334
-0.897689, 1, 209, 500, 334
-0.9004, 209, 65, 336, 320
-0.909358, 1, 97, 500, 224
-0.910073, 81, 1, 208, 334
-0.910229, 353, 65, 480, 320
-0.911724, 1, 1, 500, 128
-0.912687, 305, 65, 432, 320
-0.918739, 257, 65, 384, 320
-0.919481, 289, 1, 416, 334
-0.921492, 113, 177, 240, 304
-0.927309, 33, 161, 288, 288
-0.929917, 177, 1, 304, 334
-0.930406, 1, 49, 500, 176
-0.934837, 161, 209, 288, 334
-0.936847, 97, 193, 160, 320
-0.938851, 65, 97, 320, 224
-0.942039, 121, 209, 184, 334
-0.942536, 209, 209, 272, 334
-0.942734, 65, 177, 192, 304
-0.943318, 185, 209, 248, 334
-0.94399, 193, 209, 448, 334
-0.945307, 33, 129, 160, 256
-0.946531, 257, 97, 500, 224
-0.947811, 209, 225, 272, 288
-0.948342, 1, 145, 500, 272
-0.948387, 1, 17, 256, 144
-0.948789, 161, 113, 416, 240
-0.949015, 1, 1, 64, 128
-0.949161, 257, 33, 500, 160
-0.949464, 113, 129, 240, 256
-0.949938, 369, 49, 496, 176
-0.952299, 121, 145, 184, 272
-0.952572, 153, 161, 216, 288
-0.95379, 161, 161, 288, 288
-0.953971, 9, 25, 72, 88
-0.954882, 209, 209, 336, 334
-0.955168, 177, 201, 240, 264
-0.955697, 129, 217, 192, 280
-0.955819, 153, 209, 216, 334
-0.956274, 201, 201, 264, 264
-0.956396, 129, 81, 256, 208
-0.956512, 1, 1, 128, 128
-0.957127, 105, 233, 168, 296
-0.957811, 433, 33, 496, 160
-0.957871, 97, 193, 160, 256
-0.957871, 129, 33, 384, 160
-0.958055, 17, 177, 144, 304
-0.958933, 161, 225, 224, 288
-0.95936, 145, 97, 208, 224
-0.959467, 129, 193, 192, 256
-0.95959, 409, 33, 472, 160
-0.960017, 121, 97, 184, 224
-0.960058, 25, 1, 88, 128
-0.960203, 33, 65, 160, 192
-0.960387, 241, 257, 304, 320
-0.960749, 57, 113, 120, 240
-0.961278, 201, 249, 264, 312
-0.961377, 129, 241, 192, 304
-0.961576, 17, 49, 80, 176
-0.962066, 73, 209, 136, 334
-0.96216, 161, 217, 288, 280
-0.962983, 193, 81, 256, 208
-0.96309, 113, 241, 240, 304
-0.96309, 89, 129, 152, 256
-0.963454, 177, 97, 304, 224
-0.964091, 433, 49, 496, 112
-0.964171, 209, 161, 272, 288
-0.964464, 233, 209, 296, 334
-0.965723, 81, 209, 208, 272
-0.96576, 185, 225, 248, 288
-0.965871, 273, 273, 336, 334
-0.966381, 401, 73, 464, 136
-0.966446, 153, 201, 216, 264
-0.967057, 257, 97, 384, 224
-0.967081, 185, 161, 248, 288
-0.967545, 81, 81, 208, 208
-0.967835, 321, 17, 448, 144
-0.968028, 369, 81, 432, 208
-0.968033, 129, 161, 384, 288
-0.968153, 129, 265, 192, 328
-0.968348, 25, 113, 88, 240
-0.968641, 297, 273, 360, 334
-0.968744, 81, 233, 144, 296
-0.96907, 305, 81, 432, 208
-0.9691, 213, 193, 244, 320
-0.969104, 89, 257, 152, 320
-0.969281, 169, 249, 232, 312
-0.969313, 209, 265, 336, 328
-0.969327, 129, 193, 160, 320
-0.969355, 237, 209, 268, 334
-0.969398, 117, 193, 148, 320
-0.9695, 177, 241, 304, 304
-0.969671, 57, 161, 120, 288
-0.970032, 377, 265, 440, 328
-0.97016, 201, 97, 264, 160
-0.970309, 169, 177, 232, 240
-0.970463, 297, 97, 360, 224
-0.970469, 121, 113, 184, 176
-0.970698, 129, 169, 192, 232
-0.970841, 57, 217, 120, 280
-0.970881, 193, 177, 256, 240
-0.970993, 105, 177, 136, 304
-0.971244, 197, 209, 228, 334
-0.971508, 65, 17, 192, 144
-0.971509, 33, 217, 160, 280
-0.971647, 29, 1, 60, 128
-0.971709, 257, 209, 320, 334
-0.971816, 1, 65, 64, 128
-0.972144, 217, 97, 280, 224
-0.972281, 65, 185, 192, 248
-0.972345, 89, 65, 152, 192
-0.972414, 169, 97, 232, 224
-0.972509, 225, 209, 256, 334
-0.972812, 17, 17, 48, 144
-0.97283, 409, 49, 472, 112
-0.973219, 33, 113, 96, 176
-0.973225, 337, 49, 400, 176
-0.973463, 137, 241, 168, 304
-0.973541, 225, 49, 352, 176
-0.973609, 129, 193, 256, 256
-0.973721, 1, 1, 64, 64
-0.974352, 49, 193, 112, 256
-0.974469, 49, 209, 112, 334
-0.974774, 305, 49, 368, 176
-0.974779, 1, 153, 64, 216
-0.974873, 233, 225, 264, 288
-0.974928, 265, 97, 328, 224
-0.975006, 129, 33, 256, 160
-0.975026, 113, 169, 240, 232
-0.975029, 1, 1, 64, 256
-0.975195, 33, 1, 96, 64
-0.97534, 121, 65, 184, 320
-0.975408, 273, 33, 400, 160
-0.975444, 213, 209, 244, 272
-0.975462, 49, 17, 112, 144
-0.975483, 245, 241, 276, 304
-0.975566, 1, 89, 64, 152
-0.975695, 241, 113, 304, 240
-0.975812, 49, 161, 176, 224
-0.975827, 393, 81, 456, 208
-0.975912, 377, 89, 440, 152
-0.975955, 161, 97, 224, 160
-0.975988, 13, 33, 44, 96
-0.976003, 209, 65, 272, 320
-0.976116, 321, 97, 384, 224
-0.976141, 425, 73, 488, 136
-0.976313, 181, 201, 212, 264
-0.976427, 209, 161, 336, 288
-0.976481, 145, 97, 272, 160
-0.97658, 225, 241, 352, 304
-0.976584, 385, 17, 448, 144
-0.97667, 113, 137, 176, 200
-0.976751, 353, 97, 480, 224
-0.976774, 33, 57, 96, 120
-0.976776, 65, 65, 128, 192
-0.976852, 301, 273, 332, 334
-0.976932, 197, 217, 228, 280
-0.976936, 145, 1, 208, 64
-0.977112, 65, 273, 128, 334
-0.977315, 225, 113, 288, 176
-0.977368, 33, 137, 96, 200
-0.977407, 29, 17, 60, 80
-0.977451, 5, 17, 36, 144
-0.977485, 65, 241, 192, 304
-0.977513, 25, 185, 88, 248
-0.977519, 161, 249, 192, 312
-0.977697, 345, 97, 408, 224
-0.977802, 9, 121, 72, 184
-0.97781, 73, 153, 136, 216
-0.97781, 185, 209, 216, 334
-0.977945, 153, 153, 216, 216
-0.977998, 1, 17, 128, 80
-0.978283, 141, 209, 172, 334
-0.9783, 117, 193, 148, 256
-0.978368, 133, 217, 164, 280
-0.978382, 289, 273, 416, 334
-0.978409, 225, 193, 288, 256
-0.978462, 177, 1, 240, 64
-0.978495, 1, 113, 64, 240
-0.978508, 129, 113, 160, 240
-0.978585, 265, 113, 328, 176
-0.978689, 149, 241, 180, 304
-0.978847, 185, 1, 248, 256
-0.978863, 97, 265, 224, 328
-0.978902, 177, 49, 304, 176
-0.978991, 137, 49, 200, 176
-0.979083, 337, 105, 400, 168
-0.979106, 1, 33, 32, 96
-0.979193, 145, 65, 208, 320
-0.979307, 97, 65, 160, 320
-0.979322, 153, 209, 184, 334
-0.979351, 121, 233, 152, 296
-0.979551, 233, 49, 296, 176
-0.979616, 185, 33, 248, 160
-0.979652, 225, 1, 288, 64
-0.979703, 33, 25, 96, 88
-0.979767, 9, 161, 72, 288
-0.979945, 369, 89, 496, 152
-0.979983, 93, 209, 124, 334
-0.98005, 257, 233, 320, 296
-0.98007, 33, 137, 160, 200
-0.98018, 57, 129, 88, 256
-0.980254, 173, 249, 204, 312
-0.980306, 229, 193, 260, 256
-0.980353, 17, 185, 144, 248
-0.980418, 361, 17, 424, 144
-0.980501, 225, 161, 480, 288
-0.980542, 229, 249, 260, 312
-0.980553, 33, 161, 96, 288
-0.980666, 241, 89, 304, 152
-0.980716, 161, 17, 224, 144
-0.980792, 97, 169, 160, 232
-0.980927, 225, 1, 352, 128
-0.981018, 437, 49, 468, 112
-0.981137, 125, 265, 156, 328
-0.98123, 201, 161, 232, 288
-0.981232, 425, 81, 488, 208
-0.981277, 185, 73, 248, 136
-0.981311, 29, 81, 60, 208
-0.981343, 201, 193, 232, 256
-0.981372, 41, 105, 72, 168
-0.981376, 81, 129, 144, 192
-0.98141, 425, 25, 488, 88
-0.981451, 433, 73, 464, 136
-0.981463, 181, 161, 212, 288
-0.981635, 233, 233, 296, 296
-0.981705, 73, 177, 136, 240
-0.981722, 21, 73, 52, 136
-0.981724, 289, 113, 352, 176
-0.981726, 217, 257, 248, 320
-0.981748, 185, 225, 216, 288
-0.981753, 217, 273, 280, 334
-0.981759, 337, 1, 400, 128
-0.981787, 193, 153, 256, 216
-0.981787, 437, 33, 468, 160
-0.981814, 281, 1, 344, 64
-0.981879, 25, 89, 88, 152
-0.98191, 141, 145, 172, 272
-0.982021, 153, 201, 184, 264
-0.982084, 97, 217, 128, 280
-0.982099, 1, 1, 32, 64
-0.982103, 165, 209, 196, 334
-0.982149, 117, 129, 148, 256
-0.982195, 25, 1, 88, 256
-0.982226, 161, 265, 288, 328
-0.982368, 145, 265, 176, 328
-0.982369, 109, 241, 140, 304
-0.982411, 145, 1, 272, 64
-0.982478, 313, 105, 376, 168
-0.982491, 105, 129, 136, 256
-0.982504, 153, 121, 216, 184
-0.98259, 57, 65, 120, 320
-0.98262, 257, 65, 320, 320
-0.982788, 245, 217, 276, 280
-0.982794, 385, 41, 448, 104
-0.982809, 129, 113, 160, 176
-0.98283, 257, 1, 320, 64
-0.982898, 97, 113, 224, 176
-0.982948, 261, 257, 292, 320
-0.983047, 85, 217, 116, 280
-0.983088, 145, 97, 176, 224
-0.983094, 201, 241, 232, 304
-0.983124, 209, 237, 272, 268
-0.983127, 369, 1, 432, 64
-0.983132, 97, 273, 128, 334
-0.983132, 433, 1, 496, 256
-0.983164, 113, 49, 176, 176
-0.983287, 89, 1, 152, 64
-0.983308, 49, 161, 112, 224
-0.983325, 201, 1, 264, 64
-0.983351, 193, 105, 320, 168
-0.983458, 369, 1, 496, 128
-0.983463, 337, 1, 400, 64
-0.983482, 209, 33, 272, 160
-0.98354, 169, 217, 200, 280
-0.983545, 105, 193, 136, 256
-0.983622, 113, 1, 176, 64
-0.983637, 57, 129, 120, 192
-0.983662, 33, 161, 64, 224
-0.983769, 273, 301, 336, 332
-0.9838, 313, 265, 344, 328
-0.983815, 213, 233, 244, 296
-0.983818, 25, 161, 88, 224
-0.98385, 169, 193, 200, 256
-0.983896, 41, 33, 72, 160
-0.983941, 1, 185, 64, 248
-0.983952, 273, 113, 400, 176
-0.984042, 129, 193, 160, 256
-0.984067, 105, 33, 168, 96
-0.984179, 121, 249, 184, 280
-0.984189, 97, 1, 160, 128
-0.984191, 145, 105, 176, 168
-0.984207, 1, 41, 128, 104
-0.984226, 121, 57, 184, 120
-0.984246, 421, 65, 452, 128
-0.98425, 45, 113, 76, 240
-0.984262, 241, 265, 272, 328
-0.984263, 329, 65, 392, 320
-0.984329, 33, 57, 64, 120
-0.984349, 225, 97, 256, 160
-0.984383, 153, 273, 216, 334
-0.984393, 97, 241, 128, 304
-0.984412, 177, 193, 304, 256
-0.984423, 337, 65, 464, 128
-0.984446, 249, 209, 280, 334
-0.984449, 201, 217, 264, 248
-0.984494, 29, 97, 60, 160
-0.984569, 321, 97, 448, 160
-0.984579, 313, 1, 376, 64
-0.98458, 213, 97, 244, 160
-0.984622, 281, 33, 344, 160
-0.984654, 233, 65, 296, 320
-0.984668, 81, 49, 144, 112
-0.984697, 189, 177, 220, 240
-0.984727, 1, 57, 32, 120
-0.984729, 53, 129, 84, 192
-0.984758, 217, 177, 248, 240
-0.984978, 369, 1, 432, 256
-0.984979, 141, 177, 172, 240
-0.98508, 461, 33, 492, 160
-0.985086, 105, 237, 168, 268
-0.985118, 17, 9, 48, 72
-0.985151, 281, 25, 344, 88
-0.98517, 449, 49, 480, 112
-0.985204, 21, 137, 52, 200
-0.985247, 405, 89, 436, 152
-0.985255, 393, 1, 456, 64
-0.985258, 149, 137, 180, 200
-0.985267, 65, 145, 96, 208
-0.985304, 53, 193, 84, 256
-0.985423, 321, 1, 448, 64
-0.985438, 17, 241, 144, 304
-0.985439, 9, 33, 72, 64
-0.985493, 417, 1, 480, 334
-0.985599, 145, 257, 208, 288
-0.985615, 85, 161, 116, 224
-0.985697, 97, 145, 224, 208
-0.985728, 137, 89, 200, 152
-0.985741, 153, 161, 184, 288
-0.985747, 257, 49, 320, 176
-0.985801, 157, 177, 188, 240
-0.985821, 193, 1, 256, 334
-0.985841, 57, 1, 120, 64
-0.985873, 381, 97, 412, 160
-0.985884, 97, 1, 224, 64
-0.98589, 157, 105, 188, 168
-0.985892, 173, 169, 204, 232
-0.985904, 169, 81, 200, 208
-0.985928, 461, 49, 492, 112
-0.985937, 165, 1, 196, 64
-0.985942, 77, 193, 108, 256
-0.985946, 289, 273, 320, 334
-0.986018, 65, 121, 96, 184
-0.98603, 225, 253, 288, 284
-0.986072, 53, 105, 84, 168
-0.986076, 85, 273, 116, 334
-0.986157, 305, 65, 368, 320
-0.986158, 189, 1, 220, 64
-0.986164, 401, 65, 464, 320
-0.986166, 41, 1, 72, 64
-0.986209, 177, 1, 208, 64
-0.986225, 9, 65, 40, 192
-0.986252, 113, 169, 144, 232
-0.986255, 65, 225, 320, 288
-0.986264, 77, 145, 108, 272
-0.986397, 5, 97, 36, 160
-0.986445, 377, 65, 440, 128
-0.986463, 425, 41, 456, 104
-0.986504, 421, 89, 452, 152
-0.986544, 49, 265, 176, 328
-0.986545, 233, 97, 264, 224
-0.98657, 17, 105, 144, 168
-0.986592, 233, 1, 296, 334
-0.9866, 445, 81, 476, 144
-0.986651, 253, 1, 284, 64
-0.986654, 321, 41, 448, 104
-0.986686, 237, 105, 268, 168
-0.98673, 65, 193, 96, 256
-0.986738, 397, 257, 428, 320
-0.986781, 73, 217, 104, 280
-0.986813, 49, 1, 176, 64
-0.986825, 185, 253, 248, 284
-0.986832, 9, 1, 72, 334
-0.986842, 129, 205, 192, 236
-0.986855, 425, 33, 456, 160
-0.986875, 273, 1, 304, 64
-0.986924, 153, 1, 184, 64
-0.986945, 249, 89, 280, 152
-0.987003, 409, 65, 440, 128
-0.987044, 369, 265, 496, 328
-0.987083, 41, 65, 104, 192
-0.987085, 193, 273, 256, 334
-0.987098, 289, 113, 320, 176
-0.987103, 89, 137, 120, 200
-0.987115, 69, 169, 100, 232
-0.98712, 169, 209, 232, 240
-0.987139, 193, 1, 320, 64
-0.987169, 409, 273, 440, 334
-0.987177, 217, 145, 248, 272
-0.987186, 201, 89, 232, 152
-0.987198, 181, 145, 212, 208
-0.987231, 369, 97, 400, 160
-0.987247, 45, 41, 76, 104
-0.987266, 393, 89, 424, 152
-0.987278, 161, 153, 192, 216
-0.98728, 285, 1, 316, 64
-0.987292, 269, 113, 300, 176
-0.987292, 229, 273, 260, 334
-0.987307, 97, 97, 160, 160
-0.987345, 169, 145, 200, 272
-0.987389, 121, 1, 152, 64
-0.987402, 237, 1, 268, 64
-0.987485, 257, 233, 288, 296
-0.987531, 245, 193, 276, 256
-0.987583, 349, 97, 380, 160
-0.987614, 73, 301, 136, 332
-0.987623, 233, 161, 296, 288
-0.987626, 205, 1, 236, 64
-0.987681, 33, 137, 64, 200
-0.987723, 353, 81, 416, 144
-0.987728, 225, 81, 352, 144
-0.987732, 1, 161, 128, 224
-0.987751, 113, 273, 144, 334
-0.987758, 117, 129, 148, 192
-0.987763, 377, 273, 408, 334
-0.987792, 209, 217, 336, 280
-0.987793, 97, 217, 160, 248
-0.987826, 57, 89, 120, 152
-0.987846, 229, 161, 260, 288
-0.987874, 177, 1, 304, 128
-0.987881, 337, 97, 368, 160
-0.987882, 225, 1, 256, 64
-0.987901, 157, 81, 188, 208
-0.987909, 89, 185, 120, 248
-0.987928, 193, 129, 256, 192
-0.98794, 89, 161, 120, 288
-0.987965, 393, 1, 456, 334
-0.987974, 9, 161, 40, 224
-0.987978, 189, 89, 220, 152
-0.987989, 385, 81, 416, 208
-0.98799, 65, 201, 320, 264
-0.988016, 45, 169, 76, 232
-0.988023, 185, 97, 216, 224
-0.988032, 177, 97, 208, 160
-0.988054, 397, 81, 428, 208
-0.988062, 109, 1, 140, 64
-0.988068, 17, 81, 144, 144
-0.988073, 89, 73, 152, 136
-0.988084, 137, 153, 168, 216
-0.988087, 53, 81, 84, 144
-0.988111, 345, 1, 376, 64
-0.988115, 201, 169, 232, 232
-0.988134, 101, 169, 132, 232
-0.988142, 301, 1, 332, 64
-0.988205, 281, 289, 344, 320
-0.988228, 129, 237, 192, 268
-0.988229, 321, 273, 384, 334
-0.988229, 169, 241, 232, 272
-0.988271, 233, 1, 296, 128
-0.988286, 169, 1, 232, 334
-0.988308, 97, 249, 160, 280
-0.988326, 209, 65, 272, 128
-0.988326, 289, 89, 352, 152
-0.988344, 65, 249, 320, 312
-0.988419, 9, 21, 72, 52
-0.988471, 329, 81, 392, 144
-0.988472, 161, 197, 224, 228
-0.988573, 89, 201, 152, 232
-0.988575, 81, 25, 144, 88
-0.98862, 129, 1, 192, 128
-0.988675, 369, 209, 496, 334
-0.988676, 1, 209, 64, 272
-0.988705, 301, 97, 332, 224
-0.988736, 313, 1, 376, 128
-0.988738, 81, 1, 144, 334
-0.988812, 289, 1, 352, 334
-0.988849, 265, 1, 328, 334
-0.989036, 145, 145, 272, 208
-0.989125, 177, 221, 240, 252
-0.989159, 137, 1, 200, 334
-0.989186, 161, 73, 224, 136
-0.989193, 9, 45, 72, 76
-0.989207, 221, 81, 252, 208
-0.989213, 77, 193, 108, 320
-0.989217, 73, 1, 136, 128
-0.989229, 129, 193, 192, 224
-0.98926, 129, 225, 192, 256
-0.989386, 33, 217, 96, 280
-0.989392, 193, 205, 256, 236
-0.989424, 185, 101, 248, 132
-0.989432, 137, 25, 200, 88
-0.989462, 257, 209, 384, 334
-0.989529, 245, 113, 276, 240
-0.98955, 281, 65, 344, 320
-0.989567, 217, 169, 280, 232
-0.989697, 449, 33, 480, 160
-0.989712, 129, 269, 192, 300
-0.989729, 37, 161, 68, 288
-0.989753, 321, 25, 384, 88
-0.989838, 369, 41, 496, 104
-0.989862, 361, 1, 424, 334
-0.989866, 161, 169, 288, 232
-0.989916, 349, 49, 380, 176
-0.989925, 21, 129, 52, 256
-0.989963, 257, 257, 320, 288
-0.989995, 257, 1, 384, 64
-0.990027, 153, 229, 216, 260
-0.990029, 257, 25, 320, 88
-0.990036, 233, 25, 296, 88
-0.990124, 73, 65, 104, 192
-0.990126, 425, 49, 488, 80
-0.990141, 1, 209, 64, 334
-0.990148, 265, 209, 296, 334
-0.990269, 177, 73, 304, 136
-0.990316, 57, 225, 120, 256
-0.990332, 201, 81, 232, 208
-0.990379, 261, 97, 292, 224
-0.990411, 337, 81, 368, 208
-0.990461, 265, 81, 328, 144
-0.99047, 113, 181, 176, 212
-0.990503, 81, 289, 144, 320
-0.990507, 409, 77, 472, 108
-0.990531, 57, 33, 120, 96
-0.990548, 113, 1, 176, 334
-0.990581, 369, 49, 400, 176
-0.99063, 81, 237, 144, 268
-0.990631, 257, 25, 384, 88
-0.990734, 129, 113, 192, 144
-0.990738, 25, 209, 88, 334
-0.990748, 409, 97, 472, 160
-0.990751, 305, 209, 432, 334
-0.990772, 361, 101, 424, 132
-0.990787, 225, 193, 352, 256
-0.990798, 9, 109, 72, 140
-0.990818, 225, 265, 288, 296
-0.990903, 133, 65, 164, 192
-0.990919, 53, 33, 84, 160
-0.990926, 33, 1, 96, 334
-0.990974, 121, 65, 152, 192
-0.991042, 245, 161, 276, 288
-0.991057, 41, 265, 104, 328
-0.991095, 93, 113, 124, 240
-0.991182, 297, 277, 360, 308
-0.991335, 353, 273, 416, 334
-0.991352, 1, 93, 64, 124
-0.991377, 157, 253, 188, 284
-0.991418, 113, 209, 240, 240
-0.991425, 97, 89, 224, 152
-0.991437, 201, 193, 264, 224
-0.991441, 393, 93, 456, 124
-0.991444, 97, 305, 160, 334
-0.991535, 161, 101, 224, 132
-0.991552, 329, 1, 392, 334
-0.991594, 9, 41, 40, 72
-0.991594, 117, 197, 148, 228
-0.991599, 57, 1, 120, 334
-0.991612, 409, 81, 440, 208
-0.99162, 137, 245, 168, 276
-0.991624, 49, 209, 112, 240
-0.991677, 193, 209, 224, 240
-0.9917, 249, 269, 312, 300
-0.991714, 49, 41, 176, 104
-0.991717, 301, 281, 332, 312
-0.991749, 297, 301, 360, 332
-0.991789, 105, 261, 168, 292
-0.991789, 433, 265, 496, 328
-0.991811, 225, 225, 288, 256
-0.991823, 209, 217, 240, 248
-0.991834, 113, 253, 240, 284
-0.991843, 161, 249, 416, 312
-0.991845, 33, 53, 96, 84
-0.991848, 241, 233, 272, 264
-0.991858, 33, 21, 64, 52
-0.991866, 73, 181, 136, 212
-0.991926, 305, 249, 432, 312
-0.991936, 401, 273, 464, 334
-0.991938, 313, 97, 344, 224
-0.99194, 209, 105, 272, 136
-0.991953, 1, 165, 64, 196
-0.992002, 277, 113, 308, 240
-0.992036, 109, 305, 140, 334
-0.992058, 151, 233, 166, 296
-0.992088, 169, 41, 232, 104
-0.992096, 217, 257, 248, 288
-0.992097, 49, 41, 112, 72
-0.992102, 185, 265, 248, 296
-0.992107, 73, 153, 136, 184
-0.992115, 181, 205, 212, 236
-0.992116, 65, 273, 320, 334
-0.992136, 141, 261, 172, 292
-0.992177, 113, 241, 144, 272
-0.992183, 193, 221, 224, 252
-0.992201, 1, 57, 64, 88
-0.99222, 25, 133, 88, 164
-0.99223, 23, 25, 38, 88
-0.99223, 169, 257, 200, 288
-0.992244, 233, 221, 264, 252
-0.992246, 237, 257, 268, 288
-0.992254, 125, 249, 156, 280
-0.99227, 113, 153, 176, 184
-0.992298, 193, 49, 320, 112
-0.992312, 133, 233, 164, 264
-0.992335, 297, 49, 360, 112
-0.992339, 273, 81, 400, 144
-0.992348, 9, 29, 40, 60
-0.992356, 9, 53, 40, 84
-0.992361, 349, 97, 380, 224
-0.992372, 137, 145, 200, 176
-0.992383, 289, 97, 320, 224
-0.992385, 377, 269, 440, 300
-0.99239, 213, 229, 244, 260
-0.992398, 113, 229, 240, 260
-0.992413, 33, 153, 96, 184
-0.992431, 361, 41, 424, 104
-0.992431, 433, 209, 496, 334
-0.992433, 249, 245, 280, 276
-0.992449, 97, 241, 128, 272
-0.992455, 1, 177, 256, 240
-0.992466, 169, 33, 200, 160
-0.992468, 229, 245, 260, 276
-0.992472, 81, 225, 112, 256
-0.992482, 325, 97, 356, 224
-0.992484, 21, 29, 52, 60
-0.992486, 369, 1, 432, 32
-0.99249, 161, 237, 288, 268
-0.992498, 149, 241, 180, 272
-0.992498, 33, 17, 96, 48
-0.992562, 209, 41, 272, 104
-0.992565, 289, 117, 352, 148
-0.992595, 257, 121, 320, 152
-0.992597, 113, 289, 176, 320
-0.99261, 241, 217, 256, 280
-0.992615, 417, 93, 480, 124
-0.992623, 113, 169, 176, 200
-0.992636, 197, 237, 228, 268
-0.992639, 281, 301, 312, 332
-0.992648, 113, 137, 176, 168
-0.992658, 25, 193, 88, 224
-0.992682, 61, 81, 92, 208
-0.992694, 441, 81, 472, 112
-0.992709, 181, 221, 212, 252
-0.99272, 209, 245, 240, 276
-0.992732, 137, 157, 200, 188
-0.992732, 377, 281, 440, 312
-0.992736, 81, 261, 144, 292
-0.992738, 221, 217, 252, 248
-0.99274, 17, 33, 32, 96
-0.992749, 113, 253, 144, 284
-0.992752, 305, 249, 368, 312
-0.992757, 21, 41, 52, 72
-0.992795, 345, 1, 408, 32
-0.992815, 289, 289, 320, 320
-0.992827, 97, 301, 128, 332
-0.992844, 53, 177, 84, 304
-0.992847, 249, 49, 312, 112
-0.992847, 17, 121, 80, 152
-0.992869, 369, 17, 496, 80
-0.992871, 249, 257, 280, 288
-0.992884, 213, 209, 228, 272
-0.992905, 93, 221, 124, 252
-0.992906, 113, 241, 240, 272
-0.992936, 153, 205, 184, 236
-0.992949, 113, 197, 240, 228
-0.993017, 109, 293, 140, 324
-0.993054, 321, 113, 384, 144
-0.993054, 17, 73, 48, 104
-0.993057, 57, 65, 120, 128
-0.993057, 251, 233, 266, 296
-0.993088, 257, 233, 272, 296
-0.993102, 141, 113, 172, 144
-0.993104, 317, 297, 348, 328
-0.99311, 181, 257, 212, 288
-0.99311, 197, 197, 228, 228
-0.993112, 229, 233, 260, 264
-0.993115, 325, 49, 356, 176
-0.993119, 41, 165, 104, 196
-0.993122, 313, 49, 344, 176
-0.993134, 161, 185, 224, 216
-0.993134, 313, 1, 376, 32
-0.99314, 69, 217, 100, 248
-0.993145, 29, 17, 44, 80
-0.993148, 241, 169, 304, 232
-0.993149, 393, 305, 456, 334
-0.993163, 145, 49, 208, 112
-0.993165, 193, 25, 320, 88
-0.993188, 21, 89, 52, 120
-0.993192, 1, 105, 500, 168
-0.993201, 41, 109, 72, 140
-0.993202, 1, 9, 64, 40
-0.993205, 169, 193, 200, 224
-0.993207, 29, 169, 60, 200
-0.993207, 1, 69, 64, 100
-0.993217, 397, 33, 428, 160
-0.993225, 73, 277, 136, 308
-0.993226, 21, 53, 52, 84
-0.993237, 365, 97, 396, 224
-0.993271, 429, 77, 460, 108
-0.993273, 89, 289, 120, 320
-0.993288, 229, 269, 260, 300
-0.99331, 113, 125, 176, 156
-0.99331, 101, 181, 132, 212
-0.993318, 241, 101, 304, 132
-0.99332, 45, 121, 76, 152
-0.993325, 33, 29, 96, 60
-0.993328, 137, 221, 168, 252
-0.993328, 57, 205, 88, 236
-0.993352, 209, 205, 240, 236
-0.993354, 121, 305, 152, 334
-0.993356, 1, 1, 500, 64
-0.993362, 65, 193, 96, 320
-0.993362, 225, 105, 256, 136
-0.993384, 203, 209, 218, 272
-0.993391, 141, 197, 172, 228
-0.993397, 57, 289, 120, 320
-0.993418, 257, 1, 320, 128
-0.993425, 225, 33, 256, 160
-0.993448, 1, 257, 500, 320
-0.993449, 433, 81, 496, 112
-0.993449, 169, 101, 200, 132
-0.993456, 393, 65, 456, 96
-0.993466, 417, 61, 480, 92
-0.993467, 9, 181, 72, 212
-0.993484, 41, 113, 104, 144
-0.993507, 235, 233, 250, 296
-0.993509, 45, 161, 76, 192
-0.99351, 213, 33, 244, 160
-0.993511, 121, 305, 184, 334
-0.993514, 113, 229, 144, 260
-0.993517, 29, 101, 60, 132
-0.993525, 145, 289, 208, 320
-0.993528, 65, 217, 192, 248
-0.993535, 241, 241, 304, 272
-0.99354, 397, 261, 428, 292
-0.993542, 5, 17, 36, 48
-0.993544, 163, 241, 178, 304
-0.993554, 149, 145, 180, 176
-0.993555, 37, 181, 68, 212
-0.993562, 257, 297, 384, 328
-0.993564, 29, 65, 60, 96
-0.99358, 313, 265, 344, 296
-0.993585, 97, 105, 352, 168
-0.993585, 121, 285, 152, 316
-0.993594, 73, 129, 136, 160
-0.993594, 65, 145, 96, 176
-0.993608, 113, 185, 144, 216
-0.993611, 337, 33, 368, 160
-0.993625, 93, 65, 124, 192
-0.993629, 1, 193, 64, 224
-0.993637, 33, 33, 64, 64
-0.993639, 61, 125, 92, 156
-0.993651, 153, 193, 184, 224
-0.993656, 429, 305, 460, 334
-0.993657, 241, 269, 272, 300
-0.993658, 317, 285, 348, 316
-0.993661, 257, 269, 288, 300
-0.993662, 105, 45, 168, 76
-0.993663, 45, 193, 76, 224
-0.99367, 193, 101, 224, 132
-0.993671, 41, 49, 72, 80
-0.993681, 85, 305, 116, 334
-0.993682, 143, 241, 158, 304
-0.993693, 49, 141, 112, 172
-0.993698, 57, 237, 120, 268
-0.993712, 405, 93, 436, 124
-0.993727, 129, 193, 160, 224
-0.993749, 21, 149, 52, 180
-0.99375, 225, 209, 240, 272
-0.993752, 129, 121, 160, 152
-0.993757, 297, 305, 328, 334
-0.993759, 257, 97, 500, 160
-0.99376, 257, 41, 500, 104
-0.993768, 169, 205, 200, 236
-0.993772, 181, 101, 212, 132
-0.993775, 57, 193, 120, 224
-0.993777, 113, 65, 240, 128
-0.993779, 369, 105, 400, 136
-0.993779, 177, 41, 240, 72
-0.993793, 33, 189, 160, 220
-0.9938, 325, 109, 356, 140
-0.993803, 265, 257, 296, 288
-0.993805, 73, 213, 136, 244
-0.993816, 373, 1, 404, 32
-0.993827, 145, 105, 272, 136
-0.993828, 141, 157, 172, 188
-0.993835, 311, 273, 326, 334
-0.993836, 169, 245, 200, 276
-0.993838, 389, 1, 420, 32
-0.993847, 49, 133, 80, 164
-0.993848, 11, 33, 26, 96
-0.993851, 73, 57, 136, 88
-0.99386, 81, 213, 112, 244
-0.993862, 413, 33, 444, 160
-0.993867, 169, 153, 200, 184
-0.993868, 209, 97, 240, 128
-0.99388, 421, 93, 452, 124
-0.993885, 41, 61, 72, 92
-0.993892, 29, 117, 60, 148
-0.993899, 125, 261, 156, 292
-0.9939, 17, 17, 48, 48
-0.993902, 433, 49, 464, 80
-0.993902, 265, 117, 296, 148
-0.993906, 233, 189, 264, 220
-0.993913, 293, 117, 324, 148
-0.993914, 345, 1, 376, 32
-0.993915, 153, 265, 184, 296
-0.993928, 1, 153, 64, 184
-0.993932, 385, 101, 416, 132
-0.993934, 233, 113, 296, 144
-0.993945, 177, 297, 208, 328
-0.993947, 249, 105, 280, 136
-0.993956, 185, 149, 216, 180
-0.99396, 209, 49, 272, 80
-0.993966, 221, 205, 252, 236
-0.993967, 157, 33, 188, 160
-0.993977, 357, 1, 388, 32
-0.993982, 49, 181, 112, 212
-0.993988, 57, 37, 88, 68
-0.993991, 33, 153, 64, 184
-0.993992, 337, 101, 368, 132
-0.993996, 201, 1, 264, 32
-0.994004, 385, 33, 416, 160
-0.994013, 29, 137, 60, 168
-0.994013, 205, 257, 236, 288
-0.994044, 81, 141, 144, 172
-0.994045, 175, 249, 190, 312
-0.994052, 273, 49, 336, 112
-0.994056, 249, 305, 312, 334
-0.99407, 281, 37, 344, 68
-0.994072, 177, 149, 240, 180
-0.99409, 65, 245, 192, 276
-0.9941, 177, 1, 240, 32
-0.994116, 157, 241, 172, 304
-0.994128, 161, 221, 288, 252
-0.994141, 329, 57, 392, 120
-0.994197, 161, 277, 224, 308
-0.994206, 273, 277, 336, 308
-0.994228, 313, 289, 376, 320
-0.994234, 329, 101, 392, 132
-0.994248, 103, 225, 118, 288
-0.994262, 97, 33, 224, 96
-0.994271, 225, 37, 288, 68
-0.994271, 417, 1, 480, 64
-0.994284, 105, 277, 168, 308
-0.994285, 145, 5, 208, 36
-0.994337, 305, 265, 368, 296
-0.994356, 49, 233, 176, 264
-0.994372, 409, 29, 472, 60
-0.994372, 197, 201, 212, 264
-0.994379, 225, 273, 480, 334
-0.994382, 225, 1, 288, 32
-0.994409, 233, 285, 296, 316
-0.994415, 137, 101, 200, 132
-0.994417, 393, 1, 456, 32
-0.99443, 273, 285, 400, 316
-0.994439, 1, 137, 64, 168
-0.994448, 35, 17, 50, 80
-0.994469, 161, 249, 288, 280
-0.994476, 133, 193, 148, 256
-0.994527, 209, 273, 336, 304
-0.994542, 97, 301, 224, 332
-0.994566, 161, 217, 416, 280
-0.994582, 151, 257, 166, 320
-0.994592, 209, 233, 224, 296
-0.994637, 237, 49, 268, 176
-0.994659, 133, 233, 148, 296
-0.994668, 97, 1, 352, 64
-0.994691, 65, 65, 192, 128
-0.994699, 243, 193, 258, 256
-0.994706, 177, 297, 304, 328
-0.99471, 33, 137, 288, 200
-0.994716, 145, 49, 176, 176
-0.994719, 1, 81, 256, 144
-0.994726, 85, 17, 116, 144
-0.994745, 127, 185, 142, 248
-0.994782, 263, 249, 278, 312
-0.994789, 9, 145, 40, 272
-0.994841, 233, 193, 248, 256
-0.994859, 161, 209, 288, 240
-0.994873, 113, 185, 240, 216
-0.994876, 105, 81, 136, 208
-0.99495, 229, 257, 244, 320
-0.994964, 141, 209, 156, 272
-0.994967, 377, 209, 440, 334
-0.994982, 65, 205, 192, 236
-0.995005, 1, 33, 500, 96
-0.995011, 241, 241, 256, 304
-0.99503, 1, 33, 128, 64
-0.995043, 1, 233, 500, 296
-0.995107, 353, 1, 384, 128
-0.995115, 201, 33, 232, 160
-0.995127, 305, 273, 320, 334
-0.995134, 251, 257, 266, 320
-0.995141, 219, 209, 234, 272
-0.995169, 433, 145, 496, 272
-0.99519, 177, 261, 304, 292
-0.995206, 369, 93, 496, 124
-0.995213, 191, 201, 206, 264
-0.995226, 1, 273, 128, 334
-0.995305, 437, 49, 452, 112
-0.995334, 5, 41, 20, 104
-0.99535, 169, 249, 184, 312
-0.995362, 135, 265, 150, 328
-0.995371, 443, 49, 458, 112
-0.995385, 273, 113, 400, 144
-0.995462, 13, 57, 28, 120
-0.995477, 35, 65, 50, 128
-0.995482, 1, 1, 256, 64
-0.995483, 441, 73, 456, 136
-0.995503, 183, 249, 198, 312
-0.995529, 177, 225, 192, 288
-0.995562, 129, 265, 256, 296
-0.995607, 215, 233, 230, 296
-0.995616, 435, 73, 450, 136
-0.995665, 207, 185, 222, 248
-0.995678, 181, 17, 212, 144
-0.995715, 447, 73, 462, 136
-0.995773, 37, 89, 52, 152
-0.995777, 125, 241, 140, 304
-0.995786, 1, 21, 128, 52
-0.995793, 159, 265, 174, 328
-0.995802, 29, 129, 44, 192
-0.995807, 305, 305, 432, 334
-0.995809, 305, 209, 368, 334
-0.995814, 229, 233, 244, 296
-0.995825, 145, 25, 272, 88
-0.995828, 37, 153, 52, 216
-0.995831, 23, 49, 38, 112
-0.995836, 97, 173, 224, 204
-0.995883, 113, 233, 128, 296
-0.995891, 451, 49, 466, 112
-0.995954, 81, 265, 208, 296
-0.995963, 81, 145, 208, 176
-0.995983, 203, 233, 218, 296
-0.995987, 1, 193, 32, 320
-0.995988, 33, 177, 160, 208
-0.996008, 17, 133, 144, 164
-0.996041, 1, 157, 128, 188
-0.996048, 329, 209, 392, 334
-0.996063, 109, 209, 124, 272
-0.996068, 225, 285, 352, 316
-0.99608, 29, 41, 44, 104
-0.996089, 29, 73, 44, 136
-0.996099, 41, 57, 56, 120
-0.996108, 299, 273, 314, 334
-0.996112, 61, 185, 76, 248
-0.996113, 241, 265, 256, 328
-0.996116, 1, 45, 128, 76
-0.996123, 129, 265, 144, 328
-0.996127, 225, 261, 352, 292
-0.996138, 97, 177, 352, 240
-0.996144, 1, 233, 128, 264
-0.996152, 17, 301, 144, 332
-0.996177, 223, 249, 238, 312
-0.996181, 57, 113, 72, 176
-0.996189, 97, 285, 224, 316
-0.996194, 97, 217, 112, 280
-0.996207, 257, 1, 500, 64
-0.99622, 183, 201, 198, 264
-0.996221, 183, 225, 198, 288
-0.996236, 193, 105, 320, 136
-0.996243, 51, 105, 66, 168
-0.996244, 171, 225, 186, 288
-0.996252, 155, 193, 170, 256
-0.996255, 257, 65, 500, 128
-0.996267, 1, 25, 256, 88
-0.996285, 105, 33, 136, 160
-0.9963, 321, 101, 448, 132
-0.996309, 45, 97, 60, 160
-0.996316, 431, 49, 446, 112
-0.996316, 117, 169, 132, 232
-0.996318, 17, 221, 144, 252
-0.996332, 249, 201, 264, 264
-0.996379, 1, 9, 16, 72
-0.996386, 165, 185, 180, 248
-0.996401, 369, 241, 496, 304
-0.996409, 193, 129, 320, 192
-0.996412, 197, 177, 212, 240
-0.996418, 141, 265, 156, 328
-0.996423, 21, 105, 36, 168
-0.996431, 235, 257, 250, 320
-0.996443, 445, 81, 476, 208
-0.996452, 113, 117, 240, 148
-0.996473, 413, 89, 428, 152
-0.996474, 273, 49, 400, 112
-0.996479, 381, 97, 396, 160
-0.996481, 91, 217, 106, 280
-0.996491, 161, 81, 416, 144
-0.996507, 51, 177, 66, 240
-0.996533, 1, 209, 128, 240
-0.996534, 175, 193, 190, 256
-0.996538, 145, 121, 272, 184
-0.996542, 155, 105, 170, 168
-0.996544, 15, 89, 30, 152
-0.996559, 191, 1, 206, 64
-0.996559, 41, 9, 56, 72
-0.996591, 321, 1, 448, 32
-0.996619, 17, 57, 144, 88
-0.996637, 241, 105, 256, 168
-0.996641, 273, 65, 304, 192
-0.996652, 15, 9, 30, 72
-0.996686, 249, 65, 280, 192
-0.99671, 5, 1, 36, 256
-0.996712, 197, 225, 212, 288
-0.996719, 337, 73, 464, 104
-0.996721, 113, 273, 128, 334
-0.996724, 13, 37, 28, 68
-0.996732, 49, 45, 176, 76
-0.996739, 337, 33, 464, 64
-0.996746, 209, 245, 336, 276
-0.996762, 429, 73, 444, 136
-0.996765, 225, 117, 352, 148
-0.996768, 93, 193, 108, 256
-0.99677, 209, 93, 336, 124
-0.996772, 453, 73, 468, 136
-0.996777, 221, 185, 236, 248
-0.996797, 43, 153, 58, 216
-0.996808, 147, 105, 162, 168
-0.996809, 23, 29, 38, 60
-0.996823, 287, 1, 302, 64
-0.996828, 119, 273, 134, 334
-0.996831, 171, 1, 186, 64
-0.996832, 153, 137, 168, 200
-0.996844, 193, 193, 448, 256
-0.996847, 69, 185, 84, 248
-0.996855, 421, 273, 436, 334
-0.99686, 67, 129, 82, 192
-0.99686, 129, 65, 160, 320
-0.99687, 79, 153, 94, 216
-0.996878, 317, 265, 332, 328
-0.996879, 137, 113, 152, 176
-0.996884, 103, 201, 118, 264
-0.996886, 257, 257, 272, 320
-0.996886, 65, 157, 192, 188
-0.99689, 421, 81, 452, 208
-0.9969, 165, 1, 180, 64
-0.996912, 213, 169, 228, 232
-0.996916, 185, 1, 200, 64
-0.996931, 269, 249, 284, 312
-0.99694, 23, 1, 38, 64
-0.996947, 99, 273, 114, 334
-0.99695, 195, 205, 210, 236
-0.99695, 209, 217, 224, 248
-0.99696, 363, 97, 378, 160
-0.996969, 65, 17, 96, 144
-0.996974, 161, 113, 176, 176
-0.996992, 193, 257, 208, 320
-0.996996, 29, 25, 44, 56
-0.996996, 33, 1, 160, 32
-0.996999, 83, 209, 98, 272
-0.997013, 423, 89, 438, 152
-0.997016, 179, 1, 194, 64
-0.997024, 249, 233, 264, 264
-0.997028, 319, 1, 334, 64
-0.997028, 239, 221, 254, 252
-0.997028, 293, 273, 308, 334
-0.99704, 161, 197, 288, 228
-0.997049, 201, 209, 216, 240
-0.997063, 177, 257, 192, 288
-0.997063, 33, 113, 160, 144
-0.997075, 165, 249, 180, 280
-0.997075, 131, 193, 146, 224
-0.997079, 171, 253, 186, 284
-0.997116, 33, 257, 160, 288
-0.997129, 261, 245, 276, 276
-0.997149, 177, 117, 304, 148
-0.997157, 311, 277, 326, 308
-0.99717, 115, 305, 130, 334
-0.997188, 369, 1, 496, 32
-0.997211, 369, 277, 496, 308
-0.997218, 103, 237, 118, 268
-0.997219, 203, 221, 218, 252
-0.997221, 177, 285, 304, 316
-0.997222, 19, 45, 34, 76
-0.997235, 33, 145, 160, 176
-0.997238, 289, 273, 416, 304
-0.997254, 225, 65, 256, 320
-0.997254, 1, 57, 256, 120
-0.997267, 109, 65, 140, 320
-0.997285, 213, 233, 228, 264
-0.9973, 17, 245, 144, 276
-0.997321, 369, 1, 400, 128
-0.997322, 145, 1, 272, 32
-0.997344, 49, 281, 176, 312
-0.997346, 273, 1, 400, 32
-0.997346, 129, 153, 256, 184
-0.997378, 65, 129, 192, 160
-0.997379, 1, 85, 128, 116
-0.997386, 125, 241, 140, 272
-0.997388, 369, 57, 496, 88
-0.997392, 1, 105, 256, 168
-0.997404, 17, 1, 48, 256
-0.997421, 9, 53, 24, 84
-0.997436, 297, 209, 328, 334
-0.997449, 231, 261, 246, 292
-0.997451, 101, 225, 116, 256
-0.997451, 241, 65, 272, 320
-0.997456, 283, 301, 298, 332
-0.997461, 131, 237, 146, 268
-0.997486, 153, 241, 168, 272
-0.997515, 7, 41, 22, 72
-0.997518, 213, 65, 244, 320
-0.997524, 159, 257, 174, 288
-0.99753, 249, 257, 264, 288
-0.99753, 245, 221, 260, 252
-0.997531, 1, 69, 128, 100
-0.997539, 353, 305, 480, 334
-0.997539, 141, 65, 172, 320
-0.997546, 35, 21, 50, 52
-0.997546, 147, 261, 162, 292
-0.997555, 183, 257, 198, 288
-0.997576, 255, 237, 270, 268
-0.997598, 133, 253, 148, 284
-0.997607, 95, 225, 110, 256
-0.997645, 215, 213, 230, 244
-0.997647, 225, 229, 352, 260
-0.997649, 25, 41, 40, 72
-0.99765, 295, 289, 310, 320
-0.997657, 33, 1, 64, 256
-0.997666, 35, 89, 50, 120
-0.997668, 237, 237, 252, 268
-0.997682, 97, 1, 224, 32
-0.997688, 189, 201, 204, 232
-0.997697, 1, 57, 500, 120
-0.997698, 139, 249, 154, 280
-0.997702, 1, 37, 16, 68
-0.997708, 97, 105, 224, 136
-0.997724, 153, 253, 168, 284
-0.997727, 45, 1, 76, 256
-0.997738, 241, 249, 256, 280
-0.997746, 147, 237, 162, 268
-0.997747, 173, 103, 204, 118
-0.997751, 121, 305, 136, 334
-0.997753, 37, 119, 68, 134
-0.997757, 29, 77, 44, 108
-0.997764, 121, 259, 152, 274
-0.997764, 285, 49, 316, 176
-0.997775, 49, 197, 80, 212
-0.997775, 197, 1, 228, 256
-0.997776, 301, 285, 316, 316
-0.997777, 181, 201, 212, 216
-0.99778, 453, 81, 468, 112
-0.997792, 317, 297, 348, 312
-0.997799, 189, 231, 220, 246
-0.997809, 109, 233, 124, 264
-0.997809, 157, 107, 188, 122
-0.99781, 405, 97, 436, 112
-0.997813, 77, 301, 108, 316
-0.997815, 89, 221, 120, 236
-0.997819, 1, 1, 16, 32
-0.99782, 117, 237, 132, 268
-0.997823, 225, 257, 240, 288
-0.997824, 223, 217, 238, 248
-0.997826, 281, 311, 312, 326
-0.997827, 225, 37, 352, 68
-0.997829, 233, 247, 264, 262
-0.997832, 233, 221, 248, 252
-0.997832, 361, 109, 392, 124
-0.997834, 141, 267, 172, 282
-0.997837, 117, 191, 148, 206
-0.99784, 289, 293, 304, 324
-0.997842, 41, 125, 72, 140
-0.99786, 45, 183, 76, 198
-0.997861, 273, 37, 400, 68
-0.997864, 215, 245, 230, 276
-0.99787, 113, 45, 240, 76
-0.997873, 181, 1, 212, 256
-0.997873, 249, 237, 280, 252
-0.997875, 13, 61, 44, 76
-0.997877, 153, 193, 184, 208
-0.997878, 321, 57, 448, 88
-0.997888, 1, 97, 128, 128
-0.997891, 33, 17, 64, 32
-0.997893, 127, 253, 142, 284
-0.997895, 29, 37, 60, 52
-0.997896, 73, 209, 88, 240
-0.997896, 17, 83, 48, 98
-0.9979, 81, 65, 112, 320
-0.997904, 47, 177, 62, 208
-0.997907, 173, 263, 204, 278
-0.997913, 21, 23, 52, 38
-0.997914, 193, 1, 320, 32
-0.997917, 33, 175, 64, 190
-0.99792, 243, 233, 258, 264
-0.99792, 149, 149, 180, 164
-0.99792, 177, 151, 208, 166
-0.997923, 115, 249, 130, 280
-0.997929, 89, 221, 104, 252
-0.997942, 321, 285, 448, 316
-0.997943, 225, 215, 256, 230
-0.997948, 101, 181, 132, 196
-0.997952, 257, 269, 288, 284
-0.997952, 41, 159, 72, 174
-0.997954, 207, 237, 222, 268
-0.997954, 447, 81, 462, 112
-0.997956, 389, 101, 420, 116
-0.997962, 239, 269, 254, 300
-0.997962, 141, 205, 172, 220
-0.997963, 81, 217, 96, 248
-0.997966, 89, 227, 120, 242
-0.997966, 125, 309, 156, 324
-0.997977, 45, 109, 60, 140
-0.997979, 41, 89, 56, 120
-0.997981, 133, 177, 148, 304
-0.997982, 19, 57, 34, 88
-0.997983, 49, 33, 176, 64
-0.997983, 139, 265, 154, 296
-0.997983, 237, 271, 268, 286
-0.997985, 241, 109, 256, 140
-0.997988, 373, 105, 404, 120
-0.997989, 317, 317, 348, 332
-0.997996, 93, 299, 124, 314
-0.998001, 235, 209, 250, 240
-0.998004, 21, 49, 52, 64
-0.998004, 161, 1, 192, 256
-0.998006, 119, 293, 134, 324
-0.998006, 25, 71, 56, 86
-0.998009, 159, 245, 174, 276
-0.99801, 209, 205, 224, 236
-0.998011, 225, 169, 352, 232
-0.998013, 35, 65, 50, 96
-0.998022, 29, 65, 44, 96
-0.998025, 369, 265, 496, 296
-0.998033, 113, 89, 240, 120
-0.998036, 261, 269, 276, 300
-0.998036, 441, 77, 456, 108
-0.998039, 225, 193, 240, 320
-0.998039, 51, 105, 66, 136
-0.998042, 35, 77, 50, 108
-0.998049, 189, 261, 204, 292
-0.998053, 21, 93, 52, 108
-0.998057, 3, 53, 18, 84
-0.998057, 201, 239, 232, 254
-0.998063, 31, 37, 46, 68
-0.998066, 265, 65, 296, 320
-0.998067, 133, 231, 164, 246
-0.99807, 201, 253, 232, 268
-0.998073, 195, 217, 210, 248
-0.998073, 29, 103, 60, 118
-0.998078, 41, 169, 56, 200
-0.998082, 409, 209, 472, 334
-0.998083, 185, 223, 216, 238
-0.99809, 45, 113, 76, 128
-0.998093, 129, 197, 160, 212
-0.998094, 165, 261, 180, 292
-0.998095, 127, 305, 142, 334
-0.998097, 21, 43, 52, 58
-0.9981, 105, 195, 136, 210
-0.9981, 55, 189, 70, 220
-0.998103, 177, 41, 304, 72
-0.998113, 49, 101, 176, 132
-0.998117, 119, 193, 134, 224
-0.998123, 315, 265, 330, 296
-0.99813, 43, 17, 58, 48
-0.998134, 233, 249, 248, 280
-0.998138, 141, 209, 156, 240
-0.998142, 59, 117, 74, 148
-0.998147, 121, 17, 152, 144
-0.998147, 141, 233, 156, 264
-0.998153, 103, 305, 118, 334
-0.998158, 95, 237, 110, 268
-0.998161, 257, 249, 500, 312
-0.998162, 125, 193, 140, 320
-0.998167, 257, 97, 384, 128
-0.998167, 121, 315, 152, 330
-0.998171, 255, 261, 270, 292
-0.998175, 169, 207, 200, 222
-0.998179, 353, 209, 416, 334
-0.998189, 139, 221, 154, 252
-0.99819, 145, 173, 272, 204
-0.998194, 41, 61, 56, 92
-0.998199, 125, 193, 140, 224
-0.998201, 145, 111, 176, 126
-0.998202, 245, 269, 260, 300
-0.998203, 97, 245, 128, 260
-0.998206, 261, 49, 292, 176
-0.998211, 33, 153, 48, 184
-0.998218, 161, 193, 176, 224
-0.998218, 65, 213, 96, 228
-0.998221, 27, 137, 42, 168
-0.998223, 267, 265, 282, 296
-0.998224, 103, 213, 118, 244
-0.998227, 1, 21, 16, 52
-0.998227, 153, 265, 168, 296
-0.998228, 109, 235, 140, 250
-0.998232, 233, 195, 264, 210
-0.998233, 67, 201, 82, 232
-0.998235, 175, 193, 190, 224
-0.998235, 15, 97, 30, 128
-0.998237, 321, 65, 352, 320
-0.998239, 13, 75, 44, 90
-0.99825, 171, 265, 186, 296
-0.998254, 187, 101, 202, 132
-0.998258, 201, 233, 216, 264
-0.99826, 109, 245, 124, 276
-0.998269, 453, 1, 484, 256
-0.998269, 393, 65, 424, 320
-0.99827, 145, 255, 176, 270
-0.998273, 97, 33, 128, 288
-0.998274, 181, 245, 196, 276
-0.998275, 9, 69, 40, 84
-0.998276, 7, 25, 22, 56
-0.998277, 109, 317, 140, 332
-0.998285, 219, 257, 234, 288
-0.998293, 161, 93, 288, 124
-0.998299, 17, 109, 32, 140
-0.998302, 289, 65, 320, 320
-0.998302, 209, 193, 224, 320
-0.998303, 117, 181, 132, 212
-0.998311, 1, 1, 32, 16
-0.998316, 383, 1, 398, 32
-0.998316, 33, 269, 160, 300
-0.998317, 15, 69, 30, 100
-0.99832, 147, 225, 162, 256
-0.998322, 9, 29, 40, 44
-0.998322, 225, 245, 240, 276
-0.998323, 201, 229, 232, 244
-0.998327, 23, 77, 38, 108
-0.99834, 97, 25, 352, 88
-0.998348, 365, 65, 396, 320
-0.998349, 21, 17, 36, 144
-0.998358, 141, 209, 156, 334
-0.998361, 217, 227, 248, 242
-0.998373, 145, 259, 208, 274
-0.998378, 113, 129, 240, 160
-0.998379, 217, 259, 280, 274
-0.998379, 89, 305, 120, 320
-0.998381, 273, 301, 336, 316
-0.998382, 277, 65, 308, 320
-0.998388, 209, 235, 272, 250
-0.99839, 301, 33, 332, 160
-0.998395, 121, 251, 184, 266
-0.9984, 113, 241, 176, 256
-0.998402, 129, 203, 192, 218
-0.998407, 201, 219, 264, 234
-0.998407, 441, 83, 472, 98
-0.998412, 381, 1, 412, 256
-0.998415, 169, 255, 232, 270
-0.998416, 225, 253, 288, 268
-0.998417, 153, 209, 168, 334
-0.998417, 109, 209, 124, 334
-0.998419, 73, 303, 136, 318
-0.99842, 265, 307, 328, 322
-0.998424, 239, 209, 254, 334
-0.998429, 161, 211, 224, 226
-0.99843, 169, 251, 200, 266
-0.998432, 17, 33, 80, 48
-0.998436, 321, 45, 448, 76
-0.998437, 469, 1, 500, 256
-0.998438, 217, 247, 248, 262
-0.998443, 225, 217, 352, 248
-0.998444, 265, 313, 328, 328
-0.998445, 161, 185, 288, 216
-0.998445, 137, 209, 200, 224
-0.998446, 1, 41, 64, 56
-0.998452, 215, 193, 230, 320
-0.998455, 201, 229, 264, 244
-0.998457, 121, 257, 184, 272
-0.998462, 209, 241, 272, 256
-0.998462, 153, 205, 184, 220
-0.998464, 217, 247, 280, 262
-0.998465, 273, 319, 336, 334
-0.998465, 281, 291, 344, 306
-0.998469, 97, 215, 160, 230
-0.998473, 105, 235, 168, 250
-0.998477, 193, 255, 256, 270
-0.998477, 105, 199, 168, 214
-0.998479, 89, 243, 152, 258
-0.998484, 17, 27, 80, 42
-0.998488, 129, 215, 192, 230
-0.99849, 209, 265, 272, 280
-0.998492, 49, 17, 176, 48
-0.998495, 117, 303, 148, 318
-0.998496, 77, 219, 108, 234
-0.998496, 251, 209, 266, 334
-0.998499, 169, 227, 232, 242
-0.9985, 145, 253, 208, 268
-0.998501, 289, 285, 352, 300
-0.998502, 185, 207, 248, 222
-0.998502, 129, 197, 192, 212
-0.998502, 129, 221, 192, 236
-0.998503, 129, 265, 192, 280
-0.998504, 9, 47, 72, 62
-0.998504, 161, 219, 224, 234
-0.998504, 97, 209, 160, 224
-0.998506, 177, 261, 240, 276
-0.998506, 97, 221, 160, 236
-0.998509, 97, 229, 160, 244
-0.99851, 177, 249, 240, 264
-0.998512, 225, 267, 256, 282
-0.998512, 129, 141, 256, 172
-0.998513, 97, 249, 160, 264
-0.998518, 81, 297, 144, 312
-0.998518, 73, 309, 136, 324
-0.998522, 119, 177, 134, 304
-0.998523, 161, 201, 224, 216
-0.998529, 145, 247, 208, 262
-0.998531, 57, 227, 120, 242
-0.998533, 201, 213, 264, 228
-0.998534, 1, 163, 64, 178
-0.998536, 169, 235, 232, 250
-0.998536, 233, 317, 296, 332
-0.998538, 409, 65, 440, 320
-0.998542, 289, 117, 352, 132
-0.998542, 97, 317, 160, 332
-0.998543, 97, 311, 160, 326
-0.998544, 1, 289, 128, 320
-0.998544, 61, 65, 92, 320
-0.998546, 297, 279, 360, 294
-0.998547, 177, 101, 240, 116
-0.998547, 169, 241, 232, 256
-0.998547, 297, 307, 360, 322
-0.998547, 97, 239, 128, 254
-0.998548, 1, 53, 64, 68
-0.998549, 213, 235, 244, 250
-0.998549, 129, 227, 192, 242
-0.998549, 409, 81, 472, 96
-0.99855, 289, 293, 320, 308
-0.99855, 97, 303, 160, 318
-0.998552, 257, 269, 320, 284
-0.998553, 113, 181, 176, 196
-0.998554, 369, 101, 432, 116
-0.998554, 401, 95, 464, 110
-0.998554, 65, 233, 128, 248
-0.998556, 17, 115, 80, 130
-0.998556, 137, 239, 200, 254
-0.998557, 425, 53, 488, 68
-0.998557, 105, 263, 168, 278
-0.998558, 89, 257, 152, 272
-0.998561, 81, 195, 144, 210
-0.998562, 81, 157, 144, 172
-0.998562, 233, 265, 296, 280
-0.998562, 333, 65, 364, 320
-0.998563, 105, 295, 168, 310
-0.998563, 193, 107, 256, 122
-0.998563, 121, 191, 184, 206
-0.998564, 265, 121, 328, 136
-0.998564, 241, 259, 304, 274
-0.998565, 137, 113, 200, 128
-0.998565, 297, 299, 360, 314
-0.998566, 15, 17, 30, 144
-0.998568, 1, 17, 64, 32
-0.998569, 313, 115, 376, 130
-0.998569, 233, 309, 296, 324
-0.998569, 33, 159, 96, 174
-0.998571, 201, 193, 264, 208
-0.998572, 137, 149, 200, 164
-0.998572, 73, 291, 136, 306
-0.998573, 9, 61, 72, 76
-0.998575, 97, 287, 160, 302
-0.998575, 129, 271, 192, 286
-0.998577, 197, 223, 228, 238
-0.998577, 203, 177, 218, 304
-0.998578, 49, 221, 112, 236
-0.998579, 225, 271, 288, 286
-0.998579, 41, 117, 104, 132
-0.998579, 301, 65, 332, 320
-0.998579, 1, 169, 64, 184
-0.99858, 113, 155, 176, 170
-0.99858, 73, 315, 136, 330
-0.998582, 401, 307, 464, 322
-0.998582, 33, 57, 96, 72
-0.998582, 25, 141, 88, 156
-0.998583, 113, 175, 176, 190
-0.998584, 121, 309, 184, 324
-0.998585, 153, 105, 216, 120
-0.998585, 201, 113, 264, 128
-0.998585, 73, 179, 136, 194
-0.998585, 57, 153, 120, 168
-0.998586, 1, 1, 64, 16
-0.998587, 25, 21, 88, 36
-0.998587, 201, 201, 264, 216
-0.998587, 257, 253, 320, 268
-0.998587, 33, 135, 96, 150
-0.998588, 377, 271, 440, 286
-0.998588, 9, 109, 72, 124
-0.998588, 417, 319, 480, 334
-0.998588, 233, 113, 296, 128
-0.998588, 121, 279, 184, 294
-0.998589, 297, 315, 360, 330
-0.998589, 153, 193, 216, 208
-0.998591, 33, 129, 96, 144
-0.998592, 57, 209, 120, 224
-0.998593, 137, 289, 200, 304
-0.998595, 265, 263, 328, 278
-0.998595, 73, 221, 136, 236
-0.998595, 153, 265, 216, 280
-0.998595, 49, 51, 112, 66
-0.998604, 231, 193, 246, 320
-0.998604, 273, 85, 400, 116
-0.998615, 421, 65, 452, 320
-0.99862, 281, 301, 312, 316
-0.998636, 65, 89, 192, 120
-0.998647, 433, 65, 464, 320
-0.998648, 249, 259, 280, 274
-0.998657, 109, 249, 140, 264
-0.998667, 33, 1, 48, 128
-0.998668, 77, 225, 108, 240
-0.998678, 17, 35, 48, 50
-0.998681, 209, 221, 240, 236
-0.998685, 129, 243, 160, 258
-0.998698, 37, 29, 68, 44
-0.998715, 147, 209, 162, 334
-0.998717, 349, 33, 380, 288
-0.998736, 161, 57, 416, 120
-0.998743, 225, 205, 352, 236
-0.998753, 129, 33, 256, 64
-0.998764, 245, 209, 260, 334
-0.99877, 169, 201, 200, 216
-0.998782, 369, 45, 496, 76
-0.998782, 121, 203, 152, 218
-0.998795, 125, 253, 156, 268
-0.9988, 103, 209, 118, 334
-0.998801, 9, 55, 40, 70
-0.998807, 157, 249, 188, 264
-0.998808, 177, 213, 208, 228
-0.998818, 253, 65, 284, 320
-0.998823, 97, 13, 224, 44
-0.99883, 217, 261, 248, 276
-0.998837, 193, 121, 448, 184
-0.998874, 433, 81, 464, 208
-0.998879, 197, 209, 212, 334
-0.998896, 127, 113, 142, 240
-0.998907, 49, 73, 176, 104
-0.998916, 33, 23, 64, 38
-0.998927, 161, 263, 192, 278
-0.998931, 93, 233, 124, 248
-0.998931, 197, 211, 228, 226
-0.998936, 241, 265, 272, 280
-0.998943, 301, 279, 332, 294
-0.998956, 181, 257, 212, 272
-0.998958, 109, 309, 140, 324
-0.998961, 229, 253, 260, 268
-0.998963, 259, 209, 274, 334
-0.998981, 141, 199, 172, 214
-0.998989, 177, 141, 304, 172
-0.998989, 141, 243, 172, 258
-0.998993, 9, 1, 24, 128
-0.999008, 337, 21, 464, 52
-0.999013, 249, 251, 280, 266
-0.99902, 113, 161, 128, 288
-0.999042, 65, 57, 192, 88
-0.999061, 5, 35, 36, 50
-0.999088, 133, 237, 164, 252
-0.999093, 229, 221, 260, 236
-0.999108, 369, 253, 496, 284
-0.999109, 209, 25, 336, 56
-0.999117, 257, 25, 384, 56
-0.999128, 213, 253, 244, 268
-0.999129, 257, 249, 384, 280
-0.999156, 105, 301, 136, 316
-0.999159, 99, 161, 114, 288
-0.999159, 209, 73, 336, 104
-0.999172, 177, 157, 304, 188
-0.999174, 143, 161, 158, 288
-0.9992, 71, 129, 86, 256
-0.999218, 43, 1, 58, 128
-0.999227, 161, 53, 288, 84
-0.999236, 27, 17, 42, 144
-0.999242, 193, 161, 208, 288
-0.999248, 31, 81, 46, 208
-0.999251, 449, 33, 464, 160
-0.999253, 145, 17, 272, 48
-0.999256, 159, 97, 174, 224
-0.999258, 179, 209, 194, 334
-0.999258, 41, 49, 56, 176
-0.999262, 245, 243, 276, 258
-0.999263, 21, 29, 52, 44
-0.999267, 95, 209, 110, 334
-0.999289, 165, 193, 180, 320
-0.999291, 233, 227, 264, 242
-0.999301, 135, 97, 150, 224
-0.999307, 3, 1, 18, 128
-0.999311, 145, 97, 160, 224
-0.999314, 5, 47, 36, 62
-0.999315, 59, 113, 74, 240
-0.999323, 159, 209, 174, 334
-0.999329, 193, 205, 224, 220
-0.999347, 213, 215, 244, 230
-0.999351, 153, 161, 168, 288
-0.999352, 171, 145, 186, 272
-0.999354, 51, 49, 66, 176
-0.999357, 369, 289, 496, 320
-0.999358, 443, 33, 458, 160
-0.999365, 191, 209, 206, 334
-0.999384, 151, 97, 166, 224
-0.999386, 121, 129, 136, 256
-0.999386, 175, 97, 190, 224
-0.999389, 241, 97, 256, 224
-0.999398, 25, 177, 56, 304
-0.999405, 321, 261, 448, 292
-0.999413, 137, 249, 168, 264
-0.99943, 13, 193, 44, 320
-0.999432, 233, 259, 264, 274
-0.999439, 113, 243, 144, 258
-0.999451, 223, 81, 238, 208
-0.999466, 115, 113, 130, 240
-0.999474, 437, 33, 452, 160
-0.999478, 129, 77, 256, 108
-0.999494, 141, 261, 172, 276
-0.999497, 21, 65, 36, 192
-0.999505, 193, 217, 224, 232
-0.999514, 47, 97, 62, 224
-0.999524, 79, 145, 94, 272
-0.999541, 165, 97, 180, 224
-0.999544, 395, 81, 410, 208
-0.999544, 107, 145, 122, 272
-0.999555, 463, 33, 478, 160
-0.999556, 185, 145, 200, 272
-0.999556, 321, 113, 448, 144
-0.999568, 51, 1, 66, 128
-0.999571, 177, 129, 304, 160
-0.999572, 191, 113, 206, 240
-0.999585, 455, 33, 470, 160
-0.999586, 129, 65, 256, 96
-0.99959, 1, 129, 500, 192
-0.999592, 173, 209, 188, 334
-0.999594, 485, 49, 500, 176
-0.999596, 13, 81, 28, 208
-0.999601, 9, 41, 40, 56
-0.999627, 15, 33, 30, 48
-0.999628, 185, 209, 200, 334
-0.999628, 305, 283, 320, 298
-0.999628, 183, 81, 198, 208
-0.999628, 109, 299, 124, 314
-0.999629, 99, 239, 114, 254
-0.99963, 183, 213, 198, 228
-0.99963, 283, 305, 298, 320
-0.999631, 109, 319, 124, 334
-0.999632, 213, 243, 228, 258
-0.999632, 189, 257, 204, 272
-0.999632, 203, 207, 218, 222
-0.999633, 267, 267, 282, 282
-0.999633, 177, 209, 192, 224
-0.999633, 125, 253, 140, 268
-0.999634, 5, 49, 20, 176
-0.999634, 27, 33, 42, 48
-0.999634, 189, 149, 204, 164
-0.999634, 49, 183, 64, 198
-0.999635, 155, 243, 170, 258
-0.999635, 103, 305, 118, 320
-0.999636, 161, 201, 176, 216
-0.999637, 223, 217, 238, 232
-0.999637, 1, 201, 500, 264
-0.999637, 167, 247, 182, 262
-0.999639, 231, 225, 246, 240
-0.999639, 151, 237, 166, 252
-0.99964, 183, 251, 198, 266
-0.999641, 35, 91, 50, 106
-0.999641, 151, 111, 166, 126
-0.999641, 117, 241, 132, 256
-0.999642, 81, 301, 96, 316
-0.999642, 367, 49, 382, 176
-0.999644, 139, 239, 154, 254
-0.999644, 251, 265, 266, 280
-0.999645, 1, 49, 16, 64
-0.999646, 29, 81, 44, 96
-0.999647, 77, 217, 92, 232
-0.999647, 207, 233, 222, 248
-0.999647, 235, 259, 250, 274
-0.999648, 35, 71, 50, 86
-0.999648, 251, 259, 266, 274
-0.999649, 241, 233, 256, 248
-0.999649, 27, 75, 42, 90
-0.99965, 43, 21, 58, 36
-0.99965, 453, 83, 468, 98
-0.99965, 225, 49, 352, 80
-0.999651, 229, 219, 244, 234
-0.999651, 93, 229, 108, 244
-0.999651, 21, 27, 36, 42
-0.999651, 313, 273, 328, 288
-0.999653, 99, 227, 114, 242
-0.999654, 243, 193, 258, 208
-0.999655, 179, 145, 194, 272
-0.999656, 237, 241, 252, 256
-0.999656, 197, 219, 212, 234
-0.999656, 285, 299, 300, 314
-0.999656, 123, 317, 138, 332
-0.999657, 5, 1, 20, 16
-0.999657, 155, 251, 170, 266
-0.999659, 227, 255, 242, 270
-0.99966, 127, 309, 142, 324
-0.99966, 61, 197, 76, 212
-0.999661, 111, 237, 126, 252
-0.999661, 53, 189, 68, 204
-0.999661, 113, 247, 128, 262
-0.999662, 67, 203, 82, 218
-0.999662, 241, 271, 256, 286
-0.999662, 261, 269, 276, 284
-0.999663, 45, 175, 60, 190
-0.999665, 35, 27, 50, 42
-0.999665, 217, 253, 232, 268
-0.999665, 139, 251, 154, 266
-0.999666, 7, 53, 22, 68
-0.999666, 261, 257, 276, 272
-0.999667, 145, 235, 160, 250
-0.999668, 197, 113, 212, 240
-0.999668, 261, 245, 276, 260
-0.999669, 53, 129, 68, 256
-0.99967, 77, 65, 92, 192
-0.999671, 225, 61, 352, 92
-0.999671, 217, 145, 232, 272
-0.999673, 215, 237, 230, 252
-0.999674, 153, 257, 168, 272
-0.999674, 87, 227, 102, 242
-0.999675, 247, 97, 262, 224
-0.999675, 299, 285, 314, 300
-0.999676, 311, 279, 326, 294
-0.999676, 105, 235, 120, 250
-0.999676, 13, 53, 28, 68
-0.999678, 121, 195, 136, 210
-0.999678, 213, 223, 228, 238
-0.999679, 353, 81, 368, 208
-0.999683, 157, 267, 172, 282
-0.999684, 83, 219, 98, 234
-0.999684, 385, 81, 400, 208
-0.999685, 235, 235, 250, 250
-0.999686, 255, 237, 270, 252
-0.999686, 235, 265, 250, 280
-0.999687, 133, 253, 148, 268
-0.999691, 23, 45, 38, 60
-0.999691, 293, 291, 308, 306
-0.999691, 243, 225, 258, 240
-0.999693, 7, 47, 22, 62
-0.999695, 213, 213, 228, 228
-0.999695, 229, 81, 244, 208
-0.999696, 117, 197, 148, 212
-0.999696, 33, 33, 48, 48
-0.999697, 309, 97, 324, 224
-0.999698, 241, 217, 256, 232
-0.999698, 189, 211, 204, 226
-0.999698, 57, 33, 72, 160
-0.9997, 321, 89, 448, 120
-0.999701, 165, 145, 180, 272
-0.999701, 93, 223, 108, 238
-0.999703, 163, 263, 178, 278
-0.999704, 147, 263, 162, 278
-0.999706, 237, 161, 252, 288
-0.999706, 193, 13, 320, 44
-0.999707, 127, 191, 142, 206
-0.999709, 115, 309, 130, 324
-0.999709, 237, 233, 268, 248
-0.999711, 131, 241, 146, 256
-0.999716, 161, 153, 416, 216
-0.999718, 199, 213, 214, 228
-0.999718, 129, 247, 144, 262
-0.999719, 105, 241, 120, 256
-0.999719, 207, 227, 222, 242
-0.99972, 237, 227, 252, 242
-0.99972, 247, 231, 262, 246
-0.999721, 33, 21, 48, 36
-0.999722, 149, 243, 164, 258
-0.999722, 25, 129, 40, 256
-0.999725, 25, 39, 40, 54
-0.999726, 17, 39, 32, 54
-0.99973, 297, 285, 328, 300
-0.999732, 229, 261, 244, 276
-0.999733, 123, 245, 138, 260
-0.999735, 209, 189, 336, 220
-0.999735, 213, 231, 228, 246
-0.999735, 13, 47, 28, 62
-0.999736, 175, 261, 190, 276
-0.999739, 217, 65, 232, 192
-0.99974, 99, 233, 114, 248
-0.999741, 203, 221, 218, 236
-0.999743, 375, 49, 390, 176
-0.999744, 259, 113, 274, 240
-0.999745, 187, 205, 202, 220
-0.999749, 161, 247, 176, 262
-0.999751, 251, 161, 266, 288
-0.999752, 235, 219, 250, 234
-0.999761, 157, 49, 172, 176
-0.999763, 289, 73, 416, 104
-0.999765, 197, 207, 212, 222
-0.99977, 401, 81, 416, 208
-0.999773, 93, 161, 108, 288
-0.999773, 27, 27, 42, 42
-0.999775, 431, 33, 446, 160
-0.999777, 205, 215, 220, 230
-0.999778, 183, 257, 198, 272
-0.999778, 171, 49, 186, 176
-0.999779, 409, 81, 424, 208
-0.999786, 21, 33, 36, 48
-0.999786, 253, 113, 268, 240
-0.999787, 119, 303, 134, 318
-0.99979, 37, 129, 52, 256
-0.99979, 177, 255, 192, 270
-0.999791, 171, 255, 186, 270
-0.999792, 69, 49, 84, 176
-0.999792, 469, 33, 484, 160
-0.999795, 89, 209, 104, 334
-0.999802, 361, 81, 376, 208
-0.999802, 285, 97, 300, 224
-0.999803, 373, 97, 388, 224
-0.999804, 65, 145, 80, 272
-0.999804, 11, 41, 26, 56
-0.999804, 337, 81, 352, 208
-0.999805, 267, 97, 282, 224
-0.999809, 415, 81, 430, 208
-0.999817, 475, 33, 490, 160
-0.999818, 165, 253, 180, 268
-0.999819, 87, 161, 102, 288
-0.999823, 99, 113, 114, 240
-0.999825, 131, 197, 146, 212
-0.999831, 237, 1, 268, 128
-0.999842, 65, 97, 80, 224
-0.999845, 405, 33, 420, 160
-0.999847, 169, 257, 200, 272
-0.999852, 235, 97, 250, 224
-0.999855, 357, 33, 372, 160
-0.999856, 345, 97, 360, 224
-0.999857, 77, 193, 92, 320
-0.999867, 315, 97, 330, 224
-0.999876, 209, 81, 224, 208
-0.999877, 159, 161, 174, 288
-0.999879, 291, 97, 306, 224
-0.999886, 379, 97, 394, 224
-0.999898, 457, 81, 488, 208
-0.999901, 343, 49, 358, 176
-0.999901, 331, 97, 346, 224
-0.999903, 203, 129, 218, 256
-0.999908, 63, 33, 78, 160
-0.999909, 43, 145, 58, 272
-0.999912, 303, 97, 318, 224
-0.999918, 181, 207, 212, 222
-0.999918, 275, 97, 290, 224
-0.99992, 367, 97, 382, 224
-1.00005, 325, 1, 356, 128
-1.00006, 257, 225, 500, 288
-1.00012, 369, 161, 496, 288
-1.00012, 133, 17, 164, 144
-1.00026, 1, 81, 500, 144
-1.00043, 157, 255, 188, 270
-1.00044, 369, 209, 496, 272
-1.0006, 281, 209, 312, 334
-1.00069, 317, 209, 348, 334
-1.0011, 249, 17, 280, 144
-1.00126, 1, 177, 500, 240
-1.00135, 257, 217, 384, 280
-1.00139, 277, 1, 308, 128
-1.00158, 257, 161, 320, 288
-1.0018, 369, 185, 496, 248
-1.00201, 1, 153, 500, 216
-1.00204, 369, 121, 496, 184
-1.00206, 145, 1, 176, 128
-1.00216, 41, 209, 72, 334
-1.00248, 369, 153, 496, 216
-1.00259, 281, 193, 344, 320
-1.0026, 353, 161, 416, 288
-1.00263, 257, 153, 500, 216
-1.00293, 313, 1, 344, 128
-1.00298, 265, 1, 296, 128
-1.00317, 405, 209, 436, 334
-1.0034, 469, 97, 500, 224
-1.00341, 389, 209, 420, 334
-1.00354, 289, 1, 320, 128
-1.00355, 417, 209, 448, 334
-1.00374, 241, 137, 368, 200
-1.00374, 257, 161, 288, 288
-1.00377, 461, 193, 492, 320
-1.00377, 321, 217, 448, 280
-1.00453, 321, 129, 448, 192
-1.00469, 469, 145, 500, 272
-1.00519, 377, 161, 440, 288
-1.00544, 401, 129, 464, 256
-1.00576, 289, 145, 352, 272
-1.00585, 321, 161, 448, 288
-1.00622, 377, 209, 408, 334
-1.00673, 305, 193, 432, 256
-1.00684, 273, 161, 400, 224
-1.00731, 321, 169, 448, 232
-1.00753, 361, 209, 392, 334
-1.00828, 321, 145, 384, 272
-1.00858, 457, 129, 488, 256
-1.00902, 273, 161, 400, 288
