1986
-0.410672, 1, 129, 500, 375
-0.506119, 193, 1, 448, 375
-0.562303, 1, 1, 500, 256
-0.571319, 1, 1, 500, 375
-0.602199, 1, 1, 256, 375
-0.610082, 129, 129, 384, 375
-0.632474, 33, 129, 288, 375
-0.669565, 97, 1, 352, 375
-0.68989, 1, 1, 256, 256
-0.704399, 161, 1, 416, 256
-0.753339, 257, 129, 500, 375
-0.825925, 257, 1, 500, 256
-0.858109, 129, 129, 256, 375
-0.870627, 209, 1, 336, 375
-0.881252, 1, 177, 500, 304
-0.883614, 1, 225, 500, 352
-0.885829, 145, 1, 272, 375
-0.886874, 305, 1, 432, 375
-0.891048, 353, 1, 480, 375
-0.892278, 305, 129, 432, 375
-0.89301, 33, 1, 160, 256
-0.895517, 17, 1, 144, 375
-0.895851, 209, 129, 336, 375
-0.904638, 145, 1, 272, 256
-0.907077, 257, 1, 384, 375
-0.908492, 353, 129, 480, 375
-0.909089, 1, 129, 500, 256
-0.912868, 81, 1, 208, 256
-0.914969, 97, 1, 224, 375
-0.917589, 81, 129, 208, 375
-0.918045, 33, 129, 160, 375
-0.92096, 225, 1, 352, 256
-0.921423, 305, 1, 432, 256
-0.921488, 129, 225, 384, 352
-0.922509, 33, 177, 288, 304
-0.923957, 129, 145, 384, 272
-0.925284, 257, 193, 500, 320
-0.927027, 257, 241, 500, 368
-0.932083, 353, 1, 480, 256
-0.934871, 129, 145, 256, 272
-0.935077, 257, 97, 384, 352
-0.937484, 305, 193, 432, 320
-0.939787, 33, 225, 288, 352
-0.940847, 33, 129, 288, 256
-0.949768, 225, 129, 480, 256
-0.950098, 209, 177, 336, 304
-0.951527, 1, 17, 500, 144
-0.954021, 353, 177, 480, 304
-0.954144, 49, 193, 176, 320
-0.954244, 289, 241, 416, 368
-0.956582, 1, 1, 256, 128
-0.95691, 225, 129, 352, 256
-0.958943, 1, 225, 128, 352
-0.960064, 185, 129, 248, 256
-0.960684, 193, 209, 256, 336
-0.961485, 409, 241, 472, 368
-0.961754, 129, 97, 384, 224
-0.961821, 369, 241, 496, 368
-0.962339, 1, 81, 500, 208
-0.962453, 321, 209, 384, 336
-0.962996, 161, 113, 224, 240
-0.963062, 57, 177, 120, 304
-0.963313, 305, 129, 432, 256
-0.963469, 1, 177, 128, 304
-0.96387, 417, 1, 480, 128
-0.963939, 393, 145, 456, 272
-0.964476, 297, 225, 360, 352
-0.964499, 177, 241, 304, 368
-0.964584, 97, 193, 224, 320
-0.964674, 369, 1, 496, 128
-0.965306, 41, 225, 104, 352
-0.965445, 257, 17, 500, 144
-0.965856, 241, 241, 368, 368
-0.966198, 145, 97, 272, 224
-0.967543, 313, 129, 376, 256
-0.968197, 425, 193, 488, 320
-0.968356, 169, 121, 232, 184
-0.968511, 345, 193, 408, 320
-0.968678, 89, 193, 152, 320
-0.968713, 113, 177, 176, 304
-0.968764, 353, 113, 480, 240
-0.968935, 369, 177, 432, 304
-0.969259, 137, 145, 200, 272
-0.969303, 17, 241, 80, 368
-0.969323, 161, 1, 416, 128
-0.970017, 1, 1, 128, 128
-0.970587, 65, 241, 192, 368
-0.971003, 401, 193, 464, 320
-0.971395, 1, 81, 256, 208
-0.971638, 49, 1, 112, 128
-0.972126, 345, 201, 408, 264
-0.972162, 417, 1, 480, 64
-0.972175, 369, 129, 432, 256
-0.972239, 369, 177, 432, 240
-0.972653, 17, 17, 80, 144
-0.973405, 57, 185, 120, 248
-0.973459, 113, 241, 240, 368
-0.973473, 169, 241, 232, 368
-0.973503, 145, 1, 272, 128
-0.973538, 145, 153, 272, 216
-0.973628, 337, 201, 464, 264
-0.973687, 217, 193, 280, 320
-0.97384, 297, 281, 360, 344
-0.973932, 65, 241, 128, 368
-0.974403, 273, 241, 336, 368
-0.974909, 89, 241, 152, 368
-0.974982, 353, 297, 480, 360
-0.975009, 41, 313, 104, 375
-0.975085, 401, 97, 464, 224
-0.975272, 305, 225, 368, 288
-0.975456, 393, 17, 456, 144
-0.975704, 433, 241, 496, 368
-0.975837, 193, 241, 256, 304
-0.975882, 1, 97, 128, 224
-0.97591, 169, 1, 232, 256
-0.976163, 281, 249, 344, 312
-0.976189, 321, 313, 384, 375
-0.976279, 1, 65, 64, 192
-0.976337, 385, 209, 448, 272
-0.976368, 41, 225, 104, 288
-0.976414, 409, 273, 472, 336
-0.976497, 81, 145, 208, 272
-0.976658, 49, 9, 112, 72
-0.976713, 337, 129, 400, 256
-0.976957, 393, 185, 456, 248
-0.977177, 81, 185, 144, 248
-0.977262, 65, 289, 128, 352
-0.977613, 153, 129, 216, 375
-0.97766, 49, 193, 176, 256
-0.978071, 25, 185, 88, 248
-0.978107, 417, 249, 480, 312
-0.978112, 129, 177, 192, 240
-0.978189, 73, 17, 136, 80
-0.978303, 353, 297, 416, 360
-0.978421, 385, 257, 448, 320
-0.978455, 321, 129, 384, 192
-0.978602, 273, 289, 400, 352
-0.978614, 33, 97, 96, 224
-0.978662, 209, 217, 272, 280
-0.97879, 105, 201, 168, 264
-0.978841, 313, 177, 376, 240
-0.978858, 65, 209, 128, 272
-0.978881, 1, 177, 64, 304
-0.978911, 433, 273, 496, 336
-0.978936, 305, 33, 432, 160
-0.979042, 113, 185, 240, 248
-0.979046, 209, 201, 336, 264
-0.979109, 393, 113, 456, 176
-0.979383, 305, 81, 432, 208
-0.979443, 33, 97, 96, 160
-0.979614, 193, 161, 256, 224
-0.97966, 153, 145, 216, 208
-0.979667, 9, 81, 72, 144
-0.979808, 209, 145, 272, 272
-0.980201, 53, 97, 84, 160
-0.980227, 89, 313, 152, 375
-0.98038, 1, 201, 128, 264
-0.980452, 25, 161, 88, 288
-0.980589, 337, 177, 400, 240
-0.980618, 153, 265, 216, 328
-0.980897, 209, 1, 336, 128
-0.980914, 201, 129, 264, 375
-0.981037, 361, 241, 424, 368
-0.981092, 193, 225, 320, 288
-0.981097, 145, 225, 208, 352
-0.981113, 177, 97, 240, 352
-0.98115, 281, 33, 344, 160
-0.981305, 429, 1, 460, 128
-0.981306, 89, 273, 152, 336
-0.981366, 201, 225, 232, 352
-0.981553, 321, 153, 384, 216
-0.981683, 401, 297, 464, 360
-0.981871, 33, 265, 96, 328
-0.981964, 9, 113, 72, 240
-0.98197, 193, 1, 256, 256
-0.982026, 409, 25, 472, 88
-0.982116, 33, 1, 96, 256
-0.982135, 193, 273, 256, 336
-0.982185, 177, 281, 304, 344
-0.982226, 201, 241, 232, 304
-0.982263, 185, 1, 248, 128
-0.982295, 313, 129, 376, 375
-0.982439, 129, 129, 192, 375
-0.982511, 233, 1, 296, 128
-0.982521, 49, 129, 112, 375
-0.982524, 289, 305, 352, 368
-0.982603, 393, 129, 456, 375
-0.98268, 17, 209, 80, 272
-0.982775, 361, 129, 424, 375
-0.982847, 49, 81, 176, 208
-0.982883, 185, 25, 248, 88
-0.982963, 385, 1, 448, 64
-0.983013, 281, 129, 344, 256
-0.983103, 305, 225, 432, 288
-0.983189, 77, 9, 108, 72
-0.983375, 65, 281, 192, 344
-0.983381, 137, 305, 200, 368
-0.983468, 193, 137, 256, 200
-0.983553, 65, 185, 96, 248
-0.983697, 9, 241, 72, 304
-0.983753, 401, 145, 464, 208
-0.98379, 249, 241, 312, 368
-0.983901, 273, 313, 400, 375
-0.983902, 225, 81, 480, 208
-0.983982, 265, 305, 328, 368
-0.984013, 1, 273, 128, 336
-0.984028, 321, 273, 384, 336
-0.984055, 309, 233, 340, 296
-0.984159, 309, 225, 340, 352
-0.984189, 209, 1, 272, 128
-0.984204, 297, 121, 360, 184
-0.984216, 169, 1, 232, 64
-0.984247, 345, 1, 408, 256
-0.984281, 429, 1, 460, 64
-0.984302, 141, 177, 172, 240
-0.984318, 89, 129, 152, 256
-0.98433, 401, 177, 432, 240
-0.984347, 201, 1, 264, 64
-0.984368, 49, 17, 80, 80
-0.984379, 273, 265, 400, 328
-0.984385, 257, 273, 320, 336
-0.984404, 57, 265, 120, 328
-0.984417, 209, 81, 336, 208
-0.984509, 377, 25, 440, 88
-0.984577, 381, 193, 412, 256
-0.9846, 41, 105, 72, 168
-0.984715, 257, 17, 384, 144
-0.984754, 45, 225, 76, 352
-0.984814, 181, 121, 212, 184
-0.984835, 421, 105, 452, 168
-0.984851, 209, 25, 272, 88
-0.984863, 417, 129, 480, 375
-0.984869, 221, 145, 252, 272
-0.984884, 81, 185, 112, 248
-0.984893, 353, 177, 384, 240
-0.984925, 65, 169, 192, 232
-0.984953, 165, 145, 196, 208
-0.984966, 337, 129, 400, 375
-0.984975, 121, 201, 152, 264
-0.985026, 369, 193, 400, 256
-0.985028, 169, 241, 232, 304
-0.985047, 361, 257, 424, 320
-0.985124, 321, 201, 384, 264
-0.985137, 89, 41, 152, 104
-0.985139, 89, 1, 152, 256
-0.985281, 309, 265, 340, 328
-0.985298, 325, 113, 356, 176
-0.98532, 433, 33, 496, 96
-0.985323, 385, 241, 448, 368
-0.985337, 421, 97, 452, 224
-0.985411, 345, 33, 408, 160
-0.985461, 81, 313, 208, 375
-0.98548, 185, 81, 248, 208
-0.985523, 297, 297, 328, 360
-0.985564, 281, 1, 344, 256
-0.985609, 65, 129, 128, 256
-0.985646, 113, 305, 176, 368
-0.985671, 453, 1, 484, 128
-0.985714, 49, 233, 80, 296
-0.985727, 225, 145, 352, 208
-0.985799, 205, 137, 236, 200
-0.985902, 433, 225, 464, 352
-0.985911, 345, 145, 408, 208
-0.985916, 161, 193, 288, 320
-0.985921, 9, 113, 72, 176
-0.985944, 365, 297, 396, 360
-0.985953, 153, 161, 184, 224
-0.986015, 441, 1, 472, 128
-0.986065, 273, 193, 336, 320
-0.986087, 433, 241, 464, 304
-0.986093, 161, 177, 224, 304
-0.986102, 433, 217, 496, 280
-0.986107, 213, 225, 244, 288
-0.986128, 61, 1, 92, 64
-0.986145, 33, 1, 96, 375
-0.986161, 53, 1, 84, 128
-0.986165, 161, 297, 224, 360
-0.986167, 297, 249, 328, 312
-0.986194, 1, 185, 64, 248
-0.986204, 321, 121, 448, 184
-0.986208, 33, 313, 160, 375
-0.986244, 93, 17, 124, 80
-0.986257, 97, 257, 224, 320
-0.986257, 49, 49, 112, 176
-0.986257, 417, 1, 480, 256
-0.986293, 213, 209, 244, 336
-0.986303, 17, 25, 80, 88
-0.986311, 221, 161, 252, 224
-0.986378, 305, 177, 432, 240
-0.986389, 9, 1, 72, 256
-0.98644, 145, 161, 176, 288
-0.986441, 145, 1, 208, 256
-0.986491, 25, 97, 88, 352
-0.986537, 225, 257, 352, 320
-0.986544, 393, 233, 456, 296
-0.986568, 417, 145, 480, 272
-0.986593, 233, 129, 296, 256
-0.986603, 145, 129, 272, 192
-0.986682, 9, 57, 72, 120
-0.986716, 121, 241, 184, 368
-0.986726, 85, 273, 116, 336
-0.986753, 369, 273, 496, 336
-0.986823, 45, 97, 76, 224
-0.986846, 233, 9, 296, 72
-0.986859, 65, 209, 96, 272
-0.986864, 209, 1, 272, 375
-0.986977, 469, 1, 500, 128
-0.98698, 61, 305, 92, 368
-0.986999, 353, 313, 384, 375
-0.987018, 49, 313, 80, 375
-0.987077, 417, 1, 480, 375
-0.98713, 453, 281, 484, 344
-0.987163, 425, 25, 456, 88
-0.987178, 353, 177, 480, 240
-0.987181, 73, 1, 136, 128
-0.987196, 337, 1, 400, 375
-0.987198, 97, 65, 224, 192
-0.987199, 313, 17, 376, 144
-0.987218, 425, 265, 456, 328
-0.98723, 381, 169, 412, 232
-0.98727, 157, 129, 188, 256
-0.987324, 77, 177, 108, 304
-0.987345, 205, 129, 236, 256
-0.987363, 1, 9, 128, 72
-0.987368, 369, 1, 496, 64
-0.987381, 41, 201, 72, 264
-0.987447, 9, 265, 72, 328
-0.98746, 341, 129, 372, 256
-0.987462, 393, 257, 424, 320
-0.987549, 361, 1, 424, 375
-0.987562, 357, 201, 388, 264
-0.98757, 33, 225, 160, 288
-0.987618, 57, 33, 120, 288
-0.987645, 225, 209, 256, 272
-0.987664, 321, 81, 384, 208
-0.98774, 457, 1, 488, 64
-0.987758, 321, 1, 384, 256
-0.987761, 321, 265, 352, 328
-0.987796, 377, 1, 440, 256
-0.987865, 417, 209, 448, 272
-0.987875, 97, 185, 128, 248
-0.987896, 393, 201, 424, 264
-0.987896, 225, 177, 352, 240
-0.987916, 425, 49, 488, 176
-0.987927, 93, 313, 124, 375
-0.98793, 193, 121, 224, 184
-0.988013, 425, 97, 488, 224
-0.988016, 53, 185, 84, 248
-0.988029, 85, 241, 116, 368
-0.988069, 373, 177, 404, 304
-0.988095, 121, 49, 184, 176
-0.988106, 109, 305, 140, 368
-0.988144, 73, 281, 104, 344
-0.988195, 181, 265, 212, 328
-0.988199, 97, 265, 128, 328
-0.988273, 29, 209, 60, 272
-0.9883, 393, 161, 424, 288
-0.988304, 429, 201, 460, 264
-0.988323, 1, 177, 128, 240
-0.988328, 77, 209, 108, 272
-0.988342, 369, 25, 496, 88
-0.988353, 469, 1, 500, 64
-0.988388, 469, 273, 500, 336
-0.988402, 97, 289, 128, 352
-0.98842, 441, 305, 472, 368
-0.988423, 57, 1, 120, 375
-0.988491, 369, 33, 432, 160
-0.988503, 1, 241, 32, 304
-0.988529, 53, 209, 84, 272
-0.988536, 105, 209, 136, 272
-0.988538, 441, 1, 472, 64
-0.988561, 29, 73, 60, 136
-0.988565, 337, 129, 368, 192
-0.988607, 137, 97, 200, 224
-0.988626, 233, 193, 296, 256
-0.988654, 73, 129, 136, 375
-0.98866, 365, 169, 396, 232
-0.988686, 49, 1, 176, 128
-0.988691, 229, 33, 260, 96
-0.988693, 133, 177, 164, 304
-0.988694, 329, 153, 360, 216
-0.988713, 65, 241, 96, 368
-0.98872, 113, 145, 176, 208
-0.98872, 153, 217, 216, 280
-0.988727, 405, 241, 436, 304
-0.988735, 421, 145, 452, 272
-0.988741, 285, 305, 316, 368
-0.988759, 5, 217, 36, 280
-0.988759, 321, 225, 352, 288
-0.988772, 297, 241, 328, 368
-0.988822, 325, 113, 356, 240
-0.988828, 377, 289, 440, 352
-0.988831, 97, 209, 224, 272
-0.988831, 441, 281, 472, 344
-0.988844, 225, 129, 288, 375
-0.988859, 97, 129, 160, 375
-0.988867, 409, 209, 472, 272
-0.988903, 341, 177, 372, 240
-0.988944, 201, 281, 232, 344
-0.988953, 413, 281, 444, 344
-0.988966, 145, 305, 176, 368
-0.989024, 437, 33, 468, 96
-0.989079, 337, 145, 464, 208
-0.989145, 281, 273, 312, 336
-0.989162, 57, 177, 88, 304
-0.989173, 281, 1, 344, 375
-0.989249, 153, 1, 216, 375
-0.989249, 405, 1, 436, 64
-0.989273, 297, 177, 360, 304
-0.989306, 81, 161, 144, 224
-0.989317, 113, 129, 176, 256
-0.98933, 169, 113, 200, 176
-0.989333, 85, 249, 116, 312
-0.98934, 113, 281, 176, 344
-0.989388, 205, 9, 236, 72
-0.989402, 217, 1, 280, 256
-0.989406, 313, 1, 376, 375
-0.989408, 145, 113, 208, 176
-0.989413, 1, 177, 32, 240
-0.989415, 369, 137, 432, 200
-0.989447, 25, 1, 88, 64
-0.98947, 105, 193, 136, 320
-0.989487, 109, 281, 140, 344
-0.989493, 161, 65, 224, 192
-0.989502, 289, 129, 352, 375
-0.989566, 37, 9, 68, 72
-0.989573, 29, 33, 60, 160
-0.989596, 225, 209, 256, 336
-0.9896, 25, 185, 56, 248
-0.989608, 1, 249, 128, 312
-0.989616, 169, 9, 200, 72
-0.989636, 409, 121, 440, 184
-0.989645, 25, 161, 88, 224
-0.989648, 337, 249, 464, 312
-0.989655, 29, 241, 60, 304
-0.989658, 409, 25, 440, 88
-0.989663, 281, 81, 344, 208
-0.989674, 93, 209, 124, 272
-0.989718, 1, 97, 64, 352
-0.989744, 453, 25, 484, 88
-0.989753, 297, 145, 360, 208
-0.989761, 33, 129, 64, 192
-0.989771, 157, 305, 188, 368
-0.989773, 289, 201, 416, 264
-0.989781, 429, 145, 460, 208
-0.989787, 185, 1, 248, 375
-0.989793, 73, 33, 104, 96
-0.98982, 29, 105, 60, 168
-0.989849, 469, 33, 500, 96
-0.989864, 17, 217, 48, 280
-0.989901, 189, 113, 220, 240
-0.989952, 357, 161, 388, 288
-0.989962, 97, 1, 224, 128
-0.989969, 133, 305, 164, 368
-0.989991, 181, 297, 212, 360
-0.990018, 345, 209, 376, 272
-0.990107, 441, 209, 472, 272
-0.990109, 37, 177, 68, 240
-0.990123, 61, 33, 92, 96
-0.990142, 129, 297, 256, 360
-0.99015, 421, 241, 452, 368
-0.990164, 217, 137, 248, 200
-0.990168, 17, 241, 48, 304
-0.99017, 389, 145, 420, 208
-0.990193, 445, 193, 476, 320
-0.990194, 1, 241, 500, 304
-0.990198, 33, 121, 96, 184
-0.990215, 57, 273, 88, 336
-0.990238, 345, 81, 408, 208
-0.990244, 61, 233, 92, 296
-0.990249, 405, 177, 436, 304
-0.99025, 61, 73, 92, 136
-0.990263, 409, 113, 440, 240
-0.990297, 413, 153, 444, 216
-0.990307, 401, 297, 432, 360
-0.990343, 45, 265, 76, 328
-0.990348, 65, 25, 128, 56
-0.990359, 345, 289, 376, 352
-0.990361, 169, 97, 200, 224
-0.990363, 329, 209, 360, 336
-0.990373, 169, 297, 200, 360
-0.990373, 41, 1, 72, 128
-0.990381, 425, 129, 488, 192
-0.99041, 73, 305, 104, 368
-0.99044, 381, 217, 412, 280
-0.990509, 1, 201, 500, 264
-0.990517, 1, 49, 32, 112
-0.990567, 113, 33, 176, 288
-0.990568, 309, 137, 340, 200
-0.99059, 177, 1, 304, 64
-0.990604, 257, 297, 500, 360
-0.99063, 257, 1, 320, 375
-0.990641, 309, 289, 340, 352
-0.990649, 121, 305, 152, 368
-0.990651, 113, 233, 240, 296
-0.990655, 13, 177, 44, 240
-0.990671, 417, 105, 480, 168
-0.990686, 209, 121, 336, 184
-0.990687, 329, 201, 360, 264
-0.990697, 237, 201, 268, 264
-0.990813, 129, 289, 384, 352
-0.990831, 129, 49, 384, 176
-0.990833, 361, 197, 424, 228
-0.990875, 97, 113, 224, 176
-0.990914, 233, 1, 296, 375
-0.990917, 257, 17, 320, 144
-0.990923, 177, 133, 240, 164
-0.990939, 281, 265, 344, 296
-0.990975, 161, 33, 224, 96
-0.991033, 65, 1, 96, 128
-0.991067, 273, 129, 400, 192
-0.991093, 65, 233, 128, 296
-0.991127, 385, 1, 448, 375
-0.991132, 273, 225, 336, 288
-0.991175, 1, 1, 64, 64
-0.991251, 329, 345, 392, 375
-0.991325, 153, 169, 216, 232
-0.99135, 417, 17, 448, 144
-0.99143, 433, 305, 496, 368
-0.991434, 257, 241, 500, 304
-0.991466, 321, 1, 448, 64
-0.991503, 257, 1, 320, 256
-0.99161, 161, 25, 288, 88
-0.991639, 57, 89, 120, 152
-0.991677, 177, 257, 304, 320
-0.991714, 161, 265, 416, 328
-0.991762, 257, 177, 384, 304
-0.991785, 225, 289, 352, 352
-0.99179, 321, 333, 384, 364
-0.991791, 273, 121, 336, 184
-0.991921, 209, 313, 336, 375
-0.991922, 105, 177, 168, 240
-0.991957, 1, 1, 64, 375
-0.991974, 89, 193, 120, 320
-0.992016, 33, 201, 288, 264
-0.992083, 97, 241, 128, 368
-0.992096, 353, 233, 416, 296
-0.992099, 81, 189, 144, 220
-0.992117, 145, 241, 208, 304
-0.992141, 65, 41, 128, 104
-0.992141, 217, 121, 280, 184
-0.992157, 129, 241, 384, 304
-0.992166, 65, 313, 128, 375
-0.992196, 345, 177, 376, 304
-0.992201, 329, 189, 392, 220
-0.992204, 465, 241, 496, 368
-0.992215, 65, 297, 128, 328
-0.992221, 185, 297, 248, 360
-0.992256, 57, 13, 120, 44
-0.992268, 225, 1, 352, 64
-0.992296, 73, 209, 136, 240
-0.992297, 361, 177, 424, 208
-0.992327, 257, 185, 500, 248
-0.992353, 257, 265, 500, 328
-0.992361, 385, 185, 448, 216
-0.992381, 377, 81, 440, 208
-0.99242, 177, 145, 240, 176
-0.992421, 41, 289, 104, 352
-0.992446, 273, 201, 336, 264
-0.99254, 161, 217, 416, 280
-0.99254, 421, 193, 452, 320
-0.992545, 81, 1, 112, 128
-0.992553, 97, 205, 160, 236
-0.992617, 233, 281, 296, 344
-0.992702, 417, 185, 480, 248
-0.992703, 417, 21, 480, 52
-0.992705, 1, 289, 500, 352
-0.992707, 121, 113, 184, 176
-0.992717, 105, 313, 168, 344
-0.992738, 433, 281, 496, 312
-0.992738, 321, 249, 384, 312
-0.992754, 373, 197, 404, 228
-0.992757, 33, 333, 96, 364
-0.992801, 409, 293, 472, 324
-0.992806, 33, 97, 64, 224
-0.99283, 53, 97, 84, 128
-0.99286, 57, 309, 120, 340
-0.992861, 305, 237, 368, 268
-0.992863, 49, 137, 176, 200
-0.992871, 265, 97, 328, 352
-0.992877, 153, 125, 216, 156
-0.99289, 193, 37, 256, 68
-0.992895, 33, 177, 64, 304
-0.992895, 385, 257, 448, 288
-0.992904, 257, 209, 500, 272
-0.992953, 41, 33, 104, 96
-0.992975, 361, 1, 424, 64
-0.993006, 137, 181, 200, 212
-0.993013, 233, 145, 296, 208
-0.99302, 317, 177, 348, 304
-0.993028, 129, 185, 384, 248
-0.993054, 49, 81, 176, 144
-0.993075, 81, 17, 112, 48
-0.993089, 313, 133, 376, 164
-0.993117, 33, 225, 288, 288
-0.99315, 117, 177, 148, 304
-0.993154, 49, 193, 112, 224
-0.993156, 1, 121, 128, 184
-0.993176, 89, 45, 152, 76
-0.993184, 381, 129, 412, 256
-0.993187, 1, 177, 500, 240
-0.993198, 41, 229, 104, 260
-0.993203, 77, 29, 108, 60
-0.993206, 129, 161, 384, 224
-0.993226, 97, 225, 160, 288
-0.993233, 121, 197, 184, 228
-0.993238, 9, 85, 72, 116
-0.993261, 209, 25, 336, 88
-0.993336, 17, 209, 80, 240
-0.993349, 45, 109, 76, 140
-0.993369, 65, 273, 128, 304
-0.993371, 321, 105, 384, 168
-0.993371, 209, 97, 272, 224
-0.99338, 313, 33, 376, 96
-0.993405, 281, 253, 344, 284
-0.993411, 33, 29, 96, 60
-0.993419, 337, 33, 400, 96
-0.99343, 353, 225, 480, 288
-0.993431, 377, 25, 440, 56
-0.993447, 89, 1, 152, 375
-0.993472, 41, 321, 104, 352
-0.993474, 41, 205, 104, 236
-0.993484, 177, 193, 240, 256
-0.993488, 49, 25, 80, 56
-0.993505, 353, 305, 416, 336
-0.993508, 297, 201, 360, 264
-0.993514, 353, 209, 416, 240
-0.993515, 89, 249, 152, 312
-0.993522, 393, 185, 424, 216
-0.993536, 85, 197, 116, 228
-0.993539, 61, 193, 92, 224
-0.993541, 289, 337, 352, 368
-0.993557, 189, 241, 220, 368
-0.993557, 1, 265, 500, 328
-0.993557, 421, 113, 452, 144
-0.993574, 49, 97, 112, 128
-0.993614, 357, 185, 388, 216
-0.993621, 93, 17, 124, 48
-0.993622, 93, 33, 124, 64
-0.993638, 169, 9, 232, 40
-0.993641, 1, 313, 256, 375
-0.993643, 309, 265, 340, 296
-0.993651, 57, 9, 88, 40
-0.993666, 389, 201, 420, 232
-0.993685, 153, 165, 216, 196
-0.993705, 49, 209, 80, 240
-0.993714, 401, 117, 464, 148
-0.993716, 137, 9, 200, 72
-0.993733, 425, 25, 456, 56
-0.993743, 193, 249, 256, 280
-0.993746, 1, 97, 128, 160
-0.993748, 73, 189, 104, 220
-0.993748, 345, 189, 376, 220
-0.993749, 301, 249, 332, 280
-0.993758, 337, 97, 464, 160
-0.993762, 97, 17, 160, 80
-0.993765, 5, 177, 36, 304
-0.993772, 33, 273, 288, 336
-0.993776, 201, 185, 264, 248
-0.993777, 221, 221, 252, 252
-0.993779, 297, 297, 360, 328
-0.993782, 1, 9, 256, 72
-0.993797, 221, 37, 252, 68
-0.993797, 409, 269, 472, 300
-0.993798, 25, 189, 88, 220
-0.993802, 145, 181, 176, 212
-0.993804, 313, 341, 344, 372
-0.99381, 65, 225, 128, 256
-0.99383, 33, 1, 96, 32
-0.993833, 369, 121, 496, 184
-0.993859, 185, 129, 216, 160
-0.993883, 9, 137, 72, 200
-0.993885, 121, 81, 184, 144
-0.993888, 313, 237, 344, 268
-0.993888, 125, 201, 156, 232
-0.99389, 197, 249, 228, 280
-0.993897, 1, 33, 128, 96
-0.993899, 93, 209, 124, 240
-0.993901, 109, 209, 140, 240
-0.993919, 137, 193, 168, 224
-0.993925, 165, 149, 196, 180
-0.993929, 153, 269, 216, 300
-0.993942, 321, 117, 352, 148
-0.993944, 405, 181, 436, 212
-0.993955, 81, 209, 112, 240
-0.993956, 89, 29, 152, 60
-0.99397, 461, 277, 492, 308
-0.993987, 393, 213, 456, 244
-0.993996, 237, 177, 268, 304
-0.994007, 209, 237, 240, 268
-0.994011, 33, 161, 288, 224
-0.994018, 93, 273, 124, 304
-0.994018, 157, 169, 188, 200
-0.994038, 361, 205, 392, 236
-0.994039, 297, 333, 328, 364
-0.994044, 233, 33, 296, 96
-0.994046, 97, 189, 128, 220
-0.994047, 65, 37, 128, 68
-0.994048, 41, 333, 72, 364
-0.99405, 393, 245, 456, 276
-0.994056, 105, 29, 136, 60
-0.994067, 209, 25, 240, 56
-0.994072, 445, 285, 476, 316
-0.994084, 217, 217, 280, 248
-0.994091, 193, 277, 256, 308
-0.994093, 41, 125, 72, 156
-0.994096, 209, 229, 272, 260
-0.994116, 305, 285, 368, 316
-0.994118, 389, 173, 420, 204
-0.994119, 369, 181, 400, 212
-0.994136, 33, 109, 96, 140
-0.994136, 281, 33, 344, 96
-0.994138, 361, 305, 392, 336
-0.994139, 93, 325, 124, 356
-0.994144, 329, 213, 392, 244
-0.994144, 97, 81, 160, 208
-0.994152, 405, 257, 436, 288
-0.994158, 29, 105, 60, 136
-0.99416, 37, 17, 68, 48
-0.994172, 205, 37, 236, 68
-0.994173, 173, 121, 204, 152
-0.994177, 129, 137, 384, 200
-0.99418, 93, 45, 124, 76
-0.994193, 201, 285, 232, 316
-0.994208, 205, 145, 236, 176
-0.994211, 129, 1, 192, 375
-0.994225, 65, 33, 96, 64
-0.994233, 313, 317, 376, 348
-0.994236, 393, 129, 456, 160
-0.994248, 113, 309, 144, 340
-0.994255, 33, 249, 288, 312
-0.99426, 409, 33, 440, 64
-0.994264, 197, 133, 228, 164
-0.994268, 297, 305, 328, 336
-0.994279, 193, 25, 256, 56
-0.994282, 221, 25, 252, 56
-0.994285, 217, 33, 280, 64
-0.994286, 421, 285, 452, 316
-0.994297, 41, 97, 72, 128
-0.994299, 429, 213, 460, 244
-0.994304, 185, 37, 216, 68
-0.994304, 65, 89, 96, 120
-0.994304, 69, 13, 100, 44
-0.994304, 305, 289, 336, 320
-0.994327, 165, 133, 196, 164
-0.994335, 177, 9, 208, 40
-0.994335, 393, 261, 424, 292
-0.994336, 369, 129, 400, 256
-0.994338, 53, 233, 84, 264
-0.994351, 33, 13, 96, 44
-0.994354, 201, 273, 232, 304
-0.994356, 57, 341, 88, 372
-0.994356, 17, 225, 48, 352
-0.994362, 421, 41, 452, 72
-0.994366, 425, 13, 456, 44
-0.994368, 345, 317, 376, 348
-0.994374, 429, 1, 460, 32
-0.994378, 9, 221, 40, 252
-0.994383, 65, 225, 96, 256
-0.9944, 265, 329, 328, 360
-0.994409, 329, 129, 360, 160
-0.99441, 1, 245, 32, 276
-0.99441, 217, 161, 248, 192
-0.994412, 25, 121, 56, 152
-0.994416, 181, 269, 212, 300
-0.994425, 29, 189, 60, 220
-0.994427, 93, 1, 124, 128
-0.994431, 385, 213, 416, 244
-0.994431, 433, 253, 464, 284
-0.994431, 233, 37, 264, 68
-0.994443, 297, 261, 328, 292
-0.994444, 105, 41, 136, 72
-0.994448, 409, 281, 472, 312
-0.994451, 49, 189, 80, 220
-0.994455, 321, 269, 352, 300
-0.994456, 53, 37, 84, 68
-0.994456, 469, 37, 500, 68
-0.994457, 1, 245, 64, 276
-0.994458, 45, 321, 76, 352
-0.99446, 341, 177, 372, 208
-0.994463, 37, 345, 68, 375
-0.994468, 285, 325, 316, 356
-0.994471, 453, 345, 484, 375
-0.994473, 185, 117, 216, 148
-0.994478, 165, 17, 196, 48
-0.994481, 61, 209, 92, 240
-0.994481, 73, 273, 104, 304
-0.994481, 433, 129, 464, 256
-0.994488, 145, 49, 272, 176
-0.99449, 85, 185, 116, 216
-0.994494, 153, 257, 216, 288
-0.994495, 425, 273, 456, 304
-0.994495, 73, 341, 104, 372
-0.994496, 289, 309, 352, 340
-0.994501, 173, 37, 204, 68
-0.994511, 401, 213, 432, 244
-0.994514, 1, 205, 32, 236
-0.994518, 433, 41, 464, 72
-0.99452, 329, 161, 360, 288
-0.994527, 73, 1, 104, 32
-0.994533, 405, 5, 436, 36
-0.994533, 357, 345, 388, 375
-0.994535, 201, 261, 232, 292
-0.994547, 85, 337, 116, 368
-0.994552, 65, 45, 96, 76
-0.994554, 353, 333, 384, 364
-0.994561, 93, 297, 124, 328
-0.994569, 441, 237, 472, 268
-0.994571, 193, 169, 256, 200
-0.994576, 445, 41, 476, 72
-0.994578, 25, 89, 56, 120
-0.994582, 77, 293, 108, 324
-0.994589, 381, 185, 412, 216
-0.994594, 441, 305, 472, 336
-0.9946, 81, 17, 208, 80
-0.994603, 153, 137, 216, 168
-0.994621, 313, 113, 344, 240
-0.994686, 105, 177, 168, 208
-0.994711, 401, 37, 464, 68
-0.994727, 313, 225, 376, 256
-0.994734, 409, 305, 472, 336
-0.994744, 169, 37, 232, 68
-0.994749, 9, 97, 72, 128
-0.994755, 9, 113, 72, 144
-0.994813, 201, 1, 264, 32
-0.994816, 45, 177, 76, 304
-0.994817, 185, 157, 248, 188
-0.994829, 113, 149, 176, 180
-0.994846, 33, 345, 96, 375
-0.99487, 129, 1, 256, 64
-0.994877, 417, 257, 480, 288
-0.994878, 193, 289, 256, 320
-0.994889, 313, 121, 376, 152
-0.994899, 153, 309, 216, 340
-0.994916, 417, 1, 480, 32
-0.994917, 433, 293, 496, 324
-0.994955, 281, 241, 312, 368
-0.99496, 153, 153, 216, 184
-0.994973, 33, 125, 96, 156
-0.994991, 81, 285, 144, 316
-0.995012, 257, 233, 384, 296
-0.995014, 217, 1, 248, 128
-0.995023, 129, 309, 192, 340
-0.995036, 433, 177, 464, 304
-0.995045, 321, 273, 448, 336
-0.995048, 49, 97, 64, 160
-0.99505, 137, 113, 200, 144
-0.995054, 313, 145, 376, 176
-0.995059, 401, 173, 464, 204
-0.995062, 389, 209, 420, 336
-0.995068, 17, 73, 80, 104
-0.995068, 41, 253, 104, 284
-0.995091, 249, 313, 312, 344
-0.995111, 433, 237, 496, 268
-0.995138, 9, 125, 72, 156
-0.995198, 33, 241, 64, 368
-0.995198, 161, 177, 288, 240
-0.9952, 417, 341, 480, 372
-0.99522, 353, 305, 480, 336
-0.99523, 41, 273, 104, 304
-0.995239, 145, 157, 272, 188
-0.995266, 425, 41, 488, 72
-0.995269, 49, 257, 176, 320
-0.995271, 273, 153, 400, 216
-0.995273, 321, 177, 384, 208
-0.995276, 89, 273, 152, 304
-0.995283, 229, 17, 260, 144
-0.995289, 321, 273, 384, 304
-0.995299, 49, 113, 176, 176
-0.99531, 1, 145, 128, 208
-0.995357, 225, 241, 288, 368
-0.995359, 273, 313, 400, 344
-0.99536, 81, 329, 144, 360
-0.995364, 385, 201, 448, 232
-0.99538, 321, 161, 384, 192
-0.995383, 153, 281, 216, 312
-0.995402, 325, 33, 356, 160
-0.995427, 97, 313, 352, 375
-0.995447, 361, 177, 376, 240
-0.995463, 329, 201, 392, 232
-0.995464, 1, 189, 64, 220
-0.995487, 57, 341, 120, 372
-0.995488, 393, 141, 456, 172
-0.995548, 393, 113, 424, 240
-0.995552, 1, 225, 32, 352
-0.995565, 377, 37, 440, 68
-0.995572, 305, 249, 368, 280
-0.995606, 393, 225, 456, 256
-0.995628, 1, 33, 64, 64
-0.99567, 337, 209, 464, 240
-0.995683, 321, 25, 448, 88
-0.995703, 249, 193, 312, 320
-0.995713, 65, 205, 192, 236
-0.995717, 177, 121, 240, 152
-0.995777, 9, 225, 72, 256
-0.995779, 385, 285, 448, 316
-0.995809, 281, 145, 344, 176
-0.995839, 55, 89, 70, 152
-0.99585, 169, 21, 232, 52
-0.995851, 17, 273, 80, 304
-0.995858, 257, 281, 320, 312
-0.995862, 361, 209, 392, 336
-0.995863, 81, 41, 208, 104
-0.995872, 161, 297, 224, 328
-0.995965, 273, 341, 400, 372
-0.996002, 167, 137, 182, 200
-0.996009, 401, 257, 416, 320
-0.996076, 245, 1, 276, 128
-0.996124, 429, 9, 444, 72
-0.996151, 129, 169, 256, 200
-0.996155, 81, 185, 96, 248
-0.996181, 257, 1, 500, 64
-0.996197, 209, 217, 336, 248
-0.996202, 113, 273, 240, 304
-0.996204, 403, 177, 418, 240
-0.996209, 33, 137, 288, 200
-0.996224, 319, 233, 334, 296
-0.996351, 273, 329, 400, 360
-0.996356, 209, 49, 272, 176
-0.996361, 1, 273, 128, 304
-0.996365, 355, 177, 370, 240
-0.996373, 301, 297, 316, 360
-0.99638, 17, 189, 144, 220
-0.996389, 193, 285, 320, 316
-0.996397, 289, 245, 416, 276
-0.9964, 161, 1, 224, 128
-0.996423, 313, 241, 328, 304
-0.996433, 151, 177, 166, 240
-0.996449, 157, 169, 172, 232
-0.996459, 73, 185, 88, 248
-0.996497, 21, 177, 52, 304
-0.996506, 53, 9, 68, 72
-0.996521, 1, 33, 256, 96
-0.996547, 319, 257, 334, 320
-0.996552, 353, 341, 480, 372
-0.996558, 225, 137, 480, 200
-0.996595, 373, 201, 388, 264
-0.996601, 93, 145, 124, 272
-0.996602, 193, 233, 320, 264
-0.996627, 395, 193, 410, 256
-0.996655, 445, 241, 476, 368
-0.996669, 225, 205, 352, 236
-0.996686, 363, 297, 378, 360
-0.996693, 129, 145, 256, 176
-0.996725, 87, 185, 102, 248
-0.996731, 305, 133, 432, 164
-0.996756, 205, 241, 220, 304
-0.996758, 257, 25, 384, 88
-0.996765, 43, 105, 58, 168
-0.996779, 1, 205, 128, 236
-0.996814, 337, 197, 464, 228
-0.996814, 273, 301, 400, 332
-0.996831, 409, 241, 440, 368
-0.996854, 353, 329, 480, 360
-0.996891, 411, 177, 426, 240
-0.996914, 129, 185, 256, 216
-0.99692, 201, 291, 232, 306
-0.996921, 145, 185, 160, 248
-0.996923, 177, 119, 208, 134
-0.996924, 289, 225, 416, 256
-0.996925, 433, 41, 464, 56
-0.996926, 61, 33, 92, 48
-0.996929, 85, 341, 116, 356
-0.996929, 313, 245, 344, 260
-0.996933, 197, 141, 228, 156
-0.996935, 57, 7, 88, 22
-0.99694, 95, 17, 110, 80
-0.996941, 13, 81, 44, 96
-0.996945, 61, 89, 92, 104
-0.996946, 429, 257, 460, 272
-0.996947, 421, 299, 452, 314
-0.996947, 9, 209, 40, 224
-0.996952, 165, 131, 196, 146
-0.996953, 457, 1, 488, 16
-0.996957, 57, 235, 88, 250
-0.996965, 45, 117, 76, 132
-0.996965, 461, 41, 492, 56
-0.996966, 65, 293, 192, 324
-0.99697, 313, 275, 344, 290
-0.996974, 139, 193, 154, 256
-0.996976, 465, 359, 496, 374
-0.99698, 413, 187, 444, 202
-0.996986, 435, 105, 450, 168
-0.996987, 57, 213, 88, 228
-0.996989, 29, 125, 60, 140
-0.996992, 89, 33, 120, 48
-0.996995, 61, 195, 92, 210
-0.996996, 113, 201, 240, 232
-0.997003, 321, 125, 352, 140
-0.997007, 165, 151, 196, 166
-0.997009, 17, 65, 48, 192
-0.997014, 445, 1, 476, 16
-0.997019, 89, 43, 120, 58
-0.997024, 337, 221, 464, 252
-0.997028, 425, 287, 456, 302
-0.997031, 389, 205, 420, 220
-0.997033, 161, 15, 192, 30
-0.997033, 201, 279, 232, 294
-0.997035, 367, 177, 382, 240
-0.99704, 325, 265, 340, 328
-0.997045, 301, 339, 332, 354
-0.997049, 1, 17, 128, 48
-0.99705, 369, 297, 384, 360
-0.997056, 221, 35, 252, 50
-0.997078, 105, 273, 120, 336
-0.997081, 211, 233, 226, 296
-0.997082, 221, 229, 252, 244
-0.997083, 379, 185, 394, 248
-0.997085, 81, 29, 208, 60
-0.997085, 29, 109, 60, 124
-0.997089, 329, 151, 360, 166
-0.99709, 201, 273, 232, 288
-0.997099, 421, 41, 452, 56
-0.9971, 45, 123, 76, 138
-0.997103, 129, 113, 384, 176
-0.997105, 9, 223, 40, 238
-0.997107, 309, 33, 340, 160
-0.997119, 41, 339, 72, 354
-0.997123, 289, 331, 320, 346
-0.997128, 93, 211, 124, 226
-0.997139, 421, 33, 452, 48
-0.997139, 289, 285, 416, 316
-0.997142, 165, 145, 196, 160
-0.997144, 57, 209, 72, 272
-0.997149, 345, 193, 376, 208
-0.997152, 409, 37, 440, 52
-0.997155, 365, 213, 396, 228
-0.997155, 221, 223, 252, 238
-0.997158, 101, 33, 132, 48
-0.997161, 237, 169, 252, 232
-0.997165, 33, 115, 64, 130
-0.997165, 233, 39, 264, 54
-0.997167, 49, 37, 80, 52
-0.997169, 385, 185, 400, 248
-0.997171, 65, 229, 96, 244
-0.997174, 61, 15, 92, 30
-0.997175, 161, 169, 192, 184
-0.997176, 453, 281, 468, 344
-0.997176, 181, 125, 212, 140
-0.997184, 169, 41, 200, 56
-0.997186, 397, 265, 428, 280
-0.997187, 289, 185, 416, 216
-0.997188, 49, 221, 80, 236
-0.997191, 225, 265, 352, 296
-0.9972, 425, 115, 456, 130
-0.997203, 165, 139, 196, 154
-0.997207, 213, 237, 244, 252
-0.99721, 389, 215, 420, 230
-0.997214, 29, 131, 60, 146
-0.997218, 1, 33, 128, 64
-0.997223, 125, 201, 140, 264
-0.997229, 65, 185, 192, 216
-0.99723, 69, 223, 100, 238
-0.997244, 89, 17, 120, 32
-0.997247, 69, 43, 100, 58
-0.997255, 321, 119, 352, 134
-0.997257, 321, 265, 448, 296
-0.997258, 41, 209, 72, 224
-0.99726, 329, 113, 344, 176
-0.997267, 69, 213, 100, 228
-0.997268, 41, 25, 72, 40
-0.997272, 61, 27, 92, 42
-0.997273, 405, 33, 436, 160
-0.997273, 313, 269, 344, 284
-0.997274, 157, 175, 188, 190
-0.997275, 41, 131, 72, 146
-0.997282, 369, 193, 400, 208
-0.997282, 149, 185, 180, 200
-0.997284, 201, 251, 232, 266
-0.997288, 317, 347, 348, 362
-0.997289, 33, 229, 160, 260
-0.99729, 97, 313, 224, 344
-0.997299, 65, 185, 80, 248
-0.997306, 181, 41, 212, 56
-0.997306, 213, 29, 244, 44
-0.997311, 37, 19, 68, 34
-0.997322, 389, 177, 420, 192
-0.99733, 37, 97, 68, 112
-0.997339, 161, 1, 416, 64
-0.99734, 209, 41, 240, 56
-0.997341, 373, 205, 404, 220
-0.997342, 193, 245, 320, 276
-0.997343, 49, 1, 80, 256
-0.997347, 57, 185, 72, 248
-0.997352, 385, 257, 416, 272
-0.997359, 187, 113, 202, 176
-0.99736, 337, 181, 464, 212
-0.997366, 301, 261, 332, 276
-0.997367, 201, 285, 232, 300
-0.997369, 289, 209, 416, 240
-0.997371, 93, 275, 124, 290
-0.997378, 357, 113, 388, 240
-0.997382, 309, 251, 340, 266
-0.997389, 225, 217, 240, 280
-0.997393, 95, 185, 110, 248
-0.997406, 49, 31, 80, 46
-0.99741, 295, 305, 310, 368
-0.997412, 145, 191, 176, 206
-0.997416, 345, 181, 376, 196
-0.997424, 145, 209, 272, 272
-0.997444, 113, 261, 240, 292
-0.997449, 61, 21, 92, 36
-0.997451, 65, 203, 96, 218
-0.997457, 163, 161, 178, 224
-0.99747, 53, 207, 84, 222
-0.997471, 63, 209, 78, 272
-0.997471, 33, 325, 160, 356
-0.997477, 185, 131, 216, 146
-0.997485, 357, 197, 388, 212
-0.997486, 173, 15, 204, 30
-0.997487, 369, 25, 496, 56
-0.997495, 121, 207, 152, 222
-0.997495, 77, 31, 108, 46
-0.997496, 389, 193, 420, 208
-0.997507, 81, 211, 112, 226
-0.997509, 353, 317, 480, 348
-0.997516, 325, 233, 340, 296
-0.997524, 109, 211, 140, 226
-0.997531, 175, 113, 190, 176
-0.997534, 457, 1, 472, 64
-0.997536, 133, 201, 164, 216
-0.997555, 205, 129, 236, 375
-0.997556, 485, 1, 500, 64
-0.997556, 221, 41, 252, 56
-0.997562, 1, 313, 500, 375
-0.997575, 445, 201, 460, 264
-0.99758, 405, 259, 436, 274
-0.997581, 477, 1, 492, 64
-0.997586, 177, 297, 304, 328
-0.997589, 53, 233, 68, 296
-0.99759, 59, 313, 74, 375
-0.997593, 373, 177, 388, 240
-0.997596, 33, 309, 160, 340
-0.997596, 367, 201, 382, 264
-0.9976, 33, 103, 64, 118
-0.9976, 307, 249, 322, 312
-0.9976, 401, 189, 432, 204
-0.997611, 1, 129, 32, 256
-0.997612, 61, 81, 76, 144
-0.997612, 101, 185, 116, 248
-0.997617, 461, 279, 492, 294
-0.997621, 45, 129, 60, 192
-0.997624, 131, 201, 146, 264
-0.997628, 1, 49, 128, 176
-0.997635, 55, 113, 70, 176
-0.997642, 67, 305, 82, 368
-0.997653, 443, 1, 458, 64
-0.997669, 221, 97, 252, 224
-0.997678, 85, 203, 116, 218
-0.997683, 321, 121, 448, 152
-0.997683, 227, 153, 242, 216
-0.997685, 205, 129, 220, 192
-0.997687, 193, 1, 224, 256
-0.997696, 217, 129, 248, 375
-0.997699, 289, 197, 416, 228
-0.997707, 101, 17, 116, 80
-0.997708, 83, 209, 98, 272
-0.997711, 353, 293, 480, 324
-0.997716, 113, 241, 240, 272
-0.997718, 401, 201, 416, 264
-0.997729, 53, 97, 68, 128
-0.99773, 225, 193, 352, 224
-0.997733, 395, 257, 410, 320
-0.997738, 85, 187, 116, 202
-0.997748, 81, 41, 208, 72
-0.997755, 393, 183, 424, 198
-0.997757, 85, 273, 100, 336
-0.997758, 161, 129, 192, 375
-0.99776, 209, 25, 336, 56
-0.997763, 305, 145, 432, 176
-0.997768, 97, 289, 112, 352
-0.997771, 119, 201, 134, 264
-0.997772, 341, 121, 356, 184
-0.997775, 73, 193, 104, 208
-0.997788, 177, 261, 304, 292
-0.997788, 109, 201, 124, 264
-0.997791, 391, 169, 406, 232
-0.9978, 75, 209, 90, 272
-0.997806, 427, 33, 442, 96
-0.997806, 45, 111, 76, 126
-0.997807, 225, 161, 480, 224
-0.997808, 81, 25, 112, 40
-0.997808, 97, 25, 352, 88
-0.997816, 173, 1, 204, 256
-0.997817, 21, 225, 36, 288
-0.997828, 173, 9, 188, 72
-0.997829, 69, 209, 84, 272
-0.997837, 101, 43, 132, 58
-0.997839, 79, 25, 94, 88
-0.997848, 225, 145, 352, 176
-0.997849, 337, 37, 464, 68
-0.997856, 225, 337, 352, 368
-0.997857, 177, 5, 304, 36
-0.99786, 221, 145, 236, 208
-0.997861, 225, 177, 352, 208
-0.997869, 213, 137, 228, 200
-0.997872, 99, 265, 114, 328
-0.997877, 217, 233, 232, 296
-0.997884, 451, 305, 466, 368
-0.997884, 61, 1, 92, 256
-0.997891, 357, 191, 388, 206
-0.997902, 49, 103, 80, 118
-0.997904, 185, 97, 216, 352
-0.997911, 129, 225, 256, 256
-0.997911, 33, 1, 64, 256
-0.997917, 47, 105, 62, 136
-0.997925, 405, 181, 436, 196
-0.997936, 79, 265, 94, 328
-0.997937, 3, 209, 18, 272
-0.997939, 259, 9, 274, 72
-0.99794, 175, 145, 190, 208
-0.997949, 361, 185, 392, 200
-0.997957, 145, 17, 272, 48
-0.99796, 91, 273, 106, 336
-0.997964, 397, 169, 412, 232
-0.997968, 471, 1, 486, 64
-0.997973, 77, 15, 108, 30
-0.997982, 357, 305, 372, 368
-0.997987, 433, 257, 448, 320
-0.997993, 195, 121, 210, 184
-0.997997, 79, 297, 94, 360
-0.997998, 1, 129, 128, 160
-0.997998, 461, 273, 476, 336
-0.998001, 5, 65, 36, 192
-0.998021, 65, 233, 80, 296
-0.998021, 173, 129, 204, 375
-0.998027, 1, 5, 128, 36
-0.99803, 145, 241, 176, 368
-0.998032, 439, 209, 454, 272
-0.998036, 17, 337, 144, 368
-0.99804, 345, 187, 376, 202
-0.998044, 59, 93, 74, 124
-0.998045, 57, 95, 88, 110
-0.998046, 451, 1, 466, 64
-0.998048, 433, 209, 448, 272
-0.998052, 161, 37, 288, 68
-0.998062, 405, 177, 420, 208
-0.998073, 439, 241, 454, 304
-0.998073, 113, 129, 240, 160
-0.998074, 423, 113, 438, 176
-0.998074, 51, 185, 66, 248
-0.998084, 79, 121, 94, 184
-0.998085, 463, 1, 478, 64
-0.99809, 177, 225, 208, 352
-0.998099, 435, 1, 450, 64
-0.9981, 425, 129, 456, 375
-0.998101, 73, 49, 136, 176
-0.998108, 447, 281, 462, 344
-0.998111, 145, 129, 176, 375
-0.998113, 177, 1, 208, 128
-0.998117, 13, 241, 28, 304
-0.998118, 59, 17, 74, 80
-0.998118, 241, 209, 256, 272
-0.998121, 307, 289, 322, 352
-0.998123, 437, 33, 452, 96
-0.998124, 59, 233, 74, 296
-0.998126, 73, 1, 88, 64
-0.998126, 429, 105, 444, 168
-0.998131, 375, 297, 390, 360
-0.998137, 109, 313, 124, 375
-0.998137, 229, 129, 260, 375
-0.998144, 15, 217, 30, 280
-0.998145, 195, 265, 210, 328
-0.998145, 49, 217, 176, 248
-0.99815, 397, 129, 428, 375
-0.998153, 205, 1, 236, 256
-0.998154, 217, 33, 248, 288
-0.998168, 323, 137, 338, 200
-0.998174, 447, 33, 462, 96
-0.998177, 331, 153, 346, 216
-0.998181, 111, 29, 126, 60
-0.998183, 443, 129, 458, 192
-0.998183, 181, 137, 196, 200
-0.998183, 337, 9, 464, 40
-0.998195, 373, 201, 388, 232
-0.998199, 29, 209, 44, 272
-0.998202, 93, 23, 124, 38
-0.998202, 369, 129, 400, 375
-0.998211, 177, 273, 304, 304
-0.998212, 353, 133, 480, 164
-0.998233, 143, 189, 158, 220
-0.998233, 257, 133, 384, 164
-0.998235, 101, 1, 132, 256
-0.998235, 45, 97, 76, 352
-0.998239, 257, 145, 320, 272
-0.998241, 17, 241, 144, 272
-0.998242, 133, 129, 164, 375
-0.998244, 153, 177, 168, 208
-0.998247, 93, 13, 108, 44
-0.998259, 1, 261, 128, 292
-0.998282, 361, 181, 376, 212
-0.998282, 101, 21, 116, 52
-0.998283, 137, 197, 152, 228
-0.998288, 425, 1, 456, 256
-0.998291, 97, 13, 224, 44
-0.998295, 409, 129, 440, 375
-0.998313, 209, 325, 336, 356
-0.998322, 273, 269, 400, 300
-0.998323, 323, 265, 338, 296
-0.998326, 45, 129, 60, 160
-0.998327, 53, 17, 68, 48
-0.998327, 105, 33, 120, 64
-0.998334, 73, 129, 104, 375
-0.998334, 393, 201, 408, 232
-0.998335, 441, 1, 472, 256
-0.998337, 353, 241, 480, 272
-0.998338, 325, 97, 356, 352
-0.998352, 17, 105, 144, 136
-0.998352, 399, 261, 414, 292
-0.998357, 169, 145, 184, 176
-0.998361, 49, 173, 176, 204
-0.998361, 381, 193, 396, 224
-0.998369, 229, 1, 260, 256
-0.998369, 377, 199, 408, 214
-0.998377, 257, 25, 500, 88
-0.998383, 321, 21, 448, 52
-0.998389, 97, 33, 112, 64
-0.998391, 45, 117, 60, 148
-0.998396, 1, 113, 256, 176
-0.998399, 159, 169, 174, 200
-0.998403, 411, 177, 426, 208
-0.998411, 427, 25, 442, 56
-0.998418, 109, 241, 140, 368
-0.998421, 325, 1, 356, 256
-0.998431, 227, 221, 242, 252
-0.998437, 165, 161, 180, 192
-0.998439, 55, 109, 70, 140
-0.998451, 213, 237, 228, 268
-0.998455, 377, 241, 408, 368
-0.998468, 129, 205, 144, 236
-0.99847, 337, 169, 464, 200
-0.998475, 203, 249, 218, 280
-0.998477, 65, 161, 192, 192
-0.998494, 65, 89, 80, 120
-0.998495, 1, 153, 500, 216
-0.9985, 369, 185, 384, 216
-0.998501, 57, 65, 88, 192
-0.998514, 313, 245, 328, 276
-0.998519, 329, 357, 392, 372
-0.998522, 113, 285, 240, 316
-0.998524, 161, 133, 288, 164
-0.998529, 225, 165, 352, 196
-0.998533, 369, 277, 496, 308
-0.998535, 1, 217, 128, 248
-0.99854, 385, 129, 416, 375
-0.998545, 353, 185, 416, 200
-0.998545, 113, 213, 240, 244
-0.998552, 79, 189, 94, 220
-0.998556, 329, 351, 392, 366
-0.998562, 361, 203, 424, 218
-0.998563, 57, 23, 120, 38
-0.998563, 435, 109, 450, 140
-0.998565, 357, 129, 388, 375
-0.998566, 81, 117, 208, 148
-0.998569, 281, 271, 344, 286
-0.998569, 169, 13, 232, 28
-0.998572, 81, 197, 144, 212
-0.998573, 385, 259, 448, 274
-0.998577, 401, 303, 464, 318
-0.998578, 73, 211, 136, 226
-0.99858, 241, 253, 368, 284
-0.99858, 385, 265, 448, 280
-0.99858, 41, 335, 104, 350
-0.998581, 355, 185, 370, 216
-0.998583, 281, 265, 344, 280
-0.998583, 177, 137, 240, 152
-0.998584, 73, 43, 136, 58
-0.998585, 345, 191, 408, 206
-0.998587, 97, 191, 160, 206
-0.998587, 177, 145, 240, 160
-0.998587, 321, 341, 384, 356
-0.99859, 33, 341, 96, 356
-0.998593, 361, 179, 424, 194
-0.998595, 73, 31, 136, 46
-0.998595, 169, 131, 232, 146
-0.998596, 65, 275, 128, 290
-0.998597, 33, 211, 96, 226
-0.998598, 353, 209, 416, 224
-0.9986, 397, 185, 412, 216
-0.998601, 393, 185, 456, 200
-0.998602, 417, 1, 480, 16
-0.998603, 41, 329, 104, 344
-0.998605, 193, 41, 256, 56
-0.998606, 57, 17, 120, 32
-0.998606, 97, 189, 112, 220
-0.998606, 109, 209, 124, 240
-0.998607, 121, 203, 184, 218
-0.998607, 161, 33, 192, 288
-0.998607, 145, 177, 208, 192
-0.998608, 65, 227, 128, 242
-0.998608, 313, 141, 376, 156
-0.998609, 433, 281, 496, 296
-0.998609, 97, 209, 160, 224
-0.998609, 57, 191, 120, 206
-0.99861, 329, 197, 392, 212
-0.998611, 297, 251, 360, 266
-0.998611, 57, 205, 120, 220
-0.998612, 385, 191, 448, 206
-0.998612, 401, 127, 464, 142
-0.998613, 161, 41, 224, 56
-0.998613, 81, 203, 144, 218
-0.998613, 153, 271, 216, 286
-0.998614, 193, 251, 256, 266
-0.998614, 363, 325, 378, 356
-0.998614, 33, 109, 96, 124
-0.998614, 369, 197, 432, 212
-0.998615, 105, 315, 168, 330
-0.998615, 49, 33, 112, 48
-0.998617, 177, 151, 240, 166
-0.998617, 313, 187, 376, 202
-0.998617, 49, 321, 112, 336
-0.998617, 409, 275, 472, 290
-0.998618, 89, 333, 104, 364
-0.998618, 313, 135, 376, 150
-0.998619, 57, 315, 120, 330
-0.998619, 105, 185, 168, 200
-0.99862, 153, 137, 216, 152
-0.99862, 409, 285, 472, 300
-0.99862, 33, 27, 96, 42
-0.998621, 97, 43, 160, 58
-0.998621, 9, 97, 72, 112
-0.998621, 189, 121, 204, 152
-0.998622, 217, 37, 280, 52
-0.998622, 17, 89, 80, 104
-0.998623, 193, 285, 256, 300
-0.998624, 377, 35, 440, 50
-0.998624, 409, 41, 472, 56
-0.998625, 25, 189, 88, 204
-0.998625, 65, 281, 192, 312
-0.998625, 33, 21, 96, 36
-0.998625, 305, 245, 368, 260
-0.998626, 321, 335, 384, 350
-0.998626, 33, 347, 96, 362
-0.998626, 393, 135, 456, 150
-0.998626, 9, 111, 72, 126
-0.998627, 153, 263, 216, 278
-0.998628, 313, 147, 376, 162
-0.998628, 329, 215, 392, 230
-0.998628, 115, 41, 130, 72
-0.998628, 433, 41, 496, 56
-0.998629, 393, 179, 456, 194
-0.998629, 153, 171, 216, 186
-0.998629, 369, 215, 432, 230
-0.998629, 65, 309, 128, 324
-0.99863, 401, 213, 464, 228
-0.99863, 417, 269, 480, 284
-0.99863, 65, 219, 128, 234
-0.998631, 409, 297, 472, 312
-0.998632, 41, 229, 104, 244
-0.998632, 377, 25, 440, 40
-0.998633, 185, 35, 248, 50
-0.998633, 129, 197, 192, 212
-0.998633, 433, 295, 496, 310
-0.998633, 9, 83, 72, 98
-0.998633, 1, 105, 64, 120
-0.998634, 25, 219, 88, 234
-0.998634, 193, 175, 256, 190
-0.998634, 153, 157, 216, 172
-0.998635, 417, 33, 480, 48
-0.998635, 193, 279, 256, 294
-0.998635, 305, 237, 368, 252
-0.998635, 89, 49, 152, 64
-0.998636, 345, 307, 408, 322
-0.998636, 401, 121, 464, 136
-0.998636, 305, 1, 336, 256
-0.998637, 153, 255, 216, 270
-0.998637, 145, 311, 208, 326
-0.998637, 289, 309, 352, 324
-0.998638, 41, 99, 104, 114
-0.998638, 61, 209, 76, 240
-0.998638, 313, 129, 376, 144
-0.998638, 169, 19, 232, 34
-0.998638, 217, 221, 280, 236
-0.998639, 33, 11, 96, 26
-0.998639, 201, 9, 264, 24
-0.998639, 41, 239, 104, 254
-0.99864, 137, 183, 200, 198
-0.99864, 281, 259, 344, 274
-0.99864, 289, 349, 352, 364
-0.99864, 385, 253, 448, 268
-0.99864, 201, 237, 264, 252
-0.99864, 265, 337, 328, 352
-0.99864, 313, 181, 376, 196
-0.998641, 65, 303, 128, 318
-0.998641, 177, 27, 240, 42
-0.998642, 153, 165, 216, 180
-0.998642, 193, 291, 256, 306
-0.998642, 409, 291, 472, 306
-0.998643, 257, 331, 320, 346
-0.998644, 9, 117, 72, 132
-0.998644, 201, 1, 264, 16
-0.998645, 153, 151, 216, 166
-0.998652, 405, 257, 420, 288
-0.998658, 129, 301, 256, 332
-0.998661, 307, 249, 322, 280
-0.998663, 221, 37, 236, 68
-0.99867, 209, 133, 336, 164
-0.998677, 299, 305, 314, 336
-0.998678, 169, 133, 184, 164
-0.998683, 85, 17, 100, 48
-0.998684, 73, 33, 88, 64
-0.998686, 337, 97, 368, 352
-0.998689, 85, 189, 100, 220
-0.998692, 363, 197, 378, 228
-0.998698, 105, 273, 120, 304
-0.998698, 89, 1, 120, 256
-0.998699, 69, 225, 84, 256
-0.998701, 329, 345, 344, 375
-0.998705, 85, 205, 100, 236
-0.998707, 445, 293, 460, 324
-0.998707, 385, 1, 416, 256
-0.998707, 91, 189, 106, 220
-0.998711, 363, 305, 378, 336
-0.998712, 77, 129, 108, 256
-0.998714, 29, 97, 60, 352
-0.998724, 369, 341, 384, 372
-0.998725, 163, 137, 178, 168
-0.998726, 325, 117, 340, 148
-0.998728, 95, 201, 110, 232
-0.99873, 399, 205, 414, 236
-0.99873, 65, 137, 192, 168
-0.998733, 241, 289, 368, 320
-0.998735, 41, 337, 56, 368
-0.998737, 233, 33, 248, 64
-0.99874, 215, 141, 230, 172
-0.998743, 73, 189, 88, 220
-0.998751, 399, 173, 414, 204
-0.998752, 51, 205, 66, 236
-0.998752, 257, 1, 288, 128
-0.998759, 425, 37, 440, 68
-0.998762, 431, 9, 446, 40
-0.998769, 317, 261, 332, 292
-0.998773, 445, 209, 460, 240
-0.998774, 337, 1, 368, 256
-0.998775, 387, 197, 402, 228
-0.998777, 123, 209, 138, 240
-0.998777, 367, 209, 382, 240
-0.998778, 103, 209, 118, 240
-0.99878, 79, 345, 94, 375
-0.998785, 33, 45, 160, 76
-0.998788, 1, 177, 128, 208
-0.998796, 229, 161, 244, 192
-0.998797, 105, 45, 120, 76
-0.998801, 103, 193, 118, 224
-0.998804, 225, 113, 480, 176
-0.998808, 357, 317, 372, 348
-0.998816, 223, 25, 238, 56
-0.998817, 215, 37, 230, 68
-0.998818, 65, 265, 192, 296
-0.998822, 77, 209, 92, 240
-0.998824, 71, 341, 86, 372
-0.998832, 117, 129, 148, 375
-0.998832, 221, 149, 236, 180
-0.998832, 365, 1, 396, 256
-0.998833, 1, 117, 128, 148
-0.998836, 81, 325, 208, 356
-0.998839, 73, 1, 104, 256
-0.998842, 21, 241, 36, 272
-0.998849, 65, 33, 80, 64
-0.998855, 193, 37, 208, 68
-0.998855, 115, 209, 130, 240
-0.998861, 403, 189, 418, 220
-0.998861, 329, 273, 344, 304
-0.998864, 463, 345, 478, 375
-0.998867, 217, 25, 232, 56
-0.998872, 209, 37, 336, 68
-0.998873, 413, 1, 444, 256
-0.998878, 117, 129, 148, 256
-0.998882, 209, 313, 336, 344
-0.998882, 145, 49, 272, 112
-0.998883, 59, 229, 74, 260
-0.998883, 111, 277, 126, 308
-0.998883, 175, 149, 190, 180
-0.998886, 393, 173, 408, 204
-0.99889, 313, 97, 344, 352
-0.99889, 227, 37, 242, 68
-0.998891, 429, 1, 444, 128
-0.998892, 209, 137, 224, 168
-0.998892, 13, 1, 44, 128
-0.998893, 293, 313, 308, 344
-0.998896, 51, 125, 66, 156
-0.998897, 305, 333, 320, 364
-0.998897, 313, 337, 328, 368
-0.998898, 433, 41, 448, 72
-0.998898, 481, 33, 496, 64
-0.998903, 441, 41, 456, 72
-0.998908, 175, 125, 190, 156
-0.998909, 357, 305, 372, 336
-0.99891, 221, 229, 236, 260
-0.998912, 63, 189, 78, 220
-0.998913, 369, 261, 496, 292
-0.998914, 299, 329, 314, 360
-0.998915, 79, 29, 94, 60
-0.998918, 15, 249, 30, 280
-0.998919, 181, 141, 196, 172
-0.998921, 305, 293, 320, 324
-0.99893, 475, 37, 490, 68
-0.998932, 469, 1, 500, 256
-0.998933, 235, 169, 250, 200
-0.998934, 201, 129, 216, 160
-0.998934, 453, 1, 484, 256
-0.998935, 1, 205, 16, 236
-0.998936, 19, 221, 34, 252
-0.998936, 105, 145, 136, 272
-0.998937, 113, 309, 128, 340
-0.998939, 461, 277, 476, 308
-0.998939, 33, 93, 160, 124
-0.998942, 47, 329, 62, 360
-0.998942, 353, 1, 384, 256
-0.998946, 21, 1, 52, 256
-0.998946, 11, 237, 26, 268
-0.998947, 173, 17, 188, 48
-0.998953, 241, 121, 368, 152
-0.99896, 441, 129, 472, 375
-0.998973, 85, 129, 116, 375
-0.998976, 17, 297, 144, 328
-0.998992, 293, 1, 324, 256
-0.99901, 61, 129, 92, 375
-0.999021, 81, 149, 208, 180
-0.999025, 121, 1, 184, 128
-0.999031, 117, 33, 148, 288
-0.99904, 205, 81, 236, 208
-0.999094, 397, 1, 428, 256
-0.999098, 161, 241, 192, 368
-0.999128, 105, 129, 136, 375
-0.99916, 1, 97, 32, 352
-0.999161, 353, 145, 480, 176
-0.999162, 337, 157, 464, 188
-0.999181, 133, 241, 164, 368
-0.999182, 161, 197, 288, 228
-0.99919, 51, 1, 66, 128
-0.999198, 1, 1, 32, 256
-0.999224, 65, 341, 192, 372
-0.999224, 289, 41, 416, 72
-0.999238, 51, 81, 66, 208
-0.99924, 321, 109, 448, 140
-0.999248, 281, 1, 312, 256
-0.999256, 241, 129, 272, 375
-0.999258, 145, 1, 176, 256
-0.999266, 289, 157, 416, 188
-0.999273, 97, 17, 160, 144
-0.999288, 443, 1, 458, 128
-0.999289, 451, 1, 466, 128
-0.999293, 293, 129, 324, 375
-0.999298, 241, 229, 368, 260
-0.999308, 49, 5, 176, 36
-0.999326, 257, 25, 384, 56
-0.99934, 467, 1, 482, 128
-0.999347, 45, 97, 60, 224
-0.999349, 225, 9, 352, 40
-0.999349, 457, 1, 472, 128
-0.99935, 1, 89, 256, 152
-0.999351, 453, 129, 484, 375
-0.999359, 389, 1, 420, 128
-0.999388, 145, 105, 272, 168
-0.999388, 265, 1, 296, 256
-0.999392, 441, 49, 472, 176
-0.999402, 437, 1, 452, 128
-0.999405, 205, 225, 220, 352
-0.999413, 241, 1, 272, 256
-0.999427, 65, 253, 192, 284
-0.999428, 225, 209, 240, 336
-0.999429, 475, 1, 490, 128
-0.999435, 13, 97, 44, 352
-0.999445, 361, 161, 376, 288
-0.999448, 369, 121, 496, 152
-0.999467, 253, 1, 284, 256
-0.999489, 53, 225, 68, 352
-0.999493, 167, 113, 182, 240
-0.999502, 231, 145, 246, 272
-0.999505, 441, 193, 456, 320
-0.999509, 1, 129, 500, 192
-0.999515, 99, 241, 114, 368
-0.999523, 1, 285, 128, 316
-0.99953, 481, 1, 496, 128
-0.999532, 281, 129, 312, 375
-0.999534, 43, 339, 58, 354
-0.999534, 329, 349, 344, 364
-0.999534, 439, 41, 454, 56
-0.999534, 71, 193, 86, 208
-0.999534, 295, 329, 310, 344
-0.999535, 353, 315, 368, 330
-0.999535, 445, 293, 460, 308
-0.999536, 3, 165, 18, 180
-0.999536, 3, 211, 18, 226
-0.999536, 115, 33, 130, 48
-0.999537, 213, 143, 228, 158
-0.999537, 189, 41, 204, 56
-0.999537, 433, 43, 448, 58
-0.999537, 361, 327, 376, 342
-0.999539, 95, 43, 110, 58
-0.999539, 399, 253, 414, 268
-0.999539, 65, 213, 80, 228
-0.99954, 417, 181, 432, 196
-0.99954, 77, 221, 92, 236
-0.99954, 1, 157, 16, 172
-0.999541, 461, 1, 476, 16
-0.999541, 75, 201, 90, 216
-0.999541, 317, 343, 332, 358
-0.999541, 101, 211, 116, 226
-0.999542, 103, 33, 118, 48
-0.999542, 181, 115, 196, 130
-0.999542, 435, 109, 450, 124
-0.999542, 65, 97, 80, 112
-0.999543, 469, 359, 484, 374
-0.999544, 51, 207, 66, 222
-0.999544, 171, 153, 186, 168
-0.999545, 317, 265, 332, 280
-0.999545, 83, 211, 98, 226
-0.999545, 167, 161, 182, 176
-0.999545, 307, 337, 322, 352
-0.999546, 71, 43, 86, 58
-0.999546, 183, 15, 198, 30
-0.999547, 461, 281, 476, 296
-0.999547, 85, 131, 100, 146
-0.999547, 225, 29, 240, 44
-0.999549, 75, 213, 90, 228
-0.999549, 367, 181, 382, 196
-0.99955, 183, 41, 198, 56
-0.99955, 5, 217, 20, 232
-0.99955, 351, 179, 366, 194
-0.99955, 427, 43, 442, 58
-0.99955, 301, 333, 316, 348
-0.999551, 289, 169, 416, 200
-0.999551, 407, 261, 422, 276
-0.999551, 19, 189, 34, 204
-0.999552, 97, 23, 112, 38
-0.999552, 377, 33, 408, 160
-0.999552, 21, 223, 36, 238
-0.999552, 371, 189, 386, 204
-0.999553, 105, 273, 120, 288
-0.999554, 1, 149, 16, 164
-0.999555, 101, 187, 116, 202
-0.999556, 79, 347, 94, 362
-0.999556, 169, 141, 184, 156
-0.999556, 67, 219, 82, 234
-0.999557, 393, 201, 408, 216
-0.999557, 313, 249, 328, 264
-0.999557, 325, 117, 340, 132
-0.999558, 57, 207, 72, 222
-0.999558, 203, 251, 218, 266
-0.999558, 89, 341, 104, 356
-0.999558, 53, 129, 68, 144
-0.99956, 375, 203, 390, 218
-0.99956, 317, 209, 332, 336
-0.99956, 307, 255, 322, 270
-0.99956, 415, 187, 430, 202
-0.999561, 351, 191, 366, 206
-0.999561, 171, 41, 186, 56
-0.999561, 165, 167, 180, 182
-0.999562, 405, 175, 420, 190
-0.999562, 309, 241, 324, 368
-0.999563, 69, 91, 84, 106
-0.999563, 105, 43, 120, 58
-0.999563, 107, 211, 122, 226
-0.999564, 223, 41, 238, 56
-0.999564, 219, 209, 234, 336
-0.999564, 85, 191, 100, 206
-0.999565, 121, 211, 136, 226
-0.999565, 61, 103, 76, 118
-0.999566, 427, 33, 442, 48
-0.999566, 111, 43, 126, 58
-0.999566, 215, 239, 230, 254
-0.999568, 169, 147, 184, 162
-0.99957, 79, 129, 94, 144
-0.999571, 53, 25, 68, 40
-0.999574, 229, 223, 244, 238
-0.999575, 43, 133, 58, 148
-0.999576, 393, 191, 408, 206
-0.999576, 1, 73, 128, 136
-0.999576, 69, 229, 84, 244
-0.999577, 175, 13, 190, 28
-0.999577, 371, 209, 386, 224
-0.999578, 105, 25, 120, 40
-0.999578, 361, 179, 376, 194
-0.999579, 111, 27, 126, 42
-0.999579, 323, 269, 338, 284
-0.999581, 397, 207, 412, 222
-0.999583, 57, 109, 72, 124
-0.999584, 59, 225, 74, 352
-0.999584, 401, 265, 416, 280
-0.999586, 367, 195, 382, 210
-0.999586, 95, 187, 110, 202
-0.99959, 87, 205, 102, 220
-0.99959, 159, 175, 174, 190
-0.999592, 85, 23, 100, 38
-0.999592, 133, 203, 148, 218
-0.999592, 241, 241, 368, 272
-0.999592, 435, 193, 450, 320
-0.999593, 145, 193, 160, 208
-0.999593, 233, 37, 248, 52
-0.999596, 149, 187, 164, 202
-0.999597, 77, 195, 92, 210
-0.999599, 153, 181, 168, 196
-0.9996, 45, 123, 60, 138
-0.999602, 63, 91, 78, 106
-0.999603, 47, 115, 62, 130
-0.999603, 139, 199, 154, 214
-0.999608, 151, 161, 166, 288
-0.999609, 71, 241, 86, 368
-0.99961, 399, 179, 414, 194
-0.999614, 127, 207, 142, 222
-0.999614, 93, 17, 108, 32
-0.999616, 399, 185, 414, 200
-0.999616, 225, 129, 240, 256
-0.999617, 359, 191, 374, 206
-0.999617, 49, 109, 64, 124
-0.999618, 53, 19, 68, 34
-0.99962, 409, 187, 424, 202
-0.999624, 353, 185, 368, 200
-0.999624, 405, 161, 420, 288
-0.999634, 365, 187, 380, 202
-0.999639, 273, 1, 400, 64
-0.99964, 129, 117, 256, 148
-0.999641, 399, 259, 414, 274
-0.999642, 51, 101, 66, 116
-0.999645, 93, 241, 108, 368
-0.999646, 411, 181, 426, 196
-0.999652, 237, 145, 252, 272
-0.999654, 383, 195, 398, 210
-0.999657, 57, 95, 72, 110
-0.999664, 353, 49, 480, 176
-0.999669, 411, 161, 426, 288
-0.999669, 129, 33, 160, 288
-0.999672, 359, 185, 374, 200
-0.999676, 331, 97, 346, 224
-0.999691, 405, 181, 420, 196
-0.999692, 177, 177, 304, 208
-0.999698, 327, 209, 342, 336
-0.999702, 105, 193, 120, 320
-0.999702, 95, 1, 110, 128
-0.999706, 219, 129, 234, 256
-0.999707, 447, 193, 462, 320
-0.999708, 71, 177, 86, 304
-0.999708, 129, 1, 256, 32
-0.99972, 423, 17, 438, 144
-0.999723, 437, 129, 452, 256
-0.999746, 367, 177, 382, 304
-0.999748, 225, 301, 352, 332
-0.999749, 1, 145, 128, 176
-0.99975, 79, 177, 94, 304
-0.999755, 139, 177, 154, 304
-0.99977, 381, 161, 396, 288
-0.999771, 211, 225, 226, 352
-0.999785, 413, 113, 428, 240
-0.999786, 91, 193, 106, 320
-0.999788, 353, 129, 368, 256
-0.99979, 399, 177, 414, 304
-0.999798, 97, 193, 112, 320
-0.999799, 79, 241, 94, 368
-0.999815, 47, 225, 62, 352
-0.999823, 325, 129, 340, 256
-0.999825, 211, 129, 226, 256
-0.999827, 65, 209, 80, 336
-0.999829, 341, 113, 356, 240
-0.999831, 43, 33, 58, 160
-0.999834, 429, 97, 444, 224
-0.99984, 259, 1, 274, 128
-0.999845, 157, 161, 172, 288
-0.999854, 105, 241, 120, 368
-0.999855, 373, 193, 388, 320
-0.999857, 429, 193, 444, 320
-0.999863, 371, 129, 386, 256
-0.999864, 333, 193, 348, 320
-0.999865, 465, 129, 496, 375
-0.99987, 387, 161, 402, 288
-0.999876, 433, 241, 448, 368
-0.999879, 111, 193, 126, 320
-0.999881, 205, 113, 220, 240
-0.999885, 87, 241, 102, 368
-0.999893, 77, 1, 92, 128
-0.999912, 173, 129, 188, 256
-0.999912, 423, 193, 438, 320
-0.999916, 57, 1, 72, 128
-0.999918, 393, 177, 408, 304
-0.999919, 421, 113, 436, 240
-0.99993, 191, 113, 206, 240
-0.999931, 145, 161, 160, 288
-0.999935, 303, 241, 318, 368
-0.999937, 269, 129, 300, 375
-0.999938, 233, 193, 248, 320
-0.99994, 85, 177, 100, 304
-0.999941, 11, 225, 26, 352
-0.999942, 331, 145, 346, 272
-0.999943, 59, 177, 74, 304
-0.999946, 199, 241, 214, 368
-0.999947, 63, 17, 78, 144
-0.999956, 133, 177, 148, 304
-0.999961, 243, 177, 258, 304
-0.99997, 347, 113, 362, 240
-0.999972, 3, 193, 18, 320
-1, 183, 97, 198, 224
-1.00001, 417, 193, 432, 320
-1.00001, 297, 241, 312, 368
-1.00002, 339, 193, 354, 320
-1.00003, 253, 129, 284, 375
-1.00003, 353, 193, 368, 320
-1.00004, 117, 177, 132, 304
-1.00004, 245, 129, 276, 256
-1.00005, 409, 209, 424, 336
-1.00006, 199, 113, 214, 240
-1.00006, 21, 193, 36, 320
-1.00006, 443, 113, 458, 240
-1.00007, 465, 241, 480, 368
-1.00008, 427, 241, 442, 368
-1.00009, 399, 129, 414, 256
-1.00009, 53, 177, 68, 304
-1.00009, 393, 129, 408, 256
-1.00011, 325, 33, 340, 160
-1.00011, 47, 177, 62, 304
-1.00012, 9, 145, 24, 272
-1.00012, 433, 49, 448, 176
-1.00013, 57, 81, 72, 208
-1.00013, 123, 177, 138, 304
-1.00014, 41, 161, 56, 288
-1.00015, 231, 17, 246, 144
-1.00015, 71, 1, 86, 128
-1.00016, 459, 241, 474, 368
-1.00017, 427, 145, 442, 272
-1.00018, 439, 241, 454, 368
-1.00019, 311, 193, 326, 320
-1.00019, 65, 161, 80, 288
-1.0002, 35, 33, 50, 160
-1.0002, 31, 177, 46, 304
-1.00021, 445, 241, 460, 368
-1.00021, 359, 113, 374, 240
-1.00021, 161, 113, 176, 240
-1.00021, 405, 113, 420, 240
-1.00022, 319, 129, 334, 256
-1.00023, 345, 193, 360, 320
-1.00024, 237, 17, 252, 144
-1.00025, 451, 241, 466, 368
-1.00025, 225, 89, 352, 152
-1.00025, 383, 113, 398, 240
-1.00027, 205, 1, 236, 128
-1.00027, 189, 65, 220, 192
-1.0003, 65, 129, 96, 256
-1.00041, 145, 97, 176, 224
-1.00046, 165, 33, 196, 160
-1.00047, 201, 177, 232, 304
-1.0005, 129, 89, 384, 152
-1.00056, 1, 1, 500, 64
-1.0006, 185, 177, 216, 304
-1.00064, 353, 33, 384, 160
-1.00078, 169, 145, 200, 272
-1.00088, 429, 49, 460, 176
-1.00103, 337, 81, 368, 208
-1.00106, 233, 129, 264, 256
-1.00108, 157, 81, 188, 208
-1.00109, 1, 17, 32, 144
-1.00109, 297, 193, 328, 320
-1.00109, 365, 33, 396, 160
-1.00117, 1, 65, 256, 128
-1.00135, 337, 17, 368, 144
-1.00138, 129, 129, 160, 256
-1.00141, 97, 65, 224, 128
-1.00145, 97, 49, 352, 112
-1.0015, 289, 97, 416, 160
-1.00154, 189, 1, 220, 128
-1.00157, 121, 225, 152, 352
-1.0016, 297, 33, 328, 160
-1.00193, 233, 81, 296, 208
-1.00194, 45, 49, 76, 176
-1.002, 97, 89, 224, 152
-1.0021, 97, 145, 224, 208
-1.00213, 13, 129, 44, 256
-1.00233, 257, 89, 500, 152
-1.00239, 145, 49, 176, 176
-1.0024, 1, 49, 500, 112
-1.0025, 193, 49, 448, 112
-1.00282, 457, 177, 488, 304
-1.00285, 281, 17, 312, 144
-1.00302, 1, 25, 500, 88
-1.00316, 161, 81, 288, 144
-1.00336, 393, 49, 424, 176
-1.00336, 257, 81, 384, 208
-1.00355, 349, 241, 380, 368
-1.00365, 337, 49, 464, 112
-1.00394, 1, 73, 500, 136
-1.00402, 289, 49, 416, 112
-1.00414, 1, 105, 500, 168
-1.0043, 257, 97, 320, 224
-1.00438, 209, 49, 336, 112
-1.00456, 321, 73, 448, 136
-1.00756, 273, 73, 400, 136
-1.0077, 369, 73, 496, 136
