1978
-0.481365, 1, 97, 500, 352
-0.536927, 1, 1, 500, 375
-0.560964, 97, 129, 352, 375
-0.59038, 1, 1, 500, 256
-0.622748, 97, 1, 352, 375
-0.654429, 193, 97, 448, 352
-0.671841, 225, 1, 480, 375
-0.713086, 1, 1, 256, 375
-0.753418, 1, 129, 256, 375
-0.818374, 257, 1, 500, 256
-0.824215, 65, 33, 320, 288
-0.862035, 241, 129, 368, 375
-0.878365, 193, 129, 320, 375
-0.878375, 1, 241, 500, 368
-0.884107, 113, 129, 240, 375
-0.885234, 369, 129, 496, 375
-0.887708, 289, 97, 416, 352
-0.891108, 1, 129, 128, 375
-0.894366, 241, 1, 368, 375
-0.895776, 161, 1, 416, 256
-0.900083, 1, 113, 500, 240
-0.909226, 1, 193, 500, 320
-0.909302, 65, 129, 192, 375
-0.911379, 129, 1, 256, 375
-0.912644, 241, 33, 368, 288
-0.914043, 97, 241, 352, 368
-0.921668, 161, 33, 288, 288
-0.923558, 65, 1, 192, 375
-0.924205, 193, 113, 448, 240
-0.925843, 1, 65, 500, 192
-0.927753, 129, 193, 384, 320
-0.930056, 289, 1, 416, 375
-0.931525, 97, 113, 352, 240
-0.934515, 257, 209, 500, 336
-0.937146, 257, 161, 500, 288
-0.937383, 353, 1, 480, 375
-0.938402, 1, 1, 128, 375
-0.939792, 353, 193, 480, 320
-0.942555, 49, 1, 176, 256
-0.943373, 1, 161, 256, 288
-0.943712, 129, 65, 384, 192
-0.944029, 369, 33, 496, 288
-0.945572, 193, 1, 320, 375
-0.947486, 289, 1, 416, 256
-0.949543, 273, 97, 400, 224
-0.950207, 1, 225, 256, 352
-0.950914, 1, 33, 128, 288
-0.951071, 209, 113, 336, 240
-0.951582, 353, 241, 480, 368
-0.951936, 273, 193, 400, 320
-0.952422, 241, 129, 304, 256
-0.952567, 33, 225, 160, 352
-0.95367, 145, 97, 272, 224
-0.954046, 1, 113, 256, 240
-0.955055, 281, 97, 344, 224
-0.955426, 273, 145, 400, 272
-0.95574, 305, 241, 432, 368
-0.955743, 81, 177, 208, 304
-0.955887, 1, 1, 500, 128
-0.956176, 81, 225, 208, 352
-0.956844, 33, 161, 160, 288
-0.95688, 113, 33, 240, 288
-0.957008, 209, 225, 336, 352
-0.958072, 97, 225, 160, 352
-0.958823, 89, 177, 152, 304
-0.958857, 193, 65, 320, 192
-0.958967, 305, 97, 368, 224
-0.959499, 257, 65, 500, 192
-0.959514, 393, 177, 456, 304
-0.960721, 329, 225, 392, 352
-0.961829, 209, 161, 336, 288
-0.961921, 297, 177, 360, 304
-0.961987, 305, 241, 368, 368
-0.962022, 129, 113, 192, 240
-0.962315, 353, 241, 416, 368
-0.962519, 121, 241, 184, 368
-0.964105, 321, 161, 384, 288
-0.964156, 129, 241, 256, 368
-0.964696, 273, 177, 336, 304
-0.965165, 153, 97, 216, 224
-0.965296, 17, 113, 144, 240
-0.965542, 369, 177, 432, 304
-0.966541, 321, 113, 448, 240
-0.96699, 201, 81, 264, 208
-0.967231, 1, 65, 256, 192
-0.967267, 257, 81, 320, 208
-0.967562, 153, 241, 216, 368
-0.967583, 249, 137, 312, 200
-0.968323, 57, 145, 120, 272
-0.96842, 353, 113, 416, 240
-0.968458, 417, 161, 480, 288
-0.968461, 49, 209, 112, 336
-0.9687, 129, 145, 256, 272
-0.968816, 385, 225, 448, 352
-0.968907, 217, 145, 280, 272
-0.969219, 81, 129, 208, 256
-0.969223, 129, 193, 256, 320
-0.969536, 73, 225, 136, 352
-0.970572, 273, 225, 336, 352
-0.97058, 305, 105, 368, 168
-0.970718, 89, 225, 152, 288
-0.970906, 393, 209, 456, 272
-0.971035, 17, 177, 80, 304
-0.971738, 249, 193, 312, 320
-0.971977, 185, 129, 248, 256
-0.972261, 393, 169, 456, 232
-0.972266, 177, 81, 240, 208
-0.972469, 289, 201, 416, 264
-0.972625, 209, 209, 272, 272
-0.972672, 345, 161, 408, 288
-0.972731, 409, 241, 472, 368
-0.972737, 305, 281, 368, 344
-0.972879, 129, 161, 192, 288
-0.973347, 249, 241, 312, 368
-0.973376, 153, 105, 216, 168
-0.97344, 369, 145, 496, 272
-0.973596, 273, 121, 336, 184
-0.974045, 257, 201, 320, 264
-0.97415, 257, 1, 500, 128
-0.974155, 209, 193, 272, 320
-0.97437, 257, 121, 384, 184
-0.97455, 113, 313, 176, 375
-0.974712, 225, 145, 288, 208
-0.974736, 369, 201, 432, 264
-0.97533, 385, 129, 448, 256
-0.975429, 337, 169, 400, 232
-0.975535, 321, 193, 384, 256
-0.975591, 337, 241, 400, 304
-0.975721, 25, 193, 88, 256
-0.975801, 281, 193, 344, 256
-0.975818, 145, 49, 272, 176
-0.975948, 81, 281, 144, 344
-0.975957, 233, 193, 296, 256
-0.976087, 433, 113, 496, 240
-0.9761, 433, 241, 496, 368
-0.976279, 225, 81, 288, 208
-0.976326, 281, 97, 344, 352
-0.976351, 289, 313, 352, 375
-0.976358, 329, 281, 392, 344
-0.976389, 33, 113, 96, 240
-0.976397, 105, 289, 168, 352
-0.97647, 177, 89, 240, 152
-0.976489, 369, 233, 432, 296
-0.97667, 417, 185, 480, 248
-0.977184, 129, 137, 192, 200
-0.977351, 201, 137, 264, 200
-0.977543, 185, 193, 248, 320
-0.977573, 49, 233, 176, 296
-0.977602, 305, 129, 368, 192
-0.977759, 329, 113, 392, 240
-0.977972, 49, 209, 112, 272
-0.978051, 249, 129, 312, 375
-0.978061, 185, 209, 248, 272
-0.978103, 249, 129, 280, 256
-0.978404, 33, 281, 160, 344
-0.978413, 225, 113, 288, 176
-0.978555, 289, 49, 416, 176
-0.978622, 65, 81, 192, 208
-0.978742, 433, 161, 496, 224
-0.978906, 209, 193, 336, 256
-0.978952, 153, 249, 216, 312
-0.979023, 1, 225, 64, 352
-0.979025, 257, 241, 384, 368
-0.979097, 137, 97, 200, 352
-0.979188, 273, 313, 400, 375
-0.979211, 321, 49, 384, 176
-0.979413, 305, 161, 368, 224
-0.97952, 305, 257, 432, 320
-0.979589, 1, 169, 64, 232
-0.979706, 337, 225, 464, 288
-0.979734, 65, 185, 128, 248
-0.979841, 57, 241, 120, 304
-0.979854, 257, 225, 384, 288
-0.979877, 9, 97, 72, 224
-0.979904, 329, 129, 392, 375
-0.979959, 233, 241, 296, 304
-0.980067, 253, 145, 284, 208
-0.980152, 97, 201, 160, 264
-0.980596, 129, 217, 192, 280
-0.980642, 129, 257, 192, 320
-0.980679, 161, 161, 224, 288
-0.980682, 217, 97, 280, 352
-0.980731, 313, 257, 376, 320
-0.980956, 313, 305, 376, 368
-0.981006, 137, 241, 168, 368
-0.98113, 281, 289, 344, 352
-0.981142, 233, 169, 296, 232
-0.981201, 249, 33, 312, 288
-0.981383, 129, 137, 256, 200
-0.981502, 281, 169, 344, 232
-0.981506, 289, 281, 416, 344
-0.98156, 121, 161, 184, 224
-0.981665, 225, 241, 288, 368
-0.981693, 305, 129, 368, 375
-0.981698, 409, 145, 472, 208
-0.981736, 129, 209, 256, 272
-0.981736, 177, 137, 240, 200
-0.981741, 337, 281, 464, 344
-0.981744, 121, 185, 184, 248
-0.981763, 345, 217, 408, 280
-0.981772, 273, 81, 336, 144
-0.98182, 193, 145, 320, 208
-0.981831, 161, 97, 288, 160
-0.981937, 353, 97, 416, 352
-0.981952, 49, 129, 112, 375
-0.981956, 1, 233, 64, 296
-0.9822, 265, 313, 328, 375
-0.982265, 393, 265, 456, 328
-0.982289, 353, 265, 416, 328
-0.982301, 353, 249, 480, 312
-0.982319, 177, 241, 240, 368
-0.982493, 265, 113, 296, 240
-0.982644, 113, 257, 240, 320
-0.982705, 209, 33, 272, 160
-0.982712, 433, 137, 496, 200
-0.982729, 265, 137, 296, 200
-0.982828, 289, 49, 352, 176
-0.982834, 241, 145, 368, 208
-0.982884, 225, 217, 256, 280
-0.982912, 113, 129, 176, 375
-0.982948, 1, 249, 128, 312
-0.983121, 225, 73, 352, 136
-0.983142, 345, 145, 408, 208
-0.983184, 425, 177, 456, 304
-0.983187, 105, 129, 168, 256
-0.983233, 369, 185, 496, 248
-0.983314, 385, 129, 448, 375
-0.983347, 193, 113, 256, 176
-0.983455, 137, 129, 168, 256
-0.983456, 409, 241, 472, 304
-0.983524, 269, 201, 300, 264
-0.98353, 285, 193, 316, 256
-0.98355, 249, 113, 312, 176
-0.983683, 209, 241, 272, 304
-0.98376, 41, 161, 104, 224
-0.983812, 65, 313, 192, 375
-0.983849, 117, 209, 148, 272
-0.98392, 361, 225, 392, 352
-0.983928, 353, 65, 416, 192
-0.983979, 149, 241, 180, 368
-0.984086, 33, 137, 96, 200
-0.984092, 425, 185, 456, 248
-0.98411, 57, 265, 120, 328
-0.984129, 309, 97, 340, 160
-0.984168, 145, 313, 176, 375
-0.984191, 237, 145, 268, 272
-0.984213, 81, 201, 208, 264
-0.984255, 201, 81, 264, 144
-0.984291, 345, 193, 408, 256
-0.984293, 241, 137, 272, 200
-0.984306, 33, 177, 160, 240
-0.984316, 321, 265, 352, 328
-0.984347, 89, 153, 152, 216
-0.984393, 209, 169, 336, 232
-0.984394, 149, 121, 180, 184
-0.984417, 281, 217, 344, 280
-0.984426, 305, 97, 336, 224
-0.984472, 369, 177, 432, 240
-0.984501, 97, 249, 160, 312
-0.984505, 169, 65, 232, 320
-0.984532, 369, 97, 496, 224
-0.984559, 333, 169, 364, 232
-0.984592, 193, 97, 256, 352
-0.984695, 409, 113, 472, 240
-0.984728, 233, 217, 296, 280
-0.984731, 9, 121, 72, 184
-0.984764, 1, 97, 64, 352
-0.984774, 233, 193, 264, 320
-0.984863, 289, 177, 320, 304
-0.984884, 273, 97, 400, 160
-0.984895, 1, 17, 256, 144
-0.984896, 125, 225, 156, 352
-0.98495, 161, 225, 224, 288
-0.984972, 33, 241, 96, 304
-0.984983, 121, 289, 152, 352
-0.985205, 113, 161, 240, 224
-0.985254, 305, 33, 368, 288
-0.985259, 85, 241, 116, 304
-0.985295, 133, 305, 164, 368
-0.985296, 273, 169, 400, 232
-0.985308, 333, 257, 364, 320
-0.985317, 325, 97, 356, 160
-0.985322, 209, 233, 336, 296
-0.985378, 133, 145, 164, 208
-0.985398, 369, 257, 400, 320
-0.985417, 405, 209, 436, 272
-0.985445, 297, 305, 328, 368
-0.985445, 273, 145, 336, 208
-0.985459, 381, 241, 412, 304
-0.985555, 297, 113, 328, 176
-0.985567, 321, 313, 352, 375
-0.98557, 49, 257, 176, 320
-0.985593, 109, 281, 140, 344
-0.985616, 393, 225, 424, 288
-0.985643, 301, 177, 332, 304
-0.985677, 241, 49, 368, 176
-0.985716, 149, 113, 180, 240
-0.985728, 277, 129, 308, 256
-0.985776, 341, 289, 372, 352
-0.985782, 377, 209, 408, 336
-0.985814, 277, 137, 308, 200
-0.985829, 345, 313, 408, 375
-0.985835, 293, 113, 324, 240
-0.985844, 257, 225, 320, 288
-0.985876, 25, 129, 88, 375
-0.98588, 257, 177, 320, 240
-0.985904, 433, 305, 496, 368
-0.98591, 1, 241, 32, 304
-0.985912, 209, 113, 336, 176
-0.98592, 353, 273, 384, 336
-0.985921, 177, 249, 240, 312
-0.985942, 285, 313, 316, 375
-0.985943, 169, 105, 200, 168
-0.985947, 321, 113, 448, 176
-0.985983, 237, 217, 268, 280
-0.986001, 405, 177, 436, 304
-0.986003, 353, 161, 480, 224
-0.986016, 33, 201, 160, 264
-0.986032, 309, 281, 340, 344
-0.986051, 73, 225, 104, 288
-0.986076, 377, 201, 408, 264
-0.986121, 413, 161, 444, 224
-0.986164, 229, 121, 260, 184
-0.986177, 89, 281, 120, 344
-0.986201, 145, 265, 176, 328
-0.986256, 389, 185, 420, 248
-0.986305, 441, 169, 472, 232
-0.986383, 81, 129, 144, 375
-0.986438, 349, 225, 380, 352
-0.98649, 357, 225, 388, 288
-0.986512, 185, 185, 248, 248
-0.986561, 305, 81, 368, 144
-0.986604, 129, 17, 384, 144
-0.986638, 425, 273, 488, 336
-0.986687, 317, 81, 348, 208
-0.986719, 409, 129, 472, 375
-0.986734, 433, 129, 496, 375
-0.986789, 77, 265, 108, 328
-0.986827, 193, 89, 224, 152
-0.986914, 25, 225, 88, 352
-0.986948, 425, 145, 456, 208
-0.986961, 309, 185, 340, 248
-0.98702, 137, 313, 200, 375
-0.98703, 201, 241, 264, 368
-0.987031, 265, 205, 328, 236
-0.987114, 81, 129, 144, 256
-0.987158, 161, 169, 224, 232
-0.987193, 181, 97, 212, 160
-0.98721, 161, 249, 288, 312
-0.987212, 1, 225, 128, 288
-0.987318, 321, 241, 352, 368
-0.987325, 349, 177, 380, 240
-0.987403, 253, 113, 284, 176
-0.987506, 297, 185, 328, 248
-0.987506, 213, 201, 244, 264
-0.987619, 253, 233, 284, 296
-0.98766, 241, 161, 272, 224
-0.987696, 241, 241, 272, 304
-0.987709, 29, 177, 60, 240
-0.987711, 337, 241, 368, 368
-0.987713, 161, 249, 192, 312
-0.987731, 61, 217, 92, 280
-0.987737, 1, 257, 64, 320
-0.98776, 345, 241, 376, 304
-0.98778, 349, 161, 380, 288
-0.987802, 229, 193, 260, 256
-0.987837, 253, 169, 284, 232
-0.987875, 433, 241, 496, 304
-0.987878, 401, 177, 432, 240
-0.987892, 49, 289, 112, 352
-0.987894, 337, 193, 368, 256
-0.987924, 281, 217, 312, 280
-0.987946, 41, 193, 72, 256
-0.987983, 309, 73, 340, 136
-0.987994, 1, 33, 64, 160
-0.988002, 329, 81, 392, 144
-0.988029, 249, 33, 312, 160
-0.988035, 225, 145, 256, 208
-0.988058, 385, 129, 448, 192
-0.988067, 341, 121, 372, 184
-0.988097, 233, 73, 296, 136
-0.98815, 137, 281, 200, 344
-0.988175, 345, 153, 376, 216
-0.988217, 133, 249, 164, 312
-0.988279, 17, 161, 48, 224
-0.988305, 321, 201, 352, 264
-0.98831, 241, 65, 272, 192
-0.988353, 389, 225, 420, 352
-0.98836, 97, 233, 128, 296
-0.988422, 129, 1, 192, 375
-0.988445, 257, 209, 288, 272
-0.988461, 297, 73, 328, 136
-0.988468, 205, 81, 236, 144
-0.988557, 93, 225, 124, 352
-0.988581, 17, 153, 144, 216
-0.988623, 309, 129, 340, 192
-0.98865, 409, 129, 440, 256
-0.988662, 313, 161, 344, 224
-0.988716, 369, 297, 400, 360
-0.988767, 57, 193, 88, 256
-0.988779, 281, 113, 312, 176
-0.988827, 385, 81, 448, 208
-0.988846, 433, 49, 496, 176
-0.988882, 1, 97, 64, 160
-0.988885, 81, 289, 208, 352
-0.988912, 173, 249, 204, 312
-0.988927, 133, 169, 164, 232
-0.98893, 301, 209, 332, 272
-0.988932, 161, 313, 224, 375
-0.988954, 321, 305, 448, 368
-0.98898, 337, 97, 368, 160
-0.988985, 361, 169, 392, 232
-0.989007, 273, 1, 336, 256
-0.989011, 205, 65, 236, 192
-0.989029, 241, 113, 272, 176
-0.989034, 89, 177, 152, 240
-0.989035, 469, 297, 500, 360
-0.989101, 233, 313, 296, 375
-0.989106, 221, 241, 252, 304
-0.989125, 321, 217, 384, 280
-0.98916, 281, 193, 344, 224
-0.989181, 129, 185, 256, 248
-0.989216, 217, 1, 280, 256
-0.989224, 209, 289, 336, 352
-0.989228, 469, 145, 500, 208
-0.989241, 337, 137, 464, 200
-0.989275, 193, 17, 320, 144
-0.989327, 249, 145, 312, 176
-0.989334, 265, 233, 296, 296
-0.989364, 413, 249, 444, 312
-0.989373, 1, 17, 128, 144
-0.989395, 149, 241, 180, 304
-0.989397, 273, 177, 304, 240
-0.989407, 5, 153, 36, 216
-0.989471, 289, 1, 352, 375
-0.989485, 33, 265, 96, 328
-0.989507, 97, 185, 128, 248
-0.989581, 73, 285, 136, 316
-0.989595, 121, 177, 152, 304
-0.989662, 357, 313, 388, 375
-0.989668, 185, 249, 216, 312
-0.989776, 229, 73, 260, 136
-0.989779, 89, 81, 152, 208
-0.989784, 445, 193, 476, 256
-0.989794, 389, 273, 420, 336
-0.989798, 105, 209, 136, 336
-0.9898, 453, 161, 484, 224
-0.989831, 1, 129, 32, 192
-0.989849, 77, 209, 108, 336
-0.989874, 117, 185, 148, 248
-0.989907, 241, 193, 272, 256
-0.989913, 369, 49, 496, 176
-0.989923, 53, 249, 84, 312
-0.989928, 105, 257, 136, 320
-0.989958, 389, 177, 420, 304
-0.990001, 205, 225, 236, 288
-0.990053, 217, 129, 248, 256
-0.990061, 161, 97, 192, 224
-0.99007, 121, 241, 152, 304
-0.990116, 321, 193, 352, 320
-0.990116, 189, 225, 220, 288
-0.990129, 77, 161, 108, 224
-0.990138, 221, 209, 252, 336
-0.990157, 329, 113, 392, 176
-0.990157, 113, 113, 240, 176
-0.990177, 445, 137, 476, 200
-0.990181, 201, 129, 232, 192
-0.990187, 5, 265, 36, 328
-0.990215, 437, 233, 468, 296
-0.990219, 213, 129, 244, 192
-0.990219, 453, 265, 484, 328
-0.99025, 225, 97, 256, 160
-0.990257, 81, 161, 112, 288
-0.99027, 265, 57, 328, 120
-0.990285, 225, 1, 288, 375
-0.990323, 1, 145, 64, 208
-0.990337, 9, 1, 72, 256
-0.990352, 289, 137, 320, 200
-0.990364, 165, 169, 196, 232
-0.990379, 361, 113, 392, 176
-0.990379, 289, 257, 352, 320
-0.990409, 73, 289, 104, 352
-0.990466, 65, 121, 192, 184
-0.990491, 321, 129, 352, 192
-0.99051, 121, 337, 184, 368
-0.990523, 285, 73, 316, 136
-0.99053, 349, 201, 380, 264
-0.990582, 285, 169, 316, 232
-0.990668, 49, 177, 80, 304
-0.990701, 229, 81, 260, 208
-0.990713, 441, 289, 472, 352
-0.990739, 269, 113, 300, 176
-0.990766, 369, 225, 400, 288
-0.990788, 253, 65, 284, 192
-0.990817, 225, 265, 352, 328
-0.990823, 209, 141, 272, 172
-0.990877, 177, 73, 304, 136
-0.990905, 209, 169, 272, 232
-0.990912, 305, 109, 368, 140
-0.99092, 353, 113, 416, 176
-0.991059, 61, 193, 92, 320
-0.991103, 97, 229, 160, 260
-0.991159, 249, 1, 312, 375
-0.991188, 321, 197, 384, 228
-0.991191, 433, 1, 496, 256
-0.991195, 25, 217, 88, 280
-0.99127, 129, 113, 192, 176
-0.991287, 225, 121, 480, 184
-0.991326, 1, 273, 500, 336
-0.991344, 433, 1, 496, 375
-0.991361, 177, 313, 304, 375
-0.991364, 409, 313, 472, 375
-0.991377, 401, 213, 464, 244
-0.991379, 241, 205, 304, 236
-0.991427, 369, 289, 432, 352
-0.991432, 329, 257, 392, 288
-0.991443, 257, 209, 500, 272
-0.991444, 193, 81, 224, 208
-0.991477, 65, 145, 192, 208
-0.991498, 333, 161, 364, 288
-0.991518, 445, 225, 476, 352
-0.991543, 305, 289, 368, 320
-0.991551, 341, 113, 372, 240
-0.991562, 161, 201, 224, 264
-0.991609, 1, 1, 64, 375
-0.991664, 113, 313, 240, 375
-0.991671, 193, 89, 256, 120
-0.99168, 277, 177, 308, 304
-0.991686, 193, 1, 256, 256
-0.991719, 5, 193, 36, 320
-0.991763, 313, 1, 376, 375
-0.991796, 97, 233, 224, 296
-0.991809, 289, 145, 416, 208
-0.991887, 393, 33, 456, 288
-0.991888, 233, 245, 296, 276
-0.991889, 69, 145, 100, 272
-0.991897, 281, 317, 344, 348
-0.991902, 273, 133, 336, 164
-0.991943, 385, 189, 448, 220
-0.991977, 393, 177, 456, 208
-0.992007, 297, 301, 360, 332
-0.992008, 89, 1, 152, 375
-0.992099, 281, 345, 344, 375
-0.992105, 161, 105, 224, 136
-0.992113, 185, 241, 216, 368
-0.992132, 369, 153, 432, 216
-0.99215, 217, 153, 280, 184
-0.992156, 273, 229, 336, 260
-0.992214, 289, 225, 320, 352
-0.992229, 153, 257, 216, 288
-0.99224, 97, 209, 352, 272
-0.992243, 257, 161, 500, 224
-0.992327, 153, 345, 216, 375
-0.992351, 129, 149, 192, 180
-0.99239, 313, 277, 376, 308
-0.992401, 377, 201, 440, 232
-0.992403, 253, 149, 284, 180
-0.992409, 369, 213, 432, 244
-0.992421, 93, 177, 124, 304
-0.992462, 225, 313, 352, 375
-0.99247, 1, 33, 64, 96
-0.99248, 377, 245, 440, 276
-0.992524, 257, 177, 288, 304
-0.992561, 185, 1, 248, 375
-0.992593, 49, 229, 112, 260
-0.992601, 33, 161, 64, 288
-0.992661, 153, 33, 216, 160
-0.992702, 1, 241, 500, 304
-0.992748, 321, 313, 384, 344
-0.99275, 145, 129, 208, 160
-0.992751, 129, 313, 384, 375
-0.992753, 97, 145, 352, 208
-0.992758, 297, 121, 360, 152
-0.992775, 361, 177, 392, 304
-0.992821, 433, 1, 496, 128
-0.992827, 81, 129, 144, 192
-0.992838, 181, 81, 212, 208
-0.992841, 289, 181, 352, 212
-0.992868, 345, 1, 408, 375
-0.992877, 313, 209, 376, 240
-0.992877, 89, 241, 152, 272
-0.992882, 97, 309, 160, 340
-0.992905, 277, 201, 308, 232
-0.992907, 257, 249, 320, 312
-0.992911, 241, 121, 304, 152
-0.992911, 257, 217, 320, 248
-0.993006, 113, 325, 176, 356
-0.993018, 417, 217, 480, 280
-0.99302, 153, 117, 216, 148
-0.993039, 89, 297, 152, 328
-0.993051, 161, 233, 416, 296
-0.993076, 217, 201, 280, 232
-0.993081, 17, 145, 48, 272
-0.993089, 353, 253, 416, 284
-0.993113, 245, 225, 276, 352
-0.99312, 369, 305, 496, 368
-0.993147, 129, 281, 256, 344
-0.993158, 297, 333, 360, 364
-0.993177, 113, 293, 144, 324
-0.993193, 1, 121, 128, 184
-0.99323, 377, 1, 440, 375
-0.993232, 417, 189, 480, 220
-0.993236, 97, 121, 352, 184
-0.993239, 289, 205, 320, 236
-0.993261, 441, 129, 472, 256
-0.993269, 257, 305, 500, 368
-0.993274, 265, 145, 296, 176
-0.993289, 353, 229, 416, 260
-0.993307, 233, 189, 296, 220
-0.993325, 161, 225, 192, 352
-0.993334, 361, 265, 424, 296
-0.993343, 369, 1, 496, 128
-0.993348, 165, 109, 196, 140
-0.993352, 169, 345, 200, 375
-0.993353, 289, 193, 320, 224
-0.993374, 361, 129, 392, 256
-0.993392, 345, 285, 408, 316
-0.993394, 149, 333, 180, 364
-0.993418, 433, 161, 496, 192
-0.993419, 193, 185, 448, 248
-0.993427, 257, 73, 320, 104
-0.993445, 393, 265, 456, 296
-0.993456, 265, 345, 296, 375
-0.993461, 393, 225, 456, 256
-0.993478, 313, 177, 376, 208
-0.99348, 125, 297, 156, 328
-0.993495, 201, 217, 264, 248
-0.993516, 233, 141, 264, 172
-0.993534, 433, 145, 496, 176
-0.993537, 153, 129, 216, 192
-0.993555, 293, 313, 324, 344
-0.993557, 117, 217, 148, 248
-0.99358, 433, 113, 496, 176
-0.993584, 277, 333, 308, 364
-0.99359, 25, 1, 88, 375
-0.993592, 129, 309, 160, 340
-0.993595, 181, 101, 212, 132
-0.993597, 305, 301, 336, 332
-0.993599, 153, 1, 216, 375
-0.993601, 433, 173, 496, 204
-0.993602, 97, 289, 352, 352
-0.993612, 81, 281, 112, 312
-0.993617, 265, 205, 296, 236
-0.993623, 437, 177, 468, 304
-0.993636, 129, 237, 192, 268
-0.993645, 65, 273, 128, 304
-0.993647, 205, 85, 236, 116
-0.993657, 337, 297, 400, 328
-0.993662, 177, 141, 240, 172
-0.993663, 325, 101, 356, 132
-0.993683, 245, 249, 276, 280
-0.993684, 281, 109, 344, 140
-0.993702, 137, 149, 168, 180
-0.993722, 309, 109, 340, 140
-0.993724, 277, 141, 308, 172
-0.993738, 289, 213, 352, 244
-0.993739, 141, 321, 172, 352
-0.993753, 257, 345, 320, 375
-0.993754, 225, 221, 256, 252
-0.993758, 1, 253, 32, 284
-0.993766, 417, 165, 448, 196
-0.993777, 57, 129, 88, 256
-0.993779, 417, 201, 448, 232
-0.993785, 309, 213, 340, 244
-0.993786, 201, 265, 264, 328
-0.993792, 277, 213, 308, 244
-0.993794, 217, 77, 280, 108
-0.993816, 293, 229, 324, 260
-0.993821, 321, 165, 384, 196
-0.993824, 237, 153, 268, 184
-0.993832, 257, 193, 320, 224
-0.993843, 265, 165, 328, 196
-0.993843, 377, 341, 440, 372
-0.993845, 225, 221, 288, 252
-0.993856, 405, 181, 436, 212
-0.993873, 217, 129, 280, 160
-0.993873, 381, 209, 412, 240
-0.993876, 97, 281, 128, 312
-0.993877, 337, 173, 368, 204
-0.993882, 233, 249, 264, 280
-0.993891, 193, 261, 256, 292
-0.993901, 121, 201, 184, 232
-0.993906, 33, 33, 96, 288
-0.993907, 313, 289, 344, 320
-0.993908, 349, 249, 380, 280
-0.993909, 329, 33, 392, 288
-0.993912, 81, 33, 144, 288
-0.993913, 321, 121, 384, 152
-0.993913, 153, 129, 184, 160
-0.993917, 57, 33, 120, 288
-0.993919, 1, 193, 64, 256
-0.99393, 369, 225, 400, 256
-0.993936, 345, 241, 408, 272
-0.993939, 93, 237, 124, 268
-0.993953, 193, 93, 224, 124
-0.993957, 157, 257, 188, 288
-0.993964, 385, 245, 416, 276
-0.993968, 305, 81, 336, 112
-0.993969, 401, 201, 464, 232
-0.993974, 249, 137, 280, 168
-0.994, 293, 65, 324, 192
-0.994009, 325, 205, 356, 236
-0.99401, 413, 253, 444, 284
-0.994017, 305, 133, 368, 164
-0.994018, 297, 125, 328, 156
-0.994025, 329, 113, 360, 144
-0.994038, 393, 193, 424, 224
-0.994048, 129, 89, 384, 152
-0.99405, 409, 253, 472, 284
-0.99405, 109, 281, 140, 312
-0.994051, 345, 173, 408, 204
-0.994051, 369, 265, 400, 296
-0.994061, 281, 77, 344, 108
-0.994068, 225, 81, 256, 112
-0.994075, 253, 237, 284, 268
-0.994078, 289, 217, 320, 248
-0.994091, 273, 189, 304, 220
-0.994097, 177, 245, 240, 276
-0.994108, 73, 233, 104, 264
-0.994109, 281, 65, 312, 192
-0.994117, 329, 273, 360, 304
-0.994117, 141, 177, 172, 304
-0.994118, 97, 253, 160, 284
-0.994119, 309, 241, 340, 368
-0.99412, 225, 205, 256, 236
-0.994122, 209, 209, 240, 240
-0.994122, 249, 133, 312, 164
-0.994125, 421, 185, 452, 216
-0.994126, 289, 57, 352, 120
-0.994126, 349, 289, 380, 320
-0.994132, 309, 185, 340, 216
-0.994134, 97, 17, 224, 144
-0.994135, 217, 65, 248, 192
-0.994141, 169, 253, 200, 284
-0.994141, 421, 129, 452, 256
-0.994149, 137, 269, 200, 300
-0.994151, 273, 329, 336, 360
-0.994152, 313, 93, 344, 124
-0.994152, 433, 285, 496, 316
-0.994155, 121, 165, 184, 196
-0.994159, 305, 201, 336, 232
-0.994159, 429, 145, 460, 176
-0.99416, 337, 273, 400, 304
-0.994171, 285, 129, 316, 160
-0.994172, 433, 33, 496, 96
-0.994177, 281, 89, 344, 120
-0.99418, 193, 233, 256, 264
-0.994184, 337, 305, 368, 336
-0.994186, 277, 229, 308, 260
-0.994191, 69, 289, 100, 320
-0.994193, 393, 233, 424, 264
-0.994193, 181, 253, 212, 284
-0.994196, 345, 197, 408, 228
-0.994204, 185, 33, 248, 160
-0.994215, 357, 237, 388, 268
-0.994222, 341, 193, 372, 224
-0.994227, 417, 241, 448, 368
-0.994231, 329, 193, 360, 224
-0.994247, 361, 277, 392, 308
-0.994254, 289, 325, 320, 356
-0.994258, 133, 161, 164, 192
-0.994264, 437, 177, 468, 208
-0.994264, 293, 345, 324, 375
-0.994268, 217, 257, 248, 288
-0.994274, 337, 257, 368, 288
-0.994283, 401, 225, 432, 352
-0.994285, 257, 241, 320, 272
-0.994288, 193, 205, 256, 236
-0.994305, 229, 237, 260, 268
-0.994305, 341, 161, 372, 192
-0.994322, 245, 225, 276, 256
-0.994323, 249, 161, 280, 192
-0.994327, 265, 237, 296, 268
-0.994342, 317, 129, 348, 256
-0.994342, 49, 97, 176, 160
-0.994348, 145, 269, 176, 300
-0.994359, 329, 317, 360, 348
-0.99436, 209, 137, 240, 168
-0.994361, 129, 257, 192, 288
-0.994368, 293, 73, 324, 104
-0.994369, 217, 257, 280, 288
-0.994369, 405, 221, 436, 252
-0.994373, 349, 173, 380, 204
-0.994376, 385, 341, 416, 372
-0.994382, 249, 125, 280, 156
-0.994392, 305, 333, 336, 364
-0.994395, 153, 117, 184, 148
-0.994395, 317, 277, 348, 308
-0.994401, 229, 129, 260, 160
-0.994406, 101, 293, 132, 324
-0.994408, 325, 89, 356, 120
-0.99441, 345, 149, 376, 180
-0.994411, 89, 217, 152, 248
-0.994412, 33, 185, 64, 216
-0.994416, 317, 173, 348, 204
-0.994426, 141, 137, 172, 168
-0.994426, 129, 253, 160, 284
-0.994431, 41, 113, 72, 240
-0.994434, 305, 265, 368, 296
-0.99444, 1, 65, 128, 192
-0.994447, 437, 189, 468, 220
-0.994447, 113, 189, 144, 220
-0.994451, 81, 269, 112, 300
-0.994452, 217, 245, 248, 276
-0.994456, 41, 197, 72, 228
-0.994466, 441, 137, 472, 168
-0.994467, 257, 173, 288, 204
-0.994469, 129, 225, 192, 256
-0.994471, 401, 165, 464, 196
-0.994474, 129, 213, 192, 244
-0.994478, 77, 245, 108, 276
-0.99448, 65, 201, 128, 232
-0.994504, 401, 1, 464, 375
-0.994506, 201, 261, 232, 292
-0.994509, 77, 221, 108, 252
-0.99451, 129, 173, 160, 204
-0.99451, 237, 213, 268, 244
-0.994515, 341, 117, 372, 148
-0.994518, 317, 321, 348, 352
-0.994522, 433, 313, 496, 344
-0.994536, 121, 313, 184, 344
-0.994538, 261, 129, 292, 160
-0.994542, 381, 221, 412, 252
-0.994546, 145, 1, 208, 256
-0.994546, 209, 205, 336, 236
-0.994549, 53, 209, 84, 240
-0.994549, 405, 345, 436, 375
-0.994574, 89, 161, 152, 192
-0.994583, 161, 177, 192, 304
-0.994595, 321, 245, 384, 276
-0.994614, 33, 213, 96, 244
-0.994614, 257, 273, 320, 336
-0.994629, 5, 145, 36, 272
-0.994638, 401, 289, 464, 352
-0.994641, 209, 209, 240, 336
-0.994651, 353, 161, 416, 192
-0.994657, 129, 257, 384, 320
-0.994667, 255, 145, 270, 208
-0.994695, 113, 189, 176, 220
-0.994705, 257, 281, 500, 344
-0.994706, 217, 233, 280, 264
-0.994715, 257, 233, 500, 296
-0.994734, 49, 33, 176, 160
-0.994736, 389, 113, 420, 240
-0.994738, 417, 329, 480, 360
-0.994753, 33, 233, 288, 296
-0.994764, 89, 205, 152, 236
-0.994765, 241, 157, 304, 188
-0.994785, 57, 241, 120, 272
-0.994817, 345, 217, 408, 248
-0.994829, 313, 97, 376, 128
-0.994857, 49, 257, 112, 288
-0.994892, 97, 281, 160, 312
-0.994903, 337, 341, 400, 372
-0.994907, 33, 269, 96, 300
-0.994908, 281, 1, 344, 128
-0.99493, 177, 217, 240, 248
-0.994933, 113, 297, 176, 328
-0.994951, 49, 181, 112, 212
-0.994955, 241, 145, 368, 176
-0.994974, 433, 57, 496, 120
-0.995025, 89, 185, 152, 216
-0.995054, 305, 153, 368, 184
-0.995066, 17, 189, 80, 220
-0.995077, 341, 65, 372, 192
-0.995098, 273, 73, 400, 136
-0.995103, 181, 193, 212, 320
-0.995107, 273, 121, 336, 152
-0.99514, 393, 277, 456, 308
-0.995168, 1, 113, 256, 176
-0.995185, 1, 177, 256, 240
-0.995188, 377, 161, 408, 288
-0.995241, 97, 185, 352, 248
-0.995266, 25, 289, 88, 352
-0.995331, 329, 113, 360, 240
-0.995366, 257, 341, 384, 372
-0.995375, 65, 161, 128, 224
-0.995401, 385, 105, 448, 168
-0.995458, 321, 89, 448, 152
-0.995461, 361, 1, 424, 256
-0.995472, 273, 321, 400, 352
-0.995536, 263, 145, 278, 208
-0.995562, 273, 225, 400, 256
-0.995607, 241, 1, 368, 128
-0.995671, 65, 257, 192, 288
-0.995672, 273, 125, 400, 156
-0.995678, 25, 97, 56, 224
-0.99569, 277, 241, 308, 368
-0.995706, 469, 129, 500, 256
-0.995714, 129, 141, 256, 172
-0.99579, 239, 217, 254, 280
-0.995796, 247, 137, 262, 200
-0.995842, 1, 145, 500, 208
-0.995856, 231, 217, 246, 280
-0.99587, 305, 49, 336, 176
-0.995907, 113, 253, 240, 284
-0.995945, 353, 89, 416, 152
-0.995964, 121, 49, 184, 176
-0.995977, 265, 65, 296, 192
-0.995979, 313, 1, 376, 128
-0.996025, 225, 49, 352, 112
-0.996028, 289, 193, 304, 256
-0.99604, 353, 249, 480, 280
-0.996044, 329, 49, 360, 176
-0.996052, 305, 201, 432, 232
-0.996055, 1, 249, 16, 312
-0.9961, 57, 1, 120, 375
-0.996107, 337, 269, 464, 300
-0.99611, 269, 137, 284, 200
-0.996114, 275, 137, 290, 200
-0.996123, 33, 297, 160, 328
-0.996136, 289, 213, 416, 244
-0.996136, 319, 97, 334, 160
-0.996153, 25, 313, 88, 375
-0.996154, 1, 305, 500, 368
-0.996156, 273, 309, 400, 340
-0.996165, 145, 341, 272, 372
-0.996166, 453, 161, 484, 288
-0.996204, 139, 145, 154, 208
-0.996232, 81, 229, 208, 260
-0.996247, 1, 153, 256, 216
-0.996287, 353, 225, 480, 256
-0.996341, 173, 241, 204, 368
-0.996371, 209, 73, 336, 104
-0.996388, 469, 65, 500, 192
-0.996414, 465, 177, 496, 304
-0.996434, 121, 1, 184, 256
-0.996435, 1, 241, 32, 368
-0.996446, 353, 237, 480, 268
-0.996477, 49, 241, 176, 272
-0.996505, 1, 217, 500, 280
-0.996545, 1, 177, 500, 240
-0.996548, 25, 1, 88, 128
-0.996551, 337, 285, 464, 316
-0.996565, 1, 257, 128, 288
-0.996622, 289, 293, 416, 324
-0.996623, 129, 209, 256, 240
-0.996632, 177, 145, 304, 176
-0.996662, 177, 133, 304, 164
-0.996674, 295, 313, 310, 375
-0.996683, 193, 217, 320, 248
-0.996688, 307, 297, 322, 360
-0.99669, 359, 169, 374, 232
-0.996696, 113, 165, 240, 196
-0.996699, 385, 33, 448, 160
-0.996701, 301, 305, 316, 368
-0.996733, 351, 161, 366, 224
-0.996741, 321, 177, 448, 208
-0.996752, 257, 113, 384, 144
-0.996768, 289, 281, 416, 312
-0.996768, 283, 193, 298, 256
-0.996773, 353, 213, 480, 244
-0.996774, 65, 329, 192, 360
-0.996783, 295, 193, 310, 256
-0.996787, 127, 289, 142, 352
-0.996796, 277, 209, 292, 272
-0.996801, 409, 177, 424, 240
-0.996817, 205, 129, 236, 256
-0.996846, 129, 129, 256, 160
-0.99685, 119, 281, 134, 344
-0.996875, 225, 217, 240, 280
-0.996912, 391, 201, 406, 264
-0.996917, 33, 181, 160, 212
-0.996925, 353, 17, 416, 144
-0.99693, 129, 221, 256, 252
-0.99694, 315, 289, 330, 352
-0.996941, 333, 265, 348, 328
-0.996947, 327, 273, 342, 336
-0.996959, 5, 49, 36, 176
-0.996962, 1, 305, 256, 368
-0.996965, 329, 89, 344, 152
-0.996967, 247, 209, 262, 272
-0.996975, 161, 261, 288, 292
-0.996981, 97, 241, 112, 304
-0.996988, 233, 193, 248, 256
-0.996989, 33, 229, 160, 260
-0.996994, 241, 129, 256, 192
-0.996996, 331, 185, 346, 248
-0.997001, 209, 193, 336, 224
-0.997003, 225, 253, 352, 284
-0.997007, 431, 153, 446, 216
-0.99701, 153, 313, 168, 375
-0.997024, 433, 177, 448, 240
-0.997026, 339, 257, 354, 320
-0.997041, 1, 217, 128, 248
-0.997048, 145, 261, 176, 276
-0.997051, 405, 183, 436, 198
-0.997051, 297, 129, 328, 144
-0.997054, 125, 261, 156, 276
-0.997056, 317, 193, 348, 208
-0.997058, 241, 157, 368, 188
-0.997062, 253, 161, 284, 176
-0.997063, 441, 175, 472, 190
-0.997063, 1, 277, 128, 308
-0.997063, 49, 285, 176, 316
-0.997064, 309, 299, 340, 314
-0.997068, 97, 243, 128, 258
-0.997068, 305, 253, 432, 284
-0.997071, 401, 189, 432, 204
-0.997073, 297, 319, 328, 334
-0.997074, 325, 199, 356, 214
-0.997077, 389, 205, 420, 220
-0.997078, 397, 217, 428, 232
-0.997081, 113, 189, 240, 220
-0.997082, 273, 189, 400, 220
-0.997086, 381, 241, 396, 304
-0.997088, 163, 113, 178, 176
-0.997088, 161, 121, 192, 136
-0.997088, 397, 193, 412, 256
-0.997089, 129, 117, 256, 148
-0.997097, 113, 201, 144, 216
-0.9971, 361, 235, 392, 250
-0.997102, 321, 281, 336, 344
-0.997102, 325, 213, 356, 228
-0.997103, 309, 89, 340, 104
-0.997105, 209, 117, 336, 148
-0.997109, 129, 241, 256, 272
-0.997109, 345, 165, 376, 180
-0.997111, 281, 225, 312, 240
-0.997114, 149, 265, 164, 328
-0.99712, 311, 105, 326, 168
-0.997121, 77, 283, 108, 298
-0.997123, 369, 229, 400, 244
-0.997127, 197, 93, 228, 108
-0.997128, 317, 97, 348, 112
-0.997129, 429, 153, 460, 168
-0.997129, 425, 163, 456, 178
-0.99713, 357, 243, 388, 258
-0.99713, 301, 309, 332, 324
-0.997131, 269, 241, 300, 256
-0.997135, 157, 267, 188, 282
-0.997135, 225, 133, 352, 164
-0.997136, 369, 185, 496, 216
-0.997138, 265, 151, 296, 166
-0.997141, 409, 209, 424, 272
-0.997142, 145, 137, 160, 200
-0.99715, 225, 81, 256, 96
-0.99715, 49, 205, 176, 236
-0.997153, 333, 117, 364, 132
-0.997154, 385, 345, 416, 360
-0.997157, 289, 325, 320, 340
-0.997159, 121, 217, 152, 232
-0.997164, 441, 143, 472, 158
-0.99717, 413, 195, 444, 210
-0.997178, 85, 277, 116, 292
-0.997179, 409, 201, 440, 216
-0.99718, 317, 179, 348, 194
-0.997182, 425, 193, 456, 208
-0.997186, 377, 219, 408, 234
-0.997187, 457, 241, 488, 368
-0.997188, 133, 159, 164, 174
-0.997188, 77, 235, 108, 250
-0.997189, 233, 249, 264, 264
-0.997189, 303, 193, 318, 256
-0.997194, 249, 137, 280, 152
-0.997195, 321, 165, 448, 196
-0.997199, 33, 257, 288, 320
-0.997203, 439, 169, 454, 232
-0.997204, 421, 169, 452, 184
-0.997206, 321, 285, 352, 300
-0.997211, 369, 225, 384, 288
-0.997213, 1, 257, 32, 272
-0.997215, 305, 205, 336, 220
-0.997215, 141, 305, 156, 368
-0.997219, 329, 193, 360, 208
-0.997225, 133, 319, 164, 334
-0.997229, 141, 269, 172, 284
-0.99723, 209, 265, 240, 280
-0.99723, 329, 207, 360, 222
-0.997232, 141, 147, 172, 162
-0.997247, 393, 211, 424, 226
-0.997248, 337, 265, 368, 280
-0.99725, 65, 341, 192, 372
-0.997251, 305, 83, 336, 98
-0.997252, 169, 349, 200, 364
-0.997254, 65, 317, 192, 348
-0.997254, 197, 209, 228, 336
-0.997257, 393, 199, 424, 214
-0.997259, 309, 117, 340, 132
-0.997261, 129, 313, 160, 328
-0.997262, 141, 329, 172, 344
-0.997263, 325, 279, 356, 294
-0.997265, 169, 361, 200, 375
-0.997276, 355, 137, 370, 200
-0.997287, 321, 345, 448, 375
-0.997288, 143, 257, 158, 320
-0.997295, 289, 269, 416, 300
-0.997297, 249, 233, 264, 296
-0.997297, 233, 157, 264, 172
-0.997299, 65, 241, 96, 368
-0.997301, 349, 199, 380, 214
-0.997302, 91, 249, 106, 312
-0.997304, 225, 205, 256, 220
-0.997308, 281, 137, 296, 200
-0.99731, 345, 161, 360, 224
-0.997321, 285, 333, 316, 348
-0.997322, 349, 253, 380, 268
-0.997327, 337, 301, 464, 332
-0.997329, 313, 111, 344, 126
-0.997329, 301, 121, 316, 184
-0.997336, 65, 153, 192, 184
-0.997336, 149, 341, 180, 356
-0.997337, 267, 201, 282, 264
-0.997341, 153, 131, 184, 146
-0.997342, 113, 289, 128, 352
-0.997343, 135, 217, 150, 280
-0.997343, 281, 141, 312, 156
-0.997344, 285, 233, 316, 248
-0.997345, 287, 217, 302, 280
-0.997347, 149, 137, 180, 152
-0.997349, 329, 273, 360, 288
-0.99735, 239, 193, 254, 256
-0.997351, 257, 201, 384, 232
-0.997351, 81, 269, 208, 300
-0.997354, 159, 313, 174, 375
-0.997357, 137, 153, 168, 168
-0.99737, 241, 97, 272, 352
-0.997371, 233, 243, 264, 258
-0.997374, 335, 97, 350, 160
-0.997379, 403, 217, 418, 280
-0.997379, 253, 205, 284, 220
-0.99738, 273, 199, 304, 214
-0.997382, 277, 215, 308, 230
-0.997389, 387, 233, 402, 296
-0.997398, 69, 291, 100, 306
-0.997399, 321, 121, 448, 152
-0.997399, 171, 105, 186, 168
-0.997401, 421, 161, 436, 224
-0.997403, 289, 219, 320, 234
-0.997407, 7, 241, 22, 304
-0.997409, 117, 295, 148, 310
-0.997411, 353, 145, 480, 176
-0.997413, 209, 87, 240, 102
-0.997416, 293, 97, 324, 352
-0.997418, 107, 273, 122, 336
-0.997423, 189, 99, 220, 114
-0.997427, 325, 105, 356, 120
-0.997433, 153, 129, 168, 192
-0.997443, 135, 297, 150, 360
-0.997445, 161, 101, 288, 132
-0.997447, 161, 157, 288, 188
-0.997454, 243, 241, 258, 304
-0.997457, 277, 185, 292, 248
-0.997465, 257, 237, 384, 268
-0.997494, 321, 1, 448, 128
-0.997495, 329, 111, 360, 126
-0.997499, 337, 171, 368, 186
-0.997513, 261, 129, 292, 375
-0.997513, 381, 217, 396, 280
-0.997514, 347, 249, 362, 312
-0.997514, 257, 225, 272, 288
-0.997525, 421, 207, 452, 222
-0.997525, 145, 335, 176, 350
-0.997526, 221, 261, 252, 276
-0.99753, 99, 273, 114, 336
-0.997531, 193, 325, 320, 356
-0.997536, 181, 107, 212, 122
-0.997539, 245, 143, 276, 158
-0.997539, 285, 77, 316, 92
-0.997541, 1, 209, 256, 272
-0.99755, 277, 341, 308, 356
-0.997557, 363, 233, 378, 296
-0.997569, 375, 217, 390, 280
-0.997572, 237, 151, 268, 166
-0.997574, 351, 193, 366, 256
-0.997575, 233, 145, 264, 160
-0.997583, 245, 253, 276, 268
-0.997586, 345, 193, 376, 208
-0.997592, 311, 185, 326, 248
-0.997598, 321, 189, 448, 220
-0.997603, 121, 307, 152, 322
-0.997608, 49, 217, 176, 248
-0.997612, 101, 285, 132, 300
-0.997612, 197, 89, 212, 152
-0.997614, 253, 361, 284, 375
-0.997616, 263, 225, 278, 288
-0.997622, 375, 249, 390, 312
-0.997623, 187, 97, 202, 160
-0.99763, 225, 101, 352, 132
-0.997633, 325, 201, 340, 264
-0.997643, 305, 241, 432, 272
-0.997646, 257, 245, 288, 260
-0.997648, 1, 169, 128, 200
-0.997653, 147, 305, 162, 368
-0.997655, 193, 85, 320, 116
-0.997655, 439, 145, 454, 208
-0.997661, 245, 235, 276, 250
-0.997666, 135, 169, 150, 232
-0.997668, 341, 289, 356, 352
-0.997671, 281, 97, 312, 352
-0.997677, 301, 213, 332, 228
-0.997686, 335, 305, 350, 368
-0.99769, 79, 265, 94, 328
-0.997698, 289, 201, 320, 216
-0.9977, 237, 241, 252, 304
-0.997706, 49, 133, 176, 164
-0.997706, 1, 281, 256, 344
-0.997711, 1, 245, 128, 276
-0.997717, 169, 115, 200, 130
-0.997735, 81, 289, 112, 304
-0.997738, 65, 169, 192, 200
-0.997744, 137, 129, 168, 375
-0.997744, 337, 161, 352, 224
-0.997747, 337, 129, 368, 375
-0.997754, 289, 313, 304, 375
-0.997761, 329, 313, 344, 375
-0.997762, 241, 169, 368, 200
-0.997763, 289, 207, 320, 222
-0.997779, 265, 207, 296, 222
-0.997784, 307, 73, 322, 136
-0.99779, 347, 289, 362, 352
-0.99779, 225, 301, 352, 332
-0.997791, 1, 197, 128, 228
-0.997793, 403, 185, 418, 248
-0.9978, 427, 185, 442, 248
-0.997802, 369, 341, 496, 372
-0.997805, 255, 149, 270, 180
-0.997809, 81, 233, 96, 296
-0.997809, 357, 81, 388, 208
-0.997815, 417, 209, 432, 272
-0.99782, 177, 249, 192, 312
-0.997826, 87, 225, 102, 288
-0.997838, 129, 193, 144, 256
-0.997846, 89, 273, 104, 336
-0.997852, 113, 153, 240, 184
-0.997861, 1, 263, 32, 278
-0.99787, 301, 225, 332, 240
-0.997873, 263, 121, 278, 184
-0.997874, 305, 129, 336, 375
-0.997879, 193, 341, 320, 372
-0.997895, 393, 233, 408, 296
-0.997897, 263, 177, 278, 240
-0.9979, 21, 209, 52, 336
-0.997907, 445, 161, 460, 224
-0.99791, 233, 257, 264, 272
-0.997913, 183, 249, 198, 312
-0.997915, 57, 97, 120, 224
-0.997927, 181, 97, 196, 160
-0.997933, 169, 355, 200, 370
-0.997934, 213, 81, 228, 144
-0.997936, 271, 145, 286, 176
-0.997941, 261, 353, 292, 368
-0.997945, 117, 223, 148, 238
-0.99795, 269, 347, 300, 362
-0.997954, 49, 193, 176, 224
-0.997955, 57, 193, 72, 256
-0.997961, 213, 97, 244, 352
-0.997963, 337, 199, 368, 214
-0.997963, 321, 73, 336, 136
-0.997973, 113, 301, 144, 316
-0.997981, 203, 89, 218, 152
-0.997992, 209, 181, 336, 212
-0.997993, 113, 129, 144, 256
-0.998005, 305, 109, 432, 140
-0.998005, 151, 241, 166, 304
-0.998006, 255, 113, 270, 176
-0.998016, 485, 57, 500, 120
-0.998016, 257, 97, 500, 160
-0.99802, 165, 249, 180, 312
-0.998022, 353, 281, 368, 344
-0.998023, 67, 217, 82, 280
-0.998038, 415, 177, 430, 240
-0.998039, 119, 289, 134, 320
-0.998044, 285, 201, 300, 232
-0.998044, 293, 201, 308, 232
-0.998048, 141, 233, 156, 296
-0.998048, 245, 141, 260, 172
-0.99805, 353, 249, 368, 312
-0.99805, 369, 257, 384, 320
-0.998059, 359, 201, 374, 264
-0.998065, 369, 197, 496, 228
-0.998065, 361, 273, 376, 336
-0.998069, 145, 329, 272, 360
-0.998071, 369, 113, 496, 176
-0.99808, 89, 283, 120, 298
-0.998092, 273, 345, 288, 375
-0.998111, 249, 161, 264, 224
-0.998116, 139, 149, 154, 180
-0.998128, 361, 129, 392, 375
-0.998139, 163, 337, 178, 368
-0.99814, 299, 201, 314, 232
-0.998154, 209, 229, 336, 260
-0.998156, 307, 217, 322, 280
-0.998172, 1, 121, 500, 184
-0.99818, 305, 333, 432, 364
-0.998189, 149, 97, 180, 352
-0.998192, 97, 289, 224, 320
-0.9982, 263, 149, 278, 180
-0.998221, 193, 169, 320, 200
-0.998225, 279, 141, 294, 172
-0.998229, 125, 293, 140, 324
-0.998245, 1, 261, 16, 292
-0.998252, 173, 145, 204, 272
-0.998257, 129, 309, 256, 340
-0.998259, 241, 281, 368, 312
-0.998263, 261, 33, 292, 288
-0.998282, 163, 117, 178, 148
-0.998283, 161, 193, 288, 224
-0.998293, 279, 193, 294, 224
-0.998313, 385, 97, 416, 352
-0.998318, 229, 97, 260, 352
-0.998321, 185, 361, 216, 375
-0.998326, 1, 41, 128, 104
-0.998329, 233, 241, 264, 368
-0.998334, 279, 337, 294, 368
-0.998336, 105, 293, 136, 308
-0.998362, 319, 285, 334, 316
-0.998364, 147, 137, 162, 168
-0.998371, 53, 129, 84, 375
-0.998379, 405, 129, 436, 375
-0.998387, 193, 97, 224, 352
-0.998405, 355, 177, 370, 208
-0.998409, 97, 241, 112, 272
-0.998415, 113, 177, 240, 208
-0.998416, 325, 129, 356, 375
-0.998426, 267, 345, 282, 375
-0.998429, 273, 205, 288, 236
-0.998431, 177, 249, 304, 280
-0.998436, 131, 301, 146, 332
-0.998437, 299, 217, 314, 248
-0.99844, 277, 205, 308, 220
-0.99844, 247, 249, 262, 280
-0.998442, 177, 65, 208, 320
-0.998442, 77, 289, 92, 320
-0.998448, 229, 221, 244, 252
-0.998452, 169, 113, 184, 144
-0.99846, 249, 153, 264, 184
-0.998462, 289, 225, 304, 256
-0.998464, 265, 207, 328, 222
-0.998474, 157, 329, 172, 360
-0.998479, 331, 93, 346, 124
-0.998479, 325, 277, 340, 308
-0.99848, 153, 361, 216, 375
-0.99849, 353, 313, 480, 344
-0.99849, 77, 129, 108, 375
-0.998491, 285, 329, 300, 360
-0.998496, 387, 205, 402, 236
-0.998497, 349, 97, 380, 352
-0.998504, 399, 213, 414, 244
-0.998509, 433, 129, 464, 375
-0.99851, 241, 151, 304, 166
-0.998512, 307, 301, 322, 332
-0.998513, 73, 289, 136, 304
-0.998514, 281, 199, 344, 214
-0.998519, 445, 129, 476, 375
-0.99852, 241, 265, 368, 296
-0.998522, 183, 253, 198, 284
-0.99853, 181, 105, 196, 136
-0.99853, 265, 213, 328, 228
-0.998532, 225, 205, 288, 220
-0.998534, 45, 225, 76, 352
-0.998534, 265, 143, 328, 158
-0.998536, 209, 145, 272, 160
-0.998543, 283, 213, 298, 244
-0.998551, 121, 341, 184, 356
-0.998553, 89, 237, 152, 252
-0.998553, 113, 289, 128, 320
-0.998553, 257, 257, 500, 320
-0.998554, 209, 313, 336, 344
-0.998555, 321, 269, 384, 284
-0.998556, 289, 311, 352, 326
-0.998561, 107, 277, 122, 308
-0.998561, 313, 283, 376, 298
-0.998561, 321, 277, 384, 292
-0.998563, 5, 129, 36, 375
-0.998564, 349, 249, 364, 280
-0.998565, 313, 293, 328, 324
-0.998566, 305, 289, 368, 304
-0.998566, 227, 205, 242, 236
-0.998568, 377, 203, 440, 218
-0.998568, 233, 145, 296, 160
-0.998568, 141, 309, 156, 340
-0.998568, 281, 321, 344, 336
-0.998568, 393, 217, 456, 232
-0.998569, 301, 309, 316, 340
-0.998569, 369, 255, 432, 270
-0.998571, 161, 355, 224, 370
-0.998574, 321, 199, 384, 214
-0.998574, 87, 277, 102, 308
-0.998577, 217, 139, 280, 154
-0.998577, 369, 219, 432, 234
-0.998577, 293, 321, 308, 352
-0.998578, 321, 263, 384, 278
-0.998579, 345, 247, 408, 262
-0.99858, 353, 133, 480, 164
-0.99858, 297, 115, 360, 130
-0.99858, 297, 305, 360, 320
-0.998581, 325, 89, 340, 120
-0.998581, 273, 329, 336, 344
-0.998582, 257, 347, 320, 362
-0.998582, 161, 113, 224, 128
-0.998583, 241, 211, 304, 226
-0.998585, 297, 123, 360, 138
-0.998585, 185, 97, 248, 112
-0.998586, 249, 75, 312, 90
-0.998586, 121, 335, 184, 350
-0.998586, 417, 195, 480, 210
-0.998586, 49, 235, 112, 250
-0.998587, 209, 157, 272, 172
-0.998588, 217, 151, 280, 166
-0.998588, 297, 299, 360, 314
-0.998588, 345, 241, 408, 256
-0.998589, 249, 353, 312, 368
-0.998589, 97, 231, 160, 246
-0.99859, 313, 323, 376, 338
-0.998591, 217, 257, 280, 272
-0.998592, 89, 243, 152, 258
-0.998594, 253, 151, 284, 166
-0.998594, 385, 197, 448, 212
-0.998595, 145, 131, 208, 146
-0.998595, 171, 345, 186, 375
-0.998596, 137, 257, 200, 272
-0.998596, 145, 265, 208, 280
-0.998596, 289, 131, 352, 146
-0.998597, 241, 359, 304, 374
-0.998597, 329, 257, 392, 272
-0.998597, 313, 133, 376, 148
-0.998598, 177, 145, 240, 160
-0.998599, 177, 103, 240, 118
-0.998599, 413, 173, 428, 204
-0.9986, 305, 109, 368, 124
-0.9986, 353, 277, 416, 292
-0.9986, 289, 211, 352, 226
-0.9986, 425, 151, 488, 166
-0.9986, 129, 155, 192, 170
-0.9986, 393, 223, 456, 238
-0.9986, 297, 341, 360, 356
-0.998601, 361, 261, 424, 276
-0.998601, 265, 337, 328, 352
-0.998601, 393, 183, 456, 198
-0.998601, 289, 205, 352, 220
-0.998601, 169, 255, 232, 270
-0.998601, 289, 193, 352, 208
-0.998601, 113, 329, 176, 344
-0.998602, 309, 221, 324, 252
-0.998602, 65, 295, 128, 310
-0.998603, 269, 145, 300, 160
-0.998603, 417, 129, 448, 375
-0.998604, 201, 361, 264, 375
-0.998604, 329, 303, 392, 318
-0.998604, 369, 213, 432, 228
-0.998605, 209, 83, 272, 98
-0.998605, 289, 347, 352, 362
-0.998605, 361, 267, 424, 282
-0.998605, 377, 249, 440, 264
-0.998606, 353, 235, 416, 250
-0.998606, 137, 147, 200, 162
-0.998606, 233, 199, 296, 214
-0.998607, 97, 299, 160, 314
-0.998607, 175, 109, 190, 140
-0.998607, 313, 165, 376, 180
-0.998608, 361, 225, 424, 240
-0.998608, 321, 317, 384, 332
-0.998608, 305, 331, 368, 346
-0.998608, 241, 251, 304, 266
-0.998609, 337, 293, 400, 308
-0.99861, 289, 213, 304, 244
-0.99861, 165, 97, 196, 352
-0.99861, 137, 137, 200, 152
-0.99861, 201, 245, 264, 260
-0.998611, 409, 207, 472, 222
-0.998612, 321, 173, 384, 188
-0.998613, 273, 137, 336, 152
-0.998613, 121, 165, 184, 180
-0.998613, 345, 287, 408, 302
-0.998614, 89, 225, 152, 240
-0.998614, 151, 321, 166, 352
-0.998615, 121, 197, 184, 212
-0.998615, 121, 349, 184, 364
-0.998615, 201, 89, 264, 104
-0.998616, 305, 181, 368, 196
-0.998616, 233, 157, 296, 172
-0.998616, 329, 309, 392, 324
-0.998617, 129, 251, 192, 266
-0.998617, 385, 191, 448, 206
-0.998617, 369, 353, 432, 368
-0.998618, 89, 305, 152, 320
-0.998618, 257, 201, 320, 216
-0.998619, 281, 355, 344, 370
-0.998619, 121, 203, 184, 218
-0.998619, 425, 145, 488, 160
-0.998619, 337, 193, 400, 208
-0.99862, 381, 213, 396, 244
-0.99862, 153, 119, 216, 134
-0.99862, 113, 323, 176, 338
-0.998621, 321, 209, 384, 224
-0.998621, 289, 225, 352, 240
-0.998622, 177, 361, 240, 375
-0.998622, 57, 279, 120, 294
-0.998622, 129, 245, 192, 260
-0.998623, 417, 159, 480, 174
-0.998623, 129, 223, 192, 238
-0.998623, 265, 219, 328, 234
-0.998623, 409, 201, 472, 216
-0.998624, 393, 229, 456, 244
-0.998625, 241, 135, 304, 150
-0.998625, 251, 137, 266, 168
-0.998625, 185, 139, 248, 154
-0.998626, 233, 235, 296, 250
-0.998626, 57, 241, 120, 256
-0.998626, 217, 211, 280, 226
-0.99863, 337, 97, 352, 128
-0.998636, 153, 133, 168, 164
-0.998638, 33, 49, 96, 176
-0.998645, 253, 245, 268, 276
-0.998649, 393, 221, 408, 252
-0.998657, 333, 189, 348, 220
-0.998659, 353, 325, 480, 356
-0.998665, 237, 221, 252, 252
-0.998667, 175, 253, 190, 284
-0.998669, 431, 193, 446, 224
-0.998673, 5, 249, 20, 280
-0.998685, 373, 129, 404, 375
-0.998688, 1, 81, 256, 144
-0.998689, 333, 269, 348, 300
-0.998692, 273, 1, 304, 256
-0.998694, 149, 269, 164, 300
-0.998697, 17, 157, 144, 188
-0.998698, 437, 185, 452, 216
-0.998699, 343, 257, 358, 288
-0.9987, 351, 113, 366, 144
-0.998701, 187, 101, 202, 132
-0.998708, 125, 129, 156, 375
-0.99871, 41, 97, 72, 352
-0.998716, 195, 97, 210, 128
-0.998718, 1, 145, 128, 176
-0.998726, 383, 253, 398, 284
-0.998726, 81, 305, 208, 336
-0.998728, 141, 253, 156, 284
-0.998728, 305, 193, 320, 224
-0.99873, 355, 249, 370, 280
-0.998733, 255, 161, 270, 192
-0.998733, 327, 209, 342, 240
-0.998733, 325, 101, 340, 132
-0.998733, 427, 157, 442, 188
-0.998734, 109, 129, 140, 375
-0.998734, 213, 85, 228, 116
-0.998736, 465, 129, 496, 375
-0.998736, 393, 197, 408, 228
-0.998736, 101, 281, 116, 312
-0.998739, 405, 181, 420, 212
-0.998741, 257, 137, 272, 168
-0.998745, 321, 325, 336, 356
-0.998745, 327, 193, 342, 224
-0.998754, 415, 193, 430, 224
-0.998756, 447, 141, 462, 172
-0.998759, 317, 85, 332, 116
-0.998763, 201, 93, 216, 124
-0.998767, 89, 229, 104, 260
-0.998769, 369, 269, 384, 300
-0.998774, 125, 201, 140, 232
-0.998777, 317, 33, 348, 288
-0.998777, 239, 241, 254, 272
-0.998778, 289, 189, 304, 220
-0.99878, 339, 197, 354, 228
-0.99878, 127, 213, 142, 244
-0.99878, 307, 209, 322, 240
-0.998787, 257, 233, 272, 264
-0.998787, 267, 173, 282, 204
-0.998788, 361, 261, 376, 292
-0.998791, 377, 261, 392, 292
-0.998791, 29, 97, 60, 352
-0.998793, 357, 153, 372, 184
-0.998795, 233, 201, 248, 232
-0.998797, 315, 333, 330, 364
-0.998803, 403, 229, 418, 260
-0.998804, 389, 245, 404, 276
-0.998805, 341, 305, 356, 336
-0.998809, 133, 237, 148, 268
-0.998809, 345, 169, 360, 200
-0.99881, 363, 197, 378, 228
-0.998814, 267, 205, 282, 236
-0.998818, 347, 297, 362, 328
-0.998826, 309, 81, 324, 112
-0.998828, 65, 129, 96, 375
-0.998832, 273, 193, 288, 224
-0.998833, 441, 145, 456, 176
-0.998833, 295, 229, 310, 260
-0.998834, 433, 149, 448, 180
-0.99884, 331, 105, 346, 136
-0.998841, 311, 113, 326, 144
-0.998842, 363, 277, 378, 308
-0.998845, 301, 125, 316, 156
-0.998845, 265, 237, 280, 268
-0.998846, 95, 265, 110, 296
-0.998849, 243, 229, 258, 260
-0.998849, 319, 105, 334, 136
-0.998874, 237, 1, 268, 256
-0.998887, 89, 129, 120, 375
-0.998893, 369, 157, 496, 188
-0.99891, 13, 1, 44, 256
-0.998924, 143, 241, 158, 368
-0.998936, 317, 33, 348, 160
-0.998939, 241, 89, 368, 120
-0.998944, 293, 1, 324, 256
-0.998955, 289, 137, 416, 168
-0.998962, 49, 121, 176, 152
-0.998964, 129, 273, 256, 304
-0.99898, 409, 65, 472, 192
-0.998986, 17, 97, 48, 352
-0.999017, 305, 33, 336, 288
-0.999019, 249, 1, 280, 256
-0.999025, 433, 225, 464, 352
-0.999044, 469, 1, 500, 256
-0.999098, 251, 129, 266, 256
-0.999112, 257, 129, 272, 256
-0.999141, 265, 225, 296, 352
-0.999144, 265, 129, 280, 256
-0.999172, 257, 73, 384, 104
-0.999197, 305, 153, 432, 184
-0.999202, 145, 85, 272, 116
-0.999208, 189, 1, 220, 256
-0.999224, 225, 1, 256, 256
-0.999226, 413, 33, 444, 288
-0.999247, 137, 225, 152, 352
-0.999249, 193, 65, 448, 128
-0.999254, 165, 1, 196, 256
-0.999254, 351, 241, 366, 368
-0.99927, 365, 33, 396, 288
-0.999276, 201, 1, 232, 256
-0.999295, 329, 33, 360, 288
-0.999309, 17, 33, 48, 160
-0.999311, 311, 97, 326, 224
-0.999349, 149, 241, 164, 368
-0.999359, 139, 129, 154, 256
-0.999363, 401, 33, 432, 288
-0.999372, 469, 17, 500, 144
-0.999382, 425, 33, 456, 288
-0.999392, 391, 193, 406, 320
-0.999395, 213, 1, 244, 256
-0.999398, 363, 225, 378, 352
-0.999402, 445, 33, 476, 288
-0.999408, 369, 169, 496, 200
-0.999411, 271, 129, 286, 256
-0.999426, 65, 33, 96, 288
-0.999429, 289, 85, 416, 116
-0.999471, 193, 289, 320, 320
-0.999472, 137, 33, 168, 288
-0.999473, 251, 65, 266, 192
-0.999474, 305, 97, 432, 128
-0.999478, 25, 1, 56, 256
-0.999485, 429, 177, 444, 304
-0.999493, 303, 177, 318, 304
-0.999493, 405, 177, 420, 304
-0.999494, 375, 241, 390, 368
-0.999505, 305, 97, 320, 224
-0.999509, 317, 81, 332, 208
-0.999512, 245, 145, 260, 272
-0.999513, 231, 193, 246, 320
-0.999518, 273, 61, 400, 92
-0.999522, 163, 97, 178, 224
-0.999523, 309, 177, 324, 304
-0.999533, 41, 1, 72, 256
-0.999539, 341, 241, 356, 368
-0.999543, 1, 89, 500, 152
-0.999546, 237, 209, 252, 336
-0.999547, 295, 177, 310, 304
-0.999548, 357, 169, 372, 184
-0.999548, 363, 263, 378, 278
-0.999549, 429, 199, 444, 214
-0.999549, 351, 199, 366, 214
-0.99955, 329, 199, 344, 214
-0.99955, 283, 215, 298, 230
-0.99955, 327, 91, 342, 106
-0.999551, 435, 175, 450, 190
-0.999551, 335, 203, 350, 218
-0.999551, 271, 241, 286, 256
-0.999552, 157, 129, 172, 144
-0.999552, 141, 313, 156, 328
-0.999552, 445, 313, 460, 328
-0.999553, 391, 229, 406, 244
-0.999553, 429, 159, 444, 174
-0.999553, 419, 161, 434, 288
-0.999553, 479, 77, 494, 92
-0.999553, 205, 93, 220, 108
-0.999554, 333, 275, 348, 290
-0.999554, 307, 81, 322, 96
-0.999554, 291, 235, 306, 250
-0.999554, 319, 291, 334, 306
-0.999555, 309, 303, 324, 318
-0.999555, 265, 247, 280, 262
-0.999556, 273, 213, 288, 228
-0.999557, 141, 261, 156, 276
-0.999557, 257, 179, 272, 194
-0.999557, 161, 241, 176, 368
-0.999557, 295, 211, 310, 226
-0.999557, 409, 343, 424, 358
-0.999557, 277, 339, 292, 354
-0.999558, 313, 83, 328, 98
-0.999558, 301, 77, 316, 92
-0.999559, 231, 223, 246, 238
-0.999559, 319, 87, 334, 102
-0.99956, 365, 199, 380, 214
-0.99956, 333, 101, 348, 116
-0.99956, 421, 251, 436, 266
-0.999561, 295, 221, 310, 236
-0.999562, 79, 295, 94, 310
-0.999562, 81, 289, 96, 304
-0.999562, 347, 171, 362, 186
-0.999562, 247, 157, 262, 172
-0.999564, 99, 243, 114, 258
-0.999564, 315, 297, 330, 312
-0.999564, 301, 199, 316, 214
-0.999565, 89, 283, 104, 298
-0.999565, 443, 145, 458, 160
-0.999565, 157, 331, 172, 346
-0.999565, 357, 195, 372, 210
-0.999565, 403, 219, 418, 234
-0.999566, 327, 213, 342, 228
-0.999566, 173, 351, 188, 366
-0.999566, 155, 241, 170, 368
-0.999567, 407, 209, 422, 224
-0.999567, 95, 283, 110, 298
-0.999567, 299, 231, 314, 246
-0.999567, 331, 193, 346, 208
-0.999568, 345, 261, 360, 276
-0.999568, 261, 145, 276, 160
-0.999568, 397, 223, 412, 238
-0.999568, 307, 215, 322, 230
-0.999569, 323, 285, 338, 300
-0.99957, 387, 235, 402, 250
-0.99957, 153, 135, 168, 150
-0.99957, 303, 221, 318, 236
-0.999571, 281, 199, 296, 214
-0.999571, 245, 143, 260, 158
-0.999572, 69, 293, 84, 308
-0.999572, 231, 255, 246, 270
-0.999572, 107, 283, 122, 298
-0.999573, 301, 315, 316, 330
-0.999573, 307, 309, 322, 324
-0.999573, 197, 97, 212, 112
-0.999574, 291, 197, 306, 212
-0.999575, 151, 271, 166, 286
-0.999575, 163, 121, 178, 136
-0.999576, 127, 217, 142, 232
-0.999577, 419, 195, 434, 210
-0.999577, 413, 207, 428, 222
-0.999578, 313, 223, 328, 238
-0.999578, 161, 337, 176, 352
-0.999578, 195, 361, 210, 375
-0.999578, 137, 307, 152, 322
-0.999578, 435, 149, 450, 164
-0.999578, 301, 205, 316, 220
-0.999579, 249, 247, 264, 262
-0.99958, 147, 143, 162, 158
-0.99958, 249, 151, 264, 166
-0.999582, 215, 87, 230, 102
-0.999582, 335, 269, 350, 284
-0.999583, 291, 227, 306, 242
-0.999584, 291, 327, 306, 342
-0.999584, 239, 251, 254, 266
-0.999584, 327, 279, 342, 294
-0.999584, 109, 295, 124, 310
-0.999585, 153, 1, 184, 256
-0.999586, 283, 335, 298, 350
-0.999588, 253, 361, 268, 375
-0.999588, 187, 103, 202, 118
-0.999588, 275, 345, 290, 360
-0.999589, 177, 111, 192, 126
-0.999589, 113, 289, 128, 304
-0.99959, 351, 253, 366, 268
-0.99959, 131, 301, 146, 316
-0.999592, 469, 241, 500, 368
-0.999592, 263, 151, 278, 166
-0.999595, 297, 321, 312, 336
-0.999596, 243, 257, 258, 272
-0.999598, 251, 145, 266, 160
-0.999599, 307, 227, 322, 242
-0.999599, 267, 207, 282, 222
-0.9996, 267, 351, 282, 366
-0.999601, 141, 151, 156, 166
-0.999601, 457, 33, 488, 288
-0.999602, 101, 281, 116, 296
-0.999605, 261, 357, 276, 372
-0.999607, 277, 129, 292, 256
-0.999608, 259, 249, 274, 264
-0.99961, 237, 257, 252, 272
-0.99961, 327, 241, 342, 368
-0.99961, 163, 343, 178, 358
-0.999612, 249, 255, 264, 270
-0.999613, 341, 199, 356, 214
-0.999613, 417, 201, 432, 216
-0.999615, 295, 205, 310, 220
-0.99962, 75, 289, 90, 304
-0.999622, 125, 295, 140, 310
-0.999624, 169, 115, 184, 130
-0.999625, 273, 207, 288, 222
-0.999635, 357, 225, 372, 352
-0.999635, 287, 207, 302, 222
-0.999636, 279, 205, 294, 220
-0.999639, 161, 181, 288, 212
-0.999641, 119, 291, 134, 306
-0.999645, 277, 143, 292, 158
-0.999646, 369, 225, 384, 352
-0.999655, 413, 193, 428, 320
-0.999656, 189, 361, 204, 375
-0.999664, 271, 147, 286, 162
-0.999666, 323, 81, 338, 208
-0.999666, 101, 225, 116, 352
-0.999666, 1, 263, 16, 278
-0.99967, 255, 151, 270, 166
-0.99967, 381, 209, 396, 336
-0.999671, 109, 193, 124, 320
-0.999683, 299, 97, 314, 224
-0.999683, 1, 57, 256, 120
-0.99969, 357, 177, 372, 304
-0.999692, 245, 81, 260, 208
-0.999699, 345, 1, 376, 256
-0.999699, 247, 193, 262, 320
-0.999705, 113, 33, 144, 288
-0.999706, 397, 177, 412, 304
-0.999706, 335, 241, 350, 368
-0.999707, 1, 305, 128, 368
-0.999707, 315, 241, 330, 368
-0.999722, 283, 129, 298, 256
-0.999725, 85, 33, 116, 288
-0.999729, 155, 113, 170, 240
-0.999744, 213, 65, 228, 192
-0.999745, 253, 209, 268, 336
-0.999746, 305, 49, 432, 112
-0.999747, 53, 33, 84, 288
-0.99975, 409, 17, 472, 144
-0.999752, 259, 65, 274, 192
-0.999755, 1, 1, 32, 256
-0.999759, 131, 193, 146, 320
-0.99976, 387, 241, 402, 368
-0.999763, 81, 105, 208, 136
-0.999764, 399, 225, 414, 352
-0.999769, 237, 145, 252, 272
-0.999775, 323, 193, 338, 320
-0.999783, 355, 97, 370, 224
-0.999797, 97, 93, 224, 124
-0.999798, 409, 81, 440, 208
-0.9998, 125, 1, 156, 256
-0.99982, 293, 129, 308, 256
-0.999823, 331, 193, 346, 320
-0.999827, 289, 177, 304, 304
-0.999832, 207, 81, 222, 208
-0.999833, 369, 53, 496, 84
-0.999833, 93, 225, 108, 352
-0.999836, 97, 177, 112, 304
-0.999853, 347, 161, 362, 288
-0.999874, 231, 129, 246, 256
-0.999879, 187, 81, 202, 208
-0.999882, 1, 125, 128, 156
-0.999886, 281, 193, 296, 320
-0.999897, 133, 145, 148, 272
-0.9999, 219, 65, 234, 192
-0.999905, 435, 177, 450, 304
-0.999907, 449, 161, 464, 288
-0.999912, 259, 209, 274, 336
-0.999913, 369, 121, 496, 152
-0.999917, 85, 209, 100, 336
-0.999921, 389, 1, 420, 256
-0.999922, 275, 177, 290, 304
-0.999923, 117, 225, 132, 352
-0.999925, 481, 49, 496, 176
-0.999928, 421, 113, 436, 240
-0.999928, 185, 129, 216, 256
-0.999929, 365, 145, 380, 272
-0.999932, 169, 97, 184, 224
-0.999934, 317, 193, 332, 320
-0.999938, 7, 193, 22, 320
-0.999941, 189, 241, 204, 368
-0.999941, 339, 161, 354, 288
-0.999945, 265, 81, 280, 208
-0.999954, 17, 93, 144, 124
-0.999966, 375, 193, 390, 320
-0.999968, 317, 129, 332, 256
-0.999973, 183, 241, 198, 368
-0.999974, 167, 241, 182, 368
-0.999976, 1, 225, 16, 352
-0.999976, 149, 113, 164, 240
-0.99998, 305, 73, 432, 104
-0.999983, 411, 129, 426, 256
-0.99999, 443, 145, 458, 272
-0.999995, 271, 81, 286, 208
-1.00001, 129, 73, 256, 104
-1.00002, 225, 113, 240, 240
-1.00002, 225, 193, 240, 320
-1.00003, 107, 241, 122, 368
-1.00003, 175, 241, 190, 368
-1.00003, 239, 81, 254, 208
-1.00003, 377, 1, 408, 256
-1.00004, 75, 225, 90, 352
-1.00004, 125, 241, 140, 368
-1.00004, 181, 97, 196, 224
-1.00004, 307, 49, 322, 176
-1.00005, 103, 177, 118, 304
-1.00005, 459, 241, 474, 368
-1.00005, 303, 225, 318, 352
-1.00006, 321, 241, 336, 368
-1.00006, 33, 109, 160, 140
-1.00007, 89, 161, 104, 288
-1.00007, 193, 81, 208, 208
-1.00008, 405, 129, 420, 256
-1.00008, 451, 225, 466, 352
-1.00009, 201, 81, 216, 208
-1.00009, 175, 97, 190, 224
-1.0001, 49, 177, 64, 304
-1.0001, 485, 97, 500, 224
-1.00011, 265, 177, 280, 304
-1.00013, 443, 209, 458, 336
-1.00013, 67, 193, 82, 320
-1.00014, 397, 129, 412, 256
-1.00014, 55, 113, 70, 240
-1.00014, 289, 225, 304, 352
-1.00015, 15, 193, 30, 320
-1.00015, 1, 177, 16, 304
-1.00015, 35, 161, 50, 288
-1.00016, 83, 161, 98, 288
-1.00016, 341, 113, 356, 240
-1.00016, 199, 241, 214, 368
-1.00016, 43, 161, 58, 288
-1.00016, 169, 193, 184, 320
-1.00016, 365, 97, 380, 224
-1.00016, 61, 209, 76, 336
-1.00017, 1, 61, 128, 92
-1.00017, 431, 129, 446, 256
-1.00025, 5, 97, 36, 224
-1.00027, 33, 225, 64, 352
-1.00029, 97, 1, 128, 256
-1.00036, 377, 97, 408, 224
-1.00054, 97, 33, 160, 160
-1.00059, 257, 9, 500, 72
-1.00063, 1, 17, 128, 80
-1.00067, 97, 89, 224, 152
-1.00074, 257, 41, 500, 104
-1.00087, 369, 17, 496, 80
-1.00092, 97, 65, 352, 128
-1.00096, 129, 1, 192, 128
-1.00098, 1, 89, 128, 152
-1.00103, 113, 57, 240, 120
-1.0012, 125, 129, 156, 256
-1.00121, 229, 33, 260, 160
-1.00122, 1, 9, 256, 72
-1.00127, 145, 1, 272, 128
-1.00154, 129, 41, 384, 104
-1.00155, 5, 1, 36, 128
-1.00157, 1, 33, 256, 96
-1.00171, 1, 65, 500, 128
-1.00178, 369, 41, 496, 104
-1.00186, 161, 17, 416, 80
-1.0019, 389, 65, 420, 192
-1.00191, 165, 49, 196, 176
-1.00191, 57, 49, 120, 176
-1.002, 1, 1, 500, 64
-1.00208, 369, 65, 496, 128
-1.00236, 209, 17, 336, 80
-1.0024, 65, 65, 192, 128
-1.00259, 89, 113, 120, 240
-1.00261, 369, 89, 496, 152
-1.00262, 293, 17, 324, 144
-1.00267, 193, 33, 224, 160
-1.00273, 73, 1, 136, 128
-1.00278, 213, 17, 244, 144
-1.00278, 457, 49, 488, 176
-1.00279, 161, 49, 288, 112
-1.00287, 77, 97, 108, 224
-1.00288, 353, 33, 384, 160
-1.00288, 453, 113, 484, 240
-1.00297, 17, 65, 144, 128
-1.00299, 305, 1, 432, 64
-1.00304, 429, 81, 460, 208
-1.00309, 49, 65, 80, 192
-1.00337, 257, 25, 384, 88
-1.00338, 61, 81, 92, 208
-1.00365, 341, 17, 372, 144
-1.00369, 161, 25, 288, 88
-1.00389, 1, 25, 500, 88
-1.00392, 257, 1, 384, 64
-1.00504, 305, 25, 432, 88
-1.0056, 113, 33, 240, 96
-1.00575, 161, 1, 288, 64
-1.006, 49, 1, 176, 64
-1.00621, 49, 1, 112, 128
-1.00633, 49, 41, 176, 104
-1.00684, 97, 9, 224, 72
