1951
-0.0926583, 1, 1, 500, 375
-0.308333, 1, 1, 500, 256
-0.33031, 1, 129, 500, 375
-0.362822, 193, 1, 448, 375
-0.426353, 97, 1, 352, 375
-0.464758, 1, 1, 256, 375
-0.57396, 193, 1, 448, 256
-0.616629, 1, 65, 256, 320
-0.666916, 193, 97, 448, 352
-0.679424, 97, 1, 352, 256
-0.733312, 97, 97, 352, 352
-0.817007, 289, 1, 416, 375
-0.843695, 289, 1, 416, 256
-0.847925, 241, 1, 368, 375
-0.85161, 1, 209, 500, 336
-0.856901, 369, 33, 496, 288
-0.857611, 113, 1, 240, 375
-0.863675, 65, 1, 192, 375
-0.866974, 289, 97, 416, 352
-0.871164, 1, 113, 500, 240
-0.871884, 241, 1, 368, 256
-0.872666, 65, 129, 192, 375
-0.873981, 177, 1, 304, 375
-0.879356, 369, 1, 496, 375
-0.879992, 1, 1, 128, 375
-0.886085, 1, 49, 500, 176
-0.892264, 113, 33, 240, 288
-0.893081, 1, 33, 128, 288
-0.894159, 65, 33, 192, 288
-0.897699, 1, 161, 500, 288
-0.897797, 161, 209, 416, 336
-0.900501, 161, 97, 288, 352
-0.900871, 177, 1, 304, 256
-0.9086, 33, 209, 288, 336
-0.910308, 209, 129, 336, 375
-0.918379, 225, 17, 480, 144
-0.921641, 1, 97, 256, 224
-0.921727, 353, 129, 480, 375
-0.9228, 1, 1, 500, 128
-0.926837, 257, 209, 500, 336
-0.928394, 273, 209, 400, 336
-0.930073, 17, 129, 144, 375
-0.931478, 225, 81, 480, 208
-0.931877, 353, 17, 480, 144
-0.932369, 209, 209, 336, 336
-0.935116, 129, 33, 384, 160
-0.937518, 81, 209, 208, 336
-0.938119, 353, 65, 480, 192
-0.938271, 145, 209, 272, 336
-0.939777, 401, 17, 464, 144
-0.939981, 313, 209, 376, 336
-0.940167, 329, 49, 392, 176
-0.940927, 273, 209, 336, 336
-0.941084, 345, 193, 408, 320
-0.941094, 289, 17, 416, 144
-0.941903, 113, 129, 240, 375
-0.941989, 169, 209, 232, 336
-0.942065, 193, 161, 448, 288
-0.943164, 249, 209, 312, 336
-0.944385, 1, 49, 256, 176
-0.946414, 369, 177, 432, 304
-0.946765, 129, 209, 192, 336
-0.950137, 201, 225, 264, 352
-0.950285, 65, 193, 128, 320
-0.950437, 1, 81, 128, 208
-0.951303, 321, 241, 448, 368
-0.951429, 225, 209, 288, 336
-0.951778, 1, 145, 256, 272
-0.952051, 345, 241, 408, 368
-0.952073, 305, 17, 368, 144
-0.952862, 97, 97, 352, 224
-0.953223, 321, 177, 448, 304
-0.953641, 81, 81, 144, 208
-0.953771, 289, 81, 416, 208
-0.954238, 97, 209, 160, 336
-0.954383, 33, 193, 160, 320
-0.95454, 361, 65, 424, 192
-0.954693, 161, 225, 224, 288
-0.95716, 241, 33, 368, 160
-0.957188, 97, 161, 352, 288
-0.958298, 361, 17, 424, 144
-0.958343, 49, 81, 176, 208
-0.958493, 409, 65, 472, 192
-0.958674, 289, 129, 416, 256
-0.959324, 401, 25, 464, 88
-0.959436, 49, 65, 112, 192
-0.959508, 89, 81, 152, 144
-0.959609, 57, 241, 120, 368
-0.959933, 329, 209, 392, 272
-0.960246, 385, 65, 448, 192
-0.960578, 313, 249, 376, 312
-0.960599, 65, 201, 128, 264
-0.96069, 337, 97, 400, 224
-0.961165, 321, 33, 384, 96
-0.961418, 337, 1, 400, 128
-0.96157, 49, 81, 112, 144
-0.961621, 289, 217, 352, 280
-0.961865, 353, 89, 416, 152
-0.962105, 97, 49, 224, 176
-0.962799, 129, 225, 192, 288
-0.962956, 361, 201, 424, 264
-0.963031, 409, 81, 472, 144
-0.963256, 265, 225, 328, 288
-0.963305, 1, 129, 128, 256
-0.963621, 369, 225, 432, 352
-0.963672, 305, 65, 368, 192
-0.96385, 361, 57, 424, 120
-0.963904, 361, 113, 424, 240
-0.96401, 369, 177, 496, 304
-0.964152, 33, 241, 160, 368
-0.96428, 337, 241, 400, 304
-0.96511, 233, 233, 296, 296
-0.965501, 329, 73, 392, 136
-0.965626, 273, 161, 336, 288
-0.965996, 305, 9, 368, 72
-0.966299, 1, 81, 128, 144
-0.966486, 241, 161, 368, 288
-0.966571, 281, 257, 344, 320
-0.966574, 89, 249, 152, 312
-0.966904, 105, 217, 168, 280
-0.966943, 201, 233, 264, 296
-0.967449, 121, 49, 184, 176
-0.967644, 225, 273, 288, 336
-0.96775, 65, 249, 128, 312
-0.968204, 361, 225, 424, 288
-0.968209, 65, 129, 192, 256
-0.968216, 185, 273, 248, 336
-0.968373, 17, 33, 144, 160
-0.968396, 337, 81, 464, 144
-0.968426, 321, 161, 384, 288
-0.96851, 321, 97, 384, 160
-0.968597, 81, 249, 208, 312
-0.96894, 257, 273, 320, 336
-0.969184, 161, 265, 224, 328
-0.969272, 353, 33, 384, 160
-0.969536, 273, 33, 336, 160
-0.97015, 113, 73, 176, 136
-0.970152, 425, 1, 488, 128
-0.970183, 289, 25, 416, 88
-0.970196, 361, 177, 424, 240
-0.970211, 145, 225, 272, 288
-0.970377, 409, 57, 472, 120
-0.970626, 65, 225, 128, 288
-0.970651, 353, 129, 480, 256
-0.970759, 65, 225, 192, 288
-0.970835, 305, 241, 432, 304
-0.970859, 321, 209, 352, 336
-0.970954, 121, 249, 184, 312
-0.971245, 297, 161, 360, 288
-0.971642, 289, 33, 352, 96
-0.971676, 97, 313, 160, 375
-0.971697, 361, 193, 392, 320
-0.97171, 353, 313, 416, 375
-0.971928, 385, 177, 448, 240
-0.972044, 401, 1, 464, 256
-0.972066, 353, 57, 480, 120
-0.972501, 305, 49, 432, 112
-0.972515, 321, 33, 384, 288
-0.972549, 433, 1, 464, 128
-0.972695, 305, 209, 336, 336
-0.972702, 89, 105, 152, 168
-0.972732, 341, 33, 372, 160
-0.972804, 345, 273, 408, 336
-0.972854, 73, 33, 136, 160
-0.97292, 81, 129, 144, 256
-0.972952, 233, 225, 264, 352
-0.973277, 305, 217, 432, 280
-0.973318, 209, 225, 336, 288
-0.973351, 281, 209, 312, 336
-0.973405, 161, 209, 192, 336
-0.973449, 353, 33, 480, 96
-0.973487, 305, 73, 368, 136
-0.973586, 17, 81, 80, 208
-0.973706, 113, 97, 176, 224
-0.97389, 345, 65, 408, 320
-0.973956, 257, 225, 384, 288
-0.974021, 361, 9, 424, 72
-0.974335, 257, 249, 320, 312
-0.974362, 393, 209, 456, 336
-0.974365, 113, 113, 240, 240
-0.974515, 185, 209, 216, 336
-0.974599, 1, 1, 256, 128
-0.974711, 433, 81, 496, 208
-0.974786, 49, 145, 112, 272
-0.974859, 321, 313, 384, 375
-0.97496, 297, 313, 360, 375
-0.975025, 201, 177, 264, 304
-0.975039, 393, 177, 424, 304
-0.975173, 81, 57, 144, 120
-0.975211, 257, 209, 288, 336
-0.975233, 393, 129, 456, 256
-0.975429, 173, 209, 204, 336
-0.975439, 177, 97, 304, 224
-0.975491, 81, 105, 208, 168
-0.975622, 153, 97, 216, 224
-0.97565, 257, 257, 384, 320
-0.975747, 321, 281, 384, 344
-0.975753, 349, 193, 380, 320
-0.975911, 353, 89, 384, 152
-0.976161, 161, 161, 288, 288
-0.976184, 377, 177, 408, 304
-0.976231, 369, 249, 432, 312
-0.976407, 17, 81, 80, 144
-0.976422, 369, 65, 432, 320
-0.976424, 385, 65, 448, 128
-0.976448, 293, 209, 324, 336
-0.976557, 269, 209, 300, 336
-0.976596, 101, 89, 132, 152
-0.97665, 241, 81, 368, 208
-0.976665, 161, 105, 224, 168
-0.976675, 33, 225, 96, 352
-0.976873, 413, 17, 444, 144
-0.977099, 221, 225, 252, 352
-0.977176, 109, 193, 140, 320
-0.977227, 317, 217, 348, 280
-0.977336, 245, 209, 276, 336
-0.977457, 121, 161, 184, 288
-0.977567, 209, 225, 240, 352
-0.977662, 209, 273, 336, 336
-0.977681, 161, 273, 288, 336
-0.97774, 81, 73, 208, 136
-0.977804, 297, 1, 360, 256
-0.977841, 385, 153, 448, 216
-0.97787, 353, 33, 416, 96
-0.977983, 305, 1, 432, 64
-0.978015, 369, 225, 496, 352
-0.978049, 57, 57, 120, 120
-0.978095, 41, 241, 104, 304
-0.978215, 241, 209, 304, 272
-0.978261, 65, 177, 128, 240
-0.978307, 201, 105, 264, 168
-0.978378, 273, 73, 400, 136
-0.978686, 89, 193, 152, 256
-0.978698, 121, 193, 152, 320
-0.978759, 73, 313, 136, 375
-0.97879, 353, 33, 384, 96
-0.978834, 385, 225, 448, 288
-0.979054, 1, 33, 64, 160
-0.979056, 333, 209, 364, 336
-0.979109, 417, 1, 480, 64
-0.979109, 137, 105, 200, 168
-0.979152, 377, 89, 440, 152
-0.979342, 49, 33, 112, 288
-0.979376, 257, 281, 384, 344
-0.979462, 169, 225, 200, 288
-0.979476, 297, 289, 360, 352
-0.979489, 361, 241, 392, 368
-0.979587, 89, 73, 120, 136
-0.979621, 237, 225, 268, 288
-0.979661, 329, 241, 360, 304
-0.979678, 313, 17, 344, 144
-0.979681, 25, 209, 88, 272
-0.979688, 329, 49, 360, 176
-0.979702, 373, 225, 404, 352
-0.979808, 329, 217, 360, 280
-0.97987, 197, 209, 228, 336
-0.979949, 41, 185, 104, 248
-0.979998, 93, 193, 124, 320
-0.980027, 65, 273, 128, 336
-0.980165, 305, 265, 432, 328
-0.980176, 345, 129, 408, 192
-0.98018, 65, 201, 192, 264
-0.980184, 365, 81, 396, 144
-0.980191, 241, 161, 304, 288
-0.980262, 309, 265, 340, 328
-0.980287, 81, 249, 112, 312
-0.980459, 349, 209, 380, 272
-0.980469, 349, 241, 380, 368
-0.980491, 161, 33, 288, 160
-0.980536, 225, 105, 288, 168
-0.980546, 81, 97, 112, 160
-0.980677, 393, 177, 424, 240
-0.980849, 181, 225, 212, 288
-0.980989, 149, 209, 180, 336
-0.98099, 413, 25, 444, 88
-0.98099, 113, 113, 176, 176
-0.980995, 113, 217, 144, 280
-0.981068, 81, 193, 112, 320
-0.981093, 113, 89, 144, 152
-0.981123, 157, 225, 188, 288
-0.981153, 273, 1, 336, 256
-0.981233, 257, 273, 288, 336
-0.98127, 269, 225, 300, 288
-0.981279, 373, 81, 404, 208
-0.981333, 257, 233, 288, 296
-0.981359, 73, 129, 136, 375
-0.981548, 433, 97, 496, 160
-0.981568, 417, 73, 448, 136
-0.981591, 57, 105, 120, 168
-0.981595, 341, 81, 372, 144
-0.981621, 121, 65, 152, 192
-0.981623, 433, 65, 496, 128
-0.981629, 201, 233, 232, 296
-0.98173, 97, 65, 160, 320
-0.981733, 393, 1, 456, 375
-0.981765, 321, 193, 448, 256
-0.981791, 393, 225, 424, 352
-0.98184, 285, 217, 316, 280
-0.981863, 361, 313, 392, 375
-0.981869, 177, 161, 240, 288
-0.981902, 373, 193, 404, 256
-0.982058, 257, 49, 384, 112
-0.982062, 421, 65, 452, 192
-0.982087, 109, 65, 140, 192
-0.982139, 297, 225, 328, 288
-0.98214, 273, 1, 336, 375
-0.982146, 353, 9, 480, 72
-0.982165, 305, 1, 368, 375
-0.982191, 333, 57, 364, 120
-0.98224, 113, 161, 240, 288
-0.982306, 289, 97, 416, 160
-0.982312, 145, 225, 176, 288
-0.982313, 225, 97, 288, 224
-0.982317, 397, 201, 428, 264
-0.98232, 217, 233, 248, 296
-0.982329, 125, 217, 156, 280
-0.982357, 25, 177, 88, 304
-0.98236, 381, 129, 412, 256
-0.982398, 265, 33, 328, 96
-0.982444, 273, 305, 336, 368
-0.982454, 65, 81, 96, 144
-0.982497, 105, 289, 168, 352
-0.982499, 177, 97, 240, 352
-0.982502, 17, 129, 80, 256
-0.982528, 281, 57, 344, 120
-0.982578, 361, 241, 392, 304
-0.982664, 361, 201, 392, 264
-0.982713, 217, 265, 248, 328
-0.982778, 177, 113, 240, 240
-0.9828, 329, 1, 392, 375
-0.982803, 9, 65, 72, 320
-0.982841, 69, 81, 100, 208
-0.982849, 169, 313, 232, 375
-0.982859, 425, 1, 488, 256
-0.982914, 93, 241, 124, 368
-0.982974, 205, 273, 236, 336
-0.982993, 133, 209, 164, 336
-0.983009, 281, 193, 344, 256
-0.983053, 77, 73, 108, 136
-0.983067, 389, 241, 420, 304
-0.983107, 93, 257, 124, 320
-0.983149, 293, 265, 324, 328
-0.983153, 313, 41, 344, 104
-0.983176, 217, 1, 280, 256
-0.983202, 377, 313, 440, 375
-0.983221, 329, 9, 392, 72
-0.983244, 409, 65, 440, 192
-0.983257, 153, 97, 216, 352
-0.983325, 429, 1, 460, 64
-0.983344, 49, 313, 112, 375
-0.983353, 177, 33, 240, 160
-0.983366, 101, 209, 132, 272
-0.983374, 69, 241, 100, 304
-0.983382, 161, 249, 192, 312
-0.983418, 349, 9, 380, 72
-0.983461, 73, 241, 104, 368
-0.983488, 129, 97, 192, 352
-0.983521, 249, 313, 312, 375
-0.983525, 173, 265, 204, 328
-0.983584, 273, 313, 400, 375
-0.983618, 145, 105, 272, 168
-0.98368, 145, 33, 208, 160
-0.983706, 437, 57, 468, 120
-0.983708, 301, 33, 332, 96
-0.983718, 401, 233, 432, 296
-0.983775, 233, 1, 296, 375
-0.983831, 97, 313, 128, 375
-0.98384, 237, 265, 268, 328
-0.983903, 397, 65, 428, 128
-0.983926, 201, 209, 264, 272
-0.983954, 409, 49, 440, 112
-0.983965, 201, 97, 264, 352
-0.984009, 373, 241, 404, 304
-0.984028, 393, 249, 456, 312
-0.984061, 361, 153, 424, 216
-0.984108, 269, 273, 300, 336
-0.984146, 225, 297, 288, 360
-0.984197, 321, 129, 384, 375
-0.984212, 401, 97, 464, 352
-0.984218, 137, 1, 200, 256
-0.984267, 369, 185, 496, 248
-0.984274, 289, 221, 352, 252
-0.984305, 137, 313, 200, 375
-0.984354, 241, 1, 304, 256
-0.984396, 369, 129, 400, 256
-0.98442, 193, 1, 256, 375
-0.984421, 273, 9, 336, 72
-0.984439, 361, 1, 424, 375
-0.984444, 385, 153, 416, 216
-0.984464, 305, 153, 432, 216
-0.984471, 97, 33, 160, 160
-0.984481, 317, 241, 348, 304
-0.984482, 13, 89, 44, 152
-0.984504, 97, 113, 128, 176
-0.98451, 129, 1, 192, 375
-0.984562, 89, 81, 120, 208
-0.984573, 241, 201, 368, 264
-0.984679, 17, 209, 144, 272
-0.984697, 69, 217, 100, 280
-0.984748, 85, 313, 116, 375
-0.984781, 121, 49, 184, 112
-0.984782, 341, 241, 372, 304
-0.984785, 105, 249, 136, 312
-0.98482, 369, 273, 432, 336
-0.984841, 397, 65, 428, 192
-0.984856, 321, 265, 352, 328
-0.984887, 9, 57, 72, 120
-0.984902, 333, 33, 364, 96
-0.984966, 433, 33, 464, 96
-0.984989, 437, 81, 468, 144
-0.985015, 321, 65, 352, 128
-0.985035, 185, 273, 216, 336
-0.985039, 81, 305, 208, 368
-0.985131, 129, 289, 192, 352
-0.985139, 349, 81, 380, 208
-0.985185, 193, 1, 256, 256
-0.985303, 89, 201, 120, 264
-0.985312, 73, 33, 136, 288
-0.985355, 349, 313, 380, 375
-0.985416, 233, 97, 296, 352
-0.985431, 161, 105, 192, 168
-0.985434, 325, 313, 356, 375
-0.985435, 153, 1, 216, 375
-0.985454, 373, 57, 404, 120
-0.985519, 105, 241, 136, 368
-0.985564, 341, 105, 372, 168
-0.985621, 73, 185, 104, 248
-0.985647, 109, 313, 140, 375
-0.985648, 369, 273, 400, 336
-0.985678, 153, 161, 216, 288
-0.985687, 377, 89, 408, 152
-0.9857, 249, 97, 312, 224
-0.98571, 313, 17, 344, 80
-0.985727, 361, 9, 392, 72
-0.985742, 385, 201, 448, 264
-0.985757, 241, 25, 368, 88
-0.985861, 125, 65, 156, 128
-0.98589, 353, 273, 384, 336
-0.985902, 385, 129, 448, 192
-0.985938, 33, 257, 160, 320
-0.985951, 193, 249, 320, 312
-0.985987, 417, 1, 480, 375
-0.986003, 33, 57, 96, 120
-0.986006, 77, 273, 108, 336
-0.986019, 361, 81, 392, 208
-0.986048, 341, 281, 372, 344
-0.986076, 1, 177, 128, 240
-0.986096, 373, 137, 404, 200
-0.986118, 185, 249, 216, 312
-0.986133, 281, 265, 312, 328
-0.986148, 409, 193, 472, 256
-0.986169, 373, 313, 404, 375
-0.986178, 169, 1, 232, 256
-0.986259, 381, 217, 412, 280
-0.986265, 345, 57, 376, 120
-0.986266, 233, 33, 296, 160
-0.986299, 81, 225, 112, 288
-0.986311, 1, 233, 128, 296
-0.986336, 97, 1, 160, 375
-0.986357, 129, 249, 256, 312
-0.986395, 153, 229, 216, 260
-0.986418, 297, 97, 360, 352
-0.986449, 1, 57, 128, 120
-0.986502, 201, 33, 264, 160
-0.98652, 421, 49, 452, 112
-0.986549, 377, 33, 440, 96
-0.986561, 389, 265, 420, 328
-0.98658, 385, 81, 416, 208
-0.986625, 1, 233, 500, 296
-0.986667, 409, 85, 472, 116
-0.986716, 149, 249, 180, 312
-0.986772, 249, 209, 280, 272
-0.986791, 305, 41, 368, 72
-0.986844, 53, 81, 84, 144
-0.986913, 453, 89, 484, 152
-0.986927, 405, 177, 436, 240
-0.986964, 49, 281, 176, 344
-0.987037, 113, 65, 144, 128
-0.987089, 353, 89, 416, 120
-0.987116, 405, 177, 436, 304
-0.987141, 353, 257, 480, 320
-0.987167, 305, 161, 336, 288
-0.987171, 117, 241, 148, 368
-0.987192, 209, 105, 240, 168
-0.987213, 57, 81, 88, 208
-0.98723, 221, 105, 252, 168
-0.987239, 409, 161, 472, 224
-0.98724, 57, 241, 88, 304
-0.987266, 121, 249, 152, 312
-0.987271, 121, 193, 184, 256
-0.987304, 177, 105, 208, 168
-0.987359, 389, 89, 420, 152
-0.98736, 145, 201, 208, 264
-0.987384, 201, 297, 264, 360
-0.987397, 397, 41, 428, 104
-0.987401, 233, 225, 296, 256
-0.987426, 345, 329, 408, 360
-0.987429, 233, 105, 264, 168
-0.987466, 417, 161, 480, 288
-0.987507, 365, 105, 396, 168
-0.987514, 73, 1, 136, 375
-0.987517, 357, 57, 388, 120
-0.987529, 305, 193, 368, 256
-0.987548, 133, 249, 164, 312
-0.987562, 353, 113, 384, 176
-0.987564, 149, 105, 180, 168
-0.987582, 313, 313, 344, 375
-0.987599, 249, 105, 312, 168
-0.987607, 1, 73, 32, 136
-0.987609, 209, 297, 336, 360
-0.98762, 325, 1, 356, 128
-0.987638, 369, 17, 400, 144
-0.98766, 305, 201, 336, 264
-0.987672, 329, 53, 392, 84
-0.987677, 201, 97, 264, 224
-0.987685, 289, 129, 416, 192
-0.98774, 193, 105, 320, 168
-0.987743, 129, 233, 384, 296
-0.98776, 457, 65, 488, 128
-0.987775, 329, 289, 360, 352
-0.987821, 49, 17, 112, 144
-0.987854, 41, 129, 104, 375
-0.987909, 17, 105, 144, 168
-0.987923, 305, 289, 336, 352
-0.98794, 25, 81, 56, 144
-0.987951, 337, 185, 400, 248
-0.987961, 193, 105, 224, 168
-0.987989, 93, 281, 124, 344
-0.987992, 397, 153, 428, 216
-0.988009, 329, 213, 392, 244
-0.988013, 93, 233, 124, 296
-0.988036, 81, 97, 144, 128
-0.988041, 161, 289, 224, 352
-0.988045, 113, 273, 240, 336
-0.988108, 73, 313, 104, 375
-0.988133, 281, 81, 344, 208
-0.988151, 25, 17, 88, 144
-0.988221, 225, 1, 352, 64
-0.988262, 321, 329, 384, 360
-0.988291, 345, 245, 408, 276
-0.988302, 97, 341, 160, 372
-0.988305, 369, 197, 432, 228
-0.98831, 73, 145, 104, 272
-0.988324, 437, 49, 468, 176
-0.988331, 17, 145, 80, 208
-0.988372, 273, 129, 336, 375
-0.98843, 301, 33, 332, 160
-0.988454, 129, 253, 192, 284
-0.988489, 49, 89, 112, 120
-0.988526, 401, 57, 464, 88
-0.988551, 393, 129, 424, 256
-0.988569, 1, 145, 128, 208
-0.988651, 257, 225, 320, 256
-0.988695, 41, 161, 104, 224
-0.988703, 305, 29, 368, 60
-0.988736, 321, 85, 384, 116
-0.988756, 361, 73, 424, 104
-0.988804, 289, 341, 352, 372
-0.98881, 257, 277, 320, 308
-0.988844, 81, 85, 144, 116
-0.988867, 409, 29, 472, 60
-0.989053, 73, 153, 136, 216
-0.989158, 313, 257, 376, 288
-0.989198, 65, 257, 320, 320
-0.989235, 133, 49, 164, 176
-0.989282, 329, 41, 392, 72
-0.989326, 289, 97, 352, 160
-0.98933, 317, 65, 348, 192
-0.989335, 329, 73, 392, 104
-0.98935, 25, 1, 88, 375
-0.989377, 369, 161, 496, 224
-0.989398, 105, 217, 168, 248
-0.989411, 9, 169, 72, 232
-0.989423, 409, 69, 472, 100
-0.989448, 89, 129, 120, 256
-0.989472, 193, 233, 256, 264
-0.989491, 49, 1, 112, 375
-0.9895, 289, 265, 352, 296
-0.989505, 81, 33, 112, 160
-0.989567, 405, 225, 436, 352
-0.989568, 313, 113, 376, 240
-0.989598, 297, 233, 360, 264
-0.989663, 401, 45, 464, 76
-0.989676, 329, 101, 392, 132
-0.989686, 321, 245, 384, 276
-0.989731, 333, 161, 364, 288
-0.989754, 121, 241, 184, 272
-0.989756, 369, 137, 496, 200
-0.989931, 129, 313, 256, 375
-0.990075, 321, 113, 384, 144
-0.990081, 177, 277, 240, 308
-0.990103, 285, 161, 316, 288
-0.990142, 361, 45, 424, 76
-0.990146, 113, 49, 240, 112
-0.990157, 161, 81, 224, 144
-0.990176, 1, 265, 500, 328
-0.990183, 281, 253, 344, 284
-0.990187, 241, 97, 368, 160
-0.990205, 321, 233, 384, 264
-0.990222, 225, 217, 480, 280
-0.990235, 65, 257, 128, 288
-0.990259, 273, 45, 336, 76
-0.990259, 65, 201, 128, 232
-0.990273, 49, 137, 112, 200
-0.990287, 41, 265, 104, 328
-0.990307, 225, 25, 480, 88
-0.990319, 369, 245, 432, 276
-0.99034, 409, 129, 440, 256
-0.990387, 345, 201, 408, 232
-0.990452, 369, 61, 432, 92
-0.990512, 233, 113, 296, 144
-0.990562, 313, 345, 376, 375
-0.990577, 121, 341, 184, 372
-0.990587, 321, 121, 384, 184
-0.990615, 57, 245, 120, 276
-0.990625, 81, 329, 144, 360
-0.990677, 33, 313, 160, 375
-0.990705, 393, 1, 456, 64
-0.990721, 225, 257, 480, 320
-0.990726, 169, 265, 232, 296
-0.990729, 169, 201, 232, 264
-0.990747, 449, 33, 480, 160
-0.990753, 385, 77, 448, 108
-0.990808, 129, 225, 192, 256
-0.99089, 177, 201, 304, 264
-0.990891, 25, 89, 88, 120
-0.990898, 97, 117, 160, 148
-0.990921, 129, 117, 192, 148
-0.990962, 1, 33, 32, 160
-0.991068, 105, 85, 168, 116
-0.991075, 265, 345, 328, 375
-0.991161, 33, 233, 288, 296
-0.991166, 433, 41, 496, 104
-0.991177, 1, 1, 64, 375
-0.991195, 13, 81, 44, 208
-0.991195, 153, 241, 216, 272
-0.991307, 353, 273, 416, 304
-0.99132, 161, 113, 224, 144
-0.991357, 161, 345, 224, 375
-0.99136, 1, 113, 500, 176
-0.991411, 233, 277, 296, 308
-0.991422, 209, 109, 272, 140
-0.991424, 81, 129, 144, 192
-0.99143, 113, 1, 240, 128
-0.991445, 353, 145, 384, 272
-0.991484, 85, 89, 116, 120
-0.99154, 385, 185, 448, 216
-0.991566, 361, 313, 424, 344
-0.991567, 81, 213, 144, 244
-0.991601, 213, 177, 244, 304
-0.991611, 225, 237, 288, 268
-0.991628, 1, 89, 64, 120
-0.991637, 409, 217, 472, 280
-0.991663, 361, 85, 392, 116
-0.991673, 101, 93, 132, 124
-0.991692, 321, 221, 352, 252
-0.991695, 209, 277, 272, 308
-0.99175, 185, 109, 248, 140
-0.991879, 1, 105, 64, 168
-0.991891, 61, 241, 92, 368
-0.991892, 1, 161, 500, 224
-0.9919, 201, 25, 264, 88
-0.991942, 225, 73, 352, 136
-0.991947, 69, 193, 100, 320
-0.991977, 1, 33, 64, 96
-0.992031, 365, 325, 396, 356
-0.992059, 353, 101, 416, 132
-0.99206, 341, 97, 372, 128
-0.992072, 369, 225, 432, 256
-0.992117, 321, 317, 384, 348
-0.992131, 1, 81, 32, 208
-0.992152, 97, 41, 352, 104
-0.992195, 217, 81, 280, 144
-0.992211, 161, 253, 224, 284
-0.99224, 353, 105, 480, 168
-0.992245, 353, 37, 384, 68
-0.992282, 353, 329, 384, 360
-0.992285, 337, 229, 368, 260
-0.992297, 297, 209, 360, 240
-0.992298, 353, 313, 480, 375
-0.992299, 305, 53, 432, 84
-0.992316, 57, 101, 120, 132
-0.992354, 361, 33, 424, 64
-0.992357, 385, 189, 416, 220
-0.992372, 341, 85, 372, 116
-0.992379, 409, 97, 472, 128
-0.992429, 65, 129, 192, 192
-0.992432, 361, 81, 376, 144
-0.992449, 333, 241, 364, 272
-0.992487, 65, 85, 96, 116
-0.992489, 361, 213, 424, 244
-0.992489, 97, 249, 160, 280
-0.992494, 209, 49, 336, 112
-0.992509, 41, 289, 104, 352
-0.992512, 393, 173, 456, 204
-0.992512, 417, 69, 448, 100
-0.992529, 149, 225, 180, 256
-0.99253, 341, 217, 372, 248
-0.992542, 297, 221, 328, 252
-0.992565, 85, 325, 116, 356
-0.992567, 229, 177, 260, 304
-0.992569, 185, 81, 248, 144
-0.992582, 281, 277, 344, 308
-0.992585, 401, 17, 432, 144
-0.992585, 89, 105, 120, 136
-0.992595, 161, 225, 192, 256
-0.992601, 353, 49, 384, 80
-0.992609, 1, 81, 500, 144
-0.992619, 81, 33, 144, 96
-0.99262, 107, 81, 122, 144
-0.992623, 405, 49, 436, 80
-0.992627, 353, 97, 384, 128
-0.992632, 57, 77, 120, 108
-0.992639, 305, 9, 368, 40
-0.992642, 305, 45, 336, 76
-0.992653, 421, 81, 452, 112
-0.992658, 53, 193, 84, 320
-0.992673, 257, 1, 500, 64
-0.992674, 257, 225, 288, 256
-0.992688, 317, 65, 348, 96
-0.9927, 377, 93, 440, 124
-0.992701, 101, 105, 132, 136
-0.992709, 297, 77, 360, 108
-0.992711, 265, 265, 328, 296
-0.992719, 101, 209, 132, 240
-0.992722, 333, 45, 364, 76
-0.992727, 169, 113, 200, 240
-0.992732, 433, 97, 496, 352
-0.992739, 81, 317, 144, 348
-0.992743, 137, 265, 200, 296
-0.992751, 257, 49, 500, 112
-0.99276, 89, 205, 120, 236
-0.99276, 293, 273, 324, 304
-0.992797, 345, 229, 408, 260
-0.992817, 417, 17, 480, 48
-0.992825, 81, 73, 144, 104
-0.992826, 333, 97, 364, 224
-0.992833, 365, 201, 396, 232
-0.99286, 377, 265, 440, 296
-0.992868, 341, 109, 372, 140
-0.99287, 65, 233, 128, 264
-0.992874, 13, 89, 44, 120
-0.992875, 241, 225, 272, 256
-0.992876, 241, 81, 304, 144
-0.992877, 449, 81, 480, 208
-0.99288, 1, 89, 128, 120
-0.992891, 305, 101, 368, 132
-0.992896, 385, 161, 448, 192
-0.992904, 113, 97, 144, 128
-0.992922, 329, 85, 360, 116
-0.992923, 309, 221, 340, 252
-0.992928, 341, 333, 372, 364
-0.99293, 257, 225, 384, 256
-0.992937, 73, 193, 104, 224
-0.992943, 425, 21, 456, 52
-0.992944, 313, 337, 344, 368
-0.992949, 377, 321, 408, 352
-0.992949, 125, 333, 156, 364
-0.992952, 125, 221, 156, 252
-0.992955, 97, 333, 128, 364
-0.992988, 397, 241, 428, 272
-0.992994, 329, 29, 392, 60
-0.992999, 369, 233, 496, 296
-0.993008, 241, 345, 304, 375
-0.993011, 433, 85, 464, 116
-0.993013, 221, 233, 252, 264
-0.993014, 101, 117, 132, 148
-0.993016, 333, 73, 364, 104
-0.99302, 1, 185, 500, 248
-0.993024, 285, 229, 316, 260
-0.993026, 309, 269, 340, 300
-0.993033, 325, 253, 356, 284
-0.993034, 353, 161, 416, 192
-0.993039, 153, 245, 184, 276
-0.993039, 397, 177, 428, 208
-0.993042, 305, 253, 432, 284
-0.993067, 193, 105, 448, 168
-0.993079, 305, 41, 432, 72
-0.99309, 337, 89, 464, 120
-0.993092, 201, 221, 264, 252
-0.993096, 181, 229, 212, 260
-0.993099, 389, 313, 420, 344
-0.993108, 341, 33, 372, 64
-0.99311, 373, 89, 404, 120
-0.99311, 281, 57, 344, 88
-0.993117, 305, 289, 432, 352
-0.993124, 113, 217, 144, 248
-0.993133, 209, 265, 272, 296
-0.993135, 273, 241, 336, 272
-0.993139, 257, 213, 320, 244
-0.993142, 1, 57, 500, 120
-0.993152, 137, 225, 168, 256
-0.993155, 333, 345, 364, 375
-0.993156, 313, 33, 344, 64
-0.993183, 281, 277, 312, 308
-0.993191, 129, 329, 192, 360
-0.993203, 185, 345, 248, 375
-0.993203, 237, 109, 268, 140
-0.993209, 353, 209, 384, 240
-0.993214, 193, 229, 224, 260
-0.993219, 337, 341, 400, 372
-0.993222, 65, 245, 96, 276
-0.99323, 205, 229, 236, 260
-0.993245, 365, 101, 396, 132
-0.993247, 141, 237, 172, 268
-0.993247, 113, 201, 240, 264
-0.993251, 377, 309, 408, 340
-0.993253, 349, 21, 380, 52
-0.993254, 153, 217, 216, 248
-0.993254, 269, 277, 300, 308
-0.993265, 57, 317, 120, 348
-0.993266, 173, 341, 204, 372
-0.993272, 97, 321, 128, 352
-0.993298, 393, 201, 424, 232
-0.993311, 369, 245, 400, 276
-0.993317, 109, 337, 140, 368
-0.993319, 321, 281, 384, 312
-0.993337, 145, 113, 176, 144
-0.99335, 65, 253, 192, 284
-0.993361, 25, 89, 56, 120
-0.993371, 257, 169, 384, 232
-0.993371, 57, 329, 120, 360
-0.99338, 105, 105, 168, 136
-0.993395, 161, 113, 192, 144
-0.993396, 313, 269, 376, 300
-0.993398, 137, 345, 168, 375
-0.993405, 273, 233, 304, 264
-0.993412, 289, 333, 416, 364
-0.993413, 193, 281, 448, 344
-0.993417, 353, 73, 480, 104
-0.993418, 367, 89, 382, 152
-0.993424, 1, 137, 500, 200
-0.993427, 281, 33, 344, 64
-0.99343, 433, 73, 464, 104
-0.993451, 177, 273, 208, 304
-0.993452, 77, 253, 108, 284
-0.993453, 181, 109, 212, 140
-0.993459, 249, 113, 280, 144
-0.993472, 25, 81, 56, 208
-0.993483, 33, 249, 96, 280
-0.993495, 193, 277, 224, 308
-0.993499, 1, 81, 256, 144
-0.9935, 113, 85, 144, 116
-0.993507, 353, 341, 384, 372
-0.993511, 133, 117, 164, 148
-0.993517, 73, 229, 104, 260
-0.99353, 401, 73, 432, 104
-0.993532, 73, 321, 104, 352
-0.993536, 385, 89, 416, 120
-0.99359, 257, 113, 320, 144
-0.993591, 133, 53, 164, 84
-0.993591, 165, 257, 196, 288
-0.993592, 377, 201, 408, 232
-0.993605, 385, 249, 416, 280
-0.993608, 193, 109, 224, 140
-0.993617, 357, 245, 388, 276
-0.993617, 317, 53, 348, 84
-0.993632, 153, 257, 184, 288
-0.993644, 413, 37, 444, 68
-0.993659, 205, 277, 236, 308
-0.993672, 53, 85, 84, 116
-0.993682, 301, 341, 332, 372
-0.993682, 1, 77, 32, 108
-0.993684, 269, 221, 300, 252
-0.993685, 97, 313, 352, 375
-0.993688, 105, 229, 168, 260
-0.993691, 209, 345, 272, 375
-0.993691, 153, 277, 216, 308
-0.993696, 417, 57, 448, 88
-0.993698, 105, 253, 136, 284
-0.993709, 241, 237, 272, 268
-0.993718, 293, 45, 324, 76
-0.99372, 273, 161, 304, 288
-0.993722, 321, 233, 352, 264
-0.993729, 345, 249, 376, 280
-0.993732, 257, 277, 288, 308
-0.993734, 161, 229, 288, 260
-0.99374, 437, 53, 468, 84
-0.993741, 101, 81, 132, 112
-0.993749, 125, 69, 156, 100
-0.993755, 405, 61, 436, 92
-0.99376, 433, 5, 464, 36
-0.993761, 89, 245, 120, 276
-0.993767, 221, 277, 252, 308
-0.993773, 453, 89, 484, 120
-0.993774, 313, 257, 344, 288
-0.993779, 329, 321, 360, 352
-0.993827, 1, 209, 256, 272
-0.993832, 65, 113, 320, 176
-0.99384, 171, 225, 186, 288
-0.993858, 241, 261, 304, 292
-0.993866, 81, 341, 208, 372
-0.993871, 353, 177, 416, 208
-0.993873, 281, 325, 344, 356
-0.993874, 361, 341, 424, 372
-0.993895, 163, 225, 178, 288
-0.993926, 249, 237, 312, 268
-0.993939, 185, 253, 248, 284
-0.993948, 401, 229, 464, 260
-0.994002, 341, 81, 356, 144
-0.994113, 329, 249, 344, 312
-0.994127, 353, 37, 480, 68
-0.994163, 331, 217, 346, 280
-0.994228, 117, 89, 132, 152
-0.994236, 355, 81, 370, 144
-0.994243, 145, 81, 272, 144
-0.994244, 273, 265, 400, 296
-0.994282, 323, 217, 338, 280
-0.994355, 1, 281, 128, 344
-0.994358, 129, 209, 384, 272
-0.994368, 97, 281, 352, 344
-0.994411, 337, 217, 352, 280
-0.994494, 185, 113, 216, 240
-0.994496, 353, 49, 480, 80
-0.994502, 81, 117, 208, 148
-0.994512, 123, 73, 138, 136
-0.994531, 225, 81, 480, 144
-0.994542, 17, 101, 144, 132
-0.994555, 305, 29, 432, 60
-0.994559, 1, 209, 500, 272
-0.994571, 315, 217, 330, 280
-0.994592, 399, 169, 414, 232
-0.994608, 1, 289, 500, 352
-0.994635, 137, 161, 168, 288
-0.994645, 95, 73, 110, 136
-0.994653, 257, 193, 500, 256
-0.994653, 317, 161, 348, 288
-0.994663, 65, 221, 192, 252
-0.994704, 307, 265, 322, 328
-0.994715, 209, 277, 336, 308
-0.994718, 323, 249, 338, 312
-0.99472, 101, 145, 132, 272
-0.99473, 141, 113, 172, 240
-0.994757, 97, 97, 112, 160
-0.994762, 257, 345, 384, 375
-0.99483, 45, 81, 76, 208
-0.994846, 413, 41, 428, 104
-0.994862, 373, 73, 388, 136
-0.994867, 367, 201, 382, 264
-0.994877, 305, 65, 432, 96
-0.994892, 1, 177, 64, 304
-0.994987, 305, 77, 432, 108
-0.995001, 129, 65, 144, 128
-0.995006, 65, 153, 192, 216
-0.995016, 95, 249, 110, 312
-0.995042, 407, 185, 422, 248
-0.995047, 353, 61, 480, 92
-0.995051, 65, 1, 192, 128
-0.995058, 305, 209, 432, 240
-0.995071, 121, 209, 136, 272
-0.995072, 177, 225, 192, 288
-0.995072, 257, 41, 384, 72
-0.995079, 353, 209, 368, 272
-0.995079, 197, 225, 212, 288
-0.995085, 73, 241, 88, 304
-0.9951, 411, 225, 426, 288
-0.995137, 145, 109, 272, 140
-0.995152, 193, 25, 320, 88
-0.995153, 157, 97, 188, 224
-0.995161, 157, 225, 172, 288
-0.995168, 347, 81, 362, 144
-0.995209, 305, 241, 432, 272
-0.995221, 257, 225, 272, 288
-0.995229, 411, 73, 426, 136
-0.995231, 187, 225, 202, 288
-0.995246, 77, 81, 92, 144
-0.995261, 181, 161, 212, 288
-0.995267, 209, 345, 336, 375
-0.99527, 167, 249, 182, 312
-0.995289, 207, 233, 222, 296
-0.995309, 103, 105, 118, 168
-0.995312, 129, 217, 144, 280
-0.995337, 245, 225, 260, 288
-0.995377, 89, 73, 104, 136
-0.995384, 209, 225, 336, 256
-0.995398, 273, 113, 400, 144
-0.9954, 1, 57, 256, 120
-0.995415, 275, 225, 290, 288
-0.995416, 91, 97, 106, 160
-0.99542, 313, 265, 328, 328
-0.995427, 211, 273, 226, 336
-0.995437, 69, 33, 100, 160
-0.995449, 291, 217, 306, 280
-0.995459, 125, 113, 156, 240
-0.99546, 225, 161, 480, 224
-0.995484, 65, 93, 192, 124
-0.995486, 241, 29, 368, 60
-0.995499, 363, 9, 378, 72
-0.995501, 315, 33, 330, 96
-0.995507, 363, 33, 378, 96
-0.995512, 101, 73, 116, 136
-0.995518, 431, 57, 446, 120
-0.995522, 179, 265, 194, 328
-0.995525, 303, 225, 318, 288
-0.995525, 361, 241, 376, 304
-0.995531, 353, 25, 480, 56
-0.995534, 161, 277, 288, 308
-0.995551, 261, 273, 276, 336
-0.995551, 219, 233, 234, 296
-0.995556, 103, 257, 118, 320
-0.995578, 161, 1, 416, 64
-0.99558, 213, 233, 228, 296
-0.995592, 85, 97, 100, 160
-0.995596, 145, 25, 272, 88
-0.995607, 269, 273, 284, 336
-0.995617, 113, 225, 240, 256
-0.995631, 253, 161, 284, 288
-0.995631, 309, 225, 324, 288
-0.995647, 395, 241, 410, 304
-0.995649, 333, 65, 348, 128
-0.995692, 161, 345, 288, 375
-0.995703, 347, 217, 362, 280
-0.995704, 49, 41, 176, 104
-0.995722, 361, 209, 376, 272
-0.995737, 89, 249, 104, 312
-0.995763, 237, 233, 252, 296
-0.995766, 265, 233, 280, 296
-0.995767, 105, 201, 120, 264
-0.995775, 145, 49, 176, 176
-0.995781, 221, 273, 236, 336
-0.9958, 419, 33, 434, 96
-0.995814, 381, 201, 396, 264
-0.995854, 17, 129, 48, 256
-0.995857, 393, 177, 408, 240
-0.995858, 367, 313, 382, 375
-0.995861, 65, 233, 192, 264
-0.995863, 173, 257, 188, 320
-0.995876, 369, 41, 384, 104
-0.99589, 305, 101, 432, 132
-0.995896, 81, 241, 96, 304
-0.995896, 377, 241, 392, 304
-0.995905, 225, 233, 240, 296
-0.995906, 161, 161, 192, 288
-0.995907, 403, 241, 418, 304
-0.995908, 351, 49, 366, 112
-0.995916, 257, 277, 384, 308
-0.995928, 113, 249, 240, 280
-0.99593, 389, 241, 404, 304
-0.995951, 161, 257, 288, 288
-0.995958, 257, 237, 384, 268
-0.99596, 373, 97, 388, 160
-0.995969, 33, 337, 160, 368
-0.995971, 281, 225, 296, 288
-0.995972, 335, 241, 350, 304
-0.995979, 275, 273, 290, 336
-0.995992, 227, 265, 242, 328
-0.995998, 251, 225, 266, 288
-0.996004, 91, 313, 106, 375
-0.996005, 407, 49, 422, 112
-0.99604, 349, 1, 380, 256
-0.996042, 353, 101, 480, 132
-0.996047, 367, 65, 382, 128
-0.996074, 205, 273, 220, 336
-0.996077, 113, 273, 240, 304
-0.996081, 81, 177, 96, 240
-0.996085, 33, 325, 160, 356
-0.996086, 109, 105, 124, 168
-0.996101, 369, 209, 496, 272
-0.996108, 143, 217, 158, 280
-0.99612, 97, 105, 224, 136
-0.996138, 305, 221, 432, 252
-0.996142, 361, 313, 376, 375
-0.996144, 225, 137, 480, 200
-0.996145, 1, 33, 500, 96
-0.996146, 225, 109, 352, 140
-0.996151, 305, 17, 432, 48
-0.996171, 425, 25, 440, 88
-0.996197, 327, 57, 342, 120
-0.996199, 135, 49, 150, 112
-0.996204, 337, 329, 464, 360
-0.996206, 375, 201, 390, 264
-0.996209, 289, 1, 416, 32
-0.996209, 445, 1, 460, 64
-0.996217, 289, 321, 416, 352
-0.996248, 231, 233, 246, 296
-0.99625, 137, 217, 152, 280
-0.996261, 369, 1, 384, 64
-0.996263, 67, 233, 82, 296
-0.996268, 355, 241, 370, 304
-0.996272, 17, 77, 144, 108
-0.996275, 113, 209, 128, 272
-0.996276, 225, 249, 352, 280
-0.996279, 237, 273, 252, 336
-0.996283, 301, 273, 316, 336
-0.996291, 405, 209, 420, 272
-0.996298, 377, 313, 392, 375
-0.996302, 5, 65, 20, 128
-0.996309, 357, 41, 372, 104
-0.996311, 369, 189, 496, 220
-0.996325, 425, 57, 440, 120
-0.996325, 89, 193, 104, 256
-0.996331, 209, 41, 336, 72
-0.996331, 417, 177, 448, 304
-0.996361, 255, 273, 270, 336
-0.996374, 225, 265, 352, 296
-0.996376, 387, 193, 402, 256
-0.996379, 83, 73, 98, 136
-0.996394, 113, 145, 144, 272
-0.996423, 1, 145, 256, 208
-0.996423, 345, 241, 360, 304
-0.996426, 297, 217, 312, 280
-0.996434, 109, 249, 124, 312
-0.99645, 69, 81, 84, 144
-0.996459, 185, 265, 200, 328
-0.996464, 305, 277, 432, 308
-0.996472, 49, 177, 176, 240
-0.996492, 371, 241, 386, 304
-0.996494, 413, 1, 444, 256
-0.996505, 247, 273, 262, 336
-0.99652, 257, 53, 384, 84
-0.996537, 389, 153, 404, 216
-0.996541, 361, 1, 392, 256
-0.99655, 79, 217, 94, 280
-0.996553, 81, 325, 208, 356
-0.996557, 49, 209, 176, 240
-0.996567, 383, 241, 398, 304
-0.996607, 173, 49, 204, 176
-0.99665, 257, 97, 384, 128
-0.996776, 321, 189, 448, 220
-0.996833, 353, 201, 480, 232
-0.996836, 357, 101, 372, 132
-0.996884, 353, 5, 480, 36
-0.996896, 97, 185, 352, 248
-0.996897, 113, 261, 240, 292
-0.996959, 305, 173, 432, 204
-0.996983, 361, 89, 376, 120
-0.996986, 257, 289, 384, 320
-0.996992, 257, 81, 384, 112
-0.996992, 161, 241, 288, 272
-0.997003, 193, 161, 224, 288
-0.997028, 107, 89, 122, 120
-0.997031, 257, 213, 384, 244
-0.997033, 65, 265, 192, 296
-0.997037, 65, 81, 192, 112
-0.997061, 337, 33, 368, 288
-0.997066, 381, 97, 412, 352
-0.997086, 353, 269, 480, 300
-0.997091, 241, 325, 368, 356
-0.997093, 1, 197, 128, 228
-0.997121, 257, 69, 384, 100
-0.99716, 329, 221, 344, 252
-0.997183, 105, 17, 136, 144
-0.997196, 57, 33, 88, 160
-0.997205, 329, 61, 344, 92
-0.997227, 111, 101, 126, 132
-0.997228, 321, 345, 448, 375
-0.997231, 335, 73, 350, 104
-0.99726, 1, 281, 256, 344
-0.997263, 353, 289, 480, 352
-0.997285, 197, 113, 228, 240
-0.997288, 339, 229, 354, 260
-0.997298, 87, 89, 102, 120
-0.997307, 353, 97, 384, 352
-0.997309, 157, 237, 172, 268
-0.997321, 129, 65, 384, 128
-0.997324, 305, 161, 432, 192
-0.997329, 351, 93, 366, 124
-0.997333, 101, 97, 116, 128
-0.997333, 381, 33, 412, 160
-0.997339, 129, 329, 256, 360
-0.99735, 343, 217, 358, 248
-0.997393, 367, 45, 382, 76
-0.997411, 17, 237, 144, 268
-0.997429, 317, 33, 348, 288
-0.997432, 1, 165, 128, 196
-0.997443, 193, 329, 320, 360
-0.997452, 107, 113, 122, 144
-0.997458, 77, 89, 92, 120
-0.99746, 129, 77, 144, 108
-0.997462, 407, 193, 422, 224
-0.997465, 193, 313, 448, 375
-0.997475, 113, 89, 128, 120
-0.997479, 401, 173, 416, 204
-0.997484, 369, 177, 496, 208
-0.997495, 397, 185, 412, 216
-0.997516, 319, 45, 334, 76
-0.997516, 119, 93, 134, 124
-0.99753, 1, 169, 256, 232
-0.997531, 335, 241, 350, 272
-0.997538, 129, 121, 256, 152
-0.997548, 99, 325, 114, 356
-0.997577, 397, 33, 428, 288
-0.9976, 369, 325, 384, 356
-0.9976, 257, 13, 384, 44
-0.997604, 17, 65, 144, 96
-0.997614, 345, 89, 360, 120
-0.997627, 429, 1, 460, 256
-0.997628, 313, 45, 328, 76
-0.997634, 73, 97, 104, 352
-0.997637, 161, 225, 176, 256
-0.99764, 93, 85, 108, 116
-0.997642, 397, 129, 428, 375
-0.997649, 117, 105, 132, 136
-0.997658, 97, 89, 352, 152
-0.997658, 151, 225, 166, 256
-0.99766, 369, 149, 496, 180
-0.997663, 357, 329, 372, 360
-0.997669, 73, 233, 88, 264
-0.997671, 371, 85, 386, 116
-0.997674, 209, 237, 336, 268
-0.997691, 413, 233, 428, 264
-0.997695, 379, 321, 394, 352
-0.997699, 95, 97, 110, 128
-0.997703, 307, 221, 322, 252
-0.997711, 363, 209, 378, 240
-0.997716, 369, 97, 400, 352
-0.997728, 339, 85, 354, 116
-0.99773, 163, 249, 178, 280
-0.997738, 369, 205, 384, 236
-0.99774, 315, 269, 330, 300
-0.99774, 249, 33, 280, 160
-0.997743, 161, 217, 288, 248
-0.997754, 433, 73, 448, 104
-0.997757, 337, 217, 352, 248
-0.997759, 373, 1, 404, 256
-0.997759, 93, 197, 108, 228
-0.997761, 125, 217, 140, 248
-0.997773, 193, 161, 320, 224
-0.997776, 1, 181, 128, 212
-0.99779, 265, 225, 280, 256
-0.997798, 253, 225, 268, 256
-0.9978, 91, 325, 106, 356
-0.997815, 355, 205, 370, 236
-0.997816, 1, 113, 128, 144
-0.997825, 81, 313, 208, 344
-0.997825, 469, 97, 500, 224
-0.997827, 1, 1, 32, 256
-0.99783, 295, 225, 310, 256
-0.99783, 87, 193, 102, 224
-0.997831, 229, 97, 260, 224
-0.997833, 369, 257, 496, 288
-0.997839, 85, 65, 116, 320
-0.997842, 49, 281, 176, 312
-0.997843, 107, 209, 122, 240
-0.99785, 101, 85, 116, 116
-0.997854, 167, 225, 182, 256
-0.997855, 81, 189, 96, 220
-0.997862, 117, 213, 132, 244
-0.997865, 323, 57, 338, 88
-0.997865, 197, 33, 228, 160
-0.997866, 177, 97, 208, 352
-0.997866, 385, 193, 400, 224
-0.99787, 1, 153, 128, 184
-0.997873, 361, 37, 376, 68
-0.997882, 247, 225, 262, 256
-0.997882, 323, 261, 338, 292
-0.997886, 53, 145, 84, 272
-0.997888, 391, 189, 406, 220
-0.997889, 353, 113, 480, 144
-0.997893, 123, 81, 138, 112
-0.997911, 299, 273, 314, 304
-0.997913, 203, 229, 218, 260
-0.997914, 411, 73, 426, 104
-0.997924, 383, 89, 398, 120
-0.997928, 375, 201, 390, 232
-0.99793, 161, 97, 192, 352
-0.997937, 423, 69, 438, 100
-0.997942, 411, 45, 426, 76
-0.997943, 133, 65, 148, 96
-0.997948, 329, 253, 344, 284
-0.997949, 95, 109, 110, 140
-0.997952, 75, 249, 90, 280
-0.997953, 61, 33, 92, 288
-0.997957, 323, 221, 338, 252
-0.997962, 273, 309, 400, 340
-0.997963, 337, 83, 368, 98
-0.997969, 351, 81, 366, 112
-0.997971, 353, 133, 480, 164
-0.997974, 113, 111, 144, 126
-0.997974, 301, 221, 316, 252
-0.997975, 113, 103, 144, 118
-0.997979, 89, 253, 120, 268
-0.997981, 351, 41, 366, 72
-0.997986, 185, 233, 216, 248
-0.997989, 265, 81, 296, 208
-0.997992, 391, 313, 406, 344
-0.997993, 109, 333, 124, 364
-0.997993, 351, 105, 366, 136
-0.997995, 273, 225, 304, 240
-0.997996, 363, 325, 378, 356
-0.998002, 129, 119, 160, 134
-0.998003, 233, 119, 264, 134
-0.998005, 341, 361, 372, 375
-0.998005, 317, 43, 348, 58
-0.998006, 121, 1, 184, 128
-0.998007, 309, 271, 340, 286
-0.998008, 169, 257, 184, 288
-0.99801, 325, 333, 340, 364
-0.998016, 433, 89, 464, 104
-0.998021, 69, 245, 84, 276
-0.998021, 101, 323, 132, 338
-0.998031, 231, 233, 246, 264
-0.998031, 333, 347, 364, 362
-0.998032, 365, 101, 380, 132
-0.998033, 25, 91, 56, 106
-0.998038, 229, 231, 260, 246
-0.998044, 349, 217, 364, 248
-0.998044, 117, 87, 148, 102
-0.998045, 241, 235, 272, 250
-0.99805, 153, 261, 184, 276
-0.998051, 257, 231, 288, 246
-0.998052, 197, 229, 212, 260
-0.998054, 49, 197, 176, 228
-0.998058, 15, 85, 30, 116
-0.998058, 127, 333, 142, 364
-0.998059, 249, 113, 280, 128
-0.998059, 113, 65, 144, 320
-0.998063, 301, 1, 332, 256
-0.998067, 433, 17, 464, 32
-0.998069, 427, 57, 442, 88
-0.998069, 289, 229, 304, 260
-0.998074, 217, 117, 248, 132
-0.998074, 229, 1, 260, 256
-0.998076, 193, 97, 224, 352
-0.998091, 163, 237, 178, 268
-0.998095, 353, 357, 384, 372
-0.998099, 407, 241, 422, 272
-0.998099, 141, 349, 172, 364
-0.9981, 349, 343, 380, 358
-0.998103, 445, 1, 476, 256
-0.998104, 397, 309, 412, 340
-0.998104, 221, 97, 252, 352
-0.998105, 249, 1, 280, 256
-0.998108, 175, 341, 190, 372
-0.998109, 305, 273, 320, 304
-0.99811, 85, 321, 100, 352
-0.998115, 101, 97, 132, 352
-0.998115, 377, 311, 408, 326
-0.998115, 239, 109, 254, 140
-0.99812, 191, 229, 206, 260
-0.998124, 5, 77, 20, 108
-0.998124, 145, 225, 160, 256
-0.998126, 313, 221, 328, 252
-0.998126, 337, 317, 464, 348
-0.998129, 145, 247, 176, 262
-0.998131, 181, 225, 196, 256
-0.99814, 71, 85, 86, 116
-0.998143, 97, 215, 128, 230
-0.998143, 321, 227, 352, 242
-0.998143, 161, 49, 192, 176
-0.998144, 289, 223, 320, 238
-0.998148, 139, 53, 154, 84
-0.998152, 345, 229, 360, 260
-0.998156, 337, 227, 368, 242
-0.998159, 345, 31, 376, 46
-0.99816, 1, 137, 128, 168
-0.99816, 177, 265, 192, 296
-0.99816, 141, 97, 172, 352
-0.998162, 109, 337, 140, 352
-0.998168, 325, 209, 340, 336
-0.998174, 129, 45, 256, 76
-0.998177, 165, 113, 180, 144
-0.998179, 411, 213, 426, 244
-0.99818, 101, 205, 116, 236
-0.99818, 269, 1, 300, 256
-0.998186, 281, 233, 296, 264
-0.998191, 367, 33, 382, 64
-0.998192, 217, 281, 248, 296
-0.998193, 225, 233, 240, 264
-0.998194, 345, 49, 376, 64
-0.998198, 237, 233, 252, 264
-0.998198, 13, 93, 44, 108
-0.9982, 117, 347, 148, 362
-0.998201, 405, 63, 436, 78
-0.998202, 325, 257, 356, 272
-0.998204, 145, 113, 160, 144
-0.998206, 339, 345, 354, 375
-0.998206, 341, 37, 356, 68
-0.998208, 317, 337, 348, 352
-0.998211, 209, 229, 224, 260
-0.998213, 145, 115, 176, 130
-0.998214, 283, 277, 298, 308
-0.998216, 205, 97, 236, 352
-0.998216, 97, 177, 224, 240
-0.998217, 253, 109, 268, 140
-0.998221, 77, 325, 108, 340
-0.998223, 423, 81, 438, 112
-0.998224, 437, 83, 468, 98
-0.998226, 125, 223, 156, 238
-0.998238, 113, 237, 240, 268
-0.998238, 233, 111, 264, 126
-0.99824, 185, 273, 200, 304
-0.998241, 273, 221, 288, 252
-0.998242, 25, 89, 40, 120
-0.998244, 341, 73, 356, 104
-0.998246, 177, 121, 304, 152
-0.998247, 13, 65, 44, 320
-0.99825, 405, 55, 436, 70
-0.99825, 349, 251, 380, 266
-0.998255, 369, 165, 496, 196
-0.998258, 417, 73, 448, 88
-0.998266, 249, 97, 280, 352
-0.998272, 81, 203, 112, 218
-0.998282, 97, 335, 128, 350
-0.998282, 105, 89, 136, 104
-0.998288, 181, 277, 212, 292
-0.998289, 329, 251, 360, 266
-0.998291, 433, 97, 464, 224
-0.998291, 97, 69, 224, 100
-0.998293, 289, 145, 416, 176
-0.998303, 129, 33, 160, 288
-0.998308, 81, 319, 112, 334
-0.998308, 257, 281, 288, 296
-0.998319, 413, 97, 444, 352
-0.99832, 373, 207, 404, 222
-0.99833, 315, 209, 330, 336
-0.998343, 209, 213, 336, 244
-0.998345, 125, 341, 156, 356
-0.998358, 1, 277, 128, 308
-0.998366, 157, 1, 188, 256
-0.998371, 357, 39, 388, 54
-0.998379, 73, 1, 104, 256
-0.99838, 233, 97, 264, 352
-0.998381, 1, 265, 128, 296
-0.998381, 333, 129, 364, 375
-0.998384, 281, 225, 344, 240
-0.998408, 297, 45, 360, 60
-0.99841, 209, 33, 240, 160
-0.998412, 321, 263, 352, 278
-0.998417, 257, 237, 288, 252
-0.998421, 177, 209, 192, 336
-0.998423, 373, 193, 388, 320
-0.998432, 217, 1, 248, 256
-0.998434, 81, 97, 144, 112
-0.998435, 257, 231, 320, 246
-0.998436, 97, 347, 160, 362
-0.998439, 49, 89, 112, 104
-0.998439, 369, 95, 432, 110
-0.99844, 69, 251, 100, 266
-0.99844, 97, 289, 224, 320
-0.998441, 429, 23, 460, 38
-0.998448, 237, 225, 252, 352
-0.99845, 241, 201, 368, 232
-0.99845, 145, 229, 208, 244
-0.99845, 229, 237, 260, 252
-0.998453, 289, 133, 416, 164
-0.998453, 65, 161, 192, 192
-0.998454, 17, 249, 144, 280
-0.998454, 337, 337, 368, 352
-0.998455, 369, 201, 432, 216
-0.998457, 337, 335, 400, 350
-0.998457, 305, 221, 368, 236
-0.998461, 97, 337, 160, 352
-0.998463, 249, 81, 280, 208
-0.998465, 345, 93, 408, 108
-0.998466, 409, 91, 472, 106
-0.998467, 313, 335, 376, 350
-0.998469, 329, 41, 392, 56
-0.99847, 305, 289, 432, 320
-0.998472, 233, 229, 296, 244
-0.998477, 305, 39, 368, 54
-0.998478, 369, 247, 432, 262
-0.998479, 65, 209, 128, 224
-0.998481, 361, 247, 392, 262
-0.998481, 329, 55, 392, 70
-0.998484, 345, 327, 408, 342
-0.998484, 171, 209, 186, 336
-0.998485, 409, 85, 472, 100
-0.998487, 313, 115, 376, 130
-0.998489, 121, 229, 184, 244
-0.99849, 81, 89, 144, 104
-0.99849, 49, 65, 80, 320
-0.998491, 185, 279, 248, 294
-0.998492, 121, 347, 184, 362
-0.998496, 257, 279, 320, 294
-0.998496, 361, 73, 424, 88
-0.998497, 361, 53, 424, 68
-0.998497, 401, 63, 464, 78
-0.998497, 97, 121, 160, 136
-0.998497, 401, 69, 464, 84
-0.998497, 329, 343, 392, 358
-0.998498, 381, 329, 412, 344
-0.998498, 321, 91, 384, 106
-0.998498, 273, 47, 336, 62
-0.998498, 409, 75, 472, 90
-0.998499, 393, 203, 424, 218
-0.9985, 361, 61, 424, 76
-0.9985, 321, 49, 384, 64
-0.998501, 321, 235, 384, 250
-0.998502, 33, 53, 160, 84
-0.998502, 73, 337, 136, 352
-0.998505, 329, 217, 392, 232
-0.998507, 289, 231, 352, 246
-0.998508, 305, 31, 368, 46
-0.998508, 97, 257, 160, 272
-0.998508, 297, 273, 360, 288
-0.998509, 361, 67, 424, 82
-0.998509, 321, 329, 384, 344
-0.99851, 73, 343, 136, 358
-0.99851, 313, 61, 344, 76
-0.99851, 169, 1, 200, 256
-0.99851, 345, 247, 408, 262
-0.998512, 353, 209, 416, 224
-0.998513, 233, 237, 296, 252
-0.998515, 57, 249, 120, 264
-0.998516, 193, 237, 256, 252
-0.998518, 345, 87, 408, 102
-0.998519, 129, 257, 192, 272
-0.998519, 409, 97, 472, 112
-0.99852, 201, 231, 264, 246
-0.998521, 385, 187, 448, 202
-0.998521, 321, 85, 384, 100
-0.998522, 81, 215, 144, 230
-0.998523, 209, 53, 336, 84
-0.998523, 137, 115, 200, 130
-0.998523, 113, 235, 176, 250
-0.998523, 97, 223, 160, 238
-0.998525, 401, 49, 464, 64
-0.998525, 233, 281, 296, 296
-0.998526, 321, 77, 384, 92
-0.998526, 93, 341, 124, 356
-0.998526, 329, 105, 392, 120
-0.998526, 369, 79, 432, 94
-0.998527, 161, 235, 224, 250
-0.998528, 13, 33, 44, 160
-0.998528, 329, 99, 392, 114
-0.998528, 321, 251, 384, 266
-0.99853, 297, 275, 328, 290
-0.998531, 225, 111, 288, 126
-0.998532, 289, 339, 352, 354
-0.998532, 409, 27, 472, 42
-0.998533, 409, 35, 472, 50
-0.998534, 141, 1, 172, 256
-0.998535, 401, 57, 464, 72
-0.998535, 57, 203, 120, 218
-0.998536, 257, 225, 320, 240
-0.998536, 209, 279, 272, 294
-0.998537, 225, 1, 352, 32
-0.998538, 121, 241, 184, 256
-0.998538, 281, 257, 344, 272
-0.998541, 305, 241, 368, 256
-0.998541, 297, 51, 360, 66
-0.998543, 121, 251, 184, 266
-0.998544, 361, 47, 424, 62
-0.998545, 105, 353, 168, 368
-0.998545, 329, 229, 392, 244
-0.998545, 401, 43, 464, 58
-0.998546, 121, 341, 184, 356
-0.998546, 321, 65, 384, 80
-0.998547, 65, 257, 128, 272
-0.998547, 161, 275, 224, 290
-0.998548, 305, 347, 368, 362
-0.998548, 89, 83, 152, 98
-0.998549, 141, 235, 172, 250
-0.99855, 73, 323, 136, 338
-0.998551, 153, 257, 216, 272
-0.998552, 249, 47, 312, 62
-0.998553, 161, 347, 224, 362
-0.998554, 245, 209, 260, 336
-0.998554, 341, 113, 372, 128
-0.998556, 361, 333, 424, 348
-0.998557, 57, 97, 120, 112
-0.998558, 201, 1, 232, 256
-0.998558, 73, 103, 136, 118
-0.998559, 273, 41, 336, 56
-0.998559, 273, 265, 336, 280
-0.998559, 377, 241, 440, 256
-0.998559, 185, 119, 248, 134
-0.998559, 209, 119, 272, 134
-0.99856, 361, 229, 424, 244
-0.998561, 241, 119, 304, 134
-0.998561, 369, 195, 432, 210
-0.998562, 201, 111, 264, 126
-0.998563, 329, 361, 392, 375
-0.998564, 89, 329, 152, 344
-0.998564, 353, 311, 416, 326
-0.998565, 359, 33, 374, 160
-0.998566, 281, 239, 344, 254
-0.998566, 105, 89, 168, 104
-0.998567, 329, 223, 392, 238
-0.998567, 113, 115, 176, 130
-0.998567, 121, 223, 184, 238
-0.998567, 321, 71, 384, 86
-0.998568, 313, 263, 376, 278
-0.998568, 1, 91, 64, 106
-0.998569, 25, 89, 88, 104
-0.998571, 161, 113, 224, 128
-0.998571, 385, 161, 448, 176
-0.998572, 265, 119, 328, 134
-0.998573, 393, 175, 456, 190
-0.998573, 361, 275, 424, 290
-0.998573, 257, 345, 320, 360
-0.998576, 305, 129, 336, 375
-0.998592, 231, 225, 246, 352
-0.998603, 73, 197, 104, 212
-0.998608, 301, 227, 332, 242
-0.998608, 301, 209, 316, 336
-0.998613, 329, 49, 360, 64
-0.998613, 113, 213, 240, 244
-0.998615, 325, 81, 356, 96
-0.998624, 353, 55, 384, 70
-0.998625, 287, 209, 302, 336
-0.998627, 367, 193, 382, 320
-0.998633, 105, 343, 136, 358
-0.998642, 433, 1, 448, 128
-0.998645, 193, 279, 224, 294
-0.998648, 421, 85, 452, 100
-0.998651, 321, 75, 352, 90
-0.998654, 149, 253, 180, 268
-0.998655, 401, 241, 432, 256
-0.998658, 317, 67, 348, 82
-0.998672, 261, 97, 292, 352
-0.998674, 293, 209, 308, 336
-0.998679, 101, 107, 132, 122
-0.998679, 269, 279, 300, 294
-0.998698, 407, 177, 422, 304
-0.9987, 355, 193, 370, 320
-0.998701, 105, 117, 136, 132
-0.998708, 285, 229, 316, 244
-0.998714, 307, 209, 322, 336
-0.99872, 379, 193, 394, 320
-0.99873, 125, 193, 140, 320
-0.998733, 333, 209, 348, 336
-0.99874, 161, 97, 288, 128
-0.99874, 209, 17, 336, 48
-0.99875, 229, 33, 260, 160
-0.998751, 97, 1, 128, 256
-0.998751, 199, 209, 214, 336
-0.998751, 457, 65, 488, 320
-0.998753, 223, 225, 238, 352
-0.998759, 1, 125, 128, 156
-0.998765, 113, 57, 240, 88
-0.998768, 193, 161, 320, 192
-0.998769, 189, 209, 204, 336
-0.99877, 269, 209, 284, 336
-0.998771, 373, 323, 404, 338
-0.998781, 369, 335, 400, 350
-0.998782, 93, 209, 124, 224
-0.998784, 85, 333, 116, 348
-0.998786, 149, 161, 180, 288
-0.998787, 253, 209, 268, 336
-0.998789, 161, 209, 176, 336
-0.9988, 129, 347, 160, 362
-0.9988, 317, 129, 348, 375
-0.998808, 341, 101, 372, 116
-0.998815, 349, 213, 380, 228
-0.998817, 269, 231, 300, 246
-0.998818, 183, 209, 198, 336
-0.99882, 205, 209, 220, 336
-0.998825, 37, 65, 68, 320
-0.998827, 369, 33, 384, 160
-0.998827, 131, 49, 146, 176
-0.998828, 277, 209, 292, 336
-0.998831, 353, 233, 480, 264
-0.998839, 125, 65, 140, 192
-0.998848, 89, 325, 120, 340
-0.998854, 375, 241, 390, 368
-0.998862, 353, 33, 368, 160
-0.998865, 333, 243, 364, 258
-0.998866, 341, 221, 372, 236
-0.998869, 85, 101, 116, 116
-0.99887, 113, 217, 144, 232
-0.998875, 131, 209, 146, 336
-0.998884, 97, 201, 224, 232
-0.998886, 65, 89, 96, 104
-0.998892, 361, 103, 392, 118
-0.998902, 393, 189, 424, 204
-0.998902, 1, 97, 32, 352
-0.998919, 1, 209, 128, 240
-0.99892, 215, 225, 230, 352
-0.998926, 469, 65, 500, 320
-0.998932, 189, 1, 220, 256
-0.998936, 109, 255, 140, 270
-0.99895, 361, 209, 392, 224
-0.998952, 25, 65, 56, 320
-0.998955, 293, 129, 324, 375
-0.998955, 353, 97, 384, 112
-0.998964, 337, 89, 368, 104
-0.998965, 345, 41, 376, 56
-0.998966, 381, 93, 412, 108
-0.998967, 361, 193, 376, 320
-0.998972, 263, 209, 278, 336
-0.998974, 397, 161, 412, 288
-0.998989, 285, 277, 316, 292
-0.998991, 75, 225, 90, 352
-0.998991, 347, 49, 362, 176
-0.998995, 89, 109, 120, 124
-0.998999, 413, 33, 428, 160
-0.999002, 281, 33, 312, 288
-0.999005, 423, 17, 438, 144
-0.999014, 81, 89, 112, 104
-0.999015, 357, 49, 388, 64
-0.99902, 353, 337, 384, 352
-0.999031, 137, 229, 168, 244
-0.999033, 393, 225, 408, 352
-0.999034, 129, 129, 160, 375
-0.999042, 349, 209, 364, 336
-0.999051, 363, 241, 378, 368
-0.999052, 301, 45, 332, 60
-0.999053, 137, 209, 152, 336
-0.999058, 1, 33, 256, 96
-0.999087, 341, 95, 372, 110
-0.999094, 1, 313, 256, 375
-0.999096, 353, 329, 384, 344
-0.9991, 385, 195, 416, 210
-0.999105, 339, 225, 354, 352
-0.999107, 387, 145, 402, 272
-0.999119, 341, 33, 356, 160
-0.999128, 95, 193, 110, 320
-0.99914, 387, 225, 402, 352
-0.999149, 1, 33, 128, 96
-0.999155, 1, 161, 32, 288
-0.999156, 413, 209, 428, 336
-0.999164, 385, 1, 416, 256
-0.999171, 377, 81, 392, 208
-0.999176, 101, 101, 132, 116
-0.999191, 245, 229, 276, 244
-0.999193, 381, 201, 412, 216
-0.999203, 185, 33, 216, 160
-0.999217, 109, 193, 124, 320
-0.999247, 115, 193, 130, 320
-0.999257, 75, 81, 90, 208
-0.999268, 369, 241, 384, 368
-0.99927, 451, 17, 466, 144
-0.999272, 103, 193, 118, 320
-0.999285, 273, 129, 304, 375
-0.999286, 423, 65, 438, 192
-0.999287, 425, 97, 456, 352
-0.99929, 153, 209, 168, 336
-0.999292, 357, 241, 372, 368
-0.999293, 439, 1, 454, 128
-0.999296, 331, 65, 346, 192
-0.999303, 101, 81, 116, 208
-0.999304, 319, 17, 334, 144
-0.999306, 81, 81, 96, 208
-0.99931, 407, 65, 422, 192
-0.999311, 81, 225, 96, 352
-0.999317, 119, 81, 134, 208
-0.999333, 383, 65, 398, 192
-0.999345, 381, 241, 396, 368
-0.999363, 93, 33, 124, 160
-0.999364, 89, 113, 104, 240
-0.999368, 143, 209, 158, 336
-0.999375, 371, 81, 386, 208
-0.999378, 441, 97, 472, 352
-0.999381, 395, 81, 410, 208
-0.99939, 89, 177, 104, 304
-0.999396, 83, 177, 98, 304
-0.999415, 93, 89, 124, 104
-0.999415, 115, 241, 130, 368
-0.999415, 401, 209, 416, 336
-0.999416, 353, 81, 368, 208
-0.999432, 89, 225, 104, 352
-0.999449, 1, 313, 500, 375
-0.999451, 5, 33, 20, 160
-0.999455, 61, 129, 92, 375
-0.999463, 75, 177, 90, 304
-0.999473, 431, 49, 446, 176
-0.999475, 139, 33, 154, 160
-0.999478, 101, 241, 116, 368
-0.99948, 325, 17, 340, 144
-0.999497, 241, 161, 272, 288
-0.999508, 157, 229, 188, 244
-0.99951, 315, 161, 330, 288
-0.999518, 341, 81, 356, 208
-0.999525, 313, 17, 328, 144
-0.99953, 69, 81, 84, 208
-0.999533, 69, 225, 84, 352
-0.999547, 109, 241, 124, 368
-0.999551, 107, 81, 122, 208
-0.999553, 389, 81, 404, 208
-0.999558, 261, 33, 292, 160
-0.99956, 381, 129, 396, 256
-0.999573, 125, 241, 140, 368
-0.999599, 415, 81, 430, 208
-0.999599, 401, 81, 416, 208
-0.999617, 407, 225, 422, 352
-0.999644, 95, 241, 110, 368
-0.999646, 117, 111, 132, 126
-0.999647, 309, 161, 324, 288
-0.999648, 73, 237, 88, 252
-0.999648, 177, 271, 192, 286
-0.999648, 119, 85, 134, 100
-0.999649, 409, 201, 424, 216
-0.999649, 377, 245, 392, 260
-0.999651, 397, 199, 412, 214
-0.999652, 133, 69, 148, 84
-0.999652, 283, 279, 298, 294
-0.999652, 241, 233, 256, 248
-0.999653, 145, 227, 160, 242
-0.999653, 395, 311, 410, 326
-0.999654, 323, 225, 338, 240
-0.999654, 115, 255, 130, 270
-0.999654, 367, 327, 382, 342
-0.999655, 259, 281, 274, 296
-0.999656, 373, 89, 388, 104
-0.999657, 353, 341, 368, 356
-0.999658, 121, 97, 136, 112
-0.999659, 277, 279, 292, 294
-0.999659, 305, 227, 320, 242
-0.99966, 15, 95, 30, 110
-0.99966, 435, 83, 450, 98
-0.999661, 379, 323, 394, 338
-0.999662, 81, 185, 96, 200
-0.999663, 267, 231, 282, 246
-0.999664, 411, 237, 426, 252
-0.999664, 293, 277, 308, 292
-0.999665, 407, 195, 422, 210
-0.999665, 315, 223, 330, 238
-0.999666, 171, 267, 186, 282
-0.999666, 373, 325, 388, 340
-0.999666, 357, 95, 372, 110
-0.999667, 253, 229, 268, 244
-0.999667, 131, 75, 146, 90
-0.999667, 107, 335, 122, 350
-0.999668, 445, 1, 460, 128
-0.999668, 395, 323, 410, 338
-0.999668, 95, 321, 110, 336
-0.999669, 357, 55, 372, 70
-0.999669, 397, 187, 412, 202
-0.999669, 143, 347, 158, 362
-0.999669, 331, 17, 346, 144
-0.999669, 189, 277, 204, 292
-0.99967, 281, 231, 296, 246
-0.99967, 111, 89, 126, 104
-0.999674, 339, 87, 354, 102
-0.999675, 389, 323, 404, 338
-0.999677, 313, 47, 328, 62
-0.999677, 335, 247, 350, 262
-0.999677, 87, 323, 102, 338
-0.999678, 303, 275, 318, 290
-0.999678, 345, 97, 360, 112
-0.999678, 359, 329, 374, 344
-0.999678, 351, 49, 366, 64
-0.999679, 371, 335, 386, 350
-0.99968, 363, 337, 378, 352
-0.99968, 361, 101, 376, 116
-0.99968, 171, 261, 186, 276
-0.999681, 329, 259, 344, 274
-0.999682, 385, 93, 400, 108
-0.999684, 333, 69, 348, 84
-0.999684, 361, 41, 376, 56
-0.999684, 97, 109, 112, 124
-0.999685, 315, 271, 330, 286
-0.999685, 113, 213, 128, 228
-0.999685, 355, 215, 370, 230
-0.999686, 93, 327, 108, 342
-0.999687, 247, 229, 262, 244
-0.999687, 131, 221, 146, 236
-0.999688, 337, 241, 352, 256
-0.999688, 79, 89, 94, 104
-0.999688, 165, 255, 180, 270
-0.999689, 401, 177, 416, 192
-0.999689, 81, 191, 96, 206
-0.99969, 381, 331, 396, 346
-0.99969, 351, 89, 366, 104
-0.99969, 321, 267, 336, 282
-0.99969, 119, 217, 134, 232
-0.99969, 183, 273, 198, 288
-0.999691, 85, 89, 100, 104
-0.999691, 159, 245, 174, 260
-0.999692, 103, 107, 118, 122
-0.999692, 127, 83, 142, 98
-0.999693, 91, 335, 106, 350
-0.999694, 377, 203, 392, 218
-0.999694, 333, 253, 348, 268
-0.999695, 161, 229, 176, 244
-0.999696, 99, 327, 114, 342
-0.999696, 259, 231, 274, 246
-0.999696, 107, 95, 122, 110
-0.999697, 375, 129, 390, 256
-0.999698, 341, 229, 356, 244
-0.999698, 115, 97, 130, 112
-0.999699, 69, 245, 84, 260
-0.9997, 361, 213, 376, 228
-0.9997, 323, 59, 338, 74
-0.9997, 403, 129, 418, 256
-0.999701, 369, 207, 384, 222
-0.999702, 99, 335, 114, 350
-0.999702, 345, 91, 360, 106
-0.999703, 87, 97, 102, 112
-0.999704, 339, 235, 354, 250
-0.999704, 125, 219, 140, 234
-0.999705, 391, 193, 406, 208
-0.999707, 69, 177, 84, 304
-0.999707, 91, 89, 106, 104
-0.999708, 97, 207, 112, 222
-0.999708, 89, 199, 104, 214
-0.999711, 355, 335, 370, 350
-0.999712, 103, 207, 118, 222
-0.999713, 287, 229, 302, 244
-0.999717, 111, 103, 126, 118
-0.999717, 343, 221, 358, 236
-0.999718, 107, 115, 122, 130
-0.99972, 309, 273, 324, 288
-0.999722, 117, 91, 132, 106
-0.999724, 75, 249, 90, 264
-0.999725, 367, 49, 382, 64
-0.999725, 105, 89, 120, 104
-0.999728, 155, 237, 170, 252
-0.99973, 385, 197, 400, 212
-0.99973, 355, 109, 370, 124
-0.999732, 95, 95, 110, 110
-0.999734, 337, 81, 352, 96
-0.999735, 327, 65, 342, 80
-0.999735, 353, 101, 368, 116
-0.999735, 95, 65, 110, 192
-0.999737, 413, 161, 428, 288
-0.999739, 291, 161, 306, 288
-0.99974, 151, 229, 166, 244
-0.999741, 361, 89, 376, 104
-0.999743, 109, 109, 124, 124
-0.999745, 333, 75, 348, 90
-0.99975, 105, 101, 120, 116
-0.999756, 101, 95, 132, 110
-0.99976, 97, 89, 112, 104
-0.999764, 347, 97, 362, 224
-0.999771, 333, 221, 348, 236
-0.999777, 351, 95, 366, 110
-0.999779, 359, 81, 374, 208
-0.999782, 321, 161, 336, 288
-0.99979, 299, 161, 314, 288
-0.99981, 169, 113, 184, 240
-0.999815, 11, 65, 26, 192
-0.999817, 365, 97, 380, 224
-0.999819, 285, 161, 300, 288
-0.99983, 21, 81, 36, 208
-0.999835, 343, 177, 358, 304
-0.99984, 377, 1, 392, 128
-0.999842, 97, 129, 112, 256
-0.999854, 177, 137, 304, 200
-0.99987, 347, 1, 362, 128
-0.999876, 453, 65, 468, 192
-0.999885, 63, 81, 78, 208
-0.999887, 165, 161, 180, 288
-0.999888, 87, 49, 102, 176
-0.999894, 321, 221, 352, 236
-0.999895, 129, 161, 384, 224
-0.999904, 229, 177, 244, 304
-1.00007, 417, 209, 480, 336
-1.00015, 217, 97, 248, 224
-1.00025, 357, 89, 388, 104
-1.00025, 1, 9, 256, 72
-1.00034, 49, 17, 176, 80
-1.00034, 85, 95, 116, 110
-1.00047, 161, 49, 288, 112
-1.00054, 241, 121, 368, 184
-1.00072, 289, 17, 320, 144
-1.0008, 461, 33, 492, 160
-1.00082, 45, 33, 76, 160
-1.00089, 1, 1, 500, 64
-1.00096, 277, 81, 308, 208
-1.00152, 129, 129, 256, 192
-1.0016, 97, 137, 352, 200
-1.00181, 241, 145, 368, 208
-1.00197, 97, 17, 224, 80
-1.00228, 9, 225, 72, 352
-1.00228, 129, 153, 256, 216
-1.00256, 145, 177, 272, 240
-1.0029, 161, 1, 288, 64
-1.00468, 1, 9, 128, 72
