1962
-0.39199, 1, 129, 500, 375
-0.496635, 1, 1, 500, 375
-0.538162, 33, 129, 288, 375
-0.541261, 1, 33, 500, 288
-0.542187, 1, 1, 256, 375
-0.631086, 129, 129, 384, 375
-0.671841, 225, 1, 480, 375
-0.683864, 129, 1, 384, 375
-0.729831, 225, 129, 480, 375
-0.811489, 161, 33, 416, 288
-0.821565, 1, 1, 256, 256
-0.844353, 33, 129, 160, 375
-0.845446, 81, 129, 208, 375
-0.872391, 161, 129, 288, 375
-0.874668, 1, 177, 500, 304
-0.878934, 1, 225, 500, 352
-0.880262, 369, 1, 496, 375
-0.894875, 337, 129, 464, 375
-0.900609, 81, 33, 208, 288
-0.902955, 33, 1, 160, 375
-0.906026, 257, 129, 384, 375
-0.906352, 369, 1, 496, 256
-0.911979, 81, 1, 208, 375
-0.913543, 257, 1, 500, 256
-0.914458, 65, 225, 320, 352
-0.915074, 1, 129, 500, 256
-0.921463, 33, 177, 288, 304
-0.923645, 321, 1, 448, 375
-0.924014, 257, 225, 500, 352
-0.9258, 129, 177, 384, 304
-0.927992, 145, 1, 272, 375
-0.928098, 129, 33, 256, 288
-0.929284, 209, 129, 336, 375
-0.930168, 33, 209, 160, 336
-0.931157, 33, 33, 160, 288
-0.934305, 33, 129, 288, 256
-0.935489, 321, 33, 448, 288
-0.936453, 1, 81, 500, 208
-0.938658, 81, 145, 208, 272
-0.940138, 1, 33, 500, 160
-0.940284, 129, 129, 384, 256
-0.940613, 225, 161, 480, 288
-0.941079, 113, 225, 240, 352
-0.941433, 97, 209, 160, 336
-0.942347, 25, 241, 88, 368
-0.943154, 161, 241, 416, 368
-0.943718, 337, 209, 464, 336
-0.943907, 193, 33, 320, 288
-0.944673, 161, 161, 288, 288
-0.944691, 113, 161, 176, 288
-0.945955, 137, 225, 200, 352
-0.946332, 1, 193, 64, 320
-0.946601, 209, 1, 336, 375
-0.947026, 65, 209, 128, 336
-0.947349, 17, 161, 144, 288
-0.948396, 73, 145, 136, 272
-0.949004, 81, 161, 144, 224
-0.951715, 1, 241, 64, 368
-0.952731, 369, 1, 496, 128
-0.953348, 9, 257, 72, 320
-0.955546, 409, 225, 472, 352
-0.956562, 105, 169, 168, 232
-0.956859, 41, 177, 104, 304
-0.956919, 57, 169, 120, 232
-0.957153, 241, 241, 368, 368
-0.957355, 137, 161, 200, 288
-0.957619, 169, 161, 232, 288
-0.958296, 161, 81, 416, 208
-0.958409, 89, 281, 152, 344
-0.959141, 89, 241, 152, 304
-0.959315, 241, 177, 368, 304
-0.959856, 129, 113, 256, 240
-0.959967, 49, 297, 112, 360
-0.960208, 9, 289, 72, 352
-0.960982, 393, 1, 456, 128
-0.961205, 273, 33, 400, 288
-0.961262, 321, 161, 448, 288
-0.961733, 161, 209, 224, 336
-0.962287, 1, 201, 64, 264
-0.962341, 33, 289, 160, 352
-0.962514, 33, 249, 96, 312
-0.963125, 377, 209, 440, 336
-0.963652, 145, 241, 208, 304
-0.963777, 401, 233, 464, 296
-0.963934, 137, 193, 200, 256
-0.964052, 433, 1, 496, 128
-0.964536, 433, 241, 496, 368
-0.964785, 81, 97, 208, 224
-0.965203, 193, 241, 320, 368
-0.965335, 49, 169, 176, 232
-0.965438, 337, 177, 400, 304
-0.965572, 33, 249, 160, 312
-0.965898, 33, 241, 64, 368
-0.965948, 257, 1, 384, 375
-0.96601, 201, 177, 264, 304
-0.966262, 33, 113, 160, 240
-0.966996, 65, 249, 128, 312
-0.967791, 33, 169, 96, 232
-0.968015, 225, 177, 288, 304
-0.968022, 289, 241, 416, 368
-0.968109, 137, 113, 200, 240
-0.968247, 409, 265, 472, 328
-0.968337, 33, 273, 96, 336
-0.968525, 65, 273, 128, 336
-0.968998, 249, 241, 312, 368
-0.969573, 425, 241, 488, 304
-0.969917, 89, 129, 152, 375
-0.970322, 81, 185, 144, 248
-0.970557, 361, 145, 424, 272
-0.970695, 417, 177, 480, 304
-0.970708, 361, 185, 424, 248
-0.970788, 125, 209, 156, 336
-0.970912, 297, 177, 360, 304
-0.97114, 377, 1, 440, 64
-0.971495, 25, 313, 88, 375
-0.971633, 113, 241, 176, 304
-0.971647, 161, 113, 224, 240
-0.971812, 113, 265, 176, 328
-0.971845, 93, 209, 124, 336
-0.97191, 437, 225, 468, 352
-0.97193, 113, 201, 176, 264
-0.97204, 97, 113, 160, 240
-0.972144, 25, 129, 88, 256
-0.972377, 225, 241, 288, 368
-0.972493, 109, 209, 140, 336
-0.972497, 1, 233, 64, 296
-0.972689, 65, 81, 320, 208
-0.972732, 81, 193, 208, 256
-0.972984, 57, 129, 120, 375
-0.973031, 97, 305, 160, 368
-0.973112, 297, 241, 360, 368
-0.973212, 177, 185, 240, 248
-0.973242, 125, 161, 156, 288
-0.973245, 21, 241, 52, 368
-0.973389, 1, 169, 128, 232
-0.973393, 177, 217, 240, 280
-0.973909, 321, 225, 448, 288
-0.973938, 165, 209, 196, 336
-0.973963, 73, 305, 136, 368
-0.973984, 369, 129, 496, 256
-0.974054, 257, 177, 320, 304
-0.974095, 273, 241, 336, 368
-0.974122, 81, 209, 144, 272
-0.974299, 433, 265, 496, 328
-0.974371, 153, 209, 184, 336
-0.974445, 97, 161, 224, 224
-0.974519, 177, 129, 240, 375
-0.974567, 257, 113, 500, 240
-0.974636, 45, 241, 76, 368
-0.975226, 89, 161, 120, 224
-0.975374, 393, 161, 456, 288
-0.975397, 137, 217, 200, 280
-0.975468, 21, 193, 52, 320
-0.975779, 25, 201, 88, 264
-0.975864, 1, 201, 128, 264
-0.975865, 369, 97, 432, 224
-0.97594, 113, 161, 144, 224
-0.976011, 113, 129, 176, 375
-0.976031, 49, 113, 112, 240
-0.976053, 337, 225, 400, 352
-0.976421, 377, 225, 440, 288
-0.976484, 161, 161, 192, 288
-0.976517, 77, 169, 108, 232
-0.976563, 101, 169, 132, 232
-0.976601, 145, 233, 272, 296
-0.976696, 9, 177, 40, 304
-0.976936, 369, 49, 432, 176
-0.977003, 81, 217, 208, 280
-0.977064, 401, 1, 464, 64
-0.977082, 121, 281, 152, 344
-0.977276, 33, 249, 64, 312
-0.977358, 57, 193, 120, 256
-0.977462, 129, 313, 192, 375
-0.977568, 129, 169, 192, 232
-0.977602, 169, 161, 232, 224
-0.977751, 49, 225, 112, 288
-0.977795, 73, 177, 104, 304
-0.977868, 45, 265, 76, 328
-0.978228, 193, 129, 256, 256
-0.978266, 337, 185, 400, 248
-0.978458, 1, 17, 256, 144
-0.978544, 161, 33, 416, 160
-0.978559, 369, 49, 496, 176
-0.978565, 9, 249, 40, 312
-0.978591, 33, 97, 96, 352
-0.978655, 369, 1, 432, 128
-0.978817, 321, 265, 448, 328
-0.978896, 337, 225, 400, 288
-0.978915, 33, 225, 160, 288
-0.978953, 113, 129, 144, 256
-0.979066, 437, 241, 468, 304
-0.979111, 141, 241, 172, 368
-0.979157, 29, 273, 60, 336
-0.979202, 201, 241, 264, 368
-0.979273, 137, 161, 168, 288
-0.979281, 161, 193, 288, 256
-0.979324, 273, 129, 400, 256
-0.979324, 81, 241, 208, 304
-0.9795, 21, 249, 52, 312
-0.979556, 117, 241, 148, 304
-0.979635, 73, 241, 104, 368
-0.979669, 369, 233, 496, 296
-0.979733, 425, 225, 456, 352
-0.979817, 137, 129, 200, 375
-0.979881, 113, 137, 240, 200
-0.979899, 165, 193, 196, 256
-0.980016, 89, 145, 120, 272
-0.980036, 57, 145, 120, 208
-0.980146, 41, 297, 72, 360
-0.980319, 133, 265, 164, 328
-0.980352, 297, 257, 360, 320
-0.980397, 157, 241, 188, 304
-0.980401, 53, 297, 84, 360
-0.980503, 21, 297, 52, 360
-0.980579, 169, 137, 232, 200
-0.980609, 241, 257, 368, 320
-0.98061, 209, 113, 336, 240
-0.980614, 5, 193, 36, 256
-0.980687, 369, 1, 496, 64
-0.98082, 329, 129, 392, 256
-0.980826, 369, 65, 432, 320
-0.980845, 121, 145, 184, 208
-0.981236, 101, 129, 132, 256
-0.981255, 81, 273, 208, 336
-0.981335, 1, 313, 64, 375
-0.981378, 149, 161, 180, 288
-0.981411, 17, 313, 144, 375
-0.981505, 81, 49, 208, 176
-0.981518, 297, 129, 360, 256
-0.981691, 129, 185, 160, 248
-0.981782, 433, 9, 496, 72
-0.981892, 137, 65, 200, 192
-0.981926, 81, 297, 208, 360
-0.981977, 449, 241, 480, 368
-0.982019, 361, 161, 424, 224
-0.982031, 65, 169, 96, 232
-0.982049, 369, 273, 496, 336
-0.982058, 1, 129, 64, 256
-0.982149, 201, 185, 264, 248
-0.982192, 457, 249, 488, 312
-0.98221, 249, 257, 312, 320
-0.982308, 89, 233, 120, 296
-0.982431, 113, 185, 144, 248
-0.98249, 105, 289, 136, 352
-0.982529, 425, 233, 456, 296
-0.982553, 1, 129, 64, 375
-0.982566, 345, 129, 408, 375
-0.982752, 193, 129, 224, 256
-0.982859, 81, 297, 112, 360
-0.982924, 9, 241, 40, 368
-0.982948, 385, 177, 448, 240
-0.983009, 133, 233, 164, 296
-0.983033, 9, 273, 40, 336
-0.983205, 433, 1, 496, 256
-0.983206, 177, 209, 208, 336
-0.983366, 217, 129, 280, 256
-0.983366, 101, 241, 132, 304
-0.983449, 409, 209, 440, 336
-0.983471, 201, 129, 264, 375
-0.9835, 65, 289, 96, 352
-0.983528, 437, 265, 468, 328
-0.983588, 161, 169, 288, 232
-0.983596, 405, 1, 436, 64
-0.98371, 409, 129, 472, 375
-0.983715, 141, 209, 172, 272
-0.983716, 373, 185, 404, 248
-0.983764, 141, 185, 172, 248
-0.983832, 49, 169, 80, 232
-0.983858, 169, 233, 200, 296
-0.98387, 9, 253, 72, 284
-0.984038, 425, 265, 456, 328
-0.984117, 329, 161, 392, 224
-0.984139, 153, 193, 184, 256
-0.984175, 1, 145, 64, 208
-0.984251, 73, 97, 136, 224
-0.984256, 101, 193, 132, 256
-0.984275, 129, 65, 256, 192
-0.984293, 137, 33, 200, 288
-0.984295, 77, 193, 108, 256
-0.9843, 125, 161, 156, 224
-0.984417, 101, 265, 132, 328
-0.984487, 57, 249, 88, 312
-0.984523, 401, 209, 464, 272
-0.984541, 89, 185, 120, 248
-0.984586, 73, 33, 136, 288
-0.984609, 257, 1, 500, 128
-0.984636, 137, 121, 200, 184
-0.98469, 77, 241, 108, 304
-0.984752, 305, 281, 368, 344
-0.98478, 257, 281, 384, 344
-0.984781, 89, 169, 152, 200
-0.984882, 93, 289, 124, 352
-0.984886, 353, 185, 480, 248
-0.984939, 137, 313, 168, 375
-0.984962, 305, 193, 432, 256
-0.985029, 97, 245, 160, 276
-0.985059, 273, 265, 336, 328
-0.98509, 233, 129, 296, 375
-0.985249, 145, 241, 176, 304
-0.985258, 69, 265, 100, 328
-0.985262, 57, 241, 88, 368
-0.98532, 1, 1, 64, 128
-0.985347, 401, 1, 432, 128
-0.985371, 369, 65, 432, 128
-0.985388, 137, 209, 200, 240
-0.985476, 433, 129, 496, 375
-0.985486, 193, 137, 224, 200
-0.985592, 89, 257, 120, 320
-0.985605, 1, 25, 64, 88
-0.985655, 33, 49, 160, 176
-0.985681, 97, 33, 160, 288
-0.985697, 389, 185, 420, 248
-0.985709, 77, 129, 108, 256
-0.985714, 113, 209, 144, 272
-0.985734, 401, 225, 432, 288
-0.98574, 137, 289, 200, 352
-0.985786, 181, 217, 212, 280
-0.985805, 17, 185, 48, 248
-0.985811, 417, 1, 448, 64
-0.985857, 345, 209, 376, 336
-0.985868, 329, 265, 392, 328
-0.98587, 393, 49, 456, 176
-0.985883, 297, 193, 360, 256
-0.985894, 381, 161, 412, 224
-0.985917, 389, 1, 420, 64
-0.98596, 129, 305, 256, 368
-0.986023, 289, 129, 352, 375
-0.986131, 413, 233, 444, 296
-0.986132, 57, 169, 120, 200
-0.986133, 1, 217, 32, 280
-0.98624, 225, 185, 288, 248
-0.986244, 213, 161, 244, 288
-0.986263, 1, 41, 32, 104
-0.986308, 457, 193, 488, 320
-0.986324, 129, 209, 160, 272
-0.986327, 357, 193, 388, 256
-0.986356, 369, 89, 432, 152
-0.986356, 321, 113, 448, 240
-0.986373, 201, 161, 264, 224
-0.98639, 433, 1, 464, 128
-0.986521, 69, 313, 100, 375
-0.98658, 25, 145, 88, 208
-0.986629, 65, 193, 128, 224
-0.986748, 449, 273, 480, 336
-0.986776, 369, 1, 432, 375
-0.986887, 57, 193, 88, 320
-0.986905, 341, 233, 372, 296
-0.986921, 97, 301, 160, 332
-0.986936, 313, 129, 376, 375
-0.986995, 165, 169, 196, 232
-0.987054, 173, 161, 204, 288
-0.987078, 45, 241, 76, 304
-0.987096, 1, 313, 32, 375
-0.987146, 33, 177, 64, 304
-0.987165, 377, 273, 440, 336
-0.987167, 461, 241, 492, 368
-0.987179, 225, 249, 288, 312
-0.987199, 361, 177, 392, 304
-0.987302, 377, 41, 440, 104
-0.987337, 101, 145, 132, 208
-0.987435, 1, 145, 128, 208
-0.987442, 425, 177, 456, 304
-0.98748, 257, 233, 384, 296
-0.987493, 65, 193, 96, 256
-0.987508, 457, 225, 488, 288
-0.987539, 265, 241, 296, 368
-0.987543, 213, 161, 244, 224
-0.987555, 57, 181, 120, 212
-0.987558, 177, 177, 208, 240
-0.987563, 65, 225, 96, 288
-0.987583, 469, 241, 500, 304
-0.98761, 229, 177, 260, 304
-0.98761, 401, 185, 432, 248
-0.987613, 121, 305, 152, 368
-0.987664, 465, 9, 496, 72
-0.987669, 157, 217, 188, 280
-0.987701, 421, 1, 452, 128
-0.987782, 89, 209, 120, 272
-0.987825, 289, 49, 416, 176
-0.987855, 73, 293, 136, 324
-0.987875, 385, 65, 416, 128
-0.987882, 41, 121, 104, 184
-0.987901, 417, 185, 480, 248
-0.987914, 149, 297, 180, 360
-0.987949, 209, 185, 240, 248
-0.98795, 445, 1, 476, 128
-0.987956, 129, 257, 256, 320
-0.987962, 17, 285, 80, 316
-0.987989, 373, 161, 404, 288
-0.987991, 333, 257, 364, 320
-0.988013, 241, 177, 272, 304
-0.988017, 133, 289, 164, 352
-0.988086, 101, 217, 132, 280
-0.988108, 1, 17, 32, 80
-0.988121, 1, 169, 64, 232
-0.988124, 25, 197, 88, 228
-0.988126, 413, 265, 444, 328
-0.988157, 1, 81, 64, 208
-0.988183, 453, 9, 484, 72
-0.988233, 133, 113, 164, 240
-0.988282, 73, 245, 136, 276
-0.988342, 137, 161, 168, 224
-0.988369, 1, 265, 64, 296
-0.988372, 469, 265, 500, 328
-0.988373, 409, 269, 472, 300
-0.988385, 77, 145, 108, 208
-0.988394, 89, 197, 152, 228
-0.988395, 393, 161, 424, 224
-0.988395, 417, 201, 448, 264
-0.988422, 153, 169, 184, 232
-0.988425, 265, 129, 328, 375
-0.988427, 33, 185, 64, 248
-0.988432, 437, 177, 468, 304
-0.988444, 241, 129, 304, 256
-0.988564, 49, 253, 112, 284
-0.988602, 169, 241, 232, 304
-0.988606, 137, 97, 200, 160
-0.988608, 277, 241, 308, 368
-0.988639, 1, 169, 32, 232
-0.988643, 17, 209, 48, 272
-0.988686, 221, 185, 252, 248
-0.98873, 193, 249, 320, 312
-0.988745, 257, 49, 500, 176
-0.988772, 361, 189, 424, 220
-0.988774, 257, 177, 288, 304
-0.988774, 113, 193, 176, 224
-0.988789, 81, 33, 144, 160
-0.988799, 433, 97, 496, 224
-0.988806, 389, 225, 420, 288
-0.988814, 469, 1, 500, 128
-0.988852, 33, 225, 64, 288
-0.988903, 385, 49, 416, 176
-0.988922, 257, 233, 500, 296
-0.988939, 97, 257, 352, 320
-0.988985, 277, 257, 308, 320
-0.989028, 121, 241, 184, 272
-0.989037, 457, 1, 488, 128
-0.989043, 433, 1, 496, 375
-0.989066, 401, 113, 464, 240
-0.98907, 33, 169, 288, 232
-0.98912, 145, 241, 208, 272
-0.989151, 345, 193, 376, 256
-0.989152, 81, 181, 144, 212
-0.989174, 345, 265, 376, 328
-0.989182, 17, 301, 80, 332
-0.98919, 1, 1, 64, 64
-0.989211, 49, 297, 112, 328
-0.989244, 461, 177, 492, 240
-0.989249, 241, 185, 368, 248
-0.989249, 437, 217, 468, 280
-0.989286, 357, 225, 388, 288
-0.989294, 105, 313, 136, 375
-0.989302, 113, 209, 176, 240
-0.989317, 1, 205, 64, 236
-0.989327, 265, 129, 328, 256
-0.989328, 441, 9, 472, 72
-0.989345, 429, 9, 460, 72
-0.989364, 1, 257, 500, 320
-0.989384, 77, 217, 108, 280
-0.989388, 321, 249, 352, 312
-0.989401, 433, 217, 496, 280
-0.989413, 33, 121, 160, 184
-0.989435, 41, 277, 104, 308
-0.989444, 97, 289, 160, 320
-0.989459, 265, 257, 296, 320
-0.989513, 385, 41, 416, 104
-0.989556, 377, 225, 408, 288
-0.989652, 1, 233, 500, 296
-0.989682, 161, 65, 224, 192
-0.989713, 65, 145, 96, 208
-0.989721, 253, 241, 284, 368
-0.989775, 41, 265, 104, 296
-0.989797, 305, 233, 368, 296
-0.989839, 337, 81, 400, 208
-0.989862, 369, 161, 496, 224
-0.989863, 289, 257, 320, 320
-0.989904, 53, 193, 84, 256
-0.989925, 33, 181, 96, 212
-0.989929, 353, 73, 480, 136
-0.989937, 369, 113, 432, 176
-0.989944, 257, 185, 320, 248
-0.989948, 9, 1, 72, 375
-0.989978, 137, 265, 200, 328
-0.989984, 397, 209, 428, 336
-0.989997, 329, 289, 392, 352
-0.990005, 449, 177, 480, 240
-0.990028, 289, 161, 416, 224
-0.990049, 197, 185, 228, 248
-0.990061, 1, 129, 32, 256
-0.990081, 113, 165, 176, 196
-0.990082, 265, 289, 328, 352
-0.99009, 49, 1, 112, 256
-0.990096, 161, 1, 224, 256
-0.990109, 49, 145, 80, 208
-0.990122, 181, 137, 212, 200
-0.990138, 381, 105, 412, 168
-0.990157, 73, 209, 136, 240
-0.990177, 233, 185, 264, 248
-0.990193, 249, 185, 280, 248
-0.990199, 421, 177, 452, 240
-0.990314, 325, 177, 356, 304
-0.990324, 145, 197, 208, 228
-0.990399, 401, 237, 464, 268
-0.99048, 345, 161, 376, 288
-0.990491, 409, 1, 472, 256
-0.99055, 1, 289, 256, 352
-0.990554, 321, 1, 448, 64
-0.99056, 25, 225, 88, 288
-0.990601, 241, 289, 304, 352
-0.99063, 201, 137, 264, 200
-0.990642, 1, 33, 32, 160
-0.9907, 369, 209, 496, 272
-0.990704, 201, 33, 264, 288
-0.990709, 137, 221, 200, 252
-0.990759, 145, 1, 208, 375
-0.990857, 1, 1, 128, 128
-0.990876, 1, 33, 64, 288
-0.990925, 113, 165, 144, 196
-0.990932, 401, 161, 432, 288
-0.990974, 33, 321, 96, 352
-0.991027, 241, 241, 272, 368
-0.991057, 129, 233, 384, 296
-0.991067, 161, 145, 288, 208
-0.991122, 269, 177, 300, 304
-0.991135, 121, 1, 184, 375
-0.991144, 97, 121, 160, 184
-0.991215, 321, 1, 448, 128
-0.991217, 57, 325, 120, 356
-0.991241, 393, 153, 456, 216
-0.99127, 393, 189, 456, 220
-0.991299, 1, 241, 64, 272
-0.991324, 369, 49, 496, 112
-0.991332, 201, 81, 264, 208
-0.991369, 33, 333, 96, 364
-0.991391, 89, 257, 152, 288
-0.991422, 169, 177, 232, 208
-0.991451, 65, 1, 128, 375
-0.99148, 249, 233, 312, 296
-0.991481, 49, 145, 176, 208
-0.991488, 33, 169, 96, 200
-0.99149, 37, 285, 68, 316
-0.991516, 49, 253, 176, 284
-0.991536, 97, 1, 160, 375
-0.991573, 369, 177, 432, 208
-0.991593, 53, 113, 84, 240
-0.991595, 65, 169, 96, 200
-0.991602, 193, 193, 448, 256
-0.991614, 85, 169, 116, 200
-0.991628, 389, 1, 420, 128
-0.991688, 177, 193, 240, 224
-0.991692, 353, 97, 480, 160
-0.99173, 121, 273, 184, 304
-0.991759, 49, 237, 112, 268
-0.991857, 29, 253, 60, 284
-0.991875, 105, 49, 168, 176
-0.991881, 73, 233, 136, 264
-0.991886, 433, 261, 496, 292
-0.991887, 113, 177, 144, 208
-0.99189, 433, 161, 496, 224
-0.991916, 109, 289, 140, 320
-0.991929, 113, 177, 176, 208
-0.991948, 337, 137, 400, 200
-0.991951, 1, 49, 64, 112
-0.991957, 337, 33, 400, 160
-0.991968, 289, 241, 320, 368
-0.991974, 97, 169, 128, 200
-0.99198, 409, 1, 472, 375
-0.99202, 137, 261, 200, 292
-0.992034, 469, 177, 500, 304
-0.992036, 377, 97, 408, 224
-0.992072, 81, 1, 208, 128
-0.992077, 385, 209, 416, 336
-0.992078, 73, 193, 104, 224
-0.9921, 369, 229, 432, 260
-0.992113, 65, 337, 128, 368
-0.992137, 129, 241, 160, 272
-0.992159, 21, 265, 52, 296
-0.992191, 9, 321, 72, 352
-0.992202, 165, 209, 196, 240
-0.992227, 25, 1, 88, 256
-0.992239, 73, 281, 136, 312
-0.992252, 137, 181, 200, 212
-0.992271, 181, 113, 212, 240
-0.992303, 161, 113, 224, 176
-0.992319, 1, 241, 256, 304
-0.992333, 53, 297, 84, 328
-0.992352, 169, 233, 232, 264
-0.992364, 53, 253, 84, 284
-0.992369, 185, 1, 248, 375
-0.99237, 333, 225, 364, 352
-0.992388, 41, 301, 72, 332
-0.992433, 105, 245, 136, 276
-0.992436, 129, 297, 160, 328
-0.992443, 69, 181, 100, 212
-0.992445, 89, 245, 120, 276
-0.992501, 93, 293, 124, 324
-0.992512, 53, 177, 84, 208
-0.992528, 1, 209, 32, 240
-0.992551, 29, 297, 60, 328
-0.992554, 337, 65, 400, 128
-0.992567, 5, 253, 36, 284
-0.992582, 49, 65, 112, 192
-0.992631, 105, 161, 120, 224
-0.992633, 437, 241, 468, 272
-0.992651, 81, 113, 208, 176
-0.992658, 37, 249, 52, 312
-0.99266, 21, 285, 52, 316
-0.992665, 373, 189, 404, 220
-0.992676, 345, 1, 408, 375
-0.992679, 85, 197, 116, 228
-0.992684, 433, 189, 496, 220
-0.992688, 337, 193, 400, 224
-0.992719, 65, 169, 192, 200
-0.992724, 61, 325, 92, 356
-0.992726, 65, 193, 192, 224
-0.992733, 81, 181, 112, 212
-0.992735, 165, 197, 196, 228
-0.992745, 113, 197, 144, 228
-0.992751, 97, 221, 160, 252
-0.99276, 49, 209, 112, 240
-0.992793, 113, 169, 128, 232
-0.992795, 125, 209, 156, 240
-0.992802, 125, 165, 156, 196
-0.992805, 421, 269, 452, 300
-0.992806, 157, 245, 188, 276
-0.992813, 145, 209, 176, 240
-0.992833, 33, 1, 96, 375
-0.992844, 229, 241, 260, 368
-0.992847, 417, 289, 480, 352
-0.99286, 37, 269, 68, 300
-0.992864, 101, 193, 132, 224
-0.992887, 369, 137, 432, 200
-0.99291, 121, 281, 152, 312
-0.992914, 201, 249, 264, 312
-0.992928, 49, 293, 176, 324
-0.992943, 81, 293, 112, 324
-0.992974, 113, 209, 144, 240
-0.992979, 401, 9, 464, 40
-0.992982, 141, 241, 172, 272
-0.992996, 337, 1, 400, 256
-0.992997, 1, 265, 256, 328
-0.993011, 161, 137, 224, 168
-0.993029, 49, 265, 80, 296
-0.993047, 1, 197, 32, 228
-0.993051, 101, 209, 132, 240
-0.993059, 117, 241, 148, 272
-0.993067, 213, 113, 244, 240
-0.993078, 17, 253, 48, 284
-0.993092, 97, 161, 112, 224
-0.993098, 217, 297, 280, 360
-0.9931, 41, 253, 72, 284
-0.993109, 257, 257, 500, 320
-0.993114, 37, 281, 52, 344
-0.993116, 77, 209, 108, 240
-0.993122, 457, 257, 488, 288
-0.993123, 389, 189, 420, 220
-0.993125, 129, 189, 160, 220
-0.993131, 137, 317, 200, 348
-0.993157, 1, 161, 500, 224
-0.993177, 145, 145, 208, 208
-0.993191, 65, 157, 128, 188
-0.993222, 77, 329, 108, 360
-0.993225, 81, 209, 208, 240
-0.993227, 329, 181, 392, 212
-0.993234, 1, 305, 500, 368
-0.993281, 97, 337, 160, 368
-0.993283, 437, 269, 468, 300
-0.993287, 161, 209, 224, 240
-0.993324, 1, 193, 500, 256
-0.993332, 377, 249, 440, 312
-0.99334, 93, 181, 124, 212
-0.99334, 13, 193, 44, 224
-0.993341, 21, 313, 52, 344
-0.993349, 401, 65, 464, 128
-0.993373, 1, 329, 32, 360
-0.993378, 1, 201, 128, 232
-0.993381, 77, 249, 108, 280
-0.993383, 105, 301, 136, 332
-0.993388, 433, 97, 496, 160
-0.993397, 377, 5, 440, 36
-0.993397, 337, 233, 400, 264
-0.993427, 49, 189, 80, 220
-0.993449, 305, 297, 432, 360
-0.993454, 65, 297, 96, 328
-0.993459, 121, 1, 184, 128
-0.993467, 153, 197, 184, 228
-0.993468, 377, 177, 408, 208
-0.993471, 91, 169, 106, 232
-0.993472, 305, 169, 368, 232
-0.993475, 117, 253, 148, 284
-0.993479, 17, 281, 144, 312
-0.99348, 121, 301, 184, 332
-0.993482, 169, 241, 200, 272
-0.993496, 1, 241, 32, 272
-0.993497, 137, 265, 168, 296
-0.993497, 13, 205, 44, 236
-0.993501, 273, 241, 336, 304
-0.993501, 461, 245, 492, 276
-0.993502, 49, 313, 80, 344
-0.993502, 1, 193, 64, 224
-0.993514, 89, 333, 120, 364
-0.993525, 65, 245, 96, 276
-0.993527, 49, 285, 80, 316
-0.993537, 89, 257, 120, 288
-0.993542, 409, 249, 472, 280
-0.993544, 201, 189, 264, 220
-0.993546, 241, 209, 368, 272
-0.99355, 417, 49, 480, 176
-0.993553, 33, 333, 64, 364
-0.99356, 369, 73, 432, 104
-0.993561, 425, 13, 488, 44
-0.993564, 89, 209, 120, 240
-0.993564, 225, 225, 288, 288
-0.993573, 129, 329, 192, 360
-0.993589, 17, 173, 144, 204
-0.993598, 401, 189, 432, 220
-0.993637, 125, 177, 156, 208
-0.993704, 17, 345, 48, 375
-0.993708, 53, 165, 84, 196
-0.993725, 25, 201, 56, 232
-0.99373, 165, 221, 196, 252
-0.993735, 1, 265, 32, 296
-0.99374, 117, 301, 148, 332
-0.993754, 105, 277, 136, 308
-0.993761, 193, 137, 224, 168
-0.993777, 125, 281, 140, 344
-0.993782, 77, 237, 108, 268
-0.993785, 61, 197, 92, 228
-0.993786, 9, 281, 40, 312
-0.99379, 289, 137, 416, 200
-0.993792, 425, 237, 456, 268
-0.993798, 149, 257, 180, 288
-0.993802, 37, 313, 68, 344
-0.993807, 17, 297, 48, 328
-0.99381, 73, 121, 136, 184
-0.993817, 181, 233, 212, 264
-0.993822, 461, 189, 492, 220
-0.993834, 1, 45, 32, 76
-0.993836, 129, 253, 160, 284
-0.993838, 389, 177, 420, 208
-0.993839, 89, 325, 152, 356
-0.993854, 131, 273, 146, 336
-0.993861, 89, 233, 120, 264
-0.993865, 141, 189, 172, 220
-0.993867, 73, 281, 104, 312
-0.993869, 413, 233, 444, 264
-0.993876, 449, 241, 464, 304
-0.993883, 401, 229, 432, 260
-0.993883, 101, 337, 132, 368
-0.993893, 93, 281, 124, 312
-0.993895, 433, 245, 496, 276
-0.993907, 433, 189, 464, 220
-0.993929, 433, 273, 496, 304
-0.993929, 169, 185, 200, 216
-0.993932, 209, 289, 336, 352
-0.993933, 33, 241, 64, 272
-0.993941, 421, 189, 452, 220
-0.993942, 33, 193, 288, 256
-0.993944, 445, 189, 476, 220
-0.993945, 449, 273, 480, 304
-0.993948, 137, 325, 168, 356
-0.99395, 73, 261, 104, 292
-0.993953, 177, 297, 240, 360
-0.99396, 209, 1, 272, 375
-0.993968, 1, 281, 500, 344
-0.99398, 1, 29, 32, 60
-0.993981, 113, 81, 144, 208
-0.99399, 81, 241, 208, 272
-0.994001, 177, 197, 208, 228
-0.99401, 113, 161, 240, 192
-0.994013, 1, 229, 64, 260
-0.994018, 177, 221, 240, 252
-0.99402, 281, 177, 312, 304
-0.994028, 101, 157, 132, 188
-0.994045, 1, 185, 32, 216
-0.994046, 65, 341, 96, 372
-0.994047, 85, 169, 100, 232
-0.994047, 209, 193, 240, 224
-0.994048, 389, 161, 420, 288
-0.994049, 3, 241, 18, 304
-0.994082, 469, 13, 500, 44
-0.994087, 97, 297, 352, 360
-0.994088, 305, 289, 368, 320
-0.994089, 209, 153, 336, 216
-0.994089, 421, 9, 452, 40
-0.994091, 141, 229, 172, 260
-0.994107, 305, 265, 368, 296
-0.994109, 341, 233, 372, 264
-0.994116, 101, 233, 132, 264
-0.994118, 389, 5, 420, 36
-0.994121, 17, 265, 144, 296
-0.994129, 297, 177, 328, 304
-0.99413, 361, 193, 392, 224
-0.994133, 97, 277, 160, 308
-0.994144, 61, 277, 92, 308
-0.994153, 177, 209, 208, 240
-0.994159, 25, 257, 40, 320
-0.994221, 353, 273, 416, 336
-0.994221, 409, 313, 472, 375
-0.994235, 97, 97, 160, 160
-0.994274, 353, 1, 416, 64
-0.994291, 43, 273, 58, 336
-0.994303, 129, 113, 256, 176
-0.994315, 97, 233, 160, 264
-0.994344, 337, 273, 400, 304
-0.994348, 373, 209, 404, 336
-0.994352, 353, 121, 480, 184
-0.994356, 79, 169, 94, 232
-0.994368, 201, 177, 232, 304
-0.994376, 119, 161, 134, 224
-0.994409, 43, 249, 58, 312
-0.994411, 73, 269, 136, 300
-0.994463, 321, 233, 448, 264
-0.994466, 11, 249, 26, 312
-0.994502, 305, 241, 336, 368
-0.994505, 137, 273, 152, 336
-0.994515, 81, 221, 208, 252
-0.994522, 393, 177, 456, 208
-0.994541, 369, 89, 432, 120
-0.994553, 1, 217, 64, 248
-0.994566, 127, 161, 142, 224
-0.994567, 65, 145, 320, 208
-0.994576, 1, 177, 64, 208
-0.994576, 31, 257, 46, 320
-0.994576, 1, 45, 64, 76
-0.994583, 179, 185, 194, 248
-0.994594, 161, 17, 224, 144
-0.994615, 161, 241, 176, 304
-0.99465, 225, 281, 480, 344
-0.99466, 169, 165, 232, 196
-0.994668, 413, 161, 444, 288
-0.9947, 137, 125, 200, 156
-0.994729, 43, 297, 58, 360
-0.994743, 31, 289, 46, 352
-0.994753, 225, 185, 288, 216
-0.994753, 129, 241, 144, 304
-0.99476, 73, 221, 136, 252
-0.99478, 129, 241, 256, 272
-0.99479, 1, 293, 128, 324
-0.994795, 57, 309, 120, 340
-0.9948, 1, 29, 64, 60
-0.994813, 169, 113, 200, 240
-0.994839, 3, 209, 18, 272
-0.994851, 119, 281, 134, 344
-0.99487, 49, 305, 176, 336
-0.99488, 53, 257, 68, 320
-0.994904, 25, 241, 88, 272
-0.994955, 309, 177, 340, 304
-0.994958, 113, 189, 240, 220
-0.99496, 377, 57, 440, 88
-0.994979, 459, 249, 474, 312
-0.994994, 49, 225, 112, 256
-0.994994, 297, 253, 360, 284
-0.994999, 53, 297, 68, 360
-0.995005, 265, 189, 328, 220
-0.995011, 135, 169, 150, 232
-0.995015, 1, 333, 64, 364
-0.995029, 305, 65, 432, 128
-0.995035, 337, 285, 400, 316
-0.995039, 97, 121, 160, 152
-0.995052, 73, 169, 88, 232
-0.995052, 59, 265, 74, 328
-0.995056, 135, 297, 150, 360
-0.995078, 1, 113, 64, 176
-0.995084, 137, 161, 200, 192
-0.995108, 369, 101, 432, 132
-0.99512, 1, 189, 128, 220
-0.995134, 33, 217, 288, 280
-0.995148, 1, 165, 64, 196
-0.995152, 143, 265, 158, 328
-0.995169, 61, 297, 76, 360
-0.995173, 385, 277, 448, 308
-0.995192, 433, 1, 496, 32
-0.995196, 337, 89, 400, 152
-0.995206, 329, 169, 392, 200
-0.995236, 1, 233, 128, 264
-0.995239, 137, 249, 152, 312
-0.995245, 161, 89, 224, 152
-0.995251, 409, 285, 472, 316
-0.995261, 1, 313, 256, 375
-0.995273, 337, 273, 464, 304
-0.995288, 401, 41, 464, 104
-0.995291, 113, 173, 240, 204
-0.995294, 193, 121, 320, 184
-0.995325, 437, 233, 452, 296
-0.995329, 201, 173, 264, 204
-0.995337, 41, 157, 104, 188
-0.995338, 161, 17, 288, 144
-0.995355, 233, 253, 296, 284
-0.995367, 409, 225, 472, 256
-0.995382, 353, 313, 416, 375
-0.995397, 161, 49, 224, 112
-0.99542, 71, 289, 86, 352
-0.995424, 25, 289, 40, 352
-0.995437, 17, 249, 32, 312
-0.995451, 145, 305, 208, 336
-0.995452, 369, 185, 496, 216
-0.995458, 107, 185, 122, 248
-0.995529, 117, 241, 132, 304
-0.995532, 147, 185, 162, 248
-0.99555, 169, 153, 232, 184
-0.995563, 121, 49, 184, 112
-0.99558, 123, 241, 138, 304
-0.995608, 141, 297, 156, 360
-0.995634, 89, 157, 152, 188
-0.99564, 161, 145, 416, 208
-0.995643, 177, 209, 192, 272
-0.995651, 425, 265, 440, 328
-0.995686, 65, 181, 192, 212
-0.995687, 401, 89, 464, 152
-0.995692, 101, 185, 116, 248
-0.995701, 137, 25, 200, 88
-0.995712, 193, 169, 448, 232
-0.995722, 155, 201, 170, 264
-0.995723, 337, 33, 400, 96
-0.995731, 63, 169, 78, 232
-0.995741, 1, 17, 64, 48
-0.995766, 443, 241, 458, 304
-0.995787, 41, 121, 104, 152
-0.99579, 241, 1, 304, 375
-0.995798, 289, 277, 352, 308
-0.995803, 13, 273, 28, 336
-0.99583, 433, 177, 496, 208
-0.995865, 305, 193, 368, 224
-0.995875, 417, 1, 432, 64
-0.995877, 167, 201, 182, 264
-0.995885, 361, 165, 424, 196
-0.995885, 151, 257, 166, 320
-0.995899, 11, 193, 26, 256
-0.995919, 17, 185, 32, 248
-0.995923, 281, 169, 344, 232
-0.995926, 173, 185, 188, 248
-0.995973, 65, 129, 96, 256
-0.995979, 141, 185, 156, 248
-0.996004, 451, 265, 466, 328
-0.996012, 113, 281, 128, 344
-0.996035, 161, 185, 176, 248
-0.996044, 431, 233, 446, 296
-0.996044, 9, 345, 72, 375
-0.99605, 181, 233, 196, 296
-0.99605, 217, 241, 248, 368
-0.996059, 425, 233, 440, 296
-0.996063, 257, 261, 320, 292
-0.996065, 121, 285, 184, 316
-0.996071, 113, 261, 176, 292
-0.996079, 81, 49, 208, 112
-0.996084, 369, 233, 496, 264
-0.996108, 171, 241, 186, 304
-0.996133, 1, 317, 128, 348
-0.996136, 257, 161, 320, 224
-0.996139, 45, 193, 76, 320
-0.996179, 183, 209, 198, 272
-0.996185, 101, 233, 116, 296
-0.996188, 81, 297, 96, 360
-0.996188, 133, 193, 148, 256
-0.996207, 101, 281, 116, 344
-0.996231, 109, 241, 124, 304
-0.996279, 49, 325, 176, 356
-0.99628, 89, 249, 104, 312
-0.99628, 27, 313, 42, 375
-0.996284, 97, 129, 128, 375
-0.996291, 3, 185, 18, 248
-0.996311, 145, 113, 176, 240
-0.996333, 443, 265, 458, 328
-0.996342, 87, 289, 102, 352
-0.99635, 117, 129, 148, 375
-0.996379, 233, 161, 296, 224
-0.996383, 145, 281, 272, 344
-0.996386, 265, 1, 328, 375
-0.996389, 377, 185, 392, 248
-0.996389, 201, 225, 264, 288
-0.996391, 415, 225, 430, 288
-0.996396, 289, 89, 416, 152
-0.996439, 37, 313, 52, 375
-0.996443, 321, 189, 448, 220
-0.996473, 95, 281, 110, 344
-0.996482, 321, 1, 384, 375
-0.996496, 161, 209, 176, 272
-0.996504, 297, 1, 360, 375
-0.996514, 95, 233, 110, 296
-0.996515, 129, 257, 256, 288
-0.996517, 73, 193, 88, 256
-0.996524, 107, 281, 122, 344
-0.996536, 241, 261, 368, 292
-0.996548, 225, 33, 288, 288
-0.996552, 161, 193, 288, 224
-0.996561, 1, 253, 128, 284
-0.996578, 89, 97, 120, 224
-0.996579, 103, 209, 118, 272
-0.996581, 411, 1, 426, 64
-0.996585, 435, 265, 450, 328
-0.996587, 425, 33, 488, 96
-0.9966, 1, 121, 256, 184
-0.996608, 97, 329, 224, 360
-0.996614, 1, 337, 128, 368
-0.996633, 321, 285, 448, 316
-0.996643, 97, 281, 224, 312
-0.996647, 423, 1, 438, 64
-0.99665, 257, 293, 384, 324
-0.996655, 127, 165, 142, 196
-0.996656, 49, 341, 176, 372
-0.996665, 385, 297, 448, 360
-0.996674, 81, 129, 112, 375
-0.996686, 201, 113, 264, 176
-0.996691, 101, 305, 116, 368
-0.996714, 119, 185, 134, 248
-0.996721, 147, 305, 162, 368
-0.99673, 83, 249, 98, 312
-0.996768, 81, 193, 96, 256
-0.996773, 111, 145, 126, 208
-0.996776, 395, 153, 410, 216
-0.996777, 59, 241, 74, 304
-0.996781, 129, 97, 160, 352
-0.996791, 125, 193, 140, 256
-0.996802, 65, 273, 80, 336
-0.996803, 161, 229, 288, 260
-0.996806, 147, 225, 162, 288
-0.996821, 391, 1, 406, 64
-0.996823, 21, 313, 36, 375
-0.996829, 361, 129, 392, 256
-0.996837, 129, 209, 256, 240
-0.996847, 403, 185, 418, 248
-0.996859, 403, 1, 418, 64
-0.996863, 1, 137, 500, 200
-0.996876, 113, 193, 128, 256
-0.996905, 369, 173, 496, 204
-0.996914, 25, 185, 40, 248
-0.996919, 369, 193, 384, 256
-0.996924, 113, 269, 240, 300
-0.996938, 67, 313, 82, 375
-0.996948, 7, 273, 22, 336
-0.996951, 369, 245, 496, 276
-0.996978, 207, 137, 222, 200
-0.996985, 1, 161, 128, 192
-0.997, 119, 165, 134, 196
-0.997006, 101, 169, 116, 200
-0.997007, 1, 81, 32, 208
-0.997014, 155, 233, 170, 296
-0.997018, 397, 1, 412, 64
-0.997021, 119, 289, 134, 320
-0.997022, 65, 169, 80, 200
-0.997028, 153, 177, 168, 240
-0.997038, 297, 33, 360, 288
-0.997046, 321, 261, 448, 292
-0.997047, 77, 225, 92, 288
-0.997051, 369, 9, 496, 40
-0.997063, 193, 305, 448, 368
-0.997066, 111, 305, 126, 368
-0.997068, 113, 169, 128, 200
-0.99708, 1, 41, 128, 104
-0.997103, 89, 145, 104, 208
-0.997109, 189, 217, 204, 280
-0.997115, 107, 169, 122, 200
-0.99714, 125, 285, 140, 316
-0.997141, 113, 149, 240, 180
-0.997149, 167, 177, 182, 240
-0.997159, 5, 33, 20, 96
-0.997172, 49, 301, 64, 332
-0.997174, 35, 253, 50, 284
-0.997179, 481, 241, 496, 304
-0.997186, 89, 193, 104, 256
-0.997187, 77, 273, 92, 336
-0.997193, 77, 169, 92, 200
-0.997209, 129, 137, 256, 168
-0.99721, 41, 281, 56, 312
-0.997221, 95, 193, 110, 256
-0.997227, 71, 169, 86, 200
-0.997227, 161, 181, 288, 212
-0.997243, 49, 233, 64, 296
-0.997259, 51, 257, 66, 288
-0.997276, 141, 217, 156, 280
-0.997277, 369, 257, 496, 288
-0.997296, 113, 293, 128, 324
-0.997301, 57, 297, 72, 328
-0.997305, 257, 273, 384, 304
-0.997312, 249, 33, 312, 288
-0.997319, 31, 201, 46, 264
-0.997321, 343, 233, 358, 296
-0.997326, 473, 241, 488, 304
-0.997341, 83, 177, 98, 208
-0.997348, 33, 213, 160, 244
-0.997354, 25, 253, 40, 284
-0.997362, 325, 129, 356, 256
-0.997368, 189, 177, 220, 304
-0.997375, 129, 317, 256, 348
-0.997391, 73, 313, 88, 375
-0.997403, 59, 253, 74, 284
-0.997422, 289, 177, 416, 208
-0.997429, 107, 293, 122, 324
-0.997432, 73, 181, 88, 212
-0.997456, 91, 169, 106, 200
-0.997457, 369, 25, 496, 88
-0.99748, 345, 273, 376, 288
-0.997482, 73, 183, 104, 198
-0.997485, 169, 197, 200, 212
-0.997487, 289, 41, 416, 104
-0.997488, 53, 265, 84, 280
-0.997488, 49, 323, 80, 338
-0.997489, 133, 253, 164, 268
-0.997491, 45, 257, 60, 288
-0.997494, 25, 265, 40, 296
-0.997503, 103, 245, 118, 276
-0.997506, 73, 197, 88, 228
-0.997506, 19, 257, 34, 288
-0.997511, 341, 235, 372, 250
-0.997514, 17, 325, 48, 340
-0.997519, 117, 305, 148, 320
-0.997519, 35, 293, 50, 324
-0.997522, 181, 209, 196, 240
-0.997523, 63, 181, 78, 212
-0.997525, 453, 267, 484, 282
-0.997528, 149, 241, 164, 272
-0.997531, 389, 187, 420, 202
-0.997543, 133, 209, 148, 240
-0.997547, 45, 269, 60, 300
-0.997549, 45, 275, 76, 290
-0.99755, 13, 357, 44, 372
-0.997551, 93, 241, 108, 272
-0.997558, 111, 245, 126, 276
-0.99756, 113, 89, 240, 152
-0.997562, 125, 177, 140, 208
-0.997566, 35, 269, 50, 300
-0.997571, 417, 237, 448, 252
-0.997573, 3, 245, 18, 276
-0.997574, 159, 241, 174, 272
-0.997582, 129, 305, 256, 336
-0.997586, 321, 241, 352, 368
-0.997599, 101, 209, 132, 224
-0.997601, 29, 289, 44, 320
-0.997603, 209, 189, 336, 220
-0.997608, 101, 197, 116, 228
-0.997612, 119, 245, 134, 276
-0.997617, 93, 301, 124, 316
-0.997622, 143, 241, 158, 272
-0.997622, 141, 241, 172, 256
-0.997622, 51, 269, 66, 300
-0.997622, 145, 129, 176, 375
-0.997623, 185, 129, 216, 375
-0.997628, 119, 177, 134, 208
-0.997632, 1, 31, 32, 46
-0.997635, 69, 129, 100, 375
-0.997636, 81, 25, 208, 88
-0.997636, 369, 297, 496, 360
-0.997636, 257, 305, 384, 368
-0.997643, 457, 253, 488, 268
-0.997643, 69, 259, 100, 274
-0.997643, 105, 255, 136, 270
-0.997648, 1, 47, 32, 62
-0.997653, 101, 293, 116, 324
-0.997653, 11, 197, 26, 228
-0.997662, 113, 209, 144, 224
-0.997663, 81, 121, 208, 152
-0.997672, 133, 307, 164, 322
-0.997675, 109, 277, 140, 292
-0.997678, 1, 41, 32, 56
-0.99768, 81, 199, 112, 214
-0.99768, 29, 311, 60, 326
-0.997681, 5, 209, 20, 240
-0.997684, 9, 287, 40, 302
-0.997687, 377, 183, 408, 198
-0.997689, 143, 209, 158, 240
-0.997695, 429, 241, 460, 256
-0.997705, 105, 299, 136, 314
-0.99771, 449, 245, 464, 276
-0.997711, 45, 241, 60, 368
-0.997711, 109, 193, 124, 224
-0.997712, 83, 165, 98, 196
-0.997717, 181, 197, 196, 228
-0.997718, 91, 197, 106, 228
-0.997718, 401, 233, 432, 248
-0.997719, 353, 85, 480, 116
-0.997731, 35, 281, 50, 312
-0.997742, 157, 113, 188, 240
-0.997743, 113, 197, 144, 212
-0.997745, 145, 265, 176, 280
-0.997747, 165, 215, 196, 230
-0.997752, 131, 281, 146, 312
-0.997756, 169, 243, 200, 258
-0.997764, 85, 209, 116, 224
-0.997766, 169, 191, 200, 206
-0.997771, 33, 335, 64, 350
-0.997774, 115, 197, 130, 228
-0.99778, 425, 269, 440, 300
-0.997782, 49, 197, 80, 212
-0.997787, 47, 285, 62, 316
-0.997792, 123, 197, 138, 228
-0.997794, 161, 121, 416, 184
-0.997797, 137, 273, 168, 288
-0.997797, 173, 197, 188, 228
-0.997798, 197, 129, 228, 375
-0.9978, 129, 175, 160, 190
-0.997801, 461, 247, 492, 262
-0.997811, 91, 181, 106, 212
-0.997817, 117, 293, 148, 308
-0.997825, 469, 1, 500, 256
-0.997829, 129, 279, 160, 294
-0.997829, 225, 249, 352, 280
-0.99783, 41, 301, 56, 332
-0.997833, 17, 193, 32, 224
-0.997839, 149, 209, 164, 240
-0.99784, 21, 261, 52, 276
-0.997842, 13, 257, 28, 288
-0.99785, 129, 241, 144, 272
-0.997852, 93, 197, 124, 212
-0.997858, 153, 259, 184, 274
-0.997871, 123, 209, 138, 240
-0.997874, 273, 33, 336, 288
-0.997875, 1, 333, 32, 348
-0.997879, 1, 361, 32, 375
-0.99788, 61, 325, 92, 340
-0.997883, 63, 301, 78, 332
-0.997885, 159, 209, 174, 240
-0.997892, 105, 191, 136, 206
-0.997893, 131, 193, 146, 224
-0.997894, 1, 263, 32, 278
-0.997899, 175, 209, 190, 240
-0.9979, 457, 259, 488, 274
-0.9979, 169, 209, 184, 240
-0.997906, 53, 129, 84, 375
-0.997907, 101, 341, 132, 356
-0.997907, 381, 33, 412, 288
-0.997909, 79, 193, 94, 224
-0.99791, 69, 209, 100, 224
-0.997913, 157, 209, 188, 224
-0.997921, 379, 185, 394, 216
-0.997922, 141, 209, 172, 224
-0.997929, 353, 73, 480, 104
-0.997932, 125, 209, 156, 224
-0.997933, 169, 223, 200, 238
-0.997933, 209, 129, 240, 375
-0.997933, 37, 267, 68, 282
-0.997935, 117, 209, 132, 240
-0.997941, 33, 121, 160, 152
-0.997942, 13, 129, 44, 375
-0.997943, 45, 255, 76, 270
-0.997945, 49, 157, 176, 188
-0.997949, 25, 277, 40, 308
-0.997958, 95, 293, 110, 324
-0.997959, 105, 209, 120, 240
-0.997976, 273, 189, 400, 220
-0.997988, 49, 191, 80, 206
-0.997992, 111, 209, 126, 240
-0.997992, 41, 297, 72, 312
-0.997995, 65, 333, 96, 348
-0.997999, 5, 197, 20, 228
-0.998004, 13, 193, 44, 208
-0.998008, 1, 197, 32, 212
-0.998009, 167, 193, 182, 224
-0.998015, 21, 285, 52, 300
-0.998018, 353, 97, 480, 128
-0.998021, 437, 271, 468, 286
-0.998021, 69, 321, 84, 352
-0.998021, 125, 169, 156, 184
-0.998027, 69, 251, 100, 266
-0.998029, 133, 191, 164, 206
-0.998031, 131, 177, 146, 208
-0.998041, 51, 241, 66, 368
-0.998044, 109, 33, 140, 288
-0.998047, 75, 325, 90, 356
-0.998047, 85, 193, 100, 224
-0.99805, 13, 207, 44, 222
-0.998052, 161, 81, 416, 144
-0.998059, 225, 129, 256, 375
-0.998061, 137, 241, 152, 272
-0.998069, 133, 297, 148, 328
-0.99807, 459, 257, 474, 288
-0.998072, 177, 253, 304, 284
-0.998073, 49, 181, 80, 196
-0.998079, 69, 361, 100, 375
-0.998084, 39, 241, 54, 368
-0.998084, 17, 297, 48, 312
-0.998088, 133, 165, 148, 196
-0.998088, 147, 265, 162, 296
-0.998093, 121, 285, 152, 300
-0.998095, 85, 293, 100, 324
-0.998107, 121, 253, 152, 268
-0.998108, 141, 301, 156, 332
-0.998108, 85, 257, 116, 272
-0.998115, 21, 305, 52, 320
-0.998116, 93, 209, 108, 240
-0.998124, 103, 337, 118, 368
-0.998128, 111, 181, 126, 212
-0.99813, 365, 129, 396, 375
-0.998136, 59, 317, 74, 348
-0.99814, 403, 189, 418, 220
-0.998141, 385, 189, 400, 220
-0.998148, 25, 81, 88, 208
-0.998159, 1, 129, 32, 375
-0.99816, 25, 33, 88, 160
-0.998169, 257, 1, 500, 64
-0.998194, 345, 129, 376, 375
-0.998198, 151, 253, 166, 284
-0.9982, 97, 33, 128, 288
-0.998201, 57, 265, 72, 296
-0.998207, 5, 281, 36, 296
-0.998208, 9, 251, 40, 266
-0.998211, 123, 209, 138, 336
-0.998212, 193, 81, 224, 208
-0.998216, 137, 273, 152, 304
-0.998217, 23, 289, 38, 320
-0.998222, 237, 129, 268, 375
-0.998224, 181, 241, 196, 272
-0.998226, 205, 241, 236, 368
-0.998232, 25, 203, 56, 218
-0.99824, 99, 209, 114, 240
-0.99824, 1, 305, 128, 336
-0.998242, 125, 301, 140, 332
-0.998242, 417, 129, 448, 375
-0.998249, 3, 233, 18, 264
-0.998255, 451, 273, 466, 304
-0.998259, 1, 9, 128, 72
-0.998266, 97, 181, 112, 212
-0.998266, 53, 285, 68, 316
-0.998267, 225, 129, 256, 256
-0.998276, 119, 301, 134, 332
-0.998278, 373, 195, 404, 210
-0.99828, 321, 1, 448, 32
-0.998284, 441, 245, 472, 260
-0.998286, 73, 177, 104, 192
-0.998286, 73, 209, 88, 240
-0.998289, 193, 217, 320, 280
-0.998292, 1, 33, 32, 288
-0.998295, 443, 269, 458, 300
-0.998296, 391, 189, 406, 220
-0.998297, 161, 193, 176, 224
-0.9983, 91, 333, 106, 364
-0.9983, 87, 249, 102, 280
-0.998301, 421, 271, 452, 286
-0.998301, 31, 193, 46, 224
-0.998303, 161, 129, 192, 375
-0.998305, 17, 205, 32, 236
-0.998306, 79, 209, 94, 240
-0.998307, 17, 277, 32, 308
-0.998313, 81, 329, 96, 360
-0.998322, 21, 271, 52, 286
-0.998322, 53, 313, 68, 344
-0.998323, 397, 181, 412, 212
-0.998324, 165, 241, 180, 272
-0.998324, 109, 247, 140, 262
-0.998326, 129, 301, 160, 316
-0.998332, 289, 113, 416, 176
-0.998337, 77, 33, 108, 288
-0.998337, 483, 189, 498, 220
-0.998353, 461, 245, 476, 276
-0.998353, 71, 297, 86, 328
-0.998357, 249, 129, 280, 375
-0.998366, 9, 245, 24, 276
-0.998376, 105, 181, 120, 212
-0.998382, 457, 129, 488, 375
-0.998382, 453, 1, 484, 256
-0.998382, 57, 171, 120, 186
-0.998386, 429, 129, 460, 375
-0.998403, 117, 209, 132, 336
-0.998406, 353, 109, 480, 140
-0.998411, 81, 169, 144, 184
-0.998414, 9, 259, 72, 274
-0.998415, 173, 129, 204, 375
-0.998418, 105, 253, 168, 268
-0.998421, 193, 169, 320, 200
-0.998424, 401, 189, 432, 204
-0.998426, 73, 295, 136, 310
-0.998434, 361, 191, 424, 206
-0.998436, 25, 201, 88, 216
-0.998436, 49, 299, 112, 314
-0.998439, 89, 247, 152, 262
-0.998439, 177, 217, 304, 248
-0.998439, 159, 209, 174, 336
-0.998446, 137, 209, 200, 224
-0.998447, 157, 245, 188, 260
-0.998452, 69, 297, 100, 312
-0.998453, 65, 199, 128, 214
-0.998453, 17, 301, 80, 316
-0.998454, 61, 181, 92, 196
-0.998457, 241, 237, 368, 268
-0.998458, 113, 247, 176, 262
-0.998461, 129, 209, 144, 336
-0.998462, 89, 177, 152, 192
-0.998464, 49, 175, 80, 190
-0.998465, 409, 271, 472, 286
-0.998467, 21, 255, 52, 270
-0.998474, 1, 277, 64, 292
-0.998481, 9, 307, 72, 322
-0.998481, 181, 209, 196, 336
-0.998487, 9, 295, 72, 310
-0.998492, 57, 181, 120, 196
-0.998493, 9, 269, 72, 284
-0.998494, 149, 241, 164, 368
-0.998497, 137, 245, 200, 260
-0.998498, 37, 305, 68, 320
-0.9985, 105, 301, 168, 316
-0.998505, 41, 263, 104, 278
-0.998506, 81, 255, 144, 270
-0.998506, 321, 221, 448, 252
-0.998511, 9, 253, 72, 268
-0.998513, 137, 215, 200, 230
-0.998514, 113, 193, 176, 208
-0.99852, 385, 189, 448, 204
-0.99852, 57, 257, 120, 272
-0.998523, 65, 335, 128, 350
-0.998523, 97, 295, 160, 310
-0.998524, 37, 283, 68, 298
-0.998525, 33, 129, 64, 375
-0.998528, 137, 223, 200, 238
-0.998528, 369, 285, 496, 316
-0.998529, 33, 337, 96, 352
-0.998529, 369, 197, 496, 228
-0.99853, 369, 233, 432, 248
-0.99853, 337, 191, 400, 206
-0.998534, 121, 173, 184, 188
-0.998537, 449, 225, 464, 352
-0.998542, 57, 209, 120, 224
-0.998543, 105, 307, 168, 322
-0.998544, 33, 195, 96, 210
-0.998545, 161, 191, 224, 206
-0.998545, 103, 209, 118, 336
-0.998546, 33, 257, 96, 272
-0.998546, 261, 129, 292, 375
-0.998546, 17, 289, 80, 304
-0.998547, 113, 209, 176, 224
-0.998548, 41, 249, 104, 264
-0.998548, 1, 209, 64, 224
-0.998548, 177, 205, 304, 236
-0.998551, 17, 315, 80, 330
-0.998553, 65, 249, 128, 264
-0.998554, 409, 277, 472, 292
-0.998554, 81, 241, 144, 256
-0.998554, 41, 305, 104, 320
-0.998555, 289, 165, 416, 196
-0.998556, 1, 245, 64, 260
-0.998556, 33, 327, 96, 342
-0.998556, 49, 17, 112, 144
-0.998557, 21, 291, 52, 306
-0.998559, 345, 197, 408, 212
-0.99856, 65, 341, 128, 356
-0.99856, 33, 173, 96, 188
-0.998561, 97, 341, 224, 372
-0.998563, 113, 285, 176, 300
-0.998564, 81, 301, 144, 316
-0.998564, 9, 283, 72, 298
-0.998565, 409, 241, 472, 256
-0.99857, 89, 209, 152, 224
-0.998572, 89, 337, 152, 352
-0.998574, 329, 185, 392, 200
-0.998576, 325, 129, 356, 375
-0.998577, 111, 209, 126, 336
-0.998577, 137, 191, 200, 206
-0.998578, 377, 7, 440, 22
-0.998578, 41, 269, 104, 284
-0.998581, 73, 279, 136, 294
-0.998581, 97, 215, 160, 230
-0.998583, 89, 197, 152, 212
-0.998584, 409, 251, 472, 266
-0.998584, 377, 129, 408, 375
-0.998586, 433, 267, 496, 282
-0.998588, 89, 331, 152, 346
-0.998589, 177, 217, 240, 232
-0.99859, 201, 191, 264, 206
-0.99859, 401, 11, 464, 26
-0.99859, 393, 129, 424, 375
-0.998591, 337, 235, 400, 250
-0.998592, 73, 361, 136, 375
-0.998592, 169, 179, 232, 194
-0.998593, 137, 229, 200, 244
-0.998593, 81, 289, 144, 304
-0.998595, 113, 179, 176, 194
-0.998596, 81, 271, 144, 286
-0.998596, 41, 285, 104, 300
-0.998597, 441, 1, 472, 256
-0.998597, 433, 15, 496, 30
-0.998597, 129, 275, 192, 290
-0.998598, 169, 241, 232, 256
-0.998598, 33, 179, 96, 194
-0.998599, 361, 181, 424, 196
-0.998599, 1, 211, 32, 226
-0.998599, 409, 257, 472, 272
-0.998599, 369, 89, 432, 104
-0.9986, 137, 269, 200, 284
-0.9986, 17, 321, 80, 336
-0.998601, 97, 261, 160, 276
-0.998601, 145, 259, 208, 274
-0.998602, 25, 207, 88, 222
-0.998603, 469, 129, 500, 375
-0.998603, 177, 223, 240, 238
-0.998603, 369, 77, 432, 92
-0.998604, 25, 189, 88, 204
-0.998604, 177, 231, 240, 246
-0.998605, 177, 197, 240, 212
-0.998606, 145, 197, 208, 212
-0.998606, 445, 129, 476, 375
-0.998607, 49, 361, 112, 375
-0.998607, 105, 167, 168, 182
-0.998608, 41, 277, 104, 292
-0.998608, 41, 311, 104, 326
-0.998608, 169, 185, 232, 200
-0.998609, 137, 185, 200, 200
-0.998609, 145, 239, 208, 254
-0.99861, 9, 359, 72, 374
-0.99861, 1, 193, 64, 208
-0.99861, 65, 219, 128, 234
-0.998611, 81, 187, 144, 202
-0.998611, 177, 211, 240, 226
-0.998611, 57, 329, 120, 344
-0.998614, 297, 293, 360, 308
-0.998615, 1, 239, 64, 254
-0.998618, 305, 269, 368, 284
-0.998619, 1, 49, 64, 64
-0.998619, 425, 189, 488, 204
-0.99862, 9, 335, 72, 350
-0.99862, 369, 83, 432, 98
-0.99862, 297, 263, 360, 278
-0.998621, 113, 241, 176, 256
-0.998622, 49, 293, 112, 308
-0.998622, 1, 233, 64, 248
-0.998624, 169, 173, 232, 188
-0.998625, 161, 139, 224, 154
-0.998625, 369, 95, 432, 110
-0.998625, 57, 191, 120, 206
-0.998626, 105, 187, 168, 202
-0.998626, 145, 253, 208, 268
-0.998627, 175, 161, 190, 288
-0.998631, 129, 1, 160, 256
-0.998645, 137, 241, 152, 368
-0.998649, 37, 291, 68, 306
-0.998659, 121, 247, 152, 262
-0.998675, 393, 1, 424, 256
-0.998677, 129, 125, 256, 156
-0.998683, 175, 209, 190, 336
-0.998695, 1, 105, 500, 168
-0.998699, 169, 193, 184, 320
-0.998704, 117, 175, 148, 190
-0.998707, 25, 241, 40, 368
-0.998708, 257, 305, 384, 336
-0.998709, 65, 89, 192, 152
-0.99871, 31, 241, 46, 368
-0.998715, 57, 297, 88, 312
-0.998735, 369, 49, 496, 80
-0.998741, 193, 157, 320, 188
-0.99875, 405, 97, 436, 352
-0.998774, 89, 337, 120, 352
-0.998779, 389, 193, 420, 208
-0.998779, 153, 193, 168, 320
-0.998782, 81, 171, 112, 186
-0.998795, 5, 209, 20, 336
-0.998804, 137, 161, 152, 288
-0.998807, 165, 33, 196, 288
-0.998809, 353, 61, 480, 92
-0.99881, 273, 129, 304, 375
-0.998817, 53, 33, 84, 288
-0.998823, 145, 41, 272, 104
-0.998824, 97, 293, 224, 324
-0.998828, 97, 209, 112, 336
-0.99883, 129, 161, 144, 288
-0.998832, 425, 225, 440, 352
-0.998834, 77, 335, 108, 350
-0.998856, 161, 57, 416, 120
-0.998865, 97, 169, 128, 184
-0.998873, 193, 141, 320, 172
-0.998876, 83, 177, 98, 304
-0.998887, 443, 225, 458, 352
-0.998887, 21, 279, 52, 294
-0.998888, 41, 315, 72, 330
-0.998892, 143, 241, 158, 368
-0.998896, 85, 179, 116, 194
-0.9989, 431, 225, 446, 352
-0.998901, 123, 161, 138, 288
-0.998914, 11, 177, 26, 304
-0.998914, 169, 209, 200, 224
-0.998917, 285, 129, 316, 375
-0.998917, 89, 247, 120, 262
-0.998919, 143, 161, 158, 288
-0.998932, 193, 33, 224, 288
-0.998943, 1, 273, 32, 288
-0.998953, 91, 193, 106, 320
-0.998974, 273, 249, 400, 280
-0.998986, 437, 225, 452, 352
-0.998987, 173, 49, 204, 176
-0.998992, 321, 249, 448, 280
-0.998995, 23, 193, 38, 320
-0.999, 85, 295, 116, 310
-0.999003, 209, 297, 336, 328
-0.999005, 161, 161, 176, 288
-0.999012, 65, 1, 96, 256
-0.999015, 353, 121, 480, 152
-0.999022, 9, 257, 40, 272
-0.999032, 15, 241, 30, 368
-0.999034, 455, 241, 470, 368
-0.999035, 213, 33, 244, 288
-0.999035, 305, 73, 432, 104
-0.999041, 17, 193, 32, 320
-0.999042, 5, 161, 20, 288
-0.999049, 105, 177, 136, 192
-0.999052, 209, 313, 336, 375
-0.999053, 153, 33, 184, 288
-0.999057, 297, 129, 328, 375
-0.999059, 1, 57, 500, 120
-0.999078, 115, 161, 130, 288
-0.99908, 57, 241, 72, 368
-0.99908, 181, 161, 196, 288
-0.999082, 33, 129, 64, 256
-0.999083, 57, 259, 88, 274
-0.99909, 369, 221, 496, 252
-0.999096, 109, 129, 124, 256
-0.999097, 33, 1, 64, 256
-0.999107, 309, 129, 340, 375
-0.999115, 29, 299, 60, 314
-0.99913, 29, 193, 44, 320
-0.999145, 273, 1, 400, 128
-0.999149, 353, 137, 480, 168
-0.999155, 237, 129, 268, 256
-0.99916, 101, 129, 116, 256
-0.99916, 73, 177, 88, 304
-0.99916, 417, 33, 448, 288
-0.999161, 33, 257, 64, 272
-0.999162, 141, 1, 172, 256
-0.99917, 65, 265, 192, 296
-0.999183, 305, 305, 432, 336
-0.999183, 129, 113, 256, 144
-0.99919, 177, 1, 208, 256
-0.999198, 49, 303, 80, 318
-0.999215, 289, 153, 416, 184
-0.999218, 193, 241, 224, 368
-0.999223, 289, 85, 416, 116
-0.999234, 1, 45, 128, 76
-0.999235, 69, 199, 100, 214
-0.999239, 91, 145, 106, 272
-0.999245, 353, 297, 480, 328
-0.999257, 177, 241, 304, 272
-0.999262, 35, 193, 50, 320
-0.999273, 289, 321, 416, 352
-0.999279, 49, 133, 176, 164
-0.999279, 419, 209, 434, 336
-0.999288, 405, 1, 436, 256
-0.999322, 1, 33, 256, 96
-0.999333, 89, 241, 104, 368
-0.999341, 369, 345, 496, 375
-0.999352, 161, 73, 288, 136
-0.999365, 241, 177, 368, 208
-0.999368, 439, 1, 454, 128
-0.999371, 117, 299, 148, 314
-0.999373, 83, 241, 98, 368
-0.999375, 461, 241, 476, 368
-0.999379, 81, 53, 208, 84
-0.99938, 209, 273, 336, 304
-0.999381, 369, 33, 400, 288
-0.999382, 13, 33, 44, 288
-0.999396, 101, 81, 132, 208
-0.999404, 413, 209, 428, 336
-0.999407, 187, 193, 202, 320
-0.999433, 1, 81, 256, 144
-0.999434, 405, 1, 420, 128
-0.999435, 207, 129, 222, 256
-0.999442, 33, 145, 160, 176
-0.999475, 425, 1, 440, 128
-0.999475, 289, 57, 416, 88
-0.999481, 41, 193, 56, 320
-0.999485, 241, 225, 368, 256
-0.999485, 289, 141, 416, 172
-0.999496, 321, 201, 448, 232
-0.999497, 65, 171, 96, 186
-0.999501, 411, 1, 426, 128
-0.999506, 351, 177, 366, 304
-0.999511, 445, 1, 460, 128
-0.999515, 447, 177, 462, 304
-0.999517, 215, 177, 230, 304
-0.999519, 1, 57, 256, 120
-0.999523, 369, 157, 496, 188
-0.99954, 1, 33, 16, 160
-0.99954, 431, 1, 446, 128
-0.999541, 371, 177, 386, 304
-0.999548, 345, 209, 360, 336
-0.999555, 305, 101, 432, 132
-0.999557, 419, 1, 434, 128
-0.999558, 85, 129, 100, 256
-0.999568, 161, 33, 416, 96
-0.99957, 461, 177, 476, 304
-0.999576, 49, 109, 176, 140
-0.999582, 479, 1, 494, 128
-0.999599, 125, 113, 140, 240
-0.999601, 473, 1, 488, 128
-0.999604, 273, 241, 288, 368
-0.999606, 223, 177, 238, 304
-0.999609, 137, 247, 168, 262
-0.99961, 113, 343, 128, 358
-0.99961, 133, 175, 148, 190
-0.999612, 45, 301, 60, 316
-0.999613, 67, 257, 82, 272
-0.999613, 79, 199, 94, 214
-0.999613, 49, 269, 64, 284
-0.999614, 163, 209, 178, 224
-0.999614, 361, 177, 376, 304
-0.999614, 37, 199, 52, 214
-0.999614, 233, 177, 248, 304
-0.999615, 87, 257, 102, 272
-0.999615, 59, 263, 74, 278
-0.999615, 175, 209, 190, 224
-0.999615, 429, 33, 460, 288
-0.999616, 41, 295, 56, 310
-0.999616, 181, 221, 196, 236
-0.999617, 77, 261, 92, 276
-0.999618, 175, 191, 190, 206
-0.999618, 137, 209, 152, 224
-0.999618, 145, 303, 160, 318
-0.999618, 3, 271, 18, 286
-0.99962, 27, 255, 42, 270
-0.999621, 281, 241, 296, 368
-0.999622, 23, 287, 38, 302
-0.999622, 25, 205, 40, 220
-0.999623, 147, 209, 162, 224
-0.999623, 395, 189, 410, 204
-0.999623, 461, 247, 476, 262
-0.999625, 55, 255, 70, 270
-0.999625, 155, 259, 170, 274
-0.999626, 107, 339, 122, 354
-0.999626, 9, 271, 24, 286
-0.999626, 3, 237, 18, 252
-0.999626, 51, 297, 66, 312
-0.999627, 63, 191, 78, 206
-0.999627, 57, 311, 72, 326
-0.999628, 141, 271, 156, 286
-0.999629, 31, 203, 46, 218
-0.999629, 13, 209, 28, 224
-0.999629, 103, 247, 118, 262
-0.999631, 139, 113, 154, 240
-0.999633, 153, 209, 168, 224
-0.999634, 73, 297, 88, 312
-0.999635, 1, 265, 16, 280
-0.999636, 109, 247, 124, 262
-0.999636, 19, 207, 34, 222
-0.999638, 425, 271, 440, 286
-0.999638, 113, 169, 144, 184
-0.999639, 61, 257, 76, 272
-0.999639, 79, 179, 94, 194
-0.999641, 31, 283, 46, 298
-0.999642, 85, 295, 100, 310
-0.999642, 73, 179, 88, 194
-0.999643, 357, 33, 388, 288
-0.999645, 127, 283, 142, 298
-0.999645, 25, 279, 40, 294
-0.999647, 463, 1, 478, 128
-0.999648, 117, 245, 132, 260
-0.999649, 135, 277, 150, 292
-0.999649, 85, 179, 100, 194
-0.999651, 49, 259, 64, 274
-0.999651, 159, 245, 174, 260
-0.999653, 67, 297, 82, 312
-0.999653, 149, 265, 164, 280
-0.999653, 139, 301, 154, 316
-0.999654, 39, 255, 54, 270
-0.999655, 103, 181, 118, 196
-0.999655, 97, 179, 112, 194
-0.999656, 111, 177, 126, 192
-0.999657, 263, 241, 278, 368
-0.999657, 451, 247, 466, 262
-0.999657, 41, 287, 56, 302
-0.999658, 427, 177, 442, 304
-0.999658, 451, 1, 466, 128
-0.999659, 5, 361, 20, 375
-0.999659, 127, 175, 142, 190
-0.99966, 7, 277, 22, 292
-0.999662, 471, 241, 486, 368
-0.999662, 43, 281, 58, 296
-0.999662, 91, 249, 106, 264
-0.999663, 123, 247, 138, 262
-0.999665, 71, 173, 86, 188
-0.999665, 71, 327, 86, 342
-0.999665, 143, 247, 158, 262
-0.999665, 485, 1, 500, 128
-0.999667, 25, 295, 40, 310
-0.999667, 65, 181, 80, 196
-0.999667, 361, 225, 392, 352
-0.999668, 119, 177, 134, 192
-0.999668, 403, 189, 418, 204
-0.999668, 45, 313, 60, 328
-0.999668, 105, 293, 120, 308
-0.999671, 99, 337, 114, 352
-0.999671, 81, 171, 96, 186
-0.999671, 105, 169, 120, 184
-0.999671, 25, 267, 40, 282
-0.999672, 15, 257, 30, 272
-0.999675, 191, 129, 206, 256
-0.999675, 15, 273, 30, 288
-0.999676, 99, 171, 114, 186
-0.999678, 377, 161, 392, 288
-0.999678, 389, 193, 404, 208
-0.999679, 61, 321, 76, 336
-0.999679, 229, 33, 260, 288
-0.999679, 17, 357, 32, 372
-0.99968, 91, 179, 106, 194
-0.999681, 91, 295, 106, 310
-0.999681, 35, 289, 50, 304
-0.999682, 399, 177, 414, 304
-0.999683, 87, 171, 102, 186
-0.999684, 453, 177, 468, 304
-0.999684, 369, 33, 496, 64
-0.999684, 149, 251, 164, 266
-0.999684, 113, 169, 128, 184
-0.999685, 169, 145, 184, 272
-0.999685, 15, 283, 30, 298
-0.999685, 77, 333, 92, 348
-0.999686, 39, 301, 54, 316
-0.999688, 33, 255, 48, 270
-0.999688, 457, 1, 472, 128
-0.999689, 5, 211, 20, 226
-0.99969, 149, 245, 164, 260
-0.999691, 259, 177, 274, 304
-0.999691, 97, 295, 112, 310
-0.999693, 255, 241, 270, 368
-0.999693, 395, 195, 410, 210
-0.999695, 123, 297, 138, 312
-0.999697, 279, 177, 294, 304
-0.999699, 27, 261, 42, 276
-0.999699, 3, 247, 18, 262
-0.9997, 89, 335, 104, 350
-0.999701, 57, 305, 72, 320
-0.999702, 111, 293, 126, 308
-0.999703, 129, 247, 144, 262
-0.999706, 385, 49, 400, 176
-0.999708, 55, 317, 70, 332
-0.999709, 119, 169, 134, 184
-0.999709, 21, 257, 36, 272
-0.999709, 269, 177, 284, 304
-0.99971, 93, 171, 108, 186
-0.999711, 131, 299, 146, 314
-0.999711, 137, 247, 152, 262
-0.999712, 441, 177, 456, 304
-0.999713, 181, 209, 196, 224
-0.999714, 83, 333, 98, 348
-0.999719, 35, 295, 50, 310
-0.999721, 433, 177, 448, 304
-0.999722, 121, 289, 136, 304
-0.999722, 81, 41, 208, 72
-0.999723, 379, 189, 394, 204
-0.999724, 83, 361, 98, 375
-0.999725, 243, 177, 258, 304
-0.999734, 73, 199, 88, 214
-0.99974, 477, 241, 492, 368
-0.999748, 29, 289, 44, 304
-0.999753, 59, 299, 74, 314
-0.999755, 287, 241, 302, 368
-0.999756, 65, 173, 80, 188
-0.999757, 65, 241, 80, 368
-0.999758, 105, 293, 136, 308
-0.999763, 127, 169, 142, 184
-0.999764, 117, 295, 132, 310
-0.999769, 485, 177, 500, 304
-0.999776, 51, 311, 66, 326
-0.999777, 253, 177, 268, 304
-0.99978, 483, 241, 498, 368
-0.999785, 289, 113, 416, 144
-0.999785, 193, 129, 320, 160
-0.999785, 241, 33, 272, 288
-0.999785, 369, 325, 496, 356
-0.999794, 149, 145, 164, 272
-0.999796, 45, 307, 60, 322
-0.999803, 145, 53, 272, 84
-0.999805, 479, 177, 494, 304
-0.999805, 119, 113, 134, 240
-0.999806, 295, 241, 310, 368
-0.999811, 75, 241, 90, 368
-0.999816, 249, 241, 264, 368
-0.999822, 67, 177, 82, 304
-0.999823, 325, 33, 356, 288
-0.999824, 345, 33, 376, 288
-0.999825, 75, 129, 90, 256
-0.999825, 1, 1, 500, 64
-0.99983, 47, 193, 62, 320
-0.999833, 97, 29, 224, 60
-0.99984, 145, 293, 272, 324
-0.999847, 131, 113, 146, 240
-0.999857, 393, 193, 408, 320
-0.999857, 81, 65, 208, 96
-0.999858, 241, 213, 368, 244
-0.999861, 285, 177, 300, 304
-0.999866, 51, 303, 66, 318
-0.999866, 243, 241, 258, 368
-0.99987, 345, 161, 360, 288
-0.999889, 405, 209, 420, 336
-0.999891, 337, 177, 352, 304
-0.999893, 217, 129, 232, 256
-0.999898, 261, 129, 292, 256
-0.999915, 473, 177, 488, 304
-0.999917, 81, 81, 208, 112
-0.999928, 253, 33, 284, 288
-0.99993, 295, 177, 310, 304
-0.999934, 401, 97, 432, 224
-0.999938, 197, 129, 212, 256
-0.999951, 399, 1, 414, 128
-0.999954, 289, 125, 416, 156
-0.999955, 387, 209, 402, 336
-0.999956, 401, 129, 416, 256
-0.999961, 273, 33, 304, 288
-0.999965, 167, 241, 182, 368
-0.999978, 289, 45, 416, 76
-0.999982, 373, 189, 404, 204
-0.999986, 1, 33, 128, 64
-1, 81, 97, 208, 128
-1.00002, 285, 33, 316, 288
-1.00002, 305, 337, 432, 368
-1.00003, 1, 57, 128, 88
-1.00004, 273, 201, 400, 232
-1.00004, 313, 33, 344, 288
-1.00008, 301, 33, 332, 288
-1.00029, 1, 33, 500, 96
-1.00029, 373, 49, 404, 176
-1.00054, 1, 81, 500, 144
-1.00065, 257, 145, 500, 208
-1.00065, 257, 89, 500, 152
-1.00065, 249, 129, 280, 256
-1.0007, 285, 129, 316, 256
-1.00075, 185, 33, 248, 160
-1.00079, 1, 1, 256, 64
-1.0008, 97, 1, 224, 64
-1.00085, 305, 129, 336, 256
-1.00088, 177, 65, 304, 192
-1.00103, 289, 81, 352, 208
-1.00106, 257, 113, 500, 176
-1.00107, 13, 129, 44, 256
-1.0011, 161, 9, 416, 72
-1.00111, 225, 81, 288, 208
-1.00112, 125, 49, 156, 176
-1.00131, 257, 65, 500, 128
-1.00137, 425, 129, 456, 256
-1.00138, 469, 129, 500, 256
-1.00172, 273, 17, 400, 80
-1.00176, 113, 33, 144, 160
-1.00182, 397, 49, 428, 176
-1.00183, 257, 41, 500, 104
-1.00184, 453, 145, 484, 272
-1.00204, 161, 17, 288, 80
-1.00212, 153, 49, 184, 176
-1.00217, 17, 81, 144, 144
-1.00239, 177, 97, 304, 160
-1.0024, 241, 129, 368, 192
-1.00246, 49, 1, 176, 64
-1.00252, 273, 129, 304, 256
-1.00262, 441, 97, 472, 224
-1.00264, 77, 81, 108, 208
-1.00293, 313, 81, 376, 208
-1.00301, 265, 81, 328, 208
-1.00314, 349, 113, 380, 240
-1.00317, 361, 17, 392, 144
-1.00343, 65, 81, 96, 208
-1.00366, 389, 113, 420, 240
-1.00369, 361, 81, 392, 208
-1.00371, 137, 65, 168, 192
-1.00386, 337, 113, 368, 240
-1.00402, 101, 33, 132, 160
-1.00411, 89, 49, 120, 176
-1.00425, 469, 81, 500, 208
-1.00427, 413, 113, 444, 240
-1.00434, 265, 17, 328, 144
-1.00448, 241, 105, 368, 168
-1.00454, 225, 33, 288, 160
-1.00487, 209, 17, 336, 80
-1.00495, 193, 41, 320, 104
-1.00514, 313, 1, 376, 128
-1.00544, 257, 65, 384, 128
-1.00556, 289, 1, 352, 128
-1.00608, 225, 1, 352, 128
-1.00625, 209, 65, 336, 128
-1.00702, 241, 41, 368, 104
-1.00859, 241, 49, 368, 176
