1962
-0.386249, 129, 1, 384, 375
-0.387131, 1, 1, 500, 375
-0.433946, 257, 1, 500, 375
-0.463408, 1, 1, 500, 256
-0.486257, 1, 97, 500, 352
-0.514931, 33, 1, 288, 375
-0.6132, 97, 1, 352, 256
-0.634812, 257, 1, 500, 256
-0.643137, 193, 97, 448, 352
-0.705469, 65, 97, 320, 352
-0.812486, 1, 1, 256, 256
-0.824369, 209, 1, 336, 375
-0.849363, 289, 1, 416, 375
-0.863258, 145, 1, 272, 375
-0.864762, 177, 1, 304, 256
-0.874224, 369, 1, 496, 375
-0.876449, 337, 1, 464, 256
-0.882038, 225, 1, 352, 256
-0.882191, 177, 97, 304, 352
-0.885365, 129, 65, 256, 320
-0.888251, 225, 97, 352, 352
-0.894166, 289, 97, 416, 352
-0.8987, 1, 209, 500, 336
-0.902151, 273, 1, 400, 256
-0.905184, 1, 113, 500, 240
-0.908531, 97, 1, 224, 375
-0.911161, 81, 129, 208, 375
-0.914314, 337, 97, 464, 352
-0.919457, 1, 1, 500, 128
-0.921373, 193, 129, 448, 256
-0.925559, 1, 129, 128, 375
-0.925624, 1, 65, 500, 192
-0.925931, 1, 161, 500, 288
-0.930604, 257, 65, 500, 192
-0.931282, 129, 49, 384, 176
-0.937342, 225, 17, 480, 144
-0.938969, 1, 1, 128, 375
-0.939123, 193, 193, 448, 320
-0.939152, 33, 177, 288, 304
-0.940482, 369, 1, 496, 128
-0.942872, 193, 17, 320, 144
-0.943693, 33, 129, 288, 256
-0.944102, 81, 33, 208, 288
-0.945046, 185, 145, 248, 272
-0.946191, 97, 1, 352, 128
-0.946194, 209, 129, 336, 256
-0.948362, 273, 65, 336, 192
-0.949297, 145, 65, 272, 192
-0.95158, 209, 161, 272, 288
-0.952268, 145, 177, 272, 304
-0.952846, 257, 49, 384, 176
-0.953838, 145, 1, 272, 128
-0.955058, 161, 145, 224, 272
-0.955105, 385, 1, 448, 128
-0.955109, 201, 17, 264, 144
-0.95518, 257, 129, 384, 256
-0.955272, 225, 17, 288, 144
-0.95742, 49, 1, 176, 375
-0.957528, 241, 65, 304, 192
-0.957694, 321, 209, 448, 336
-0.95829, 209, 65, 336, 192
-0.95833, 33, 65, 288, 192
-0.958377, 225, 209, 288, 336
-0.959112, 169, 177, 232, 240
-0.959129, 81, 129, 208, 256
-0.959131, 249, 113, 312, 240
-0.959385, 297, 49, 360, 176
-0.960743, 361, 1, 424, 128
-0.961365, 417, 1, 480, 128
-0.961544, 249, 17, 312, 144
-0.961572, 185, 193, 248, 320
-0.962236, 257, 241, 500, 368
-0.962746, 33, 33, 160, 288
-0.962794, 305, 129, 432, 256
-0.963373, 97, 241, 352, 368
-0.963458, 177, 65, 240, 192
-0.963649, 353, 161, 480, 288
-0.964017, 377, 25, 440, 88
-0.964203, 273, 17, 336, 144
-0.964289, 209, 209, 272, 272
-0.964741, 193, 193, 320, 320
-0.964806, 401, 225, 464, 352
-0.965523, 297, 97, 360, 224
-0.965934, 137, 97, 200, 224
-0.966533, 273, 89, 336, 152
-0.966754, 1, 1, 256, 128
-0.966858, 321, 49, 384, 176
-0.967146, 305, 17, 432, 144
-0.967349, 177, 1, 240, 128
-0.96766, 377, 161, 440, 288
-0.967805, 193, 185, 256, 248
-0.968059, 217, 233, 280, 296
-0.968078, 169, 153, 232, 216
-0.96816, 161, 129, 288, 256
-0.968562, 425, 225, 488, 352
-0.968645, 209, 241, 336, 368
-0.968649, 369, 225, 496, 352
-0.968976, 321, 129, 384, 256
-0.969196, 273, 129, 336, 256
-0.969295, 265, 41, 328, 104
-0.9693, 177, 73, 240, 136
-0.969397, 201, 57, 264, 120
-0.96972, 249, 137, 312, 200
-0.970076, 217, 65, 280, 192
-0.970715, 265, 65, 328, 128
-0.970751, 225, 113, 288, 240
-0.970826, 273, 193, 400, 320
-0.971003, 377, 209, 440, 336
-0.971007, 241, 113, 304, 176
-0.971073, 201, 161, 264, 224
-0.97178, 401, 17, 464, 80
-0.971959, 177, 65, 240, 320
-0.972012, 217, 1, 280, 256
-0.972089, 233, 73, 296, 136
-0.972484, 217, 145, 248, 272
-0.972735, 353, 49, 416, 176
-0.972959, 353, 49, 480, 176
-0.973112, 249, 225, 312, 352
-0.973183, 225, 49, 288, 112
-0.973223, 233, 17, 264, 144
-0.973278, 353, 177, 416, 304
-0.973379, 161, 193, 224, 320
-0.973498, 345, 113, 408, 240
-0.97361, 145, 137, 208, 200
-0.973709, 17, 145, 80, 272
-0.97396, 393, 1, 424, 128
-0.97398, 297, 57, 360, 120
-0.974055, 353, 113, 480, 240
-0.974161, 281, 145, 344, 208
-0.974318, 129, 185, 256, 248
-0.974436, 321, 177, 384, 240
-0.974625, 353, 9, 416, 72
-0.974872, 161, 73, 288, 136
-0.97492, 289, 65, 320, 192
-0.975058, 1, 145, 128, 272
-0.975522, 313, 1, 376, 128
-0.975531, 153, 49, 216, 176
-0.975586, 369, 17, 496, 80
-0.97561, 217, 25, 280, 88
-0.97575, 9, 169, 72, 232
-0.976034, 297, 145, 360, 272
-0.97614, 241, 145, 368, 208
-0.976399, 425, 49, 488, 176
-0.976477, 137, 161, 200, 288
-0.976612, 241, 233, 304, 296
-0.976681, 185, 161, 216, 288
-0.976762, 177, 17, 240, 80
-0.977053, 205, 145, 236, 272
-0.977119, 409, 273, 472, 336
-0.977125, 113, 97, 176, 224
-0.977239, 241, 1, 304, 256
-0.977393, 369, 1, 432, 256
-0.977448, 305, 65, 432, 192
-0.977575, 313, 33, 376, 288
-0.977637, 273, 1, 336, 256
-0.977709, 145, 209, 272, 272
-0.977717, 401, 1, 464, 256
-0.977785, 313, 33, 376, 96
-0.977834, 401, 145, 464, 272
-0.978046, 393, 241, 456, 304
-0.978148, 169, 201, 232, 264
-0.978215, 433, 257, 496, 320
-0.978271, 273, 1, 336, 375
-0.978293, 121, 129, 184, 192
-0.978298, 97, 65, 224, 192
-0.978412, 177, 105, 304, 168
-0.978429, 97, 177, 224, 304
-0.978439, 277, 65, 308, 192
-0.978475, 81, 145, 208, 208
-0.978522, 185, 177, 216, 240
-0.978571, 361, 177, 424, 240
-0.978762, 337, 1, 400, 128
-0.978788, 201, 81, 264, 144
-0.97889, 173, 145, 204, 208
-0.978994, 209, 129, 272, 375
-0.979042, 233, 161, 296, 288
-0.979046, 425, 9, 488, 72
-0.979135, 249, 33, 280, 160
-0.979142, 221, 193, 252, 320
-0.97937, 177, 225, 240, 288
-0.979455, 145, 17, 272, 80
-0.979469, 377, 113, 440, 240
-0.979488, 241, 25, 304, 88
-0.979501, 241, 89, 368, 152
-0.979622, 257, 73, 288, 136
-0.979641, 305, 33, 336, 160
-0.979691, 353, 49, 416, 112
-0.979698, 41, 145, 104, 272
-0.979714, 285, 17, 316, 144
-0.979814, 213, 17, 244, 144
-0.979846, 145, 225, 272, 352
-0.979936, 209, 33, 336, 96
-0.97997, 393, 25, 424, 88
-0.980017, 281, 129, 344, 375
-0.980106, 257, 97, 320, 352
-0.980147, 241, 1, 368, 128
-0.980208, 177, 49, 240, 112
-0.980243, 161, 49, 288, 112
-0.980282, 1, 193, 128, 320
-0.980333, 33, 193, 96, 320
-0.980336, 89, 129, 152, 256
-0.980385, 225, 65, 352, 128
-0.980414, 217, 201, 248, 264
-0.980417, 197, 185, 228, 248
-0.980483, 225, 145, 288, 208
-0.980528, 229, 209, 260, 272
-0.98054, 177, 161, 304, 224
-0.980697, 137, 65, 200, 320
-0.980764, 265, 177, 328, 304
-0.980784, 313, 153, 376, 216
-0.980794, 137, 185, 200, 248
-0.981068, 377, 49, 440, 176
-0.981118, 145, 161, 208, 224
-0.981142, 401, 41, 464, 104
-0.981148, 193, 153, 224, 216
-0.981245, 433, 1, 496, 256
-0.981335, 245, 225, 276, 288
-0.981401, 377, 49, 440, 112
-0.981429, 429, 225, 460, 352
-0.981486, 401, 81, 464, 208
-0.981495, 353, 41, 480, 104
-0.981538, 177, 233, 304, 296
-0.981579, 353, 177, 480, 240
-0.981607, 233, 145, 264, 272
-0.981637, 425, 33, 488, 96
-0.981712, 289, 121, 352, 184
-0.981828, 289, 33, 320, 96
-0.981947, 417, 9, 448, 72
-0.982149, 137, 97, 200, 160
-0.982183, 265, 17, 328, 80
-0.982287, 257, 273, 320, 336
-0.982305, 193, 1, 256, 375
-0.982335, 265, 113, 296, 176
-0.982393, 409, 161, 472, 224
-0.982485, 233, 1, 296, 375
-0.98261, 177, 129, 240, 192
-0.982674, 249, 41, 280, 104
-0.982688, 301, 49, 332, 112
-0.982864, 217, 1, 280, 64
-0.982881, 321, 201, 384, 264
-0.982898, 297, 177, 360, 240
-0.982904, 49, 209, 176, 336
-0.982921, 301, 81, 332, 208
-0.982928, 213, 161, 244, 224
-0.983005, 265, 81, 296, 208
-0.983083, 233, 97, 296, 352
-0.983092, 229, 73, 260, 136
-0.983166, 193, 137, 320, 200
-0.983214, 1, 241, 256, 368
-0.983237, 65, 129, 128, 256
-0.983253, 33, 161, 96, 224
-0.983282, 309, 73, 340, 136
-0.983284, 269, 57, 300, 120
-0.983361, 433, 121, 496, 184
-0.983362, 305, 129, 432, 192
-0.983441, 337, 65, 400, 320
-0.983515, 277, 129, 308, 192
-0.983523, 237, 41, 268, 104
-0.983528, 273, 41, 400, 104
-0.983598, 1, 193, 64, 256
-0.983742, 433, 1, 464, 128
-0.983869, 417, 1, 448, 128
-0.983957, 277, 113, 308, 240
-0.983994, 65, 193, 128, 320
-0.984044, 165, 129, 196, 256
-0.984094, 361, 97, 424, 352
-0.984115, 237, 193, 268, 320
-0.98415, 293, 145, 324, 208
-0.984151, 261, 33, 292, 160
-0.98418, 401, 97, 464, 352
-0.984198, 1, 193, 64, 320
-0.984209, 289, 33, 352, 96
-0.984237, 177, 185, 304, 248
-0.984291, 285, 57, 316, 120
-0.984349, 169, 185, 200, 248
-0.984356, 305, 81, 368, 144
-0.984364, 153, 73, 216, 136
-0.984377, 257, 113, 384, 176
-0.9844, 329, 193, 392, 320
-0.984475, 461, 17, 492, 144
-0.984581, 237, 17, 268, 80
-0.984585, 245, 81, 276, 144
-0.984588, 201, 113, 264, 176
-0.984588, 305, 193, 368, 320
-0.984608, 345, 201, 408, 264
-0.984615, 417, 225, 448, 352
-0.984703, 273, 193, 400, 256
-0.984704, 257, 241, 288, 304
-0.984735, 209, 41, 240, 104
-0.984748, 209, 193, 240, 320
-0.984757, 337, 137, 400, 200
-0.98477, 305, 1, 368, 375
-0.984791, 161, 97, 224, 160
-0.984795, 425, 97, 488, 224
-0.984908, 205, 9, 236, 72
-0.984974, 5, 177, 36, 240
-0.985013, 425, 273, 456, 336
-0.98508, 277, 81, 308, 144
-0.985083, 193, 65, 224, 128
-0.985113, 153, 1, 216, 128
-0.98516, 49, 241, 112, 368
-0.985172, 205, 65, 236, 128
-0.985222, 401, 1, 464, 375
-0.985259, 377, 1, 440, 64
-0.985262, 289, 305, 352, 368
-0.985264, 385, 281, 448, 344
-0.985272, 305, 17, 432, 80
-0.985324, 181, 73, 212, 136
-0.985378, 433, 25, 464, 88
-0.985438, 345, 25, 376, 88
-0.985473, 425, 241, 456, 304
-0.985475, 269, 33, 300, 96
-0.985525, 433, 1, 464, 64
-0.985525, 273, 17, 304, 144
-0.985566, 229, 65, 260, 192
-0.98559, 425, 177, 488, 304
-0.985617, 89, 145, 152, 208
-0.985618, 309, 161, 340, 224
-0.98566, 49, 137, 112, 200
-0.985791, 65, 161, 128, 224
-0.985803, 289, 81, 320, 144
-0.98582, 329, 65, 392, 128
-0.985839, 225, 1, 256, 64
-0.985884, 161, 137, 192, 200
-0.98589, 433, 81, 496, 144
-0.98589, 41, 249, 104, 312
-0.985894, 9, 145, 72, 208
-0.9859, 233, 233, 264, 296
-0.986001, 337, 225, 464, 288
-0.986013, 221, 25, 252, 88
-0.986087, 41, 129, 104, 375
-0.986109, 265, 113, 328, 176
-0.986163, 305, 129, 368, 375
-0.986193, 253, 81, 284, 208
-0.986349, 413, 33, 444, 96
-0.986382, 449, 9, 480, 72
-0.986384, 129, 97, 256, 160
-0.986408, 213, 233, 244, 296
-0.986412, 433, 145, 496, 208
-0.986413, 329, 9, 392, 72
-0.986425, 273, 65, 400, 128
-0.986435, 321, 161, 352, 224
-0.986439, 225, 169, 352, 232
-0.986561, 249, 145, 280, 208
-0.986593, 249, 105, 280, 168
-0.9866, 41, 201, 104, 264
-0.986602, 1, 161, 128, 224
-0.98663, 357, 49, 388, 176
-0.986661, 405, 1, 436, 128
-0.986737, 273, 169, 336, 232
-0.986769, 233, 257, 296, 320
-0.986784, 169, 189, 232, 220
-0.986814, 221, 49, 252, 112
-0.986843, 305, 297, 336, 360
-0.986846, 321, 105, 384, 168
-0.986872, 361, 193, 392, 256
-0.986939, 469, 25, 500, 88
-0.986974, 33, 161, 64, 224
-0.986974, 433, 297, 496, 360
-0.987005, 433, 129, 496, 375
-0.987052, 357, 57, 388, 120
-0.987061, 25, 241, 88, 368
-0.987062, 321, 73, 352, 136
-0.987102, 245, 145, 276, 272
-0.987126, 129, 145, 256, 208
-0.987133, 361, 1, 424, 375
-0.987162, 401, 1, 432, 64
-0.987186, 401, 97, 464, 160
-0.987234, 373, 49, 404, 112
-0.987239, 233, 209, 296, 272
-0.987248, 325, 33, 356, 96
-0.98731, 169, 1, 232, 375
-0.987312, 369, 33, 400, 160
-0.987321, 269, 9, 300, 72
-0.987327, 225, 185, 288, 248
-0.987341, 381, 25, 412, 88
-0.987342, 289, 161, 416, 224
-0.98737, 265, 305, 328, 368
-0.98737, 249, 17, 280, 80
-0.987393, 369, 273, 496, 336
-0.987427, 329, 1, 392, 375
-0.987468, 449, 17, 480, 144
-0.987468, 313, 81, 344, 208
-0.987512, 249, 141, 312, 172
-0.987519, 257, 241, 384, 368
-0.987525, 301, 25, 332, 88
-0.98756, 229, 161, 260, 224
-0.987571, 193, 1, 224, 64
-0.987604, 385, 49, 416, 112
-0.987629, 181, 209, 212, 272
-0.987631, 313, 49, 344, 112
-0.987638, 189, 113, 220, 240
-0.987744, 369, 217, 432, 280
-0.987783, 145, 209, 208, 272
-0.987805, 373, 177, 404, 240
-0.987812, 153, 33, 216, 96
-0.987825, 81, 1, 208, 128
-0.987826, 409, 129, 472, 192
-0.987865, 201, 17, 232, 144
-0.987871, 157, 97, 188, 160
-0.987872, 285, 273, 316, 336
-0.987917, 81, 193, 208, 256
-0.987956, 193, 9, 320, 72
-0.987974, 237, 121, 268, 184
-0.987995, 385, 161, 416, 288
-0.988054, 361, 17, 392, 80
-0.988071, 45, 161, 76, 224
-0.988093, 157, 177, 188, 240
-0.9881, 89, 129, 152, 375
-0.988104, 137, 209, 200, 336
-0.988106, 217, 73, 248, 136
-0.988141, 349, 169, 380, 232
-0.988176, 369, 113, 496, 176
-0.988191, 225, 193, 352, 256
-0.988205, 1, 129, 64, 375
-0.988229, 433, 233, 496, 296
-0.988256, 445, 257, 476, 320
-0.988288, 289, 129, 320, 256
-0.988316, 381, 1, 412, 64
-0.988374, 181, 49, 212, 112
-0.988418, 1, 233, 64, 296
-0.988442, 333, 161, 364, 224
-0.988478, 293, 297, 324, 360
-0.988512, 377, 137, 440, 200
-0.988513, 345, 57, 376, 120
-0.988513, 413, 241, 444, 304
-0.988533, 65, 129, 128, 375
-0.988541, 201, 241, 264, 368
-0.988572, 337, 185, 368, 248
-0.988577, 177, 1, 208, 64
-0.988609, 193, 273, 320, 336
-0.988611, 245, 201, 276, 264
-0.988612, 329, 33, 360, 160
-0.988638, 385, 169, 448, 232
-0.98867, 197, 41, 228, 104
-0.988686, 1, 241, 128, 368
-0.988688, 185, 129, 216, 192
-0.988718, 229, 185, 260, 248
-0.988725, 429, 153, 460, 216
-0.988729, 197, 129, 228, 192
-0.988756, 313, 25, 344, 88
-0.988757, 1, 97, 128, 224
-0.988763, 201, 137, 264, 200
-0.988777, 129, 49, 192, 176
-0.988811, 9, 145, 40, 208
-0.98883, 201, 225, 232, 288
-0.988836, 241, 1, 304, 64
-0.988841, 393, 17, 456, 48
-0.98886, 309, 185, 340, 248
-0.988865, 173, 121, 204, 184
-0.988903, 401, 233, 432, 296
-0.988918, 385, 29, 448, 60
-0.98898, 21, 153, 52, 216
-0.988998, 409, 297, 472, 360
-0.989024, 425, 1, 488, 375
-0.989041, 121, 161, 184, 224
-0.989109, 137, 105, 168, 168
-0.98912, 309, 129, 340, 256
-0.989133, 113, 105, 176, 168
-0.989135, 305, 137, 336, 200
-0.989138, 169, 89, 200, 152
-0.989142, 269, 249, 300, 312
-0.989151, 261, 145, 292, 208
-0.989164, 409, 73, 472, 136
-0.989166, 41, 97, 104, 224
-0.989209, 53, 201, 84, 264
-0.989229, 113, 145, 144, 208
-0.98923, 257, 17, 384, 80
-0.989232, 349, 193, 380, 256
-0.989245, 185, 65, 216, 192
-0.989287, 217, 229, 280, 260
-0.98929, 405, 209, 436, 336
-0.989352, 297, 9, 360, 72
-0.989373, 97, 241, 224, 368
-0.989391, 325, 121, 356, 184
-0.989434, 129, 1, 192, 128
-0.989444, 113, 65, 240, 128
-0.989476, 177, 113, 208, 240
-0.989477, 441, 129, 472, 192
-0.989478, 441, 161, 472, 224
-0.989484, 253, 225, 284, 352
-0.989485, 181, 25, 212, 88
-0.989502, 465, 137, 496, 200
-0.989519, 65, 169, 192, 232
-0.989548, 333, 57, 364, 120
-0.989548, 469, 273, 500, 336
-0.989551, 433, 169, 496, 232
-0.989569, 225, 233, 352, 296
-0.9896, 17, 177, 48, 240
-0.989618, 201, 213, 264, 244
-0.989635, 177, 241, 240, 368
-0.989642, 321, 185, 352, 248
-0.989652, 33, 233, 64, 296
-0.989653, 289, 9, 320, 72
-0.989675, 97, 153, 128, 216
-0.989754, 89, 225, 152, 352
-0.989773, 281, 153, 312, 216
-0.989834, 413, 161, 444, 288
-0.989839, 257, 89, 320, 120
-0.989843, 97, 121, 224, 184
-0.989851, 417, 153, 448, 216
-0.989862, 353, 153, 480, 216
-0.989865, 169, 177, 232, 208
-0.989867, 197, 193, 228, 320
-0.989872, 453, 129, 484, 192
-0.989878, 185, 201, 248, 232
-0.989882, 113, 97, 176, 352
-0.989902, 413, 281, 444, 344
-0.989917, 421, 89, 452, 152
-0.989917, 349, 129, 380, 192
-0.989937, 385, 177, 416, 240
-0.989941, 309, 97, 340, 160
-0.989985, 321, 65, 448, 128
-0.990008, 369, 145, 400, 272
-0.990026, 401, 257, 432, 320
-0.990031, 353, 225, 416, 352
-0.990126, 241, 129, 304, 160
-0.990127, 417, 21, 480, 52
-0.990142, 165, 81, 196, 208
-0.990157, 433, 57, 496, 120
-0.990166, 153, 1, 216, 64
-0.990174, 145, 281, 208, 344
-0.990288, 273, 225, 336, 352
-0.99031, 145, 149, 208, 180
-0.990413, 325, 97, 356, 224
-0.990452, 337, 249, 464, 312
-0.990476, 173, 177, 204, 304
-0.990602, 177, 157, 240, 188
-0.990622, 181, 1, 212, 128
-0.990642, 361, 21, 424, 52
-0.990673, 241, 313, 304, 375
-0.990678, 297, 201, 360, 264
-0.99069, 265, 217, 328, 280
-0.990699, 241, 97, 272, 224
-0.990716, 321, 241, 384, 368
-0.990822, 225, 245, 288, 276
-0.990832, 341, 33, 372, 160
-0.990838, 197, 65, 228, 192
-0.990854, 177, 77, 240, 108
-0.990867, 1, 241, 64, 368
-0.990962, 349, 113, 380, 240
-0.99101, 397, 145, 428, 272
-0.991036, 353, 281, 416, 344
-0.991077, 137, 1, 200, 375
-0.991098, 193, 193, 448, 256
-0.991105, 249, 77, 312, 108
-0.991156, 313, 129, 376, 192
-0.991201, 369, 89, 496, 152
-0.991212, 305, 281, 368, 344
-0.991219, 1, 177, 32, 304
-0.991225, 89, 81, 152, 208
-0.99126, 233, 113, 296, 144
-0.991271, 193, 65, 256, 96
-0.991328, 381, 1, 412, 128
-0.991354, 113, 241, 176, 368
-0.991496, 385, 45, 448, 76
-0.991496, 281, 77, 344, 108
-0.9915, 321, 193, 384, 224
-0.99152, 217, 89, 280, 120
-0.991548, 41, 273, 104, 336
-0.991644, 161, 161, 416, 224
-0.991675, 377, 89, 440, 152
-0.991679, 265, 49, 328, 80
-0.991729, 49, 81, 176, 208
-0.991731, 201, 313, 264, 375
-0.991757, 441, 225, 472, 352
-0.99176, 265, 241, 328, 304
-0.991821, 425, 37, 488, 68
-0.99183, 49, 225, 112, 288
-0.991876, 1, 185, 64, 216
-0.991876, 181, 173, 212, 204
-0.991878, 209, 25, 272, 56
-0.991893, 161, 305, 224, 368
-0.991911, 321, 145, 352, 272
-0.991961, 345, 225, 408, 288
-0.991998, 17, 97, 80, 224
-0.992004, 401, 217, 464, 280
-0.992132, 217, 69, 280, 100
-0.992204, 369, 257, 432, 320
-0.992211, 337, 201, 464, 264
-0.992243, 209, 273, 272, 336
-0.992251, 145, 165, 208, 196
-0.992308, 45, 145, 76, 272
-0.99232, 137, 97, 168, 224
-0.992416, 305, 273, 432, 336
-0.99242, 321, 177, 384, 208
-0.992426, 1, 217, 500, 280
-0.992438, 161, 81, 416, 144
-0.992444, 417, 277, 480, 308
-0.992459, 393, 25, 424, 56
-0.992488, 333, 145, 364, 272
-0.992501, 361, 33, 424, 64
-0.992534, 169, 17, 232, 48
-0.992543, 433, 73, 496, 104
-0.992591, 433, 265, 496, 296
-0.9926, 137, 137, 200, 168
-0.992605, 185, 185, 216, 216
-0.992639, 193, 169, 256, 200
-0.992645, 65, 81, 128, 208
-0.992645, 249, 233, 280, 264
-0.992651, 321, 89, 448, 152
-0.992653, 273, 153, 336, 184
-0.992706, 217, 81, 248, 208
-0.992723, 381, 49, 412, 176
-0.992752, 297, 241, 360, 368
-0.992759, 273, 297, 400, 360
-0.992806, 257, 37, 320, 68
-0.992844, 9, 129, 40, 256
-0.992866, 177, 93, 240, 124
-0.992879, 233, 153, 296, 184
-0.992883, 377, 305, 440, 368
-0.992885, 393, 277, 456, 308
-0.992889, 393, 209, 424, 336
-0.992918, 273, 65, 336, 96
-0.992935, 197, 181, 228, 212
-0.992953, 81, 97, 208, 160
-0.992996, 65, 281, 192, 344
-0.993039, 361, 185, 424, 216
-0.993049, 305, 49, 368, 80
-0.993049, 177, 53, 240, 84
-0.993066, 297, 61, 360, 92
-0.993089, 241, 221, 272, 252
-0.993095, 193, 181, 256, 212
-0.993103, 205, 193, 236, 224
-0.99311, 33, 193, 288, 256
-0.993126, 177, 153, 208, 184
-0.993133, 297, 165, 360, 196
-0.993137, 17, 257, 80, 320
-0.993141, 417, 17, 448, 48
-0.993144, 369, 113, 432, 176
-0.99316, 369, 297, 496, 360
-0.99318, 289, 41, 320, 72
-0.993187, 89, 149, 152, 180
-0.993204, 225, 49, 288, 80
-0.993207, 177, 141, 208, 172
-0.993208, 229, 81, 260, 112
-0.993214, 169, 165, 200, 196
-0.993214, 225, 25, 256, 56
-0.993214, 153, 113, 184, 240
-0.993214, 265, 241, 296, 368
-0.993222, 273, 129, 304, 160
-0.993238, 193, 217, 448, 280
-0.993259, 65, 33, 128, 288
-0.99326, 217, 201, 248, 232
-0.993267, 257, 129, 500, 192
-0.993273, 257, 177, 288, 304
-0.993279, 129, 265, 256, 328
-0.993287, 161, 25, 416, 88
-0.993289, 129, 233, 256, 296
-0.993299, 193, 233, 256, 264
-0.993318, 145, 177, 208, 208
-0.993324, 169, 145, 232, 176
-0.993331, 281, 89, 344, 120
-0.993355, 161, 217, 224, 248
-0.993372, 241, 233, 304, 264
-0.993396, 257, 57, 500, 120
-0.993401, 33, 145, 64, 272
-0.993424, 225, 101, 288, 132
-0.99343, 257, 85, 288, 116
-0.993432, 229, 233, 260, 264
-0.993446, 253, 245, 284, 276
-0.993449, 241, 245, 272, 276
-0.993461, 361, 53, 424, 84
-0.993463, 1, 145, 256, 208
-0.993474, 257, 241, 500, 304
-0.993477, 9, 173, 72, 204
-0.993503, 165, 141, 196, 172
-0.993514, 229, 209, 260, 240
-0.993523, 297, 257, 360, 320
-0.993526, 425, 277, 456, 308
-0.993528, 301, 81, 332, 112
-0.993532, 417, 157, 480, 188
-0.993537, 97, 1, 224, 64
-0.993542, 97, 41, 224, 104
-0.993561, 181, 213, 212, 244
-0.993565, 249, 41, 280, 72
-0.993578, 397, 37, 428, 68
-0.993586, 425, 9, 488, 40
-0.993594, 173, 185, 204, 216
-0.993596, 1, 233, 128, 296
-0.9936, 25, 225, 88, 288
-0.993615, 89, 1, 152, 375
-0.993615, 293, 53, 324, 84
-0.993617, 233, 37, 296, 68
-0.993617, 257, 109, 288, 140
-0.993637, 209, 313, 336, 375
-0.993648, 289, 217, 416, 280
-0.993654, 305, 85, 368, 116
-0.99367, 433, 33, 464, 64
-0.993671, 313, 85, 344, 116
-0.993672, 213, 25, 244, 56
-0.993672, 5, 181, 36, 212
-0.993686, 277, 73, 308, 104
-0.99369, 205, 65, 236, 96
-0.993693, 237, 69, 268, 100
-0.993704, 161, 153, 192, 184
-0.993709, 289, 81, 320, 112
-0.993719, 193, 157, 224, 188
-0.993729, 269, 49, 300, 80
-0.993736, 245, 25, 276, 56
-0.993756, 49, 157, 112, 188
-0.99376, 461, 73, 492, 104
-0.993762, 413, 5, 444, 36
-0.993766, 265, 129, 328, 160
-0.993772, 289, 149, 320, 180
-0.993785, 285, 29, 316, 60
-0.993788, 305, 65, 336, 96
-0.993798, 373, 57, 404, 88
-0.993799, 421, 33, 452, 64
-0.993807, 269, 37, 300, 68
-0.993809, 417, 49, 448, 176
-0.993812, 129, 65, 192, 128
-0.993814, 249, 73, 280, 104
-0.993825, 193, 77, 224, 108
-0.99383, 185, 209, 216, 336
-0.993831, 461, 33, 492, 64
-0.993832, 229, 221, 260, 252
-0.993846, 245, 89, 276, 120
-0.99385, 469, 149, 500, 180
-0.993856, 225, 217, 288, 248
-0.99386, 9, 153, 72, 184
-0.993861, 209, 77, 240, 108
-0.993872, 269, 61, 300, 92
-0.993877, 25, 1, 88, 375
-0.993878, 253, 149, 284, 180
-0.993885, 429, 21, 460, 52
-0.993887, 241, 129, 272, 160
-0.993892, 1, 1, 64, 375
-0.993892, 385, 53, 416, 84
-0.993904, 65, 225, 320, 288
-0.993907, 269, 117, 300, 148
-0.993908, 241, 25, 304, 56
-0.993909, 265, 73, 296, 104
-0.993914, 105, 257, 168, 320
-0.993916, 229, 41, 260, 72
-0.993922, 181, 77, 212, 108
-0.993924, 113, 145, 144, 176
-0.993938, 433, 9, 464, 40
-0.993938, 449, 261, 480, 292
-0.99394, 209, 129, 272, 160
-0.994003, 449, 69, 480, 100
-0.994012, 253, 53, 284, 84
-0.994018, 449, 17, 480, 48
-0.994018, 337, 21, 400, 52
-0.994021, 25, 33, 88, 288
-0.994029, 289, 141, 352, 172
-0.994033, 49, 257, 176, 320
-0.994035, 113, 141, 176, 172
-0.994042, 289, 69, 320, 100
-0.994042, 301, 93, 332, 124
-0.994045, 341, 177, 372, 208
-0.994051, 449, 29, 480, 60
-0.994051, 9, 233, 72, 264
-0.994057, 305, 161, 336, 192
-0.994084, 429, 245, 460, 276
-0.994085, 193, 169, 224, 200
-0.994086, 369, 21, 496, 52
-0.994091, 349, 197, 380, 228
-0.994094, 381, 25, 412, 56
-0.994095, 229, 93, 260, 124
-0.994097, 49, 1, 112, 375
-0.994101, 277, 141, 308, 172
-0.994111, 425, 177, 456, 304
-0.994126, 397, 13, 428, 44
-0.994132, 265, 249, 296, 280
-0.994132, 245, 101, 276, 132
-0.994133, 189, 137, 220, 168
-0.994134, 197, 17, 228, 48
-0.994136, 345, 53, 376, 84
-0.994139, 329, 37, 392, 68
-0.99414, 269, 85, 300, 116
-0.994141, 297, 301, 328, 332
-0.994144, 209, 97, 240, 128
-0.994147, 161, 197, 192, 228
-0.994148, 65, 157, 96, 188
-0.994152, 169, 5, 232, 36
-0.994155, 317, 169, 348, 200
-0.994161, 177, 1, 208, 32
-0.994165, 361, 61, 392, 92
-0.99417, 225, 57, 256, 88
-0.994175, 1, 33, 64, 288
-0.99418, 265, 25, 296, 56
-0.994189, 281, 53, 312, 84
-0.99419, 209, 45, 240, 76
-0.994203, 409, 29, 440, 60
-0.994207, 369, 185, 400, 216
-0.994212, 401, 249, 464, 280
-0.994216, 297, 181, 360, 212
-0.994221, 161, 181, 192, 212
-0.994223, 309, 53, 340, 84
-0.994228, 185, 257, 248, 320
-0.994235, 225, 69, 256, 100
-0.994247, 97, 137, 352, 200
-0.994251, 17, 173, 48, 204
-0.994253, 337, 29, 368, 60
-0.994256, 49, 169, 80, 200
-0.994258, 177, 93, 208, 124
-0.994259, 225, 109, 256, 140
-0.994264, 177, 61, 208, 92
-0.994279, 441, 157, 472, 188
-0.99428, 157, 97, 188, 128
-0.994281, 221, 13, 252, 44
-0.994288, 169, 229, 232, 260
-0.9943, 361, 205, 392, 236
-0.994301, 317, 17, 348, 144
-0.99431, 153, 137, 184, 168
-0.994318, 381, 285, 412, 316
-0.994319, 193, 217, 224, 248
-0.994323, 165, 129, 196, 160
-0.994324, 237, 53, 268, 84
-0.994338, 329, 205, 392, 236
-0.994341, 401, 285, 432, 316
-0.994344, 309, 301, 340, 332
-0.994347, 241, 157, 272, 188
-0.994347, 181, 201, 212, 232
-0.994349, 325, 65, 356, 96
-0.994349, 137, 197, 200, 228
-0.994364, 235, 209, 250, 272
-0.994369, 329, 173, 360, 204
-0.99437, 457, 153, 488, 184
-0.994371, 197, 229, 228, 260
-0.994371, 191, 153, 206, 216
-0.994372, 417, 45, 448, 76
-0.994422, 177, 41, 240, 72
-0.994429, 385, 5, 448, 36
-0.994441, 177, 29, 240, 60
-0.994482, 161, 141, 288, 172
-0.994514, 417, 97, 448, 224
-0.994524, 265, 65, 280, 128
-0.994531, 113, 1, 176, 375
-0.994545, 33, 169, 96, 200
-0.994552, 273, 165, 336, 196
-0.994556, 273, 101, 336, 132
-0.994587, 233, 257, 296, 288
-0.994588, 241, 65, 304, 96
-0.994601, 417, 85, 480, 116
-0.994603, 409, 69, 472, 100
-0.994603, 265, 297, 328, 328
-0.99464, 169, 65, 232, 96
-0.994641, 17, 209, 144, 272
-0.994652, 129, 57, 384, 120
-0.994695, 193, 109, 256, 140
-0.994698, 209, 185, 224, 248
-0.994721, 17, 137, 144, 200
-0.994724, 385, 113, 416, 240
-0.994735, 209, 141, 272, 172
-0.994739, 369, 285, 432, 316
-0.99475, 281, 33, 344, 64
-0.994751, 453, 225, 484, 352
-0.994755, 153, 101, 216, 132
-0.994813, 129, 125, 192, 156
-0.994817, 41, 145, 104, 176
-0.994824, 241, 145, 368, 176
-0.994838, 81, 161, 144, 192
-0.994868, 209, 201, 272, 232
-0.994895, 329, 165, 392, 196
-0.994896, 145, 205, 272, 236
-0.994901, 113, 129, 144, 256
-0.994905, 243, 217, 258, 280
-0.994906, 361, 9, 424, 40
-0.994914, 365, 97, 396, 224
-0.994925, 201, 53, 264, 84
-0.994925, 97, 1, 160, 256
-0.994961, 429, 129, 460, 256
-0.994971, 289, 129, 352, 160
-0.994977, 41, 201, 104, 232
-0.994998, 177, 85, 304, 116
-0.99501, 433, 169, 496, 200
-0.995016, 353, 65, 416, 96
-0.995021, 145, 217, 272, 248
-0.995027, 197, 177, 212, 240
-0.995058, 259, 73, 274, 136
-0.995059, 257, 277, 320, 308
-0.99506, 113, 193, 240, 224
-0.995073, 183, 145, 198, 208
-0.995077, 297, 345, 360, 375
-0.995082, 201, 37, 264, 68
-0.995099, 9, 205, 72, 236
-0.995103, 153, 77, 216, 108
-0.995123, 357, 1, 388, 128
-0.995144, 257, 17, 500, 80
-0.995145, 217, 13, 280, 44
-0.995153, 305, 29, 368, 60
-0.995164, 219, 193, 234, 256
-0.995172, 405, 17, 420, 80
-0.995214, 129, 1, 384, 64
-0.995219, 1, 169, 256, 232
-0.995224, 161, 201, 224, 232
-0.995252, 259, 25, 274, 88
-0.995253, 289, 129, 304, 192
-0.995258, 137, 209, 200, 240
-0.995265, 81, 149, 208, 180
-0.995297, 305, 73, 368, 104
-0.995299, 297, 197, 360, 228
-0.995325, 249, 245, 312, 276
-0.995329, 257, 341, 320, 372
-0.995329, 177, 161, 304, 192
-0.995342, 329, 49, 392, 80
-0.995345, 261, 233, 276, 296
-0.995353, 219, 161, 234, 224
-0.995359, 273, 185, 336, 216
-0.995372, 433, 141, 496, 172
-0.995381, 177, 145, 192, 208
-0.995386, 229, 201, 244, 264
-0.995402, 49, 257, 112, 288
-0.995409, 273, 81, 288, 144
-0.995415, 25, 185, 88, 216
-0.99543, 1, 257, 128, 320
-0.99543, 257, 105, 500, 168
-0.995443, 369, 193, 400, 320
-0.99546, 321, 297, 448, 360
-0.995468, 283, 121, 298, 184
-0.995473, 297, 101, 360, 132
-0.995484, 145, 305, 272, 368
-0.995497, 385, 177, 448, 208
-0.995507, 433, 129, 496, 160
-0.995547, 199, 153, 214, 216
-0.99555, 253, 49, 268, 112
-0.995557, 161, 233, 288, 264
-0.995584, 257, 81, 500, 144
-0.995592, 129, 105, 384, 168
-0.995621, 145, 181, 272, 212
-0.995635, 203, 177, 218, 240
-0.99565, 161, 193, 288, 224
-0.995652, 189, 177, 204, 240
-0.995726, 323, 73, 338, 136
-0.995752, 225, 73, 352, 104
-0.995761, 181, 169, 196, 232
-0.995768, 251, 225, 266, 288
-0.995769, 57, 129, 88, 256
-0.995783, 227, 33, 242, 96
-0.995802, 65, 81, 320, 144
-0.995807, 21, 145, 52, 272
-0.995822, 205, 153, 220, 216
-0.995827, 265, 41, 280, 104
-0.995855, 49, 233, 176, 296
-0.995858, 315, 57, 330, 120
-0.995917, 125, 113, 156, 240
-0.99598, 145, 21, 272, 52
-0.995981, 381, 209, 412, 336
-0.996004, 161, 97, 288, 128
-0.996023, 113, 145, 176, 272
-0.996038, 245, 17, 260, 80
-0.996051, 293, 49, 308, 112
-0.996071, 273, 249, 400, 312
-0.996109, 353, 193, 384, 320
-0.996111, 225, 89, 352, 120
-0.996126, 271, 105, 286, 168
-0.996159, 69, 193, 100, 320
-0.996175, 267, 241, 282, 304
-0.996186, 431, 9, 446, 72
-0.996186, 193, 129, 320, 160
-0.996204, 321, 161, 336, 224
-0.996225, 287, 57, 302, 120
-0.99625, 297, 25, 312, 88
-0.996261, 161, 61, 288, 92
-0.99627, 281, 89, 296, 152
-0.996299, 231, 57, 246, 120
-0.996316, 303, 33, 318, 96
-0.996328, 395, 25, 410, 88
-0.996347, 259, 49, 274, 112
-0.996368, 201, 73, 216, 136
-0.996369, 97, 177, 224, 208
-0.996408, 425, 1, 440, 64
-0.996416, 251, 73, 266, 136
-0.996424, 1, 145, 500, 208
-0.996457, 411, 25, 426, 88
-0.99646, 303, 65, 318, 128
-0.996464, 219, 17, 234, 80
-0.996475, 3, 185, 18, 248
-0.996491, 129, 77, 256, 108
-0.996517, 225, 157, 352, 188
-0.99652, 321, 21, 448, 52
-0.996558, 207, 65, 222, 128
-0.996565, 277, 113, 292, 176
-0.99658, 65, 33, 320, 96
-0.996582, 227, 169, 242, 232
-0.996585, 369, 9, 496, 40
-0.9966, 297, 145, 312, 208
-0.996613, 309, 49, 324, 112
-0.996615, 213, 161, 228, 224
-0.996617, 369, 41, 496, 72
-0.996637, 233, 33, 248, 96
-0.996641, 273, 249, 288, 312
-0.996648, 271, 57, 286, 120
-0.996657, 369, 65, 496, 128
-0.996696, 273, 133, 400, 164
-0.996697, 229, 1, 260, 256
-0.996702, 405, 81, 436, 208
-0.996709, 201, 41, 216, 104
-0.996715, 209, 189, 336, 220
-0.996717, 369, 277, 496, 308
-0.996719, 81, 165, 208, 196
-0.99675, 227, 1, 242, 64
-0.996756, 415, 1, 430, 64
-0.996783, 81, 137, 208, 168
-0.996787, 197, 1, 212, 64
-0.996788, 287, 25, 302, 88
-0.996792, 309, 73, 324, 136
-0.9968, 253, 25, 268, 88
-0.996811, 429, 81, 460, 208
-0.996817, 293, 81, 308, 144
-0.996824, 1, 9, 500, 72
-0.996835, 1, 185, 500, 248
-0.996844, 213, 1, 244, 256
-0.996851, 145, 49, 272, 80
-0.996865, 189, 129, 204, 192
-0.99687, 437, 17, 452, 80
-0.996875, 289, 1, 320, 256
-0.996887, 177, 73, 304, 104
-0.996907, 433, 241, 448, 304
-0.996909, 1, 177, 128, 208
-0.996916, 181, 73, 196, 136
-0.996921, 315, 161, 330, 224
-0.996935, 145, 9, 272, 40
-0.996937, 231, 233, 246, 296
-0.996945, 265, 129, 296, 256
-0.996945, 175, 185, 190, 248
-0.996959, 53, 193, 84, 320
-0.99698, 241, 57, 256, 120
-0.996997, 307, 297, 322, 360
-0.997006, 33, 113, 288, 176
-0.99701, 209, 41, 336, 72
-0.997017, 273, 45, 400, 76
-0.997036, 193, 73, 208, 136
-0.997039, 237, 233, 252, 296
-0.997039, 209, 61, 336, 92
-0.997041, 439, 241, 454, 304
-0.997055, 241, 1, 272, 256
-0.997066, 241, 121, 368, 152
-0.997072, 209, 9, 224, 72
-0.99708, 85, 129, 116, 256
-0.997084, 387, 49, 402, 112
-0.997104, 239, 17, 254, 80
-0.99714, 301, 1, 332, 256
-0.997151, 337, 57, 464, 88
-0.997151, 309, 153, 324, 216
-0.997151, 193, 177, 320, 208
-0.997152, 181, 169, 196, 200
-0.997154, 251, 129, 266, 192
-0.997157, 353, 177, 480, 208
-0.997157, 369, 185, 384, 248
-0.997167, 177, 109, 304, 140
-0.997173, 425, 273, 440, 336
-0.997184, 225, 201, 352, 232
-0.997192, 251, 97, 266, 160
-0.997197, 193, 25, 320, 56
-0.997202, 149, 141, 180, 156
-0.997206, 265, 37, 296, 52
-0.997208, 257, 73, 288, 88
-0.997211, 253, 55, 284, 70
-0.997212, 209, 31, 240, 46
-0.997212, 297, 145, 328, 160
-0.997215, 285, 33, 316, 48
-0.997216, 193, 221, 320, 252
-0.997218, 249, 61, 280, 76
-0.997218, 287, 81, 302, 144
-0.997227, 461, 153, 492, 168
-0.997228, 433, 11, 464, 26
-0.997233, 465, 167, 496, 182
-0.997233, 189, 173, 204, 204
-0.997235, 425, 45, 456, 60
-0.997236, 245, 143, 276, 158
-0.997244, 181, 211, 212, 226
-0.997246, 185, 209, 200, 272
-0.997247, 237, 75, 268, 90
-0.997249, 229, 107, 260, 122
-0.997253, 233, 27, 264, 42
-0.997254, 197, 159, 228, 174
-0.997256, 245, 133, 276, 148
-0.997256, 281, 57, 296, 120
-0.997257, 429, 23, 460, 38
-0.99726, 289, 33, 416, 64
-0.99726, 303, 153, 318, 216
-0.997264, 249, 39, 280, 54
-0.997265, 277, 141, 308, 156
-0.997265, 225, 233, 240, 296
-0.997268, 345, 57, 376, 72
-0.997269, 357, 57, 388, 72
-0.997275, 171, 137, 186, 200
-0.997276, 327, 161, 342, 224
-0.997293, 257, 67, 288, 82
-0.997295, 293, 61, 324, 76
-0.997296, 289, 189, 416, 220
-0.997297, 261, 119, 292, 134
-0.9973, 345, 63, 376, 78
-0.997313, 221, 37, 252, 52
-0.997313, 269, 57, 300, 72
-0.997319, 445, 249, 460, 312
-0.99732, 427, 241, 442, 304
-0.997326, 11, 169, 26, 232
-0.997328, 277, 1, 308, 256
-0.99733, 309, 303, 340, 318
-0.997331, 217, 129, 248, 375
-0.997332, 485, 17, 500, 80
-0.997332, 231, 81, 246, 144
-0.997333, 189, 97, 220, 352
-0.997334, 183, 141, 198, 172
-0.997337, 269, 51, 300, 66
-0.997341, 257, 113, 288, 128
-0.997344, 373, 49, 388, 112
-0.997346, 453, 79, 484, 94
-0.997349, 365, 65, 396, 80
-0.997349, 259, 97, 274, 160
-0.997349, 365, 189, 396, 204
-0.997351, 413, 17, 444, 32
-0.997352, 201, 1, 232, 256
-0.997355, 195, 177, 210, 208
-0.997358, 1, 257, 500, 320
-0.997358, 397, 45, 428, 60
-0.997367, 237, 87, 268, 102
-0.997367, 213, 237, 244, 252
-0.997368, 433, 273, 448, 336
-0.997369, 315, 25, 330, 88
-0.997372, 289, 67, 320, 82
-0.997379, 181, 223, 212, 238
-0.997379, 257, 1, 288, 256
-0.997387, 193, 221, 224, 236
-0.997395, 449, 31, 480, 46
-0.997395, 33, 1, 288, 64
-0.997396, 315, 81, 330, 144
-0.997399, 209, 41, 224, 104
-0.997402, 469, 225, 500, 352
-0.997408, 157, 101, 188, 116
-0.997408, 261, 89, 292, 104
-0.997408, 253, 153, 284, 168
-0.997408, 441, 273, 456, 336
-0.99741, 333, 169, 348, 232
-0.997418, 345, 195, 376, 210
-0.997419, 385, 285, 416, 300
-0.997421, 269, 65, 300, 80
-0.997425, 197, 173, 228, 188
-0.997429, 213, 199, 244, 214
-0.997434, 297, 305, 328, 320
-0.997438, 233, 1, 248, 64
-0.997442, 1, 289, 128, 352
-0.997444, 301, 83, 332, 98
-0.997446, 249, 45, 280, 60
-0.997449, 225, 79, 256, 94
-0.99745, 301, 95, 332, 110
-0.997453, 361, 41, 376, 104
-0.997457, 185, 143, 216, 158
-0.997459, 241, 273, 368, 336
-0.99746, 209, 81, 240, 96
-0.997465, 183, 121, 198, 184
-0.997467, 281, 89, 312, 104
-0.99747, 429, 29, 460, 44
-0.997471, 413, 45, 444, 60
-0.997472, 209, 25, 240, 40
-0.997476, 1, 185, 128, 248
-0.997483, 197, 17, 228, 32
-0.997485, 33, 57, 288, 120
-0.997486, 273, 201, 400, 232
-0.997494, 185, 171, 216, 186
-0.997497, 355, 33, 370, 96
-0.997501, 445, 65, 476, 192
-0.997503, 465, 129, 496, 256
-0.997506, 257, 255, 288, 270
-0.997507, 161, 241, 416, 304
-0.997509, 437, 177, 468, 304
-0.997511, 277, 359, 308, 374
-0.997514, 375, 177, 390, 240
-0.997516, 185, 165, 216, 180
-0.997521, 145, 37, 272, 68
-0.997521, 205, 75, 236, 90
-0.99753, 429, 17, 460, 32
-0.997531, 381, 23, 412, 38
-0.997534, 399, 1, 414, 64
-0.997535, 225, 101, 352, 132
-0.997537, 169, 183, 200, 198
-0.997541, 213, 225, 228, 288
-0.997545, 383, 17, 398, 80
-0.997545, 209, 99, 240, 114
-0.997551, 401, 1, 432, 256
-0.997552, 171, 161, 186, 224
-0.997557, 293, 53, 324, 68
-0.997558, 13, 179, 44, 194
-0.997571, 187, 73, 202, 136
-0.997581, 157, 179, 188, 194
-0.997596, 449, 37, 480, 52
-0.997597, 225, 57, 240, 120
-0.997598, 265, 125, 296, 140
-0.997603, 289, 297, 320, 312
-0.997605, 257, 83, 288, 98
-0.997606, 417, 41, 432, 104
-0.997609, 389, 17, 404, 80
-0.997618, 313, 297, 328, 360
-0.997622, 437, 1, 468, 256
-0.997624, 273, 177, 400, 208
-0.997624, 39, 161, 54, 224
-0.997626, 265, 89, 280, 152
-0.99764, 289, 45, 320, 60
-0.997641, 321, 33, 352, 288
-0.997646, 161, 139, 192, 154
-0.997646, 273, 61, 400, 92
-0.99765, 377, 57, 408, 72
-0.997651, 221, 213, 252, 228
-0.997661, 313, 93, 344, 108
-0.997663, 33, 165, 160, 196
-0.997669, 97, 129, 128, 256
-0.99767, 273, 165, 400, 196
-0.997672, 469, 33, 500, 48
-0.997673, 177, 129, 208, 375
-0.997677, 225, 233, 352, 264
-0.997678, 165, 157, 196, 172
-0.997684, 1, 191, 32, 206
-0.997686, 337, 245, 464, 276
-0.997689, 165, 165, 196, 180
-0.997692, 339, 33, 354, 96
-0.997699, 177, 97, 192, 160
-0.997701, 89, 177, 152, 304
-0.997702, 467, 25, 482, 88
-0.997705, 177, 189, 208, 204
-0.997716, 233, 161, 248, 224
-0.997717, 247, 41, 262, 104
-0.99774, 45, 161, 60, 224
-0.997751, 229, 221, 260, 236
-0.997756, 273, 133, 304, 148
-0.99776, 9, 145, 24, 208
-0.997767, 241, 247, 272, 262
-0.997769, 209, 189, 224, 220
-0.997769, 255, 201, 270, 264
-0.997777, 273, 345, 400, 375
-0.997781, 413, 37, 444, 52
-0.997783, 289, 145, 416, 176
-0.997786, 181, 149, 212, 164
-0.997787, 237, 129, 268, 375
-0.997792, 397, 39, 428, 54
-0.997793, 413, 31, 444, 46
-0.997795, 229, 235, 260, 250
-0.997801, 251, 225, 266, 256
-0.997805, 203, 185, 218, 216
-0.99781, 305, 129, 336, 375
-0.997819, 259, 233, 274, 264
-0.997821, 169, 33, 200, 160
-0.997823, 221, 25, 252, 40
-0.997827, 183, 153, 198, 184
-0.997828, 229, 241, 260, 256
-0.997853, 393, 53, 424, 68
-0.997858, 429, 277, 460, 292
-0.997858, 201, 191, 232, 206
-0.997863, 289, 81, 416, 112
-0.997867, 465, 1, 496, 256
-0.997869, 237, 81, 268, 96
-0.997875, 433, 39, 464, 54
-0.997877, 189, 1, 220, 256
-0.997884, 245, 221, 260, 252
-0.997888, 469, 81, 500, 208
-0.997892, 129, 109, 256, 140
-0.997912, 409, 23, 440, 38
-0.997912, 373, 1, 404, 256
-0.997913, 189, 161, 204, 192
-0.997913, 161, 65, 192, 320
-0.997918, 73, 129, 104, 256
-0.997919, 213, 207, 244, 222
-0.997923, 403, 17, 418, 48
-0.997927, 177, 1, 208, 256
-0.997929, 285, 129, 316, 375
-0.997933, 33, 281, 288, 344
-0.997937, 265, 73, 280, 104
-0.997939, 241, 213, 368, 244
-0.997953, 205, 129, 236, 375
-0.997966, 65, 313, 320, 375
-0.997969, 421, 1, 452, 256
-0.997987, 193, 245, 320, 276
-0.99799, 173, 137, 188, 168
-0.997994, 301, 89, 332, 104
-0.998001, 1, 49, 128, 176
-0.998005, 65, 189, 192, 220
-0.998006, 215, 193, 230, 224
-0.998008, 353, 69, 480, 100
-0.998009, 249, 89, 280, 104
-0.998016, 237, 229, 268, 244
-0.998017, 321, 285, 448, 316
-0.99802, 173, 149, 188, 180
-0.998022, 353, 33, 384, 288
-0.998034, 229, 93, 260, 108
-0.998036, 289, 133, 304, 164
-0.998044, 253, 247, 284, 262
-0.998054, 269, 177, 300, 304
-0.998058, 17, 149, 144, 180
-0.998065, 129, 153, 256, 184
-0.998069, 321, 165, 448, 196
-0.998087, 161, 265, 416, 328
-0.99809, 157, 151, 188, 166
-0.99809, 333, 1, 364, 256
-0.998109, 397, 21, 428, 36
-0.998112, 257, 161, 500, 224
-0.998118, 237, 213, 252, 244
-0.998122, 259, 85, 274, 116
-0.998125, 221, 241, 252, 368
-0.998129, 1, 73, 500, 136
-0.998147, 175, 165, 190, 196
-0.998148, 289, 217, 416, 248
-0.99815, 353, 257, 480, 288
-0.998151, 225, 85, 256, 100
-0.998152, 309, 297, 324, 328
-0.998156, 221, 197, 236, 228
-0.998159, 227, 205, 242, 236
-0.998164, 427, 13, 442, 44
-0.998175, 257, 273, 500, 336
-0.998182, 209, 293, 336, 324
-0.998185, 231, 25, 246, 56
-0.998186, 113, 65, 240, 96
-0.998192, 1, 189, 16, 220
-0.998193, 97, 217, 224, 248
-0.998208, 417, 129, 448, 375
-0.998214, 181, 217, 212, 232
-0.998216, 97, 1, 224, 32
-0.998219, 433, 21, 448, 52
-0.99822, 389, 1, 420, 256
-0.998224, 185, 177, 216, 192
-0.998224, 173, 143, 204, 158
-0.99823, 113, 229, 240, 260
-0.998239, 241, 235, 272, 250
-0.998241, 293, 81, 308, 112
-0.99826, 195, 165, 210, 196
-0.998267, 231, 81, 246, 112
-0.998269, 245, 25, 260, 56
-0.99827, 25, 193, 56, 320
-0.998275, 257, 129, 288, 375
-0.998276, 225, 25, 240, 56
-0.998279, 369, 289, 496, 320
-0.998289, 283, 125, 298, 156
-0.998298, 321, 133, 448, 164
-0.998298, 449, 1, 480, 256
-0.998301, 271, 113, 286, 144
-0.998302, 145, 129, 272, 160
-0.998323, 289, 297, 416, 328
-0.998329, 369, 121, 496, 152
-0.998329, 337, 233, 464, 264
-0.998335, 245, 241, 260, 272
-0.998335, 189, 145, 204, 176
-0.998342, 325, 85, 340, 116
-0.998345, 183, 181, 198, 212
-0.998346, 393, 33, 424, 48
-0.99835, 257, 73, 272, 104
-0.998352, 193, 257, 320, 288
-0.998353, 435, 33, 450, 64
-0.998358, 193, 277, 320, 308
-0.998365, 409, 25, 424, 56
-0.998372, 217, 25, 232, 56
-0.998373, 219, 145, 234, 272
-0.998375, 253, 85, 268, 116
-0.998375, 265, 241, 280, 272
-0.99838, 257, 25, 272, 56
-0.998383, 267, 61, 282, 92
-0.998385, 395, 45, 410, 76
-0.998389, 201, 197, 232, 212
-0.99839, 317, 129, 348, 375
-0.998393, 201, 77, 216, 108
-0.998395, 289, 69, 304, 100
-0.998399, 45, 129, 76, 375
-0.998406, 271, 77, 286, 108
-0.998419, 397, 129, 428, 375
-0.998421, 259, 57, 274, 88
-0.998424, 257, 297, 500, 360
-0.998426, 201, 173, 216, 204
-0.998435, 273, 17, 400, 48
-0.998438, 271, 245, 286, 276
-0.998439, 353, 145, 480, 176
-0.998443, 169, 193, 232, 208
-0.998447, 177, 155, 208, 170
-0.998447, 81, 205, 208, 236
-0.998452, 315, 57, 330, 88
-0.998457, 225, 37, 240, 68
-0.998462, 303, 293, 318, 324
-0.998463, 161, 187, 224, 202
-0.998472, 315, 77, 330, 108
-0.998479, 229, 57, 244, 88
-0.998481, 429, 97, 460, 352
-0.998487, 239, 25, 254, 56
-0.998488, 177, 201, 240, 216
-0.998488, 273, 97, 304, 352
-0.998489, 209, 231, 272, 246
-0.99849, 295, 141, 310, 172
-0.998493, 369, 57, 384, 88
-0.998493, 249, 149, 312, 164
-0.998494, 193, 217, 256, 232
-0.998498, 249, 143, 312, 158
-0.998502, 263, 41, 278, 72
-0.998504, 235, 69, 250, 100
-0.998505, 393, 29, 456, 44
-0.998506, 361, 23, 424, 38
-0.998506, 393, 21, 456, 36
-0.998511, 471, 33, 486, 64
-0.998514, 237, 237, 252, 268
-0.998516, 241, 89, 304, 104
-0.998517, 385, 37, 448, 52
-0.998518, 65, 289, 192, 320
-0.998518, 169, 181, 232, 196
-0.998523, 249, 137, 312, 152
-0.998525, 397, 27, 428, 42
-0.998529, 241, 131, 304, 146
-0.99853, 305, 93, 432, 124
-0.998532, 185, 145, 200, 272
-0.998532, 161, 175, 224, 190
-0.998533, 287, 57, 302, 88
-0.998534, 185, 213, 200, 244
-0.998536, 233, 123, 296, 138
-0.998537, 201, 223, 264, 238
-0.998539, 217, 239, 280, 254
-0.998539, 301, 29, 316, 60
-0.998543, 185, 209, 248, 224
-0.998544, 417, 25, 480, 40
-0.998545, 273, 85, 336, 100
-0.998545, 237, 81, 252, 112
-0.998546, 145, 149, 208, 164
-0.998547, 193, 183, 224, 198
-0.998547, 417, 277, 480, 292
-0.998549, 273, 273, 400, 304
-0.99855, 427, 1, 442, 32
-0.998551, 225, 245, 288, 260
-0.998553, 395, 21, 410, 52
-0.998555, 233, 117, 296, 132
-0.998556, 425, 39, 488, 54
-0.998557, 265, 93, 328, 108
-0.998558, 393, 45, 456, 60
-0.99856, 185, 175, 248, 190
-0.998563, 243, 81, 258, 112
-0.998563, 233, 251, 296, 266
-0.998564, 121, 143, 184, 158
-0.998565, 417, 31, 480, 46
-0.998566, 369, 29, 432, 44
-0.998568, 225, 145, 240, 272
-0.998568, 169, 19, 232, 34
-0.998568, 387, 53, 402, 84
-0.998569, 277, 113, 292, 144
-0.998569, 1, 257, 256, 320
-0.99857, 177, 67, 240, 82
-0.99857, 369, 97, 400, 352
-0.998571, 7, 185, 22, 216
-0.998572, 161, 143, 224, 158
-0.998573, 137, 167, 200, 182
-0.998573, 177, 79, 240, 94
-0.998573, 201, 93, 264, 108
-0.998574, 113, 97, 240, 128
-0.998575, 129, 159, 192, 174
-0.998575, 207, 65, 222, 96
-0.998575, 175, 181, 190, 212
-0.998576, 49, 157, 112, 172
-0.998581, 249, 155, 312, 170
-0.998582, 169, 217, 232, 232
-0.998583, 177, 61, 240, 76
-0.998583, 417, 19, 480, 34
-0.998584, 197, 5, 212, 36
-0.998584, 249, 37, 264, 68
-0.998584, 233, 83, 296, 98
-0.998584, 177, 165, 240, 180
-0.998585, 137, 173, 200, 188
-0.998586, 185, 73, 248, 88
-0.998586, 321, 197, 384, 212
-0.998586, 265, 361, 328, 375
-0.998586, 449, 129, 480, 375
-0.998586, 297, 91, 360, 106
-0.998587, 201, 189, 264, 204
-0.998587, 377, 285, 440, 300
-0.99859, 193, 85, 256, 100
-0.99859, 161, 155, 224, 170
-0.99859, 265, 45, 328, 60
-0.998591, 393, 15, 456, 30
-0.998592, 225, 341, 352, 372
-0.998593, 385, 53, 448, 68
-0.998594, 193, 181, 256, 196
-0.998594, 417, 159, 480, 174
-0.998595, 361, 35, 424, 50
-0.998595, 321, 203, 384, 218
-0.998595, 161, 97, 224, 112
-0.998595, 129, 137, 192, 152
-0.998595, 9, 177, 72, 192
-0.998595, 233, 111, 296, 126
-0.998596, 251, 241, 266, 272
-0.998597, 201, 65, 264, 80
-0.998597, 307, 45, 322, 76
-0.998598, 467, 73, 482, 104
-0.998598, 353, 49, 416, 64
-0.998599, 345, 43, 408, 58
-0.9986, 217, 73, 280, 88
-0.9986, 185, 159, 248, 174
-0.998602, 299, 85, 314, 116
-0.998602, 281, 137, 344, 152
-0.998603, 345, 29, 408, 44
-0.998603, 273, 73, 336, 88
-0.998604, 209, 27, 272, 42
-0.998605, 265, 55, 328, 70
-0.998605, 137, 161, 152, 192
-0.998606, 289, 143, 352, 158
-0.998608, 1, 187, 64, 202
-0.998608, 169, 7, 232, 22
-0.998609, 433, 153, 496, 168
-0.99861, 217, 105, 280, 120
-0.998611, 169, 223, 232, 238
-0.998611, 195, 77, 210, 108
-0.998612, 369, 59, 432, 74
-0.998612, 25, 157, 88, 172
-0.998613, 169, 25, 232, 40
-0.998613, 241, 239, 304, 254
-0.998613, 265, 79, 328, 94
-0.998614, 297, 85, 360, 100
-0.998616, 209, 99, 272, 114
-0.998616, 289, 151, 352, 166
-0.998616, 209, 177, 224, 208
-0.998616, 169, 149, 232, 164
-0.998616, 329, 209, 392, 224
-0.998616, 369, 43, 432, 58
-0.998616, 145, 215, 208, 230
-0.998617, 417, 13, 480, 28
-0.998617, 241, 77, 304, 92
-0.998617, 257, 67, 320, 82
-0.998619, 353, 17, 416, 32
-0.998619, 255, 137, 270, 168
-0.99862, 89, 163, 152, 178
-0.99862, 241, 161, 304, 176
-0.99862, 289, 97, 352, 112
-0.99862, 433, 85, 496, 100
-0.998621, 217, 59, 280, 74
-0.998622, 321, 191, 384, 206
-0.998623, 225, 39, 288, 54
-0.998623, 137, 179, 200, 194
-0.998623, 321, 183, 384, 198
-0.998623, 409, 283, 472, 298
-0.998623, 249, 245, 312, 260
-0.998624, 201, 79, 264, 94
-0.998624, 209, 195, 272, 210
-0.998626, 233, 49, 296, 64
-0.998626, 177, 55, 240, 70
-0.998626, 185, 101, 248, 116
-0.998626, 273, 129, 336, 144
-0.998627, 433, 77, 496, 92
-0.998627, 305, 349, 368, 364
-0.998628, 273, 157, 336, 172
-0.998629, 361, 65, 424, 80
-0.998629, 305, 79, 368, 94
-0.998629, 297, 71, 360, 86
-0.998629, 129, 195, 192, 210
-0.99863, 161, 229, 224, 244
-0.998631, 121, 151, 184, 166
-0.998631, 57, 129, 88, 375
-0.998631, 297, 173, 360, 188
-0.998631, 337, 55, 400, 70
-0.998632, 217, 143, 280, 158
-0.998633, 433, 283, 496, 298
-0.998633, 209, 321, 336, 352
-0.998634, 273, 105, 400, 136
-0.998639, 65, 277, 192, 308
-0.998639, 235, 45, 250, 76
-0.998646, 251, 73, 266, 104
-0.998647, 435, 9, 450, 40
-0.99865, 189, 185, 204, 216
-0.99865, 427, 277, 442, 308
-0.998652, 251, 49, 266, 80
-0.998654, 285, 45, 300, 76
-0.99866, 249, 129, 264, 160
-0.998663, 265, 89, 280, 120
-0.998666, 251, 25, 266, 56
-0.998666, 319, 89, 334, 120
-0.998667, 449, 161, 480, 288
-0.998668, 337, 221, 464, 252
-0.998668, 443, 37, 458, 68
-0.998668, 207, 81, 222, 112
-0.998668, 307, 57, 322, 88
-0.998668, 365, 197, 380, 228
-0.998672, 485, 145, 500, 176
-0.998673, 129, 165, 256, 196
-0.998673, 415, 37, 430, 68
-0.998674, 317, 165, 332, 196
-0.998675, 433, 273, 448, 304
-0.998682, 311, 309, 326, 340
-0.99869, 231, 145, 246, 272
-0.998694, 307, 81, 322, 112
-0.998696, 479, 149, 494, 180
-0.998697, 169, 177, 184, 208
-0.998701, 257, 245, 272, 276
-0.998701, 295, 45, 310, 76
-0.998707, 1, 129, 32, 375
-0.998708, 409, 37, 424, 68
-0.998709, 361, 53, 376, 84
-0.998709, 425, 25, 440, 56
-0.998712, 195, 137, 210, 168
-0.998717, 485, 21, 500, 52
-0.998725, 249, 97, 264, 128
-0.998726, 285, 33, 300, 64
-0.998728, 225, 81, 240, 112
-0.998729, 165, 137, 180, 168
-0.998733, 299, 57, 314, 88
-0.998735, 17, 177, 32, 208
-0.998735, 477, 281, 492, 312
-0.998736, 239, 93, 254, 124
-0.998736, 265, 253, 280, 284
-0.998739, 397, 33, 412, 64
-0.998741, 259, 149, 274, 180
-0.998742, 293, 65, 308, 192
-0.998746, 385, 97, 416, 352
-0.998747, 455, 69, 470, 100
-0.998748, 191, 213, 206, 244
-0.998754, 461, 129, 492, 375
-0.998755, 341, 97, 372, 352
-0.998756, 153, 65, 184, 192
-0.998764, 191, 145, 206, 272
-0.998769, 353, 129, 384, 375
-0.99877, 169, 149, 200, 164
-0.998774, 129, 281, 256, 312
-0.998777, 73, 129, 104, 375
-0.998802, 1, 205, 128, 236
-0.998803, 289, 5, 416, 36
-0.998804, 337, 189, 464, 220
-0.998804, 33, 129, 64, 375
-0.998806, 273, 261, 400, 292
-0.99881, 353, 105, 480, 136
-0.998813, 125, 129, 156, 375
-0.998828, 227, 17, 242, 144
-0.998837, 369, 161, 496, 192
-0.998843, 235, 193, 250, 320
-0.998853, 53, 241, 84, 368
-0.998858, 263, 33, 278, 160
-0.998872, 49, 261, 176, 292
-0.998874, 113, 193, 176, 320
-0.998882, 285, 65, 300, 192
-0.998889, 85, 129, 116, 375
-0.998899, 241, 29, 368, 60
-0.9989, 369, 345, 496, 375
-0.99892, 247, 17, 262, 144
-0.998956, 241, 305, 368, 336
-0.998957, 249, 241, 280, 256
-0.998964, 13, 129, 44, 375
-0.998982, 369, 305, 496, 336
-0.998985, 97, 97, 128, 352
-0.998986, 369, 133, 496, 164
-0.998991, 227, 193, 242, 320
-0.999005, 1, 233, 128, 264
-0.99901, 211, 161, 226, 288
-0.999021, 299, 81, 314, 208
-0.999044, 181, 183, 212, 198
-0.999044, 237, 145, 252, 272
-0.99905, 285, 241, 316, 368
-0.999062, 149, 65, 180, 320
-0.999063, 241, 17, 256, 144
-0.999066, 401, 1, 416, 128
-0.999068, 129, 269, 256, 300
-0.999072, 369, 81, 496, 112
-0.999083, 353, 209, 480, 240
-0.999084, 173, 171, 204, 186
-0.999096, 219, 17, 234, 144
-0.999097, 271, 65, 286, 192
-0.999099, 433, 1, 448, 128
-0.9991, 305, 33, 320, 160
-0.999101, 137, 97, 168, 352
-0.999116, 97, 49, 224, 80
-0.999118, 113, 97, 144, 352
-0.999121, 1, 113, 128, 176
-0.999128, 189, 189, 220, 204
-0.999129, 235, 17, 250, 144
-0.999145, 277, 65, 292, 192
-0.999182, 427, 225, 442, 352
-0.999198, 197, 161, 212, 288
-0.999209, 203, 161, 218, 288
-0.999216, 253, 17, 268, 144
-0.999217, 329, 129, 360, 375
-0.999226, 245, 145, 260, 272
-0.99923, 1, 49, 500, 112
-0.999234, 321, 273, 448, 304
-0.999236, 293, 17, 308, 144
-0.999237, 1, 285, 128, 316
-0.999239, 435, 225, 450, 352
-0.999247, 407, 1, 422, 128
-0.999248, 49, 177, 176, 208
-0.99925, 241, 193, 256, 320
-0.999266, 193, 9, 320, 40
-0.999268, 353, 93, 480, 124
-0.999274, 81, 37, 208, 68
-0.999282, 1, 273, 128, 304
-0.999296, 311, 33, 326, 160
-0.999296, 179, 129, 194, 256
-0.999309, 33, 137, 160, 168
-0.999312, 161, 329, 288, 360
-0.999324, 321, 45, 448, 76
-0.999327, 287, 17, 302, 144
-0.999333, 285, 113, 300, 240
-0.999336, 321, 65, 336, 192
-0.999342, 257, 65, 272, 192
-0.999359, 337, 193, 368, 320
-0.999361, 129, 317, 256, 348
-0.999362, 161, 313, 416, 375
-0.999364, 221, 193, 236, 320
-0.99938, 299, 17, 314, 144
-0.999384, 443, 225, 458, 352
-0.999388, 173, 177, 204, 192
-0.999389, 69, 33, 100, 288
-0.999391, 241, 245, 368, 276
-0.999409, 45, 33, 76, 288
-0.999413, 65, 301, 192, 332
-0.999418, 337, 317, 464, 348
-0.999421, 291, 113, 306, 240
-0.999424, 33, 221, 160, 252
-0.999439, 81, 33, 144, 160
-0.999442, 81, 25, 208, 56
-0.999451, 65, 65, 192, 128
-0.999457, 305, 81, 320, 208
-0.999458, 231, 65, 246, 192
-0.999476, 281, 17, 296, 144
-0.999482, 269, 17, 284, 144
-0.999493, 161, 177, 192, 304
-0.999497, 179, 65, 194, 192
-0.999498, 363, 49, 378, 176
-0.999506, 395, 1, 410, 128
-0.99951, 421, 225, 436, 352
-0.999555, 469, 17, 484, 144
-0.99956, 97, 121, 224, 152
-0.999564, 23, 177, 38, 192
-0.999564, 289, 143, 304, 158
-0.999564, 225, 83, 240, 98
-0.999564, 205, 49, 220, 176
-0.999564, 251, 145, 266, 272
-0.999564, 485, 25, 500, 40
-0.999564, 357, 73, 372, 88
-0.999564, 461, 77, 476, 92
-0.999565, 467, 35, 482, 50
-0.999565, 167, 145, 182, 160
-0.999565, 479, 33, 494, 48
-0.999565, 433, 15, 448, 30
-0.999565, 437, 31, 452, 46
-0.999565, 243, 81, 258, 96
-0.999566, 241, 247, 256, 262
-0.999566, 261, 225, 276, 352
-0.999566, 5, 189, 20, 204
-0.999566, 203, 193, 218, 208
-0.999566, 133, 161, 148, 176
-0.999567, 399, 27, 414, 42
-0.999567, 57, 33, 88, 288
-0.999567, 325, 87, 340, 102
-0.999568, 299, 89, 314, 104
-0.999568, 315, 81, 330, 96
-0.999568, 165, 175, 180, 190
-0.999568, 171, 137, 186, 152
-0.999568, 373, 63, 388, 78
-0.999568, 467, 79, 482, 94
-0.999569, 231, 237, 246, 252
-0.999569, 325, 93, 340, 108
-0.999569, 419, 47, 434, 62
-0.99957, 407, 21, 422, 36
-0.99957, 425, 45, 440, 60
-0.99957, 181, 177, 196, 192
-0.999571, 247, 87, 262, 102
-0.999572, 251, 97, 266, 112
-0.999572, 407, 33, 422, 48
-0.999572, 257, 27, 272, 42
-0.999572, 443, 41, 458, 56
-0.999572, 267, 65, 282, 80
-0.999573, 231, 107, 246, 122
-0.999573, 197, 17, 212, 32
-0.999573, 383, 59, 398, 74
-0.999573, 395, 285, 410, 300
-0.999573, 425, 23, 440, 38
-0.999574, 425, 9, 440, 24
-0.999574, 195, 171, 210, 186
-0.999575, 259, 61, 274, 76
-0.999575, 183, 223, 198, 238
-0.999576, 191, 155, 206, 170
-0.999576, 317, 95, 332, 110
-0.999577, 309, 93, 324, 108
-0.999579, 279, 125, 294, 140
-0.999579, 439, 17, 454, 144
-0.99958, 269, 249, 284, 264
-0.99958, 231, 75, 246, 90
-0.999581, 267, 73, 282, 88
-0.999582, 263, 81, 278, 96
-0.999582, 191, 217, 206, 232
-0.999583, 431, 277, 446, 292
-0.999584, 287, 137, 302, 152
-0.999586, 261, 75, 276, 90
-0.999586, 251, 193, 266, 320
-0.999587, 269, 79, 284, 94
-0.999588, 237, 237, 252, 252
-0.999588, 265, 255, 280, 270
-0.99959, 283, 131, 298, 146
-0.999591, 171, 179, 186, 194
-0.999592, 257, 81, 272, 96
-0.999592, 437, 37, 452, 52
-0.999592, 309, 307, 324, 322
-0.999593, 243, 27, 258, 42
-0.999593, 139, 163, 154, 178
-0.999593, 431, 27, 446, 42
-0.999594, 433, 21, 448, 36
-0.999594, 305, 299, 320, 314
-0.999595, 271, 113, 286, 128
-0.999595, 191, 189, 206, 204
-0.999595, 249, 229, 264, 244
-0.999595, 157, 149, 172, 164
-0.999596, 257, 233, 272, 248
-0.999597, 175, 165, 190, 180
-0.999599, 395, 51, 410, 66
-0.9996, 231, 25, 246, 40
-0.9996, 473, 33, 488, 48
-0.999602, 261, 87, 276, 102
-0.999602, 183, 209, 198, 336
-0.999602, 233, 213, 248, 228
-0.999602, 367, 67, 382, 82
-0.999605, 211, 113, 226, 240
-0.999606, 271, 255, 286, 270
-0.999608, 243, 241, 258, 256
-0.99961, 1, 195, 16, 210
-0.99961, 225, 25, 240, 40
-0.99961, 249, 241, 264, 256
-0.99961, 255, 89, 270, 104
-0.99961, 231, 85, 246, 100
-0.999615, 405, 27, 420, 42
-0.999615, 427, 15, 442, 30
-0.999616, 219, 25, 234, 40
-0.999616, 201, 181, 216, 196
-0.999618, 247, 223, 262, 238
-0.999619, 389, 57, 404, 72
-0.999619, 237, 85, 252, 100
-0.999619, 297, 129, 312, 256
-0.99962, 239, 217, 254, 232
-0.99962, 193, 143, 208, 158
-0.99962, 187, 183, 202, 198
-0.999621, 177, 155, 192, 170
-0.999623, 311, 301, 326, 316
-0.999623, 229, 207, 244, 222
-0.999623, 265, 243, 280, 258
-0.999625, 293, 87, 308, 102
-0.999626, 249, 247, 264, 262
-0.999626, 261, 69, 276, 84
-0.999626, 37, 193, 68, 320
-0.999627, 187, 163, 202, 178
-0.99963, 187, 147, 202, 162
-0.99963, 179, 183, 194, 198
-0.999632, 369, 33, 384, 160
-0.999638, 219, 201, 234, 216
-0.999642, 171, 155, 186, 170
-0.999644, 129, 1, 160, 256
-0.999646, 189, 171, 204, 186
-0.999649, 259, 249, 274, 264
-0.99965, 25, 33, 56, 288
-0.99965, 181, 141, 196, 156
-0.999655, 199, 49, 214, 176
-0.999656, 475, 17, 490, 144
-0.999658, 181, 165, 196, 180
-0.999659, 185, 217, 200, 232
-0.99966, 163, 151, 178, 166
-0.999661, 243, 65, 258, 192
-0.999664, 213, 1, 228, 128
-0.999665, 173, 143, 188, 158
-0.999669, 213, 197, 228, 212
-0.999672, 385, 49, 400, 176
-0.999674, 181, 147, 196, 162
-0.999677, 259, 239, 274, 254
-0.99968, 117, 1, 148, 256
-0.999686, 251, 65, 266, 192
-0.999687, 315, 81, 330, 208
-0.999688, 463, 1, 478, 128
-0.999688, 209, 191, 224, 206
-0.999689, 427, 1, 442, 128
-0.999693, 391, 129, 406, 256
-0.999695, 401, 21, 416, 36
-0.999699, 181, 171, 196, 186
-0.9997, 387, 1, 402, 128
-0.9997, 81, 33, 112, 288
-0.999703, 173, 149, 188, 164
-0.999705, 183, 153, 198, 168
-0.999705, 201, 187, 216, 202
-0.999709, 447, 17, 462, 144
-0.999709, 9, 33, 40, 288
-0.999712, 379, 129, 394, 256
-0.99972, 97, 1, 128, 256
-0.999722, 315, 129, 330, 256
-0.999723, 323, 129, 338, 256
-0.999724, 279, 113, 294, 240
-0.999731, 187, 177, 202, 192
-0.999737, 327, 65, 342, 192
-0.999739, 357, 49, 372, 176
-0.999739, 419, 33, 434, 160
-0.999741, 375, 33, 390, 160
-0.99975, 13, 209, 44, 336
-0.999752, 385, 129, 400, 256
-0.999757, 195, 183, 210, 198
-0.999773, 193, 177, 208, 192
-0.999774, 337, 81, 368, 208
-0.999779, 413, 17, 428, 144
-0.999782, 199, 1, 214, 128
-0.999788, 1, 177, 16, 304
-0.9998, 417, 161, 432, 288
-0.999802, 259, 145, 274, 272
-0.999825, 415, 209, 430, 336
-0.999826, 305, 129, 320, 256
-0.999829, 481, 17, 496, 144
-0.999833, 207, 1, 222, 128
-0.99984, 373, 129, 388, 256
-0.99985, 317, 17, 332, 144
-0.999861, 267, 225, 282, 352
-0.999865, 325, 193, 356, 320
-0.999872, 405, 145, 420, 272
-0.99988, 223, 97, 238, 224
-0.99988, 173, 129, 188, 256
-0.999889, 381, 1, 396, 128
-0.999893, 423, 161, 438, 288
-0.999897, 399, 145, 414, 272
-0.99991, 411, 145, 426, 272
-0.999914, 337, 17, 352, 144
-0.999915, 331, 17, 346, 144
-0.999917, 189, 209, 204, 336
-0.999936, 187, 65, 202, 192
-0.99994, 211, 49, 226, 176
-0.999941, 431, 161, 446, 288
-0.999945, 409, 209, 424, 336
-0.999947, 237, 65, 252, 192
-0.99995, 453, 17, 468, 144
-0.999951, 197, 113, 212, 240
-0.999961, 449, 225, 464, 352
-0.999964, 171, 81, 186, 208
-0.999966, 215, 209, 230, 336
-0.999971, 193, 1, 208, 128
-0.999975, 263, 81, 278, 208
-0.999983, 275, 241, 290, 368
-0.999988, 437, 161, 452, 288
-0.99999, 363, 113, 378, 240
-0.999991, 267, 177, 282, 304
-1, 329, 129, 344, 256
-1, 345, 49, 360, 176
-1.00001, 177, 193, 192, 320
-1.00001, 209, 209, 224, 336
-1.00002, 343, 145, 358, 272
-1.00003, 205, 113, 220, 240
-1.00003, 373, 177, 388, 304
-1.00004, 7, 177, 22, 304
-1.00005, 161, 113, 176, 240
-1.00007, 275, 17, 290, 144
-1.00009, 351, 129, 366, 256
-1.00017, 1, 313, 500, 375
-1.00019, 33, 313, 160, 375
-1.0002, 41, 49, 104, 176
-1.00023, 1, 121, 500, 184
-1.00025, 313, 193, 344, 320
-1.00043, 157, 1, 188, 128
-1.00044, 161, 289, 416, 352
-1.00051, 45, 97, 76, 224
-1.00062, 105, 33, 168, 160
-1.00063, 173, 225, 204, 352
-1.00063, 333, 241, 364, 368
-1.00066, 17, 49, 80, 176
-1.0009, 1, 289, 500, 352
-1.001, 33, 241, 64, 368
-1.00103, 113, 81, 144, 208
-1.0011, 33, 89, 160, 152
-1.00114, 145, 241, 176, 368
-1.00124, 1, 97, 500, 160
-1.00135, 97, 305, 224, 368
-1.00138, 1, 241, 32, 368
-1.00139, 457, 65, 488, 192
-1.00152, 65, 241, 96, 368
-1.00155, 281, 193, 312, 320
-1.00161, 205, 241, 236, 368
-1.0017, 233, 241, 264, 368
-1.00177, 93, 81, 124, 208
-1.00478, 49, 25, 176, 88
-1.0049, 57, 1, 120, 128
-1.00521, 17, 1, 80, 128
-1.00539, 1, 65, 128, 128
-1.00617, 49, 1, 176, 64
-1.00617, 1, 1, 128, 128
-1.0068, 1, 25, 128, 88
-1.00698, 1, 1, 128, 64
