1980
-0.366031, 1, 1, 500, 375
-0.463939, 1, 1, 500, 256
-0.57899, 1, 97, 500, 352
-0.609445, 1, 1, 256, 375
-0.623828, 257, 1, 500, 375
-0.650011, 97, 1, 352, 375
-0.715255, 193, 1, 448, 256
-0.824657, 1, 33, 256, 288
-0.856008, 97, 1, 352, 256
-0.861505, 257, 129, 500, 375
-0.867797, 129, 1, 256, 375
-0.870365, 1, 129, 256, 375
-0.874211, 97, 129, 352, 375
-0.878952, 321, 33, 448, 288
-0.884209, 321, 1, 448, 375
-0.890506, 81, 1, 208, 375
-0.89968, 1, 1, 128, 375
-0.900335, 1, 97, 128, 352
-0.900914, 273, 1, 400, 256
-0.905486, 1, 17, 500, 144
-0.912614, 1, 65, 500, 192
-0.920353, 273, 1, 400, 375
-0.921792, 369, 65, 496, 320
-0.923883, 1, 241, 500, 368
-0.924584, 177, 1, 304, 256
-0.92878, 225, 49, 480, 176
-0.933023, 49, 1, 176, 256
-0.934163, 1, 113, 500, 240
-0.9345, 177, 1, 304, 375
-0.934654, 193, 1, 448, 128
-0.934759, 225, 1, 352, 256
-0.935301, 49, 129, 176, 375
-0.940138, 1, 193, 500, 320
-0.941879, 297, 1, 360, 128
-0.943784, 97, 1, 224, 256
-0.944414, 257, 97, 384, 352
-0.945005, 369, 1, 496, 375
-0.945193, 129, 49, 384, 176
-0.945326, 289, 1, 416, 128
-0.945584, 33, 49, 288, 176
-0.946678, 225, 97, 480, 224
-0.949487, 321, 49, 448, 176
-0.949858, 1, 1, 128, 256
-0.949938, 145, 129, 272, 375
-0.950372, 97, 129, 224, 375
-0.950582, 193, 97, 320, 352
-0.951772, 81, 241, 208, 368
-0.951906, 385, 81, 448, 208
-0.95418, 65, 241, 320, 368
-0.954648, 1, 113, 256, 240
-0.955967, 1, 193, 128, 320
-0.956007, 97, 241, 160, 368
-0.956295, 321, 129, 448, 375
-0.956736, 353, 49, 416, 176
-0.957858, 129, 49, 256, 176
-0.95904, 433, 65, 496, 192
-0.95939, 97, 1, 352, 128
-0.959471, 321, 1, 384, 128
-0.960669, 225, 1, 352, 375
-0.961167, 297, 41, 360, 104
-0.961295, 385, 113, 448, 176
-0.962313, 337, 1, 464, 128
-0.96244, 193, 113, 256, 240
-0.962526, 241, 1, 368, 128
-0.962629, 409, 81, 472, 208
-0.962694, 1, 1, 64, 128
-0.963082, 273, 49, 400, 176
-0.963163, 97, 97, 352, 224
-0.963489, 1, 225, 64, 352
-0.96434, 1, 1, 64, 64
-0.964472, 177, 17, 304, 144
-0.964545, 265, 1, 328, 128
-0.964546, 369, 49, 496, 176
-0.964908, 305, 17, 368, 80
-0.964931, 33, 33, 160, 160
-0.964979, 153, 49, 216, 176
-0.965523, 401, 89, 464, 152
-0.965928, 161, 113, 224, 240
-0.966266, 257, 241, 500, 368
-0.966663, 409, 1, 472, 128
-0.966847, 1, 113, 128, 240
-0.967392, 81, 49, 208, 176
-0.967489, 17, 241, 144, 368
-0.967718, 409, 129, 472, 192
-0.967739, 369, 97, 496, 224
-0.968342, 177, 49, 240, 176
-0.968602, 361, 65, 424, 128
-0.969375, 329, 49, 392, 176
-0.969624, 305, 49, 368, 176
-0.969746, 65, 241, 128, 368
-0.970048, 129, 241, 192, 368
-0.970312, 1, 145, 64, 272
-0.97035, 257, 145, 500, 272
-0.970551, 385, 145, 448, 208
-0.970573, 257, 9, 320, 72
-0.970793, 321, 97, 448, 224
-0.971015, 313, 1, 344, 128
-0.971167, 273, 49, 336, 176
-0.97118, 225, 65, 352, 192
-0.971242, 369, 1, 432, 128
-0.971433, 1, 193, 256, 320
-0.971682, 49, 81, 112, 208
-0.972084, 409, 65, 440, 192
-0.972113, 105, 257, 168, 320
-0.972156, 25, 313, 88, 375
-0.972238, 345, 1, 408, 128
-0.972311, 281, 9, 344, 72
-0.972577, 105, 297, 168, 360
-0.972794, 329, 49, 392, 112
-0.973091, 1, 265, 64, 328
-0.973309, 145, 57, 208, 120
-0.973369, 409, 129, 472, 256
-0.973483, 409, 153, 472, 216
-0.973558, 217, 113, 280, 240
-0.973614, 65, 161, 128, 288
-0.97362, 1, 65, 64, 192
-0.973759, 433, 113, 496, 240
-0.974208, 1, 1, 256, 128
-0.97436, 161, 225, 416, 352
-0.974381, 129, 49, 192, 176
-0.974484, 177, 65, 304, 192
-0.974558, 81, 1, 208, 128
-0.974605, 273, 49, 336, 112
-0.974692, 65, 313, 128, 375
-0.974859, 81, 49, 144, 176
-0.975013, 369, 145, 496, 272
-0.975047, 161, 121, 224, 184
-0.975302, 433, 17, 496, 144
-0.975509, 301, 1, 332, 128
-0.9756, 249, 49, 312, 176
-0.975635, 97, 113, 160, 240
-0.975654, 201, 65, 264, 192
-0.975755, 97, 145, 352, 272
-0.975935, 145, 113, 272, 240
-0.976028, 25, 225, 88, 352
-0.97604, 73, 97, 136, 224
-0.976194, 193, 129, 256, 192
-0.976364, 153, 241, 216, 368
-0.97648, 329, 1, 360, 128
-0.976568, 65, 193, 192, 320
-0.976703, 425, 241, 488, 368
-0.976732, 193, 113, 320, 240
-0.976786, 425, 73, 488, 136
-0.976787, 273, 49, 400, 112
-0.976933, 49, 33, 112, 160
-0.977054, 49, 97, 112, 160
-0.977244, 209, 1, 272, 128
-0.97743, 49, 129, 176, 256
-0.97758, 385, 129, 448, 256
-0.977656, 397, 65, 428, 192
-0.977825, 25, 129, 88, 256
-0.978022, 369, 241, 496, 368
-0.978022, 329, 1, 392, 64
-0.978189, 1, 153, 64, 216
-0.97824, 353, 73, 480, 136
-0.978377, 265, 81, 328, 144
-0.978435, 105, 193, 168, 320
-0.978558, 129, 257, 192, 320
-0.978792, 49, 49, 112, 112
-0.979065, 65, 257, 192, 320
-0.97907, 241, 1, 304, 128
-0.979102, 433, 281, 496, 344
-0.979152, 81, 1, 144, 128
-0.979164, 1, 49, 64, 112
-0.979217, 25, 177, 88, 304
-0.979261, 353, 41, 416, 104
-0.979599, 129, 297, 192, 360
-0.97961, 185, 1, 248, 128
-0.979644, 97, 97, 224, 224
-0.979771, 341, 1, 372, 128
-0.979888, 413, 113, 444, 176
-0.979923, 429, 129, 460, 192
-0.98008, 425, 9, 488, 72
-0.980084, 425, 97, 488, 160
-0.980123, 81, 65, 144, 128
-0.980152, 1, 289, 64, 352
-0.980186, 429, 113, 460, 240
-0.980193, 377, 89, 440, 152
-0.980263, 433, 161, 496, 224
-0.980288, 413, 89, 444, 152
-0.980401, 73, 97, 136, 160
-0.980632, 433, 161, 496, 288
-0.980767, 1, 241, 128, 304
-0.980807, 401, 113, 432, 176
-0.980826, 377, 49, 408, 176
-0.980869, 433, 121, 496, 184
-0.980912, 1, 25, 64, 88
-0.980973, 457, 33, 488, 160
-0.98105, 409, 41, 472, 104
-0.981101, 433, 1, 496, 256
-0.981197, 1, 73, 64, 136
-0.98121, 137, 113, 200, 176
-0.981232, 385, 65, 448, 320
-0.981386, 225, 65, 288, 192
-0.981753, 401, 65, 464, 128
-0.981777, 305, 73, 432, 136
-0.981871, 241, 57, 304, 120
-0.981945, 361, 97, 424, 224
-0.981991, 361, 33, 424, 288
-0.981995, 329, 41, 360, 104
-0.982026, 97, 121, 160, 184
-0.982176, 313, 17, 344, 80
-0.982185, 129, 81, 192, 144
-0.9822, 105, 241, 136, 368
-0.98221, 289, 73, 352, 136
-0.982228, 401, 73, 432, 136
-0.982382, 417, 113, 448, 240
-0.982514, 201, 105, 264, 168
-0.982519, 145, 209, 272, 336
-0.982661, 25, 137, 88, 200
-0.982678, 57, 289, 120, 352
-0.982743, 1, 1, 128, 64
-0.982809, 417, 145, 448, 208
-0.982844, 289, 9, 320, 72
-0.982881, 25, 241, 88, 304
-0.982902, 457, 65, 488, 128
-0.982902, 1, 265, 32, 328
-0.983046, 17, 129, 80, 375
-0.983076, 361, 113, 424, 176
-0.983218, 197, 113, 228, 240
-0.983233, 129, 193, 192, 320
-0.983248, 1, 177, 64, 240
-0.983266, 433, 129, 496, 375
-0.983291, 105, 57, 168, 120
-0.9833, 309, 41, 340, 104
-0.983361, 273, 73, 304, 136
-0.983361, 177, 57, 240, 120
-0.983373, 1, 241, 64, 304
-0.983422, 385, 65, 416, 128
-0.983436, 417, 313, 480, 375
-0.983457, 341, 57, 372, 120
-0.983513, 161, 1, 224, 128
-0.983621, 1, 241, 32, 368
-0.983629, 161, 49, 288, 112
-0.983638, 161, 57, 192, 120
-0.983714, 325, 17, 356, 80
-0.983855, 365, 57, 396, 120
-0.983863, 73, 225, 136, 288
-0.983878, 41, 73, 104, 136
-0.983951, 57, 177, 120, 240
-0.984069, 25, 65, 88, 192
-0.984104, 129, 1, 256, 128
-0.984126, 273, 97, 400, 224
-0.984214, 409, 97, 472, 352
-0.984224, 321, 49, 448, 112
-0.984262, 433, 49, 496, 112
-0.98446, 249, 33, 312, 96
-0.984487, 369, 41, 496, 104
-0.98454, 321, 1, 384, 256
-0.984592, 429, 153, 460, 216
-0.984594, 153, 49, 184, 176
-0.984644, 301, 17, 332, 80
-0.984645, 369, 297, 496, 360
-0.984645, 305, 17, 432, 80
-0.98469, 429, 97, 460, 160
-0.984735, 57, 129, 120, 192
-0.984763, 457, 41, 488, 104
-0.98478, 65, 97, 128, 352
-0.984795, 137, 97, 200, 224
-0.984796, 1, 313, 64, 375
-0.984807, 297, 49, 328, 176
-0.984813, 321, 145, 448, 272
-0.984841, 181, 105, 212, 168
-0.98487, 105, 65, 168, 192
-0.984895, 177, 97, 240, 160
-0.984921, 297, 41, 328, 104
-0.984933, 65, 257, 128, 320
-0.984997, 197, 129, 228, 192
-0.98501, 149, 57, 180, 120
-0.985048, 421, 65, 452, 192
-0.985119, 97, 145, 160, 208
-0.985153, 369, 97, 496, 160
-0.98518, 265, 1, 328, 256
-0.985225, 321, 113, 448, 176
-0.985276, 33, 113, 160, 176
-0.985317, 217, 129, 280, 192
-0.985322, 153, 313, 216, 375
-0.985345, 397, 137, 428, 200
-0.985347, 241, 1, 304, 256
-0.985357, 209, 129, 240, 256
-0.985363, 369, 153, 496, 216
-0.985391, 81, 313, 208, 375
-0.985424, 281, 97, 344, 224
-0.985444, 281, 49, 312, 112
-0.985445, 33, 313, 160, 375
-0.985494, 21, 1, 52, 64
-0.985531, 193, 33, 256, 288
-0.985572, 341, 1, 372, 64
-0.985575, 457, 1, 488, 64
-0.985602, 57, 57, 88, 120
-0.98566, 121, 257, 152, 320
-0.98568, 385, 41, 448, 104
-0.985691, 105, 1, 168, 128
-0.985721, 17, 201, 80, 264
-0.985727, 137, 249, 168, 312
-0.98577, 433, 73, 464, 136
-0.985811, 105, 265, 136, 328
-0.985836, 1, 33, 64, 288
-0.985841, 1, 1, 32, 64
-0.985869, 345, 1, 408, 375
-0.985945, 209, 1, 336, 64
-0.985953, 409, 1, 472, 256
-0.986008, 249, 97, 312, 224
-0.986037, 1, 97, 64, 160
-0.986051, 469, 73, 500, 136
-0.986054, 97, 145, 224, 272
-0.986073, 73, 153, 136, 216
-0.986105, 201, 153, 264, 216
-0.986111, 41, 1, 104, 256
-0.986128, 149, 257, 180, 320
-0.986204, 17, 217, 144, 280
-0.986213, 441, 81, 472, 208
-0.986252, 45, 313, 76, 375
-0.986268, 469, 249, 500, 312
-0.98629, 181, 65, 212, 192
-0.98633, 85, 49, 116, 112
-0.986373, 469, 273, 500, 336
-0.986387, 153, 1, 216, 375
-0.98641, 285, 81, 316, 144
-0.986436, 201, 133, 264, 164
-0.986445, 393, 225, 456, 352
-0.986531, 1, 169, 32, 232
-0.986539, 445, 161, 476, 224
-0.986541, 25, 289, 88, 352
-0.9867, 449, 249, 480, 312
-0.986714, 193, 81, 320, 144
-0.986725, 209, 161, 272, 288
-0.986743, 277, 25, 308, 88
-0.986744, 161, 193, 224, 320
-0.986766, 365, 49, 396, 176
-0.986865, 161, 97, 224, 352
-0.986871, 265, 1, 296, 64
-0.986873, 25, 17, 88, 144
-0.986889, 89, 1, 152, 64
-0.986897, 149, 241, 180, 368
-0.986971, 41, 49, 72, 112
-0.986996, 89, 313, 120, 375
-0.987001, 225, 25, 352, 88
-0.987049, 329, 25, 392, 88
-0.987056, 433, 257, 496, 320
-0.987082, 29, 313, 60, 375
-0.987094, 297, 65, 328, 128
-0.987095, 41, 25, 104, 88
-0.987096, 385, 113, 416, 176
-0.987128, 469, 305, 500, 368
-0.987133, 169, 33, 232, 96
-0.987133, 217, 65, 280, 128
-0.987139, 33, 49, 160, 112
-0.987153, 453, 305, 484, 368
-0.987159, 1, 193, 32, 256
-0.987216, 385, 145, 448, 176
-0.98726, 81, 289, 208, 352
-0.987296, 345, 49, 376, 176
-0.98735, 185, 161, 248, 288
-0.987381, 297, 41, 360, 72
-0.987389, 85, 89, 116, 152
-0.987395, 441, 129, 472, 192
-0.987396, 433, 1, 496, 375
-0.987404, 369, 129, 496, 192
-0.98744, 89, 33, 152, 288
-0.987462, 369, 265, 496, 328
-0.987493, 1, 33, 32, 96
-0.9875, 201, 9, 264, 72
-0.98757, 129, 1, 192, 375
-0.987583, 81, 113, 112, 176
-0.987599, 113, 233, 176, 296
-0.987613, 469, 161, 500, 224
-0.987618, 9, 241, 40, 304
-0.98765, 445, 273, 476, 336
-0.98765, 1, 289, 32, 352
-0.987661, 353, 57, 384, 120
-0.987665, 257, 81, 384, 144
-0.987672, 209, 105, 240, 168
-0.987688, 353, 89, 416, 152
-0.98769, 221, 129, 252, 192
-0.987717, 469, 49, 500, 176
-0.987778, 1, 65, 32, 128
-0.987846, 449, 89, 480, 152
-0.987858, 81, 289, 144, 352
-0.987934, 133, 241, 164, 368
-0.987939, 349, 33, 380, 96
-0.987947, 321, 97, 384, 224
-0.987968, 221, 113, 252, 240
-0.987999, 81, 97, 112, 224
-0.988027, 161, 1, 224, 64
-0.988027, 233, 105, 296, 168
-0.988028, 257, 193, 500, 320
-0.988061, 69, 305, 100, 368
-0.988074, 129, 305, 160, 368
-0.98809, 333, 49, 364, 176
-0.988099, 85, 289, 116, 352
-0.988102, 13, 153, 44, 216
-0.988109, 1, 193, 128, 256
-0.98812, 397, 49, 428, 112
-0.988124, 145, 305, 272, 368
-0.988153, 9, 313, 40, 375
-0.988196, 225, 1, 288, 64
-0.988263, 169, 145, 232, 208
-0.988308, 353, 1, 384, 128
-0.988314, 125, 113, 156, 176
-0.988326, 25, 1, 88, 64
-0.988328, 185, 129, 216, 192
-0.988331, 413, 65, 444, 128
-0.988343, 1, 65, 32, 192
-0.988357, 141, 49, 172, 176
-0.988369, 121, 241, 152, 368
-0.988398, 49, 1, 112, 64
-0.988405, 113, 57, 240, 120
-0.988493, 1, 153, 128, 216
-0.988519, 25, 329, 88, 360
-0.988535, 85, 137, 116, 200
-0.988576, 105, 325, 168, 356
-0.988601, 321, 241, 384, 368
-0.988628, 273, 1, 304, 128
-0.988642, 129, 145, 192, 272
-0.988643, 385, 161, 448, 192
-0.988703, 89, 129, 152, 375
-0.988722, 85, 233, 116, 296
-0.988728, 317, 73, 348, 136
-0.98875, 469, 49, 500, 112
-0.988753, 277, 1, 308, 64
-0.988754, 65, 177, 96, 240
-0.98878, 353, 145, 416, 272
-0.988815, 385, 117, 448, 148
-0.988827, 97, 65, 128, 128
-0.988836, 105, 297, 136, 360
-0.988859, 145, 1, 208, 256
-0.988873, 1, 1, 32, 128
-0.98893, 21, 289, 52, 352
-0.988943, 101, 153, 132, 216
-0.988952, 73, 49, 104, 112
-0.988965, 329, 65, 360, 128
-0.989004, 149, 305, 180, 368
-0.989019, 409, 273, 472, 336
-0.989026, 117, 233, 148, 296
-0.989049, 209, 65, 240, 192
-0.989062, 73, 153, 104, 216
-0.989068, 173, 57, 204, 120
-0.989117, 353, 65, 416, 96
-0.989122, 33, 137, 64, 200
-0.989164, 37, 81, 68, 144
-0.989164, 425, 257, 456, 320
-0.989169, 105, 33, 168, 96
-0.989174, 281, 129, 344, 192
-0.989179, 153, 281, 216, 344
-0.989204, 297, 1, 360, 256
-0.989241, 81, 1, 112, 64
-0.989257, 169, 121, 200, 184
-0.98926, 209, 129, 240, 192
-0.989271, 377, 33, 408, 96
-0.989273, 177, 1, 240, 375
-0.989274, 345, 89, 376, 152
-0.989321, 445, 65, 476, 128
-0.989346, 337, 193, 464, 320
-0.989358, 305, 1, 368, 375
-0.989373, 5, 193, 36, 320
-0.989424, 225, 65, 256, 128
-0.989437, 101, 209, 132, 272
-0.989455, 177, 161, 304, 288
-0.989489, 1, 289, 128, 352
-0.989508, 161, 265, 192, 328
-0.989517, 369, 1, 432, 375
-0.989529, 165, 33, 196, 160
-0.989539, 161, 81, 192, 144
-0.989543, 329, 313, 392, 375
-0.989547, 469, 217, 500, 280
-0.989561, 393, 1, 424, 128
-0.989581, 193, 241, 256, 368
-0.989593, 69, 73, 100, 136
-0.989594, 409, 17, 440, 144
-0.98963, 449, 225, 480, 288
-0.989654, 313, 73, 376, 136
-0.989664, 57, 89, 88, 152
-0.989666, 57, 313, 88, 375
-0.989683, 85, 177, 116, 240
-0.989686, 257, 65, 288, 128
-0.98969, 241, 81, 304, 144
-0.989727, 41, 129, 104, 375
-0.989745, 289, 1, 320, 128
-0.989765, 25, 169, 88, 232
-0.989779, 13, 201, 44, 264
-0.9898, 33, 1, 64, 64
-0.989803, 209, 57, 240, 120
-0.989804, 305, 137, 432, 200
-0.989806, 385, 133, 448, 164
-0.989808, 457, 161, 488, 224
-0.989808, 65, 73, 192, 136
-0.989829, 169, 1, 232, 256
-0.98983, 1, 129, 64, 192
-0.989832, 209, 113, 336, 176
-0.989842, 5, 145, 36, 272
-0.989883, 309, 129, 340, 192
-0.989886, 57, 329, 120, 360
-0.989898, 365, 33, 396, 96
-0.989913, 65, 1, 192, 64
-0.989931, 93, 25, 124, 88
-0.989936, 57, 33, 88, 96
-0.989946, 33, 105, 64, 168
-0.98995, 185, 129, 248, 375
-0.989952, 265, 25, 296, 88
-0.989956, 169, 129, 232, 160
-0.989961, 369, 241, 496, 304
-0.989975, 385, 145, 416, 208
-0.989984, 85, 209, 116, 272
-0.989991, 141, 113, 172, 176
-0.990004, 145, 81, 176, 144
-0.990032, 1, 25, 128, 88
-0.99005, 57, 201, 120, 264
-0.990062, 401, 177, 464, 304
-0.990062, 353, 193, 416, 320
-0.990065, 193, 33, 256, 96
-0.99008, 129, 113, 256, 176
-0.99012, 169, 141, 232, 172
-0.99013, 409, 1, 472, 375
-0.990142, 417, 233, 480, 296
-0.990213, 185, 113, 216, 240
-0.990224, 217, 65, 280, 320
-0.990229, 1, 1, 64, 32
-0.990282, 409, 161, 472, 192
-0.990292, 13, 1, 44, 128
-0.990334, 85, 33, 116, 160
-0.990347, 73, 41, 136, 104
-0.990403, 385, 169, 448, 232
-0.990427, 209, 241, 336, 368
-0.990452, 409, 101, 472, 132
-0.990477, 1, 1, 64, 375
-0.990522, 329, 61, 392, 92
-0.990524, 65, 1, 128, 256
-0.990538, 169, 249, 232, 312
-0.990538, 217, 313, 280, 375
-0.990574, 33, 265, 96, 328
-0.990606, 257, 1, 384, 64
-0.990654, 25, 113, 88, 176
-0.990676, 241, 313, 304, 375
-0.990677, 65, 25, 192, 88
-0.990679, 145, 65, 208, 96
-0.990729, 97, 89, 160, 152
-0.990792, 89, 201, 152, 264
-0.990793, 409, 89, 472, 120
-0.990798, 129, 129, 192, 375
-0.990815, 409, 149, 472, 180
-0.990828, 49, 153, 112, 216
-0.990942, 353, 241, 416, 368
-0.990972, 305, 17, 368, 48
-0.991014, 313, 105, 376, 168
-0.991046, 113, 1, 240, 64
-0.991065, 65, 317, 128, 348
-0.991087, 81, 113, 208, 176
-0.991089, 289, 105, 352, 168
-0.991105, 57, 1, 120, 375
-0.991135, 217, 33, 280, 96
-0.991227, 429, 17, 460, 144
-0.99123, 121, 261, 184, 292
-0.991231, 101, 145, 132, 272
-0.991241, 1, 273, 64, 304
-0.991261, 85, 225, 116, 352
-0.991269, 73, 145, 104, 272
-0.991305, 193, 145, 256, 176
-0.991364, 13, 241, 44, 368
-0.9914, 193, 121, 256, 152
-0.991473, 313, 129, 376, 192
-0.991497, 97, 65, 160, 96
-0.991506, 401, 1, 464, 64
-0.991511, 113, 257, 240, 320
-0.991515, 89, 1, 152, 375
-0.99155, 265, 29, 328, 60
-0.991561, 17, 81, 144, 144
-0.991581, 217, 337, 280, 368
-0.991607, 257, 65, 500, 128
-0.991681, 409, 73, 472, 104
-0.991691, 265, 17, 328, 48
-0.991692, 105, 313, 168, 344
-0.991737, 469, 1, 500, 128
-0.991751, 321, 241, 448, 368
-0.991772, 121, 61, 184, 92
-0.991809, 65, 225, 192, 288
-0.991828, 105, 341, 168, 372
-0.99185, 453, 241, 484, 368
-0.991862, 197, 33, 228, 160
-0.99188, 281, 1, 344, 375
-0.991886, 225, 57, 352, 120
-0.991897, 257, 145, 384, 272
-0.991913, 377, 73, 440, 104
-0.991938, 177, 25, 304, 88
-0.991941, 25, 49, 88, 112
-0.991975, 361, 341, 424, 372
-0.991975, 433, 185, 496, 248
-0.991986, 281, 49, 312, 176
-0.992044, 17, 265, 144, 328
-0.992058, 161, 49, 416, 112
-0.992061, 385, 173, 448, 204
-0.992086, 121, 33, 184, 288
-0.992115, 433, 281, 496, 312
-0.992127, 25, 341, 88, 372
-0.992141, 345, 137, 408, 200
-0.992202, 129, 333, 192, 364
-0.992226, 81, 177, 144, 240
-0.992254, 377, 85, 440, 116
-0.992307, 433, 169, 496, 200
-0.992355, 305, 1, 368, 32
-0.992408, 305, 53, 368, 84
-0.992418, 397, 113, 428, 144
-0.992475, 65, 345, 128, 375
-0.992504, 309, 49, 340, 176
-0.992507, 289, 145, 352, 272
-0.992514, 385, 105, 448, 136
-0.992535, 97, 145, 224, 208
-0.992546, 369, 17, 496, 80
-0.992552, 49, 101, 112, 132
-0.992554, 49, 233, 112, 296
-0.992598, 337, 345, 400, 375
-0.99261, 249, 1, 312, 375
-0.992646, 145, 125, 208, 156
-0.992685, 417, 149, 448, 180
-0.992685, 365, 61, 396, 92
-0.992686, 129, 309, 192, 340
-0.992733, 465, 241, 496, 368
-0.992749, 429, 153, 460, 184
-0.992755, 161, 61, 192, 92
-0.992767, 433, 161, 464, 288
-0.992774, 197, 129, 228, 160
-0.992783, 321, 161, 448, 224
-0.992792, 425, 137, 488, 168
-0.99282, 97, 265, 160, 296
-0.992823, 305, 345, 368, 375
-0.992831, 197, 141, 228, 172
-0.99284, 413, 117, 444, 148
-0.992842, 169, 117, 232, 148
-0.992868, 257, 105, 320, 168
-0.992884, 313, 145, 376, 272
-0.992899, 313, 97, 376, 352
-0.992925, 325, 41, 356, 72
-0.992931, 1, 157, 64, 188
-0.992931, 73, 101, 136, 132
-0.992937, 185, 57, 248, 88
-0.992943, 45, 329, 76, 360
-0.99295, 149, 61, 180, 92
-0.992951, 289, 77, 352, 108
-0.992951, 409, 117, 472, 148
-0.992957, 145, 113, 208, 144
-0.992996, 225, 65, 256, 192
-0.993015, 417, 161, 448, 192
-0.993041, 281, 5, 344, 36
-0.993046, 305, 29, 368, 60
-0.993054, 93, 333, 124, 364
-0.993077, 1, 285, 64, 316
-0.993091, 405, 81, 436, 112
-0.993098, 209, 133, 240, 164
-0.993099, 401, 113, 432, 240
-0.993122, 329, 49, 392, 80
-0.99313, 145, 81, 272, 144
-0.993133, 409, 173, 472, 204
-0.993174, 33, 1, 96, 375
-0.993206, 145, 281, 272, 344
-0.993213, 389, 73, 420, 104
-0.993214, 161, 241, 192, 368
-0.993219, 453, 69, 484, 100
-0.993221, 201, 1, 264, 375
-0.993227, 97, 301, 160, 332
-0.993227, 345, 53, 376, 84
-0.993236, 1, 273, 32, 304
-0.993257, 233, 69, 296, 100
-0.99326, 113, 1, 176, 64
-0.993266, 441, 165, 472, 196
-0.99327, 129, 281, 192, 312
-0.993274, 417, 129, 448, 160
-0.993278, 257, 337, 320, 368
-0.99328, 281, 1, 312, 32
-0.99329, 397, 145, 428, 176
-0.993296, 145, 153, 272, 216
-0.993302, 385, 337, 416, 368
-0.993332, 377, 1, 408, 128
-0.993364, 433, 69, 496, 100
-0.993371, 153, 89, 216, 152
-0.993373, 409, 177, 472, 240
-0.99338, 105, 341, 136, 372
-0.993384, 49, 53, 112, 84
-0.993385, 417, 293, 480, 324
-0.993386, 53, 57, 84, 88
-0.993386, 73, 33, 104, 160
-0.993397, 169, 69, 232, 100
-0.993397, 137, 233, 200, 296
-0.993402, 173, 65, 204, 96
-0.993402, 337, 1, 368, 32
-0.993404, 1, 45, 64, 76
-0.993419, 313, 41, 344, 72
-0.993426, 433, 157, 496, 188
-0.993427, 261, 1, 292, 128
-0.993434, 21, 1, 52, 32
-0.993448, 429, 141, 460, 172
-0.993451, 445, 145, 476, 272
-0.993455, 213, 145, 244, 176
-0.993458, 273, 57, 336, 88
-0.993469, 453, 81, 484, 112
-0.99347, 361, 157, 424, 188
-0.993471, 309, 21, 340, 52
-0.993479, 33, 329, 64, 360
-0.99349, 141, 257, 172, 288
-0.993491, 129, 297, 192, 328
-0.993514, 257, 129, 384, 192
-0.993534, 25, 145, 56, 272
-0.99354, 1, 77, 32, 108
-0.99355, 389, 161, 420, 192
-0.993554, 329, 9, 392, 40
-0.993563, 165, 81, 196, 208
-0.993565, 433, 85, 464, 116
-0.993573, 469, 341, 500, 372
-0.993579, 429, 125, 460, 156
-0.993607, 377, 65, 408, 96
-0.99361, 1, 1, 32, 32
-0.993615, 225, 129, 288, 160
-0.993625, 73, 113, 136, 144
-0.993637, 133, 61, 164, 92
-0.993638, 429, 113, 460, 144
-0.99364, 457, 17, 488, 48
-0.99364, 429, 97, 460, 128
-0.993645, 57, 329, 88, 360
-0.993649, 401, 125, 432, 156
-0.993662, 25, 245, 88, 276
-0.993681, 353, 109, 416, 140
-0.993684, 1, 293, 32, 324
-0.9937, 413, 97, 444, 128
-0.993701, 433, 81, 496, 112
-0.993705, 289, 13, 320, 44
-0.993705, 453, 165, 484, 196
-0.993706, 453, 81, 484, 208
-0.99371, 41, 113, 104, 144
-0.993726, 101, 321, 132, 352
-0.993731, 469, 69, 500, 100
-0.993743, 177, 125, 208, 156
-0.993744, 221, 133, 252, 164
-0.993747, 277, 69, 308, 100
-0.993753, 289, 25, 320, 56
-0.993756, 85, 97, 116, 128
-0.993763, 1, 197, 32, 228
-0.993764, 1, 61, 64, 92
-0.993777, 185, 337, 248, 368
-0.993783, 289, 129, 352, 375
-0.993784, 445, 277, 476, 308
-0.993789, 429, 277, 460, 308
-0.993793, 341, 65, 372, 96
-0.993793, 9, 313, 72, 344
-0.993794, 457, 29, 488, 60
-0.993813, 469, 245, 500, 276
-0.993818, 121, 193, 152, 320
-0.99382, 193, 137, 320, 200
-0.993821, 325, 17, 356, 48
-0.993822, 305, 341, 336, 372
-0.993825, 129, 261, 160, 292
-0.993825, 105, 265, 136, 296
-0.993839, 249, 1, 312, 32
-0.993846, 145, 321, 208, 352
-0.993859, 225, 97, 480, 160
-0.993862, 85, 53, 116, 84
-0.993886, 133, 329, 164, 360
-0.993888, 457, 41, 488, 72
-0.993893, 121, 117, 184, 148
-0.993896, 277, 85, 308, 116
-0.993898, 289, 53, 320, 84
-0.993902, 425, 29, 488, 60
-0.993903, 1, 313, 256, 375
-0.993905, 33, 65, 64, 192
-0.993906, 245, 337, 276, 368
-0.993908, 457, 5, 488, 36
-0.993911, 213, 121, 244, 152
-0.993934, 401, 61, 464, 92
-0.993944, 1, 177, 64, 208
-0.993945, 265, 5, 296, 36
-0.993947, 113, 329, 144, 360
-0.993954, 229, 337, 260, 368
-0.993956, 333, 53, 364, 84
-0.993958, 309, 1, 340, 32
-0.993964, 181, 113, 212, 144
-0.993968, 1, 181, 32, 212
-0.993971, 353, 65, 384, 96
-0.993976, 129, 25, 384, 88
-0.993984, 225, 241, 288, 368
-0.993992, 1, 57, 32, 88
-0.993996, 457, 53, 488, 84
-0.993997, 133, 317, 164, 348
-0.994005, 433, 325, 496, 356
-0.994006, 213, 341, 244, 372
-0.994011, 345, 41, 376, 72
-0.994012, 33, 105, 64, 136
-0.99403, 401, 161, 432, 192
-0.994042, 273, 313, 400, 375
-0.994045, 257, 85, 320, 116
-0.994047, 257, 97, 320, 352
-0.994049, 77, 117, 108, 148
-0.994057, 469, 173, 500, 204
-0.994067, 1, 45, 32, 76
-0.994083, 97, 289, 160, 320
-0.994085, 149, 73, 180, 104
-0.994094, 429, 165, 460, 196
-0.994105, 73, 321, 104, 352
-0.994107, 289, 241, 352, 368
-0.994117, 1, 25, 64, 56
-0.994138, 233, 129, 264, 160
-0.994139, 309, 133, 340, 164
-0.99414, 465, 321, 496, 352
-0.994142, 293, 345, 324, 375
-0.994153, 385, 117, 416, 148
-0.994156, 301, 53, 332, 84
-0.994157, 149, 329, 180, 360
-0.99416, 1, 33, 32, 64
-0.994194, 373, 341, 404, 372
-0.994196, 423, 89, 438, 152
-0.994197, 401, 69, 432, 100
-0.994198, 9, 261, 40, 292
-0.994204, 117, 341, 148, 372
-0.994208, 41, 57, 72, 88
-0.99421, 157, 49, 188, 80
-0.99421, 297, 333, 360, 364
-0.994223, 349, 1, 380, 32
-0.994228, 449, 289, 480, 320
-0.994229, 437, 177, 468, 208
-0.994229, 1, 333, 64, 364
-0.994235, 49, 69, 80, 100
-0.994236, 69, 241, 100, 368
-0.994238, 469, 277, 500, 308
-0.994238, 417, 337, 480, 368
-0.994241, 125, 121, 156, 152
-0.994251, 425, 289, 456, 320
-0.994258, 317, 337, 348, 368
-0.994264, 117, 265, 148, 296
-0.994269, 85, 301, 116, 332
-0.994269, 137, 49, 168, 80
-0.994269, 337, 345, 368, 375
-0.99427, 301, 37, 332, 68
-0.994271, 153, 257, 184, 288
-0.994274, 289, 89, 320, 120
-0.994275, 385, 145, 416, 176
-0.994277, 33, 149, 64, 180
-0.994279, 337, 333, 400, 364
-0.994283, 121, 97, 152, 224
-0.994304, 329, 193, 392, 320
-0.994316, 49, 153, 176, 216
-0.994348, 369, 337, 496, 368
-0.994356, 25, 137, 88, 168
-0.994363, 145, 233, 272, 296
-0.994377, 201, 157, 264, 188
-0.994387, 321, 257, 448, 320
-0.994405, 273, 193, 336, 320
-0.994417, 369, 177, 496, 240
-0.994451, 97, 201, 224, 264
-0.99447, 337, 97, 400, 352
-0.994492, 193, 313, 320, 375
-0.994502, 161, 1, 416, 64
-0.994519, 41, 89, 104, 120
-0.994533, 65, 261, 128, 292
-0.99459, 1, 41, 500, 104
-0.994598, 97, 121, 160, 152
-0.994603, 81, 333, 144, 364
-0.994607, 49, 69, 112, 100
-0.994617, 225, 1, 256, 128
-0.994629, 25, 1, 56, 128
-0.99463, 49, 129, 112, 160
-0.994658, 345, 121, 408, 152
-0.99466, 425, 17, 488, 48
-0.994718, 53, 49, 84, 176
-0.994718, 85, 177, 116, 304
-0.99472, 57, 149, 120, 180
-0.994751, 425, 1, 488, 32
-0.994751, 1, 201, 64, 232
-0.994765, 57, 185, 120, 216
-0.994792, 81, 49, 144, 80
-0.994801, 97, 17, 128, 144
-0.994809, 1, 261, 64, 292
-0.994819, 17, 225, 80, 256
-0.994821, 1, 73, 64, 104
-0.994833, 249, 57, 312, 88
-0.994834, 361, 53, 424, 84
-0.994861, 361, 145, 424, 176
-0.994868, 81, 161, 144, 192
-0.994872, 337, 37, 400, 68
-0.994887, 81, 77, 144, 108
-0.994894, 25, 1, 88, 32
-0.994923, 73, 305, 136, 336
-0.99494, 273, 53, 400, 84
-0.994976, 437, 129, 452, 192
-0.994977, 1, 73, 500, 136
-0.995006, 129, 345, 192, 375
-0.995007, 25, 149, 88, 180
-0.995013, 17, 329, 144, 360
-0.995021, 241, 161, 304, 288
-0.99503, 25, 297, 88, 328
-0.995109, 225, 1, 288, 375
-0.995118, 353, 81, 480, 112
-0.995139, 469, 193, 500, 320
-0.995202, 429, 121, 444, 184
-0.995202, 407, 73, 422, 136
-0.99523, 25, 225, 56, 352
-0.995233, 213, 1, 244, 128
-0.995241, 1, 265, 256, 328
-0.995282, 317, 17, 332, 80
-0.995295, 233, 113, 264, 240
-0.995299, 273, 105, 400, 168
-0.995347, 81, 65, 208, 96
-0.995348, 129, 65, 256, 96
-0.995367, 137, 1, 200, 128
-0.99537, 65, 65, 320, 128
-0.995384, 93, 97, 124, 224
-0.995417, 429, 241, 460, 368
-0.995483, 339, 41, 354, 104
-0.995539, 413, 73, 428, 136
-0.995546, 411, 105, 426, 168
-0.995557, 177, 61, 304, 92
-0.995559, 1, 245, 128, 276
-0.995562, 289, 65, 416, 96
-0.995612, 405, 105, 420, 168
-0.995612, 257, 129, 500, 192
-0.995678, 57, 225, 88, 352
-0.99569, 65, 261, 192, 292
-0.995695, 369, 217, 496, 280
-0.995721, 257, 41, 500, 104
-0.995722, 113, 25, 240, 88
-0.995723, 323, 17, 338, 80
-0.995756, 81, 329, 208, 360
-0.99576, 1, 121, 256, 184
-0.995769, 365, 1, 396, 128
-0.995783, 1, 17, 500, 80
-0.995787, 101, 193, 132, 320
-0.995815, 113, 1, 144, 128
-0.995819, 321, 49, 352, 176
-0.995826, 399, 113, 414, 176
-0.995855, 161, 57, 176, 120
-0.995877, 353, 69, 480, 100
-0.99588, 393, 65, 408, 128
-0.995899, 1, 113, 500, 176
-0.995995, 329, 9, 344, 72
-0.996016, 33, 53, 160, 84
-0.996027, 347, 49, 362, 112
-0.996037, 467, 305, 482, 368
-0.996045, 353, 157, 480, 188
-0.996089, 269, 49, 300, 176
-0.996103, 155, 49, 170, 112
-0.996136, 361, 129, 424, 375
-0.996138, 145, 333, 272, 364
-0.996141, 3, 273, 18, 336
-0.996151, 327, 41, 342, 104
-0.996188, 421, 145, 436, 208
-0.996198, 277, 73, 292, 136
-0.996207, 1, 289, 256, 352
-0.996233, 401, 73, 416, 136
-0.996244, 443, 129, 458, 192
-0.996265, 129, 89, 384, 152
-0.996296, 209, 337, 336, 368
-0.996297, 81, 177, 208, 240
-0.996309, 427, 145, 442, 208
-0.996316, 161, 1, 288, 64
-0.996323, 33, 1, 48, 64
-0.996325, 161, 257, 288, 320
-0.996335, 305, 9, 320, 72
-0.996347, 305, 341, 432, 372
-0.996372, 295, 49, 310, 112
-0.996392, 369, 57, 496, 88
-0.996397, 305, 77, 432, 108
-0.99643, 289, 41, 416, 72
-0.996433, 349, 1, 364, 64
-0.996441, 385, 129, 416, 256
-0.996443, 429, 97, 444, 160
-0.996444, 241, 1, 368, 32
-0.996455, 19, 1, 34, 64
-0.996475, 455, 65, 470, 128
-0.996493, 95, 1, 110, 64
-0.996508, 1, 297, 16, 360
-0.996518, 73, 193, 104, 320
-0.996518, 365, 57, 380, 120
-0.996562, 297, 1, 312, 64
-0.996569, 337, 9, 352, 72
-0.996611, 383, 57, 398, 120
-0.996633, 21, 97, 52, 224
-0.996636, 469, 65, 484, 128
-0.996638, 287, 73, 302, 136
-0.99665, 315, 41, 330, 104
-0.996657, 97, 341, 224, 372
-0.99667, 225, 193, 352, 320
-0.996685, 421, 121, 436, 184
-0.996686, 17, 341, 144, 372
-0.996694, 445, 33, 476, 160
-0.996701, 311, 17, 326, 80
-0.996708, 45, 241, 76, 368
-0.996709, 437, 153, 452, 216
-0.99671, 167, 57, 182, 120
-0.996759, 289, 17, 416, 48
-0.996761, 241, 65, 272, 192
-0.996767, 49, 97, 80, 224
-0.996792, 55, 57, 70, 120
-0.996797, 135, 257, 150, 320
-0.996814, 1, 281, 500, 344
-0.996859, 377, 177, 440, 304
-0.996872, 475, 57, 490, 120
-0.996886, 279, 9, 294, 72
-0.996896, 207, 121, 222, 184
-0.996904, 353, 93, 480, 124
-0.996914, 139, 297, 154, 360
-0.996916, 321, 41, 336, 104
-0.996917, 465, 281, 480, 344
-0.996952, 447, 153, 462, 216
-0.996954, 81, 301, 208, 332
-0.996956, 411, 129, 426, 192
-0.996967, 81, 281, 208, 312
-0.996975, 1, 241, 256, 304
-0.996996, 117, 257, 132, 320
-0.996998, 355, 57, 370, 120
-0.997008, 25, 1, 40, 64
-0.997029, 241, 41, 368, 72
-0.997031, 337, 45, 464, 76
-0.997032, 145, 321, 272, 352
-0.99704, 33, 65, 160, 96
-0.997045, 481, 73, 496, 136
-0.997045, 49, 317, 176, 348
-0.997046, 369, 169, 496, 200
-0.997054, 37, 17, 68, 144
-0.997058, 1, 257, 128, 288
-0.997079, 65, 145, 320, 208
-0.997085, 337, 129, 464, 160
-0.997101, 313, 113, 344, 240
-0.997104, 467, 241, 482, 304
-0.997107, 61, 313, 76, 375
-0.997114, 369, 109, 496, 140
-0.997125, 333, 41, 348, 104
-0.997137, 109, 257, 124, 320
-0.997156, 83, 113, 98, 176
-0.997167, 377, 57, 392, 120
-0.99717, 281, 49, 296, 112
-0.997183, 151, 257, 166, 320
-0.997187, 399, 145, 414, 208
-0.997215, 289, 1, 304, 64
-0.997217, 369, 325, 496, 356
-0.997241, 257, 1, 500, 64
-0.99726, 473, 273, 488, 336
-0.997263, 321, 145, 448, 176
-0.997264, 19, 241, 34, 304
-0.997266, 9, 265, 24, 328
-0.997267, 129, 117, 256, 148
-0.997268, 141, 249, 156, 312
-0.997276, 225, 153, 480, 216
-0.997294, 163, 257, 178, 320
-0.997295, 329, 65, 344, 128
-0.997296, 1, 205, 128, 236
-0.997299, 293, 97, 324, 224
-0.997304, 257, 297, 500, 360
-0.997317, 33, 113, 160, 144
-0.99732, 257, 89, 384, 120
-0.997334, 113, 129, 240, 160
-0.997342, 193, 185, 320, 248
-0.997352, 301, 49, 316, 112
-0.997355, 453, 153, 468, 216
-0.997358, 87, 89, 102, 152
-0.997359, 369, 285, 496, 316
-0.997364, 1, 1, 16, 64
-0.997365, 345, 111, 376, 126
-0.997366, 445, 293, 476, 308
-0.997368, 1, 1, 128, 32
-0.997374, 377, 65, 408, 80
-0.997382, 257, 69, 288, 84
-0.997385, 293, 73, 308, 136
-0.997385, 315, 17, 330, 48
-0.997386, 1, 233, 128, 264
-0.997387, 125, 257, 140, 320
-0.997388, 421, 161, 452, 288
-0.997392, 213, 153, 244, 168
-0.997393, 153, 59, 184, 74
-0.997398, 129, 297, 384, 360
-0.997404, 113, 351, 144, 366
-0.997404, 217, 137, 232, 200
-0.997406, 3, 193, 18, 256
-0.997408, 85, 71, 116, 86
-0.997411, 433, 145, 464, 160
-0.997414, 49, 49, 64, 112
-0.99742, 273, 29, 304, 44
-0.997422, 85, 329, 116, 344
-0.997426, 101, 161, 132, 176
-0.997426, 181, 125, 212, 140
-0.997427, 177, 133, 304, 164
-0.99743, 285, 51, 316, 66
-0.997437, 33, 109, 64, 124
-0.997438, 417, 155, 448, 170
-0.997442, 105, 267, 136, 282
-0.997442, 441, 287, 472, 302
-0.997447, 417, 163, 448, 178
-0.997449, 413, 107, 444, 122
-0.997449, 1, 287, 32, 302
-0.997456, 1, 201, 32, 216
-0.997458, 1, 281, 128, 312
-0.99746, 457, 63, 488, 78
-0.997461, 1, 293, 32, 308
-0.997464, 343, 9, 358, 72
-0.997465, 57, 177, 88, 304
-0.99747, 333, 57, 364, 72
-0.997473, 177, 73, 304, 104
-0.997474, 257, 345, 384, 375
-0.997489, 241, 65, 368, 96
-0.997494, 413, 87, 444, 102
-0.997497, 33, 41, 288, 104
-0.997498, 85, 107, 116, 122
-0.997505, 473, 305, 488, 368
-0.997508, 433, 153, 464, 168
-0.997512, 449, 129, 464, 192
-0.997513, 113, 333, 144, 348
-0.997515, 449, 163, 480, 178
-0.99752, 97, 1, 224, 32
-0.997533, 17, 145, 144, 176
-0.997534, 309, 41, 324, 104
-0.997535, 95, 41, 110, 104
-0.997536, 333, 17, 364, 32
-0.997537, 41, 59, 72, 74
-0.997539, 369, 145, 496, 176
-0.997544, 161, 345, 288, 375
-0.997547, 429, 291, 460, 306
-0.997547, 321, 117, 448, 148
-0.997547, 33, 1, 288, 64
-0.997551, 425, 275, 456, 290
-0.997552, 157, 61, 172, 92
-0.997554, 429, 111, 460, 126
-0.997556, 65, 335, 96, 350
-0.997559, 1, 313, 128, 344
-0.997563, 457, 35, 488, 50
-0.997565, 55, 313, 70, 375
-0.997572, 181, 133, 212, 148
-0.997578, 121, 265, 152, 280
-0.997579, 157, 249, 172, 312
-0.997582, 369, 301, 496, 332
-0.997585, 305, 135, 336, 150
-0.997586, 361, 59, 392, 74
-0.997586, 221, 339, 252, 354
-0.997586, 321, 5, 448, 36
-0.997587, 181, 69, 212, 84
-0.997593, 461, 65, 476, 128
-0.997593, 1, 305, 500, 368
-0.997594, 1, 217, 128, 248
-0.997601, 193, 161, 320, 224
-0.997608, 1, 301, 128, 332
-0.997617, 1, 281, 32, 296
-0.997619, 81, 57, 96, 120
-0.997624, 457, 17, 488, 32
-0.997625, 313, 43, 344, 58
-0.997627, 345, 49, 376, 64
-0.997633, 129, 145, 256, 176
-0.997633, 11, 201, 26, 264
-0.997634, 429, 103, 460, 118
-0.997635, 193, 49, 320, 80
-0.997639, 33, 97, 160, 128
-0.997639, 75, 57, 90, 120
-0.997641, 85, 113, 116, 128
-0.997649, 435, 97, 450, 160
-0.997652, 439, 157, 454, 188
-0.997655, 65, 81, 96, 208
-0.997658, 389, 33, 420, 288
-0.997661, 233, 341, 264, 356
-0.997664, 413, 113, 444, 128
-0.997668, 209, 139, 240, 154
-0.997675, 297, 21, 328, 36
-0.997675, 173, 65, 188, 128
-0.997676, 445, 279, 476, 294
-0.997678, 19, 201, 34, 264
-0.997679, 1, 299, 32, 314
-0.997679, 33, 129, 160, 160
-0.997685, 73, 329, 104, 344
-0.997686, 483, 161, 498, 224
-0.99769, 137, 113, 168, 240
-0.997692, 225, 25, 352, 56
-0.997694, 409, 65, 440, 320
-0.997696, 49, 313, 64, 375
-0.997698, 469, 1, 484, 64
-0.997698, 49, 249, 176, 280
-0.997701, 389, 163, 420, 178
-0.997703, 87, 49, 102, 112
-0.997705, 1, 81, 32, 96
-0.997707, 457, 49, 488, 64
-0.99771, 53, 113, 68, 176
-0.997715, 1, 89, 256, 152
-0.997717, 469, 41, 484, 104
-0.997718, 97, 121, 352, 184
-0.99772, 277, 83, 308, 98
-0.997724, 457, 69, 488, 84
-0.997726, 453, 193, 484, 320
-0.997731, 53, 89, 68, 152
-0.997733, 105, 343, 136, 358
-0.997738, 193, 121, 320, 152
-0.997744, 53, 65, 84, 80
-0.997748, 129, 119, 160, 134
-0.997753, 453, 89, 468, 152
-0.997758, 369, 241, 496, 272
-0.997758, 149, 261, 180, 276
-0.997758, 103, 313, 118, 375
-0.997759, 429, 87, 460, 102
-0.997761, 429, 97, 460, 112
-0.997766, 429, 117, 460, 132
-0.99777, 419, 65, 434, 128
-0.99777, 457, 43, 488, 58
-0.997771, 441, 265, 456, 328
-0.997772, 415, 153, 430, 216
-0.997773, 465, 247, 496, 262
-0.997776, 99, 217, 114, 280
-0.997783, 249, 209, 312, 336
-0.997787, 321, 19, 352, 34
-0.997787, 329, 343, 360, 358
-0.99779, 45, 73, 60, 136
-0.997793, 145, 297, 160, 360
-0.997797, 179, 113, 194, 176
-0.9978, 199, 129, 214, 192
-0.997801, 85, 99, 116, 114
-0.99781, 129, 273, 384, 336
-0.997812, 449, 81, 480, 96
-0.997817, 485, 313, 500, 375
-0.99782, 273, 75, 304, 90
-0.997822, 197, 131, 228, 146
-0.997822, 271, 1, 286, 64
-0.997826, 197, 147, 228, 162
-0.997827, 355, 1, 370, 64
-0.997832, 413, 133, 444, 148
-0.997839, 53, 335, 84, 350
-0.99784, 227, 129, 242, 192
-0.997841, 405, 137, 420, 200
-0.997841, 457, 27, 488, 42
-0.997845, 133, 161, 164, 288
-0.997847, 3, 169, 18, 232
-0.99785, 333, 97, 364, 224
-0.997852, 213, 147, 244, 162
-0.99786, 365, 61, 380, 92
-0.997862, 13, 1, 28, 64
-0.997862, 223, 57, 238, 120
-0.997865, 61, 57, 76, 120
-0.997874, 381, 71, 412, 86
-0.997874, 133, 331, 164, 346
-0.997885, 433, 139, 464, 154
-0.997886, 427, 145, 442, 176
-0.997898, 421, 281, 452, 296
-0.9979, 429, 97, 460, 352
-0.997902, 281, 5, 312, 20
-0.997905, 423, 89, 438, 120
-0.997905, 285, 13, 316, 28
-0.997905, 175, 65, 190, 96
-0.997906, 295, 1, 310, 32
-0.997908, 101, 327, 132, 342
-0.997916, 289, 27, 320, 42
-0.997921, 185, 105, 200, 168
-0.997929, 475, 81, 490, 144
-0.997937, 27, 1, 42, 32
-0.997939, 403, 49, 418, 112
-0.99794, 457, 55, 488, 70
-0.997941, 287, 49, 302, 112
-0.997945, 299, 81, 314, 144
-0.997952, 1, 157, 128, 188
-0.997953, 305, 157, 432, 188
-0.997955, 341, 41, 356, 72
-0.997959, 217, 161, 232, 224
-0.997962, 1, 25, 128, 56
-0.997962, 305, 193, 368, 320
-0.997962, 309, 121, 324, 184
-0.997964, 97, 317, 224, 348
-0.997965, 193, 9, 320, 40
-0.997967, 439, 137, 454, 168
-0.997968, 217, 145, 232, 176
-0.997969, 1, 275, 32, 290
-0.997972, 113, 341, 128, 372
-0.997972, 393, 153, 424, 168
-0.997979, 381, 61, 396, 92
-0.997979, 257, 77, 384, 108
-0.997979, 257, 265, 500, 328
-0.997988, 413, 127, 444, 142
-0.997991, 397, 145, 412, 176
-0.998, 163, 61, 178, 92
-0.998, 1, 41, 128, 72
-0.998002, 409, 93, 440, 108
-0.998002, 445, 129, 476, 375
-0.998003, 293, 57, 324, 72
-0.998006, 429, 157, 444, 188
-0.998011, 349, 1, 364, 32
-0.998015, 203, 129, 218, 160
-0.998027, 1, 269, 128, 300
-0.998032, 301, 343, 332, 358
-0.998034, 169, 67, 200, 82
-0.998036, 469, 341, 500, 356
-0.998048, 33, 1, 48, 32
-0.998049, 141, 61, 172, 76
-0.998056, 61, 329, 76, 360
-0.998056, 401, 83, 432, 98
-0.998056, 429, 123, 460, 138
-0.998057, 403, 161, 418, 192
-0.99806, 401, 113, 416, 144
-0.99806, 137, 1, 168, 128
-0.998069, 397, 123, 428, 138
-0.99807, 469, 145, 500, 272
-0.998071, 193, 85, 320, 116
-0.99808, 393, 75, 424, 90
-0.998084, 53, 59, 84, 74
-0.998093, 65, 237, 192, 268
-0.998095, 369, 181, 496, 212
-0.998095, 151, 57, 166, 88
-0.998098, 5, 273, 20, 304
-0.998102, 385, 341, 416, 356
-0.998118, 25, 1, 56, 16
-0.998133, 289, 133, 416, 164
-0.998147, 417, 81, 432, 112
-0.998148, 337, 1, 368, 256
-0.998149, 431, 133, 446, 164
-0.998149, 277, 1, 308, 256
-0.998158, 47, 329, 62, 360
-0.99816, 1, 33, 32, 288
-0.998161, 17, 49, 48, 176
-0.998161, 107, 333, 122, 364
-0.998165, 413, 113, 428, 144
-0.998169, 443, 277, 458, 308
-0.99817, 245, 341, 276, 356
-0.99817, 337, 3, 368, 18
-0.998174, 347, 57, 362, 88
-0.998178, 453, 165, 468, 196
-0.998185, 41, 329, 56, 360
-0.998185, 355, 57, 370, 88
-0.998186, 81, 49, 208, 80
-0.998188, 361, 33, 392, 288
-0.998192, 439, 169, 454, 200
-0.998197, 99, 329, 114, 360
-0.998197, 137, 259, 168, 274
-0.9982, 323, 21, 338, 52
-0.99821, 429, 1, 460, 256
-0.998211, 313, 343, 344, 358
-0.99822, 169, 61, 184, 92
-0.998222, 205, 33, 236, 288
-0.998223, 55, 57, 70, 88
-0.99823, 413, 119, 444, 134
-0.998231, 209, 133, 224, 164
-0.998233, 1, 301, 16, 332
-0.998238, 391, 69, 406, 100
-0.998238, 153, 71, 184, 86
-0.998242, 85, 33, 116, 288
-0.998242, 209, 133, 240, 148
-0.998245, 309, 21, 340, 36
-0.998247, 397, 161, 412, 192
-0.998249, 141, 257, 156, 288
-0.998253, 139, 317, 154, 348
-0.998253, 87, 93, 102, 124
-0.998254, 13, 1, 44, 16
-0.998258, 257, 49, 288, 176
-0.998262, 273, 225, 400, 352
-0.998263, 393, 147, 424, 162
-0.998265, 53, 329, 68, 360
-0.998265, 261, 345, 276, 375
-0.998267, 277, 69, 292, 100
-0.99827, 149, 193, 180, 320
-0.998273, 377, 33, 408, 288
-0.998273, 315, 1, 330, 128
-0.998278, 411, 81, 426, 112
-0.998279, 181, 65, 196, 96
-0.99828, 381, 341, 396, 372
-0.998282, 297, 53, 312, 84
-0.998286, 177, 17, 208, 144
-0.998287, 397, 73, 412, 104
-0.998296, 307, 341, 322, 372
-0.998306, 33, 333, 64, 348
-0.998306, 369, 269, 496, 300
-0.998312, 349, 1, 380, 256
-0.998313, 1, 185, 128, 216
-0.998314, 281, 17, 296, 48
-0.998315, 305, 329, 432, 360
-0.998316, 1, 129, 32, 375
-0.99832, 433, 171, 464, 186
-0.998324, 413, 161, 428, 192
-0.998329, 65, 77, 192, 108
-0.99833, 345, 55, 376, 70
-0.998337, 403, 73, 418, 104
-0.998339, 329, 17, 344, 48
-0.998349, 97, 37, 224, 68
-0.99835, 143, 61, 158, 92
-0.998355, 453, 1, 484, 256
-0.998357, 145, 293, 272, 324
-0.99836, 303, 13, 318, 44
-0.998363, 145, 305, 272, 336
-0.998367, 113, 257, 240, 288
-0.998369, 453, 77, 468, 108
-0.99837, 351, 45, 366, 76
-0.998381, 67, 329, 82, 360
-0.998383, 403, 149, 418, 180
-0.99839, 265, 145, 328, 272
-0.998391, 325, 45, 356, 60
-0.998392, 45, 145, 76, 272
-0.998396, 177, 33, 304, 64
-0.998428, 421, 145, 436, 176
-0.998428, 193, 149, 320, 180
-0.998435, 21, 1, 36, 32
-0.998435, 197, 139, 228, 154
-0.998436, 465, 1, 496, 256
-0.998438, 385, 149, 448, 164
-0.99844, 13, 129, 44, 375
-0.998441, 473, 69, 488, 100
-0.998442, 421, 65, 436, 192
-0.998445, 281, 97, 312, 224
-0.998449, 465, 337, 480, 368
-0.998449, 129, 77, 256, 108
-0.998452, 25, 333, 88, 348
-0.998457, 445, 169, 476, 184
-0.998457, 313, 341, 328, 372
-0.99846, 369, 257, 496, 288
-0.998461, 201, 137, 264, 152
-0.998462, 393, 337, 408, 368
-0.998464, 119, 345, 134, 375
-0.998465, 385, 115, 448, 130
-0.998466, 445, 157, 460, 188
-0.998469, 227, 337, 242, 368
-0.998469, 469, 97, 500, 224
-0.99847, 1, 85, 128, 116
-0.998473, 57, 335, 120, 350
-0.998473, 465, 317, 480, 348
-0.998477, 145, 67, 208, 82
-0.998479, 207, 145, 222, 176
-0.998482, 155, 257, 170, 288
-0.998482, 235, 129, 250, 160
-0.998483, 105, 331, 168, 346
-0.998484, 13, 1, 28, 32
-0.998484, 159, 49, 174, 80
-0.998487, 297, 45, 360, 60
-0.998493, 193, 97, 320, 128
-0.998496, 283, 5, 298, 36
-0.998498, 129, 105, 256, 136
-0.998501, 353, 33, 480, 64
-0.998501, 1, 13, 128, 44
-0.998504, 97, 17, 224, 48
-0.998504, 385, 163, 448, 178
-0.998508, 297, 343, 360, 358
-0.998509, 433, 173, 448, 204
-0.998509, 185, 131, 248, 146
-0.998509, 437, 273, 452, 304
-0.998509, 337, 65, 400, 80
-0.998511, 309, 1, 324, 32
-0.998521, 465, 301, 480, 332
-0.998523, 347, 345, 362, 375
-0.998524, 221, 337, 236, 368
-0.998524, 407, 125, 422, 156
-0.998527, 401, 87, 464, 102
-0.998527, 353, 343, 416, 358
-0.998527, 385, 155, 448, 170
-0.998528, 313, 41, 328, 72
-0.998528, 387, 341, 402, 372
-0.998528, 217, 161, 232, 192
-0.998529, 385, 135, 448, 150
-0.99853, 301, 341, 316, 372
-0.998531, 161, 137, 224, 152
-0.998532, 421, 121, 436, 152
-0.998532, 81, 113, 96, 144
-0.998532, 401, 341, 416, 372
-0.998533, 105, 325, 168, 340
-0.998534, 385, 121, 448, 136
-0.998537, 169, 143, 232, 158
-0.998537, 121, 263, 184, 278
-0.998537, 193, 97, 224, 352
-0.998538, 467, 241, 482, 272
-0.99854, 57, 329, 120, 344
-0.99854, 297, 55, 360, 70
-0.99854, 305, 1, 368, 16
-0.99854, 297, 19, 360, 34
-0.998541, 353, 73, 416, 88
-0.998542, 217, 341, 280, 356
-0.998544, 417, 95, 480, 110
-0.998546, 111, 265, 126, 296
-0.998547, 77, 129, 108, 375
-0.998547, 429, 161, 460, 176
-0.998547, 257, 341, 320, 356
-0.998549, 133, 261, 148, 292
-0.998549, 129, 307, 192, 322
-0.99855, 193, 147, 256, 162
-0.998551, 401, 73, 464, 88
-0.998552, 401, 81, 464, 96
-0.998553, 401, 109, 464, 124
-0.998553, 265, 19, 328, 34
-0.998553, 329, 59, 392, 74
-0.998554, 89, 337, 152, 352
-0.998554, 415, 149, 430, 180
-0.998555, 161, 131, 224, 146
-0.998555, 425, 109, 440, 140
-0.998558, 121, 63, 184, 78
-0.998559, 329, 345, 392, 360
-0.998561, 385, 129, 448, 144
-0.998561, 105, 69, 168, 84
-0.998561, 425, 169, 488, 184
-0.998564, 409, 115, 472, 130
-0.998565, 361, 79, 424, 94
-0.998566, 129, 325, 192, 340
-0.998567, 273, 27, 336, 42
-0.998567, 25, 339, 88, 354
-0.998568, 401, 113, 432, 128
-0.998568, 1, 1, 64, 16
-0.998569, 337, 51, 400, 66
-0.99857, 145, 73, 208, 88
-0.998572, 273, 83, 336, 98
-0.998572, 81, 113, 208, 144
-0.998574, 89, 319, 152, 334
-0.998574, 407, 113, 422, 144
-0.998574, 1, 325, 64, 340
-0.998575, 105, 311, 168, 326
-0.998575, 321, 15, 384, 30
-0.998575, 201, 153, 264, 168
-0.998576, 113, 337, 176, 352
-0.998576, 265, 35, 328, 50
-0.998577, 401, 175, 464, 190
-0.998578, 145, 335, 208, 350
-0.998578, 317, 29, 332, 60
-0.998581, 97, 75, 160, 90
-0.998581, 417, 101, 480, 116
-0.998581, 1, 281, 64, 296
-0.998582, 377, 93, 440, 108
-0.998583, 433, 289, 496, 304
-0.998583, 361, 67, 424, 82
-0.998583, 105, 343, 168, 358
-0.998583, 25, 1, 88, 16
-0.998585, 471, 337, 486, 368
-0.998586, 277, 5, 292, 36
-0.998587, 151, 329, 166, 360
-0.998587, 297, 61, 360, 76
-0.998588, 137, 117, 200, 132
-0.998589, 377, 85, 440, 100
-0.998589, 1, 273, 64, 288
-0.998589, 1, 163, 64, 178
-0.998589, 129, 53, 256, 84
-0.99859, 49, 99, 112, 114
-0.998591, 409, 127, 472, 142
-0.998591, 273, 13, 336, 28
-0.998591, 25, 327, 88, 342
-0.998592, 385, 143, 448, 158
-0.998592, 353, 119, 416, 134
-0.998592, 303, 53, 318, 84
-0.998593, 409, 161, 472, 176
-0.998593, 65, 323, 128, 338
-0.998594, 65, 341, 128, 356
-0.998594, 409, 137, 472, 152
-0.998594, 241, 73, 304, 88
-0.998595, 431, 121, 446, 152
-0.998595, 41, 113, 104, 128
-0.998595, 129, 319, 192, 334
-0.998596, 235, 337, 250, 368
-0.998597, 425, 29, 488, 44
-0.998599, 57, 349, 120, 364
-0.998599, 291, 85, 306, 116
-0.998599, 409, 121, 472, 136
-0.9986, 129, 301, 192, 316
-0.9986, 249, 83, 312, 98
-0.998601, 289, 7, 352, 22
-0.998601, 129, 283, 192, 298
-0.998602, 185, 69, 248, 84
-0.998602, 145, 341, 208, 356
-0.998602, 49, 329, 80, 344
-0.998602, 97, 267, 160, 282
-0.998603, 145, 125, 208, 140
-0.998603, 1, 63, 64, 78
-0.998604, 425, 51, 488, 66
-0.998604, 1, 297, 64, 312
-0.998605, 97, 63, 160, 78
-0.998605, 25, 351, 88, 366
-0.998605, 455, 65, 470, 96
-0.998606, 297, 39, 360, 54
-0.998607, 425, 17, 488, 32
-0.998607, 1, 171, 64, 186
-0.998607, 361, 111, 424, 126
-0.998607, 97, 305, 160, 320
-0.998607, 49, 105, 112, 120
-0.998608, 409, 147, 472, 162
-0.998608, 1, 335, 64, 350
-0.998608, 283, 73, 298, 104
-0.998609, 81, 113, 144, 128
-0.998609, 433, 85, 496, 100
-0.99861, 423, 161, 438, 192
-0.998611, 425, 177, 488, 192
-0.998611, 433, 187, 496, 202
-0.998612, 73, 101, 136, 116
-0.998612, 97, 297, 160, 312
-0.998612, 425, 155, 488, 170
-0.998613, 433, 323, 496, 338
-0.998613, 249, 347, 312, 362
-0.998613, 417, 149, 448, 164
-0.998613, 57, 67, 120, 82
-0.998614, 433, 295, 496, 310
-0.998614, 201, 125, 264, 140
-0.998614, 129, 313, 192, 328
-0.998614, 185, 343, 248, 358
-0.998615, 225, 347, 288, 362
-0.998615, 73, 119, 136, 134
-0.998615, 169, 149, 232, 164
-0.998615, 113, 117, 176, 132
-0.998616, 289, 77, 352, 92
-0.998618, 447, 169, 462, 200
-0.99862, 317, 1, 348, 256
-0.998622, 401, 133, 416, 164
-0.998623, 371, 61, 386, 92
-0.998626, 267, 345, 282, 375
-0.998628, 319, 337, 334, 368
-0.998632, 227, 141, 242, 172
-0.998633, 329, 1, 344, 128
-0.998639, 305, 1, 336, 256
-0.99864, 35, 329, 50, 360
-0.998645, 177, 1, 208, 256
-0.998648, 241, 133, 256, 164
-0.99865, 415, 69, 430, 100
-0.998651, 413, 133, 428, 164
-0.998651, 85, 53, 100, 84
-0.998651, 485, 337, 500, 368
-0.998652, 187, 65, 202, 96
-0.998656, 55, 69, 70, 100
-0.998659, 323, 1, 338, 32
-0.99866, 241, 117, 368, 148
-0.998662, 93, 335, 124, 350
-0.998664, 345, 61, 376, 76
-0.998664, 145, 325, 160, 356
-0.998671, 139, 305, 154, 336
-0.998673, 351, 1, 366, 128
-0.998676, 369, 313, 496, 344
-0.998712, 61, 129, 92, 256
-0.998714, 145, 281, 272, 312
-0.998735, 225, 133, 352, 164
-0.998761, 145, 269, 272, 300
-0.998769, 441, 1, 472, 256
-0.998775, 105, 97, 136, 352
-0.998779, 137, 129, 168, 375
-0.998783, 241, 1, 272, 128
-0.998789, 441, 225, 472, 352
-0.998793, 409, 65, 424, 192
-0.998814, 415, 65, 430, 192
-0.998814, 49, 65, 80, 320
-0.998816, 321, 1, 336, 128
-0.998819, 53, 1, 84, 128
-0.998828, 25, 33, 56, 288
-0.998828, 157, 65, 188, 80
-0.998834, 193, 189, 320, 220
-0.998865, 289, 29, 416, 60
-0.998869, 321, 173, 448, 204
-0.998878, 265, 1, 296, 256
-0.998878, 73, 33, 104, 288
-0.998881, 305, 89, 432, 120
-0.998885, 29, 129, 60, 375
-0.998897, 129, 249, 384, 312
-0.998917, 433, 113, 448, 240
-0.998933, 343, 1, 358, 128
-0.998935, 1, 217, 256, 280
-0.998937, 49, 157, 176, 188
-0.998937, 89, 129, 120, 375
-0.998941, 97, 1, 128, 256
-0.998946, 321, 289, 448, 352
-0.998957, 335, 1, 350, 128
-0.99896, 427, 81, 442, 208
-0.998983, 469, 129, 500, 375
-0.998986, 145, 33, 176, 288
-0.998991, 403, 65, 418, 192
-0.998993, 309, 1, 324, 128
-0.999001, 1, 145, 500, 208
-0.999008, 13, 33, 44, 288
-0.999015, 241, 13, 368, 44
-0.999027, 353, 21, 480, 52
-0.999031, 365, 65, 396, 80
-0.999034, 417, 241, 448, 368
-0.999041, 81, 217, 208, 248
-0.999052, 321, 201, 448, 264
-0.999055, 81, 101, 208, 132
-0.999055, 225, 325, 352, 356
-0.999058, 289, 101, 416, 132
-0.999067, 397, 65, 412, 192
-0.999085, 205, 129, 236, 375
-0.999095, 289, 33, 320, 288
-0.999099, 145, 157, 272, 188
-0.999102, 105, 65, 136, 192
-0.999105, 125, 129, 156, 375
-0.999124, 391, 49, 406, 176
-0.99914, 241, 289, 368, 352
-0.999157, 157, 1, 188, 256
-0.999193, 221, 97, 252, 352
-0.999199, 309, 129, 340, 375
-0.999201, 257, 233, 500, 296
-0.999202, 161, 129, 192, 375
-0.999209, 193, 109, 320, 140
-0.999213, 1, 177, 256, 240
-0.999219, 353, 229, 480, 260
-0.999224, 241, 1, 272, 256
-0.999226, 177, 21, 304, 52
-0.999234, 457, 97, 488, 352
-0.999238, 193, 1, 224, 256
-0.99925, 81, 89, 208, 120
-0.999254, 303, 1, 318, 128
-0.99926, 241, 101, 368, 132
-0.999275, 109, 241, 124, 368
-0.999282, 341, 97, 372, 352
-0.999283, 321, 97, 352, 352
-0.999285, 37, 1, 68, 256
-0.999289, 347, 49, 362, 176
-0.999304, 225, 1, 256, 256
-0.999306, 161, 253, 288, 284
-0.999327, 81, 205, 208, 236
-0.999332, 129, 241, 256, 272
-0.999333, 253, 1, 284, 256
-0.999335, 137, 241, 152, 368
-0.999352, 1, 169, 128, 200
-0.999353, 321, 281, 448, 312
-0.999359, 281, 1, 296, 128
-0.999367, 7, 241, 22, 368
-0.999374, 257, 209, 500, 272
-0.999379, 181, 97, 212, 352
-0.999387, 157, 49, 172, 176
-0.99939, 177, 201, 304, 232
-0.999393, 485, 65, 500, 192
-0.9994, 61, 33, 92, 288
-0.999409, 357, 1, 372, 128
-0.999416, 479, 65, 494, 192
-0.999439, 385, 49, 400, 176
-0.99945, 149, 129, 180, 375
-0.999453, 439, 113, 454, 240
-0.999453, 297, 129, 328, 375
-0.999454, 389, 129, 420, 375
-0.999468, 9, 193, 24, 320
-0.999481, 277, 97, 308, 352
-0.999493, 363, 49, 378, 176
-0.999511, 265, 97, 296, 352
-0.999539, 295, 1, 310, 128
-0.999549, 17, 145, 32, 272
-0.999559, 65, 129, 96, 375
-0.999564, 145, 241, 160, 368
-0.99957, 453, 65, 468, 192
-0.999574, 151, 241, 166, 368
-0.999577, 133, 33, 164, 288
-0.999578, 277, 3, 292, 18
-0.999578, 281, 77, 296, 92
-0.999578, 209, 147, 224, 162
-0.999579, 341, 345, 356, 360
-0.999579, 329, 343, 344, 358
-0.999579, 303, 49, 318, 64
-0.999579, 151, 339, 166, 354
-0.99958, 281, 11, 296, 26
-0.99958, 343, 1, 358, 16
-0.99958, 11, 1, 26, 16
-0.99958, 283, 29, 298, 44
-0.999581, 401, 341, 416, 356
-0.999581, 425, 99, 440, 114
-0.999582, 345, 55, 360, 70
-0.999582, 355, 67, 370, 82
-0.999582, 53, 329, 68, 344
-0.999582, 237, 341, 252, 356
-0.999583, 479, 341, 494, 356
-0.999583, 425, 121, 440, 136
-0.999584, 81, 101, 96, 116
-0.999584, 321, 27, 336, 42
-0.999585, 201, 133, 216, 148
-0.999585, 73, 335, 88, 350
-0.999586, 381, 241, 412, 368
-0.999586, 139, 307, 154, 322
-0.999586, 157, 259, 172, 274
-0.999586, 409, 153, 424, 168
-0.999586, 315, 43, 330, 58
-0.999587, 53, 65, 68, 80
-0.999587, 371, 65, 386, 80
-0.999587, 131, 265, 146, 280
-0.999588, 465, 341, 480, 356
-0.999589, 377, 49, 392, 176
-0.999589, 185, 67, 200, 82
-0.999591, 315, 33, 330, 48
-0.999592, 121, 347, 136, 362
-0.999592, 323, 343, 338, 358
-0.999592, 95, 331, 110, 346
-0.999592, 105, 339, 120, 354
-0.999592, 421, 129, 436, 144
-0.999592, 333, 137, 348, 152
-0.999593, 473, 49, 488, 176
-0.999593, 145, 209, 272, 272
-0.999593, 421, 147, 436, 162
-0.999594, 107, 333, 122, 348
-0.999595, 467, 357, 482, 372
-0.999595, 435, 163, 450, 178
-0.999596, 253, 341, 268, 356
-0.999596, 471, 245, 486, 260
-0.999597, 305, 25, 320, 40
-0.999597, 453, 81, 468, 96
-0.999597, 385, 69, 400, 84
-0.999598, 47, 113, 62, 128
-0.999598, 443, 139, 458, 154
-0.999599, 341, 135, 356, 150
-0.999599, 217, 147, 232, 162
-0.999599, 277, 71, 292, 86
-0.9996, 347, 345, 362, 360
-0.9996, 233, 129, 264, 375
-0.999601, 115, 351, 130, 366
-0.999604, 405, 259, 420, 274
-0.999605, 433, 173, 448, 188
-0.999606, 87, 111, 102, 126
-0.999606, 173, 241, 204, 368
-0.999607, 429, 163, 444, 178
-0.999607, 323, 21, 338, 36
-0.999609, 117, 33, 148, 288
-0.999609, 439, 275, 454, 290
-0.99961, 351, 49, 366, 64
-0.999612, 291, 83, 306, 98
-0.999613, 3, 275, 18, 290
-0.999613, 303, 55, 318, 70
-0.999613, 437, 143, 452, 158
-0.999613, 329, 19, 344, 34
-0.999615, 425, 115, 440, 130
-0.999615, 405, 79, 420, 94
-0.999616, 247, 341, 262, 356
-0.999616, 159, 67, 174, 82
-0.999616, 427, 147, 442, 162
-0.999617, 381, 343, 396, 358
-0.999617, 349, 1, 364, 16
-0.999617, 413, 117, 428, 132
-0.999618, 335, 343, 350, 358
-0.999618, 151, 61, 166, 76
-0.99962, 443, 289, 458, 304
-0.99962, 153, 1, 184, 128
-0.999622, 179, 67, 194, 82
-0.999623, 47, 331, 62, 346
-0.999623, 397, 147, 412, 162
-0.999624, 61, 331, 76, 346
-0.999624, 67, 335, 82, 350
-0.999624, 443, 281, 458, 296
-0.999625, 227, 113, 242, 240
-0.999626, 281, 19, 296, 34
-0.999627, 297, 13, 312, 28
-0.999627, 423, 93, 438, 108
-0.999627, 349, 61, 364, 76
-0.999627, 167, 67, 182, 82
-0.999628, 39, 333, 54, 348
-0.999629, 33, 335, 48, 350
-0.999629, 433, 137, 448, 152
-0.999631, 295, 49, 310, 176
-0.999631, 299, 343, 314, 358
-0.999632, 153, 73, 168, 88
-0.999632, 467, 241, 482, 368
-0.999633, 297, 57, 312, 72
-0.999633, 363, 115, 378, 130
-0.999633, 439, 157, 454, 172
-0.999634, 205, 141, 220, 156
-0.999634, 355, 61, 370, 76
-0.999635, 315, 27, 330, 42
-0.999637, 401, 115, 416, 130
-0.999639, 391, 71, 406, 86
-0.999639, 399, 75, 414, 90
-0.999641, 111, 345, 126, 360
-0.999642, 35, 1, 50, 16
-0.999643, 305, 19, 320, 34
-0.999644, 307, 345, 322, 360
-0.999644, 453, 169, 468, 184
-0.999644, 411, 81, 426, 96
-0.999645, 21, 1, 36, 16
-0.999645, 87, 99, 102, 114
-0.999646, 315, 343, 330, 358
-0.999647, 221, 113, 236, 240
-0.999649, 141, 259, 156, 274
-0.999651, 379, 63, 394, 78
-0.999651, 297, 7, 312, 22
-0.999652, 173, 67, 188, 82
-0.999654, 111, 339, 126, 354
-0.999655, 175, 49, 190, 176
-0.999655, 445, 169, 460, 184
-0.999656, 291, 3, 306, 18
-0.999656, 351, 55, 366, 70
-0.999656, 259, 343, 274, 358
-0.99966, 191, 49, 206, 176
-0.999663, 341, 45, 356, 60
-0.999663, 55, 57, 70, 72
-0.999664, 161, 61, 176, 76
-0.999666, 289, 225, 416, 288
-0.999666, 115, 241, 130, 368
-0.999668, 423, 17, 438, 144
-0.999673, 15, 193, 30, 320
-0.999675, 97, 209, 112, 336
-0.999679, 165, 33, 180, 160
-0.999682, 439, 171, 454, 186
-0.999684, 27, 1, 42, 16
-0.999686, 365, 63, 380, 78
-0.999689, 419, 87, 434, 102
-0.999693, 393, 225, 424, 352
-0.999694, 95, 1, 110, 128
-0.999696, 101, 333, 116, 348
-0.999698, 433, 65, 448, 192
-0.999713, 1, 1, 16, 128
-0.999724, 423, 129, 438, 256
-0.999729, 315, 21, 330, 36
-0.99973, 201, 113, 216, 240
-0.999733, 1, 177, 16, 304
-0.999734, 373, 129, 404, 375
-0.999746, 321, 313, 448, 375
-0.999746, 207, 113, 222, 240
-0.999746, 353, 129, 384, 375
-0.999758, 413, 17, 428, 144
-0.999761, 129, 217, 384, 280
-0.999768, 153, 113, 184, 240
-0.999776, 23, 1, 38, 128
-0.999785, 447, 81, 462, 208
-0.999792, 185, 33, 200, 160
-0.999792, 83, 113, 98, 240
-0.999794, 477, 1, 492, 128
-0.999798, 87, 33, 102, 160
-0.999799, 355, 49, 370, 176
-0.999815, 163, 241, 178, 368
-0.999819, 371, 49, 386, 176
-0.999821, 395, 1, 410, 128
-0.999822, 23, 225, 38, 352
-0.999826, 75, 49, 90, 176
-0.999829, 1, 241, 16, 368
-0.999831, 461, 33, 476, 160
-0.999837, 131, 241, 146, 368
-0.999848, 341, 49, 356, 176
-0.999858, 445, 161, 460, 288
-0.999863, 93, 81, 108, 208
-0.999876, 151, 49, 166, 176
-0.999882, 467, 33, 482, 160
-0.999885, 215, 129, 230, 256
-0.999885, 157, 241, 172, 368
-0.999893, 197, 65, 212, 192
-0.999894, 27, 145, 42, 272
-0.999894, 245, 97, 276, 352
-0.999895, 101, 161, 116, 288
-0.999898, 75, 129, 90, 256
-0.999903, 3, 49, 18, 176
-0.999905, 405, 17, 420, 144
-0.999906, 301, 49, 316, 176
-0.999934, 455, 1, 470, 128
-0.99994, 1, 257, 500, 320
-0.999941, 217, 49, 232, 176
-0.999943, 11, 145, 26, 272
-0.999954, 385, 1, 400, 128
-0.999957, 71, 177, 86, 304
-0.999958, 13, 241, 28, 368
-0.999959, 71, 225, 86, 352
-0.999964, 285, 49, 300, 176
-0.999968, 335, 49, 350, 176
-0.999968, 235, 97, 250, 224
-0.999973, 307, 49, 322, 176
-0.999973, 89, 129, 104, 256
-0.999988, 121, 1, 136, 128
-0.99999, 125, 241, 140, 368
-0.999999, 17, 1, 32, 128
-1.00002, 81, 49, 96, 176
-1.00003, 91, 241, 106, 368
-1.00003, 169, 129, 200, 256
-1.00003, 107, 161, 122, 288
-1.00003, 181, 81, 196, 208
-1.00004, 241, 225, 368, 288
-1.00004, 287, 1, 302, 128
-1.00004, 45, 33, 60, 160
-1.00005, 413, 113, 428, 240
-1.00006, 121, 49, 152, 176
-1.00006, 103, 113, 118, 240
-1.00006, 3, 129, 18, 256
-1.00006, 315, 49, 330, 176
-1.00007, 7, 1, 22, 128
-1.00008, 223, 65, 238, 192
-1.00008, 379, 1, 394, 128
-1.00008, 125, 193, 140, 320
-1.00009, 211, 65, 226, 192
-1.00009, 227, 1, 242, 128
-1.0001, 159, 1, 174, 128
-1.0001, 325, 49, 340, 176
-1.00011, 485, 241, 500, 368
-1.00011, 167, 81, 182, 208
-1.00011, 53, 81, 68, 208
-1.00012, 85, 193, 100, 320
-1.00012, 203, 33, 218, 160
-1.00013, 229, 65, 244, 192
-1.00013, 45, 81, 60, 208
-1.00013, 275, 1, 290, 128
-1.00014, 459, 81, 474, 208
-1.00015, 137, 113, 152, 240
-1.00015, 453, 145, 468, 272
-1.00015, 29, 225, 44, 352
-1.00016, 85, 241, 100, 368
-1.00018, 257, 153, 384, 216
-1.00035, 161, 193, 416, 256
-1.00037, 257, 265, 384, 328
-1.00041, 97, 169, 352, 232
-1.00044, 457, 145, 488, 272
-1.00054, 193, 289, 320, 352
-1.00058, 345, 97, 376, 224
-1.00067, 257, 177, 500, 240
-1.00079, 209, 265, 336, 328
-1.00085, 405, 161, 436, 288
-1.00101, 253, 161, 284, 288
-1.00107, 169, 193, 200, 320
-1.00114, 129, 177, 256, 240
-1.00116, 241, 177, 368, 240
-1.00121, 1, 177, 500, 240
-1.00123, 1, 233, 500, 296
-1.00142, 1, 209, 500, 272
-1.00193, 193, 217, 320, 280
-1.00201, 241, 201, 368, 264
