1883
-0.183115, 1, 1, 500, 333
-0.291189, 1, 1, 256, 333
-0.317622, 1, 33, 500, 288
-0.408875, 129, 1, 384, 333
-0.466549, 257, 1, 500, 333
-0.612685, 33, 1, 288, 256
-0.646276, 129, 1, 384, 256
-0.667862, 225, 1, 480, 256
-0.812949, 113, 1, 240, 333
-0.817383, 353, 1, 480, 333
-0.82355, 17, 1, 144, 333
-0.834126, 65, 1, 192, 333
-0.849842, 369, 33, 496, 288
-0.857508, 65, 1, 192, 256
-0.857512, 1, 17, 500, 144
-0.865312, 1, 1, 128, 256
-0.866145, 1, 97, 500, 224
-0.867944, 145, 33, 272, 288
-0.871813, 193, 1, 320, 256
-0.883268, 161, 1, 288, 333
-0.884503, 1, 145, 500, 272
-0.884625, 289, 1, 416, 333
-0.894824, 289, 33, 416, 288
-0.898226, 193, 1, 448, 128
-0.901132, 1, 193, 500, 320
-0.901371, 241, 1, 368, 333
-0.906278, 193, 49, 448, 176
-0.909563, 241, 33, 368, 288
-0.91263, 97, 177, 352, 304
-0.913601, 353, 81, 480, 208
-0.914997, 1, 97, 256, 224
-0.915896, 257, 97, 500, 224
-0.918675, 161, 129, 416, 256
-0.922495, 33, 49, 288, 176
-0.924557, 385, 49, 448, 176
-0.925056, 353, 17, 480, 144
-0.926339, 65, 1, 192, 128
-0.927452, 393, 1, 456, 128
-0.927839, 33, 1, 288, 128
-0.929888, 1, 161, 256, 288
-0.930504, 113, 33, 240, 160
-0.932283, 353, 129, 480, 256
-0.933942, 17, 1, 144, 128
-0.934988, 193, 193, 448, 320
-0.935184, 257, 145, 500, 272
-0.935826, 377, 97, 440, 224
-0.936683, 193, 1, 320, 128
-0.936738, 305, 65, 432, 192
-0.938059, 1, 209, 256, 333
-0.939871, 425, 33, 488, 160
-0.942121, 161, 145, 224, 272
-0.942372, 161, 81, 288, 208
-0.942457, 25, 1, 88, 128
-0.942469, 241, 17, 368, 144
-0.943581, 289, 129, 416, 256
-0.943714, 289, 17, 416, 144
-0.944046, 65, 49, 192, 176
-0.944292, 361, 49, 424, 176
-0.944748, 305, 193, 432, 320
-0.945598, 65, 193, 192, 320
-0.94613, 201, 1, 264, 128
-0.946303, 129, 17, 192, 144
-0.946701, 1, 49, 128, 176
-0.947108, 129, 65, 192, 192
-0.947272, 113, 161, 240, 288
-0.948085, 25, 129, 88, 256
-0.948485, 409, 97, 472, 224
-0.948816, 225, 161, 352, 288
-0.948833, 177, 33, 240, 160
-0.949207, 129, 193, 192, 320
-0.94937, 153, 65, 216, 192
-0.949407, 25, 1, 88, 64
-0.949848, 81, 1, 144, 128
-0.950572, 225, 81, 352, 208
-0.950649, 353, 97, 416, 224
-0.950814, 161, 193, 288, 320
-0.950911, 113, 81, 240, 208
-0.95131, 273, 249, 336, 312
-0.951914, 17, 113, 144, 240
-0.9525, 193, 97, 256, 224
-0.952661, 225, 81, 288, 208
-0.952717, 289, 273, 352, 333
-0.952932, 353, 177, 480, 304
-0.953264, 17, 193, 144, 320
-0.953314, 329, 129, 392, 256
-0.953589, 161, 201, 224, 264
-0.954157, 393, 105, 456, 168
-0.954816, 345, 177, 408, 304
-0.955077, 161, 209, 224, 333
-0.955438, 329, 49, 392, 176
-0.955478, 57, 41, 120, 104
-0.955642, 385, 65, 448, 128
-0.955684, 1, 81, 64, 208
-0.955878, 177, 129, 304, 256
-0.955927, 105, 1, 168, 64
-0.956098, 65, 97, 192, 224
-0.956302, 289, 177, 352, 304
-0.956322, 249, 33, 312, 160
-0.956381, 105, 1, 168, 128
-0.956934, 1, 1, 64, 128
-0.957006, 369, 1, 432, 128
-0.957189, 257, 273, 320, 333
-0.957264, 57, 177, 120, 304
-0.957869, 297, 249, 360, 312
-0.958018, 225, 1, 288, 64
-0.958704, 9, 49, 72, 112
-0.958791, 161, 73, 224, 136
-0.958849, 377, 25, 440, 88
-0.959583, 401, 145, 464, 272
-0.959778, 409, 49, 472, 112
-0.959816, 1, 145, 64, 272
-0.959822, 433, 81, 496, 208
-0.960083, 297, 1, 360, 128
-0.960152, 129, 185, 192, 248
-0.960169, 401, 17, 464, 80
-0.960184, 369, 89, 432, 152
-0.9603, 129, 41, 192, 104
-0.960573, 265, 225, 328, 288
-0.961108, 73, 49, 136, 176
-0.961292, 169, 177, 232, 240
-0.961362, 353, 177, 416, 240
-0.961768, 193, 65, 256, 128
-0.961871, 321, 177, 384, 304
-0.962012, 25, 129, 88, 192
-0.962062, 249, 209, 312, 333
-0.962401, 65, 25, 192, 88
-0.96256, 161, 153, 224, 216
-0.962582, 65, 145, 192, 272
-0.962662, 433, 33, 496, 96
-0.962726, 353, 25, 480, 88
-0.962729, 361, 65, 424, 128
-0.962782, 369, 121, 432, 184
-0.962867, 97, 193, 160, 320
-0.962937, 421, 1, 452, 128
-0.963026, 353, 121, 480, 184
-0.963085, 105, 201, 168, 264
-0.963294, 89, 41, 152, 104
-0.963598, 161, 49, 224, 112
-0.963628, 209, 161, 272, 288
-0.963691, 137, 145, 200, 272
-0.963756, 49, 49, 112, 176
-0.96382, 413, 49, 444, 176
-0.963821, 225, 89, 288, 152
-0.963833, 65, 193, 128, 256
-0.963917, 105, 49, 168, 176
-0.963939, 433, 161, 496, 288
-0.963948, 225, 1, 288, 128
-0.964024, 137, 65, 200, 128
-0.964539, 25, 81, 88, 208
-0.964611, 153, 17, 216, 144
-0.964719, 1, 9, 64, 72
-0.964898, 113, 209, 240, 333
-0.964975, 129, 209, 192, 272
-0.965023, 369, 193, 432, 320
-0.965089, 57, 1, 120, 128
-0.965704, 1, 89, 64, 152
-0.965842, 405, 1, 436, 128
-0.965852, 393, 161, 456, 224
-0.965981, 257, 161, 320, 288
-0.966057, 33, 49, 96, 112
-0.966272, 425, 137, 488, 200
-0.966335, 65, 1, 192, 64
-0.966381, 81, 17, 144, 80
-0.966419, 249, 249, 312, 312
-0.966579, 233, 273, 296, 333
-0.966609, 377, 49, 408, 176
-0.966991, 25, 73, 88, 136
-0.967467, 305, 33, 368, 96
-0.967528, 273, 33, 336, 160
-0.967612, 321, 1, 384, 128
-0.967673, 201, 97, 264, 160
-0.967813, 377, 113, 408, 240
-0.968194, 113, 177, 240, 240
-0.968242, 265, 9, 328, 72
-0.968272, 425, 65, 456, 192
-0.96832, 65, 65, 128, 128
-0.968338, 305, 113, 368, 240
-0.968428, 241, 209, 368, 333
-0.968655, 281, 113, 344, 240
-0.968803, 169, 225, 232, 288
-0.968863, 417, 161, 480, 224
-0.968921, 33, 25, 96, 88
-0.969073, 209, 25, 272, 88
-0.969086, 1, 9, 128, 72
-0.96909, 25, 177, 88, 304
-0.969315, 145, 65, 272, 128
-0.969755, 345, 1, 408, 128
-0.969793, 177, 97, 240, 160
-0.969805, 1, 145, 64, 208
-0.969913, 433, 57, 496, 120
-0.969928, 185, 193, 248, 320
-0.970208, 265, 177, 328, 240
-0.970283, 329, 65, 392, 128
-0.970324, 201, 49, 264, 176
-0.970391, 49, 49, 176, 112
-0.97053, 113, 41, 240, 104
-0.970592, 393, 129, 456, 192
-0.970626, 353, 209, 416, 272
-0.970709, 17, 185, 144, 248
-0.970802, 385, 209, 448, 272
-0.97088, 49, 97, 112, 224
-0.970923, 41, 177, 104, 240
-0.971099, 393, 65, 456, 320
-0.971285, 305, 33, 432, 96
-0.971338, 121, 233, 184, 296
-0.971477, 185, 145, 248, 272
-0.971531, 345, 89, 408, 152
-0.971553, 393, 17, 424, 144
-0.971563, 193, 1, 256, 256
-0.971608, 369, 161, 496, 224
-0.97161, 441, 49, 472, 176
-0.971641, 393, 81, 424, 208
-0.971683, 57, 17, 120, 80
-0.971757, 249, 81, 312, 208
-0.971891, 1, 121, 64, 184
-0.971912, 353, 65, 480, 128
-0.971922, 329, 177, 392, 240
-0.971978, 73, 217, 136, 280
-0.972002, 25, 153, 88, 216
-0.97207, 1, 65, 128, 128
-0.972161, 461, 17, 492, 144
-0.972314, 137, 113, 200, 176
-0.972444, 33, 105, 96, 168
-0.972484, 177, 33, 208, 160
-0.972502, 329, 41, 392, 104
-0.972526, 113, 65, 176, 128
-0.972602, 161, 49, 192, 176
-0.972731, 305, 185, 432, 248
-0.972734, 337, 89, 464, 152
-0.972862, 313, 129, 376, 192
-0.972985, 409, 73, 472, 136
-0.973061, 193, 17, 320, 80
-0.973073, 221, 1, 252, 128
-0.973162, 177, 129, 208, 256
-0.973262, 65, 209, 192, 272
-0.973313, 201, 209, 264, 272
-0.973389, 421, 113, 452, 240
-0.973435, 297, 49, 360, 176
-0.973478, 289, 161, 352, 224
-0.973557, 233, 33, 296, 96
-0.973731, 321, 225, 384, 288
-0.973768, 377, 161, 408, 288
-0.973831, 209, 209, 272, 333
-0.97398, 417, 97, 480, 160
-0.973988, 9, 97, 40, 224
-0.974045, 65, 1, 128, 256
-0.974149, 153, 1, 216, 256
-0.974279, 289, 193, 352, 256
-0.974292, 193, 161, 224, 288
-0.974323, 433, 1, 496, 256
-0.974407, 101, 1, 132, 128
-0.974422, 145, 233, 208, 296
-0.974847, 141, 17, 172, 144
-0.974892, 289, 161, 416, 224
-0.975016, 337, 137, 400, 200
-0.975115, 249, 89, 312, 152
-0.975116, 377, 169, 408, 232
-0.975227, 233, 161, 296, 288
-0.975354, 377, 185, 440, 248
-0.975468, 21, 1, 52, 128
-0.975503, 33, 129, 64, 256
-0.975532, 113, 201, 240, 264
-0.975648, 49, 153, 112, 216
-0.975694, 129, 17, 192, 80
-0.975704, 193, 41, 320, 104
-0.975704, 97, 225, 160, 288
-0.97581, 185, 121, 248, 184
-0.975832, 289, 217, 352, 280
-0.975879, 305, 65, 432, 128
-0.976015, 1, 1, 64, 256
-0.976056, 241, 273, 368, 333
-0.976138, 197, 65, 228, 192
-0.97625, 241, 25, 368, 88
-0.976288, 353, 33, 416, 96
-0.97632, 273, 33, 336, 96
-0.976346, 389, 89, 420, 152
-0.976375, 377, 65, 408, 128
-0.976421, 165, 193, 196, 320
-0.976489, 161, 129, 224, 192
-0.976547, 433, 1, 464, 128
-0.976575, 377, 89, 408, 152
-0.976612, 113, 145, 176, 272
-0.976764, 225, 241, 288, 304
-0.976999, 33, 129, 64, 192
-0.977043, 365, 145, 396, 272
-0.977115, 313, 241, 344, 304
-0.977116, 461, 33, 492, 96
-0.977117, 177, 81, 208, 208
-0.977164, 33, 1, 64, 128
-0.977175, 185, 33, 248, 96
-0.977177, 41, 201, 104, 264
-0.977201, 421, 105, 452, 168
-0.977387, 289, 9, 352, 72
-0.977664, 129, 9, 256, 72
-0.977761, 433, 129, 464, 256
-0.977767, 81, 49, 112, 176
-0.977805, 129, 89, 192, 152
-0.977836, 329, 17, 392, 80
-0.977888, 81, 145, 144, 272
-0.977912, 97, 65, 224, 128
-0.977939, 357, 81, 388, 208
-0.978049, 209, 121, 272, 184
-0.978084, 369, 33, 432, 288
-0.978132, 309, 265, 340, 328
-0.978194, 209, 17, 240, 144
-0.978283, 69, 1, 100, 128
-0.978309, 409, 1, 472, 333
-0.978318, 25, 1, 88, 256
-0.978406, 89, 169, 152, 232
-0.978492, 161, 169, 288, 232
-0.978506, 13, 17, 44, 80
-0.978563, 145, 97, 272, 160
-0.97867, 49, 233, 112, 296
-0.978682, 297, 257, 328, 320
-0.978682, 193, 97, 320, 160
-0.978703, 1, 33, 128, 96
-0.978705, 401, 81, 432, 144
-0.978729, 225, 177, 352, 240
-0.978773, 193, 169, 256, 232
-0.978777, 153, 41, 184, 104
-0.978801, 113, 33, 144, 160
-0.978872, 393, 193, 456, 320
-0.978887, 17, 161, 144, 224
-0.978893, 161, 201, 288, 264
-0.978897, 405, 17, 436, 80
-0.978906, 129, 33, 192, 288
-0.978911, 345, 113, 408, 176
-0.978911, 421, 17, 452, 80
-0.97893, 73, 41, 104, 104
-0.979054, 321, 17, 352, 80
-0.979075, 129, 161, 192, 224
-0.979108, 353, 185, 480, 248
-0.979145, 33, 1, 64, 64
-0.979147, 437, 25, 468, 88
-0.979157, 9, 49, 40, 112
-0.979239, 105, 97, 168, 224
-0.979249, 393, 25, 424, 88
-0.979268, 161, 193, 192, 256
-0.97932, 9, 1, 40, 128
-0.979328, 325, 1, 356, 128
-0.979333, 389, 65, 420, 128
-0.979338, 421, 57, 452, 120
-0.979435, 277, 233, 308, 296
-0.979468, 437, 137, 468, 200
-0.979483, 189, 177, 220, 240
-0.979496, 93, 185, 124, 248
-0.979531, 273, 273, 304, 333
-0.979597, 257, 153, 320, 216
-0.979611, 193, 145, 256, 208
-0.979614, 425, 241, 488, 304
-0.97965, 21, 81, 52, 208
-0.979723, 377, 145, 440, 272
-0.979729, 49, 73, 176, 136
-0.979864, 189, 73, 220, 136
-0.979871, 217, 1, 280, 256
-0.979951, 153, 25, 216, 88
-0.97998, 425, 129, 456, 192
-0.980001, 229, 1, 260, 64
-0.980017, 425, 161, 456, 224
-0.980017, 57, 89, 120, 152
-0.980036, 145, 225, 272, 288
-0.980096, 89, 41, 120, 104
-0.980096, 1, 89, 128, 152
-0.980133, 321, 273, 352, 333
-0.980285, 377, 233, 440, 296
-0.98029, 217, 65, 280, 128
-0.980317, 409, 97, 440, 224
-0.980353, 61, 41, 92, 104
-0.980415, 273, 1, 304, 128
-0.980478, 173, 217, 204, 280
-0.98055, 389, 201, 420, 264
-0.980568, 125, 17, 156, 144
-0.980575, 89, 65, 152, 128
-0.980599, 241, 177, 304, 240
-0.980618, 321, 249, 384, 312
-0.980679, 177, 57, 208, 120
-0.980708, 17, 89, 48, 152
-0.98076, 125, 49, 156, 112
-0.980765, 1, 169, 64, 232
-0.980836, 289, 137, 416, 200
-0.980902, 97, 137, 224, 200
-0.980954, 261, 265, 292, 328
-0.980963, 101, 41, 132, 104
-0.980998, 273, 9, 304, 72
-0.981075, 97, 1, 160, 256
-0.981122, 141, 25, 172, 88
-0.981143, 409, 57, 440, 120
-0.981151, 237, 81, 268, 208
-0.981173, 321, 209, 352, 333
-0.981175, 73, 97, 136, 224
-0.981217, 345, 33, 408, 288
-0.981226, 353, 129, 384, 256
-0.98126, 233, 217, 296, 280
-0.981282, 265, 113, 328, 176
-0.981334, 137, 1, 200, 333
-0.981345, 217, 185, 280, 248
-0.981377, 401, 105, 432, 168
-0.981438, 249, 1, 312, 256
-0.981461, 401, 241, 464, 304
-0.9815, 253, 89, 284, 152
-0.981552, 201, 65, 232, 128
-0.981571, 105, 17, 136, 80
-0.981581, 145, 65, 176, 128
-0.981629, 197, 17, 228, 144
-0.98172, 57, 1, 88, 128
-0.981726, 9, 193, 72, 256
-0.981755, 453, 57, 484, 120
-0.981759, 113, 1, 176, 333
-0.981859, 241, 49, 368, 112
-0.981866, 217, 97, 248, 224
-0.981914, 433, 209, 496, 333
-0.981918, 365, 169, 396, 232
-0.98192, 41, 65, 72, 128
-0.981921, 241, 89, 272, 152
-0.981926, 49, 233, 176, 296
-0.981956, 201, 1, 264, 64
-0.981969, 257, 241, 288, 304
-0.982015, 297, 233, 328, 296
-0.982031, 385, 1, 448, 333
-0.982052, 81, 193, 112, 256
-0.982075, 289, 89, 416, 152
-0.982166, 113, 113, 176, 176
-0.982167, 433, 1, 496, 333
-0.982203, 45, 1, 76, 64
-0.982258, 377, 121, 408, 184
-0.98229, 297, 161, 328, 224
-0.982341, 445, 145, 476, 272
-0.982401, 169, 169, 200, 232
-0.982404, 97, 49, 128, 176
-0.982445, 1, 9, 32, 72
-0.982489, 117, 201, 148, 264
-0.982489, 253, 33, 284, 160
-0.982499, 425, 9, 488, 72
-0.982506, 445, 169, 476, 232
-0.98254, 241, 201, 368, 264
-0.982581, 273, 1, 336, 256
-0.982605, 21, 49, 52, 112
-0.982617, 185, 201, 216, 264
-0.982622, 17, 209, 144, 272
-0.98267, 1, 1, 64, 333
-0.98267, 205, 33, 236, 96
-0.982689, 229, 97, 260, 160
-0.982694, 233, 1, 264, 128
-0.982712, 41, 1, 104, 333
-0.982762, 185, 209, 216, 333
-0.982768, 325, 249, 356, 312
-0.982783, 357, 129, 388, 192
-0.982854, 213, 65, 244, 128
-0.98287, 45, 129, 76, 192
-0.982881, 321, 105, 384, 168
-0.982907, 285, 265, 316, 328
-0.982907, 89, 1, 152, 333
-0.982963, 157, 217, 188, 280
-0.982994, 209, 265, 272, 328
-0.983001, 373, 209, 404, 272
-0.983039, 49, 41, 80, 104
-0.983101, 377, 209, 408, 333
-0.983101, 97, 233, 224, 296
-0.983136, 113, 41, 144, 104
-0.983145, 33, 41, 64, 104
-0.983165, 301, 177, 332, 304
-0.983179, 65, 185, 192, 248
-0.983185, 165, 145, 196, 272
-0.983192, 65, 65, 96, 128
-0.98322, 165, 57, 196, 120
-0.983263, 1, 113, 128, 176
-0.983354, 81, 89, 144, 152
-0.983358, 265, 33, 296, 96
-0.983366, 365, 81, 396, 144
-0.983442, 353, 1, 416, 333
-0.983468, 313, 273, 376, 333
-0.983481, 289, 249, 416, 312
-0.983505, 53, 65, 84, 128
-0.983509, 17, 137, 144, 200
-0.983517, 201, 177, 232, 240
-0.983548, 105, 89, 168, 152
-0.983646, 185, 1, 248, 333
-0.98365, 93, 65, 124, 128
-0.983657, 465, 57, 496, 120
-0.98367, 433, 49, 464, 112
-0.983719, 65, 17, 96, 80
-0.98372, 393, 117, 456, 148
-0.983721, 393, 233, 424, 296
-0.983757, 9, 121, 40, 184
-0.983782, 193, 121, 320, 184
-0.983788, 173, 193, 204, 256
-0.983799, 205, 89, 236, 152
-0.983825, 29, 105, 60, 168
-0.98385, 205, 217, 236, 280
-0.983854, 257, 1, 288, 64
-0.983871, 241, 65, 304, 128
-0.98389, 305, 57, 368, 120
-0.983927, 241, 249, 368, 312
-0.98393, 465, 161, 496, 288
-0.983941, 105, 201, 136, 264
-0.983944, 149, 177, 180, 304
-0.983965, 157, 1, 188, 128
-0.984072, 93, 17, 124, 80
-0.984098, 161, 1, 224, 333
-0.984106, 225, 49, 256, 176
-0.984134, 149, 193, 180, 256
-0.984163, 45, 129, 76, 256
-0.984171, 413, 81, 444, 144
-0.98418, 181, 153, 212, 216
-0.984239, 437, 81, 468, 144
-0.984258, 45, 89, 76, 152
-0.984269, 77, 17, 108, 80
-0.984307, 253, 81, 284, 208
-0.98433, 1, 193, 64, 320
-0.984367, 133, 193, 164, 256
-0.9844, 377, 41, 408, 104
-0.984405, 433, 105, 464, 168
-0.984428, 137, 1, 168, 64
-0.984436, 449, 33, 480, 96
-0.984473, 133, 177, 164, 304
-0.984494, 161, 89, 192, 152
-0.984599, 393, 21, 456, 52
-0.984627, 97, 113, 224, 176
-0.984646, 365, 33, 396, 160
-0.984654, 333, 33, 364, 96
-0.984665, 65, 1, 128, 333
-0.984707, 193, 233, 320, 296
-0.984748, 245, 1, 276, 64
-0.984785, 309, 25, 340, 88
-0.984798, 25, 9, 88, 40
-0.984831, 217, 9, 248, 72
-0.984851, 361, 105, 392, 168
-0.984855, 285, 1, 316, 128
-0.984856, 321, 41, 352, 104
-0.984864, 353, 177, 384, 240
-0.98489, 309, 129, 340, 256
-0.984906, 249, 273, 280, 333
-0.984943, 129, 65, 160, 192
-0.984967, 77, 177, 108, 304
-0.984987, 33, 81, 64, 208
-0.985026, 369, 209, 496, 272
-0.985048, 457, 169, 488, 232
-0.985066, 201, 113, 232, 240
-0.985068, 29, 153, 60, 216
-0.985072, 361, 57, 392, 120
-0.985085, 177, 129, 208, 192
-0.9851, 229, 73, 260, 136
-0.985112, 121, 49, 184, 80
-0.985139, 365, 193, 396, 320
-0.985141, 389, 113, 420, 176
-0.985145, 241, 25, 272, 88
-0.985178, 193, 153, 224, 216
-0.985255, 49, 105, 176, 168
-0.985275, 377, 101, 440, 132
-0.985283, 369, 69, 432, 100
-0.985298, 217, 89, 248, 152
-0.985334, 145, 121, 272, 184
-0.98534, 265, 97, 296, 160
-0.985389, 305, 113, 432, 176
-0.9854, 149, 65, 180, 192
-0.985438, 129, 25, 160, 88
-0.985452, 313, 1, 344, 128
-0.985464, 401, 65, 464, 96
-0.985476, 189, 41, 220, 104
-0.985485, 21, 129, 52, 256
-0.98549, 289, 209, 416, 272
-0.985497, 341, 129, 372, 256
-0.985505, 417, 49, 480, 80
-0.985507, 189, 113, 220, 240
-0.985538, 25, 53, 88, 84
-0.985556, 397, 177, 428, 304
-0.985624, 45, 1, 76, 128
-0.985756, 305, 1, 368, 256
-0.985762, 193, 73, 320, 136
-0.985977, 289, 269, 352, 300
-0.986063, 45, 81, 76, 208
-0.986088, 353, 177, 416, 208
-0.986201, 377, 1, 408, 128
-0.986287, 65, 161, 192, 224
-0.986318, 97, 89, 224, 152
-0.986336, 1, 57, 64, 88
-0.986395, 177, 265, 304, 328
-0.986458, 285, 209, 316, 333
-0.986474, 377, 53, 440, 84
-0.986511, 73, 45, 136, 76
-0.986555, 241, 225, 368, 288
-0.986584, 57, 161, 88, 288
-0.986599, 105, 1, 168, 32
-0.9866, 289, 273, 416, 333
-0.986609, 305, 9, 432, 72
-0.986627, 161, 189, 224, 220
-0.986701, 289, 1, 352, 333
-0.986869, 145, 61, 208, 92
-0.986886, 1, 117, 64, 148
-0.98693, 265, 1, 328, 333
-0.986956, 241, 105, 368, 168
-0.987071, 257, 273, 320, 304
-0.987082, 353, 177, 384, 304
-0.987119, 249, 297, 312, 328
-0.987178, 129, 213, 192, 244
-0.987212, 57, 61, 120, 92
-0.987263, 449, 1, 480, 128
-0.987288, 97, 49, 160, 80
-0.987293, 225, 5, 288, 36
-0.987312, 193, 145, 320, 208
-0.987327, 17, 141, 80, 172
-0.987353, 161, 213, 224, 244
-0.987382, 145, 201, 208, 232
-0.987434, 297, 293, 360, 324
-0.987452, 265, 161, 296, 288
-0.987465, 169, 81, 232, 112
-0.987471, 321, 1, 384, 333
-0.987601, 265, 233, 328, 264
-0.98765, 65, 21, 128, 52
-0.987654, 265, 285, 328, 316
-0.987655, 205, 209, 236, 333
-0.98766, 265, 209, 296, 333
-0.987701, 369, 125, 432, 156
-0.987792, 397, 129, 428, 256
-0.987814, 105, 201, 168, 232
-0.987857, 69, 49, 100, 176
-0.987899, 217, 1, 280, 333
-0.987909, 393, 77, 456, 108
-0.987926, 321, 97, 352, 224
-0.987946, 385, 41, 448, 72
-0.987965, 393, 89, 456, 120
-0.987987, 241, 1, 368, 64
-0.988169, 129, 17, 384, 80
-0.988235, 61, 209, 92, 333
-0.988242, 257, 33, 320, 64
-0.988244, 417, 37, 480, 68
-0.988259, 121, 61, 184, 92
-0.988372, 1, 233, 128, 296
-0.988437, 169, 201, 232, 232
-0.98848, 97, 177, 352, 240
-0.988486, 97, 177, 128, 304
-0.988499, 73, 193, 136, 224
-0.988514, 145, 77, 208, 108
-0.988515, 153, 149, 216, 180
-0.988591, 81, 1, 112, 128
-0.98865, 273, 245, 336, 276
-0.98869, 265, 257, 328, 288
-0.988693, 161, 45, 224, 76
-0.988698, 289, 257, 352, 288
-0.988731, 369, 113, 432, 144
-0.988779, 417, 157, 480, 188
-0.98884, 361, 89, 424, 120
-0.988922, 33, 177, 64, 304
-0.988962, 385, 213, 448, 244
-0.988974, 105, 13, 168, 44
-0.988989, 401, 105, 464, 136
-0.989063, 433, 177, 464, 304
-0.989077, 89, 61, 152, 92
-0.989079, 33, 73, 96, 104
-0.989088, 49, 49, 112, 80
-0.989129, 25, 181, 88, 212
-0.989133, 361, 213, 424, 244
-0.989145, 417, 169, 480, 200
-0.989175, 97, 41, 352, 104
-0.989183, 121, 193, 152, 320
-0.989209, 257, 25, 500, 88
-0.989213, 345, 81, 376, 208
-0.989215, 369, 257, 496, 320
-0.98922, 345, 53, 408, 84
-0.989229, 169, 57, 232, 88
-0.989371, 305, 29, 368, 60
-0.989379, 241, 153, 368, 216
-0.989394, 1, 105, 256, 168
-0.989427, 345, 65, 408, 96
-0.989432, 1, 49, 256, 112
-0.989437, 241, 129, 368, 192
-0.989458, 453, 65, 484, 192
-0.989511, 281, 33, 344, 64
-0.989514, 17, 89, 80, 120
-0.989546, 57, 33, 120, 64
-0.989586, 273, 301, 336, 332
-0.989594, 45, 177, 76, 304
-0.989601, 149, 129, 180, 256
-0.989612, 161, 229, 224, 260
-0.989622, 145, 89, 208, 120
-0.989636, 241, 81, 368, 144
-0.989638, 109, 193, 140, 320
-0.98968, 193, 97, 448, 160
-0.989681, 153, 177, 216, 208
-0.989693, 209, 85, 272, 116
-0.989749, 153, 161, 216, 192
-0.989757, 329, 161, 360, 288
-0.989772, 297, 17, 328, 144
-0.989786, 185, 69, 248, 100
-0.98981, 241, 1, 304, 333
-0.989874, 361, 41, 424, 72
-0.989952, 433, 61, 496, 92
-0.989956, 177, 177, 240, 208
-0.989967, 225, 57, 480, 120
-0.989988, 257, 129, 500, 192
-0.98999, 1, 121, 500, 184
-0.990014, 209, 17, 272, 48
-0.990052, 393, 169, 456, 200
-0.990054, 1, 185, 256, 248
-0.99006, 241, 93, 304, 124
-0.990075, 65, 1, 128, 32
-0.990083, 33, 101, 96, 132
-0.990091, 33, 17, 288, 80
-0.990097, 209, 29, 272, 60
-0.990135, 1, 13, 64, 44
-0.990217, 409, 213, 472, 244
-0.990234, 1, 105, 64, 136
-0.990284, 1, 173, 64, 204
-0.990311, 169, 97, 232, 128
-0.990315, 201, 97, 264, 128
-0.990351, 177, 117, 240, 148
-0.99038, 297, 173, 360, 204
-0.990429, 25, 129, 88, 160
-0.990444, 205, 161, 236, 288
-0.990474, 265, 81, 296, 208
-0.990518, 9, 49, 40, 176
-0.990524, 145, 145, 272, 208
-0.990545, 137, 225, 200, 256
-0.990571, 89, 225, 152, 256
-0.990582, 137, 189, 200, 220
-0.990611, 401, 133, 464, 164
-0.990632, 81, 33, 144, 64
-0.990632, 377, 201, 440, 232
-0.990637, 129, 237, 192, 268
-0.990706, 49, 173, 112, 204
-0.990728, 225, 285, 288, 316
-0.990738, 121, 77, 184, 108
-0.990739, 105, 25, 168, 56
-0.990747, 209, 45, 272, 76
-0.990753, 1, 161, 256, 224
-0.990756, 65, 85, 128, 116
-0.990791, 41, 193, 104, 224
-0.990827, 273, 21, 336, 52
-0.990877, 17, 161, 80, 192
-0.990948, 113, 89, 176, 120
-0.990949, 97, 233, 352, 296
-0.990951, 257, 177, 320, 208
-0.990982, 297, 281, 360, 312
-0.991017, 289, 233, 352, 264
-0.991045, 165, 97, 196, 224
-0.991063, 201, 201, 264, 232
-0.991077, 225, 273, 480, 333
-0.991083, 309, 81, 340, 208
-0.991111, 345, 77, 408, 108
-0.991127, 321, 181, 384, 212
-0.991209, 313, 269, 376, 300
-0.991229, 329, 49, 360, 176
-0.991324, 329, 41, 392, 72
-0.991346, 185, 221, 248, 252
-0.991356, 33, 81, 288, 144
-0.991393, 1, 49, 500, 112
-0.991401, 1, 225, 256, 288
-0.991413, 25, 33, 88, 64
-0.991425, 337, 89, 400, 120
-0.991506, 249, 161, 280, 288
-0.99151, 61, 113, 92, 240
-0.991511, 321, 53, 384, 84
-0.991524, 113, 37, 176, 68
-0.991535, 185, 45, 248, 76
-0.991548, 337, 233, 464, 296
-0.991554, 225, 297, 288, 328
-0.991556, 169, 129, 232, 160
-0.991564, 425, 101, 488, 132
-0.991606, 353, 189, 416, 220
-0.991647, 193, 169, 448, 232
-0.991671, 417, 113, 448, 144
-0.991676, 377, 69, 408, 100
-0.991698, 373, 169, 404, 200
-0.991731, 1, 25, 500, 88
-0.991745, 345, 109, 408, 140
-0.991758, 241, 237, 304, 268
-0.991775, 33, 133, 64, 164
-0.991792, 137, 113, 200, 144
-0.99185, 353, 121, 480, 152
-0.991874, 341, 177, 372, 304
-0.99191, 429, 157, 460, 188
-0.991955, 45, 53, 76, 84
-0.991983, 81, 41, 112, 72
-0.991993, 441, 49, 472, 80
-0.992019, 65, 53, 96, 84
-0.992046, 285, 161, 316, 288
-0.992089, 33, 53, 64, 84
-0.992113, 297, 233, 328, 264
-0.992114, 417, 53, 448, 84
-0.992119, 109, 49, 140, 80
-0.99214, 353, 53, 480, 84
-0.992156, 401, 21, 432, 52
-0.992164, 401, 105, 432, 136
-0.992168, 65, 29, 192, 60
-0.992178, 425, 69, 456, 100
-0.99218, 381, 93, 412, 124
-0.99219, 293, 113, 324, 240
-0.992219, 149, 197, 180, 228
-0.992275, 149, 49, 180, 80
-0.992322, 125, 49, 156, 80
-0.992343, 377, 189, 408, 220
-0.992358, 21, 53, 52, 84
-0.992359, 97, 49, 128, 80
-0.99236, 301, 253, 332, 284
-0.992362, 1, 1, 500, 64
-0.992363, 445, 165, 476, 196
-0.99238, 193, 181, 224, 212
-0.992393, 313, 241, 344, 272
-0.992397, 465, 53, 496, 84
-0.992401, 177, 225, 208, 256
-0.992406, 321, 253, 352, 284
-0.992412, 413, 65, 444, 96
-0.992433, 253, 93, 284, 124
-0.992436, 417, 41, 448, 72
-0.992437, 1, 153, 500, 216
-0.992447, 5, 57, 36, 88
-0.992451, 173, 57, 204, 88
-0.992497, 257, 33, 384, 64
-0.992513, 289, 177, 416, 208
-0.992517, 97, 61, 128, 92
-0.992529, 137, 49, 168, 80
-0.992531, 281, 253, 312, 284
-0.992549, 421, 161, 452, 288
-0.992555, 441, 37, 472, 68
-0.992575, 305, 33, 336, 64
-0.992587, 1, 53, 128, 84
-0.992602, 169, 185, 200, 216
-0.992609, 181, 177, 212, 208
-0.992618, 77, 61, 108, 92
-0.992621, 389, 33, 420, 64
-0.992632, 393, 93, 424, 124
-0.992637, 421, 101, 452, 132
-0.992642, 321, 21, 352, 52
-0.992652, 65, 61, 192, 92
-0.99266, 93, 189, 124, 220
-0.992662, 393, 205, 424, 236
-0.992665, 265, 33, 296, 64
-0.992671, 185, 165, 216, 196
-0.992672, 381, 105, 412, 136
-0.992672, 273, 297, 304, 328
-0.99268, 461, 37, 492, 68
-0.992682, 41, 65, 72, 96
-0.992682, 129, 201, 384, 264
-0.992689, 269, 233, 300, 264
-0.992692, 65, 17, 192, 48
-0.992697, 1, 73, 500, 136
-0.992701, 417, 213, 448, 244
-0.99271, 157, 81, 188, 112
-0.992711, 177, 73, 208, 104
-0.992714, 429, 57, 460, 88
-0.992715, 325, 265, 356, 296
-0.992729, 377, 57, 408, 88
-0.992748, 421, 17, 452, 48
-0.992759, 57, 73, 88, 104
-0.992765, 369, 25, 496, 56
-0.992769, 125, 61, 156, 92
-0.992771, 17, 9, 144, 40
-0.992778, 29, 121, 60, 152
-0.992779, 393, 81, 424, 112
-0.99279, 161, 57, 192, 88
-0.992792, 313, 265, 344, 296
-0.9928, 229, 5, 260, 36
-0.992801, 133, 197, 164, 228
-0.992809, 361, 177, 392, 208
-0.992811, 1, 177, 500, 240
-0.992813, 335, 257, 350, 320
-0.992822, 177, 145, 208, 176
-0.992824, 173, 97, 204, 128
-0.992853, 393, 117, 424, 148
-0.992862, 405, 53, 436, 84
-0.992874, 193, 69, 224, 100
-0.992878, 405, 41, 436, 72
-0.99288, 253, 285, 284, 316
-0.992886, 337, 65, 464, 96
-0.992892, 425, 137, 456, 168
-0.992895, 161, 93, 192, 124
-0.992898, 181, 85, 212, 116
-0.992904, 189, 45, 220, 76
-0.992915, 277, 113, 308, 240
-0.992925, 193, 81, 224, 112
-0.992928, 353, 169, 480, 200
-0.992934, 321, 297, 352, 328
-0.992941, 425, 29, 456, 60
-0.992943, 303, 273, 318, 333
-0.992945, 301, 265, 332, 296
-0.992947, 17, 93, 48, 124
-0.992954, 197, 165, 228, 196
-0.992972, 29, 9, 60, 40
-0.992979, 429, 45, 460, 76
-0.992984, 377, 217, 408, 248
-0.992986, 29, 65, 60, 96
-0.992993, 261, 301, 292, 332
-0.993002, 145, 37, 176, 68
-0.993012, 457, 113, 488, 240
-0.993017, 441, 153, 472, 184
-0.993021, 69, 41, 100, 72
-0.993024, 391, 89, 406, 152
-0.993024, 165, 209, 196, 240
-0.993034, 193, 25, 320, 56
-0.993037, 45, 137, 76, 168
-0.993061, 17, 105, 48, 136
-0.993064, 29, 149, 60, 180
-0.99307, 357, 57, 388, 88
-0.993076, 405, 117, 436, 148
-0.993082, 205, 37, 236, 68
-0.993088, 161, 45, 192, 76
-0.993091, 193, 57, 224, 88
-0.993096, 1, 217, 500, 280
-0.993099, 165, 225, 196, 256
-0.99311, 77, 193, 108, 224
-0.993111, 273, 273, 304, 304
-0.993115, 381, 125, 412, 156
-0.993118, 65, 1, 192, 32
-0.993123, 193, 209, 224, 240
-0.99313, 101, 33, 132, 64
-0.993131, 45, 5, 76, 36
-0.99315, 65, 49, 192, 80
-0.993152, 429, 169, 460, 200
-0.993163, 369, 89, 400, 120
-0.993166, 161, 197, 192, 228
-0.993166, 113, 61, 144, 92
-0.993168, 325, 277, 356, 308
-0.993174, 205, 117, 236, 148
-0.993177, 285, 269, 316, 300
-0.993181, 265, 285, 296, 316
-0.993192, 17, 17, 48, 48
-0.993203, 453, 69, 484, 100
-0.993203, 417, 125, 448, 156
-0.993209, 385, 237, 416, 268
-0.993215, 277, 13, 308, 44
-0.993215, 441, 61, 472, 92
-0.993234, 165, 173, 196, 204
-0.993236, 173, 197, 204, 228
-0.993237, 269, 261, 300, 292
-0.993253, 369, 37, 496, 68
-0.993338, 1, 129, 256, 192
-0.993342, 129, 41, 256, 72
-0.993421, 101, 41, 116, 104
-0.993421, 257, 193, 500, 256
-0.993438, 81, 257, 208, 320
-0.99352, 161, 129, 416, 192
-0.993562, 113, 209, 240, 240
-0.993571, 253, 209, 284, 333
-0.993585, 377, 169, 392, 232
-0.993617, 381, 57, 396, 120
-0.993625, 387, 169, 402, 232
-0.993633, 321, 37, 448, 68
-0.993646, 145, 81, 272, 112
-0.993677, 35, 1, 50, 64
-0.993725, 97, 257, 352, 320
-0.993726, 237, 161, 268, 288
-0.99378, 193, 37, 320, 68
-0.993783, 15, 25, 30, 88
-0.99379, 391, 65, 406, 128
-0.99381, 463, 33, 478, 96
-0.993828, 341, 33, 372, 160
-0.993842, 217, 145, 248, 272
-0.993858, 13, 49, 28, 112
-0.993859, 469, 33, 484, 96
-0.99386, 409, 17, 424, 80
-0.993896, 163, 41, 178, 104
-0.993931, 403, 81, 418, 144
-0.993957, 39, 113, 54, 176
-0.993962, 129, 273, 256, 333
-0.993972, 425, 17, 440, 80
-0.993997, 433, 113, 448, 176
-0.994026, 289, 165, 416, 196
-0.994062, 283, 273, 298, 333
-0.994065, 113, 181, 240, 212
-0.994078, 113, 53, 240, 84
-0.994085, 161, 225, 288, 256
-0.994101, 1, 93, 128, 124
-0.994111, 171, 209, 186, 272
-0.994141, 203, 65, 218, 128
-0.994163, 107, 17, 122, 80
-0.994168, 161, 173, 288, 204
-0.994178, 485, 33, 500, 96
-0.99418, 479, 33, 494, 96
-0.994185, 209, 13, 336, 44
-0.994193, 33, 201, 160, 232
-0.994193, 309, 257, 324, 320
-0.994203, 275, 265, 290, 328
-0.994204, 241, 1, 256, 64
-0.994212, 409, 145, 440, 272
-0.994239, 81, 221, 208, 252
-0.99425, 379, 129, 394, 192
-0.994263, 75, 41, 90, 104
-0.994292, 353, 137, 480, 168
-0.994305, 295, 257, 310, 320
-0.994312, 19, 49, 34, 112
-0.994315, 171, 65, 186, 128
-0.994324, 397, 81, 412, 144
-0.994385, 415, 17, 430, 80
-0.994404, 129, 65, 384, 128
-0.994407, 211, 169, 226, 232
-0.994411, 117, 81, 148, 208
-0.994422, 289, 273, 304, 333
-0.994423, 305, 193, 432, 224
-0.994435, 381, 89, 396, 152
-0.994442, 285, 241, 300, 304
-0.994457, 129, 9, 256, 40
-0.994464, 225, 217, 480, 280
-0.994464, 437, 161, 452, 224
-0.994482, 397, 209, 412, 272
-0.994519, 17, 189, 144, 220
-0.994524, 1, 97, 500, 160
-0.994524, 181, 201, 196, 264
-0.994541, 301, 241, 316, 304
-0.994546, 337, 77, 464, 108
-0.994546, 45, 121, 60, 184
-0.994549, 443, 145, 458, 208
-0.994554, 145, 69, 272, 100
-0.994562, 181, 57, 196, 120
-0.994576, 171, 161, 186, 224
-0.994582, 129, 21, 256, 52
-0.994597, 1, 21, 128, 52
-0.994616, 411, 97, 426, 160
-0.994628, 21, 17, 36, 80
-0.994629, 353, 109, 480, 140
-0.994637, 433, 17, 448, 80
-0.99464, 97, 105, 352, 168
-0.994648, 241, 297, 368, 328
-0.99467, 17, 109, 144, 140
-0.994672, 315, 257, 330, 320
-0.994698, 329, 249, 344, 312
-0.994703, 65, 85, 192, 116
-0.994731, 63, 65, 78, 128
-0.99475, 333, 17, 348, 80
-0.994782, 275, 241, 290, 304
-0.994789, 161, 93, 288, 124
-0.994808, 211, 73, 226, 136
-0.994814, 269, 257, 284, 320
-0.99483, 81, 101, 208, 132
-0.99484, 1, 65, 128, 96
-0.994841, 81, 197, 208, 228
-0.994842, 201, 169, 216, 232
-0.994861, 393, 177, 408, 240
-0.994872, 437, 137, 452, 200
-0.994893, 425, 97, 440, 160
-0.994913, 21, 177, 52, 304
-0.994914, 139, 49, 154, 112
-0.994915, 305, 161, 320, 224
-0.99493, 353, 33, 384, 160
-0.994934, 343, 265, 358, 328
-0.994935, 77, 113, 108, 240
-0.994937, 273, 1, 288, 64
-0.99494, 419, 105, 434, 168
-0.994949, 305, 25, 432, 56
-0.99496, 97, 185, 112, 248
-0.994992, 155, 25, 170, 88
-0.995008, 85, 33, 100, 96
-0.995009, 193, 169, 208, 232
-0.995014, 27, 49, 42, 112
-0.995026, 337, 89, 464, 120
-0.99504, 33, 129, 48, 192
-0.995054, 457, 49, 472, 112
-0.995058, 195, 73, 210, 136
-0.995071, 175, 185, 190, 248
-0.995071, 7, 1, 22, 64
-0.995073, 259, 241, 274, 304
-0.995082, 69, 25, 84, 88
-0.995085, 107, 41, 122, 104
-0.99509, 323, 241, 338, 304
-0.995092, 49, 233, 176, 264
-0.995139, 403, 17, 418, 80
-0.99514, 225, 177, 352, 208
-0.995146, 241, 277, 368, 308
-0.995157, 27, 17, 42, 80
-0.995163, 421, 41, 436, 104
-0.995187, 325, 17, 340, 80
-0.995194, 199, 193, 214, 256
-0.995211, 435, 57, 450, 120
-0.995226, 371, 177, 386, 240
-0.995228, 323, 273, 338, 333
-0.995251, 179, 225, 194, 288
-0.995261, 17, 41, 144, 72
-0.995273, 399, 57, 414, 120
-0.99528, 317, 233, 332, 296
-0.99528, 369, 1, 496, 64
-0.995282, 113, 1, 128, 64
-0.995286, 49, 1, 64, 64
-0.995309, 7, 49, 22, 112
-0.995317, 305, 49, 432, 80
-0.995326, 199, 145, 214, 208
-0.995354, 193, 49, 320, 80
-0.995358, 33, 213, 160, 244
-0.995365, 235, 1, 250, 64
-0.995366, 397, 25, 412, 88
-0.995374, 17, 81, 144, 112
-0.995391, 37, 49, 52, 112
-0.995407, 129, 197, 256, 228
-0.995414, 375, 73, 390, 136
-0.995415, 193, 213, 320, 244
-0.995424, 59, 41, 74, 104
-0.995433, 289, 257, 416, 288
-0.995456, 241, 45, 368, 76
-0.995457, 17, 173, 144, 204
-0.995473, 149, 41, 164, 104
-0.995474, 97, 73, 224, 104
-0.995496, 305, 205, 432, 236
-0.995497, 129, 105, 256, 136
-0.995503, 449, 153, 464, 216
-0.995517, 415, 73, 430, 136
-0.995518, 245, 89, 260, 152
-0.995529, 93, 57, 108, 120
-0.99555, 125, 49, 140, 112
-0.995556, 225, 1, 480, 64
-0.995565, 367, 129, 382, 192
-0.995567, 225, 241, 352, 272
-0.99557, 53, 49, 68, 112
-0.995584, 257, 249, 500, 312
-0.995605, 115, 41, 130, 104
-0.995624, 133, 49, 148, 112
-0.995632, 209, 209, 224, 272
-0.995653, 97, 153, 352, 216
-0.995653, 289, 65, 416, 96
-0.995656, 55, 145, 70, 208
-0.995656, 79, 17, 94, 80
-0.995662, 51, 121, 66, 184
-0.995683, 439, 25, 454, 88
-0.995692, 61, 145, 76, 208
-0.995693, 251, 89, 266, 152
-0.995694, 41, 1, 56, 64
-0.995697, 443, 89, 458, 152
-0.995704, 267, 89, 282, 152
-0.995721, 361, 129, 376, 192
-0.995727, 451, 57, 466, 120
-0.995736, 465, 57, 480, 120
-0.995736, 337, 181, 464, 212
-0.995741, 371, 105, 386, 168
-0.995743, 157, 65, 172, 128
-0.995747, 369, 157, 496, 188
-0.995795, 107, 185, 122, 248
-0.995795, 117, 201, 132, 264
-0.995804, 165, 193, 180, 256
-0.995808, 69, 65, 84, 128
-0.995815, 427, 153, 442, 216
-0.995871, 113, 169, 240, 200
-0.995939, 161, 121, 288, 152
-0.995963, 225, 261, 352, 292
-0.995979, 177, 161, 304, 192
-0.996051, 161, 185, 288, 216
-0.99606, 13, 1, 44, 256
-0.996151, 285, 49, 316, 176
-0.996239, 209, 189, 336, 220
-0.99627, 289, 153, 416, 184
-0.996273, 193, 297, 320, 328
-0.996313, 197, 1, 228, 256
-0.996341, 65, 185, 192, 216
-0.996342, 97, 233, 224, 264
-0.996366, 305, 109, 432, 140
-0.99638, 1, 241, 500, 304
-0.996388, 289, 133, 416, 164
-0.996418, 101, 113, 132, 240
-0.99642, 241, 57, 368, 88
-0.996492, 1, 153, 128, 184
-0.996507, 1, 133, 128, 164
-0.996545, 257, 21, 384, 52
-0.996626, 153, 1, 184, 256
-0.996653, 469, 113, 500, 240
-0.996655, 241, 209, 272, 333
-0.996681, 161, 237, 288, 268
-0.996695, 69, 1, 100, 256
-0.996751, 405, 33, 436, 288
-0.996781, 193, 77, 320, 108
-0.996835, 117, 145, 148, 272
-0.996843, 209, 97, 336, 128
-0.996856, 289, 269, 416, 300
-0.996862, 273, 241, 400, 272
-0.996899, 289, 301, 416, 332
-0.996905, 439, 157, 454, 188
-0.996915, 353, 193, 480, 224
-0.996991, 209, 229, 336, 260
-0.997022, 65, 165, 192, 196
-0.997024, 113, 117, 240, 148
-0.997056, 461, 1, 492, 256
-0.997059, 93, 1, 124, 256
-0.997059, 109, 49, 124, 80
-0.997059, 369, 217, 496, 248
-0.997075, 257, 201, 384, 232
-0.997079, 73, 53, 88, 84
-0.99708, 165, 1, 196, 256
-0.997085, 17, 121, 144, 152
-0.997109, 427, 53, 442, 84
-0.997111, 297, 65, 328, 192
-0.997124, 57, 53, 72, 84
-0.997125, 325, 245, 340, 276
-0.99719, 41, 117, 56, 148
-0.997194, 387, 169, 402, 200
-0.997211, 417, 33, 448, 288
-0.997212, 51, 53, 66, 84
-0.99722, 383, 57, 398, 88
-0.997221, 63, 53, 78, 84
-0.997222, 81, 1, 112, 256
-0.997233, 427, 105, 442, 136
-0.997257, 409, 109, 424, 140
-0.997264, 25, 1, 56, 256
-0.997273, 433, 65, 464, 320
-0.997274, 193, 81, 208, 112
-0.997277, 173, 57, 188, 88
-0.997292, 209, 169, 224, 200
-0.997293, 433, 113, 448, 144
-0.997296, 39, 53, 54, 84
-0.997305, 213, 205, 228, 236
-0.997328, 79, 41, 94, 72
-0.997339, 309, 233, 324, 264
-0.997342, 209, 1, 240, 256
-0.997348, 209, 181, 224, 212
-0.99735, 373, 33, 404, 288
-0.997356, 385, 89, 400, 120
-0.997356, 185, 33, 216, 288
-0.99736, 45, 53, 60, 84
-0.997365, 335, 257, 350, 288
-0.997371, 113, 157, 240, 188
-0.997373, 207, 213, 222, 244
-0.997375, 39, 129, 54, 160
-0.997379, 1, 233, 128, 264
-0.997385, 163, 45, 178, 76
-0.997388, 193, 109, 320, 140
-0.997388, 279, 301, 294, 332
-0.997396, 257, 229, 384, 260
-0.997396, 117, 49, 132, 80
-0.997397, 79, 53, 94, 84
-0.99742, 289, 77, 416, 108
-0.997421, 193, 69, 208, 100
-0.997425, 401, 109, 416, 140
-0.997432, 393, 93, 408, 124
-0.997436, 303, 257, 318, 288
-0.99744, 467, 53, 482, 84
-0.99744, 377, 173, 392, 204
-0.997442, 33, 53, 48, 84
-0.997444, 173, 69, 188, 100
-0.997471, 47, 129, 62, 160
-0.997473, 193, 285, 320, 316
-0.997478, 445, 149, 460, 180
-0.997479, 193, 273, 320, 304
-0.997481, 241, 85, 368, 116
-0.997482, 127, 49, 142, 80
-0.997489, 321, 13, 448, 44
-0.99749, 265, 89, 280, 120
-0.997498, 341, 265, 356, 296
-0.997499, 97, 141, 224, 172
-0.9975, 7, 57, 22, 88
-0.997502, 267, 285, 282, 316
-0.997504, 419, 53, 434, 84
-0.997513, 447, 165, 462, 196
-0.997535, 225, 125, 352, 156
-0.99754, 435, 53, 450, 84
-0.997558, 209, 1, 336, 32
-0.997558, 393, 105, 408, 136
-0.997571, 463, 37, 478, 68
-0.997576, 25, 53, 40, 84
-0.997584, 405, 21, 420, 52
-0.997585, 137, 49, 152, 80
-0.997596, 99, 185, 114, 216
-0.997605, 417, 65, 432, 96
-0.997608, 101, 49, 116, 80
-0.997609, 173, 193, 188, 224
-0.99761, 181, 225, 196, 256
-0.997611, 453, 49, 468, 80
-0.997612, 163, 57, 178, 88
-0.997614, 397, 29, 412, 60
-0.997615, 331, 245, 346, 276
-0.997615, 191, 173, 206, 204
-0.997617, 157, 49, 172, 80
-0.99762, 151, 49, 166, 80
-0.997623, 403, 93, 418, 124
-0.997624, 429, 41, 444, 72
-0.997627, 183, 73, 198, 104
-0.997628, 145, 49, 160, 80
-0.997629, 441, 37, 456, 68
-0.99763, 321, 217, 448, 248
-0.997632, 315, 237, 330, 268
-0.997633, 65, 113, 192, 144
-0.997636, 169, 45, 184, 76
-0.997637, 241, 165, 368, 196
-0.997642, 431, 161, 446, 192
-0.997642, 433, 65, 448, 96
-0.997648, 1, 1, 32, 256
-0.997652, 13, 57, 28, 88
-0.997654, 177, 261, 304, 292
-0.99766, 5, 1, 20, 32
-0.997666, 379, 89, 394, 120
-0.997673, 195, 225, 210, 256
-0.997676, 311, 261, 326, 292
-0.997682, 169, 205, 184, 236
-0.997683, 117, 61, 132, 92
-0.997686, 203, 153, 218, 184
-0.997686, 309, 157, 324, 188
-0.997687, 289, 281, 416, 312
-0.997689, 439, 169, 454, 200
-0.997689, 427, 65, 442, 96
-0.99769, 445, 33, 476, 288
-0.997692, 389, 1, 420, 256
-0.997698, 51, 181, 66, 212
-0.9977, 401, 81, 416, 112
-0.9977, 421, 109, 436, 140
-0.997707, 435, 1, 450, 128
-0.997707, 417, 41, 432, 72
-0.99771, 435, 41, 450, 72
-0.997712, 191, 145, 206, 176
-0.997714, 157, 37, 172, 68
-0.997728, 289, 89, 416, 120
-0.997735, 415, 109, 430, 140
-0.997745, 437, 145, 452, 176
-0.997757, 273, 297, 288, 328
-0.997757, 263, 237, 278, 268
-0.997758, 199, 85, 214, 116
-0.997762, 257, 189, 384, 220
-0.997763, 91, 61, 106, 92
-0.997763, 199, 169, 214, 200
-0.997763, 183, 185, 198, 216
-0.997766, 11, 17, 26, 48
-0.997768, 103, 33, 118, 64
-0.99777, 107, 61, 122, 92
-0.997773, 267, 33, 282, 64
-0.997784, 173, 81, 188, 112
-0.997795, 33, 137, 48, 168
-0.997797, 391, 33, 406, 64
-0.997802, 337, 253, 464, 284
-0.997805, 179, 57, 194, 88
-0.997808, 361, 33, 392, 288
-0.99781, 447, 37, 462, 68
-0.997811, 203, 73, 218, 104
-0.997813, 427, 1, 442, 128
-0.997814, 275, 277, 290, 308
-0.997823, 329, 273, 344, 304
-0.99783, 41, 33, 72, 288
-0.99783, 265, 273, 280, 304
-0.997834, 399, 201, 414, 232
-0.997834, 315, 33, 330, 64
-0.997837, 53, 65, 68, 96
-0.997838, 19, 57, 34, 88
-0.997843, 269, 233, 284, 264
-0.997846, 385, 81, 400, 208
-0.99785, 433, 101, 448, 132
-0.99785, 245, 1, 276, 256
-0.997852, 127, 61, 142, 92
-0.997855, 305, 121, 432, 152
-0.997858, 47, 65, 62, 96
-0.997863, 337, 277, 352, 308
-0.997863, 225, 1, 256, 256
-0.997865, 175, 221, 190, 252
-0.997866, 393, 213, 408, 244
-0.997874, 435, 17, 450, 48
-0.997875, 423, 41, 438, 72
-0.997877, 305, 245, 320, 276
-0.997878, 423, 213, 438, 244
-0.997888, 371, 173, 386, 204
-0.997904, 193, 61, 320, 92
-0.997913, 257, 1, 288, 256
-0.997923, 141, 65, 172, 320
-0.997933, 145, 141, 272, 172
-0.997936, 145, 249, 272, 280
-0.997959, 193, 201, 320, 232
-0.99796, 409, 1, 424, 128
-0.997977, 57, 1, 88, 256
-0.997977, 193, 149, 320, 180
-0.998022, 105, 1, 136, 256
-0.998042, 97, 245, 224, 276
-0.998047, 441, 17, 456, 144
-0.998081, 421, 1, 436, 128
-0.99809, 427, 49, 442, 176
-0.99809, 433, 49, 448, 176
-0.998103, 383, 33, 398, 160
-0.99818, 33, 245, 160, 276
-0.998189, 393, 49, 408, 176
-0.998213, 257, 109, 384, 140
-0.998253, 313, 1, 344, 256
-0.998266, 415, 1, 430, 128
-0.998272, 379, 113, 394, 240
-0.998295, 437, 113, 452, 240
-0.998299, 369, 265, 496, 296
-0.998304, 27, 1, 42, 128
-0.998311, 337, 289, 464, 320
-0.998322, 273, 217, 400, 248
-0.99834, 321, 29, 352, 44
-0.998344, 437, 37, 468, 52
-0.998347, 419, 49, 434, 176
-0.998348, 409, 109, 440, 124
-0.998355, 293, 275, 324, 290
-0.998359, 313, 317, 344, 332
-0.998362, 281, 173, 312, 188
-0.998363, 185, 157, 216, 172
-0.998364, 25, 65, 56, 80
-0.998368, 281, 259, 312, 274
-0.998369, 341, 1, 372, 256
-0.998373, 269, 277, 300, 292
-0.998373, 309, 279, 340, 294
-0.998376, 203, 33, 218, 160
-0.998377, 277, 1, 308, 256
-0.998384, 29, 151, 60, 166
-0.998384, 409, 53, 472, 68
-0.998386, 421, 135, 452, 150
-0.998393, 421, 147, 452, 162
-0.998394, 425, 35, 456, 50
-0.998394, 369, 179, 400, 194
-0.998395, 399, 65, 414, 192
-0.998398, 321, 23, 352, 38
-0.998398, 121, 61, 184, 76
-0.998402, 165, 223, 196, 238
-0.998403, 385, 69, 448, 84
-0.998405, 85, 191, 116, 206
-0.998407, 33, 141, 64, 156
-0.99841, 353, 183, 416, 198
-0.998412, 393, 23, 456, 38
-0.998412, 393, 117, 456, 132
-0.998412, 145, 273, 272, 304
-0.998414, 301, 269, 332, 284
-0.998417, 161, 65, 224, 80
-0.99842, 1, 125, 64, 140
-0.998423, 121, 53, 152, 68
-0.998423, 257, 35, 320, 50
-0.998426, 33, 123, 64, 138
-0.998427, 1, 57, 64, 72
-0.998429, 385, 101, 448, 116
-0.998429, 385, 125, 448, 140
-0.998432, 89, 43, 120, 58
-0.998433, 369, 75, 432, 90
-0.998433, 105, 1, 168, 16
-0.998433, 317, 301, 348, 316
-0.998436, 49, 65, 80, 80
-0.998436, 265, 233, 328, 248
-0.998438, 137, 199, 200, 214
-0.998438, 409, 69, 472, 84
-0.998441, 281, 317, 344, 332
-0.998442, 161, 99, 192, 114
-0.998442, 33, 57, 64, 72
-0.998444, 369, 55, 432, 70
-0.998444, 169, 177, 232, 192
-0.998444, 409, 167, 472, 182
-0.998444, 273, 263, 336, 278
-0.998444, 313, 289, 344, 304
-0.998446, 105, 11, 168, 26
-0.998446, 157, 93, 188, 108
-0.998449, 225, 93, 288, 108
-0.99845, 421, 19, 452, 34
-0.998451, 65, 21, 128, 36
-0.998452, 473, 17, 488, 144
-0.998454, 257, 41, 320, 56
-0.998454, 369, 215, 432, 230
-0.998455, 41, 55, 104, 70
-0.998458, 149, 51, 180, 66
-0.998459, 161, 55, 224, 70
-0.998459, 285, 37, 316, 52
-0.99846, 401, 75, 464, 90
-0.99846, 249, 313, 312, 328
-0.99846, 125, 1, 156, 256
-0.998462, 261, 99, 292, 114
-0.998462, 393, 65, 424, 80
-0.998463, 353, 177, 416, 192
-0.998464, 161, 189, 224, 204
-0.998464, 289, 271, 352, 286
-0.998465, 281, 267, 312, 282
-0.998465, 161, 217, 224, 232
-0.998466, 377, 111, 440, 126
-0.998466, 257, 295, 320, 310
-0.998466, 369, 63, 432, 78
-0.998466, 257, 307, 320, 322
-0.998468, 273, 257, 336, 272
-0.998468, 121, 53, 184, 68
-0.998468, 25, 11, 88, 26
-0.998468, 273, 277, 336, 292
-0.998469, 109, 53, 140, 68
-0.99847, 49, 55, 80, 70
-0.998471, 393, 97, 408, 224
-0.998472, 453, 51, 484, 66
-0.998474, 189, 189, 220, 204
-0.998474, 73, 51, 136, 66
-0.998475, 25, 65, 88, 80
-0.998475, 409, 61, 472, 76
-0.998475, 25, 19, 88, 34
-0.998476, 297, 35, 360, 50
-0.998476, 65, 27, 128, 42
-0.998478, 353, 191, 416, 206
-0.998478, 353, 111, 416, 126
-0.998479, 433, 37, 496, 52
-0.998479, 181, 73, 212, 88
-0.99848, 169, 89, 200, 104
-0.998481, 337, 55, 400, 70
-0.998485, 65, 9, 128, 24
-0.998485, 105, 19, 168, 34
-0.998485, 225, 7, 288, 22
-0.998486, 185, 183, 216, 198
-0.998486, 57, 63, 120, 78
-0.998487, 417, 173, 480, 188
-0.998487, 317, 173, 348, 188
-0.998487, 137, 205, 200, 220
-0.998487, 281, 171, 344, 186
-0.998488, 385, 171, 448, 186
-0.998489, 169, 195, 232, 210
-0.998489, 393, 91, 456, 106
-0.998489, 369, 131, 432, 146
-0.998489, 345, 65, 408, 80
-0.99849, 405, 21, 436, 36
-0.998491, 373, 145, 388, 272
-0.998491, 273, 239, 336, 254
-0.998491, 85, 63, 116, 78
-0.998492, 201, 99, 264, 114
-0.998493, 1, 131, 64, 146
-0.998493, 177, 189, 208, 204
-0.998493, 97, 53, 160, 68
-0.998495, 65, 15, 128, 30
-0.998495, 65, 197, 128, 212
-0.998495, 401, 219, 464, 234
-0.998496, 297, 265, 360, 280
-0.998496, 385, 31, 448, 46
-0.998497, 161, 161, 224, 176
-0.998497, 249, 281, 312, 296
-0.998497, 241, 273, 304, 288
-0.998497, 161, 233, 224, 248
-0.998498, 169, 209, 232, 224
-0.998498, 289, 309, 352, 324
-0.9985, 153, 101, 216, 116
-0.9985, 467, 17, 482, 144
-0.9985, 361, 91, 424, 106
-0.998501, 233, 297, 296, 312
-0.998504, 17, 147, 80, 162
-0.998504, 273, 249, 336, 264
-0.998505, 137, 227, 200, 242
-0.998505, 233, 303, 296, 318
-0.998506, 161, 201, 224, 216
-0.998506, 89, 229, 152, 244
-0.998506, 289, 43, 352, 58
-0.998506, 297, 255, 360, 270
-0.998507, 129, 93, 192, 108
-0.998508, 45, 73, 76, 88
-0.998508, 65, 237, 128, 252
-0.998508, 137, 213, 200, 228
-0.998509, 417, 127, 448, 142
-0.998509, 153, 45, 216, 60
-0.998509, 389, 115, 420, 130
-0.998509, 353, 133, 384, 148
-0.99851, 65, 33, 128, 48
-0.99851, 401, 85, 464, 100
-0.99851, 269, 233, 300, 248
-0.998511, 401, 41, 464, 56
-0.998511, 1, 119, 64, 134
-0.998511, 25, 141, 88, 156
-0.998512, 261, 285, 292, 300
-0.998512, 401, 141, 464, 156
-0.998513, 257, 175, 320, 190
-0.998514, 433, 53, 496, 68
-0.998514, 375, 65, 390, 192
-0.998515, 273, 301, 336, 316
-0.998516, 289, 27, 352, 42
-0.998516, 201, 93, 264, 108
-0.998517, 209, 33, 272, 48
-0.998517, 137, 193, 200, 208
-0.998517, 153, 71, 216, 86
-0.998519, 289, 177, 352, 192
-0.998519, 361, 103, 424, 118
-0.99852, 81, 45, 144, 60
-0.99852, 33, 201, 96, 216
-0.998521, 185, 121, 248, 136
-0.998522, 313, 55, 376, 70
-0.998523, 443, 97, 458, 224
-0.998524, 113, 195, 176, 210
-0.998524, 33, 105, 96, 120
-0.998524, 345, 73, 408, 88
-0.998525, 249, 251, 312, 266
-0.998525, 97, 205, 160, 220
-0.998527, 433, 59, 496, 74
-0.998527, 185, 71, 248, 86
-0.998527, 129, 237, 192, 252
-0.998527, 1, 67, 64, 82
-0.998528, 417, 161, 480, 176
-0.998528, 233, 93, 264, 108
-0.998528, 451, 33, 466, 160
-0.998528, 97, 25, 160, 40
-0.998529, 225, 99, 288, 114
-0.998529, 161, 227, 224, 242
-0.998529, 369, 81, 432, 96
-0.99853, 65, 3, 128, 18
-0.998533, 195, 65, 210, 192
-0.998539, 183, 33, 198, 160
-0.998549, 17, 107, 48, 122
-0.998553, 421, 215, 452, 230
-0.998554, 437, 139, 468, 154
-0.998569, 373, 91, 404, 106
-0.998587, 111, 1, 126, 128
-0.998587, 429, 73, 460, 88
-0.998589, 197, 177, 228, 192
-0.998599, 37, 113, 52, 240
-0.9986, 377, 211, 408, 226
-0.998608, 153, 17, 168, 144
-0.99862, 37, 1, 52, 128
-0.998634, 185, 223, 216, 238
-0.998636, 427, 97, 442, 224
-0.998638, 301, 1, 332, 256
-0.998646, 193, 65, 224, 80
-0.998647, 265, 301, 296, 316
-0.998648, 21, 1, 36, 128
-0.998654, 269, 263, 300, 278
-0.998655, 1, 249, 256, 312
-0.998657, 397, 209, 428, 224
-0.998667, 407, 49, 422, 176
-0.998675, 393, 125, 424, 140
-0.998678, 221, 1, 236, 128
-0.99868, 13, 11, 44, 26
-0.998683, 181, 87, 212, 102
-0.998692, 21, 57, 52, 72
-0.998721, 327, 1, 342, 128
-0.998721, 227, 1, 242, 128
-0.998724, 421, 121, 452, 136
-0.998725, 393, 109, 424, 124
-0.998727, 153, 61, 184, 76
-0.998739, 175, 161, 190, 288
-0.998748, 325, 265, 356, 280
-0.998753, 97, 187, 128, 202
-0.998757, 389, 161, 404, 288
-0.998759, 167, 49, 182, 176
-0.998759, 197, 161, 212, 288
-0.998761, 273, 313, 304, 328
-0.998762, 165, 195, 196, 210
-0.998765, 289, 1, 320, 256
-0.998765, 265, 295, 296, 310
-0.998767, 459, 33, 474, 160
-0.99877, 93, 49, 108, 176
-0.998772, 317, 251, 348, 266
-0.998776, 301, 255, 332, 270
-0.99878, 105, 17, 120, 144
-0.998781, 203, 145, 218, 272
-0.998782, 175, 65, 190, 192
-0.998792, 421, 141, 452, 156
-0.998795, 197, 73, 228, 88
-0.998797, 269, 269, 300, 284
-0.998801, 367, 129, 382, 256
-0.998809, 181, 129, 196, 256
-0.998813, 403, 1, 418, 128
-0.998816, 479, 17, 494, 144
-0.99883, 413, 65, 428, 192
-0.998833, 397, 103, 428, 118
-0.998834, 43, 1, 58, 128
-0.998836, 1, 59, 32, 74
-0.998863, 83, 33, 98, 160
-0.998864, 385, 93, 416, 108
-0.998866, 309, 245, 340, 260
-0.998873, 25, 81, 40, 208
-0.998874, 301, 261, 332, 276
-0.998875, 379, 161, 394, 288
-0.998876, 97, 63, 128, 78
-0.998878, 305, 35, 336, 50
-0.998881, 193, 55, 224, 70
-0.998882, 281, 279, 312, 294
-0.998884, 405, 221, 436, 236
-0.998885, 37, 65, 68, 80
-0.998896, 321, 259, 352, 274
-0.998897, 65, 55, 96, 70
-0.998903, 191, 145, 206, 272
-0.998905, 285, 315, 316, 330
-0.998908, 177, 65, 208, 80
-0.998916, 161, 49, 176, 176
-0.998929, 189, 81, 204, 208
-0.99893, 329, 65, 360, 320
-0.998951, 241, 1, 256, 128
-0.998952, 265, 35, 296, 50
-0.998952, 245, 49, 260, 176
-0.998964, 85, 49, 116, 64
-0.998969, 143, 33, 158, 160
-0.998971, 233, 1, 248, 128
-0.998975, 213, 17, 228, 144
-0.998982, 31, 129, 46, 256
-0.998982, 393, 215, 424, 230
-0.998992, 211, 65, 226, 192
-0.998995, 1, 97, 16, 224
-0.998995, 189, 193, 204, 320
-0.998995, 373, 193, 388, 320
-0.999003, 15, 1, 30, 128
-0.999011, 173, 57, 204, 72
-0.999012, 441, 67, 472, 82
-0.999013, 465, 37, 496, 52
-0.99902, 393, 1, 408, 128
-0.999025, 369, 55, 400, 70
-0.999025, 369, 81, 384, 208
-0.999026, 281, 273, 312, 288
-0.999027, 73, 1, 88, 128
-0.999029, 29, 129, 60, 144
-0.999032, 377, 63, 408, 78
-0.999035, 33, 65, 48, 192
-0.999037, 169, 145, 184, 272
-0.999039, 125, 17, 140, 144
-0.999049, 209, 145, 224, 272
-0.999056, 133, 17, 148, 144
-0.99907, 331, 193, 346, 320
-0.99907, 393, 209, 408, 333
-0.999082, 293, 231, 324, 246
-0.999087, 195, 17, 210, 144
-0.999089, 185, 177, 216, 192
-0.999094, 117, 33, 132, 160
-0.999102, 301, 169, 332, 184
-0.999102, 319, 193, 334, 320
-0.999105, 449, 129, 464, 256
-0.999116, 43, 145, 58, 272
-0.999119, 231, 81, 246, 208
-0.999119, 461, 57, 492, 72
-0.999119, 333, 1, 348, 128
-0.99913, 19, 81, 34, 208
-0.99916, 205, 97, 220, 224
-0.999161, 273, 307, 304, 322
-0.999166, 11, 97, 26, 224
-0.999175, 261, 209, 276, 333
-0.999186, 445, 169, 476, 184
-0.999189, 407, 97, 422, 224
-0.99919, 421, 109, 452, 124
-0.999192, 417, 115, 448, 130
-0.999194, 211, 193, 226, 320
-0.999195, 1, 273, 256, 333
-0.999195, 381, 109, 412, 124
-0.999197, 259, 1, 274, 128
-0.99922, 169, 193, 184, 320
-0.999239, 401, 115, 432, 130
-0.999249, 51, 1, 66, 128
-0.999252, 1, 273, 500, 333
-0.999252, 395, 161, 410, 288
-0.999254, 221, 97, 236, 224
-0.99927, 247, 1, 262, 128
-0.999276, 463, 161, 478, 288
-0.999277, 419, 97, 434, 224
-0.999281, 377, 73, 408, 88
-0.999282, 431, 145, 446, 272
-0.999282, 425, 167, 456, 182
-0.999289, 237, 65, 252, 192
-0.999311, 325, 209, 340, 333
-0.999312, 455, 129, 470, 256
-0.999312, 111, 49, 126, 176
-0.999319, 99, 33, 114, 160
-0.999324, 177, 149, 208, 164
-0.999325, 383, 209, 398, 333
-0.999325, 183, 209, 198, 333
-0.999335, 443, 145, 458, 272
-0.999341, 341, 209, 356, 333
-0.999343, 291, 1, 306, 128
-0.99935, 175, 113, 190, 240
-0.99936, 321, 1, 336, 128
-0.999365, 269, 1, 284, 128
-0.999366, 197, 113, 212, 240
-0.999369, 131, 65, 146, 192
-0.999383, 367, 177, 382, 304
-0.999385, 9, 1, 24, 128
-0.999389, 189, 33, 204, 160
-0.999393, 481, 161, 496, 288
-0.999394, 281, 231, 312, 246
-0.999395, 361, 129, 376, 256
-0.999398, 123, 65, 138, 192
-0.9994, 183, 81, 198, 208
-0.999402, 251, 49, 266, 176
-0.999407, 159, 1, 174, 128
-0.999416, 471, 161, 486, 288
-0.999418, 163, 193, 178, 320
-0.999426, 309, 177, 324, 304
-0.999437, 417, 69, 448, 84
-0.999442, 421, 53, 452, 68
-0.999453, 449, 81, 464, 208
-0.999457, 137, 177, 152, 304
-0.999462, 137, 65, 152, 192
-0.999522, 429, 159, 460, 174
-0.999581, 301, 237, 332, 252
-0.999607, 373, 173, 404, 188
-0.999625, 249, 93, 280, 108
-0.999644, 441, 53, 472, 68
-0.999667, 307, 37, 322, 52
-0.999667, 109, 53, 124, 68
-0.999667, 387, 179, 402, 194
-0.999667, 179, 57, 194, 72
-0.999667, 431, 107, 446, 122
-0.999669, 9, 17, 24, 32
-0.999669, 287, 251, 302, 266
-0.999669, 373, 175, 388, 190
-0.99967, 277, 251, 292, 266
-0.99967, 333, 277, 348, 292
-0.999671, 423, 217, 438, 232
-0.999671, 189, 89, 204, 104
-0.999671, 39, 65, 54, 80
-0.999672, 51, 135, 66, 150
-0.999673, 333, 265, 348, 280
-0.999673, 173, 239, 188, 254
-0.999674, 203, 163, 218, 178
-0.999675, 179, 65, 194, 80
-0.999676, 7, 57, 22, 72
-0.999676, 33, 57, 48, 72
-0.999677, 199, 95, 214, 110
-0.999677, 419, 53, 434, 68
-0.999677, 375, 55, 390, 70
-0.999679, 275, 283, 290, 298
-0.999679, 369, 133, 384, 148
-0.999679, 333, 299, 348, 314
-0.999679, 65, 55, 80, 70
-0.999679, 163, 61, 178, 76
-0.99968, 213, 193, 228, 208
-0.999682, 111, 63, 126, 78
-0.999682, 415, 219, 430, 234
-0.999682, 341, 271, 356, 286
-0.999683, 257, 93, 272, 108
-0.999683, 443, 53, 458, 68
-0.999685, 263, 243, 278, 258
-0.999686, 45, 65, 60, 80
-0.999686, 195, 55, 210, 70
-0.999687, 269, 237, 284, 252
-0.999687, 173, 73, 188, 88
-0.999688, 293, 259, 308, 274
-0.999689, 195, 149, 210, 164
-0.999689, 433, 19, 448, 34
-0.999689, 455, 51, 470, 66
-0.99969, 29, 129, 44, 144
-0.99969, 37, 127, 52, 142
-0.99969, 273, 311, 288, 326
-0.999691, 289, 313, 304, 328
-0.999692, 409, 221, 424, 236
-0.999692, 39, 119, 54, 134
-0.999693, 199, 89, 214, 104
-0.999693, 171, 67, 186, 82
-0.999693, 405, 103, 420, 118
-0.999694, 193, 75, 208, 90
-0.999694, 295, 315, 310, 330
-0.999695, 383, 53, 398, 68
-0.999695, 199, 177, 214, 192
-0.999696, 73, 55, 88, 70
-0.999696, 193, 65, 208, 80
-0.999698, 425, 109, 440, 124
-0.999698, 293, 267, 308, 282
-0.999699, 395, 215, 410, 230
-0.999699, 389, 173, 404, 188
-0.999699, 333, 283, 348, 298
-0.9997, 309, 167, 324, 182
-0.9997, 123, 53, 138, 68
-0.9997, 55, 65, 70, 80
-0.999701, 429, 69, 444, 84
-0.999702, 439, 167, 454, 182
-0.999702, 285, 261, 300, 276
-0.999702, 207, 205, 222, 220
-0.999703, 277, 271, 292, 286
-0.999703, 283, 307, 298, 322
-0.999703, 203, 169, 218, 184
-0.999703, 277, 233, 292, 248
-0.999704, 201, 55, 216, 70
-0.999704, 425, 53, 440, 68
-0.999705, 383, 67, 398, 82
-0.999705, 1, 61, 16, 76
-0.999705, 277, 257, 292, 272
-0.999707, 303, 169, 318, 184
-0.999707, 273, 265, 288, 280
-0.999709, 413, 115, 428, 130
-0.99971, 169, 93, 184, 108
-0.99971, 283, 267, 298, 282
-0.99971, 301, 233, 316, 248
-0.99971, 409, 109, 424, 124
-0.999711, 265, 289, 280, 304
-0.999711, 403, 115, 418, 130
-0.999712, 193, 99, 208, 114
-0.999713, 395, 107, 410, 122
-0.999713, 171, 61, 186, 76
-0.999713, 199, 155, 214, 170
-0.999715, 283, 273, 298, 288
-0.999717, 343, 277, 358, 292
-0.999717, 441, 175, 456, 190
-0.999718, 189, 149, 204, 164
-0.999718, 209, 187, 224, 202
-0.999719, 417, 67, 432, 82
-0.99972, 275, 299, 290, 314
-0.999721, 435, 53, 450, 68
-0.999722, 269, 297, 284, 312
-0.999723, 203, 69, 218, 84
-0.999723, 449, 53, 464, 68
-0.999724, 209, 211, 224, 226
-0.999724, 41, 133, 56, 148
-0.999724, 209, 177, 224, 192
-0.999726, 467, 55, 482, 70
-0.999728, 391, 93, 406, 108
-0.999728, 447, 299, 462, 314
-0.999729, 401, 95, 416, 110
-0.999733, 319, 241, 334, 256
-0.999733, 381, 91, 396, 106
-0.999737, 251, 95, 266, 110
-0.999737, 277, 305, 292, 320
-0.999737, 445, 167, 460, 182
-0.999738, 335, 259, 350, 274
-0.999738, 209, 171, 224, 186
-0.99974, 331, 253, 346, 268
-0.999741, 193, 81, 208, 96
-0.999741, 381, 59, 396, 74
-0.999742, 433, 169, 448, 184
-0.999748, 435, 161, 450, 176
-0.999754, 379, 173, 394, 188
-0.999758, 433, 117, 448, 132
-0.999763, 43, 127, 58, 142
-0.999765, 99, 185, 114, 200
-0.999766, 429, 163, 444, 178
-0.99977, 311, 237, 326, 252
-0.999788, 441, 159, 456, 174
-0.999802, 325, 247, 340, 262
-0.999927, 33, 135, 64, 150
-1.00076, 33, 257, 160, 320
