1912
-0.384148, 1, 129, 333, 384
-0.4189, 1, 257, 333, 500
-0.42186, 1, 1, 333, 500
-0.465364, 1, 1, 333, 256
-0.546964, 1, 1, 256, 500
-0.590829, 1, 97, 256, 352
-0.592361, 1, 257, 256, 500
-0.61466, 1, 1, 256, 256
-0.837802, 97, 97, 224, 352
-0.838626, 33, 97, 160, 352
-0.852771, 17, 193, 144, 448
-0.853213, 33, 1, 160, 500
-0.860198, 97, 1, 224, 256
-0.860778, 97, 257, 224, 500
-0.863894, 49, 1, 176, 256
-0.879396, 1, 273, 333, 400
-0.889007, 81, 1, 208, 500
-0.889127, 161, 1, 288, 256
-0.894927, 1, 161, 333, 288
-0.896075, 145, 161, 272, 416
-0.901028, 145, 257, 272, 500
-0.90178, 1, 113, 333, 240
-0.904637, 161, 1, 288, 500
-0.90844, 1, 321, 333, 448
-0.910396, 1, 369, 333, 496
-0.910433, 1, 113, 256, 240
-0.913011, 1, 1, 333, 128
-0.918677, 81, 337, 208, 464
-0.919913, 1, 209, 333, 336
-0.921865, 1, 1, 128, 256
-0.923718, 33, 161, 288, 288
-0.924035, 17, 129, 144, 256
-0.925045, 1, 273, 256, 400
-0.926097, 113, 129, 240, 256
-0.926634, 1, 65, 333, 192
-0.931911, 145, 97, 208, 224
-0.933044, 161, 369, 288, 496
-0.93429, 169, 129, 232, 256
-0.934515, 33, 257, 160, 384
-0.93571, 129, 145, 192, 272
-0.936089, 65, 145, 192, 272
-0.936392, 65, 321, 320, 448
-0.936501, 1, 369, 256, 496
-0.936722, 81, 129, 144, 256
-0.937608, 105, 161, 168, 288
-0.937816, 49, 209, 176, 336
-0.938834, 145, 353, 208, 480
-0.939107, 25, 129, 88, 256
-0.940329, 49, 129, 112, 256
-0.941086, 81, 81, 208, 208
-0.941354, 97, 337, 160, 464
-0.942123, 1, 1, 256, 128
-0.943041, 1, 129, 64, 256
-0.943626, 105, 49, 168, 176
-0.943669, 145, 369, 208, 432
-0.94405, 113, 1, 240, 128
-0.944319, 1, 225, 256, 352
-0.945437, 17, 305, 144, 432
-0.945784, 81, 289, 208, 416
-0.946308, 169, 153, 232, 216
-0.947876, 129, 129, 192, 192
-0.948358, 137, 289, 200, 416
-0.948471, 169, 81, 232, 208
-0.948989, 1, 65, 256, 192
-0.949156, 65, 177, 128, 304
-0.949264, 225, 305, 288, 432
-0.949436, 153, 121, 216, 184
-0.9498, 105, 113, 168, 240
-0.951657, 1, 177, 128, 304
-0.951985, 9, 177, 72, 304
-0.952305, 41, 193, 104, 320
-0.952585, 161, 321, 288, 448
-0.952678, 129, 273, 256, 400
-0.952865, 81, 129, 144, 192
-0.95339, 113, 1, 176, 128
-0.953734, 33, 129, 96, 192
-0.953861, 185, 353, 248, 480
-0.954464, 97, 369, 160, 432
-0.954939, 161, 97, 288, 224
-0.955175, 41, 257, 104, 384
-0.955202, 137, 169, 200, 232
-0.956035, 153, 393, 216, 456
-0.956196, 65, 257, 128, 384
-0.956208, 209, 257, 333, 500
-0.956974, 1, 353, 128, 480
-0.95706, 33, 1, 160, 128
-0.957258, 81, 65, 144, 192
-0.957272, 97, 65, 160, 128
-0.95739, 1, 169, 64, 232
-0.95745, 145, 1, 208, 128
-0.957518, 33, 65, 160, 192
-0.957692, 113, 169, 176, 232
-0.958059, 105, 257, 168, 384
-0.958074, 209, 1, 333, 256
-0.958185, 169, 97, 232, 160
-0.958349, 177, 177, 240, 240
-0.958748, 185, 385, 248, 448
-0.95887, 105, 145, 168, 208
-0.958921, 129, 337, 192, 400
-0.959202, 209, 97, 333, 352
-0.959405, 161, 1, 288, 128
-0.959567, 129, 49, 192, 176
-0.959973, 113, 129, 240, 192
-0.960179, 1, 145, 64, 208
-0.960492, 73, 1, 136, 128
-0.961433, 17, 137, 144, 200
-0.961516, 201, 1, 264, 128
-0.961711, 89, 185, 152, 248
-0.961733, 9, 257, 72, 384
-0.962067, 81, 385, 208, 448
-0.962531, 121, 73, 184, 136
-0.962716, 129, 193, 192, 320
-0.962968, 129, 105, 192, 168
-0.963239, 49, 193, 112, 256
-0.963463, 49, 273, 112, 336
-0.963465, 193, 129, 256, 256
-0.963735, 129, 177, 256, 304
-0.963794, 209, 353, 333, 480
-0.963935, 121, 369, 184, 496
-0.964215, 65, 401, 128, 464
-0.964243, 185, 361, 248, 424
-0.964415, 177, 129, 240, 192
-0.964669, 81, 345, 208, 408
-0.96486, 185, 177, 248, 304
-0.964987, 185, 305, 248, 432
-0.965028, 169, 353, 200, 480
-0.965035, 105, 265, 168, 328
-0.965161, 49, 153, 112, 216
-0.965409, 209, 1, 333, 500
-0.965572, 113, 409, 176, 472
-0.965953, 73, 369, 136, 496
-0.965963, 25, 153, 88, 216
-0.966604, 177, 1, 240, 128
-0.966761, 105, 209, 168, 336
-0.96686, 193, 129, 224, 256
-0.96699, 241, 369, 304, 496
-0.967083, 233, 305, 296, 368
-0.967252, 105, 345, 168, 408
-0.967447, 133, 145, 164, 272
-0.96771, 85, 129, 116, 256
-0.967978, 129, 153, 256, 216
-0.968076, 57, 129, 120, 192
-0.968164, 129, 1, 192, 256
-0.968397, 129, 241, 192, 304
-0.968399, 25, 185, 88, 248
-0.968422, 33, 129, 64, 256
-0.968429, 145, 241, 208, 368
-0.968651, 105, 129, 136, 256
-0.968819, 165, 97, 196, 224
-0.968948, 209, 353, 272, 480
-0.969024, 153, 129, 184, 256
-0.969174, 33, 97, 96, 352
-0.969261, 105, 121, 168, 184
-0.969539, 177, 97, 208, 224
-0.969578, 129, 433, 192, 496
-0.969626, 169, 1, 232, 256
-0.969718, 49, 81, 112, 208
-0.969761, 225, 329, 288, 392
-0.969822, 97, 105, 224, 168
-0.970001, 25, 337, 88, 464
-0.970107, 161, 417, 224, 480
-0.970213, 41, 249, 104, 312
-0.970251, 137, 313, 200, 376
-0.970599, 137, 257, 200, 500
-0.970609, 137, 193, 200, 256
-0.970614, 65, 129, 192, 192
-0.970708, 49, 1, 112, 128
-0.970708, 153, 177, 216, 304
-0.970768, 121, 129, 152, 256
-0.970899, 57, 97, 120, 352
-0.970993, 97, 257, 160, 500
-0.971007, 201, 417, 264, 480
-0.971091, 1, 281, 128, 344
-0.971335, 153, 97, 216, 352
-0.971492, 129, 385, 256, 448
-0.971558, 53, 129, 84, 256
-0.971728, 97, 129, 160, 384
-0.971797, 89, 305, 152, 368
-0.972317, 129, 321, 160, 448
-0.972357, 33, 393, 96, 456
-0.972378, 65, 257, 192, 320
-0.972478, 25, 273, 88, 336
-0.97255, 1, 289, 64, 352
-0.972603, 73, 305, 136, 432
-0.97271, 33, 217, 96, 280
-0.972781, 169, 353, 200, 416
-0.97292, 169, 9, 232, 72
-0.97315, 145, 177, 176, 304
-0.973525, 161, 417, 288, 480
-0.973564, 157, 129, 188, 192
-0.973592, 49, 193, 112, 448
-0.973681, 9, 129, 72, 384
-0.973697, 129, 225, 256, 352
-0.973786, 125, 137, 156, 200
-0.973891, 177, 145, 304, 272
-0.973924, 17, 329, 144, 392
-0.974019, 85, 177, 116, 304
-0.97425, 169, 97, 200, 160
-0.974278, 233, 305, 264, 432
-0.974284, 9, 121, 72, 184
-0.974427, 209, 393, 272, 456
-0.974467, 81, 153, 144, 216
-0.974539, 109, 177, 140, 304
-0.974644, 125, 1, 156, 128
-0.974664, 1, 81, 64, 208
-0.974674, 97, 1, 160, 256
-0.974725, 185, 337, 248, 400
-0.975088, 209, 305, 333, 432
-0.9751, 105, 241, 168, 304
-0.975223, 137, 65, 168, 192
-0.975306, 49, 193, 80, 320
-0.97534, 21, 129, 52, 256
-0.97535, 97, 177, 128, 304
-0.975438, 65, 145, 96, 272
-0.975506, 1, 369, 64, 496
-0.97553, 129, 97, 192, 352
-0.975779, 165, 161, 196, 224
-0.975791, 193, 153, 256, 216
-0.975927, 81, 73, 208, 136
-0.975974, 57, 1, 120, 256
-0.976149, 73, 257, 136, 320
-0.976161, 81, 321, 208, 384
-0.976279, 33, 305, 160, 368
-0.976279, 101, 65, 132, 192
-0.976296, 173, 145, 204, 272
-0.976496, 145, 1, 208, 64
-0.976664, 109, 321, 140, 448
-0.976687, 157, 177, 188, 304
-0.976813, 25, 81, 88, 208
-0.976822, 193, 81, 224, 208
-0.976863, 65, 297, 128, 360
-0.976873, 193, 81, 256, 208
-0.97691, 49, 281, 176, 344
-0.976921, 97, 89, 160, 152
-0.976964, 113, 129, 144, 192
-0.977203, 181, 145, 212, 208
-0.977247, 193, 9, 256, 72
-0.977282, 29, 161, 60, 224
-0.977317, 81, 153, 208, 216
-0.977422, 177, 97, 240, 352
-0.977423, 197, 145, 228, 208
-0.977459, 149, 153, 180, 216
-0.977479, 33, 193, 160, 256
-0.97749, 81, 409, 208, 472
-0.97751, 137, 121, 168, 184
-0.977515, 157, 185, 188, 248
-0.977711, 137, 169, 168, 232
-0.977712, 41, 129, 72, 192
-0.977888, 181, 369, 212, 496
-0.977993, 225, 353, 288, 416
-0.977998, 125, 369, 156, 496
-0.978033, 105, 65, 136, 128
-0.978034, 1, 193, 64, 256
-0.978142, 49, 353, 112, 480
-0.97818, 25, 257, 88, 500
-0.97821, 113, 49, 144, 176
-0.978321, 193, 1, 256, 256
-0.978341, 65, 233, 128, 296
-0.978383, 161, 433, 192, 496
-0.978445, 89, 209, 152, 272
-0.978484, 73, 193, 136, 448
-0.978518, 161, 345, 224, 408
-0.978526, 5, 129, 36, 256
-0.978533, 129, 49, 256, 176
-0.978547, 17, 137, 48, 200
-0.978554, 153, 281, 216, 344
-0.978576, 129, 297, 256, 360
-0.978638, 1, 265, 64, 328
-0.97866, 161, 353, 288, 416
-0.97867, 109, 169, 140, 232
-0.978678, 169, 137, 200, 200
-0.978682, 241, 377, 304, 440
-0.978696, 29, 137, 60, 200
-0.978815, 249, 273, 312, 400
-0.978865, 193, 121, 224, 184
-0.978866, 117, 65, 148, 128
-0.978891, 65, 433, 192, 496
-0.978902, 157, 105, 188, 168
-0.97898, 101, 129, 132, 192
-0.978989, 1, 145, 32, 208
-0.979022, 113, 193, 176, 256
-0.979063, 1, 401, 128, 464
-0.979067, 225, 1, 288, 128
-0.979123, 73, 65, 136, 128
-0.97924, 33, 161, 160, 224
-0.979243, 121, 177, 152, 304
-0.979268, 33, 417, 96, 480
-0.979283, 33, 377, 160, 440
-0.979294, 193, 105, 256, 168
-0.97936, 81, 337, 144, 400
-0.979368, 177, 393, 208, 456
-0.979388, 37, 177, 68, 304
-0.97943, 97, 177, 224, 240
-0.979459, 9, 225, 72, 288
-0.979468, 53, 129, 84, 192
-0.979488, 161, 113, 288, 176
-0.97956, 1, 305, 64, 432
-0.979566, 197, 169, 228, 232
-0.979589, 129, 49, 192, 112
-0.979657, 145, 289, 176, 416
-0.979698, 217, 9, 280, 72
-0.979761, 89, 9, 152, 72
-0.979782, 49, 193, 80, 256
-0.97981, 109, 1, 140, 128
-0.979828, 97, 353, 128, 480
-0.979856, 33, 73, 160, 136
-0.979887, 65, 233, 192, 296
-0.979978, 57, 425, 120, 488
-0.979995, 17, 257, 144, 320
-0.980046, 201, 129, 264, 192
-0.980057, 85, 193, 116, 256
-0.980133, 9, 393, 72, 456
-0.98017, 61, 193, 92, 320
-0.9802, 205, 1, 236, 128
-0.980246, 65, 377, 128, 440
-0.980253, 181, 169, 212, 232
-0.980394, 109, 257, 140, 384
-0.980466, 121, 1, 184, 64
-0.980494, 97, 193, 128, 256
-0.980514, 133, 65, 164, 128
-0.980585, 129, 321, 256, 384
-0.980705, 181, 425, 212, 488
-0.980862, 17, 113, 144, 176
-0.980874, 113, 289, 176, 352
-0.980882, 33, 257, 64, 384
-0.980929, 81, 1, 112, 128
-0.981072, 133, 193, 164, 320
-0.981106, 129, 265, 192, 328
-0.981157, 129, 1, 256, 64
-0.981249, 17, 337, 80, 400
-0.981258, 225, 433, 288, 496
-0.981335, 89, 257, 120, 384
-0.981345, 85, 129, 116, 192
-0.98142, 65, 105, 128, 168
-0.981663, 157, 353, 188, 480
-0.981691, 121, 161, 152, 224
-0.981701, 137, 241, 168, 304
-0.981712, 49, 241, 80, 368
-0.981736, 149, 81, 180, 208
-0.981745, 141, 409, 172, 472
-0.981748, 109, 361, 140, 424
-0.981748, 17, 353, 144, 416
-0.981752, 109, 337, 140, 400
-0.981779, 137, 145, 168, 208
-0.981799, 93, 1, 124, 128
-0.981855, 1, 257, 64, 500
-0.981868, 181, 105, 212, 168
-0.981971, 153, 1, 184, 128
-0.981998, 69, 145, 100, 208
-0.98204, 157, 257, 188, 384
-0.982161, 237, 305, 268, 368
-0.982214, 89, 289, 120, 352
-0.98224, 217, 113, 280, 240
-0.982244, 185, 1, 216, 128
-0.982418, 205, 145, 236, 272
-0.982492, 93, 65, 124, 128
-0.982494, 5, 185, 36, 248
-0.982528, 21, 177, 52, 304
-0.982538, 73, 193, 104, 320
-0.98272, 69, 401, 100, 464
-0.982721, 41, 257, 72, 320
-0.982731, 121, 369, 184, 432
-0.982775, 89, 393, 152, 456
-0.982786, 181, 81, 212, 144
-0.982794, 129, 385, 160, 448
-0.982816, 17, 169, 48, 232
-0.982821, 169, 157, 232, 188
-0.982896, 145, 97, 176, 160
-0.982919, 181, 369, 212, 432
-0.982969, 57, 1, 120, 500
-0.982991, 145, 273, 272, 336
-0.983067, 97, 265, 128, 328
-0.983161, 129, 217, 192, 280
-0.983164, 225, 257, 288, 500
-0.983259, 25, 1, 88, 500
-0.983301, 161, 257, 224, 320
-0.983347, 113, 313, 176, 376
-0.983395, 153, 137, 216, 168
-0.983489, 65, 121, 96, 184
-0.983527, 125, 81, 156, 208
-0.983546, 249, 273, 280, 400
-0.9836, 33, 105, 96, 168
-0.983641, 149, 73, 180, 136
-0.983662, 153, 169, 216, 200
-0.983662, 69, 193, 100, 256
-0.983739, 109, 193, 140, 256
-0.983746, 25, 137, 88, 168
-0.983827, 165, 377, 196, 440
-0.983844, 185, 257, 248, 500
-0.983873, 233, 409, 296, 472
-0.98389, 1, 33, 64, 288
-0.983933, 185, 9, 216, 72
-0.983948, 41, 153, 72, 216
-0.983962, 81, 1, 144, 500
-0.984074, 1, 1, 64, 500
-0.98408, 129, 137, 192, 168
-0.984173, 177, 377, 304, 440
-0.984205, 121, 89, 152, 152
-0.984223, 109, 241, 140, 304
-0.984236, 201, 185, 264, 248
-0.984358, 209, 161, 240, 224
-0.984398, 137, 1, 168, 128
-0.984417, 197, 97, 228, 160
-0.984466, 137, 265, 168, 328
-0.984471, 177, 177, 240, 208
-0.984479, 229, 425, 260, 488
-0.984537, 65, 1, 128, 64
-0.984619, 149, 233, 180, 296
-0.984638, 25, 1, 88, 128
-0.98464, 33, 185, 64, 248
-0.984641, 49, 305, 112, 432
-0.984659, 89, 233, 120, 296
-0.984703, 113, 181, 176, 212
-0.984752, 33, 1, 96, 256
-0.984756, 53, 273, 84, 336
-0.984777, 169, 185, 200, 248
-0.984783, 29, 265, 60, 328
-0.984792, 197, 9, 228, 72
-0.984795, 253, 289, 284, 352
-0.984825, 129, 345, 160, 408
-0.98483, 17, 369, 80, 432
-0.98489, 89, 393, 120, 456
-0.984906, 89, 65, 120, 192
-0.984909, 169, 225, 232, 352
-0.984926, 53, 153, 84, 216
-0.984939, 109, 265, 140, 328
-0.984952, 57, 353, 120, 416
-0.98498, 89, 137, 152, 168
-0.985023, 5, 289, 36, 416
-0.985047, 121, 149, 184, 180
-0.985072, 81, 1, 208, 64
-0.985169, 145, 397, 208, 428
-0.985175, 77, 273, 108, 336
-0.985192, 121, 241, 152, 304
-0.985197, 257, 273, 320, 336
-0.985199, 177, 1, 304, 64
-0.985286, 81, 169, 112, 232
-0.985295, 9, 305, 40, 368
-0.985306, 177, 137, 304, 200
-0.985314, 113, 41, 144, 104
-0.985324, 193, 401, 224, 464
-0.985344, 229, 345, 260, 408
-0.985348, 153, 273, 184, 336
-0.985476, 113, 313, 144, 376
-0.985512, 229, 401, 260, 464
-0.985529, 161, 101, 224, 132
-0.985535, 97, 73, 160, 104
-0.985576, 249, 369, 280, 496
-0.985668, 221, 1, 252, 64
-0.985669, 53, 249, 84, 312
-0.985681, 121, 225, 152, 352
-0.985701, 93, 313, 124, 376
-0.985711, 165, 249, 196, 312
-0.985741, 125, 113, 156, 176
-0.985841, 141, 1, 172, 64
-0.985915, 109, 105, 140, 168
-0.985943, 53, 393, 84, 456
-0.985995, 229, 369, 260, 432
-0.986022, 185, 397, 248, 428
-0.986039, 105, 433, 136, 496
-0.98608, 173, 1, 204, 128
-0.986087, 113, 433, 240, 496
-0.986106, 153, 125, 216, 156
-0.986197, 97, 89, 128, 152
-0.986281, 49, 277, 112, 308
-0.986281, 209, 1, 333, 128
-0.986302, 145, 297, 176, 360
-0.986325, 153, 369, 184, 432
-0.986343, 97, 41, 160, 104
-0.986351, 145, 381, 208, 412
-0.986357, 225, 1, 256, 128
-0.986373, 145, 149, 208, 180
-0.986391, 233, 1, 264, 64
-0.986441, 209, 9, 240, 72
-0.986472, 161, 409, 224, 440
-0.986502, 173, 1, 204, 64
-0.98651, 97, 369, 128, 432
-0.986531, 177, 193, 304, 320
-0.986534, 217, 1, 280, 256
-0.986534, 97, 161, 128, 224
-0.986535, 153, 1, 184, 64
-0.986587, 133, 193, 164, 256
-0.986634, 201, 129, 264, 384
-0.986665, 77, 249, 108, 312
-0.986706, 105, 433, 168, 496
-0.986766, 153, 233, 216, 296
-0.986773, 249, 377, 280, 440
-0.986796, 97, 305, 128, 432
-0.986862, 29, 329, 60, 392
-0.986871, 129, 165, 192, 196
-0.986872, 121, 125, 184, 156
-0.986939, 1, 169, 64, 200
-0.986952, 69, 97, 100, 224
-0.986974, 89, 193, 152, 224
-0.986981, 153, 1, 216, 500
-0.986989, 121, 1, 152, 64
-0.987025, 145, 89, 272, 152
-0.987037, 9, 185, 72, 216
-0.987094, 125, 265, 156, 328
-0.987106, 169, 73, 232, 136
-0.987124, 177, 49, 304, 176
-0.987137, 65, 137, 128, 168
-0.987146, 77, 257, 108, 384
-0.987216, 129, 113, 192, 144
-0.987242, 145, 193, 176, 256
-0.987309, 137, 41, 168, 104
-0.987315, 101, 217, 132, 280
-0.987337, 105, 169, 168, 200
-0.987357, 97, 9, 128, 72
-0.987369, 257, 321, 320, 448
-0.987371, 85, 369, 116, 496
-0.987375, 185, 409, 248, 440
-0.987375, 205, 121, 236, 184
-0.987378, 181, 193, 212, 256
-0.987401, 69, 425, 100, 488
-0.987414, 1, 153, 256, 216
-0.987425, 97, 389, 160, 420
-0.987445, 217, 153, 280, 216
-0.987482, 129, 361, 192, 392
-0.987491, 49, 201, 112, 232
-0.987514, 185, 385, 248, 416
-0.987517, 137, 369, 168, 496
-0.98758, 121, 193, 152, 256
-0.98758, 165, 401, 196, 464
-0.987664, 145, 81, 208, 144
-0.987668, 209, 97, 333, 224
-0.987675, 65, 249, 96, 312
-0.987681, 65, 41, 128, 104
-0.987771, 137, 321, 168, 384
-0.987831, 241, 1, 304, 64
-0.987836, 29, 289, 60, 352
-0.987935, 161, 201, 224, 264
-0.987984, 149, 433, 180, 496
-0.988048, 53, 417, 84, 480
-0.988057, 137, 217, 168, 280
-0.988067, 1, 97, 64, 160
-0.98816, 173, 49, 204, 176
-0.988164, 137, 189, 200, 220
-0.988181, 69, 1, 100, 128
-0.988208, 225, 257, 288, 384
-0.988247, 1, 129, 256, 192
-0.988376, 177, 313, 304, 376
-0.988388, 1, 393, 256, 456
-0.988437, 57, 321, 120, 384
-0.988512, 1, 157, 64, 188
-0.988548, 161, 113, 224, 144
-0.98862, 177, 161, 304, 224
-0.988626, 1, 141, 64, 172
-0.988667, 17, 433, 144, 496
-0.988711, 29, 337, 60, 464
-0.988712, 233, 281, 296, 344
-0.988791, 89, 377, 152, 408
-0.988817, 25, 157, 88, 188
-0.988826, 229, 353, 260, 480
-0.988886, 161, 421, 224, 452
-0.988966, 9, 417, 72, 480
-0.988969, 201, 425, 264, 456
-0.988996, 105, 321, 168, 352
-0.988998, 25, 297, 88, 360
-0.98901, 129, 85, 192, 116
-0.989015, 1, 81, 32, 208
-0.989017, 121, 273, 152, 400
-0.989018, 193, 1, 256, 500
-0.989029, 129, 349, 192, 380
-0.989106, 185, 361, 248, 392
-0.989125, 41, 1, 104, 64
-0.989212, 137, 461, 200, 492
-0.989286, 81, 149, 144, 180
-0.989311, 161, 193, 224, 448
-0.989373, 177, 145, 240, 176
-0.989386, 1, 313, 64, 376
-0.9894, 161, 369, 224, 400
-0.989439, 249, 353, 312, 416
-0.98951, 1, 217, 128, 280
-0.989523, 113, 1, 176, 500
-0.989536, 105, 61, 168, 92
-0.989547, 1, 177, 32, 304
-0.989584, 113, 421, 176, 452
-0.989672, 161, 437, 224, 468
-0.989673, 89, 357, 152, 388
-0.989725, 133, 273, 164, 400
-0.989774, 185, 313, 248, 376
-0.989949, 249, 257, 312, 500
-0.98997, 129, 101, 192, 132
-0.989972, 97, 125, 160, 156
-0.989973, 97, 345, 160, 376
-0.990001, 105, 85, 168, 116
-0.99008, 33, 1, 160, 64
-0.990086, 1, 425, 256, 488
-0.990102, 161, 189, 224, 220
-0.990142, 113, 233, 240, 296
-0.99019, 33, 81, 64, 208
-0.990233, 169, 209, 200, 336
-0.990237, 113, 193, 176, 224
-0.990243, 161, 49, 192, 176
-0.990321, 1, 305, 64, 336
-0.99034, 193, 165, 256, 196
-0.990342, 57, 149, 120, 180
-0.990348, 185, 373, 248, 404
-0.990381, 25, 273, 88, 304
-0.990399, 105, 333, 168, 364
-0.990418, 121, 373, 184, 404
-0.990433, 17, 49, 144, 112
-0.990438, 97, 49, 224, 112
-0.990507, 233, 313, 296, 344
-0.990597, 209, 353, 240, 480
-0.990604, 209, 97, 240, 224
-0.990664, 49, 185, 112, 216
-0.990705, 81, 201, 208, 264
-0.990905, 1, 65, 64, 128
-0.990926, 161, 13, 224, 44
-0.990934, 237, 1, 268, 128
-0.990945, 273, 273, 333, 400
-0.990955, 65, 213, 128, 244
-0.990964, 121, 269, 184, 300
-0.99099, 225, 385, 288, 416
-0.990992, 1, 1, 64, 128
-0.991, 113, 301, 176, 332
-0.991001, 121, 73, 184, 104
-0.991006, 1, 321, 256, 384
-0.991073, 177, 133, 240, 164
-0.991093, 265, 225, 328, 352
-0.991113, 257, 297, 320, 360
-0.991134, 145, 225, 176, 352
-0.99123, 81, 393, 208, 424
-0.991315, 157, 133, 188, 164
-0.991327, 113, 149, 240, 180
-0.991327, 33, 137, 160, 168
-0.991344, 129, 437, 192, 468
-0.991353, 97, 137, 224, 168
-0.991387, 169, 361, 200, 392
-0.991416, 105, 401, 168, 432
-0.991418, 1, 177, 256, 240
-0.991441, 89, 181, 152, 212
-0.991456, 193, 117, 256, 148
-0.991476, 193, 177, 224, 304
-0.991522, 169, 105, 200, 136
-0.991543, 233, 325, 296, 356
-0.991557, 129, 333, 192, 364
-0.991602, 81, 161, 144, 192
-0.991615, 225, 349, 288, 380
-0.991659, 161, 165, 192, 196
-0.991673, 201, 437, 264, 468
-0.991707, 57, 1, 88, 128
-0.991728, 121, 161, 152, 192
-0.991762, 173, 153, 204, 184
-0.991768, 157, 193, 188, 224
-0.991776, 125, 149, 156, 180
-0.991818, 133, 173, 164, 204
-0.991823, 1, 273, 333, 336
-0.991836, 137, 137, 168, 168
-0.991846, 129, 241, 192, 272
-0.991865, 185, 13, 248, 44
-0.991947, 61, 257, 92, 384
-0.991947, 117, 73, 148, 104
-0.991952, 53, 137, 84, 168
-0.991964, 65, 409, 128, 440
-0.991969, 17, 197, 80, 228
-0.991971, 137, 185, 168, 216
-0.99198, 177, 93, 208, 124
-0.992002, 217, 365, 280, 396
-0.992011, 209, 353, 333, 416
-0.992012, 29, 141, 60, 172
-0.992034, 145, 173, 176, 204
-0.992061, 209, 193, 272, 320
-0.992064, 193, 73, 256, 136
-0.992094, 209, 397, 272, 428
-0.992139, 65, 125, 128, 156
-0.992156, 117, 129, 148, 160
-0.992159, 197, 153, 228, 184
-0.992159, 29, 157, 60, 188
-0.992168, 105, 69, 136, 100
-0.99217, 137, 449, 200, 480
-0.992189, 9, 293, 72, 324
-0.992191, 159, 129, 174, 192
-0.992197, 85, 137, 116, 168
-0.992198, 17, 145, 48, 176
-0.992201, 149, 101, 180, 132
-0.992227, 49, 81, 80, 208
-0.992253, 85, 197, 116, 228
-0.992332, 29, 181, 60, 212
-0.992332, 89, 205, 152, 236
-0.992339, 171, 97, 186, 160
-0.992352, 1, 129, 333, 192
-0.992369, 109, 185, 140, 216
-0.992429, 249, 301, 312, 332
-0.992456, 157, 453, 188, 484
-0.992457, 169, 137, 200, 168
-0.992475, 49, 289, 112, 320
-0.992478, 33, 297, 288, 360
-0.992481, 153, 145, 184, 176
-0.992502, 185, 137, 216, 168
-0.992529, 197, 173, 228, 204
-0.992529, 177, 397, 208, 428
-0.992553, 145, 161, 176, 192
-0.99256, 105, 365, 136, 396
-0.992574, 101, 197, 132, 228
-0.99258, 137, 117, 168, 148
-0.992586, 129, 389, 256, 420
-0.992591, 17, 221, 80, 252
-0.992595, 181, 169, 212, 200
-0.992595, 113, 149, 144, 180
-0.992598, 101, 137, 132, 168
-0.992619, 41, 137, 72, 168
-0.992633, 17, 153, 144, 184
-0.99264, 121, 173, 152, 204
-0.992647, 145, 309, 208, 340
-0.992649, 49, 173, 112, 204
-0.992662, 225, 337, 288, 368
-0.992665, 73, 69, 136, 100
-0.992668, 165, 93, 196, 124
-0.992672, 185, 469, 248, 500
-0.99268, 13, 81, 44, 208
-0.99268, 225, 409, 288, 440
-0.992683, 125, 57, 156, 88
-0.992693, 193, 105, 224, 136
-0.992701, 161, 89, 224, 120
-0.992718, 89, 273, 152, 304
-0.992727, 113, 329, 144, 360
-0.992745, 9, 169, 40, 200
-0.992767, 181, 409, 212, 440
-0.992778, 185, 193, 248, 224
-0.992791, 157, 177, 188, 208
-0.992825, 165, 121, 180, 184
-0.992833, 73, 81, 136, 112
-0.992842, 37, 265, 68, 296
-0.992847, 73, 141, 104, 172
-0.992849, 129, 405, 256, 436
-0.992864, 1, 149, 32, 180
-0.992875, 121, 257, 184, 288
-0.99289, 169, 145, 184, 208
-0.992894, 17, 401, 80, 432
-0.992895, 129, 161, 256, 192
-0.992897, 217, 13, 280, 44
-0.992898, 169, 373, 200, 404
-0.992902, 137, 149, 168, 180
-0.992904, 57, 201, 88, 232
-0.992906, 177, 125, 208, 156
-0.992907, 197, 185, 228, 216
-0.99291, 1, 393, 333, 456
-0.992912, 133, 129, 148, 192
-0.992928, 209, 153, 224, 216
-0.992945, 21, 169, 52, 200
-0.992945, 125, 129, 140, 192
-0.992947, 179, 345, 194, 408
-0.992964, 209, 13, 240, 44
-0.992965, 53, 277, 84, 308
-0.992967, 109, 169, 140, 200
-0.992969, 93, 69, 124, 100
-0.992972, 17, 181, 48, 212
-0.992973, 137, 201, 200, 232
-0.992993, 133, 161, 164, 192
-0.992996, 17, 273, 48, 400
-0.992998, 121, 117, 152, 148
-0.993, 33, 261, 96, 292
-0.993002, 85, 285, 116, 316
-0.993025, 181, 385, 212, 416
-0.993038, 185, 101, 248, 132
-0.99305, 109, 349, 140, 380
-0.993058, 177, 457, 240, 488
-0.993061, 41, 405, 104, 436
-0.993066, 129, 69, 160, 100
-0.993076, 169, 177, 200, 208
-0.993079, 181, 433, 212, 464
-0.993114, 1, 273, 256, 336
-0.993125, 81, 353, 208, 384
-0.993128, 217, 145, 248, 272
-0.993161, 149, 161, 164, 224
-0.993165, 81, 333, 144, 364
-0.993187, 97, 105, 160, 136
-0.993205, 41, 125, 104, 156
-0.993205, 73, 317, 136, 348
-0.993206, 53, 369, 84, 496
-0.993217, 181, 13, 212, 44
-0.993225, 57, 225, 120, 256
-0.993227, 113, 125, 240, 156
-0.993236, 109, 65, 124, 128
-0.993244, 161, 185, 288, 248
-0.993246, 17, 157, 48, 188
-0.993248, 145, 73, 176, 104
-0.993252, 133, 85, 164, 116
-0.993256, 81, 381, 208, 412
-0.993269, 185, 349, 248, 380
-0.993286, 181, 105, 212, 136
-0.9933, 161, 465, 192, 496
-0.993314, 145, 73, 208, 104
-0.993316, 129, 397, 160, 428
-0.993334, 73, 277, 104, 308
-0.993338, 225, 425, 288, 456
-0.993342, 265, 321, 328, 384
-0.993347, 173, 353, 188, 416
-0.993354, 65, 153, 96, 184
-0.993357, 73, 305, 136, 336
-0.993365, 157, 121, 188, 152
-0.993365, 137, 425, 200, 456
-0.993377, 233, 429, 264, 460
-0.993394, 169, 189, 200, 220
-0.993403, 145, 425, 176, 456
-0.993406, 109, 57, 140, 88
-0.993428, 81, 409, 208, 440
-0.99343, 1, 129, 64, 160
-0.993438, 97, 289, 128, 320
-0.993443, 221, 13, 252, 44
-0.993446, 201, 177, 264, 208
-0.993448, 17, 1, 80, 64
-0.993448, 129, 197, 160, 228
-0.993452, 137, 409, 200, 440
-0.993453, 113, 197, 144, 228
-0.993475, 135, 65, 150, 128
-0.99348, 191, 385, 206, 448
-0.993485, 89, 209, 120, 240
-0.993486, 181, 445, 212, 476
-0.993491, 53, 149, 84, 180
-0.993494, 193, 289, 256, 352
-0.993502, 97, 301, 128, 332
-0.993502, 65, 437, 128, 468
-0.993505, 161, 441, 192, 472
-0.993508, 93, 321, 124, 352
-0.993511, 177, 169, 192, 232
-0.993513, 33, 277, 64, 308
-0.993524, 121, 185, 152, 216
-0.993524, 229, 405, 260, 436
-0.993531, 41, 193, 72, 224
-0.993534, 203, 145, 218, 208
-0.993542, 253, 301, 284, 332
-0.993546, 185, 149, 216, 180
-0.993553, 65, 353, 128, 384
-0.993556, 177, 421, 208, 452
-0.99356, 169, 433, 184, 496
-0.993567, 241, 1, 304, 256
-0.993568, 61, 409, 92, 440
-0.993573, 237, 313, 268, 344
-0.993576, 105, 245, 168, 276
-0.993577, 229, 457, 260, 488
-0.993583, 113, 289, 176, 320
-0.9936, 101, 153, 132, 184
-0.993622, 197, 121, 228, 152
-0.993622, 33, 333, 160, 364
-0.993623, 5, 189, 36, 220
-0.99364, 33, 241, 288, 304
-0.993641, 101, 209, 132, 240
-0.99365, 41, 321, 72, 448
-0.993654, 233, 13, 264, 44
-0.99366, 149, 309, 180, 340
-0.993667, 273, 257, 333, 500
-0.99367, 41, 157, 72, 188
-0.993675, 229, 389, 260, 420
-0.99368, 21, 225, 52, 352
-0.993683, 169, 385, 200, 416
-0.993688, 189, 421, 220, 452
-0.993692, 117, 85, 148, 116
-0.993698, 193, 13, 224, 44
-0.993707, 97, 185, 128, 216
-0.993707, 131, 345, 146, 408
-0.993726, 49, 261, 80, 292
-0.993726, 193, 425, 208, 488
-0.993728, 229, 441, 260, 472
-0.993762, 273, 345, 333, 408
-0.993772, 121, 385, 152, 416
-0.993779, 141, 329, 172, 360
-0.993791, 5, 305, 36, 336
-0.993794, 185, 181, 216, 212
-0.993795, 141, 269, 172, 300
-0.993798, 81, 409, 112, 440
-0.993801, 69, 125, 100, 156
-0.993801, 181, 305, 212, 432
-0.993801, 153, 245, 184, 276
-0.993804, 225, 469, 256, 500
-0.993805, 159, 161, 174, 224
-0.993806, 229, 417, 260, 448
-0.993826, 129, 357, 160, 388
-0.99387, 115, 129, 130, 192
-0.993884, 153, 137, 168, 200
-0.993893, 127, 65, 142, 128
-0.993903, 175, 145, 190, 208
-0.993914, 139, 129, 154, 192
-0.993928, 81, 433, 144, 496
-0.99393, 1, 345, 256, 408
-0.99399, 43, 129, 58, 192
-0.994002, 185, 145, 200, 208
-0.994032, 105, 193, 120, 256
-0.994049, 65, 269, 192, 300
-0.994068, 119, 65, 134, 128
-0.994073, 225, 129, 288, 384
-0.994078, 65, 149, 192, 180
-0.994104, 17, 321, 144, 352
-0.994109, 63, 129, 78, 192
-0.994131, 201, 241, 264, 368
-0.994191, 99, 193, 114, 256
-0.994217, 105, 289, 120, 352
-0.994242, 177, 225, 240, 288
-0.994245, 121, 161, 136, 224
-0.994285, 29, 137, 44, 200
-0.994286, 161, 425, 176, 488
-0.994368, 1, 177, 333, 240
-0.994381, 193, 113, 208, 176
-0.994385, 153, 409, 168, 472
-0.994427, 81, 421, 208, 452
-0.994432, 37, 137, 52, 200
-0.994495, 15, 145, 30, 208
-0.994531, 43, 153, 58, 216
-0.99454, 17, 353, 48, 480
-0.994541, 21, 161, 36, 224
-0.994577, 1, 289, 128, 320
-0.994628, 81, 369, 208, 400
-0.994678, 169, 169, 184, 232
-0.994697, 1, 81, 256, 144
-0.994734, 85, 305, 116, 432
-0.994744, 171, 121, 186, 184
-0.994777, 81, 341, 208, 372
-0.994781, 45, 257, 60, 320
-0.99479, 97, 181, 224, 212
-0.994803, 161, 433, 288, 464
-0.99483, 103, 65, 118, 128
-0.994843, 129, 417, 256, 448
-0.994858, 17, 345, 144, 376
-0.994877, 145, 137, 272, 168
-0.994877, 145, 113, 160, 176
-0.994881, 49, 129, 64, 192
-0.994887, 81, 77, 208, 108
-0.994923, 61, 193, 76, 256
-0.994937, 1, 321, 333, 384
-0.994938, 69, 129, 84, 192
-0.99494, 81, 449, 208, 480
-0.994948, 129, 321, 256, 352
-0.994952, 41, 49, 104, 112
-0.994956, 129, 377, 256, 408
-0.994975, 193, 369, 224, 496
-0.994979, 143, 169, 158, 232
-0.994986, 97, 281, 112, 344
-0.994988, 1, 105, 256, 168
-0.994996, 73, 193, 88, 256
-0.995, 97, 113, 224, 144
-0.995003, 177, 241, 304, 368
-0.995017, 181, 89, 196, 152
-0.995033, 161, 465, 288, 496
-0.99507, 183, 201, 198, 264
-0.995072, 209, 401, 333, 464
-0.995082, 55, 193, 70, 256
-0.9951, 165, 97, 180, 160
-0.995109, 65, 285, 192, 316
-0.995135, 1, 405, 128, 436
-0.99517, 9, 145, 24, 208
-0.995187, 159, 185, 174, 248
-0.995194, 21, 137, 36, 200
-0.995213, 33, 9, 288, 72
-0.995215, 29, 169, 44, 232
-0.995236, 129, 377, 144, 440
-0.99524, 209, 265, 272, 328
-0.995249, 173, 193, 188, 256
-0.995265, 197, 137, 212, 200
-0.995271, 55, 129, 70, 192
-0.995288, 1, 369, 256, 432
-0.995351, 187, 89, 202, 152
-0.995364, 35, 161, 50, 224
-0.995372, 195, 161, 210, 224
-0.995373, 97, 309, 224, 340
-0.995384, 49, 297, 176, 328
-0.995437, 1, 425, 333, 488
-0.995495, 73, 49, 104, 176
-0.995502, 81, 329, 208, 360
-0.995502, 145, 361, 272, 392
-0.995503, 93, 193, 108, 256
-0.995516, 81, 165, 208, 196
-0.995524, 49, 185, 64, 248
-0.995531, 103, 321, 118, 384
-0.995563, 33, 177, 160, 208
-0.99557, 215, 161, 230, 224
-0.995575, 139, 385, 154, 448
-0.995588, 71, 401, 86, 464
-0.995607, 33, 385, 160, 416
-0.995608, 97, 461, 224, 492
-0.995609, 73, 353, 104, 480
-0.995621, 49, 189, 176, 220
-0.995636, 91, 129, 106, 192
-0.995638, 109, 129, 124, 192
-0.995638, 169, 377, 184, 440
-0.995653, 65, 437, 192, 468
-0.995667, 85, 137, 100, 200
-0.995683, 33, 165, 160, 196
-0.995685, 193, 25, 320, 88
-0.995688, 127, 153, 142, 216
-0.995724, 107, 265, 122, 328
-0.995744, 1, 9, 333, 72
-0.995778, 111, 185, 126, 248
-0.995786, 263, 273, 278, 336
-0.995796, 1, 201, 256, 264
-0.995824, 17, 277, 144, 308
-0.995836, 113, 13, 240, 44
-0.995836, 225, 1, 288, 500
-0.995863, 145, 313, 160, 376
-0.995865, 49, 81, 112, 144
-0.995867, 131, 105, 146, 168
-0.995903, 161, 445, 288, 476
-0.995908, 233, 321, 248, 384
-0.995914, 3, 145, 18, 208
-0.995914, 45, 97, 76, 352
-0.995915, 1, 153, 333, 216
-0.995916, 201, 169, 216, 232
-0.995925, 129, 297, 256, 328
-0.99593, 1, 201, 128, 232
-0.995934, 155, 289, 170, 352
-0.995937, 45, 1, 76, 128
-0.995937, 265, 161, 328, 416
-0.995938, 1, 241, 333, 304
-0.995939, 67, 193, 82, 256
-0.995958, 137, 233, 152, 296
-0.995965, 143, 233, 158, 296
-0.995965, 33, 373, 160, 404
-0.995968, 77, 401, 92, 464
-0.995987, 113, 433, 128, 496
-0.995993, 185, 369, 200, 432
-0.995999, 191, 9, 206, 72
-0.996015, 39, 265, 54, 328
-0.996041, 173, 1, 204, 256
-0.996064, 209, 121, 224, 184
-0.996076, 157, 65, 188, 320
-0.996082, 169, 305, 200, 432
-0.996101, 219, 9, 234, 72
-0.996106, 91, 273, 106, 336
-0.996112, 213, 185, 228, 248
-0.996126, 151, 241, 166, 304
-0.996134, 65, 125, 192, 156
-0.996142, 177, 97, 208, 352
-0.996159, 133, 153, 148, 216
-0.996159, 113, 101, 240, 132
-0.996162, 85, 193, 100, 256
-0.996174, 19, 185, 34, 248
-0.996176, 131, 233, 146, 296
-0.996188, 153, 201, 168, 264
-0.996199, 79, 145, 94, 208
-0.996215, 147, 401, 162, 464
-0.99622, 137, 329, 152, 392
-0.996232, 177, 349, 304, 380
-0.996233, 203, 9, 218, 72
-0.996241, 177, 373, 304, 404
-0.996241, 49, 161, 64, 224
-0.996242, 9, 185, 24, 248
-0.996245, 99, 257, 114, 320
-0.996249, 131, 193, 146, 256
-0.996252, 49, 309, 176, 340
-0.996283, 177, 157, 304, 188
-0.996302, 145, 309, 272, 340
-0.996316, 101, 233, 116, 296
-0.99632, 199, 97, 214, 160
-0.996331, 113, 369, 144, 496
-0.996332, 159, 233, 174, 296
-0.996343, 101, 97, 132, 352
-0.996377, 137, 41, 152, 104
-0.996382, 137, 1, 168, 256
-0.996407, 17, 261, 144, 292
-0.996411, 65, 89, 192, 120
-0.996422, 57, 97, 88, 352
-0.996428, 125, 89, 140, 152
-0.996431, 1, 361, 128, 392
-0.996434, 147, 137, 162, 200
-0.996435, 177, 121, 192, 184
-0.99644, 139, 89, 154, 152
-0.996471, 161, 125, 288, 156
-0.996489, 213, 9, 228, 72
-0.996489, 147, 65, 162, 128
-0.996492, 161, 265, 176, 328
-0.996492, 97, 129, 112, 192
-0.996507, 227, 1, 242, 64
-0.996529, 145, 257, 160, 320
-0.996533, 103, 129, 118, 192
-0.996535, 1, 297, 333, 360
-0.996535, 43, 177, 58, 240
-0.996554, 207, 177, 222, 240
-0.996556, 183, 169, 198, 232
-0.996566, 265, 1, 328, 500
-0.996597, 113, 1, 144, 256
-0.996611, 265, 377, 328, 440
-0.996617, 185, 1, 216, 256
-0.996633, 65, 249, 192, 280
-0.996701, 129, 333, 256, 364
-0.996706, 145, 285, 272, 316
-0.99672, 161, 249, 288, 312
-0.996758, 137, 257, 168, 500
-0.996772, 117, 161, 148, 416
-0.996773, 129, 149, 144, 180
-0.99678, 193, 397, 320, 428
-0.996785, 49, 201, 176, 232
-0.996801, 117, 257, 148, 500
-0.996803, 133, 161, 164, 416
-0.996819, 261, 273, 292, 400
-0.996839, 161, 9, 288, 40
-0.99684, 33, 97, 64, 352
-0.996875, 197, 1, 228, 256
-0.996904, 205, 193, 236, 320
-0.996916, 17, 421, 144, 452
-0.996931, 159, 133, 174, 164
-0.996951, 179, 353, 194, 384
-0.996976, 107, 69, 122, 100
-0.996979, 193, 413, 320, 444
-0.996995, 81, 97, 112, 352
-0.997037, 93, 1, 124, 256
-0.997064, 177, 385, 304, 416
-0.997064, 161, 161, 192, 416
-0.997068, 145, 113, 272, 144
-0.997084, 193, 89, 320, 152
-0.997085, 125, 1, 156, 256
-0.997145, 129, 345, 256, 376
-0.997175, 101, 193, 132, 448
-0.997175, 113, 1, 240, 32
-0.99718, 145, 173, 160, 204
-0.997186, 183, 145, 198, 176
-0.997192, 1, 309, 128, 340
-0.997197, 65, 13, 192, 44
-0.9972, 129, 209, 256, 272
-0.997207, 117, 69, 132, 100
-0.997208, 171, 105, 186, 136
-0.997216, 159, 173, 174, 204
-0.997232, 129, 73, 144, 104
-0.997242, 97, 193, 224, 224
-0.997243, 193, 429, 208, 460
-0.997254, 137, 169, 152, 200
-0.997291, 133, 129, 148, 160
-0.997297, 189, 97, 220, 352
-0.997324, 149, 185, 164, 216
-0.997329, 33, 73, 160, 104
-0.997337, 1, 189, 128, 220
-0.997374, 41, 369, 72, 496
-0.997381, 171, 365, 186, 396
-0.997386, 171, 165, 186, 196
-0.997389, 181, 89, 196, 120
-0.997391, 65, 137, 80, 168
-0.997424, 45, 137, 60, 168
-0.997427, 1, 213, 128, 244
-0.997429, 135, 69, 150, 100
-0.99743, 45, 193, 76, 448
-0.997431, 121, 169, 136, 200
-0.997431, 1, 85, 128, 116
-0.997444, 173, 137, 188, 168
-0.997445, 45, 265, 60, 296
-0.997445, 151, 165, 166, 196
-0.997449, 33, 141, 48, 172
-0.997449, 139, 137, 154, 168
-0.997475, 97, 197, 112, 228
-0.997475, 17, 433, 144, 464
-0.997479, 191, 405, 206, 436
-0.997482, 25, 169, 40, 200
-0.997495, 123, 157, 138, 188
-0.99753, 103, 293, 118, 324
-0.997535, 135, 149, 150, 180
-0.997544, 177, 189, 192, 220
-0.997563, 105, 321, 120, 352
-0.997573, 105, 197, 120, 228
-0.997573, 165, 129, 180, 160
-0.997574, 169, 149, 184, 180
-0.997577, 145, 173, 272, 204
-0.997585, 173, 93, 188, 124
-0.997599, 49, 213, 176, 244
-0.9976, 93, 285, 108, 316
-0.997609, 209, 321, 333, 352
-0.997619, 121, 133, 136, 164
-0.997623, 161, 189, 176, 220
-0.997623, 89, 193, 120, 448
-0.997626, 29, 257, 60, 500
-0.997631, 229, 257, 260, 500
-0.997633, 135, 117, 150, 148
-0.997639, 157, 257, 188, 500
-0.99764, 101, 69, 116, 100
-0.997649, 161, 101, 176, 132
-0.997661, 87, 141, 102, 172
-0.997661, 209, 333, 333, 364
-0.997662, 69, 1, 100, 256
-0.997664, 81, 65, 208, 96
-0.997667, 123, 73, 138, 104
-0.997668, 179, 337, 194, 464
-0.997677, 23, 145, 38, 176
-0.997677, 43, 157, 58, 188
-0.997683, 163, 149, 178, 180
-0.997684, 219, 13, 234, 44
-0.997696, 17, 125, 144, 156
-0.997696, 69, 97, 100, 352
-0.997698, 129, 161, 144, 192
-0.997699, 145, 97, 176, 352
-0.997704, 33, 449, 160, 480
-0.99771, 209, 361, 333, 392
-0.99771, 29, 157, 44, 188
-0.99771, 175, 153, 190, 184
-0.997713, 127, 133, 142, 164
-0.997715, 57, 1, 88, 256
-0.997715, 149, 73, 164, 104
-0.997719, 39, 141, 54, 172
-0.99773, 187, 93, 202, 124
-0.997736, 123, 185, 138, 216
-0.997738, 23, 185, 38, 216
-0.997745, 209, 1, 240, 256
-0.997757, 153, 137, 168, 168
-0.997764, 211, 157, 226, 188
-0.997768, 209, 5, 333, 36
-0.997777, 167, 437, 182, 468
-0.997787, 189, 369, 204, 496
-0.997788, 115, 137, 130, 168
-0.997805, 169, 117, 184, 148
-0.997812, 1, 345, 333, 408
-0.997826, 21, 129, 52, 384
-0.997828, 211, 173, 226, 204
-0.997829, 195, 441, 210, 472
-0.99785, 29, 181, 44, 212
-0.997859, 59, 137, 74, 168
-0.997869, 137, 181, 152, 212
-0.99787, 157, 149, 172, 180
-0.99787, 81, 1, 112, 256
-0.997874, 99, 209, 114, 240
-0.997876, 179, 101, 194, 132
-0.997879, 15, 149, 30, 180
-0.997897, 181, 177, 196, 208
-0.997897, 57, 193, 88, 448
-0.997899, 139, 57, 154, 88
-0.997908, 145, 137, 160, 168
-0.997908, 105, 333, 120, 364
-0.997912, 73, 201, 88, 232
-0.997912, 273, 1, 333, 128
-0.997914, 173, 457, 188, 488
-0.997915, 19, 169, 34, 200
-0.997924, 193, 133, 208, 164
-0.997935, 149, 145, 164, 272
-0.997937, 59, 197, 74, 228
-0.997941, 155, 185, 170, 216
-0.997944, 209, 161, 240, 416
-0.997945, 117, 149, 132, 180
-0.997948, 177, 65, 304, 128
-0.99795, 131, 185, 146, 216
-0.997958, 135, 389, 150, 420
-0.997968, 123, 57, 138, 88
-0.997971, 139, 81, 154, 112
-0.997971, 65, 1, 192, 32
-0.997973, 113, 321, 128, 352
-0.997973, 143, 161, 158, 192
-0.997996, 51, 133, 66, 164
-0.997999, 179, 133, 194, 164
-0.997999, 187, 201, 202, 232
-0.998009, 49, 193, 64, 224
-0.998011, 171, 193, 186, 224
-0.998013, 213, 185, 228, 216
-0.998016, 165, 165, 180, 196
-0.998018, 195, 101, 210, 132
-0.998025, 207, 129, 222, 256
-0.998034, 131, 53, 146, 84
-0.998036, 181, 369, 196, 400
-0.998042, 35, 181, 50, 212
-0.998042, 195, 417, 210, 448
-0.998046, 161, 433, 176, 464
-0.998049, 189, 393, 204, 424
-0.99805, 209, 113, 333, 176
-0.998053, 89, 289, 120, 304
-0.998057, 129, 381, 144, 412
-0.998057, 33, 229, 160, 260
-0.99806, 89, 207, 120, 222
-0.998062, 97, 201, 128, 216
-0.998062, 77, 413, 108, 428
-0.998063, 109, 137, 124, 168
-0.998067, 103, 305, 118, 336
-0.998068, 229, 409, 260, 424
-0.998069, 93, 323, 124, 338
-0.998069, 193, 145, 320, 176
-0.99807, 193, 121, 224, 136
-0.99808, 249, 257, 280, 500
-0.998083, 121, 177, 152, 192
-0.998086, 93, 137, 108, 168
-0.998088, 97, 81, 112, 112
-0.998091, 109, 357, 140, 372
-0.998093, 151, 201, 166, 232
-0.998099, 143, 145, 158, 272
-0.998104, 131, 197, 146, 228
-0.998104, 133, 193, 164, 208
-0.99811, 209, 425, 333, 488
-0.998113, 155, 417, 170, 448
-0.998113, 105, 209, 120, 240
-0.998114, 31, 169, 46, 200
-0.99812, 137, 145, 152, 272
-0.998123, 71, 141, 86, 172
-0.998125, 133, 337, 148, 464
-0.998126, 167, 181, 182, 212
-0.99813, 123, 145, 138, 176
-0.998134, 143, 117, 158, 148
-0.998135, 121, 85, 136, 116
-0.998135, 49, 113, 176, 144
-0.998139, 117, 189, 148, 204
-0.998141, 123, 145, 138, 272
-0.998141, 127, 85, 142, 116
-0.998145, 151, 149, 166, 180
-0.998146, 131, 173, 146, 204
-0.998149, 115, 81, 130, 112
-0.99815, 109, 201, 140, 216
-0.998152, 109, 301, 124, 332
-0.998153, 53, 151, 84, 166
-0.998158, 101, 189, 132, 204
-0.99816, 201, 129, 216, 256
-0.998161, 177, 165, 192, 196
-0.998163, 195, 13, 210, 44
-0.99817, 187, 157, 202, 188
-0.998172, 43, 185, 58, 216
-0.998179, 157, 161, 172, 192
-0.99818, 145, 401, 160, 432
-0.998186, 73, 141, 104, 156
-0.998187, 73, 193, 104, 448
-0.998196, 161, 101, 288, 132
-0.998198, 139, 321, 154, 448
-0.9982, 161, 461, 192, 476
-0.998202, 113, 433, 240, 464
-0.998204, 169, 137, 200, 152
-0.998211, 161, 95, 192, 110
-0.998212, 101, 207, 132, 222
-0.998218, 65, 101, 192, 132
-0.998223, 17, 249, 144, 280
-0.998237, 125, 403, 156, 418
-0.998238, 5, 369, 36, 496
-0.998239, 177, 129, 208, 144
-0.99824, 129, 69, 256, 100
-0.998242, 167, 97, 182, 224
-0.998262, 201, 193, 232, 208
-0.998262, 33, 465, 160, 496
-0.99827, 185, 15, 216, 30
-0.998273, 195, 97, 210, 224
-0.998281, 97, 139, 128, 154
-0.998293, 201, 183, 232, 198
-0.998321, 153, 167, 216, 182
-0.99833, 97, 303, 128, 318
-0.998335, 27, 129, 42, 256
-0.998335, 45, 1, 76, 256
-0.998348, 173, 337, 188, 464
-0.998351, 113, 249, 240, 280
-0.998352, 61, 139, 92, 154
-0.998358, 181, 431, 212, 446
-0.998361, 17, 9, 144, 40
-0.998361, 1, 57, 128, 88
-0.998362, 157, 179, 188, 194
-0.998367, 5, 257, 36, 500
-0.998369, 121, 149, 184, 164
-0.99837, 105, 153, 136, 168
-0.998372, 177, 173, 240, 188
-0.998373, 89, 139, 152, 154
-0.998376, 113, 187, 176, 202
-0.998379, 1, 169, 32, 184
-0.998382, 145, 411, 208, 426
-0.998388, 89, 195, 152, 210
-0.998388, 129, 165, 192, 180
-0.998389, 169, 161, 232, 176
-0.99839, 25, 141, 88, 156
-0.998393, 137, 401, 200, 416
-0.998394, 169, 357, 200, 372
-0.9984, 17, 161, 48, 176
-0.9984, 181, 193, 212, 320
-0.998403, 177, 167, 240, 182
-0.998404, 129, 63, 160, 78
-0.998404, 137, 173, 200, 188
-0.998407, 97, 77, 160, 92
-0.998408, 157, 129, 172, 256
-0.998412, 113, 171, 176, 186
-0.998412, 9, 187, 72, 202
-0.998413, 9, 129, 40, 384
-0.998413, 113, 137, 176, 152
-0.998415, 49, 283, 112, 298
-0.998416, 185, 409, 248, 424
-0.998417, 87, 129, 102, 256
-0.998418, 273, 1, 333, 256
-0.998418, 145, 151, 208, 166
-0.99842, 189, 425, 220, 440
-0.998421, 153, 139, 216, 154
-0.998423, 137, 387, 200, 402
-0.998423, 161, 103, 224, 118
-0.998423, 185, 387, 248, 402
-0.998424, 97, 395, 160, 410
-0.998424, 161, 437, 224, 452
-0.998428, 177, 393, 240, 408
-0.998431, 169, 155, 232, 170
-0.998431, 145, 273, 272, 304
-0.998432, 109, 137, 140, 152
-0.998432, 177, 179, 240, 194
-0.998434, 93, 129, 108, 256
-0.998435, 65, 141, 128, 156
-0.998435, 185, 403, 248, 418
-0.998435, 185, 81, 200, 208
-0.998439, 145, 395, 208, 410
-0.99844, 161, 145, 224, 160
-0.998441, 105, 163, 168, 178
-0.998441, 25, 147, 88, 162
-0.998442, 9, 151, 40, 166
-0.998443, 161, 425, 224, 440
-0.998444, 161, 133, 224, 148
-0.998447, 121, 369, 184, 384
-0.998447, 65, 153, 96, 168
-0.998448, 173, 129, 188, 256
-0.998448, 177, 449, 208, 464
-0.998449, 89, 383, 152, 398
-0.99845, 113, 181, 176, 196
-0.998451, 145, 193, 176, 208
-0.998451, 49, 201, 112, 216
-0.998451, 185, 415, 248, 430
-0.998452, 153, 417, 216, 432
-0.998454, 105, 71, 168, 86
-0.998457, 57, 201, 88, 216
-0.998463, 97, 83, 160, 98
-0.998463, 97, 389, 160, 404
-0.998464, 129, 193, 192, 208
-0.998465, 1, 81, 333, 144
-0.998465, 21, 189, 52, 204
-0.998467, 129, 379, 192, 394
-0.998467, 161, 109, 224, 124
-0.998468, 121, 157, 184, 172
-0.998468, 33, 277, 96, 292
-0.99847, 153, 127, 216, 142
-0.998473, 137, 179, 200, 194
-0.998474, 169, 187, 232, 202
-0.998475, 129, 131, 192, 146
-0.998476, 205, 19, 236, 34
-0.998476, 81, 147, 144, 162
-0.998476, 33, 1, 64, 256
-0.998477, 105, 329, 168, 344
-0.998477, 161, 431, 224, 446
-0.998477, 177, 369, 240, 384
-0.998477, 129, 363, 192, 378
-0.99848, 105, 375, 136, 390
-0.998481, 113, 345, 144, 360
-0.998483, 1, 145, 64, 160
-0.998489, 121, 143, 184, 158
-0.99849, 129, 115, 192, 130
-0.99849, 201, 423, 264, 438
-0.998491, 161, 375, 224, 390
-0.998493, 113, 421, 176, 436
-0.998493, 41, 135, 104, 150
-0.998494, 81, 155, 144, 170
-0.998495, 9, 193, 72, 208
-0.998496, 201, 429, 264, 444
-0.998498, 1, 169, 64, 184
-0.998498, 105, 405, 168, 420
-0.9985, 33, 159, 96, 174
-0.9985, 185, 363, 248, 378
-0.9985, 161, 405, 224, 420
-0.9985, 193, 159, 256, 174
-0.998501, 81, 195, 112, 210
-0.998502, 105, 351, 168, 366
-0.998502, 109, 49, 124, 176
-0.998502, 161, 193, 224, 208
-0.998502, 161, 121, 224, 136
-0.998503, 145, 159, 208, 174
-0.998506, 201, 437, 264, 452
-0.998506, 177, 481, 240, 496
-0.998506, 129, 349, 192, 364
-0.998507, 65, 195, 128, 210
-0.998507, 1, 181, 64, 196
-0.998508, 105, 319, 168, 334
-0.998509, 105, 467, 136, 482
-0.998509, 153, 381, 216, 396
-0.998509, 129, 121, 192, 136
-0.998509, 97, 339, 160, 354
-0.998511, 21, 169, 52, 184
-0.998512, 33, 129, 48, 256
-0.998513, 129, 83, 192, 98
-0.998514, 121, 183, 152, 198
-0.998514, 1, 151, 64, 166
-0.998514, 161, 443, 224, 458
-0.998516, 89, 357, 152, 372
-0.998517, 25, 153, 88, 168
-0.998518, 9, 163, 72, 178
-0.998518, 113, 307, 176, 322
-0.998521, 185, 375, 248, 390
-0.998522, 121, 427, 184, 442
-0.998522, 185, 381, 248, 396
-0.998522, 49, 189, 112, 204
-0.998523, 89, 377, 152, 392
-0.998523, 137, 453, 200, 468
-0.998523, 129, 105, 192, 120
-0.998524, 145, 369, 208, 384
-0.998524, 137, 467, 200, 482
-0.998525, 117, 63, 148, 78
-0.998527, 201, 397, 264, 412
-0.998528, 121, 357, 184, 372
-0.998529, 193, 153, 256, 168
-0.998529, 121, 433, 184, 448
-0.998529, 113, 301, 176, 316
-0.99853, 129, 447, 192, 462
-0.998533, 161, 115, 224, 130
-0.998533, 97, 345, 160, 360
-0.998534, 1, 175, 64, 190
-0.998537, 81, 161, 144, 176
-0.998537, 99, 209, 114, 336
-0.998537, 113, 313, 176, 328
-0.998538, 89, 371, 152, 386
-0.998538, 1, 157, 64, 172
-0.998539, 233, 323, 296, 338
-0.998539, 105, 177, 120, 304
-0.99854, 73, 69, 136, 84
-0.998541, 217, 391, 280, 406
-0.998541, 1, 313, 64, 328
-0.998542, 169, 97, 232, 112
-0.998542, 49, 153, 112, 168
-0.998542, 89, 201, 152, 216
-0.998544, 173, 257, 204, 500
-0.998545, 49, 293, 112, 308
-0.998545, 57, 147, 120, 162
-0.998546, 89, 363, 152, 378
-0.998547, 129, 73, 192, 88
-0.998548, 121, 271, 184, 286
-0.99855, 261, 257, 292, 500
-0.998555, 69, 129, 84, 256
-0.998556, 137, 199, 168, 214
-0.998557, 169, 143, 200, 158
-0.998568, 119, 49, 134, 176
-0.99857, 181, 415, 212, 430
-0.998584, 157, 101, 188, 116
-0.998591, 103, 129, 118, 256
-0.998593, 137, 131, 168, 146
-0.998594, 209, 309, 333, 340
-0.998596, 45, 129, 60, 256
-0.998598, 145, 115, 176, 130
-0.998602, 17, 225, 48, 480
-0.998607, 77, 145, 92, 272
-0.998614, 93, 79, 124, 94
-0.998615, 105, 289, 120, 416
-0.998623, 161, 185, 288, 216
-0.998625, 53, 129, 68, 256
-0.998628, 177, 163, 208, 178
-0.998629, 265, 369, 328, 496
-0.998633, 111, 129, 126, 256
-0.998635, 213, 145, 228, 272
-0.998642, 17, 145, 48, 160
-0.998644, 161, 173, 192, 188
-0.998645, 37, 273, 68, 288
-0.998647, 273, 113, 333, 240
-0.998651, 181, 135, 212, 150
-0.998653, 131, 145, 146, 272
-0.998662, 209, 169, 333, 200
-0.998665, 179, 81, 194, 208
-0.998674, 53, 279, 84, 294
-0.99868, 159, 177, 174, 304
-0.998688, 129, 73, 160, 88
-0.998695, 157, 449, 188, 464
-0.998704, 169, 193, 200, 208
-0.998704, 181, 409, 212, 424
-0.998705, 181, 483, 212, 498
-0.998715, 181, 179, 212, 194
-0.998721, 185, 129, 200, 256
-0.998724, 77, 283, 108, 298
-0.998726, 133, 97, 148, 224
-0.998731, 1, 105, 333, 168
-0.998739, 133, 171, 164, 186
-0.99875, 57, 145, 88, 160
-0.998753, 197, 173, 228, 188
-0.998754, 143, 65, 158, 192
-0.998754, 121, 1, 136, 128
-0.998757, 129, 83, 160, 98
-0.998762, 93, 193, 108, 320
-0.998764, 273, 177, 333, 304
-0.998767, 135, 1, 150, 128
-0.998774, 77, 193, 92, 320
-0.998775, 33, 163, 64, 178
-0.998776, 153, 187, 184, 202
-0.998776, 109, 351, 140, 366
-0.998776, 59, 129, 74, 256
-0.998777, 189, 147, 220, 162
-0.998795, 179, 129, 194, 256
-0.998795, 29, 157, 60, 172
-0.998796, 81, 237, 208, 268
-0.998799, 21, 1, 52, 256
-0.998801, 99, 1, 114, 128
-0.998807, 165, 199, 196, 214
-0.998808, 145, 261, 272, 292
-0.998809, 117, 97, 132, 224
-0.998811, 105, 369, 136, 384
-0.99882, 153, 143, 184, 158
-0.99883, 39, 129, 54, 256
-0.998836, 55, 193, 70, 320
-0.99885, 173, 155, 204, 170
-0.998853, 177, 25, 304, 56
-0.99886, 127, 49, 142, 176
-0.998861, 173, 391, 204, 406
-0.998867, 129, 1, 144, 128
-0.998871, 197, 193, 228, 448
-0.998878, 209, 257, 240, 500
-0.998879, 73, 147, 104, 162
-0.998882, 1, 113, 16, 240
-0.998883, 157, 149, 188, 164
-0.998884, 127, 97, 142, 224
-0.998889, 111, 1, 126, 128
-0.99891, 63, 193, 78, 320
-0.998927, 195, 145, 210, 272
-0.998936, 85, 141, 116, 156
-0.998936, 103, 49, 118, 176
-0.99895, 181, 103, 212, 118
-0.998955, 195, 369, 210, 496
-0.998965, 83, 193, 98, 320
-0.998971, 149, 1, 164, 128
-0.998977, 209, 1, 224, 128
-0.998977, 221, 1, 252, 256
-0.998987, 113, 89, 240, 120
-0.99899, 71, 193, 86, 320
-0.998995, 177, 89, 304, 120
-0.998997, 181, 173, 212, 188
-0.998997, 21, 129, 36, 256
-0.999, 177, 93, 208, 108
-0.999004, 131, 193, 146, 320
-0.999006, 97, 195, 128, 210
-0.999011, 49, 177, 64, 304
-0.999012, 7, 129, 22, 256
-0.999014, 85, 201, 116, 216
-0.99902, 149, 97, 164, 224
-0.999023, 201, 1, 216, 128
-0.999031, 253, 321, 284, 448
-0.999035, 97, 53, 224, 84
-0.99904, 173, 385, 204, 400
-0.999051, 185, 225, 216, 480
-0.999052, 41, 257, 56, 384
-0.999055, 97, 273, 112, 400
-0.999058, 145, 33, 272, 96
-0.999062, 61, 49, 92, 176
-0.999066, 177, 397, 208, 412
-0.999066, 137, 139, 168, 154
-0.999077, 127, 353, 142, 480
-0.999099, 207, 81, 222, 208
-0.999107, 29, 143, 60, 158
-0.999118, 241, 1, 272, 256
-0.999121, 109, 363, 140, 378
-0.999123, 187, 1, 202, 128
-0.999126, 221, 97, 252, 224
-0.999129, 111, 337, 126, 464
-0.999151, 209, 289, 333, 352
-0.999158, 167, 161, 182, 288
-0.999164, 231, 321, 246, 448
-0.999167, 89, 1, 104, 128
-0.999168, 167, 353, 182, 480
-0.99917, 111, 177, 126, 304
-0.99917, 125, 149, 156, 164
-0.999174, 181, 141, 212, 156
-0.999176, 197, 163, 228, 178
-0.999181, 169, 149, 200, 164
-0.999181, 29, 1, 60, 128
-0.999183, 5, 33, 36, 288
-0.999193, 209, 181, 333, 212
-0.999195, 109, 195, 140, 210
-0.999201, 149, 193, 164, 320
-0.999201, 47, 257, 62, 384
-0.99921, 97, 65, 112, 192
-0.999217, 13, 129, 28, 256
-0.999224, 113, 161, 144, 176
-0.999226, 201, 81, 216, 208
-0.999226, 145, 197, 272, 228
-0.999239, 195, 1, 210, 128
-0.999243, 97, 69, 128, 84
-0.999266, 161, 81, 176, 208
-0.99928, 193, 321, 224, 448
-0.999286, 139, 369, 154, 496
-0.999291, 105, 77, 136, 92
-0.999291, 145, 305, 160, 432
-0.999293, 105, 1, 120, 128
-0.999303, 221, 129, 252, 384
-0.999305, 1, 97, 128, 128
-0.999305, 155, 1, 170, 128
-0.999315, 1, 65, 16, 192
-0.999318, 143, 1, 158, 128
-0.999321, 145, 369, 160, 496
-0.999327, 49, 53, 176, 84
-0.999333, 253, 369, 268, 496
-0.999345, 145, 177, 176, 192
-0.999349, 173, 177, 188, 304
-0.999349, 29, 177, 44, 304
-0.999349, 193, 113, 320, 144
-0.999352, 209, 441, 333, 472
-0.999361, 111, 273, 126, 400
-0.999372, 189, 153, 220, 168
-0.999387, 113, 37, 240, 68
-0.999388, 177, 209, 304, 272
-0.999393, 149, 49, 164, 176
-0.999393, 133, 49, 148, 176
-0.999394, 105, 241, 120, 368
-0.999399, 105, 353, 120, 480
-0.999401, 219, 1, 234, 128
-0.999405, 97, 225, 224, 256
-0.999412, 121, 171, 152, 186
-0.999419, 161, 369, 176, 496
-0.999424, 173, 81, 188, 208
-0.999427, 169, 101, 200, 116
-0.999427, 233, 1, 248, 128
-0.999429, 181, 403, 212, 418
-0.999436, 213, 97, 228, 224
-0.999437, 43, 177, 58, 304
-0.999438, 49, 137, 80, 152
-0.999445, 169, 363, 200, 378
-0.99945, 243, 305, 258, 432
-0.99947, 155, 257, 170, 384
-0.999478, 225, 1, 240, 128
-0.99948, 117, 177, 132, 304
-0.999487, 1, 201, 333, 264
-0.999493, 133, 181, 164, 196
-0.999494, 185, 321, 200, 448
-0.999496, 143, 193, 158, 320
-0.999505, 83, 1, 98, 128
-0.99951, 137, 187, 168, 202
-0.999511, 123, 257, 138, 384
-0.999514, 99, 369, 114, 496
-0.999514, 217, 65, 280, 192
-0.999515, 261, 273, 276, 400
-0.999516, 157, 193, 188, 208
-0.999519, 169, 375, 200, 390
-0.999519, 207, 177, 222, 304
-0.999526, 121, 137, 152, 152
-0.999526, 209, 425, 333, 456
-0.999531, 53, 241, 68, 368
-0.999536, 129, 237, 256, 268
-0.999543, 245, 1, 260, 128
-0.999548, 153, 107, 184, 122
-0.999558, 77, 97, 92, 224
-0.999564, 223, 353, 238, 480
-0.999565, 35, 177, 50, 304
-0.999571, 137, 257, 152, 384
-0.999574, 219, 129, 234, 256
-0.999575, 19, 177, 34, 304
-0.999581, 117, 79, 148, 94
-0.999585, 253, 289, 268, 416
-0.999587, 131, 257, 146, 384
-0.9996, 65, 57, 320, 120
-0.999601, 99, 321, 114, 448
-0.999603, 13, 289, 28, 416
-0.999605, 87, 81, 102, 208
-0.99961, 169, 109, 200, 124
-0.999622, 273, 193, 304, 448
-0.999639, 241, 161, 272, 416
-0.99964, 97, 213, 224, 244
-0.999646, 29, 169, 44, 184
-0.999646, 29, 163, 44, 178
-0.999647, 113, 327, 128, 342
-0.999649, 215, 19, 230, 34
-0.999649, 105, 331, 120, 346
-0.99965, 151, 199, 166, 214
-0.99965, 105, 201, 120, 216
-0.999651, 209, 159, 224, 174
-0.999651, 139, 63, 154, 78
-0.999652, 99, 73, 114, 88
-0.999653, 209, 273, 240, 400
-0.999654, 143, 175, 158, 190
-0.999655, 55, 201, 70, 216
-0.999655, 35, 143, 50, 158
-0.999656, 171, 371, 186, 386
-0.999656, 103, 215, 118, 230
-0.999656, 41, 141, 56, 156
-0.999656, 243, 315, 258, 330
-0.999657, 115, 137, 130, 152
-0.999657, 21, 193, 36, 208
-0.999658, 161, 447, 176, 462
-0.999659, 85, 283, 100, 298
-0.999659, 161, 109, 176, 124
-0.999659, 107, 303, 122, 318
-0.999659, 163, 149, 178, 164
-0.99966, 175, 143, 190, 158
-0.99966, 99, 287, 114, 302
-0.999661, 39, 183, 54, 198
-0.999662, 131, 187, 146, 202
-0.999663, 113, 313, 128, 328
-0.999665, 165, 441, 180, 456
-0.999665, 91, 281, 106, 296
-0.999665, 101, 299, 116, 314
-0.999667, 151, 193, 166, 208
-0.999667, 73, 413, 88, 428
-0.999668, 23, 145, 38, 160
-0.999669, 103, 207, 118, 222
-0.999671, 115, 83, 130, 98
-0.999671, 139, 145, 154, 160
-0.999672, 163, 137, 178, 152
-0.999672, 19, 169, 34, 184
-0.999673, 105, 337, 120, 352
-0.999673, 173, 135, 188, 150
-0.999673, 221, 15, 236, 30
-0.999674, 157, 149, 172, 164
-0.999674, 33, 157, 48, 172
-0.999674, 211, 185, 226, 200
-0.999676, 147, 115, 162, 130
-0.999676, 195, 439, 210, 454
-0.999678, 189, 99, 204, 114
-0.99968, 111, 465, 126, 480
-0.999682, 77, 147, 92, 162
-0.999682, 135, 181, 150, 196
-0.999683, 191, 407, 206, 422
-0.999684, 151, 177, 166, 192
-0.999684, 47, 265, 62, 280
-0.999686, 29, 145, 44, 160
-0.999687, 65, 139, 80, 154
-0.999687, 191, 413, 206, 428
-0.999687, 181, 103, 196, 118
-0.999689, 121, 169, 136, 184
-0.99969, 151, 143, 166, 158
-0.99969, 139, 139, 154, 154
-0.99969, 93, 201, 108, 216
-0.99969, 105, 323, 120, 338
-0.999691, 161, 455, 176, 470
-0.999691, 105, 195, 120, 210
-0.999692, 125, 63, 140, 78
-0.999693, 145, 181, 160, 196
-0.999693, 99, 201, 114, 216
-0.999693, 135, 75, 150, 90
-0.999694, 175, 167, 190, 182
-0.999695, 193, 427, 208, 442
-0.999696, 113, 77, 128, 92
-0.999696, 119, 71, 134, 86
-0.999697, 179, 195, 194, 210
-0.999697, 157, 455, 188, 470
-0.9997, 149, 187, 164, 202
-0.9997, 145, 71, 160, 86
-0.9997, 89, 141, 104, 156
-0.999703, 107, 83, 122, 98
-0.999703, 195, 447, 210, 462
-0.999704, 23, 187, 38, 202
-0.999704, 47, 137, 62, 152
-0.999704, 195, 433, 210, 448
-0.999705, 161, 197, 176, 212
-0.999705, 137, 121, 152, 136
-0.999705, 169, 193, 184, 208
-0.999706, 93, 287, 108, 302
-0.999709, 193, 419, 208, 434
-0.999709, 137, 171, 152, 186
-0.99971, 97, 81, 112, 96
-0.99971, 133, 165, 148, 180
-0.999712, 159, 171, 174, 186
-0.999712, 157, 141, 172, 156
-0.999712, 183, 149, 198, 164
-0.999714, 121, 195, 136, 210
-0.999714, 101, 293, 116, 308
-0.999716, 173, 149, 188, 164
-0.999716, 161, 103, 176, 118
-0.999716, 43, 157, 58, 172
-0.999719, 133, 137, 148, 152
-0.999727, 175, 99, 190, 114
-0.999728, 153, 165, 168, 180
-0.99973, 129, 151, 144, 166
-0.999731, 173, 107, 188, 122
-0.999735, 157, 185, 172, 200
-0.999737, 99, 195, 114, 210
-0.999738, 33, 183, 48, 198
-0.99974, 127, 163, 142, 178
-0.999742, 169, 165, 184, 180
-0.999743, 119, 77, 134, 92
-0.999743, 149, 171, 164, 186
-0.999747, 121, 161, 136, 176
-0.999747, 139, 165, 154, 180
-0.99975, 147, 165, 162, 180
-0.999752, 157, 191, 172, 206
-0.999752, 167, 105, 182, 120
-0.999754, 129, 79, 144, 94
-0.999754, 137, 81, 152, 96
-0.999754, 181, 93, 196, 108
-0.999755, 171, 457, 186, 472
-0.999759, 125, 165, 156, 180
-0.999763, 145, 143, 160, 158
-0.999763, 129, 73, 144, 88
-0.999766, 125, 55, 140, 70
-0.99977, 159, 165, 174, 180
-0.999775, 133, 59, 148, 74
-0.999777, 107, 77, 122, 92
-0.999782, 107, 69, 122, 84
-0.999793, 113, 71, 128, 86
-0.999807, 179, 357, 194, 372
-0.99981, 249, 1, 312, 128
-0.999812, 167, 447, 182, 462
-0.999825, 145, 165, 176, 180
-0.999867, 209, 461, 333, 492
-0.999886, 269, 321, 300, 448
-0.999933, 29, 183, 60, 198
-0.999939, 145, 171, 176, 186
-0.999941, 1, 369, 333, 432
-0.999963, 157, 137, 188, 152
-0.99999, 169, 369, 200, 384
-1.00002, 237, 257, 268, 384
-1.00002, 17, 41, 144, 72
-1.00003, 297, 1, 328, 256
-1.00006, 137, 145, 168, 160
-1.00007, 297, 225, 328, 480
-1.00007, 253, 1, 284, 256
-1.00007, 297, 97, 328, 352
-1.00007, 265, 1, 296, 256
-1.00008, 161, 167, 192, 182
-1.00009, 261, 161, 292, 416
-1.0001, 117, 73, 148, 88
-1.00015, 129, 25, 256, 56
-1.00015, 177, 221, 304, 252
-1.00017, 1, 225, 32, 352
-1.00018, 281, 1, 312, 256
-1.00018, 281, 97, 312, 352
-1.00023, 177, 241, 304, 272
-1.00026, 177, 297, 304, 328
-1.00027, 285, 193, 316, 448
-1.0004, 17, 1, 48, 128
-1.00043, 273, 65, 333, 192
-1.00051, 161, 305, 224, 432
-1.00073, 157, 305, 188, 432
-1.0008, 233, 161, 296, 288
-1.0011, 241, 81, 304, 208
-1.00122, 233, 209, 296, 336
-1.00124, 49, 25, 176, 88
-1.00158, 1, 33, 256, 96
-1.00192, 61, 321, 92, 448
-1.00221, 1, 25, 128, 88
-1.00242, 5, 33, 36, 160
-1.00246, 1, 57, 333, 120
-1.00293, 261, 369, 292, 496
-1.00313, 1, 33, 333, 96
-1.0033, 249, 225, 280, 352
-1.00333, 209, 185, 333, 248
-1.00338, 169, 257, 200, 384
-1.00355, 209, 49, 240, 176
-1.00372, 97, 25, 224, 88
-1.0038, 269, 225, 300, 352
-1.00413, 209, 265, 333, 328
-1.00436, 273, 273, 304, 400
-1.00438, 249, 1, 280, 128
-1.00469, 73, 305, 104, 432
-1.00476, 221, 305, 252, 432
-1.00482, 225, 257, 256, 384
-1.00532, 209, 233, 333, 296
-1.00586, 229, 145, 260, 272
