1875
-0.289574, 1, 1, 500, 333
-0.298195, 1, 65, 500, 320
-0.39926, 225, 1, 480, 333
-0.406938, 65, 1, 320, 333
-0.48286, 225, 33, 480, 288
-0.523409, 129, 65, 384, 320
-0.525529, 33, 1, 288, 256
-0.822548, 321, 1, 448, 333
-0.833404, 177, 65, 304, 320
-0.835061, 321, 1, 448, 256
-0.848847, 225, 1, 352, 333
-0.85413, 1, 193, 500, 320
-0.856332, 161, 1, 288, 333
-0.857624, 241, 65, 368, 320
-0.8585, 113, 1, 240, 333
-0.863496, 129, 1, 256, 256
-0.865203, 81, 1, 208, 256
-0.867974, 1, 81, 500, 208
-0.877727, 273, 1, 400, 333
-0.887106, 1, 129, 500, 256
-0.891065, 65, 1, 192, 333
-0.891771, 97, 209, 352, 333
-0.892239, 225, 145, 480, 272
-0.892768, 1, 1, 500, 128
-0.896972, 33, 65, 160, 320
-0.898623, 129, 113, 384, 240
-0.903226, 225, 97, 480, 224
-0.908475, 33, 81, 288, 208
-0.909034, 33, 129, 288, 256
-0.909472, 129, 161, 384, 288
-0.914305, 225, 49, 480, 176
-0.915735, 17, 1, 144, 333
-0.918493, 257, 193, 500, 320
-0.91912, 241, 113, 368, 240
-0.924359, 225, 177, 352, 304
-0.924806, 177, 193, 304, 320
-0.925127, 321, 65, 448, 192
-0.930002, 33, 17, 288, 144
-0.930049, 161, 113, 288, 240
-0.930116, 369, 65, 496, 320
-0.930269, 289, 177, 416, 304
-0.93097, 321, 129, 448, 256
-0.9348, 113, 209, 240, 333
-0.93626, 265, 209, 328, 333
-0.936353, 225, 1, 480, 128
-0.938015, 129, 49, 384, 176
-0.939427, 321, 17, 448, 144
-0.939669, 297, 177, 360, 304
-0.939781, 113, 129, 240, 256
-0.942994, 369, 1, 496, 333
-0.943278, 225, 33, 352, 160
-0.943525, 225, 177, 288, 304
-0.94552, 257, 129, 320, 256
-0.945964, 297, 129, 360, 256
-0.947454, 65, 193, 192, 320
-0.948298, 65, 145, 192, 272
-0.948493, 209, 97, 272, 224
-0.948864, 329, 129, 392, 256
-0.948984, 329, 177, 392, 304
-0.949987, 65, 97, 192, 224
-0.95026, 81, 81, 144, 208
-0.95058, 89, 129, 152, 256
-0.951092, 289, 225, 352, 288
-0.951146, 177, 65, 304, 192
-0.951391, 113, 145, 176, 272
-0.952007, 361, 193, 424, 320
-0.952208, 185, 113, 248, 240
-0.952268, 337, 209, 464, 333
-0.952481, 233, 129, 296, 256
-0.952558, 249, 137, 312, 200
-0.952821, 129, 209, 192, 333
-0.952838, 241, 161, 304, 224
-0.953572, 105, 209, 168, 333
-0.953872, 209, 105, 272, 168
-0.954037, 369, 113, 432, 240
-0.954527, 161, 129, 224, 256
-0.954852, 249, 193, 312, 256
-0.955125, 289, 201, 352, 264
-0.955453, 273, 65, 400, 192
-0.955784, 249, 81, 312, 208
-0.955983, 225, 185, 288, 248
-0.95619, 193, 193, 256, 320
-0.956935, 1, 177, 256, 304
-0.957431, 273, 161, 336, 224
-0.957563, 65, 1, 192, 128
-0.957994, 121, 225, 184, 288
-0.958293, 297, 121, 360, 184
-0.958303, 249, 217, 312, 280
-0.958549, 369, 169, 432, 232
-0.958549, 305, 81, 368, 208
-0.958573, 81, 49, 208, 176
-0.958575, 153, 193, 216, 320
-0.958876, 89, 1, 152, 128
-0.959237, 273, 129, 336, 192
-0.959674, 137, 129, 200, 256
-0.96018, 241, 33, 304, 160
-0.960306, 201, 49, 264, 176
-0.960872, 385, 193, 448, 320
-0.961012, 145, 1, 272, 128
-0.961013, 305, 169, 432, 232
-0.961326, 281, 273, 344, 333
-0.961468, 241, 129, 368, 192
-0.961491, 329, 65, 392, 192
-0.96161, 369, 49, 432, 176
-0.962072, 297, 161, 360, 224
-0.962418, 81, 193, 144, 320
-0.962722, 257, 273, 320, 333
-0.962804, 209, 185, 336, 248
-0.963069, 249, 113, 312, 176
-0.963258, 81, 121, 144, 184
-0.963395, 225, 161, 352, 224
-0.964124, 273, 81, 336, 208
-0.964267, 17, 193, 144, 320
-0.964393, 369, 145, 432, 208
-0.964891, 177, 121, 304, 184
-0.964944, 65, 273, 128, 333
-0.965054, 293, 209, 324, 333
-0.965079, 217, 129, 280, 192
-0.965332, 313, 249, 376, 312
-0.965811, 313, 273, 376, 333
-0.966139, 225, 49, 288, 112
-0.966207, 185, 121, 248, 184
-0.966291, 81, 97, 144, 160
-0.96653, 313, 225, 376, 288
-0.966615, 161, 209, 224, 272
-0.966648, 81, 249, 208, 312
-0.966653, 321, 161, 384, 224
-0.96677, 49, 1, 112, 128
-0.966999, 321, 241, 448, 304
-0.967008, 321, 81, 448, 144
-0.967202, 321, 145, 448, 208
-0.967217, 1, 17, 128, 144
-0.967221, 217, 209, 280, 272
-0.967285, 105, 81, 168, 208
-0.967522, 273, 1, 400, 128
-0.967737, 97, 241, 160, 304
-0.967755, 89, 209, 152, 272
-0.967856, 369, 241, 432, 304
-0.96804, 369, 1, 432, 128
-0.968131, 129, 137, 192, 200
-0.968143, 129, 1, 384, 128
-0.968278, 317, 177, 348, 304
-0.968301, 277, 209, 308, 333
-0.96831, 313, 185, 376, 248
-0.968682, 217, 153, 280, 216
-0.968754, 241, 225, 368, 288
-0.968846, 345, 161, 408, 224
-0.96886, 409, 177, 472, 304
-0.969144, 129, 49, 256, 176
-0.969149, 257, 193, 384, 256
-0.969495, 257, 113, 288, 240
-0.969515, 305, 209, 336, 333
-0.969602, 105, 129, 168, 192
-0.96963, 193, 1, 256, 128
-0.969648, 321, 97, 384, 160
-0.969721, 193, 65, 256, 320
-0.969877, 297, 97, 360, 160
-0.969945, 185, 201, 248, 264
-0.970003, 81, 1, 144, 64
-0.970165, 245, 129, 276, 256
-0.970261, 257, 89, 320, 152
-0.970361, 329, 129, 360, 256
-0.970386, 161, 193, 288, 256
-0.970388, 225, 33, 288, 288
-0.970457, 233, 89, 296, 152
-0.970859, 17, 97, 144, 224
-0.970952, 113, 201, 176, 264
-0.971007, 129, 249, 192, 312
-0.97138, 93, 113, 124, 240
-0.971496, 49, 65, 112, 192
-0.9715, 209, 81, 272, 144
-0.971559, 249, 65, 312, 320
-0.971675, 265, 193, 296, 320
-0.971683, 361, 209, 424, 272
-0.971746, 337, 217, 400, 280
-0.971769, 289, 33, 352, 160
-0.971953, 153, 1, 216, 256
-0.972044, 225, 105, 352, 168
-0.972313, 409, 113, 472, 240
-0.972325, 369, 161, 496, 288
-0.972404, 321, 49, 448, 112
-0.97242, 305, 17, 368, 80
-0.972515, 65, 129, 128, 256
-0.972654, 369, 121, 432, 184
-0.972674, 105, 265, 168, 328
-0.972859, 193, 217, 320, 280
-0.972956, 81, 145, 144, 208
-0.973031, 345, 249, 408, 312
-0.973175, 341, 161, 372, 288
-0.973268, 161, 129, 224, 192
-0.973385, 329, 17, 392, 144
-0.973436, 369, 113, 496, 240
-0.973528, 345, 137, 408, 200
-0.973579, 289, 249, 352, 312
-0.974004, 129, 129, 256, 192
-0.974154, 81, 73, 144, 136
-0.974313, 81, 169, 144, 232
-0.974344, 153, 81, 216, 208
-0.974407, 321, 209, 448, 272
-0.974428, 17, 145, 144, 272
-0.974478, 65, 105, 192, 168
-0.974482, 329, 177, 360, 304
-0.974521, 49, 17, 112, 80
-0.974649, 369, 57, 432, 120
-0.97485, 281, 65, 344, 320
-0.974854, 185, 65, 248, 128
-0.974869, 317, 97, 348, 224
-0.975038, 409, 65, 472, 192
-0.975081, 321, 121, 384, 184
-0.975151, 121, 177, 184, 240
-0.97516, 237, 81, 268, 208
-0.97526, 273, 273, 400, 333
-0.975306, 241, 177, 272, 304
-0.975344, 273, 129, 304, 256
-0.975402, 153, 233, 216, 296
-0.975527, 109, 81, 140, 208
-0.975528, 289, 121, 416, 184
-0.975564, 409, 161, 472, 224
-0.975616, 217, 1, 280, 128
-0.975769, 113, 225, 240, 288
-0.976049, 337, 81, 368, 208
-0.976115, 285, 129, 316, 256
-0.976127, 113, 65, 176, 320
-0.976221, 185, 17, 248, 80
-0.976223, 321, 225, 352, 288
-0.976246, 225, 81, 352, 144
-0.976375, 305, 145, 336, 272
-0.976511, 65, 129, 192, 192
-0.976556, 161, 153, 288, 216
-0.976598, 369, 1, 432, 256
-0.976612, 305, 65, 368, 320
-0.976628, 285, 209, 316, 272
-0.97663, 89, 65, 152, 320
-0.976675, 321, 9, 448, 72
-0.976753, 237, 105, 268, 168
-0.976765, 241, 33, 368, 96
-0.976798, 93, 65, 124, 192
-0.976815, 161, 265, 288, 328
-0.976866, 393, 201, 456, 264
-0.977129, 265, 241, 328, 304
-0.97713, 329, 65, 392, 320
-0.977431, 301, 161, 332, 224
-0.977476, 245, 169, 276, 232
-0.977585, 393, 225, 456, 288
-0.977611, 177, 129, 208, 256
-0.977648, 297, 201, 328, 264
-0.977689, 285, 185, 316, 248
-0.977742, 81, 193, 208, 256
-0.977745, 113, 161, 144, 288
-0.977784, 177, 49, 240, 176
-0.977785, 185, 41, 248, 104
-0.977816, 129, 65, 192, 192
-0.977816, 129, 177, 160, 304
-0.977934, 177, 97, 304, 160
-0.977999, 301, 225, 332, 288
-0.978037, 73, 249, 136, 312
-0.978067, 169, 1, 232, 128
-0.978136, 253, 177, 284, 304
-0.978255, 233, 185, 264, 248
-0.978309, 261, 177, 292, 240
-0.978336, 245, 33, 276, 160
-0.978408, 65, 225, 192, 288
-0.978439, 225, 113, 256, 240
-0.978515, 285, 273, 316, 333
-0.978538, 273, 161, 304, 224
-0.978547, 149, 209, 180, 333
-0.97856, 285, 129, 316, 192
-0.978561, 145, 105, 208, 168
-0.978571, 65, 9, 192, 72
-0.978616, 233, 273, 296, 333
-0.978626, 113, 105, 176, 168
-0.978842, 229, 177, 260, 304
-0.978901, 201, 265, 264, 328
-0.978933, 409, 121, 472, 184
-0.978938, 309, 193, 340, 256
-0.978953, 253, 121, 284, 184
-0.979, 337, 241, 368, 304
-0.979068, 369, 81, 432, 144
-0.979073, 297, 129, 328, 192
-0.979102, 81, 33, 144, 96
-0.979111, 281, 73, 344, 136
-0.97943, 97, 129, 128, 192
-0.979473, 369, 33, 432, 96
-0.979481, 273, 193, 304, 256
-0.979515, 185, 97, 248, 160
-0.979517, 313, 273, 344, 333
-0.979519, 121, 1, 184, 128
-0.979528, 269, 129, 300, 192
-0.97958, 329, 73, 392, 136
-0.979607, 349, 97, 380, 224
-0.979654, 273, 249, 400, 312
-0.979712, 401, 169, 432, 232
-0.979753, 201, 177, 264, 240
-0.979846, 145, 225, 176, 288
-0.979858, 361, 1, 424, 64
-0.979876, 273, 217, 304, 280
-0.979891, 49, 273, 176, 333
-0.979914, 301, 265, 332, 328
-0.979922, 225, 57, 352, 120
-0.979945, 349, 49, 380, 176
-0.979964, 41, 273, 104, 333
-0.97997, 341, 209, 372, 333
-0.980029, 225, 25, 288, 88
-0.980193, 109, 129, 140, 192
-0.980253, 325, 185, 356, 248
-0.980403, 253, 145, 284, 208
-0.980438, 89, 105, 120, 168
-0.980459, 57, 89, 120, 152
-0.980476, 161, 209, 192, 333
-0.98049, 281, 17, 344, 80
-0.980529, 409, 97, 472, 160
-0.980554, 285, 161, 316, 224
-0.9806, 265, 33, 328, 160
-0.980663, 225, 49, 256, 176
-0.980698, 305, 97, 336, 224
-0.980803, 197, 113, 228, 240
-0.980877, 225, 121, 256, 184
-0.980889, 133, 233, 164, 296
-0.980932, 113, 105, 240, 168
-0.980939, 157, 217, 188, 280
-0.980998, 253, 201, 284, 264
-0.981055, 185, 145, 248, 208
-0.981088, 313, 161, 344, 224
-0.981139, 237, 129, 268, 192
-0.981246, 177, 265, 240, 328
-0.981435, 213, 121, 244, 184
-0.981515, 357, 137, 388, 200
-0.981516, 233, 81, 264, 144
-0.981524, 325, 249, 356, 312
-0.981533, 249, 65, 312, 128
-0.98155, 49, 113, 112, 176
-0.981676, 265, 273, 296, 333
-0.981676, 225, 273, 352, 333
-0.981721, 317, 113, 348, 176
-0.981722, 161, 17, 224, 80
-0.981734, 161, 81, 224, 144
-0.98177, 177, 177, 240, 240
-0.981809, 373, 177, 404, 304
-0.981814, 321, 265, 448, 328
-0.981825, 349, 105, 380, 168
-0.981873, 113, 169, 240, 232
-0.981925, 201, 121, 232, 184
-0.981969, 165, 129, 196, 256
-0.981975, 137, 201, 200, 264
-0.982032, 57, 1, 120, 256
-0.982082, 345, 153, 376, 216
-0.982094, 1, 233, 128, 296
-0.982098, 401, 137, 432, 200
-0.982153, 149, 129, 180, 256
-0.982216, 329, 121, 360, 184
-0.982277, 213, 97, 244, 160
-0.982314, 309, 137, 340, 200
-0.982458, 221, 193, 252, 256
-0.982479, 117, 201, 148, 264
-0.982487, 361, 113, 392, 240
-0.982548, 333, 145, 364, 208
-0.982626, 137, 129, 168, 192
-0.982671, 337, 177, 368, 240
-0.982674, 329, 97, 360, 160
-0.98268, 217, 1, 280, 333
-0.982736, 121, 241, 152, 304
-0.982744, 393, 193, 424, 320
-0.982849, 289, 229, 352, 260
-0.982871, 337, 49, 400, 112
-0.982885, 89, 273, 120, 333
-0.982897, 229, 153, 260, 216
-0.982942, 89, 1, 152, 333
-0.983017, 177, 57, 304, 120
-0.983051, 273, 97, 400, 160
-0.983054, 401, 233, 432, 296
-0.983065, 117, 105, 148, 168
-0.983081, 401, 193, 432, 256
-0.983139, 105, 153, 168, 216
-0.983147, 109, 209, 140, 333
-0.983294, 337, 1, 400, 64
-0.983306, 257, 25, 320, 88
-0.983308, 389, 169, 420, 232
-0.983309, 121, 97, 152, 224
-0.983351, 77, 273, 108, 333
-0.983422, 401, 65, 432, 192
-0.983593, 313, 249, 344, 312
-0.983598, 345, 25, 408, 88
-0.983602, 93, 81, 124, 144
-0.983729, 285, 241, 316, 304
-0.983754, 409, 65, 472, 320
-0.983921, 169, 209, 200, 272
-0.983922, 233, 41, 264, 104
-0.983943, 89, 17, 120, 144
-0.984042, 409, 73, 472, 136
-0.984076, 253, 273, 284, 333
-0.984118, 209, 113, 240, 240
-0.984139, 109, 241, 140, 304
-0.984147, 65, 81, 192, 144
-0.984159, 357, 1, 388, 128
-0.98418, 373, 169, 404, 232
-0.984237, 145, 257, 176, 320
-0.984248, 145, 25, 272, 88
-0.984313, 337, 185, 400, 248
-0.984313, 117, 153, 148, 216
-0.984314, 89, 1, 120, 64
-0.984371, 413, 177, 444, 240
-0.984409, 325, 273, 356, 333
-0.98441, 257, 97, 288, 160
-0.984433, 149, 137, 180, 200
-0.984455, 161, 249, 192, 312
-0.984459, 209, 249, 336, 312
-0.984489, 49, 57, 112, 120
-0.984544, 233, 209, 264, 272
-0.984555, 89, 249, 120, 312
-0.984557, 201, 121, 264, 152
-0.984558, 129, 209, 160, 272
-0.984573, 241, 241, 304, 304
-0.984591, 357, 169, 388, 232
-0.984651, 405, 129, 436, 256
-0.984695, 361, 249, 392, 312
-0.984711, 369, 233, 496, 296
-0.984769, 33, 193, 160, 256
-0.984774, 281, 105, 312, 168
-0.984857, 409, 209, 440, 333
-0.984874, 145, 1, 208, 128
-0.984937, 369, 137, 400, 200
-0.985003, 337, 121, 464, 184
-0.985015, 273, 9, 400, 72
-0.985016, 353, 49, 384, 112
-0.985017, 413, 217, 444, 280
-0.985056, 353, 1, 384, 64
-0.985091, 137, 1, 200, 333
-0.985145, 349, 81, 380, 144
-0.98516, 193, 1, 256, 333
-0.985174, 241, 1, 304, 333
-0.985318, 257, 33, 288, 160
-0.985354, 1, 273, 128, 333
-0.985408, 57, 209, 120, 333
-0.985443, 341, 273, 372, 333
-0.98548, 209, 193, 240, 256
-0.985515, 293, 65, 324, 192
-0.985518, 121, 129, 152, 192
-0.985527, 369, 1, 432, 333
-0.985528, 1, 17, 128, 80
-0.985539, 225, 169, 480, 232
-0.98556, 173, 129, 204, 192
-0.985564, 389, 241, 420, 304
-0.985582, 65, 169, 192, 232
-0.985593, 17, 113, 144, 176
-0.985621, 353, 25, 384, 88
-0.985629, 305, 49, 368, 112
-0.985689, 65, 273, 96, 333
-0.98572, 181, 209, 212, 272
-0.985736, 97, 129, 352, 192
-0.985758, 193, 97, 224, 160
-0.985763, 313, 89, 344, 152
-0.985794, 361, 177, 392, 304
-0.985819, 161, 129, 192, 192
-0.985829, 337, 273, 400, 333
-0.985837, 121, 17, 184, 80
-0.985841, 389, 209, 420, 272
-0.985859, 345, 129, 376, 192
-0.985886, 345, 217, 376, 280
-0.985891, 113, 177, 144, 240
-0.985915, 265, 213, 328, 244
-0.985936, 233, 177, 296, 208
-0.985946, 369, 65, 496, 192
-0.986043, 137, 129, 168, 256
-0.986087, 297, 165, 360, 196
-0.986121, 421, 153, 452, 216
-0.986134, 389, 145, 420, 208
-0.986158, 189, 129, 220, 192
-0.986166, 293, 105, 324, 168
-0.986205, 217, 193, 248, 320
-0.986228, 89, 129, 152, 160
-0.986284, 333, 9, 364, 72
-0.986334, 337, 73, 368, 136
-0.986349, 421, 105, 452, 168
-0.986361, 209, 33, 240, 96
-0.986435, 401, 65, 432, 128
-0.986441, 101, 105, 132, 168
-0.986452, 153, 257, 216, 320
-0.986484, 249, 281, 312, 312
-0.986524, 409, 17, 472, 144
-0.986608, 169, 1, 232, 333
-0.986637, 161, 1, 288, 64
-0.986643, 273, 273, 336, 304
-0.986672, 177, 241, 240, 304
-0.986704, 93, 153, 124, 216
-0.98671, 369, 161, 496, 224
-0.98672, 233, 301, 296, 332
-0.986722, 405, 105, 436, 168
-0.986756, 257, 225, 288, 288
-0.986795, 225, 113, 480, 176
-0.986809, 1, 113, 500, 176
-0.986811, 197, 201, 228, 264
-0.986842, 269, 105, 300, 168
-0.986853, 1, 241, 64, 304
-0.986919, 73, 41, 104, 104
-0.986947, 221, 73, 252, 136
-0.98696, 337, 1, 400, 333
-0.98705, 141, 201, 172, 264
-0.987064, 273, 181, 336, 212
-0.987081, 129, 73, 256, 136
-0.987082, 361, 105, 392, 168
-0.987084, 181, 177, 212, 304
-0.987088, 105, 201, 136, 264
-0.987128, 365, 25, 396, 88
-0.987171, 221, 217, 252, 280
-0.98719, 129, 217, 384, 280
-0.987248, 89, 33, 120, 96
-0.987254, 373, 249, 404, 312
-0.9873, 113, 265, 144, 328
-0.98731, 65, 217, 128, 280
-0.987324, 305, 73, 368, 136
-0.987353, 225, 129, 288, 160
-0.987418, 209, 105, 272, 136
-0.987418, 401, 249, 464, 312
-0.987434, 249, 129, 312, 160
-0.987442, 25, 1, 88, 128
-0.987452, 369, 145, 432, 176
-0.987592, 409, 49, 472, 112
-0.987596, 97, 273, 224, 333
-0.9876, 281, 81, 312, 208
-0.987636, 25, 209, 88, 333
-0.987646, 365, 65, 396, 192
-0.98766, 113, 65, 176, 128
-0.987661, 225, 193, 480, 256
-0.987814, 161, 241, 288, 304
-0.987838, 257, 165, 320, 196
-0.987959, 209, 1, 272, 64
-0.987979, 329, 237, 392, 268
-0.98798, 209, 9, 336, 72
-0.987993, 145, 177, 208, 240
-0.988039, 225, 137, 480, 200
-0.988074, 1, 217, 500, 280
-0.988126, 129, 273, 192, 333
-0.988139, 369, 1, 496, 128
-0.988167, 113, 237, 176, 268
-0.988177, 249, 189, 312, 220
-0.988339, 373, 129, 404, 256
-0.988351, 421, 97, 452, 224
-0.988361, 337, 33, 368, 160
-0.988362, 209, 233, 272, 296
-0.988385, 265, 297, 328, 328
-0.988403, 193, 193, 224, 320
-0.988446, 401, 1, 432, 128
-0.988521, 33, 105, 288, 168
-0.988587, 249, 109, 312, 140
-0.988618, 289, 201, 352, 232
-0.988713, 369, 209, 496, 272
-0.988732, 1, 89, 500, 152
-0.988838, 81, 101, 144, 132
-0.988839, 297, 125, 360, 156
-0.988887, 97, 185, 352, 248
-0.988912, 369, 181, 432, 212
-0.988947, 1, 241, 500, 304
-0.988964, 269, 49, 300, 176
-0.988966, 57, 137, 120, 200
-0.988972, 217, 209, 280, 240
-0.988988, 393, 145, 424, 272
-0.989007, 225, 225, 480, 288
-0.989089, 281, 1, 344, 333
-0.98909, 273, 133, 336, 164
-0.989231, 213, 33, 244, 160
-0.989304, 241, 221, 304, 252
-0.989324, 305, 145, 368, 176
-0.989358, 313, 1, 376, 333
-0.989369, 125, 1, 156, 128
-0.989405, 225, 1, 256, 128
-0.989416, 241, 149, 304, 180
-0.989417, 97, 241, 352, 304
-0.98943, 33, 249, 96, 312
-0.98945, 65, 57, 192, 120
-0.989456, 321, 181, 384, 212
-0.989468, 233, 1, 296, 64
-0.989541, 205, 193, 236, 320
-0.989552, 369, 241, 432, 272
-0.989582, 1, 89, 128, 152
-0.989605, 65, 33, 192, 96
-0.989628, 185, 201, 248, 232
-0.989632, 305, 25, 368, 56
-0.989706, 65, 273, 128, 304
-0.989753, 81, 141, 144, 172
-0.989818, 369, 165, 432, 196
-0.989829, 209, 141, 272, 172
-0.989836, 181, 81, 212, 208
-0.989838, 113, 1, 176, 333
-0.989852, 133, 65, 164, 192
-0.989867, 137, 229, 200, 260
-0.989877, 1, 137, 500, 200
-0.989892, 81, 113, 144, 144
-0.989897, 73, 33, 104, 160
-0.989912, 153, 217, 216, 248
-0.989919, 33, 81, 288, 144
-0.989919, 417, 161, 448, 288
-0.989929, 93, 209, 124, 333
-0.98998, 129, 137, 192, 168
-0.989983, 425, 273, 488, 333
-0.989984, 81, 1, 144, 32
-0.989985, 129, 105, 384, 168
-0.989998, 113, 1, 240, 64
-0.990001, 225, 89, 480, 152
-0.990012, 81, 89, 144, 120
-0.990028, 233, 165, 296, 196
-0.990038, 105, 205, 168, 236
-0.990039, 369, 133, 432, 164
-0.990083, 289, 289, 352, 320
-0.990086, 169, 133, 232, 164
-0.990103, 129, 49, 256, 112
-0.990166, 369, 185, 496, 248
-0.990182, 225, 273, 480, 333
-0.990192, 273, 57, 400, 120
-0.990246, 65, 265, 320, 328
-0.990269, 101, 161, 132, 288
-0.990288, 337, 149, 400, 180
-0.990291, 89, 217, 152, 248
-0.990336, 337, 225, 400, 256
-0.990343, 401, 1, 464, 64
-0.990355, 241, 201, 304, 232
-0.990379, 393, 273, 456, 333
-0.990458, 313, 277, 376, 308
-0.990459, 65, 1, 128, 333
-0.990485, 257, 249, 500, 312
-0.990492, 281, 49, 344, 112
-0.990544, 113, 125, 176, 156
-0.99056, 265, 149, 328, 180
-0.990586, 65, 285, 128, 316
-0.990619, 33, 25, 288, 88
-0.990655, 105, 145, 168, 176
-0.990734, 81, 229, 144, 260
-0.990766, 225, 49, 288, 80
-0.990766, 209, 185, 272, 216
-0.99077, 281, 113, 344, 144
-0.990829, 129, 161, 384, 224
-0.990847, 81, 201, 144, 232
-0.990868, 105, 265, 168, 296
-0.990888, 225, 117, 288, 148
-0.990893, 305, 249, 368, 280
-0.990923, 369, 229, 432, 260
-0.991046, 153, 245, 216, 276
-0.991075, 201, 29, 264, 60
-0.99112, 129, 257, 192, 288
-0.99116, 81, 81, 112, 208
-0.991167, 369, 197, 432, 228
-0.991179, 249, 269, 312, 300
-0.991197, 89, 249, 152, 280
-0.991238, 281, 209, 312, 240
-0.991276, 1, 193, 500, 256
-0.991325, 153, 57, 216, 120
-0.991326, 361, 213, 424, 244
-0.99141, 321, 161, 384, 192
-0.99142, 193, 33, 320, 96
-0.991468, 345, 161, 408, 192
-0.991519, 209, 301, 272, 332
-0.991581, 309, 49, 340, 176
-0.991651, 321, 229, 352, 260
-0.991659, 305, 181, 432, 212
-0.99166, 257, 297, 288, 328
-0.991669, 313, 113, 376, 144
-0.991724, 1, 65, 500, 128
-0.991774, 265, 225, 328, 256
-0.991784, 185, 73, 248, 104
-0.991803, 245, 129, 276, 160
-0.991811, 1, 137, 256, 200
-0.991816, 129, 213, 192, 244
-0.991857, 89, 281, 152, 312
-0.991859, 185, 105, 248, 136
-0.991862, 1, 41, 128, 104
-0.991863, 369, 121, 432, 152
-0.991872, 321, 125, 384, 156
-0.991885, 409, 141, 472, 172
-0.991886, 225, 41, 480, 104
-0.99189, 1, 65, 128, 128
-0.991908, 353, 253, 416, 284
-0.991922, 81, 153, 144, 184
-0.991932, 209, 157, 272, 188
-0.991969, 269, 297, 300, 328
-0.991986, 301, 225, 332, 256
-0.992006, 197, 1, 228, 128
-0.992025, 241, 113, 272, 144
-0.992028, 277, 285, 308, 316
-0.99203, 89, 161, 120, 288
-0.992035, 281, 77, 344, 108
-0.992107, 81, 13, 144, 44
-0.99211, 241, 181, 272, 212
-0.992112, 97, 129, 128, 160
-0.992119, 161, 125, 288, 156
-0.992124, 225, 177, 352, 208
-0.992135, 293, 201, 324, 232
-0.992136, 153, 121, 216, 152
-0.992138, 257, 149, 288, 180
-0.992139, 1, 169, 500, 232
-0.992141, 33, 161, 288, 224
-0.992162, 65, 129, 128, 160
-0.99223, 193, 65, 448, 128
-0.992238, 193, 213, 256, 244
-0.992269, 281, 301, 312, 332
-0.992281, 129, 197, 192, 228
-0.992287, 369, 257, 496, 320
-0.992298, 209, 121, 240, 152
-0.992302, 401, 189, 464, 220
-0.992304, 409, 1, 472, 333
-0.992314, 225, 113, 352, 144
-0.992318, 245, 301, 276, 332
-0.992341, 393, 233, 456, 264
-0.99239, 209, 93, 272, 124
-0.992393, 317, 189, 348, 220
-0.992394, 49, 109, 112, 140
-0.992399, 409, 217, 472, 248
-0.9924, 257, 121, 288, 152
-0.992406, 49, 25, 112, 56
-0.99241, 225, 285, 288, 316
-0.992463, 109, 137, 140, 168
-0.992468, 293, 273, 324, 304
-0.992499, 1, 265, 500, 328
-0.992499, 297, 261, 360, 292
-0.992518, 241, 205, 272, 236
-0.992548, 401, 145, 432, 176
-0.992553, 229, 125, 260, 156
-0.992555, 345, 181, 408, 212
-0.992559, 341, 241, 372, 272
-0.992591, 249, 161, 280, 192
-0.992607, 169, 81, 200, 208
-0.992645, 269, 213, 300, 244
-0.992648, 161, 205, 224, 236
-0.992669, 321, 97, 384, 128
-0.992671, 297, 177, 328, 208
-0.992687, 241, 129, 368, 160
-0.992691, 265, 193, 296, 224
-0.992699, 285, 185, 316, 216
-0.992726, 257, 281, 288, 312
-0.992727, 117, 125, 148, 156
-0.992728, 277, 161, 308, 192
-0.992736, 257, 165, 384, 196
-0.992737, 297, 217, 360, 248
-0.992749, 305, 197, 336, 228
-0.992751, 317, 161, 348, 192
-0.992755, 305, 289, 336, 320
-0.992755, 81, 77, 144, 108
-0.992759, 5, 237, 36, 268
-0.992776, 273, 129, 304, 160
-0.992776, 297, 101, 360, 132
-0.992781, 145, 229, 176, 260
-0.992785, 225, 213, 256, 244
-0.992793, 41, 113, 104, 240
-0.992796, 401, 229, 432, 260
-0.992812, 273, 261, 336, 292
-0.992817, 217, 197, 280, 228
-0.99284, 293, 297, 324, 328
-0.992893, 73, 261, 136, 292
-0.992905, 281, 89, 344, 120
-0.99292, 273, 229, 400, 260
-0.992922, 93, 117, 124, 148
-0.992931, 253, 177, 284, 208
-0.992933, 313, 125, 344, 156
-0.992936, 209, 193, 336, 224
-0.99294, 133, 141, 164, 172
-0.992953, 333, 229, 364, 260
-0.992959, 117, 201, 148, 232
-0.992994, 405, 189, 436, 220
-0.993002, 93, 97, 124, 128
-0.993007, 253, 201, 284, 232
-0.993007, 281, 273, 312, 304
-0.993007, 125, 241, 156, 272
-0.993011, 281, 241, 344, 272
-0.993013, 269, 269, 300, 300
-0.993035, 377, 73, 440, 104
-0.993035, 377, 85, 440, 116
-0.993042, 297, 213, 328, 244
-0.993047, 113, 225, 176, 256
-0.993059, 369, 57, 432, 88
-0.993072, 289, 229, 320, 260
-0.993075, 401, 165, 432, 196
-0.993078, 321, 241, 448, 272
-0.99309, 257, 133, 288, 164
-0.993109, 297, 189, 360, 220
-0.993127, 49, 85, 112, 116
-0.993133, 317, 113, 348, 144
-0.993149, 409, 153, 472, 184
-0.993149, 329, 249, 392, 280
-0.993158, 233, 57, 264, 88
-0.993167, 93, 281, 124, 312
-0.993169, 377, 105, 440, 136
-0.993177, 409, 125, 472, 156
-0.993178, 349, 125, 380, 156
-0.993179, 33, 1, 288, 64
-0.99318, 265, 173, 296, 204
-0.993184, 221, 109, 252, 140
-0.993191, 237, 101, 268, 132
-0.993195, 373, 145, 404, 176
-0.993207, 305, 13, 368, 44
-0.993211, 93, 85, 124, 116
-0.993217, 333, 181, 364, 212
-0.993219, 169, 21, 232, 52
-0.99322, 309, 145, 340, 176
-0.993224, 1, 237, 64, 268
-0.99323, 221, 197, 252, 228
-0.993233, 269, 145, 300, 176
-0.993248, 41, 161, 104, 288
-0.99325, 357, 145, 388, 176
-0.993256, 321, 81, 448, 112
-0.993265, 209, 213, 336, 244
-0.993266, 297, 129, 328, 160
-0.99327, 157, 249, 188, 280
-0.993273, 329, 97, 360, 128
-0.993276, 349, 161, 380, 192
-0.99328, 393, 241, 424, 272
-0.993284, 251, 105, 266, 168
-0.993287, 33, 57, 288, 120
-0.993293, 321, 157, 448, 188
-0.993302, 329, 117, 360, 148
-0.993303, 365, 253, 396, 284
-0.993321, 217, 61, 280, 92
-0.993322, 385, 145, 416, 176
-0.993325, 225, 17, 480, 80
-0.993337, 157, 221, 188, 252
-0.993338, 349, 113, 380, 144
-0.993347, 229, 185, 260, 216
-0.99335, 361, 1, 424, 32
-0.993351, 285, 129, 316, 160
-0.993352, 109, 149, 140, 180
-0.993357, 297, 161, 328, 192
-0.993357, 81, 165, 144, 196
-0.993359, 409, 113, 472, 144
-0.993374, 229, 149, 260, 180
-0.993389, 93, 141, 124, 172
-0.993399, 309, 209, 340, 240
-0.993411, 405, 133, 436, 164
-0.993411, 197, 129, 228, 160
-0.993417, 345, 177, 376, 208
-0.993419, 393, 181, 424, 212
-0.99343, 113, 133, 240, 164
-0.99345, 333, 145, 364, 176
-0.993452, 161, 201, 288, 232
-0.993453, 145, 257, 176, 288
-0.99346, 297, 149, 328, 180
-0.993469, 317, 21, 348, 52
-0.993474, 257, 109, 288, 140
-0.993478, 301, 161, 316, 224
-0.993479, 233, 301, 264, 332
-0.993483, 241, 145, 368, 176
-0.993496, 305, 269, 336, 300
-0.993516, 245, 141, 276, 172
-0.993517, 405, 177, 436, 208
-0.993521, 17, 241, 48, 272
-0.993524, 309, 173, 340, 204
-0.99353, 297, 185, 312, 248
-0.993537, 237, 161, 268, 192
-0.993546, 321, 145, 448, 176
-0.993559, 349, 101, 380, 132
-0.993562, 145, 137, 176, 168
-0.99357, 267, 177, 282, 240
-0.993573, 73, 273, 104, 304
-0.993577, 315, 161, 330, 224
-0.993581, 329, 161, 360, 192
-0.993585, 317, 281, 348, 312
-0.993592, 329, 129, 360, 160
-0.993595, 241, 45, 272, 76
-0.993596, 125, 221, 156, 252
-0.993602, 353, 21, 384, 52
-0.993634, 405, 201, 436, 232
-0.99364, 251, 161, 266, 224
-0.993645, 113, 249, 144, 280
-0.993645, 353, 61, 384, 92
-0.993647, 421, 141, 452, 172
-0.993648, 229, 33, 260, 64
-0.993648, 89, 1, 120, 32
-0.99365, 353, 33, 384, 64
-0.993655, 121, 149, 152, 180
-0.993673, 329, 241, 360, 272
-0.99368, 345, 149, 376, 180
-0.993685, 417, 181, 448, 212
-0.993686, 109, 1, 140, 128
-0.993699, 333, 17, 364, 48
-0.9937, 353, 73, 384, 104
-0.993704, 245, 285, 276, 316
-0.993707, 1, 209, 64, 333
-0.99371, 307, 201, 322, 264
-0.99372, 289, 285, 320, 316
-0.993727, 133, 261, 164, 292
-0.993739, 33, 217, 288, 280
-0.993744, 353, 5, 384, 36
-0.993746, 313, 273, 328, 333
-0.993754, 413, 233, 444, 264
-0.993767, 321, 49, 352, 176
-0.993826, 323, 225, 338, 288
-0.993851, 333, 225, 348, 288
-0.993854, 377, 65, 408, 192
-0.993877, 293, 265, 308, 328
-0.993927, 241, 185, 256, 248
-0.993931, 65, 101, 192, 132
-0.993999, 343, 233, 358, 296
-0.994007, 261, 177, 276, 240
-0.994066, 327, 185, 342, 248
-0.994086, 321, 225, 448, 256
-0.994094, 277, 193, 292, 256
-0.994109, 113, 245, 240, 276
-0.994165, 321, 69, 448, 100
-0.99417, 81, 209, 208, 240
-0.994179, 285, 185, 300, 248
-0.994184, 289, 209, 304, 272
-0.994192, 305, 265, 320, 328
-0.994203, 281, 129, 296, 192
-0.994212, 201, 65, 232, 192
-0.994215, 287, 161, 302, 224
-0.994215, 81, 257, 208, 288
-0.994232, 307, 225, 322, 288
-0.994235, 255, 137, 270, 200
-0.994252, 413, 177, 428, 240
-0.994258, 299, 129, 314, 192
-0.994267, 307, 177, 322, 240
-0.994287, 305, 129, 320, 192
-0.994287, 225, 101, 352, 132
-0.994313, 317, 1, 348, 128
-0.994349, 109, 129, 124, 192
-0.994353, 241, 273, 368, 304
-0.994358, 65, 125, 192, 156
-0.994364, 321, 45, 448, 76
-0.99438, 313, 129, 328, 192
-0.994384, 1, 41, 500, 104
-0.994449, 157, 81, 188, 208
-0.99445, 161, 217, 288, 248
-0.99447, 313, 225, 328, 288
-0.9945, 209, 121, 224, 184
-0.994504, 293, 129, 308, 192
-0.994527, 229, 113, 244, 176
-0.994552, 299, 225, 314, 288
-0.994557, 17, 161, 144, 224
-0.994573, 321, 9, 448, 40
-0.994585, 275, 129, 290, 192
-0.99459, 261, 121, 276, 184
-0.994624, 275, 169, 290, 232
-0.994658, 239, 121, 254, 184
-0.994703, 277, 217, 292, 280
-0.994734, 273, 241, 400, 272
-0.99477, 65, 113, 192, 144
-0.994793, 291, 185, 306, 248
-0.994796, 321, 57, 448, 88
-0.994802, 225, 301, 352, 332
-0.994811, 287, 273, 302, 333
-0.994816, 281, 273, 296, 333
-0.994822, 321, 169, 448, 200
-0.994841, 287, 129, 302, 192
-0.994844, 147, 233, 162, 296
-0.994845, 313, 193, 328, 256
-0.994861, 235, 193, 250, 256
-0.994883, 299, 265, 314, 328
-0.994887, 257, 189, 384, 220
-0.99489, 145, 105, 272, 136
-0.994896, 163, 217, 178, 280
-0.994898, 157, 225, 172, 288
-0.994904, 321, 193, 336, 256
-0.994912, 321, 93, 448, 124
-0.994955, 269, 137, 284, 200
-0.994968, 225, 225, 352, 256
-0.994991, 319, 273, 334, 333
-0.994996, 321, 109, 448, 140
-0.995008, 65, 225, 192, 256
-0.99502, 325, 265, 340, 328
-0.995044, 245, 153, 260, 216
-0.995067, 321, 213, 448, 244
-0.995108, 321, 33, 448, 64
-0.99512, 321, 121, 448, 152
-0.995124, 145, 189, 272, 220
-0.995132, 337, 249, 352, 312
-0.995141, 17, 137, 144, 200
-0.995177, 261, 153, 276, 216
-0.995221, 401, 169, 416, 232
-0.995226, 97, 89, 112, 152
-0.995231, 247, 185, 262, 248
-0.995274, 271, 217, 286, 280
-0.995275, 257, 209, 384, 240
-0.995323, 343, 177, 358, 240
-0.995325, 275, 273, 290, 333
-0.995334, 115, 137, 130, 200
-0.995347, 321, 133, 448, 164
-0.995357, 261, 201, 276, 264
-0.995362, 295, 161, 310, 224
-0.995386, 65, 145, 192, 176
-0.995388, 133, 145, 148, 208
-0.995392, 141, 233, 156, 296
-0.995405, 33, 1, 96, 256
-0.995419, 413, 49, 444, 176
-0.995421, 415, 225, 430, 288
-0.995436, 135, 241, 150, 304
-0.995443, 321, 21, 448, 52
-0.995449, 331, 249, 346, 312
-0.995456, 49, 269, 176, 300
-0.995461, 225, 289, 352, 320
-0.995464, 355, 161, 370, 224
-0.995488, 329, 97, 344, 160
-0.995524, 161, 265, 288, 296
-0.995534, 307, 153, 322, 216
-0.995534, 253, 185, 268, 248
-0.995537, 343, 137, 358, 200
-0.995593, 235, 41, 250, 104
-0.995601, 65, 9, 192, 40
-0.995625, 321, 269, 448, 300
-0.995638, 305, 193, 432, 224
-0.995643, 177, 289, 304, 320
-0.995646, 321, 253, 448, 284
-0.995651, 81, 209, 112, 333
-0.995665, 317, 249, 332, 312
-0.995678, 97, 121, 112, 184
-0.995683, 1, 241, 256, 304
-0.995706, 95, 1, 110, 64
-0.995709, 241, 85, 368, 116
-0.995721, 369, 41, 496, 104
-0.995722, 283, 217, 298, 280
-0.995739, 113, 121, 240, 152
-0.995749, 209, 65, 336, 96
-0.995781, 83, 273, 98, 333
-0.995784, 161, 137, 288, 168
-0.995795, 17, 233, 144, 264
-0.995795, 125, 201, 140, 264
-0.995806, 273, 25, 400, 56
-0.995813, 209, 165, 336, 196
-0.995827, 221, 113, 236, 176
-0.995857, 1, 17, 500, 80
-0.995858, 151, 137, 166, 200
-0.995858, 247, 129, 262, 192
-0.995864, 241, 45, 368, 76
-0.995865, 349, 153, 364, 216
-0.995891, 263, 273, 278, 333
-0.995897, 139, 121, 154, 184
-0.995904, 109, 105, 124, 168
-0.995916, 245, 105, 260, 168
-0.995917, 1, 17, 64, 144
-0.995924, 125, 233, 140, 296
-0.995929, 41, 1, 104, 333
-0.995932, 321, 161, 336, 224
-0.995981, 215, 105, 230, 168
-0.995985, 203, 129, 218, 192
-0.995988, 369, 81, 496, 144
-0.99599, 319, 129, 334, 192
-0.996005, 333, 161, 348, 224
-0.996017, 133, 201, 148, 264
-0.996021, 229, 193, 244, 256
-0.996036, 417, 145, 432, 208
-0.99605, 145, 85, 272, 116
-0.996088, 337, 185, 352, 248
-0.996105, 169, 217, 184, 280
-0.996118, 405, 201, 420, 264
-0.996127, 113, 233, 240, 264
-0.996138, 161, 301, 288, 332
-0.996146, 103, 129, 118, 192
-0.996148, 281, 161, 296, 224
-0.996197, 161, 177, 288, 208
-0.996198, 235, 153, 250, 216
-0.996201, 239, 81, 254, 144
-0.996204, 129, 1, 384, 64
-0.996211, 257, 273, 272, 333
-0.996225, 349, 177, 364, 240
-0.996247, 273, 261, 400, 292
-0.996251, 395, 169, 410, 232
-0.99627, 329, 121, 344, 184
-0.996275, 365, 137, 380, 200
-0.996276, 1, 41, 128, 72
-0.996281, 371, 169, 386, 232
-0.996285, 121, 169, 136, 232
-0.99629, 381, 169, 396, 232
-0.996323, 65, 245, 192, 276
-0.996332, 287, 241, 302, 304
-0.996338, 223, 193, 238, 256
-0.996349, 263, 97, 278, 160
-0.99635, 363, 257, 378, 320
-0.99636, 389, 169, 404, 232
-0.99638, 407, 169, 422, 232
-0.996422, 119, 201, 134, 264
-0.996428, 261, 1, 292, 256
-0.996431, 189, 1, 220, 256
-0.996433, 129, 41, 384, 104
-0.996454, 145, 137, 160, 200
-0.996467, 177, 209, 192, 272
-0.996485, 311, 249, 326, 312
-0.996498, 121, 121, 136, 184
-0.996503, 65, 197, 192, 228
-0.996507, 145, 277, 272, 308
-0.99651, 361, 169, 376, 232
-0.996522, 233, 73, 248, 136
-0.996523, 161, 153, 288, 184
-0.996524, 157, 1, 188, 128
-0.996539, 89, 273, 104, 333
-0.996541, 335, 89, 350, 152
-0.99657, 103, 105, 118, 168
-0.996587, 273, 117, 400, 148
-0.996619, 17, 129, 144, 160
-0.996666, 193, 277, 320, 308
-0.996679, 273, 293, 400, 324
-0.996681, 97, 185, 224, 216
-0.996696, 369, 233, 496, 264
-0.996705, 305, 281, 432, 312
-0.996711, 1, 245, 128, 276
-0.996717, 65, 89, 192, 120
-0.996763, 65, 21, 192, 52
-0.996768, 257, 1, 384, 32
-0.996772, 177, 1, 208, 256
-0.996839, 225, 25, 352, 56
-0.996864, 349, 65, 380, 320
-0.996874, 113, 221, 240, 252
-0.996892, 111, 129, 126, 160
-0.996907, 241, 1, 272, 256
-0.996919, 369, 145, 496, 176
-0.996941, 33, 281, 160, 312
-0.996967, 1, 1, 128, 32
-0.99697, 225, 261, 352, 292
-0.996986, 97, 269, 224, 300
-0.997019, 145, 165, 272, 196
-0.997021, 129, 17, 256, 48
-0.997024, 301, 225, 316, 256
-0.997031, 81, 69, 208, 100
-0.997044, 17, 117, 144, 148
-0.997045, 251, 161, 266, 192
-0.997066, 201, 33, 232, 288
-0.997072, 145, 81, 176, 208
-0.997077, 65, 33, 192, 64
-0.997095, 253, 129, 268, 160
-0.997096, 287, 209, 302, 240
-0.997119, 193, 13, 320, 44
-0.99712, 273, 297, 288, 328
-0.997133, 273, 13, 400, 44
-0.997149, 329, 65, 360, 320
-0.997154, 193, 85, 320, 116
-0.997154, 281, 65, 312, 320
-0.997159, 273, 73, 400, 104
-0.997166, 267, 297, 282, 328
-0.99718, 285, 281, 300, 312
-0.997188, 1, 21, 128, 52
-0.997206, 369, 1, 400, 128
-0.997213, 333, 229, 348, 260
-0.997234, 1, 93, 128, 124
-0.997262, 425, 49, 456, 176
-0.99727, 281, 297, 296, 328
-0.997285, 213, 33, 244, 288
-0.997288, 295, 205, 310, 236
-0.997288, 177, 229, 304, 260
-0.997293, 415, 181, 430, 212
-0.997317, 185, 1, 216, 128
-0.997328, 225, 237, 352, 268
-0.997332, 287, 297, 302, 328
-0.997335, 145, 33, 272, 64
-0.997336, 177, 253, 304, 284
-0.997362, 153, 65, 184, 320
-0.997393, 305, 201, 320, 232
-0.997406, 401, 33, 432, 288
-0.997407, 81, 301, 208, 332
-0.997416, 261, 121, 276, 152
-0.99742, 145, 73, 272, 104
-0.997433, 319, 229, 334, 260
-0.997437, 243, 181, 258, 212
-0.997445, 229, 33, 260, 288
-0.997451, 117, 65, 148, 320
-0.997462, 307, 225, 322, 256
-0.997472, 279, 285, 294, 316
-0.997483, 287, 269, 302, 300
-0.997487, 343, 233, 358, 264
-0.997501, 105, 129, 120, 160
-0.997507, 321, 193, 336, 224
-0.997516, 137, 1, 168, 256
-0.997521, 165, 65, 196, 320
-0.997536, 413, 229, 428, 260
-0.997539, 273, 57, 400, 88
-0.997541, 251, 109, 266, 140
-0.997562, 113, 1, 240, 32
-0.997578, 1, 185, 256, 248
-0.997578, 137, 1, 168, 128
-0.997593, 17, 1, 80, 333
-0.997607, 97, 121, 112, 152
-0.99762, 369, 17, 496, 80
-0.997639, 241, 125, 256, 156
-0.997644, 369, 133, 496, 164
-0.997646, 81, 281, 208, 312
-0.997661, 325, 229, 340, 260
-0.997665, 261, 281, 276, 312
-0.997668, 305, 293, 320, 324
-0.997672, 263, 133, 278, 164
-0.997681, 369, 205, 496, 236
-0.997685, 93, 65, 124, 320
-0.997698, 361, 65, 392, 320
-0.997708, 415, 145, 430, 176
-0.997712, 311, 197, 326, 228
-0.997716, 277, 213, 292, 244
-0.997717, 65, 161, 192, 192
-0.997723, 249, 177, 264, 208
-0.997724, 249, 301, 264, 332
-0.997729, 259, 297, 274, 328
-0.99774, 353, 181, 480, 212
-0.997745, 293, 65, 324, 320
-0.997751, 273, 97, 400, 128
-0.997764, 1, 221, 128, 252
-0.99777, 291, 281, 306, 312
-0.997772, 121, 133, 136, 164
-0.997781, 193, 37, 320, 68
-0.997783, 9, 233, 24, 264
-0.997796, 1, 81, 128, 112
-0.997806, 369, 157, 496, 188
-0.997806, 121, 201, 136, 232
-0.99781, 301, 213, 316, 244
-0.997812, 273, 273, 304, 288
-0.997818, 353, 89, 384, 104
-0.99782, 129, 57, 256, 88
-0.997821, 347, 177, 362, 208
-0.997829, 393, 149, 424, 164
-0.997829, 309, 223, 340, 238
-0.997829, 273, 173, 288, 204
-0.997835, 331, 185, 346, 216
-0.99784, 293, 301, 308, 332
-0.997842, 349, 135, 380, 150
-0.99785, 301, 181, 316, 212
-0.997853, 297, 275, 328, 290
-0.997854, 381, 149, 412, 164
-0.997855, 217, 117, 232, 148
-0.997857, 255, 177, 270, 208
-0.997858, 249, 159, 280, 174
-0.997859, 329, 123, 360, 138
-0.99786, 273, 285, 288, 316
-0.997861, 211, 121, 226, 152
-0.997861, 247, 129, 262, 160
-0.997863, 237, 305, 268, 320
-0.997865, 297, 273, 312, 304
-0.997871, 205, 127, 236, 142
-0.997873, 269, 129, 284, 160
-0.99788, 233, 159, 264, 174
-0.997885, 237, 211, 268, 226
-0.997887, 373, 65, 404, 320
-0.997887, 421, 145, 452, 160
-0.997887, 317, 65, 348, 320
-0.997893, 235, 121, 250, 152
-0.997893, 285, 295, 316, 310
-0.997897, 233, 141, 264, 156
-0.99791, 121, 131, 152, 146
-0.99791, 261, 273, 292, 288
-0.997914, 149, 137, 180, 152
-0.997917, 333, 147, 364, 162
-0.997923, 93, 95, 124, 110
-0.997927, 93, 87, 124, 102
-0.997932, 313, 207, 344, 222
-0.997933, 73, 23, 104, 38
-0.997933, 271, 145, 286, 176
-0.997936, 273, 173, 304, 188
-0.997939, 1, 105, 128, 136
-0.99794, 349, 117, 380, 132
-0.997945, 381, 165, 412, 180
-0.997946, 413, 193, 428, 224
-0.997948, 289, 209, 304, 333
-0.997949, 349, 111, 380, 126
-0.997957, 169, 1, 200, 128
-0.997958, 1, 229, 16, 260
-0.997958, 313, 195, 344, 210
-0.997964, 237, 105, 268, 120
-0.997966, 135, 145, 150, 176
-0.997967, 271, 217, 286, 248
-0.997968, 235, 213, 250, 244
-0.997969, 325, 281, 356, 296
-0.997971, 289, 133, 320, 148
-0.997977, 281, 165, 296, 196
-0.997977, 313, 129, 328, 160
-0.997979, 125, 227, 156, 242
-0.99798, 251, 129, 266, 256
-0.997981, 299, 297, 314, 328
-0.997985, 205, 129, 220, 160
-0.997987, 333, 157, 364, 172
-0.998001, 305, 161, 320, 192
-0.998003, 275, 129, 290, 160
-0.998005, 261, 291, 292, 306
-0.998007, 369, 149, 400, 164
-0.998011, 1, 269, 128, 300
-0.998015, 401, 177, 432, 192
-0.998017, 303, 273, 318, 304
-0.998021, 145, 45, 272, 76
-0.998025, 161, 241, 288, 272
-0.998027, 129, 205, 144, 236
-0.99803, 415, 157, 430, 188
-0.998031, 369, 221, 496, 252
-0.998033, 349, 237, 364, 268
-0.998033, 413, 65, 444, 320
-0.998033, 225, 249, 352, 280
-0.998034, 245, 165, 260, 196
-0.998035, 95, 85, 110, 116
-0.998036, 325, 187, 356, 202
-0.998036, 267, 197, 282, 228
-0.998037, 105, 65, 136, 320
-0.998038, 303, 129, 318, 160
-0.99804, 97, 147, 128, 162
-0.998045, 263, 177, 278, 208
-0.998045, 17, 237, 32, 268
-0.998046, 225, 121, 240, 152
-0.998047, 193, 53, 320, 84
-0.998051, 241, 209, 256, 240
-0.998052, 329, 113, 344, 144
-0.998053, 369, 245, 496, 276
-0.998054, 257, 165, 288, 180
-0.998057, 321, 25, 352, 40
-0.998059, 307, 209, 322, 333
-0.99806, 235, 57, 250, 88
-0.99806, 313, 225, 328, 256
-0.998064, 141, 137, 156, 168
-0.998065, 251, 205, 266, 236
-0.99807, 97, 97, 112, 128
-0.99807, 277, 211, 308, 226
-0.998072, 279, 273, 294, 304
-0.998078, 225, 215, 256, 230
-0.998081, 313, 209, 328, 240
-0.998081, 111, 141, 126, 172
-0.998082, 97, 283, 128, 298
-0.998082, 235, 109, 250, 140
-0.998086, 137, 141, 168, 156
-0.998088, 97, 173, 224, 204
-0.998091, 367, 257, 382, 288
-0.998091, 309, 275, 340, 290
-0.998093, 257, 107, 288, 122
-0.998093, 243, 113, 258, 144
-0.998094, 227, 105, 242, 136
-0.998095, 285, 227, 316, 242
-0.998097, 389, 145, 404, 176
-0.998097, 261, 309, 292, 324
-0.998102, 311, 169, 326, 200
-0.998103, 315, 289, 330, 320
-0.998106, 349, 123, 380, 138
-0.998108, 311, 145, 326, 176
-0.998114, 113, 205, 144, 220
-0.998114, 353, 145, 384, 160
-0.998121, 293, 185, 308, 216
-0.998122, 229, 57, 260, 72
-0.998124, 281, 279, 312, 294
-0.998126, 237, 193, 268, 208
-0.998127, 305, 33, 336, 288
-0.998134, 89, 121, 120, 136
-0.998138, 259, 113, 274, 240
-0.998142, 309, 147, 340, 162
-0.998142, 375, 145, 390, 176
-0.998144, 237, 185, 252, 216
-0.998145, 349, 129, 380, 144
-0.998149, 283, 189, 298, 220
-0.998151, 297, 235, 328, 250
-0.998152, 341, 181, 356, 212
-0.998157, 297, 129, 312, 160
-0.998157, 233, 153, 264, 168
-0.998158, 353, 165, 384, 180
-0.998164, 295, 229, 310, 260
-0.998164, 257, 285, 288, 300
-0.998167, 297, 209, 312, 333
-0.998168, 259, 201, 274, 232
-0.998177, 369, 165, 400, 180
-0.998182, 399, 145, 414, 176
-0.998183, 353, 161, 368, 192
-0.998187, 299, 165, 314, 196
-0.998188, 257, 177, 288, 192
-0.998189, 257, 165, 272, 196
-0.998189, 401, 235, 432, 250
-0.998191, 313, 157, 328, 188
-0.998194, 311, 273, 326, 304
-0.998197, 263, 161, 278, 192
-0.99821, 319, 129, 334, 160
-0.99821, 233, 197, 248, 228
-0.998211, 275, 193, 290, 224
-0.998215, 329, 113, 360, 128
-0.998215, 95, 109, 110, 140
-0.998217, 273, 293, 304, 308
-0.998223, 333, 177, 348, 304
-0.998225, 229, 213, 244, 244
-0.998226, 401, 181, 416, 212
-0.998226, 313, 127, 344, 142
-0.998228, 317, 177, 332, 304
-0.99823, 297, 285, 312, 316
-0.998232, 383, 145, 398, 176
-0.998238, 407, 145, 422, 176
-0.99824, 281, 129, 296, 160
-0.998244, 273, 1, 304, 128
-0.998247, 99, 133, 114, 164
-0.998247, 325, 177, 340, 304
-0.998251, 353, 153, 384, 168
-0.998251, 249, 303, 280, 318
-0.998251, 251, 81, 266, 208
-0.998255, 261, 109, 276, 140
-0.998256, 301, 131, 332, 146
-0.998269, 291, 161, 306, 192
-0.998269, 305, 149, 320, 180
-0.998272, 221, 105, 236, 136
-0.998273, 245, 145, 260, 176
-0.998273, 23, 237, 38, 268
-0.998274, 407, 221, 422, 252
-0.998277, 415, 133, 430, 164
-0.998285, 281, 165, 312, 180
-0.998291, 397, 229, 428, 244
-0.998292, 109, 149, 140, 164
-0.998294, 301, 295, 332, 310
-0.9983, 273, 133, 304, 148
-0.998333, 285, 271, 316, 286
-0.998335, 257, 131, 288, 146
-0.998348, 269, 285, 300, 300
-0.998362, 289, 229, 352, 244
-0.998362, 301, 165, 332, 180
-0.998364, 209, 123, 272, 138
-0.998384, 401, 183, 432, 198
-0.998386, 321, 165, 352, 180
-0.9984, 245, 49, 260, 176
-0.998405, 333, 129, 348, 256
-0.998406, 333, 23, 364, 38
-0.998415, 241, 179, 304, 194
-0.998416, 233, 303, 296, 318
-0.998436, 265, 219, 296, 234
-0.998443, 281, 275, 344, 290
-0.998445, 201, 129, 264, 144
-0.998445, 369, 149, 432, 164
-0.998446, 289, 235, 352, 250
-0.998449, 107, 113, 122, 240
-0.99845, 277, 309, 308, 324
-0.998451, 297, 177, 360, 192
-0.998454, 273, 167, 336, 182
-0.998454, 89, 139, 152, 154
-0.998458, 89, 133, 152, 148
-0.998459, 241, 297, 304, 312
-0.998459, 369, 165, 432, 180
-0.99846, 329, 183, 392, 198
-0.998463, 283, 209, 298, 333
-0.998464, 265, 215, 328, 230
-0.998465, 217, 117, 280, 132
-0.998466, 305, 163, 368, 178
-0.998468, 249, 133, 312, 148
-0.998469, 329, 241, 392, 256
-0.99847, 265, 173, 328, 188
-0.998474, 69, 1, 100, 256
-0.998474, 233, 127, 296, 142
-0.998476, 257, 287, 320, 302
-0.998478, 305, 27, 368, 42
-0.998479, 369, 155, 432, 170
-0.99848, 265, 297, 328, 312
-0.998481, 369, 183, 432, 198
-0.998481, 113, 247, 176, 262
-0.998482, 233, 185, 296, 200
-0.998483, 241, 163, 304, 178
-0.998486, 281, 209, 344, 224
-0.998487, 277, 193, 292, 320
-0.998487, 265, 195, 328, 210
-0.998489, 81, 101, 144, 116
-0.99849, 305, 171, 368, 186
-0.99849, 305, 147, 368, 162
-0.998491, 241, 205, 304, 220
-0.998493, 257, 221, 320, 236
-0.998494, 249, 111, 312, 126
-0.998496, 337, 165, 400, 180
-0.998497, 89, 147, 152, 162
-0.998498, 249, 309, 280, 324
-0.998499, 281, 287, 312, 302
-0.998501, 281, 185, 344, 200
-0.998501, 297, 127, 360, 142
-0.998503, 185, 123, 248, 138
-0.998505, 113, 135, 176, 150
-0.998508, 245, 123, 276, 138
-0.998509, 301, 199, 332, 214
-0.998511, 81, 109, 144, 124
-0.998512, 233, 309, 296, 324
-0.998513, 145, 137, 208, 152
-0.998513, 129, 213, 192, 228
-0.998514, 129, 241, 192, 256
-0.998514, 249, 229, 312, 244
-0.998515, 81, 91, 144, 106
-0.998518, 249, 315, 312, 330
-0.998518, 249, 143, 312, 158
-0.998519, 225, 145, 288, 160
-0.998519, 249, 279, 312, 294
-0.998521, 289, 203, 352, 218
-0.998522, 217, 217, 280, 232
-0.998522, 369, 231, 432, 246
-0.998522, 269, 145, 284, 272
-0.998524, 209, 107, 272, 122
-0.998525, 257, 309, 320, 324
-0.998527, 81, 205, 144, 220
-0.998528, 217, 167, 280, 182
-0.998531, 81, 1, 144, 16
-0.998531, 321, 247, 384, 262
-0.998531, 89, 211, 152, 226
-0.998532, 273, 133, 336, 148
-0.998533, 369, 135, 432, 150
-0.998534, 81, 117, 144, 132
-0.998534, 233, 211, 296, 226
-0.998535, 345, 155, 408, 170
-0.998537, 369, 177, 432, 192
-0.998537, 225, 133, 288, 148
-0.998537, 377, 243, 440, 258
-0.998538, 49, 27, 112, 42
-0.998538, 257, 121, 320, 136
-0.998539, 225, 193, 288, 208
-0.998539, 281, 281, 344, 296
-0.99854, 313, 191, 376, 206
-0.998541, 113, 129, 176, 144
-0.998541, 81, 123, 144, 138
-0.998542, 161, 131, 224, 146
-0.998542, 89, 219, 152, 234
-0.998543, 113, 145, 176, 160
-0.998545, 385, 65, 416, 320
-0.998545, 361, 251, 424, 266
-0.998545, 249, 273, 312, 288
-0.998547, 81, 85, 144, 100
-0.998547, 161, 221, 224, 236
-0.998547, 343, 129, 358, 256
-0.998548, 409, 193, 440, 208
-0.998551, 89, 233, 152, 248
-0.998551, 225, 139, 288, 154
-0.998552, 369, 143, 432, 158
-0.998553, 81, 9, 144, 24
-0.998553, 81, 17, 144, 32
-0.998554, 193, 201, 256, 216
-0.998554, 105, 253, 168, 268
-0.998554, 113, 225, 176, 240
-0.998555, 81, 239, 144, 254
-0.998555, 305, 157, 368, 172
-0.998555, 145, 255, 208, 270
-0.998556, 345, 149, 408, 164
-0.998556, 297, 197, 360, 212
-0.998556, 337, 177, 400, 192
-0.998556, 273, 303, 336, 318
-0.998557, 289, 241, 352, 256
-0.998557, 321, 21, 384, 36
-0.998558, 401, 193, 464, 208
-0.998558, 89, 283, 152, 298
-0.998558, 217, 315, 280, 330
-0.99856, 65, 277, 128, 292
-0.998561, 233, 79, 296, 94
-0.998562, 409, 159, 472, 174
-0.998562, 241, 173, 304, 188
-0.998562, 225, 57, 288, 72
-0.998563, 129, 235, 192, 250
-0.998563, 369, 203, 432, 218
-0.998563, 289, 295, 352, 310
-0.998563, 81, 153, 144, 168
-0.998564, 297, 115, 360, 130
-0.998565, 257, 127, 320, 142
-0.998566, 217, 199, 280, 214
-0.998566, 161, 247, 224, 262
-0.998567, 209, 307, 272, 322
-0.998567, 369, 225, 432, 240
-0.998568, 109, 131, 140, 146
-0.998568, 369, 129, 432, 144
-0.998569, 409, 145, 472, 160
-0.99857, 321, 281, 384, 296
-0.998572, 129, 201, 192, 216
-0.998572, 49, 19, 112, 34
-0.998572, 193, 191, 256, 206
-0.998572, 193, 83, 256, 98
-0.998572, 369, 197, 432, 212
-0.99858, 341, 241, 372, 256
-0.998582, 121, 49, 152, 176
-0.998591, 333, 235, 364, 250
-0.998606, 293, 17, 324, 144
-0.998617, 89, 127, 120, 142
-0.998619, 401, 155, 432, 170
-0.998624, 245, 129, 260, 256
-0.998631, 263, 161, 278, 288
-0.99864, 93, 101, 124, 116
-0.998644, 241, 147, 272, 162
-0.998645, 225, 125, 256, 140
-0.998659, 241, 177, 256, 304
-0.998688, 277, 129, 292, 256
-0.998688, 341, 181, 372, 196
-0.998688, 257, 125, 288, 140
-0.998689, 327, 97, 342, 224
-0.998691, 97, 81, 112, 208
-0.998693, 393, 241, 424, 256
-0.998697, 127, 161, 142, 288
-0.998708, 117, 137, 148, 152
-0.998715, 13, 239, 44, 254
-0.998719, 345, 177, 360, 304
-0.998727, 301, 211, 332, 226
-0.998751, 241, 115, 272, 130
-0.998759, 339, 177, 354, 304
-0.998761, 81, 65, 112, 320
-0.998766, 269, 193, 284, 320
-0.998769, 339, 81, 354, 208
-0.998774, 93, 139, 124, 154
-0.998813, 117, 145, 132, 272
-0.998814, 351, 145, 366, 272
-0.998851, 269, 279, 300, 294
-0.998854, 145, 209, 160, 333
-0.998854, 113, 97, 128, 224
-0.998862, 95, 1, 110, 128
-0.998867, 193, 129, 208, 256
-0.998867, 237, 49, 252, 176
-0.998871, 245, 315, 276, 330
-0.998872, 293, 205, 324, 220
-0.998876, 405, 149, 436, 164
-0.998878, 245, 181, 276, 196
-0.998888, 113, 143, 144, 158
-0.998894, 253, 145, 284, 160
-0.998908, 199, 129, 214, 256
-0.998919, 139, 177, 154, 304
-0.998924, 1, 237, 32, 252
-0.998924, 309, 229, 340, 244
-0.998939, 239, 113, 254, 240
-0.998939, 131, 209, 146, 333
-0.998958, 233, 113, 248, 240
-0.998961, 177, 129, 192, 256
-0.998963, 309, 113, 324, 240
-0.99897, 251, 33, 266, 160
-0.998978, 155, 209, 170, 333
-0.99898, 249, 137, 280, 152
-0.998997, 401, 165, 432, 180
-0.999009, 187, 129, 202, 256
-0.999013, 257, 177, 272, 304
-0.999022, 433, 65, 496, 320
-0.999023, 299, 129, 314, 256
-0.999028, 425, 33, 456, 288
-0.999035, 245, 167, 276, 182
-0.999045, 265, 317, 296, 332
-0.999046, 245, 129, 276, 144
-0.999049, 277, 217, 308, 232
-0.999052, 171, 129, 186, 256
-0.999072, 289, 129, 304, 256
-0.999086, 235, 177, 250, 304
-0.999107, 319, 97, 334, 224
-0.999121, 167, 209, 182, 333
-0.999134, 345, 81, 360, 208
-0.999146, 417, 49, 432, 176
-0.999151, 305, 161, 320, 288
-0.999162, 253, 297, 284, 312
-0.999163, 333, 81, 348, 208
-0.999165, 161, 209, 176, 333
-0.999211, 161, 129, 176, 256
-0.999231, 285, 301, 316, 316
-0.999246, 133, 161, 148, 288
-0.999253, 103, 65, 118, 192
-0.999274, 205, 113, 220, 240
-0.999279, 377, 177, 392, 304
-0.999289, 17, 209, 48, 333
-0.999291, 283, 129, 298, 256
-0.999292, 311, 161, 326, 288
-0.999294, 119, 97, 134, 224
-0.999294, 365, 113, 380, 240
-0.999319, 123, 209, 138, 333
-0.999319, 57, 1, 88, 256
-0.99934, 353, 81, 368, 208
-0.999344, 365, 177, 380, 304
-0.99935, 297, 81, 312, 208
-0.999375, 383, 177, 398, 304
-0.999383, 405, 193, 420, 320
-0.999386, 247, 177, 262, 304
-0.999393, 173, 209, 188, 333
-0.999395, 381, 129, 396, 256
-0.999396, 375, 129, 390, 256
-0.999396, 227, 113, 242, 240
-0.999424, 229, 177, 244, 304
-0.999428, 215, 113, 230, 240
-0.999432, 371, 177, 386, 304
-0.999451, 91, 81, 106, 208
-0.999451, 155, 129, 170, 256
-0.999462, 111, 161, 126, 288
-0.999464, 415, 209, 430, 333
-0.999478, 367, 65, 382, 192
-0.999479, 261, 49, 276, 176
-0.999481, 117, 193, 132, 320
-0.999487, 231, 49, 246, 176
-0.999489, 359, 1, 374, 128
-0.99949, 101, 129, 116, 256
-0.999498, 357, 161, 372, 288
-0.999503, 261, 303, 292, 318
-0.999506, 291, 81, 306, 208
-0.999523, 321, 231, 352, 246
-0.999526, 221, 113, 236, 240
-0.99953, 389, 177, 404, 304
-0.99953, 263, 209, 278, 333
-0.999534, 265, 97, 280, 224
-0.999537, 223, 177, 238, 304
-0.999551, 411, 1, 426, 128
-0.999559, 425, 113, 440, 240
-0.99957, 89, 33, 104, 160
-0.999586, 271, 97, 286, 224
-0.999593, 307, 65, 322, 192
-0.999594, 197, 193, 212, 320
-0.999599, 387, 129, 402, 256
-0.999605, 415, 145, 430, 272
-0.99962, 235, 189, 250, 204
-0.99962, 399, 177, 414, 304
-0.999621, 357, 165, 372, 180
-0.999621, 327, 283, 342, 298
-0.999622, 291, 133, 306, 148
-0.999622, 263, 179, 278, 194
-0.999622, 279, 213, 294, 228
-0.999622, 95, 1, 110, 16
-0.999623, 251, 107, 266, 122
-0.999623, 383, 149, 398, 164
-0.999623, 111, 137, 126, 152
-0.999623, 309, 177, 324, 192
-0.999624, 273, 283, 288, 298
-0.999624, 355, 209, 370, 333
-0.999625, 335, 279, 350, 294
-0.999625, 129, 207, 144, 222
-0.999626, 233, 57, 248, 72
-0.999626, 283, 271, 298, 286
-0.999626, 259, 169, 274, 184
-0.999627, 411, 225, 426, 240
-0.999628, 327, 203, 342, 218
-0.999628, 251, 129, 266, 144
-0.999628, 327, 275, 342, 290
-0.999629, 281, 169, 296, 184
-0.99963, 261, 111, 276, 126
-0.99963, 111, 149, 126, 164
-0.99963, 97, 99, 112, 114
-0.999631, 387, 165, 402, 180
-0.999631, 291, 217, 306, 232
-0.999631, 303, 181, 318, 196
-0.999633, 289, 281, 304, 296
-0.999633, 295, 185, 310, 200
-0.999633, 275, 277, 290, 292
-0.999634, 321, 287, 336, 302
-0.999634, 207, 129, 222, 144
-0.999635, 213, 121, 244, 136
-0.999636, 261, 135, 276, 150
-0.999637, 275, 173, 290, 188
-0.999637, 311, 147, 326, 162
-0.999637, 237, 213, 252, 228
-0.999637, 287, 167, 302, 182
-0.999638, 367, 257, 382, 272
-0.999638, 329, 189, 344, 204
-0.999639, 245, 129, 260, 144
-0.999639, 399, 165, 414, 180
-0.999639, 313, 131, 328, 146
-0.99964, 253, 137, 268, 152
-0.999641, 149, 129, 164, 256
-0.999644, 253, 113, 268, 128
-0.999645, 253, 159, 268, 174
-0.999646, 259, 141, 274, 156
-0.999647, 271, 145, 286, 160
-0.999647, 337, 185, 352, 200
-0.999647, 315, 291, 330, 306
-0.999648, 95, 121, 110, 136
-0.999648, 273, 133, 288, 148
-0.999649, 233, 123, 248, 138
-0.99965, 237, 1, 252, 128
-0.99965, 285, 295, 300, 310
-0.99965, 105, 127, 120, 142
-0.99965, 291, 287, 306, 302
-0.99965, 417, 165, 432, 180
-0.999651, 415, 183, 430, 198
-0.999651, 329, 231, 344, 246
-0.999652, 415, 155, 430, 170
-0.999655, 289, 307, 304, 322
-0.999655, 279, 295, 294, 310
-0.999656, 255, 147, 270, 162
-0.999656, 347, 233, 362, 248
-0.999658, 311, 165, 326, 180
-0.999659, 381, 165, 396, 180
-0.999661, 239, 125, 254, 140
-0.999662, 291, 273, 306, 288
-0.999662, 261, 123, 276, 138
-0.999663, 105, 139, 120, 154
-0.999663, 317, 207, 332, 222
-0.999665, 23, 241, 38, 256
-0.999665, 255, 175, 270, 190
-0.999666, 249, 145, 264, 160
-0.999667, 259, 309, 274, 324
-0.999667, 275, 219, 290, 234
-0.999668, 315, 197, 330, 212
-0.999669, 99, 127, 114, 142
-0.999671, 327, 23, 342, 38
-0.999672, 321, 193, 336, 208
-0.999673, 225, 33, 240, 160
-0.999675, 123, 205, 138, 220
-0.999675, 257, 129, 272, 144
-0.999677, 217, 121, 232, 136
-0.999677, 243, 185, 258, 200
-0.999678, 415, 235, 430, 250
-0.99968, 281, 285, 296, 300
-0.999683, 265, 301, 280, 316
-0.999685, 267, 133, 282, 148
-0.999686, 269, 317, 284, 332
-0.999687, 111, 143, 126, 158
-0.999687, 279, 313, 294, 328
-0.999687, 415, 149, 430, 164
-0.999687, 273, 299, 304, 314
-0.999687, 347, 179, 362, 194
-0.999688, 299, 299, 314, 314
-0.999688, 263, 295, 278, 310
-0.99969, 255, 299, 270, 314
-0.99969, 105, 133, 120, 148
-0.99969, 285, 213, 300, 228
-0.999692, 311, 227, 326, 242
-0.999693, 307, 295, 322, 310
-0.999695, 277, 307, 292, 322
-0.999695, 249, 171, 264, 186
-0.999697, 259, 315, 274, 330
-0.999698, 125, 81, 140, 208
-0.999699, 203, 193, 218, 320
-0.999699, 269, 49, 284, 176
-0.999702, 249, 179, 264, 194
-0.999707, 309, 199, 324, 214
-0.999707, 245, 1, 260, 128
-0.999708, 3, 235, 18, 250
-0.999708, 291, 301, 306, 316
-0.999709, 283, 307, 298, 322
-0.999709, 259, 1, 274, 128
-0.999711, 283, 277, 298, 292
-0.999712, 17, 239, 32, 254
-0.999712, 335, 231, 350, 246
-0.999718, 413, 193, 428, 208
-0.999718, 321, 229, 336, 244
-0.999719, 303, 203, 318, 218
-0.99972, 311, 209, 326, 224
-0.999723, 11, 237, 26, 252
-0.999724, 271, 305, 286, 320
-0.999727, 301, 211, 316, 226
-0.999734, 297, 205, 312, 220
-0.999735, 265, 141, 280, 156
-0.999736, 97, 133, 128, 148
-0.999738, 273, 297, 288, 312
-0.999746, 341, 233, 356, 248
-0.999748, 251, 315, 266, 330
-0.999748, 209, 193, 224, 320
-0.99975, 189, 193, 204, 320
-0.999752, 347, 239, 362, 254
-0.999756, 285, 301, 300, 316
-0.999765, 285, 81, 300, 208
-0.999767, 95, 129, 110, 256
-0.999769, 405, 145, 420, 272
-0.999779, 359, 49, 374, 176
-0.999779, 279, 301, 294, 316
-0.999783, 29, 1, 60, 128
-0.999785, 193, 81, 208, 208
-0.999787, 291, 209, 306, 224
-0.999792, 111, 209, 126, 333
-0.999792, 301, 225, 316, 240
-0.999796, 389, 97, 420, 224
-0.999797, 129, 1, 144, 128
-0.999812, 111, 131, 126, 146
-0.999816, 421, 161, 436, 288
-0.999817, 217, 193, 232, 320
-0.99982, 249, 165, 264, 180
-0.999831, 181, 81, 196, 208
-0.999838, 289, 211, 320, 226
-0.99984, 369, 1, 384, 128
-0.999846, 143, 129, 158, 256
-0.999852, 109, 49, 124, 176
-0.999858, 179, 209, 194, 333
-0.999913, 1, 1, 64, 256
-1.00001, 9, 1, 40, 256
-1.00007, 413, 1, 444, 128
-1.00011, 441, 65, 472, 320
-1.00013, 45, 1, 76, 128
-1.00013, 297, 227, 328, 242
-1.00024, 45, 33, 76, 288
-1.00034, 21, 1, 52, 256
-1.00036, 461, 65, 492, 320
-1.00038, 69, 209, 100, 333
-1.00047, 33, 65, 64, 320
-1.00055, 421, 209, 452, 333
-1.001, 433, 1, 496, 333
-1.00106, 433, 193, 496, 320
-1.00141, 305, 1, 336, 128
-1.00156, 1, 145, 64, 272
-1.00165, 77, 129, 108, 256
-1.00203, 433, 145, 496, 272
-1.00219, 381, 17, 412, 144
-1.00255, 69, 81, 100, 208
-1.00291, 5, 209, 36, 333
-1.0034, 29, 209, 60, 333
-1.00356, 433, 81, 496, 208
-1.00471, 17, 65, 80, 192
-1.00504, 433, 33, 496, 160
-1.0052, 17, 17, 48, 144
-1.00563, 57, 1, 88, 128
-1.00592, 13, 161, 44, 288
-1.00615, 57, 209, 88, 333
-1.00666, 5, 17, 36, 144
-1.00679, 433, 209, 464, 333
-1.00697, 41, 193, 72, 320
-1.00735, 461, 209, 492, 333
-1.00788, 1, 161, 32, 288
-1.008, 429, 145, 460, 272
-1.00872, 425, 1, 456, 128
-1.00873, 445, 193, 476, 320
-1.00911, 457, 161, 488, 288
-1.0092, 441, 145, 472, 272
-1.00953, 433, 97, 464, 224
-1.00967, 65, 161, 96, 288
-1.00975, 57, 49, 88, 176
-1.01016, 469, 161, 500, 288
-1.01028, 29, 161, 60, 288
-1.01042, 437, 33, 468, 160
-1.01046, 453, 113, 484, 240
