1887
-0.367422, 1, 65, 500, 320
-0.424569, 1, 1, 500, 333
-0.583918, 1, 1, 256, 333
-0.59111, 97, 1, 352, 333
-0.592445, 193, 1, 448, 333
-0.630676, 225, 65, 480, 320
-0.676556, 129, 65, 384, 320
-0.708634, 1, 65, 256, 320
-0.867057, 1, 177, 500, 304
-0.874301, 113, 65, 240, 320
-0.87958, 161, 65, 288, 320
-0.88167, 1, 129, 500, 256
-0.884498, 273, 65, 400, 320
-0.88598, 225, 65, 352, 320
-0.891237, 65, 65, 192, 320
-0.892954, 113, 1, 240, 333
-0.898835, 1, 81, 500, 208
-0.900943, 49, 1, 176, 333
-0.90279, 177, 1, 304, 333
-0.906063, 321, 65, 448, 320
-0.907338, 33, 161, 288, 288
-0.908487, 289, 1, 416, 333
-0.916491, 369, 65, 496, 320
-0.9184, 225, 1, 352, 333
-0.918885, 1, 65, 128, 320
-0.920587, 1, 1, 128, 333
-0.921719, 129, 161, 256, 288
-0.925002, 193, 129, 448, 256
-0.928221, 129, 177, 384, 304
-0.934449, 225, 209, 480, 333
-0.936373, 1, 81, 256, 208
-0.937536, 161, 145, 224, 272
-0.937963, 1, 33, 500, 160
-0.939896, 65, 145, 192, 272
-0.941876, 129, 113, 256, 240
-0.942435, 185, 161, 248, 288
-0.943151, 337, 1, 464, 333
-0.943156, 177, 177, 304, 304
-0.945508, 97, 97, 352, 224
-0.945938, 1, 209, 256, 333
-0.946498, 129, 161, 192, 288
-0.947156, 81, 97, 208, 224
-0.950679, 193, 81, 448, 208
-0.950697, 161, 193, 224, 320
-0.950835, 209, 177, 272, 304
-0.953942, 185, 185, 248, 248
-0.954164, 153, 169, 216, 232
-0.955068, 377, 161, 440, 288
-0.955529, 137, 113, 200, 240
-0.956348, 81, 193, 208, 320
-0.956527, 289, 97, 416, 224
-0.956644, 161, 97, 224, 224
-0.95889, 209, 129, 336, 256
-0.959373, 161, 193, 224, 256
-0.961812, 113, 169, 240, 232
-0.962474, 105, 97, 168, 224
-0.962858, 233, 177, 296, 304
-0.963007, 377, 177, 440, 240
-0.963112, 345, 97, 408, 224
-0.96329, 1, 97, 128, 224
-0.96337, 105, 145, 168, 272
-0.963485, 129, 209, 256, 333
-0.963565, 65, 177, 128, 304
-0.963575, 137, 209, 200, 333
-0.963782, 81, 129, 144, 256
-0.963967, 41, 81, 104, 208
-0.964488, 193, 113, 256, 240
-0.964905, 177, 217, 240, 280
-0.965277, 377, 81, 440, 208
-0.965388, 49, 113, 112, 176
-0.96584, 185, 209, 248, 333
-0.966195, 369, 97, 496, 224
-0.966332, 361, 201, 424, 264
-0.96667, 121, 201, 184, 264
-0.967056, 177, 81, 304, 208
-0.967336, 225, 177, 352, 304
-0.967349, 17, 97, 80, 224
-0.967586, 337, 161, 464, 288
-0.967653, 81, 81, 144, 208
-0.96789, 121, 169, 184, 232
-0.967974, 289, 145, 416, 272
-0.968311, 169, 145, 200, 272
-0.968825, 409, 97, 472, 224
-0.969118, 273, 209, 400, 333
-0.969349, 157, 161, 188, 288
-0.969865, 9, 105, 72, 168
-0.970134, 129, 193, 256, 256
-0.970281, 273, 97, 336, 224
-0.970568, 25, 129, 88, 192
-0.97074, 65, 145, 192, 208
-0.970912, 33, 193, 160, 320
-0.971046, 145, 217, 208, 280
-0.971393, 105, 193, 168, 320
-0.971405, 129, 65, 192, 192
-0.971485, 209, 185, 272, 248
-0.971688, 241, 129, 304, 256
-0.972268, 213, 177, 244, 304
-0.972427, 401, 161, 464, 288
-0.972493, 321, 209, 448, 333
-0.97267, 97, 49, 352, 176
-0.97269, 193, 161, 256, 224
-0.972908, 193, 161, 224, 288
-0.973131, 321, 97, 384, 224
-0.973206, 353, 145, 416, 272
-0.973401, 369, 209, 432, 333
-0.973427, 65, 177, 128, 240
-0.973509, 41, 89, 104, 152
-0.973668, 297, 97, 360, 224
-0.973857, 305, 105, 368, 168
-0.974092, 217, 129, 280, 256
-0.974301, 241, 81, 368, 208
-0.97473, 145, 217, 272, 280
-0.974758, 345, 193, 408, 320
-0.974852, 201, 233, 264, 296
-0.97497, 401, 169, 464, 232
-0.975009, 385, 209, 448, 272
-0.975013, 161, 145, 224, 208
-0.975023, 377, 97, 440, 160
-0.975057, 1, 129, 64, 192
-0.975166, 1, 105, 128, 168
-0.97533, 345, 105, 408, 168
-0.975399, 225, 177, 256, 304
-0.975439, 169, 177, 200, 240
-0.975656, 361, 129, 424, 192
-0.975824, 433, 97, 496, 224
-0.975989, 353, 177, 416, 240
-0.976072, 57, 129, 120, 256
-0.976221, 377, 153, 440, 216
-0.976269, 145, 65, 208, 320
-0.976565, 149, 113, 180, 240
-0.976672, 201, 97, 264, 160
-0.976834, 65, 201, 192, 264
-0.976895, 145, 177, 176, 304
-0.976986, 65, 89, 128, 152
-0.977155, 281, 105, 344, 168
-0.977247, 129, 65, 256, 192
-0.977488, 145, 97, 208, 160
-0.977862, 193, 193, 320, 256
-0.977901, 81, 201, 144, 264
-0.97796, 337, 65, 400, 320
-0.978025, 209, 209, 272, 272
-0.978177, 169, 121, 232, 184
-0.978198, 213, 185, 244, 248
-0.978219, 185, 65, 248, 320
-0.978457, 305, 209, 368, 333
-0.978469, 65, 233, 128, 296
-0.97867, 105, 65, 168, 320
-0.978678, 393, 177, 424, 240
-0.978692, 161, 169, 288, 232
-0.97871, 121, 137, 184, 200
-0.978838, 401, 145, 432, 272
-0.979013, 41, 177, 104, 304
-0.9791, 273, 105, 400, 168
-0.979145, 49, 177, 176, 240
-0.979208, 197, 177, 228, 240
-0.979252, 361, 33, 424, 288
-0.979456, 401, 129, 464, 192
-0.979522, 81, 145, 144, 208
-0.979561, 377, 249, 440, 312
-0.979569, 157, 193, 188, 256
-0.979679, 89, 105, 152, 168
-0.97979, 229, 185, 260, 248
-0.979959, 273, 65, 336, 320
-0.979981, 81, 65, 144, 320
-0.980051, 209, 217, 240, 280
-0.980056, 121, 225, 184, 288
-0.980265, 405, 185, 436, 248
-0.980273, 181, 129, 212, 256
-0.9803, 65, 49, 192, 176
-0.980362, 169, 241, 232, 304
-0.980437, 397, 209, 428, 272
-0.980507, 345, 225, 408, 288
-0.98063, 221, 209, 252, 272
-0.980688, 249, 97, 312, 160
-0.980722, 433, 105, 496, 168
-0.980758, 149, 169, 180, 232
-0.980773, 1, 129, 128, 192
-0.980778, 1, 145, 128, 272
-0.980972, 189, 201, 220, 264
-0.981062, 401, 97, 464, 160
-0.981157, 405, 97, 436, 224
-0.981195, 17, 49, 144, 176
-0.981288, 265, 193, 328, 320
-0.981401, 57, 209, 120, 272
-0.981596, 385, 65, 448, 320
-0.981676, 213, 161, 244, 224
-0.981714, 385, 161, 416, 288
-0.981765, 177, 105, 304, 168
-0.98191, 1, 33, 256, 160
-0.981981, 133, 161, 164, 288
-0.98211, 405, 161, 436, 224
-0.982288, 321, 49, 448, 176
-0.982412, 97, 177, 160, 240
-0.982438, 409, 209, 440, 272
-0.982504, 381, 177, 412, 240
-0.98269, 49, 137, 112, 200
-0.982866, 137, 177, 168, 240
-0.982881, 321, 217, 384, 280
-0.982908, 185, 81, 216, 208
-0.982925, 145, 145, 272, 208
-0.98298, 33, 209, 96, 272
-0.983004, 145, 241, 208, 304
-0.983086, 369, 49, 496, 176
-0.983094, 249, 65, 312, 320
-0.983142, 181, 161, 212, 224
-0.983176, 157, 209, 188, 333
-0.98319, 289, 217, 416, 280
-0.983238, 397, 137, 428, 200
-0.983254, 137, 97, 168, 224
-0.983268, 237, 161, 268, 288
-0.983345, 169, 193, 200, 320
-0.983381, 193, 217, 320, 280
-0.983393, 177, 97, 240, 160
-0.983394, 165, 81, 196, 208
-0.983465, 313, 65, 376, 320
-0.983511, 353, 153, 416, 216
-0.983531, 41, 105, 72, 168
-0.983573, 305, 161, 368, 288
-0.983601, 193, 257, 256, 320
-0.983603, 77, 113, 108, 176
-0.983698, 385, 81, 416, 208
-0.98378, 157, 145, 188, 208
-0.98386, 397, 193, 428, 320
-0.983872, 21, 105, 52, 168
-0.983878, 249, 81, 312, 208
-0.98389, 337, 129, 400, 192
-0.98395, 233, 209, 264, 272
-0.983959, 321, 97, 448, 160
-0.983967, 149, 217, 180, 280
-0.984056, 337, 193, 464, 256
-0.984117, 385, 201, 416, 264
-0.984157, 9, 49, 72, 176
-0.984218, 169, 225, 200, 288
-0.984247, 1, 129, 32, 192
-0.984286, 329, 145, 392, 272
-0.984297, 129, 241, 256, 304
-0.984316, 353, 97, 384, 160
-0.984327, 169, 153, 200, 216
-0.984387, 265, 145, 328, 272
-0.98439, 85, 145, 116, 272
-0.984408, 361, 97, 392, 224
-0.984409, 341, 105, 372, 168
-0.984458, 369, 209, 496, 333
-0.984504, 221, 233, 252, 296
-0.984562, 69, 113, 100, 240
-0.9846, 185, 65, 248, 192
-0.984728, 233, 217, 296, 280
-0.984759, 57, 105, 88, 168
-0.984839, 17, 81, 80, 144
-0.984861, 345, 49, 408, 176
-0.984864, 169, 201, 200, 264
-0.984895, 81, 97, 208, 160
-0.98495, 181, 177, 212, 304
-0.984958, 225, 105, 288, 168
-0.984977, 117, 81, 148, 208
-0.984996, 185, 189, 248, 220
-0.985006, 69, 177, 100, 240
-0.985023, 161, 177, 224, 208
-0.985044, 305, 49, 368, 176
-0.985071, 89, 233, 152, 296
-0.985127, 297, 209, 360, 272
-0.985151, 73, 161, 104, 288
-0.98517, 81, 233, 208, 296
-0.985283, 121, 97, 184, 160
-0.985285, 369, 97, 496, 160
-0.98532, 321, 153, 448, 216
-0.985332, 313, 129, 376, 192
-0.985378, 197, 225, 228, 288
-0.985411, 17, 65, 80, 320
-0.98546, 233, 177, 296, 240
-0.985472, 209, 65, 272, 320
-0.985535, 193, 33, 448, 160
-0.985555, 201, 97, 232, 224
-0.985572, 37, 129, 68, 192
-0.98569, 369, 169, 496, 232
-0.985796, 13, 129, 44, 192
-0.985902, 425, 129, 488, 192
-0.986009, 93, 145, 124, 208
-0.986048, 57, 129, 88, 192
-0.986096, 217, 129, 248, 256
-0.986111, 161, 165, 224, 196
-0.98616, 381, 97, 412, 160
-0.986166, 373, 201, 404, 264
-0.986282, 101, 97, 132, 224
-0.986288, 65, 209, 96, 272
-0.986379, 305, 105, 336, 168
-0.986388, 289, 113, 320, 176
-0.986394, 281, 129, 344, 192
-0.9864, 409, 65, 472, 320
-0.986472, 417, 185, 448, 248
-0.986492, 161, 193, 224, 224
-0.986563, 81, 137, 112, 200
-0.986605, 289, 193, 416, 256
-0.986608, 105, 49, 168, 176
-0.986624, 241, 185, 272, 248
-0.98666, 409, 193, 472, 256
-0.986665, 89, 81, 152, 144
-0.98669, 25, 129, 56, 192
-0.98669, 185, 205, 248, 236
-0.986724, 329, 105, 360, 168
-0.986776, 361, 129, 392, 192
-0.986835, 161, 209, 224, 240
-0.98688, 153, 73, 216, 136
-0.986882, 365, 105, 396, 168
-0.986892, 385, 73, 448, 136
-0.986913, 141, 137, 172, 200
-0.986919, 49, 121, 176, 184
-0.986932, 17, 145, 80, 272
-0.986936, 405, 249, 436, 312
-0.986981, 201, 97, 232, 160
-0.987024, 73, 89, 104, 152
-0.987042, 81, 161, 112, 224
-0.987067, 181, 225, 212, 288
-0.987087, 393, 233, 424, 296
-0.987104, 33, 233, 160, 296
-0.987189, 417, 161, 448, 224
-0.987245, 401, 97, 432, 160
-0.987355, 257, 121, 320, 184
-0.987384, 153, 49, 216, 176
-0.987483, 413, 177, 444, 304
-0.987496, 137, 201, 168, 264
-0.987546, 193, 121, 256, 184
-0.987558, 9, 105, 40, 168
-0.987567, 113, 201, 144, 264
-0.987571, 85, 233, 116, 296
-0.987581, 337, 129, 464, 192
-0.987582, 373, 97, 404, 224
-0.987599, 41, 185, 104, 248
-0.98766, 329, 193, 392, 256
-0.987662, 225, 161, 256, 224
-0.987678, 9, 113, 72, 144
-0.987769, 277, 97, 308, 160
-0.987776, 193, 177, 256, 208
-0.987778, 185, 221, 248, 252
-0.987796, 385, 153, 416, 216
-0.987806, 317, 97, 348, 160
-0.987811, 89, 209, 120, 272
-0.987846, 265, 97, 296, 160
-0.987889, 41, 65, 104, 320
-0.987898, 129, 121, 256, 184
-0.987924, 437, 105, 468, 168
-0.987955, 129, 1, 192, 333
-0.987969, 273, 129, 304, 192
-0.987979, 465, 105, 496, 168
-0.987997, 209, 169, 336, 232
-0.988027, 169, 1, 232, 333
-0.988037, 333, 97, 364, 224
-0.988087, 113, 73, 176, 136
-0.988091, 169, 129, 200, 192
-0.988122, 33, 81, 160, 144
-0.988127, 37, 81, 68, 144
-0.98814, 181, 129, 212, 192
-0.988144, 213, 97, 244, 160
-0.988295, 217, 145, 280, 208
-0.98831, 89, 65, 120, 192
-0.988328, 69, 233, 100, 296
-0.988346, 93, 89, 124, 152
-0.988365, 137, 177, 200, 208
-0.988372, 33, 185, 288, 248
-0.988448, 349, 81, 380, 208
-0.988495, 193, 153, 224, 216
-0.988501, 157, 241, 188, 304
-0.988511, 53, 97, 84, 224
-0.988541, 161, 89, 192, 152
-0.988552, 17, 125, 80, 156
-0.988553, 25, 153, 88, 216
-0.988602, 369, 177, 400, 240
-0.988609, 401, 249, 464, 312
-0.988623, 385, 129, 416, 192
-0.988626, 81, 33, 144, 160
-0.988626, 49, 81, 80, 144
-0.988657, 57, 33, 120, 160
-0.988692, 393, 209, 456, 333
-0.988723, 289, 97, 320, 224
-0.988741, 193, 145, 320, 208
-0.988744, 101, 209, 132, 272
-0.988752, 225, 97, 352, 160
-0.988765, 129, 89, 256, 152
-0.988796, 449, 105, 480, 168
-0.988808, 357, 217, 388, 280
-0.988856, 189, 105, 220, 168
-0.988872, 341, 129, 372, 192
-0.988882, 273, 217, 336, 280
-0.988898, 49, 125, 112, 156
-0.9889, 77, 201, 108, 264
-0.988918, 57, 185, 88, 248
-0.988956, 369, 225, 400, 288
-0.988998, 97, 1, 160, 333
-0.989017, 345, 209, 376, 272
-0.989035, 425, 97, 456, 160
-0.989038, 281, 49, 344, 176
-0.989042, 33, 113, 96, 144
-0.98907, 409, 137, 440, 200
-0.989075, 169, 249, 200, 312
-0.989106, 121, 129, 152, 256
-0.989141, 177, 89, 208, 152
-0.989146, 385, 205, 448, 236
-0.989217, 417, 257, 448, 320
-0.989228, 101, 233, 132, 296
-0.98925, 141, 81, 172, 144
-0.98925, 125, 201, 156, 264
-0.989255, 397, 73, 428, 136
-0.989265, 413, 97, 444, 160
-0.989289, 1, 209, 500, 272
-0.989293, 377, 181, 440, 212
-0.989299, 309, 209, 340, 272
-0.9893, 57, 1, 120, 333
-0.989321, 337, 217, 464, 280
-0.989364, 401, 49, 464, 176
-0.989377, 1, 209, 128, 272
-0.989394, 101, 113, 132, 176
-0.989458, 217, 137, 248, 200
-0.989482, 233, 233, 264, 296
-0.989534, 21, 81, 52, 144
-0.98955, 289, 89, 320, 152
-0.989622, 249, 105, 280, 168
-0.989652, 329, 209, 360, 272
-0.98966, 217, 81, 280, 208
-0.989679, 61, 81, 92, 144
-0.989702, 225, 97, 256, 160
-0.98971, 121, 213, 184, 244
-0.989722, 117, 89, 148, 152
-0.989723, 209, 33, 336, 160
-0.989724, 193, 1, 256, 333
-0.989737, 89, 185, 120, 248
-0.989741, 209, 213, 272, 244
-0.989754, 425, 145, 488, 272
-0.989803, 345, 1, 408, 333
-0.989867, 377, 169, 440, 200
-0.989869, 161, 221, 224, 252
-0.989873, 433, 65, 496, 320
-0.989875, 369, 249, 496, 312
-0.989878, 137, 165, 200, 196
-0.989905, 421, 97, 452, 224
-0.989915, 121, 257, 184, 320
-0.989966, 285, 137, 316, 200
-0.989975, 449, 129, 480, 192
-0.989981, 137, 197, 200, 228
-0.990012, 69, 65, 100, 192
-0.990026, 297, 81, 360, 144
-0.990039, 145, 113, 176, 176
-0.990058, 137, 225, 168, 288
-0.990075, 125, 137, 156, 200
-0.990085, 97, 177, 128, 304
-0.990094, 129, 81, 160, 144
-0.9901, 425, 137, 456, 200
-0.990118, 41, 81, 72, 208
-0.990137, 361, 209, 424, 240
-0.990174, 437, 129, 468, 192
-0.990302, 373, 129, 404, 192
-0.99031, 301, 97, 332, 224
-0.990338, 385, 73, 416, 136
-0.990353, 17, 1, 80, 333
-0.990353, 209, 241, 240, 304
-0.990421, 221, 257, 252, 320
-0.990449, 433, 49, 496, 176
-0.990452, 273, 129, 400, 192
-0.990482, 357, 153, 388, 216
-0.990488, 137, 229, 200, 260
-0.990587, 41, 233, 104, 296
-0.990613, 425, 153, 488, 216
-0.9907, 273, 1, 336, 333
-0.990728, 233, 1, 296, 333
-0.990736, 17, 101, 80, 132
-0.990765, 273, 153, 400, 216
-0.990822, 201, 209, 232, 333
-0.990859, 329, 153, 392, 216
-0.990871, 305, 217, 368, 248
-0.990942, 113, 197, 176, 228
-0.990963, 201, 233, 264, 264
-0.990965, 297, 109, 360, 140
-0.990982, 373, 177, 404, 304
-0.991006, 49, 137, 112, 168
-0.991012, 109, 177, 140, 304
-0.991017, 1, 177, 500, 240
-0.991021, 433, 97, 464, 224
-0.991112, 241, 217, 368, 280
-0.99112, 225, 241, 288, 304
-0.991173, 105, 177, 168, 208
-0.991198, 169, 237, 232, 268
-0.991274, 145, 121, 208, 184
-0.991275, 361, 73, 424, 136
-0.991349, 1, 185, 128, 248
-0.991391, 25, 81, 56, 208
-0.991497, 321, 1, 384, 333
-0.991527, 237, 209, 268, 333
-0.991612, 33, 161, 288, 224
-0.991663, 213, 213, 244, 244
-0.991693, 57, 113, 120, 144
-0.991716, 321, 249, 448, 312
-0.991732, 369, 1, 432, 333
-0.99174, 185, 161, 248, 192
-0.991761, 153, 169, 184, 200
-0.991763, 465, 97, 496, 224
-0.991807, 353, 221, 416, 252
-0.991897, 317, 97, 348, 224
-0.991899, 385, 193, 448, 224
-0.991923, 61, 177, 92, 304
-0.991929, 445, 97, 476, 224
-0.991937, 1, 97, 500, 160
-0.991944, 213, 189, 244, 220
-0.991982, 209, 189, 272, 220
-0.991982, 249, 145, 312, 208
-0.991986, 217, 201, 280, 232
-0.992053, 33, 97, 288, 160
-0.99213, 225, 217, 480, 280
-0.992146, 5, 81, 36, 208
-0.992158, 361, 197, 424, 228
-0.992205, 129, 173, 256, 204
-0.992229, 273, 113, 304, 240
-0.992242, 49, 101, 112, 132
-0.992285, 189, 217, 220, 248
-0.992296, 397, 193, 428, 224
-0.992299, 145, 241, 208, 272
-0.992332, 225, 217, 256, 248
-0.992345, 21, 113, 52, 144
-0.99235, 153, 181, 184, 212
-0.99238, 177, 169, 208, 200
-0.992417, 177, 73, 240, 136
-0.992434, 249, 257, 312, 320
-0.992443, 153, 65, 184, 192
-0.99245, 165, 161, 196, 192
-0.992498, 329, 121, 392, 152
-0.992513, 209, 201, 240, 232
-0.992528, 65, 217, 320, 280
-0.992545, 393, 181, 424, 212
-0.992549, 197, 181, 228, 212
-0.99259, 193, 193, 224, 224
-0.992614, 33, 113, 64, 144
-0.992619, 249, 161, 280, 288
-0.992651, 173, 181, 204, 212
-0.992668, 157, 197, 188, 228
-0.992679, 193, 257, 320, 320
-0.992682, 189, 205, 220, 236
-0.99272, 297, 1, 360, 333
-0.992728, 129, 185, 384, 248
-0.992747, 121, 177, 152, 304
-0.992758, 9, 113, 40, 144
-0.992796, 337, 81, 400, 144
-0.992797, 221, 201, 252, 232
-0.992817, 41, 125, 72, 156
-0.992824, 141, 173, 172, 204
-0.992827, 213, 225, 244, 256
-0.992867, 45, 113, 76, 144
-0.992901, 5, 125, 36, 156
-0.992941, 401, 133, 464, 164
-0.992943, 113, 197, 240, 228
-0.992955, 41, 65, 104, 128
-0.992964, 225, 121, 352, 184
-0.992977, 57, 113, 88, 144
-0.992984, 297, 233, 360, 296
-0.992985, 201, 221, 232, 252
-0.993007, 161, 201, 176, 264
-0.99303, 97, 257, 160, 320
-0.993036, 9, 137, 72, 168
-0.993039, 409, 209, 440, 240
-0.993041, 329, 221, 392, 252
-0.993045, 53, 125, 84, 156
-0.993062, 227, 185, 242, 248
-0.993068, 345, 185, 408, 216
-0.99307, 113, 225, 176, 256
-0.993087, 69, 113, 100, 144
-0.993087, 169, 193, 200, 224
-0.993091, 65, 257, 128, 320
-0.993093, 1, 153, 500, 216
-0.993103, 393, 1, 456, 333
-0.993106, 25, 125, 56, 156
-0.993116, 229, 189, 260, 220
-0.993159, 145, 101, 208, 132
-0.993174, 81, 221, 144, 252
-0.993186, 405, 185, 420, 248
-0.993199, 385, 157, 448, 188
-0.993201, 141, 185, 172, 216
-0.993208, 405, 181, 436, 212
-0.993232, 249, 105, 312, 136
-0.993235, 385, 205, 416, 236
-0.993271, 361, 137, 424, 168
-0.993282, 219, 193, 234, 256
-0.993295, 213, 81, 244, 208
-0.993306, 233, 205, 264, 236
-0.99331, 389, 217, 420, 248
-0.993311, 65, 177, 128, 208
-0.993334, 213, 185, 228, 248
-0.993343, 345, 105, 408, 136
-0.99335, 189, 161, 220, 192
-0.993356, 381, 181, 412, 212
-0.993356, 33, 101, 64, 132
-0.993359, 273, 105, 336, 136
-0.993366, 65, 125, 96, 156
-0.993375, 397, 205, 428, 236
-0.993406, 53, 101, 84, 132
-0.993428, 137, 141, 200, 172
-0.993464, 213, 173, 244, 204
-0.993468, 169, 229, 200, 260
-0.993476, 229, 229, 260, 260
-0.993481, 405, 165, 436, 196
-0.993488, 153, 221, 184, 252
-0.993497, 145, 197, 176, 228
-0.99352, 77, 137, 108, 168
-0.993522, 157, 209, 188, 240
-0.993542, 385, 209, 416, 333
-0.993544, 389, 165, 420, 196
-0.993549, 281, 225, 344, 256
-0.993563, 273, 33, 400, 160
-0.993575, 41, 153, 104, 184
-0.993586, 349, 121, 380, 152
-0.993609, 177, 125, 240, 156
-0.993622, 313, 221, 344, 252
-0.993643, 285, 133, 316, 164
-0.993648, 41, 217, 104, 248
-0.993663, 81, 161, 112, 192
-0.993669, 265, 133, 328, 164
-0.993671, 237, 217, 268, 248
-0.993685, 305, 129, 368, 160
-0.993689, 233, 193, 248, 256
-0.99371, 345, 161, 408, 192
-0.993735, 333, 105, 364, 136
-0.993744, 353, 109, 384, 140
-0.993753, 321, 101, 384, 132
-0.993759, 81, 141, 144, 172
-0.993775, 325, 221, 356, 252
-0.993777, 417, 157, 480, 188
-0.993789, 69, 101, 100, 132
-0.993789, 77, 125, 108, 156
-0.993805, 33, 33, 96, 160
-0.993833, 373, 205, 404, 236
-0.993845, 97, 141, 128, 172
-0.993846, 1, 129, 500, 192
-0.993864, 229, 177, 260, 208
-0.993879, 185, 125, 216, 156
-0.993882, 1, 113, 128, 144
-0.993886, 225, 177, 288, 208
-0.993888, 377, 253, 440, 284
-0.993893, 145, 225, 272, 256
-0.993906, 385, 193, 416, 224
-0.993926, 1, 153, 128, 216
-0.993931, 225, 265, 288, 328
-0.993932, 399, 177, 414, 240
-0.993932, 221, 217, 236, 280
-0.993939, 409, 193, 440, 224
-0.993955, 9, 101, 40, 132
-0.993963, 141, 229, 172, 260
-0.993968, 21, 101, 52, 132
-0.993969, 273, 137, 304, 168
-0.993974, 17, 185, 80, 248
-0.993983, 169, 133, 200, 164
-0.993987, 81, 157, 144, 188
-0.993988, 145, 209, 176, 240
-0.993989, 169, 209, 200, 240
-0.993993, 337, 117, 368, 148
-0.994002, 109, 97, 140, 128
-0.994003, 353, 217, 384, 248
-0.994012, 401, 173, 464, 204
-0.994025, 337, 217, 368, 248
-0.994028, 65, 213, 96, 244
-0.994031, 285, 121, 316, 152
-0.994032, 297, 137, 328, 168
-0.994034, 321, 105, 352, 136
-0.994049, 213, 237, 244, 268
-0.994055, 41, 137, 72, 168
-0.994077, 377, 221, 440, 252
-0.994077, 301, 221, 332, 252
-0.994095, 65, 201, 128, 232
-0.994096, 157, 141, 188, 172
-0.994098, 93, 153, 124, 184
-0.994104, 121, 241, 184, 272
-0.994105, 93, 113, 124, 144
-0.994108, 201, 169, 232, 200
-0.99411, 69, 177, 100, 208
-0.994112, 65, 137, 96, 168
-0.994126, 165, 241, 196, 272
-0.994127, 385, 101, 416, 132
-0.994145, 199, 185, 214, 248
-0.994145, 133, 197, 164, 228
-0.99415, 125, 101, 156, 132
-0.99415, 153, 233, 184, 264
-0.994153, 193, 113, 256, 144
-0.994161, 305, 105, 336, 136
-0.994166, 401, 149, 432, 180
-0.994178, 53, 137, 84, 168
-0.994185, 153, 117, 184, 148
-0.994186, 89, 97, 120, 128
-0.99419, 73, 149, 104, 180
-0.994213, 61, 153, 92, 184
-0.994218, 337, 137, 368, 168
-0.994218, 273, 81, 336, 144
-0.994221, 377, 169, 408, 200
-0.994224, 201, 101, 264, 132
-0.994242, 429, 153, 460, 184
-0.994242, 65, 225, 96, 256
-0.994243, 405, 137, 436, 168
-0.994244, 401, 221, 432, 252
-0.994247, 365, 109, 396, 140
-0.994248, 417, 181, 448, 212
-0.994259, 153, 265, 216, 328
-0.994274, 181, 193, 212, 224
-0.994281, 21, 137, 52, 168
-0.994285, 141, 113, 172, 144
-0.994292, 177, 157, 208, 188
-0.994294, 181, 237, 212, 268
-0.994295, 353, 125, 416, 156
-0.994301, 241, 113, 272, 240
-0.994303, 393, 137, 424, 168
-0.994312, 269, 105, 300, 136
-0.994312, 77, 229, 108, 260
-0.994328, 141, 97, 172, 128
-0.994328, 169, 97, 232, 128
-0.994337, 113, 185, 240, 216
-0.994341, 81, 113, 144, 144
-0.994346, 405, 253, 436, 284
-0.994352, 193, 97, 448, 160
-0.99436, 1, 137, 32, 168
-0.994376, 289, 105, 320, 136
-0.99439, 129, 181, 160, 212
-0.994393, 377, 217, 408, 248
-0.994394, 337, 209, 400, 240
-0.994395, 209, 73, 272, 136
-0.994395, 233, 169, 248, 232
-0.994398, 165, 101, 196, 132
-0.994398, 273, 241, 400, 304
-0.994399, 81, 113, 112, 144
-0.9944, 389, 125, 420, 156
-0.994429, 413, 193, 428, 256
-0.994437, 425, 145, 456, 272
-0.994441, 81, 257, 208, 320
-0.994469, 33, 241, 288, 304
-0.99448, 113, 97, 176, 128
-0.994481, 105, 165, 168, 196
-0.994484, 305, 217, 432, 248
-0.99452, 89, 129, 152, 160
-0.994522, 65, 65, 128, 128
-0.994528, 225, 145, 480, 208
-0.994536, 201, 253, 264, 284
-0.994539, 345, 249, 408, 312
-0.994564, 225, 225, 288, 256
-0.99458, 57, 189, 120, 220
-0.994589, 89, 97, 152, 128
-0.994594, 401, 105, 464, 136
-0.994649, 209, 209, 224, 272
-0.994678, 377, 33, 440, 160
-0.994682, 161, 137, 224, 168
-0.994688, 85, 193, 116, 320
-0.994697, 233, 213, 296, 244
-0.994705, 219, 169, 234, 232
-0.994718, 225, 169, 480, 232
-0.994744, 257, 221, 320, 252
-0.994745, 209, 73, 336, 136
-0.994752, 353, 149, 416, 180
-0.994753, 377, 101, 440, 132
-0.994762, 129, 161, 256, 192
-0.994779, 57, 229, 120, 260
-0.994789, 137, 153, 200, 184
-0.994816, 289, 141, 352, 172
-0.994819, 225, 101, 288, 132
-0.994825, 425, 241, 488, 304
-0.994828, 361, 193, 392, 320
-0.994837, 403, 209, 418, 272
-0.99484, 183, 161, 198, 224
-0.994861, 65, 157, 192, 188
-0.994874, 353, 173, 416, 204
-0.994925, 349, 145, 380, 272
-0.994925, 133, 209, 164, 333
-0.994929, 163, 169, 178, 232
-0.994931, 345, 193, 376, 320
-0.994932, 81, 113, 208, 144
-0.994938, 405, 161, 420, 224
-0.994961, 9, 89, 72, 120
-0.99498, 113, 17, 240, 144
-0.994983, 265, 121, 328, 152
-0.995021, 161, 153, 224, 184
-0.995022, 193, 193, 208, 256
-0.995053, 113, 145, 176, 176
-0.995076, 417, 1, 480, 333
-0.995094, 81, 245, 144, 276
-0.995114, 49, 177, 176, 208
-0.995132, 207, 177, 222, 240
-0.995154, 81, 257, 144, 288
-0.995208, 167, 193, 182, 256
-0.995223, 137, 117, 200, 148
-0.995232, 113, 209, 240, 240
-0.995283, 433, 105, 496, 136
-0.995307, 33, 89, 96, 120
-0.995329, 97, 129, 352, 192
-0.995334, 425, 137, 488, 168
-0.995338, 265, 93, 328, 124
-0.995345, 161, 189, 288, 220
-0.995358, 227, 209, 242, 272
-0.995367, 345, 241, 408, 272
-0.99537, 297, 97, 360, 128
-0.995372, 153, 185, 168, 248
-0.995373, 241, 129, 304, 160
-0.995395, 249, 33, 312, 160
-0.995402, 193, 213, 320, 244
-0.995402, 233, 225, 248, 288
-0.995419, 1, 125, 128, 156
-0.995465, 81, 221, 208, 252
-0.995466, 337, 197, 400, 228
-0.995486, 385, 145, 448, 176
-0.995512, 393, 169, 408, 232
-0.995519, 305, 229, 368, 260
-0.995553, 175, 169, 190, 232
-0.995555, 25, 197, 88, 228
-0.995573, 377, 117, 440, 148
-0.995574, 43, 105, 58, 168
-0.995583, 137, 89, 200, 120
-0.995597, 225, 193, 480, 256
-0.995605, 1, 121, 256, 184
-0.995609, 61, 113, 76, 176
-0.995625, 105, 109, 168, 140
-0.995641, 309, 193, 340, 320
-0.995645, 89, 201, 152, 232
-0.99567, 257, 193, 320, 256
-0.995676, 49, 105, 64, 168
-0.995682, 15, 121, 30, 184
-0.995692, 33, 101, 160, 132
-0.995696, 133, 49, 164, 176
-0.995719, 37, 105, 52, 168
-0.995724, 397, 209, 412, 272
-0.995728, 81, 233, 144, 264
-0.995729, 225, 225, 352, 256
-0.995735, 241, 117, 304, 148
-0.995742, 81, 85, 144, 116
-0.995752, 401, 217, 464, 248
-0.995754, 113, 85, 176, 116
-0.995777, 225, 237, 288, 268
-0.995781, 355, 97, 370, 160
-0.995788, 31, 105, 46, 168
-0.99579, 1, 233, 500, 296
-0.995799, 155, 209, 170, 272
-0.99583, 377, 233, 440, 264
-0.995845, 129, 161, 384, 224
-0.995848, 129, 237, 256, 268
-0.995864, 261, 97, 292, 224
-0.995867, 121, 253, 184, 284
-0.99587, 417, 161, 432, 224
-0.995871, 171, 145, 186, 208
-0.995878, 289, 193, 320, 320
-0.995895, 17, 193, 80, 320
-0.995901, 129, 17, 192, 144
-0.995901, 57, 241, 120, 272
-0.995906, 409, 193, 472, 224
-0.995923, 169, 169, 184, 232
-0.995924, 209, 165, 272, 196
-0.995924, 273, 209, 336, 240
-0.995929, 157, 161, 172, 224
-0.995935, 209, 105, 336, 136
-0.995956, 7, 121, 22, 184
-0.995964, 215, 217, 230, 280
-0.995968, 65, 233, 192, 264
-0.995979, 411, 169, 426, 232
-0.995983, 257, 105, 384, 136
-0.995987, 333, 193, 364, 320
-0.996006, 239, 201, 254, 264
-0.996011, 413, 217, 428, 280
-0.996015, 55, 105, 70, 168
-0.996021, 213, 161, 228, 224
-0.99604, 225, 121, 480, 184
-0.996097, 425, 81, 488, 144
-0.996154, 189, 169, 204, 232
-0.996159, 81, 73, 208, 136
-0.996161, 387, 169, 402, 232
-0.996174, 33, 257, 160, 320
-0.996183, 273, 81, 400, 144
-0.996202, 65, 141, 192, 172
-0.996214, 361, 145, 392, 272
-0.996217, 401, 137, 416, 200
-0.996253, 177, 177, 304, 208
-0.996256, 193, 201, 320, 232
-0.996264, 51, 129, 66, 192
-0.996268, 183, 225, 198, 288
-0.996283, 227, 161, 242, 224
-0.996322, 63, 89, 78, 152
-0.996332, 395, 145, 410, 208
-0.996341, 105, 49, 136, 176
-0.996348, 249, 73, 312, 136
-0.996403, 1, 137, 128, 168
-0.996408, 49, 145, 80, 272
-0.996412, 53, 49, 84, 176
-0.996414, 243, 177, 258, 240
-0.996424, 33, 201, 160, 232
-0.996447, 97, 101, 224, 132
-0.996456, 39, 129, 54, 192
-0.996461, 337, 105, 464, 136
-0.996461, 409, 217, 472, 280
-0.996473, 397, 49, 428, 176
-0.996508, 257, 137, 384, 168
-0.99652, 353, 205, 480, 236
-0.996556, 261, 177, 292, 304
-0.996561, 83, 89, 98, 152
-0.996568, 33, 221, 160, 252
-0.996614, 49, 189, 176, 220
-0.996617, 25, 129, 40, 192
-0.996626, 377, 273, 440, 333
-0.996644, 241, 193, 368, 256
-0.996654, 407, 137, 422, 200
-0.996657, 91, 113, 106, 176
-0.996703, 71, 89, 86, 152
-0.996712, 67, 113, 82, 176
-0.996725, 73, 113, 88, 176
-0.996728, 305, 201, 432, 232
-0.996736, 171, 225, 186, 288
-0.996771, 41, 257, 104, 320
-0.99679, 65, 125, 192, 156
-0.996794, 349, 105, 364, 168
-0.996798, 343, 105, 358, 168
-0.996804, 1, 129, 16, 192
-0.996823, 145, 265, 272, 328
-0.996835, 79, 169, 94, 232
-0.996868, 219, 185, 234, 216
-0.996872, 419, 209, 434, 272
-0.996885, 97, 145, 112, 208
-0.996886, 225, 217, 240, 248
-0.996895, 69, 185, 84, 248
-0.996899, 187, 201, 202, 264
-0.9969, 233, 201, 248, 232
-0.996927, 183, 137, 198, 200
-0.996929, 177, 225, 192, 288
-0.99694, 389, 193, 404, 256
-0.99695, 165, 137, 180, 200
-0.996951, 219, 225, 234, 256
-0.996957, 177, 117, 304, 148
-0.996957, 321, 149, 448, 180
-0.996958, 155, 137, 170, 200
-0.996962, 17, 233, 80, 296
-0.996967, 147, 177, 162, 240
-0.99697, 397, 97, 412, 160
-0.996973, 145, 101, 272, 132
-0.996988, 85, 113, 100, 176
-0.997013, 225, 189, 240, 220
-0.997028, 337, 73, 464, 136
-0.997029, 177, 137, 192, 200
-0.99703, 321, 193, 352, 320
-0.997037, 227, 233, 242, 296
-0.997045, 457, 105, 472, 168
-0.997048, 337, 49, 368, 176
-0.997055, 369, 189, 496, 220
-0.997066, 215, 197, 230, 228
-0.997072, 203, 209, 218, 272
-0.99708, 73, 209, 104, 333
-0.997085, 273, 153, 336, 216
-0.997127, 157, 169, 172, 200
-0.997137, 371, 105, 386, 168
-0.997148, 215, 213, 230, 244
-0.997175, 225, 201, 240, 232
-0.997177, 231, 189, 246, 220
-0.997188, 161, 201, 176, 232
-0.997194, 309, 105, 324, 168
-0.997197, 129, 117, 256, 148
-0.997198, 209, 197, 224, 228
-0.9972, 419, 185, 434, 248
-0.997211, 297, 105, 312, 168
-0.997221, 365, 121, 380, 184
-0.997223, 397, 185, 412, 216
-0.997231, 403, 97, 418, 160
-0.997234, 181, 65, 212, 320
-0.997238, 411, 241, 426, 304
-0.997239, 87, 137, 102, 200
-0.99724, 71, 209, 86, 272
-0.997266, 161, 225, 176, 288
-0.997275, 207, 217, 222, 248
-0.997279, 7, 89, 22, 152
-0.997291, 405, 185, 420, 216
-0.997292, 209, 233, 224, 296
-0.997311, 337, 105, 352, 168
-0.997311, 199, 161, 214, 224
-0.997317, 405, 201, 420, 232
-0.997321, 47, 113, 62, 144
-0.997322, 157, 65, 188, 320
-0.997324, 39, 81, 54, 144
-0.997338, 417, 249, 432, 312
-0.997344, 157, 181, 172, 212
-0.997357, 357, 153, 372, 216
-0.99736, 77, 89, 92, 152
-0.99736, 367, 217, 382, 280
-0.997362, 377, 105, 392, 168
-0.997363, 337, 161, 464, 192
-0.997369, 145, 65, 176, 320
-0.997387, 113, 137, 240, 168
-0.997393, 231, 221, 246, 252
-0.997404, 95, 89, 110, 152
-0.997405, 15, 117, 30, 148
-0.997411, 177, 165, 304, 196
-0.997414, 305, 189, 432, 220
-0.997418, 241, 265, 368, 328
-0.997422, 397, 65, 428, 320
-0.997424, 441, 97, 456, 160
-0.997424, 257, 117, 384, 148
-0.997433, 315, 105, 330, 168
-0.997445, 199, 189, 214, 220
-0.997448, 17, 89, 32, 152
-0.997451, 147, 177, 162, 208
-0.997457, 287, 129, 302, 192
-0.997458, 413, 97, 428, 160
-0.997461, 359, 121, 374, 184
-0.997461, 225, 249, 480, 312
-0.997464, 181, 201, 196, 264
-0.997466, 65, 227, 96, 242
-0.997467, 409, 157, 440, 172
-0.997474, 79, 113, 94, 176
-0.997481, 321, 257, 384, 320
-0.997483, 321, 115, 352, 130
-0.997484, 211, 97, 226, 160
-0.997488, 213, 257, 244, 272
-0.99749, 245, 235, 276, 250
-0.997491, 229, 183, 260, 198
-0.997499, 403, 73, 418, 136
-0.997502, 385, 65, 416, 320
-0.997503, 201, 209, 232, 224
-0.997514, 45, 103, 76, 118
-0.997518, 337, 137, 464, 168
-0.997518, 417, 197, 448, 212
-0.997519, 353, 217, 480, 248
-0.99752, 177, 137, 208, 152
-0.997522, 193, 65, 224, 320
-0.997529, 169, 65, 200, 320
-0.997532, 305, 141, 336, 156
-0.997534, 409, 49, 440, 176
-0.997542, 45, 129, 60, 192
-0.997543, 369, 177, 496, 208
-0.99755, 9, 103, 40, 118
-0.997553, 239, 225, 254, 288
-0.997556, 57, 81, 72, 144
-0.997558, 361, 97, 376, 160
-0.99756, 469, 155, 500, 170
-0.997565, 31, 113, 46, 144
-0.997567, 229, 189, 260, 204
-0.997571, 365, 129, 396, 144
-0.997572, 325, 221, 356, 236
-0.997574, 69, 221, 100, 236
-0.997579, 167, 165, 182, 196
-0.997583, 161, 129, 288, 160
-0.997588, 467, 105, 482, 168
-0.997591, 69, 129, 100, 144
-0.997594, 7, 125, 22, 156
-0.997602, 189, 225, 204, 288
-0.997602, 97, 145, 128, 160
-0.997603, 395, 209, 410, 240
-0.997606, 177, 161, 192, 192
-0.997609, 397, 73, 412, 136
-0.997612, 129, 89, 256, 120
-0.997624, 401, 151, 432, 166
-0.997626, 77, 193, 92, 256
-0.997628, 119, 97, 134, 160
-0.99763, 183, 173, 198, 204
-0.997637, 85, 161, 100, 224
-0.997638, 31, 129, 46, 192
-0.997645, 77, 175, 108, 190
-0.997645, 321, 105, 336, 168
-0.997646, 209, 65, 240, 320
-0.997647, 1, 105, 16, 168
-0.997647, 65, 135, 96, 150
-0.997655, 1, 113, 16, 144
-0.99766, 393, 165, 424, 180
-0.997663, 273, 229, 400, 260
-0.997664, 281, 257, 344, 320
-0.997665, 25, 105, 40, 168
-0.997666, 159, 221, 174, 252
-0.997667, 405, 217, 436, 232
-0.997672, 349, 129, 364, 192
-0.997673, 193, 231, 224, 246
-0.997676, 297, 185, 360, 248
-0.997679, 173, 193, 188, 256
-0.99768, 273, 139, 304, 154
-0.99768, 61, 125, 76, 156
-0.997685, 41, 125, 56, 156
-0.997687, 333, 117, 364, 132
-0.99769, 77, 139, 108, 154
-0.997693, 161, 229, 192, 244
-0.997693, 381, 205, 412, 220
-0.997695, 425, 157, 456, 172
-0.9977, 237, 221, 252, 252
-0.997714, 145, 257, 272, 288
-0.997716, 277, 65, 308, 320
-0.997717, 1, 149, 128, 180
-0.997717, 413, 197, 428, 228
-0.997719, 57, 113, 72, 144
-0.997719, 189, 169, 204, 200
-0.997723, 361, 65, 392, 320
-0.997723, 9, 113, 24, 144
-0.997732, 309, 111, 340, 126
-0.997734, 157, 207, 188, 222
-0.997739, 141, 187, 172, 202
-0.997742, 21, 113, 36, 144
-0.997747, 177, 237, 304, 268
-0.997749, 93, 115, 124, 130
-0.99775, 405, 173, 436, 188
-0.997754, 145, 209, 176, 224
-0.997756, 345, 121, 376, 136
-0.997764, 145, 197, 176, 212
-0.997768, 217, 201, 248, 216
-0.997768, 165, 185, 180, 216
-0.997772, 241, 221, 272, 236
-0.997778, 37, 105, 52, 136
-0.997783, 381, 199, 412, 214
-0.997783, 69, 113, 100, 128
-0.997786, 285, 135, 316, 150
-0.997788, 55, 125, 70, 156
-0.997793, 53, 137, 84, 152
-0.997796, 401, 213, 416, 244
-0.997799, 373, 213, 404, 228
-0.997801, 397, 197, 412, 228
-0.99781, 257, 93, 384, 124
-0.997821, 341, 65, 372, 320
-0.99783, 413, 209, 428, 240
-0.997833, 177, 153, 304, 184
-0.997836, 167, 197, 182, 228
-0.997839, 205, 177, 220, 208
-0.997857, 349, 129, 380, 144
-0.997863, 229, 113, 260, 240
-0.997866, 169, 201, 200, 216
-0.997866, 185, 225, 216, 240
-0.997869, 293, 141, 324, 156
-0.997871, 321, 229, 448, 260
-0.997878, 249, 229, 280, 244
-0.997884, 109, 65, 140, 320
-0.997885, 173, 189, 204, 204
-0.997894, 353, 221, 384, 236
-0.997898, 209, 175, 240, 190
-0.997899, 81, 245, 208, 276
-0.997904, 129, 233, 160, 248
-0.997915, 213, 225, 228, 256
-0.997917, 209, 189, 336, 220
-0.997921, 157, 235, 188, 250
-0.997922, 213, 185, 228, 216
-0.997923, 209, 133, 336, 164
-0.997925, 21, 103, 52, 118
-0.997927, 407, 213, 422, 244
-0.997934, 305, 125, 432, 156
-0.997939, 405, 255, 436, 270
-0.997943, 145, 203, 176, 218
-0.997948, 389, 201, 404, 232
-0.997949, 405, 173, 420, 204
-0.997969, 223, 173, 238, 204
-0.997974, 155, 193, 170, 224
-0.997974, 21, 125, 36, 156
-0.997976, 33, 101, 64, 116
-0.997983, 63, 113, 78, 144
-0.997987, 67, 125, 82, 156
-0.997997, 405, 183, 436, 198
-0.998001, 29, 125, 44, 156
-0.998003, 183, 161, 198, 192
-0.998017, 121, 65, 152, 320
-0.998027, 193, 193, 208, 224
-0.998047, 221, 65, 252, 320
-0.998052, 73, 65, 104, 320
-0.998058, 65, 257, 192, 288
-0.99806, 133, 65, 164, 320
-0.99807, 209, 235, 240, 250
-0.99807, 391, 185, 406, 216
-0.998072, 393, 191, 424, 206
-0.998079, 75, 125, 90, 156
-0.99808, 203, 201, 218, 232
-0.998081, 5, 109, 36, 124
-0.998095, 201, 181, 232, 196
-0.998098, 373, 33, 404, 288
-0.998099, 5, 119, 36, 134
-0.998101, 165, 195, 196, 210
-0.99811, 289, 169, 416, 200
-0.99813, 357, 139, 388, 154
-0.998131, 53, 131, 84, 146
-0.998132, 15, 105, 30, 136
-0.998135, 289, 65, 320, 320
-0.998136, 49, 125, 64, 156
-0.998141, 155, 209, 170, 240
-0.998142, 317, 65, 348, 320
-0.998143, 229, 205, 260, 220
-0.998153, 77, 113, 92, 144
-0.998155, 399, 173, 414, 204
-0.998158, 389, 169, 404, 200
-0.998158, 225, 195, 256, 210
-0.99816, 175, 181, 190, 212
-0.998161, 1, 125, 16, 156
-0.998166, 171, 161, 186, 288
-0.998169, 195, 161, 210, 192
-0.998174, 169, 235, 200, 250
-0.998176, 17, 257, 80, 320
-0.998181, 177, 145, 192, 272
-0.998183, 211, 173, 226, 204
-0.998194, 57, 125, 88, 140
-0.998197, 225, 229, 240, 260
-0.998204, 141, 233, 172, 248
-0.998207, 99, 141, 114, 172
-0.998212, 305, 65, 336, 320
-0.998224, 411, 185, 426, 216
-0.998227, 233, 233, 264, 248
-0.99823, 209, 93, 336, 124
-0.998235, 357, 109, 372, 140
-0.998235, 85, 113, 100, 144
-0.998235, 85, 65, 116, 320
-0.998236, 87, 133, 102, 164
-0.998243, 337, 257, 464, 288
-0.998244, 165, 183, 196, 198
-0.99825, 15, 129, 30, 160
-0.998251, 227, 177, 242, 304
-0.998254, 183, 229, 198, 260
-0.998258, 209, 33, 272, 160
-0.998273, 369, 135, 400, 150
-0.998276, 409, 65, 440, 320
-0.998286, 309, 223, 340, 238
-0.998289, 9, 101, 24, 132
-0.998297, 61, 101, 76, 132
-0.998302, 87, 161, 102, 192
-0.998304, 193, 257, 320, 288
-0.998309, 69, 113, 84, 144
-0.998314, 153, 169, 184, 184
-0.998323, 353, 145, 368, 176
-0.998328, 69, 119, 100, 134
-0.998337, 319, 221, 334, 252
-0.998337, 153, 191, 184, 206
-0.998341, 337, 145, 368, 272
-0.998342, 97, 153, 112, 184
-0.998343, 417, 185, 432, 216
-0.998347, 409, 211, 440, 226
-0.998352, 329, 65, 360, 320
-0.998355, 405, 201, 436, 216
-0.998355, 177, 229, 192, 260
-0.998356, 389, 219, 420, 234
-0.998357, 17, 241, 144, 272
-0.998358, 153, 221, 168, 252
-0.998361, 197, 225, 228, 240
-0.998373, 165, 213, 180, 244
-0.998374, 151, 165, 166, 196
-0.998376, 233, 173, 248, 204
-0.998378, 1, 73, 256, 136
-0.998396, 325, 221, 340, 252
-0.998397, 193, 205, 208, 236
-0.9984, 53, 101, 68, 132
-0.998403, 185, 191, 248, 206
-0.998408, 153, 183, 216, 198
-0.998409, 3, 101, 18, 132
-0.998411, 167, 229, 182, 260
-0.998412, 185, 207, 248, 222
-0.998414, 419, 209, 434, 240
-0.998416, 97, 65, 128, 320
-0.99842, 265, 65, 296, 320
-0.998423, 351, 117, 366, 148
-0.998429, 1, 161, 128, 192
-0.998429, 349, 105, 364, 136
-0.998429, 213, 237, 228, 268
-0.99843, 249, 65, 280, 320
-0.998432, 161, 193, 224, 208
-0.998433, 145, 175, 208, 190
-0.998435, 231, 233, 246, 264
-0.998436, 91, 113, 106, 144
-0.99844, 161, 205, 224, 220
-0.998442, 311, 217, 326, 248
-0.998443, 153, 169, 216, 184
-0.998446, 37, 137, 68, 152
-0.998456, 157, 201, 188, 216
-0.998456, 9, 129, 72, 144
-0.998457, 163, 161, 178, 288
-0.998457, 93, 141, 108, 172
-0.998458, 1, 137, 32, 152
-0.998458, 357, 121, 372, 152
-0.998458, 49, 89, 176, 120
-0.99846, 185, 219, 248, 234
-0.998461, 289, 249, 416, 280
-0.998462, 419, 197, 434, 228
-0.998463, 201, 227, 264, 242
-0.998464, 83, 97, 98, 128
-0.998465, 53, 109, 84, 124
-0.998465, 185, 201, 248, 216
-0.998467, 377, 185, 440, 200
-0.998468, 145, 213, 208, 228
-0.998468, 49, 121, 112, 136
-0.998468, 177, 231, 240, 246
-0.998474, 9, 115, 72, 130
-0.998475, 177, 225, 240, 240
-0.998477, 201, 233, 264, 248
-0.998477, 169, 175, 232, 190
-0.998477, 17, 135, 80, 150
-0.998478, 239, 209, 254, 240
-0.998481, 145, 199, 208, 214
-0.998483, 1, 73, 500, 136
-0.998484, 33, 129, 96, 144
-0.998487, 193, 213, 256, 228
-0.998488, 129, 181, 192, 196
-0.99849, 9, 109, 72, 124
-0.998491, 35, 125, 50, 156
-0.998491, 161, 219, 224, 234
-0.998494, 17, 123, 80, 138
-0.998494, 363, 125, 378, 156
-0.998497, 161, 163, 224, 178
-0.998497, 137, 233, 200, 248
-0.9985, 331, 221, 346, 252
-0.998503, 399, 161, 414, 192
-0.998506, 287, 129, 302, 160
-0.998507, 361, 217, 424, 232
-0.998511, 361, 135, 424, 150
-0.998511, 377, 179, 440, 194
-0.998513, 219, 177, 234, 304
-0.998515, 201, 217, 216, 248
-0.998515, 193, 185, 256, 200
-0.998517, 377, 169, 440, 184
-0.998518, 49, 135, 112, 150
-0.998521, 177, 177, 208, 192
-0.998521, 177, 237, 240, 252
-0.998524, 49, 111, 112, 126
-0.998524, 297, 221, 360, 236
-0.998526, 105, 179, 168, 194
-0.998526, 385, 207, 448, 222
-0.998528, 39, 137, 54, 168
-0.998528, 121, 207, 184, 222
-0.998528, 193, 179, 256, 194
-0.998529, 339, 101, 354, 132
-0.998531, 321, 221, 384, 236
-0.998533, 361, 225, 424, 240
-0.998533, 177, 169, 240, 184
-0.998535, 209, 191, 272, 206
-0.998536, 225, 229, 288, 244
-0.998537, 9, 103, 72, 118
-0.99854, 285, 145, 316, 272
-0.998541, 113, 235, 176, 250
-0.998541, 121, 213, 184, 228
-0.998542, 157, 177, 172, 304
-0.998544, 221, 227, 252, 242
-0.998545, 289, 113, 352, 128
-0.998553, 21, 135, 52, 150
-0.998553, 361, 211, 424, 226
-0.998554, 413, 169, 428, 200
-0.998554, 81, 227, 144, 242
-0.998555, 121, 201, 184, 216
-0.998556, 113, 187, 176, 202
-0.998557, 137, 221, 200, 236
-0.998561, 225, 211, 256, 226
-0.998562, 257, 227, 320, 242
-0.998562, 81, 169, 96, 200
-0.998562, 209, 221, 272, 236
-0.998564, 377, 199, 440, 214
-0.998564, 377, 191, 440, 206
-0.998565, 57, 129, 120, 144
-0.998565, 225, 213, 288, 228
-0.998565, 33, 105, 96, 120
-0.998569, 409, 161, 472, 176
-0.998569, 25, 137, 40, 168
-0.998569, 189, 157, 204, 188
-0.99857, 209, 207, 272, 222
-0.998574, 201, 173, 264, 188
-0.998574, 321, 125, 384, 140
-0.998576, 21, 117, 52, 132
-0.998576, 31, 101, 46, 132
-0.998577, 289, 141, 352, 156
-0.998577, 153, 227, 216, 242
-0.998578, 353, 141, 416, 156
-0.998579, 337, 229, 400, 244
-0.998579, 153, 101, 168, 132
-0.998579, 169, 213, 232, 228
-0.998581, 129, 249, 384, 312
-0.998582, 69, 101, 84, 132
-0.998582, 121, 173, 184, 188
-0.998583, 377, 257, 440, 272
-0.998583, 265, 137, 328, 152
-0.998584, 121, 193, 184, 208
-0.998585, 57, 219, 120, 234
-0.998586, 207, 229, 222, 260
-0.998586, 137, 239, 200, 254
-0.998588, 59, 137, 74, 168
-0.998588, 337, 217, 352, 248
-0.998589, 105, 219, 168, 234
-0.998589, 161, 103, 224, 118
-0.99859, 433, 155, 496, 170
-0.99859, 425, 135, 488, 150
-0.998591, 361, 205, 424, 220
-0.998591, 265, 107, 328, 122
-0.998592, 225, 235, 288, 250
-0.998592, 1, 141, 64, 156
-0.998592, 359, 145, 374, 176
-0.998594, 81, 125, 96, 156
-0.998594, 121, 227, 184, 242
-0.998594, 393, 213, 424, 228
-0.998594, 81, 233, 144, 248
-0.998595, 405, 191, 436, 206
-0.998595, 209, 201, 272, 216
-0.998595, 41, 141, 104, 156
-0.998597, 313, 135, 376, 150
-0.998599, 305, 231, 368, 246
-0.9986, 233, 65, 264, 320
-0.998601, 305, 119, 368, 134
-0.998601, 401, 181, 464, 196
-0.998601, 41, 157, 104, 172
-0.998602, 201, 257, 264, 272
-0.998604, 1, 153, 64, 216
-0.998605, 185, 163, 248, 178
-0.998605, 361, 129, 424, 144
-0.998605, 385, 213, 448, 228
-0.998606, 53, 65, 84, 320
-0.998608, 121, 103, 184, 118
-0.998608, 201, 239, 264, 254
-0.998608, 197, 161, 212, 288
-0.998608, 401, 135, 464, 150
-0.998609, 337, 215, 400, 230
-0.99861, 137, 163, 200, 178
-0.998611, 57, 105, 120, 120
-0.998612, 169, 135, 232, 150
-0.998612, 337, 135, 400, 150
-0.998613, 209, 111, 272, 126
-0.998613, 401, 175, 464, 190
-0.998614, 377, 103, 440, 118
-0.998614, 369, 125, 496, 156
-0.998614, 377, 163, 440, 178
-0.998614, 41, 99, 104, 114
-0.998615, 121, 97, 184, 112
-0.998616, 353, 179, 416, 194
-0.998616, 161, 141, 224, 156
-0.998616, 233, 109, 296, 124
-0.998617, 353, 199, 416, 214
-0.998618, 41, 225, 104, 240
-0.998618, 401, 187, 464, 202
-0.998618, 97, 171, 160, 186
-0.99862, 185, 143, 248, 158
-0.998621, 17, 97, 80, 112
-0.998621, 321, 105, 384, 120
-0.998621, 201, 117, 264, 132
-0.998622, 33, 217, 96, 232
-0.998622, 313, 113, 376, 128
-0.998622, 81, 221, 144, 236
-0.998622, 65, 259, 128, 274
-0.998623, 409, 155, 472, 170
-0.998623, 161, 97, 224, 112
-0.99863, 209, 223, 240, 238
-0.998633, 97, 73, 352, 136
-0.998641, 257, 213, 384, 244
-0.998666, 129, 65, 256, 128
-0.998708, 369, 149, 496, 180
-0.998728, 189, 209, 220, 224
-0.998734, 189, 167, 220, 182
-0.998738, 409, 177, 424, 304
-0.99874, 393, 199, 424, 214
-0.998764, 273, 193, 304, 320
-0.998766, 421, 65, 452, 320
-0.998766, 189, 219, 220, 234
-0.998776, 225, 273, 480, 333
-0.998777, 191, 177, 206, 304
-0.998786, 321, 93, 448, 124
-0.99879, 403, 161, 418, 288
-0.998792, 5, 129, 36, 144
-0.998795, 373, 49, 404, 176
-0.998796, 163, 113, 178, 240
-0.998804, 197, 187, 228, 202
-0.998804, 151, 145, 166, 272
-0.998807, 45, 125, 76, 140
-0.998831, 417, 161, 432, 288
-0.998858, 33, 117, 64, 132
-0.998859, 157, 129, 172, 256
-0.998876, 153, 185, 184, 200
-0.998878, 53, 119, 84, 134
-0.998883, 193, 193, 224, 208
-0.998891, 185, 129, 200, 256
-0.998898, 33, 123, 64, 138
-0.998901, 209, 161, 224, 288
-0.998902, 141, 181, 172, 196
-0.99891, 33, 107, 64, 122
-0.998911, 233, 161, 248, 288
-0.998912, 21, 65, 52, 320
-0.998915, 397, 161, 412, 288
-0.998919, 407, 113, 422, 240
-0.998922, 273, 65, 304, 192
-0.998938, 1, 85, 128, 116
-0.998946, 425, 209, 488, 333
-0.998962, 469, 33, 500, 288
-0.998979, 433, 65, 464, 320
-0.998983, 445, 65, 476, 320
-0.998993, 1, 257, 500, 320
-0.998997, 37, 65, 68, 320
-0.999002, 113, 149, 240, 180
-0.999005, 21, 109, 52, 124
-0.999005, 369, 245, 496, 276
-0.999012, 21, 123, 52, 138
-0.999014, 209, 229, 240, 244
-0.999036, 233, 227, 264, 242
-0.999038, 389, 181, 420, 196
-0.999056, 1, 65, 32, 320
-0.99907, 165, 165, 196, 180
-0.999073, 457, 65, 488, 320
-0.999078, 177, 161, 208, 176
-0.999084, 273, 149, 400, 180
-0.999087, 239, 177, 254, 304
-0.99909, 149, 193, 164, 320
-0.999099, 185, 209, 200, 333
-0.999107, 213, 195, 244, 210
-0.999108, 17, 257, 144, 288
-0.999115, 21, 129, 52, 144
-0.999143, 41, 131, 72, 146
-0.99915, 169, 113, 184, 240
-0.999153, 293, 49, 324, 176
-0.999169, 189, 203, 220, 218
-0.999173, 179, 97, 194, 224
-0.999207, 1, 185, 128, 216
-0.999234, 397, 81, 412, 208
-0.999238, 203, 129, 218, 256
-0.999244, 149, 175, 180, 190
-0.999245, 97, 1, 352, 128
-0.99926, 393, 207, 424, 222
-0.999275, 225, 169, 352, 200
-0.99931, 213, 207, 244, 222
-0.999314, 205, 201, 236, 216
-0.999319, 95, 97, 110, 224
-0.999339, 165, 209, 180, 333
-0.999339, 387, 161, 402, 288
-0.999357, 225, 237, 352, 268
-0.999358, 161, 285, 288, 316
-0.999362, 369, 233, 496, 264
-0.99937, 217, 129, 232, 256
-0.999396, 387, 97, 402, 224
-0.999408, 135, 97, 150, 224
-0.999412, 151, 97, 166, 224
-0.999418, 417, 97, 432, 224
-0.999429, 189, 81, 204, 208
-0.999436, 1, 173, 128, 204
-0.999438, 89, 97, 104, 224
-0.999438, 143, 177, 158, 304
-0.999445, 233, 209, 248, 333
-0.999455, 351, 81, 366, 208
-0.999473, 209, 215, 240, 230
-0.99948, 121, 97, 136, 224
-0.999484, 93, 145, 108, 272
-0.999495, 97, 277, 224, 308
-0.999506, 145, 129, 160, 256
-0.999507, 191, 129, 206, 256
-0.999518, 363, 97, 378, 224
-0.999518, 221, 233, 252, 248
-0.99952, 221, 219, 252, 234
-0.999527, 161, 297, 288, 328
-0.999547, 223, 129, 238, 256
-0.999565, 171, 65, 186, 192
-0.999568, 225, 149, 352, 180
-0.999569, 77, 177, 92, 304
-0.999574, 209, 209, 224, 333
-0.999577, 127, 81, 142, 208
-0.999587, 177, 17, 240, 144
-0.999587, 115, 97, 130, 224
-0.999591, 137, 145, 152, 272
-0.999597, 171, 209, 186, 333
-0.9996, 49, 277, 176, 308
-0.999603, 373, 97, 388, 224
-0.999604, 213, 189, 244, 204
-0.999608, 369, 93, 496, 124
-0.999609, 177, 193, 192, 320
-0.999611, 345, 273, 408, 333
-0.999614, 309, 145, 340, 272
-0.999622, 165, 193, 180, 208
-0.999622, 87, 161, 102, 288
-0.999623, 243, 233, 258, 248
-0.999624, 355, 149, 370, 164
-0.999625, 363, 131, 378, 146
-0.999626, 415, 203, 430, 218
-0.999627, 245, 177, 260, 304
-0.999627, 197, 113, 212, 240
-0.999627, 25, 109, 40, 124
-0.999628, 7, 119, 22, 134
-0.999628, 143, 185, 158, 200
-0.999629, 69, 117, 84, 132
-0.99963, 159, 221, 174, 236
-0.999631, 15, 109, 30, 124
-0.999632, 311, 223, 326, 238
-0.999632, 37, 113, 52, 128
-0.999633, 369, 135, 384, 150
-0.999633, 195, 199, 210, 214
-0.999633, 165, 179, 180, 194
-0.999634, 241, 201, 368, 232
-0.999634, 5, 137, 20, 152
-0.999634, 207, 229, 222, 244
-0.999636, 227, 235, 242, 250
-0.999637, 155, 213, 170, 228
-0.999637, 189, 161, 204, 176
-0.999638, 157, 81, 172, 208
-0.999638, 19, 119, 34, 134
-0.999639, 75, 119, 90, 134
-0.999639, 213, 215, 228, 230
-0.999642, 155, 207, 170, 222
-0.999642, 417, 191, 432, 206
-0.999642, 69, 129, 84, 144
-0.999642, 155, 199, 170, 214
-0.999642, 49, 111, 64, 126
-0.999643, 403, 65, 418, 192
-0.999643, 179, 179, 194, 194
-0.999643, 407, 181, 422, 196
-0.999644, 71, 177, 86, 304
-0.999645, 225, 273, 352, 304
-0.999646, 381, 97, 396, 224
-0.999646, 363, 137, 378, 152
-0.999647, 169, 165, 184, 180
-0.999647, 183, 161, 198, 176
-0.999647, 409, 257, 424, 272
-0.999648, 171, 181, 186, 196
-0.999648, 157, 191, 172, 206
-0.999649, 131, 233, 146, 248
-0.999649, 181, 235, 196, 250
-0.99965, 417, 197, 432, 212
-0.99965, 55, 137, 70, 152
-0.99965, 149, 185, 164, 200
-0.99965, 403, 197, 418, 212
-0.99965, 407, 213, 422, 228
-0.999651, 413, 209, 428, 224
-0.999656, 233, 223, 248, 238
-0.999657, 183, 173, 198, 188
-0.999657, 389, 207, 404, 222
-0.999658, 219, 211, 234, 226
-0.999659, 221, 235, 236, 250
-0.999659, 25, 115, 40, 130
-0.999662, 197, 193, 212, 208
-0.999662, 49, 131, 64, 146
-0.999662, 65, 135, 80, 150
-0.999663, 195, 163, 210, 178
-0.999663, 403, 219, 418, 234
-0.999663, 85, 119, 100, 134
-0.999664, 1, 117, 16, 132
-0.999665, 395, 217, 410, 232
-0.999665, 233, 233, 248, 248
-0.999665, 43, 123, 58, 138
-0.999666, 161, 141, 288, 172
-0.999666, 209, 97, 224, 224
-0.999668, 31, 129, 46, 144
-0.999668, 47, 117, 62, 132
-0.999668, 55, 131, 70, 146
-0.999669, 13, 121, 28, 136
-0.999669, 205, 211, 220, 226
-0.999669, 395, 205, 410, 220
-0.99967, 37, 119, 52, 134
-0.99967, 15, 135, 30, 150
-0.99967, 213, 203, 228, 218
-0.999671, 7, 131, 22, 146
-0.999671, 161, 211, 176, 226
-0.999672, 155, 185, 170, 200
-0.999673, 25, 129, 40, 144
-0.999673, 143, 81, 158, 208
-0.999674, 83, 81, 98, 208
-0.999674, 31, 135, 46, 150
-0.999675, 201, 187, 216, 202
-0.999677, 41, 81, 56, 208
-0.999678, 297, 97, 312, 224
-0.999682, 219, 217, 234, 232
-0.999682, 401, 207, 416, 222
-0.999682, 37, 129, 52, 144
-0.999682, 43, 111, 58, 126
-0.999683, 177, 163, 192, 178
-0.999684, 105, 129, 120, 256
-0.999686, 3, 125, 18, 140
-0.999687, 397, 199, 412, 214
-0.999687, 189, 169, 204, 184
-0.999689, 19, 129, 34, 144
-0.99969, 161, 185, 176, 200
-0.99969, 161, 169, 176, 184
-0.999693, 153, 173, 168, 188
-0.999693, 65, 123, 80, 138
-0.999693, 105, 81, 120, 208
-0.999694, 203, 177, 218, 304
-0.999694, 161, 205, 176, 220
-0.999695, 203, 81, 218, 208
-0.999695, 31, 119, 46, 134
-0.999698, 357, 81, 372, 208
-0.999698, 397, 209, 412, 333
-0.999701, 401, 213, 416, 228
-0.999702, 31, 109, 46, 124
-0.999703, 49, 123, 64, 138
-0.999703, 395, 211, 410, 226
-0.999704, 225, 189, 240, 204
-0.999705, 221, 195, 236, 210
-0.999705, 395, 183, 410, 198
-0.999707, 205, 203, 220, 218
-0.999707, 41, 135, 56, 150
-0.999709, 227, 209, 242, 224
-0.999711, 163, 199, 178, 214
-0.999711, 213, 191, 228, 206
-0.999712, 37, 107, 52, 122
-0.999713, 59, 119, 74, 134
-0.999714, 27, 81, 42, 208
-0.999715, 209, 223, 224, 238
-0.999717, 397, 189, 412, 204
-0.999718, 227, 203, 242, 218
-0.999722, 59, 125, 74, 140
-0.999723, 233, 217, 248, 232
-0.999726, 409, 195, 424, 210
-0.999728, 427, 97, 442, 224
-0.999729, 223, 229, 238, 244
-0.99973, 43, 129, 58, 144
-0.999731, 433, 97, 448, 224
-0.999732, 407, 207, 422, 222
-0.999733, 225, 215, 240, 230
-0.999737, 19, 97, 34, 224
-0.999737, 289, 261, 416, 292
-0.999738, 219, 201, 234, 216
-0.999738, 99, 145, 114, 272
-0.999739, 345, 97, 360, 224
-0.99974, 13, 129, 28, 144
-0.999741, 147, 179, 162, 194
-0.999744, 401, 179, 416, 194
-0.999746, 233, 211, 248, 226
-0.999749, 209, 197, 224, 212
-0.999753, 405, 187, 420, 202
-0.999756, 207, 217, 222, 232
-0.999762, 409, 201, 424, 216
-0.999764, 219, 189, 234, 204
-0.999766, 355, 145, 370, 272
-0.999767, 215, 223, 230, 238
-0.999768, 129, 129, 144, 256
-0.999772, 369, 273, 496, 333
-0.999774, 229, 195, 244, 210
-0.999777, 287, 113, 302, 240
-0.999783, 311, 97, 326, 224
-0.999787, 217, 229, 232, 244
-0.999789, 227, 221, 242, 236
-0.999793, 33, 265, 288, 328
-0.999795, 163, 65, 178, 192
-0.999797, 233, 205, 248, 220
-0.9998, 145, 269, 272, 300
-0.999802, 479, 97, 494, 224
-0.999803, 423, 177, 438, 304
-0.999807, 313, 49, 344, 176
-0.999819, 467, 97, 482, 224
-0.999825, 485, 97, 500, 224
-0.999834, 333, 97, 348, 224
-0.999835, 239, 129, 254, 256
-0.999841, 377, 193, 392, 320
-0.999843, 125, 177, 140, 304
-0.99985, 107, 177, 122, 304
-0.999851, 305, 97, 320, 224
-0.999862, 401, 49, 464, 112
-0.99987, 51, 65, 66, 192
-0.999886, 439, 97, 454, 224
-0.999897, 473, 97, 488, 224
-0.9999, 97, 77, 224, 108
-0.999907, 449, 97, 464, 224
-0.999911, 317, 97, 332, 224
-0.999918, 117, 177, 132, 304
-0.999921, 75, 97, 90, 224
-0.999924, 3, 97, 18, 224
-0.999929, 327, 97, 342, 224
-0.999939, 417, 209, 432, 333
-0.99995, 63, 81, 78, 208
-0.999952, 461, 97, 476, 224
-0.999955, 455, 97, 470, 224
-0.999965, 229, 113, 244, 240
-0.999974, 57, 81, 72, 208
-0.999974, 281, 113, 296, 240
-0.999975, 339, 97, 354, 224
-0.999987, 131, 177, 146, 304
-0.999992, 255, 145, 270, 272
-1, 245, 129, 260, 256
-1, 265, 177, 280, 304
-1, 33, 81, 48, 208
-1.00004, 11, 81, 26, 208
-1.00005, 69, 81, 84, 208
-1.00006, 81, 129, 96, 256
-1.00007, 47, 113, 62, 240
-1.00007, 65, 193, 80, 320
-1.00007, 343, 193, 358, 320
-1.00007, 217, 81, 232, 208
-1.00007, 193, 73, 448, 136
-1.0001, 37, 129, 68, 256
-1.00012, 113, 289, 240, 320
-1.00013, 351, 193, 366, 320
-1.00013, 285, 65, 300, 192
-1.00013, 333, 193, 348, 320
-1.00013, 133, 49, 148, 176
-1.00014, 291, 65, 306, 192
-1.00014, 381, 145, 396, 272
-1.00014, 1, 269, 128, 300
-1.00015, 325, 49, 356, 176
-1.00016, 403, 209, 418, 333
-1.00016, 349, 145, 364, 272
-1.00017, 225, 301, 352, 332
-1.0002, 249, 209, 280, 333
-1.00023, 49, 193, 80, 320
-1.00023, 273, 301, 400, 332
-1.00024, 353, 269, 480, 300
-1.00028, 225, 285, 352, 316
-1.00029, 17, 57, 144, 120
-1.0003, 49, 77, 176, 108
-1.00034, 241, 249, 368, 280
-1.00038, 353, 289, 480, 320
-1.0004, 9, 57, 72, 120
-1.0004, 345, 41, 408, 104
-1.00052, 209, 81, 336, 112
-1.00054, 241, 261, 368, 292
-1.00058, 289, 277, 416, 308
-1.00066, 273, 81, 400, 112
-1.00069, 425, 193, 456, 320
-1.00072, 273, 289, 400, 320
-1.00073, 337, 301, 464, 332
-1.00076, 257, 181, 384, 212
-1.00086, 113, 301, 240, 332
-1.00087, 1, 73, 128, 104
-1.00095, 305, 161, 368, 224
-1.00097, 1, 209, 64, 272
-1.001, 321, 145, 352, 272
-1.00107, 1, 281, 128, 312
-1.00111, 445, 49, 476, 176
-1.00113, 65, 289, 192, 320
-1.00114, 433, 49, 464, 176
-1.00117, 113, 1, 240, 32
-1.00123, 369, 1, 496, 32
-1.00123, 297, 145, 328, 272
-1.00124, 33, 301, 160, 332
-1.00126, 369, 73, 496, 104
-1.00126, 385, 33, 416, 160
-1.0013, 49, 65, 176, 96
-1.00132, 129, 273, 384, 333
-1.00134, 321, 73, 448, 104
-1.00135, 21, 129, 52, 256
-1.00137, 273, 1, 400, 32
-1.00137, 105, 1, 168, 128
-1.00139, 289, 57, 416, 88
-1.0014, 49, 1, 176, 128
-1.00142, 121, 33, 152, 160
-1.00143, 461, 49, 492, 176
-1.00145, 161, 77, 288, 108
-1.00146, 197, 49, 228, 176
-1.00149, 49, 5, 176, 36
-1.00153, 65, 21, 192, 52
-1.00153, 161, 1, 288, 32
-1.00154, 225, 1, 352, 32
-1.00154, 321, 1, 448, 32
-1.00157, 433, 265, 496, 328
-1.00157, 129, 65, 256, 96
-1.00164, 9, 1, 72, 128
-1.00165, 337, 1, 400, 128
-1.0017, 321, 273, 448, 333
-1.0017, 421, 49, 452, 176
-1.0019, 401, 273, 464, 333
-1.00196, 361, 49, 392, 176
-1.00197, 89, 57, 152, 120
-1.002, 349, 33, 380, 160
-1.00226, 169, 49, 232, 112
-1.00228, 297, 1, 360, 128
-1.00234, 21, 33, 52, 160
-1.00241, 225, 65, 256, 192
-1.00253, 1, 49, 500, 112
-1.00261, 169, 33, 200, 160
-1.00261, 65, 1, 320, 64
-1.00262, 113, 49, 176, 112
-1.00275, 433, 217, 496, 280
-1.00282, 1, 33, 32, 160
-1.00287, 65, 49, 320, 112
-1.00287, 433, 193, 496, 256
-1.00288, 33, 33, 64, 160
-1.00305, 161, 1, 416, 64
-1.00306, 257, 1, 500, 64
-1.00307, 401, 1, 464, 128
-1.00308, 153, 1, 216, 128
-1.00319, 185, 33, 216, 160
-1.0032, 433, 57, 496, 120
-1.00326, 65, 49, 192, 112
-1.00327, 273, 57, 400, 120
-1.00331, 33, 25, 288, 88
-1.00343, 257, 25, 500, 88
-1.00349, 461, 145, 492, 272
-1.00357, 9, 129, 40, 256
-1.00367, 161, 33, 416, 96
-1.00371, 177, 49, 304, 112
-1.00374, 261, 49, 292, 176
-1.00394, 257, 49, 500, 112
-1.00407, 273, 1, 336, 128
-1.00436, 241, 65, 272, 192
-1.00448, 1, 9, 500, 72
-1.00459, 153, 17, 184, 144
-1.00476, 65, 1, 192, 64
-1.00488, 445, 145, 476, 272
-1.0049, 177, 1, 304, 64
-1.00511, 89, 17, 120, 144
-1.00514, 161, 17, 288, 144
-1.00519, 113, 1, 240, 64
-1.00525, 433, 1, 496, 128
-1.00534, 225, 1, 352, 64
-1.00545, 273, 1, 400, 64
-1.00545, 73, 17, 104, 144
-1.00568, 369, 41, 496, 104
-1.00587, 105, 1, 136, 128
-1.00604, 1, 1, 128, 64
-1.00622, 81, 25, 208, 88
-1.00625, 337, 1, 464, 64
-1.00629, 141, 1, 172, 128
-1.00643, 273, 17, 304, 144
-1.00665, 213, 33, 244, 160
-1.00678, 129, 41, 256, 104
-1.0068, 33, 25, 160, 88
-1.00684, 305, 33, 432, 96
-1.00701, 257, 33, 384, 96
-1.00734, 17, 177, 48, 304
-1.00746, 445, 193, 476, 320
-1.00749, 209, 25, 336, 88
-1.00751, 465, 209, 496, 333
-1.00754, 37, 193, 68, 320
-1.00776, 1, 1, 128, 128
-1.00783, 405, 1, 436, 128
-1.00822, 321, 1, 448, 128
-1.00887, 369, 1, 496, 128
