1650
-0.378517, 1, 1, 500, 216
-0.642576, 161, 1, 416, 216
-0.698288, 65, 1, 320, 216
-0.754415, 257, 1, 500, 216
-0.851318, 81, 1, 208, 216
-0.866034, 129, 1, 256, 216
-0.87346, 1, 1, 500, 128
-0.874207, 289, 1, 416, 216
-0.877157, 177, 1, 304, 216
-0.897645, 241, 1, 368, 216
-0.899663, 337, 1, 464, 216
-0.905657, 1, 97, 500, 216
-0.9091, 33, 1, 160, 216
-0.909446, 1, 49, 500, 176
-0.9206, 257, 97, 500, 216
-0.925136, 161, 65, 416, 192
-0.926826, 65, 1, 320, 128
-0.932294, 81, 33, 208, 160
-0.933673, 129, 81, 256, 208
-0.935858, 177, 1, 240, 128
-0.936313, 145, 65, 208, 192
-0.937743, 33, 97, 288, 216
-0.939433, 65, 49, 320, 176
-0.940673, 289, 97, 416, 216
-0.943428, 129, 1, 256, 128
-0.944639, 193, 65, 320, 192
-0.945446, 193, 17, 448, 144
-0.949525, 289, 97, 352, 216
-0.949528, 145, 65, 208, 128
-0.951369, 105, 49, 168, 176
-0.95197, 177, 17, 304, 144
-0.952554, 313, 97, 376, 216
-0.952915, 129, 17, 192, 144
-0.953874, 185, 97, 248, 216
-0.955203, 81, 81, 208, 208
-0.955652, 105, 1, 168, 128
-0.956168, 273, 1, 400, 128
-0.956247, 337, 49, 464, 176
-0.956405, 153, 89, 216, 152
-0.956713, 241, 97, 368, 216
-0.959762, 185, 121, 248, 184
-0.960098, 177, 49, 240, 176
-0.960356, 297, 1, 360, 128
-0.960413, 385, 49, 448, 176
-0.960916, 153, 17, 216, 144
-0.962327, 217, 49, 280, 176
-0.962437, 209, 97, 272, 216
-0.962884, 33, 33, 160, 160
-0.963372, 177, 73, 240, 136
-0.963813, 289, 49, 416, 176
-0.963842, 337, 97, 400, 216
-0.963845, 105, 57, 168, 120
-0.964536, 297, 105, 360, 168
-0.964747, 33, 33, 96, 160
-0.964919, 97, 97, 160, 216
-0.966265, 177, 1, 240, 64
-0.966897, 153, 113, 216, 176
-0.967581, 361, 49, 424, 176
-0.967883, 81, 49, 144, 176
-0.968149, 241, 49, 368, 176
-0.968178, 121, 97, 184, 216
-0.968213, 329, 49, 392, 176
-0.969036, 265, 81, 328, 208
-0.969398, 337, 97, 464, 216
-0.96951, 129, 41, 192, 104
-0.969538, 73, 1, 136, 128
-0.96964, 105, 25, 168, 88
-0.96977, 321, 1, 448, 128
-0.970097, 81, 57, 208, 120
-0.970236, 297, 49, 360, 176
-0.970739, 393, 1, 456, 128
-0.970871, 173, 65, 204, 192
-0.970884, 329, 97, 392, 160
-0.970915, 1, 97, 128, 216
-0.971135, 361, 97, 424, 216
-0.971138, 65, 49, 128, 112
-0.971153, 273, 105, 400, 168
-0.971326, 1, 1, 64, 128
-0.971437, 257, 33, 320, 160
-0.971717, 129, 89, 192, 152
-0.972038, 185, 97, 248, 160
-0.972269, 297, 1, 360, 216
-0.972405, 145, 1, 208, 216
-0.972608, 65, 25, 128, 88
-0.972788, 129, 113, 256, 176
-0.972813, 105, 1, 168, 216
-0.973021, 297, 17, 360, 80
-0.973183, 113, 113, 176, 176
-0.973234, 41, 33, 104, 96
-0.973545, 73, 97, 136, 216
-0.973818, 209, 113, 272, 176
-0.973915, 105, 89, 168, 152
-0.974142, 401, 97, 464, 216
-0.974735, 185, 49, 248, 112
-0.974815, 297, 73, 360, 136
-0.974822, 105, 1, 168, 64
-0.974872, 145, 65, 272, 128
-0.975356, 177, 1, 240, 216
-0.975671, 385, 49, 448, 112
-0.975927, 129, 89, 256, 152
-0.976006, 301, 97, 332, 216
-0.97634, 129, 25, 256, 88
-0.976752, 169, 65, 200, 128
-0.97708, 81, 33, 208, 96
-0.977233, 385, 1, 448, 216
-0.977325, 401, 129, 464, 192
-0.977404, 81, 81, 208, 144
-0.977537, 329, 97, 360, 216
-0.977645, 81, 1, 144, 216
-0.977689, 273, 105, 336, 168
-0.977863, 201, 1, 264, 128
-0.977914, 81, 1, 208, 64
-0.977933, 205, 1, 236, 128
-0.97801, 129, 137, 192, 200
-0.978082, 105, 137, 168, 200
-0.978109, 169, 17, 200, 144
-0.978515, 145, 17, 208, 80
-0.978538, 149, 65, 180, 192
-0.978607, 41, 57, 104, 120
-0.978696, 81, 153, 144, 216
-0.97887, 193, 65, 320, 128
-0.97922, 53, 33, 84, 96
-0.979352, 209, 89, 336, 152
-0.979489, 205, 97, 236, 216
-0.979674, 313, 97, 344, 216
-0.979719, 17, 41, 144, 104
-0.97979, 217, 57, 280, 120
-0.980203, 205, 121, 236, 184
-0.980321, 1, 41, 64, 104
-0.980332, 185, 81, 216, 208
-0.980451, 241, 121, 304, 184
-0.980469, 417, 153, 480, 216
-0.98051, 153, 57, 184, 120
-0.980684, 113, 49, 144, 176
-0.980833, 193, 1, 320, 64
-0.980876, 57, 49, 120, 176
-0.980925, 257, 41, 320, 104
-0.980958, 177, 25, 240, 88
-0.980997, 297, 49, 360, 112
-0.98101, 221, 97, 252, 216
-0.981092, 289, 17, 416, 80
-0.981092, 81, 105, 208, 168
-0.981248, 1, 17, 64, 80
-0.981312, 65, 41, 96, 104
-0.981341, 217, 121, 248, 184
-0.98142, 193, 41, 320, 104
-0.981447, 361, 49, 424, 112
-0.981638, 225, 1, 352, 128
-0.981668, 49, 1, 112, 216
-0.98179, 193, 121, 224, 184
-0.981871, 393, 17, 456, 80
-0.981871, 385, 97, 448, 160
-0.981928, 205, 1, 236, 64
-0.981928, 157, 1, 188, 128
-0.982002, 153, 137, 216, 200
-0.982025, 301, 105, 332, 168
-0.98206, 177, 113, 304, 176
-0.982082, 125, 65, 156, 192
-0.982209, 9, 97, 72, 216
-0.982255, 113, 57, 144, 120
-0.982256, 313, 105, 344, 168
-0.982287, 9, 49, 72, 176
-0.982316, 225, 137, 352, 200
-0.982394, 185, 89, 216, 152
-0.982469, 185, 1, 216, 128
-0.982479, 329, 1, 392, 128
-0.982642, 153, 41, 216, 104
-0.982642, 173, 89, 204, 152
-0.982649, 425, 97, 488, 216
-0.982716, 201, 1, 264, 216
-0.982777, 161, 65, 192, 192
-0.982836, 321, 1, 384, 216
-0.982937, 377, 121, 440, 184
-0.983004, 129, 1, 256, 64
-0.983271, 57, 17, 88, 144
-0.983345, 49, 153, 176, 216
-0.983436, 273, 1, 336, 216
-0.983453, 217, 33, 280, 96
-0.983459, 145, 69, 208, 100
-0.9835, 361, 1, 424, 128
-0.983504, 337, 73, 400, 136
-0.983547, 321, 97, 448, 160
-0.983692, 129, 137, 256, 200
-0.983694, 257, 65, 320, 128
-0.983825, 341, 97, 372, 160
-0.983849, 89, 113, 152, 176
-0.983901, 133, 73, 164, 136
-0.983941, 429, 113, 460, 176
-0.98395, 417, 17, 480, 144
-0.984003, 329, 105, 360, 168
-0.984184, 149, 81, 180, 144
-0.984426, 65, 1, 128, 64
-0.984447, 273, 65, 400, 128
-0.984449, 341, 97, 372, 216
-0.984449, 153, 33, 184, 96
-0.984496, 217, 89, 280, 152
-0.984499, 57, 145, 120, 208
-0.984508, 133, 97, 164, 160
-0.984603, 353, 1, 416, 216
-0.984906, 33, 17, 160, 80
-0.985015, 137, 49, 168, 176
-0.985083, 1, 73, 128, 136
-0.985119, 1, 153, 128, 216
-0.985181, 65, 129, 192, 192
-0.985201, 353, 105, 416, 168
-0.985235, 241, 25, 368, 88
-0.985265, 177, 113, 208, 176
-0.985388, 209, 137, 272, 200
-0.985487, 133, 1, 164, 128
-0.985586, 177, 145, 240, 208
-0.985586, 225, 97, 256, 160
-0.985685, 129, 121, 160, 184
-0.985743, 181, 65, 212, 128
-0.985769, 145, 113, 176, 176
-0.985778, 429, 97, 460, 216
-0.985779, 133, 49, 164, 112
-0.985805, 65, 73, 128, 136
-0.985882, 289, 81, 320, 208
-0.985911, 9, 153, 72, 216
-0.985992, 233, 97, 296, 216
-0.986116, 393, 49, 424, 112
-0.986116, 53, 57, 84, 120
-0.986171, 337, 49, 464, 112
-0.986231, 145, 145, 176, 208
-0.986248, 169, 41, 200, 104
-0.986302, 365, 105, 396, 168
-0.986312, 193, 1, 224, 64
-0.986604, 345, 17, 408, 80
-0.986613, 369, 1, 496, 128
-0.986696, 145, 81, 208, 112
-0.986819, 217, 9, 280, 72
-0.986826, 265, 129, 328, 192
-0.986994, 25, 1, 88, 216
-0.987041, 225, 1, 288, 216
-0.987063, 161, 89, 192, 152
-0.987079, 121, 89, 152, 152
-0.987213, 417, 33, 480, 96
-0.987215, 337, 41, 400, 104
-0.987267, 289, 105, 320, 168
-0.987285, 409, 1, 472, 216
-0.987292, 69, 65, 100, 128
-0.98731, 173, 17, 204, 80
-0.987318, 277, 129, 308, 192
-0.987345, 137, 97, 168, 216
-0.987353, 301, 17, 332, 80
-0.987434, 145, 97, 208, 128
-0.987554, 113, 33, 144, 96
-0.987582, 65, 17, 96, 80
-0.987601, 37, 33, 68, 96
-0.987748, 185, 85, 248, 116
-0.987758, 365, 97, 396, 216
-0.987779, 301, 73, 332, 136
-0.987817, 205, 97, 236, 160
-0.987913, 125, 145, 156, 208
-0.987943, 1, 129, 128, 192
-0.987986, 53, 9, 84, 72
-0.988012, 33, 153, 96, 216
-0.988016, 157, 137, 188, 200
-0.98802, 353, 105, 384, 168
-0.988029, 429, 137, 460, 200
-0.988154, 249, 1, 312, 216
-0.988164, 113, 1, 144, 128
-0.988257, 185, 121, 248, 152
-0.988295, 289, 129, 352, 192
-0.988371, 65, 153, 96, 216
-0.988391, 113, 97, 144, 216
-0.988425, 425, 129, 488, 192
-0.988427, 105, 61, 168, 92
-0.988486, 1, 129, 64, 192
-0.988566, 401, 25, 432, 88
-0.988571, 89, 49, 120, 112
-0.988573, 153, 1, 184, 64
-0.98859, 241, 129, 272, 192
-0.988591, 329, 81, 360, 144
-0.988625, 109, 105, 140, 168
-0.988663, 113, 145, 144, 208
-0.988683, 129, 57, 192, 88
-0.988777, 321, 17, 352, 80
-0.98886, 101, 49, 132, 112
-0.988873, 329, 1, 360, 128
-0.988928, 177, 137, 304, 200
-0.989014, 405, 49, 436, 112
-0.98902, 77, 41, 108, 104
-0.989034, 185, 101, 248, 132
-0.9891, 393, 49, 424, 176
-0.989137, 105, 73, 168, 104
-0.989161, 249, 17, 312, 80
-0.98917, 297, 129, 328, 192
-0.989304, 321, 17, 384, 80
-0.989317, 33, 81, 96, 208
-0.989336, 361, 81, 424, 144
-0.989351, 353, 121, 480, 184
-0.989372, 381, 41, 412, 104
-0.989378, 157, 113, 188, 176
-0.989381, 109, 81, 140, 144
-0.989432, 417, 49, 448, 112
-0.989443, 209, 25, 240, 88
-0.989487, 153, 113, 216, 144
-0.989539, 441, 153, 472, 216
-0.989552, 1, 105, 128, 168
-0.989556, 185, 73, 248, 104
-0.989575, 353, 145, 480, 208
-0.989575, 405, 1, 436, 128
-0.989609, 113, 9, 144, 72
-0.98962, 349, 49, 380, 176
-0.989626, 45, 17, 76, 144
-0.989723, 333, 17, 364, 80
-0.989771, 129, 25, 160, 88
-0.989772, 341, 73, 372, 136
-0.989831, 317, 81, 348, 144
-0.989881, 321, 73, 448, 136
-0.989949, 49, 153, 80, 216
-0.989952, 289, 81, 320, 144
-0.989975, 173, 137, 204, 200
-0.990018, 417, 145, 448, 208
-0.990068, 101, 25, 132, 88
-0.990072, 89, 25, 120, 88
-0.990107, 37, 57, 68, 120
-0.99011, 225, 33, 256, 96
-0.990128, 1, 25, 500, 88
-0.990148, 409, 49, 440, 176
-0.990162, 289, 41, 416, 104
-0.990165, 401, 153, 432, 216
-0.990178, 297, 105, 360, 136
-0.990178, 9, 65, 72, 128
-0.9902, 353, 81, 384, 144
-0.990261, 225, 57, 256, 120
-0.990273, 1, 89, 64, 152
-0.990305, 177, 9, 240, 40
-0.990364, 305, 129, 432, 192
-0.99037, 253, 121, 284, 184
-0.990372, 89, 153, 120, 216
-0.990415, 65, 105, 128, 168
-0.990434, 265, 121, 296, 184
-0.990466, 217, 145, 248, 208
-0.99047, 81, 73, 112, 136
-0.990488, 65, 29, 128, 60
-0.990545, 81, 61, 144, 92
-0.990549, 5, 1, 36, 64
-0.990555, 289, 153, 352, 216
-0.990609, 413, 17, 444, 80
-0.990611, 369, 25, 432, 88
-0.990662, 225, 1, 288, 128
-0.990671, 101, 145, 132, 208
-0.990674, 389, 105, 420, 168
-0.990709, 9, 81, 40, 144
-0.990766, 209, 125, 272, 156
-0.990779, 105, 85, 168, 116
-0.990785, 105, 45, 168, 76
-0.99081, 353, 97, 384, 216
-0.99084, 41, 41, 104, 72
-0.990874, 385, 129, 416, 192
-0.990879, 57, 185, 120, 216
-0.990905, 377, 105, 408, 168
-0.990954, 9, 113, 40, 176
-0.990964, 429, 41, 460, 104
-0.990975, 233, 145, 296, 208
-0.990992, 441, 129, 472, 192
-0.991002, 41, 61, 104, 92
-0.991046, 337, 17, 464, 80
-0.991049, 409, 121, 440, 184
-0.991088, 225, 9, 256, 72
-0.991101, 185, 61, 248, 92
-0.991105, 249, 49, 280, 112
-0.991107, 385, 57, 448, 88
-0.991114, 129, 117, 192, 148
-0.991155, 1, 49, 500, 112
-0.991171, 301, 153, 332, 216
-0.991178, 249, 89, 312, 152
-0.991197, 5, 57, 36, 120
-0.991208, 301, 17, 332, 144
-0.99121, 205, 145, 236, 208
-0.991237, 289, 21, 352, 52
-0.991264, 105, 33, 168, 64
-0.991271, 317, 17, 348, 144
-0.991304, 433, 1, 496, 216
-0.991316, 185, 145, 216, 208
-0.991332, 313, 145, 344, 208
-0.991356, 377, 17, 408, 80
-0.991378, 93, 1, 124, 64
-0.991395, 321, 121, 384, 184
-0.991421, 281, 33, 312, 96
-0.991436, 1, 1, 64, 216
-0.991451, 193, 65, 224, 128
-0.991514, 5, 25, 36, 88
-0.991516, 97, 169, 160, 200
-0.991523, 409, 105, 472, 168
-0.991611, 225, 49, 256, 176
-0.991634, 193, 105, 448, 168
-0.991635, 89, 129, 120, 192
-0.991693, 229, 129, 260, 192
-0.991746, 369, 145, 432, 208
-0.991755, 273, 17, 336, 80
-0.991779, 217, 113, 280, 144
-0.99179, 105, 105, 168, 136
-0.991819, 345, 9, 376, 72
-0.991831, 133, 1, 164, 64
-0.991832, 105, 21, 168, 52
-0.991832, 225, 113, 352, 176
-0.991866, 209, 57, 240, 120
-0.991869, 77, 17, 108, 80
-0.991929, 101, 1, 132, 128
-0.991931, 237, 153, 268, 216
-0.991959, 177, 21, 240, 52
-0.991979, 33, 1, 64, 64
-0.992017, 173, 73, 204, 104
-0.992039, 65, 41, 128, 72
-0.992078, 389, 17, 420, 80
-0.992084, 129, 137, 192, 168
-0.992089, 381, 49, 412, 176
-0.992118, 217, 61, 280, 92
-0.992172, 69, 33, 100, 160
-0.992192, 153, 133, 216, 164
-0.992197, 77, 145, 108, 208
-0.992243, 337, 49, 368, 176
-0.992261, 281, 9, 312, 72
-0.992263, 129, 73, 384, 136
-0.992274, 181, 41, 212, 104
-0.992284, 341, 41, 372, 104
-0.992301, 105, 121, 168, 152
-0.99232, 49, 81, 80, 144
-0.992327, 205, 121, 236, 152
-0.992351, 13, 137, 44, 200
-0.992351, 1, 1, 500, 64
-0.99237, 321, 101, 384, 132
-0.992372, 281, 57, 312, 120
-0.992375, 173, 85, 204, 116
-0.992378, 409, 97, 440, 160
-0.992447, 297, 85, 360, 116
-0.992451, 261, 49, 292, 112
-0.992458, 409, 165, 472, 196
-0.992462, 361, 49, 392, 176
-0.992494, 41, 29, 104, 60
-0.992495, 165, 61, 196, 92
-0.992546, 153, 65, 184, 96
-0.992547, 53, 33, 84, 64
-0.992549, 101, 97, 132, 216
-0.99259, 105, 145, 168, 176
-0.992597, 65, 17, 320, 80
-0.992646, 101, 49, 132, 176
-0.992665, 81, 181, 144, 212
-0.992748, 273, 129, 336, 160
-0.992857, 113, 61, 144, 92
-0.992944, 97, 133, 160, 164
-0.992957, 153, 57, 216, 88
-0.992969, 65, 181, 96, 212
-0.992993, 193, 49, 448, 112
-0.993007, 149, 81, 180, 112
-0.993024, 137, 157, 200, 188
-0.993032, 321, 105, 352, 136
-0.993048, 65, 121, 320, 184
-0.993053, 401, 133, 464, 164
-0.993079, 133, 65, 164, 96
-0.993099, 233, 137, 296, 168
-0.993117, 257, 49, 288, 176
-0.993136, 81, 61, 208, 92
-0.993137, 193, 125, 224, 156
-0.993155, 153, 53, 184, 84
-0.993156, 53, 49, 84, 80
-0.993207, 65, 73, 128, 104
-0.993207, 133, 77, 164, 108
-0.993231, 1, 49, 64, 80
-0.993259, 145, 1, 176, 128
-0.993285, 105, 5, 168, 36
-0.993296, 61, 61, 92, 92
-0.993315, 333, 105, 364, 136
-0.993355, 145, 93, 176, 124
-0.993357, 393, 57, 424, 88
-0.993367, 125, 169, 156, 200
-0.993389, 217, 49, 280, 80
-0.993391, 187, 65, 202, 128
-0.993402, 177, 113, 208, 144
-0.993409, 25, 9, 88, 72
-0.993411, 145, 13, 208, 44
-0.993424, 257, 61, 320, 92
-0.993433, 137, 169, 200, 200
-0.99344, 113, 181, 176, 212
-0.993445, 401, 149, 464, 180
-0.993445, 73, 57, 104, 88
-0.993445, 129, 45, 192, 76
-0.993459, 179, 57, 194, 120
-0.993483, 161, 81, 192, 112
-0.993484, 217, 125, 248, 156
-0.993516, 145, 121, 272, 152
-0.993529, 133, 93, 164, 124
-0.993533, 65, 17, 128, 48
-0.993543, 185, 9, 216, 40
-0.993545, 33, 65, 288, 128
-0.99355, 429, 129, 460, 160
-0.993608, 133, 105, 164, 136
-0.993619, 153, 41, 184, 72
-0.993636, 309, 109, 340, 140
-0.99365, 133, 117, 164, 148
-0.993653, 145, 125, 176, 156
-0.99366, 165, 97, 196, 128
-0.993664, 241, 125, 304, 156
-0.993665, 137, 169, 168, 200
-0.993667, 361, 57, 424, 88
-0.993671, 205, 5, 236, 36
-0.993696, 177, 97, 208, 128
-0.99371, 219, 121, 234, 184
-0.993712, 17, 33, 80, 64
-0.993718, 73, 169, 136, 200
-0.993729, 377, 121, 440, 152
-0.993743, 337, 113, 400, 144
-0.993745, 133, 53, 164, 84
-0.993752, 189, 113, 220, 144
-0.993776, 65, 45, 96, 76
-0.993788, 177, 61, 208, 92
-0.993793, 145, 109, 176, 140
-0.993798, 145, 65, 272, 96
-0.99382, 265, 153, 328, 216
-0.993821, 289, 49, 352, 80
-0.993831, 177, 125, 208, 156
-0.993846, 313, 145, 376, 208
-0.99386, 341, 1, 372, 128
-0.99387, 129, 133, 160, 164
-0.993876, 57, 153, 120, 184
-0.993895, 405, 57, 436, 88
-0.993897, 217, 73, 280, 104
-0.993898, 297, 73, 360, 104
-0.993923, 185, 85, 216, 116
-0.993927, 225, 113, 256, 144
-0.993934, 105, 173, 136, 204
-0.993944, 297, 105, 328, 136
-0.993955, 53, 185, 84, 216
-0.993956, 77, 185, 108, 216
-0.993958, 137, 181, 168, 212
-0.993961, 113, 73, 144, 104
-0.993963, 205, 21, 236, 52
-0.993977, 89, 61, 120, 92
-0.993985, 265, 125, 296, 156
-0.993991, 417, 153, 448, 184
-0.993999, 41, 45, 72, 76
-0.994019, 145, 141, 176, 172
-0.994039, 149, 173, 180, 204
-0.99404, 377, 97, 408, 216
-0.994055, 149, 161, 180, 192
-0.994056, 241, 133, 272, 164
-0.994058, 381, 57, 412, 88
-0.994058, 113, 97, 144, 128
-0.994068, 429, 117, 460, 148
-0.994069, 129, 81, 256, 112
-0.994075, 113, 85, 144, 116
-0.994102, 81, 73, 208, 104
-0.994123, 113, 157, 176, 188
-0.994126, 157, 133, 188, 164
-0.994153, 429, 141, 460, 172
-0.994157, 45, 61, 76, 92
-0.994179, 65, 41, 320, 104
-0.994212, 189, 101, 220, 132
-0.994213, 109, 125, 140, 156
-0.994221, 121, 109, 152, 140
-0.994226, 109, 49, 140, 80
-0.994229, 125, 57, 140, 120
-0.994239, 77, 73, 108, 104
-0.994247, 185, 145, 248, 176
-0.994253, 173, 9, 204, 40
-0.994255, 365, 113, 396, 144
-0.994275, 401, 121, 464, 152
-0.994278, 41, 73, 104, 104
-0.994289, 409, 141, 440, 172
-0.994292, 277, 129, 308, 160
-0.994313, 225, 137, 256, 168
-0.994318, 273, 105, 336, 136
-0.994328, 253, 121, 284, 152
-0.994329, 209, 109, 240, 140
-0.994335, 125, 181, 156, 212
-0.994346, 289, 133, 320, 164
-0.994351, 345, 97, 376, 128
-0.994356, 345, 109, 376, 140
-0.994372, 185, 73, 216, 104
-0.994372, 1, 113, 500, 176
-0.994372, 429, 153, 460, 184
-0.994373, 109, 185, 140, 216
-0.994381, 301, 21, 332, 52
-0.994385, 109, 109, 140, 140
-0.994387, 161, 109, 192, 140
-0.994395, 433, 105, 496, 168
-0.994401, 169, 137, 200, 168
-0.994404, 65, 25, 96, 56
-0.994404, 257, 185, 288, 216
-0.994405, 117, 149, 148, 180
-0.994414, 121, 121, 152, 152
-0.994418, 137, 157, 168, 188
-0.994423, 321, 141, 352, 172
-0.994432, 109, 137, 140, 168
-0.994449, 173, 57, 188, 120
-0.99445, 377, 41, 408, 72
-0.99446, 289, 141, 352, 172
-0.994462, 277, 141, 308, 172
-0.994465, 441, 161, 472, 192
-0.99447, 333, 93, 364, 124
-0.994473, 337, 89, 400, 120
-0.994473, 157, 145, 188, 176
-0.994475, 33, 177, 96, 208
-0.994485, 401, 165, 432, 196
-0.99449, 65, 153, 96, 184
-0.994492, 93, 45, 124, 76
-0.994493, 153, 29, 184, 60
-0.994494, 65, 73, 96, 104
-0.994502, 237, 185, 268, 216
-0.994502, 321, 21, 352, 52
-0.994506, 301, 89, 332, 120
-0.994507, 89, 181, 120, 212
-0.99451, 17, 61, 80, 92
-0.994515, 421, 49, 452, 80
-0.994532, 77, 45, 108, 76
-0.994538, 225, 61, 256, 92
-0.99455, 129, 145, 160, 176
-0.994552, 57, 65, 88, 192
-0.994553, 341, 17, 372, 48
-0.994559, 205, 133, 236, 164
-0.99456, 69, 33, 84, 96
-0.994567, 397, 45, 428, 76
-0.994577, 253, 57, 284, 88
-0.994577, 9, 185, 72, 216
-0.994581, 301, 145, 332, 176
-0.994585, 433, 9, 496, 72
-0.994594, 177, 49, 240, 80
-0.994596, 301, 129, 332, 160
-0.994596, 41, 33, 72, 64
-0.994639, 281, 117, 344, 148
-0.99464, 55, 25, 70, 88
-0.994655, 9, 173, 72, 204
-0.994656, 289, 33, 352, 64
-0.994657, 193, 25, 448, 88
-0.994657, 153, 17, 184, 48
-0.994664, 289, 121, 320, 152
-0.994669, 417, 165, 448, 196
-0.994673, 113, 33, 144, 64
-0.994679, 185, 89, 200, 152
-0.99468, 169, 25, 200, 56
-0.994688, 217, 37, 280, 68
-0.994689, 225, 73, 256, 104
-0.994696, 49, 165, 80, 196
-0.9947, 385, 37, 448, 68
-0.994704, 249, 73, 312, 104
-0.994719, 257, 49, 320, 80
-0.994727, 337, 53, 400, 84
-0.994734, 81, 109, 208, 140
-0.994735, 153, 49, 168, 112
-0.994757, 389, 97, 420, 216
-0.994808, 73, 141, 136, 172
-0.994847, 177, 133, 240, 164
-0.994862, 409, 49, 472, 80
-0.994878, 41, 81, 104, 144
-0.994879, 197, 121, 212, 184
-0.99488, 1, 21, 64, 52
-0.994881, 113, 97, 240, 128
-0.994888, 393, 25, 456, 56
-0.994893, 1, 145, 256, 208
-0.994911, 241, 1, 368, 64
-0.994924, 313, 141, 376, 172
-0.994949, 137, 181, 200, 212
-0.994952, 297, 61, 360, 92
-0.994989, 257, 37, 320, 68
-0.994998, 97, 97, 352, 160
-0.995066, 377, 109, 440, 140
-0.99508, 281, 33, 312, 160
-0.995111, 421, 1, 452, 128
-0.995118, 345, 41, 408, 72
-0.995129, 33, 129, 96, 192
-0.995132, 129, 25, 256, 56
-0.995136, 81, 85, 208, 116
-0.995145, 211, 121, 226, 184
-0.995145, 337, 105, 352, 168
-0.995163, 81, 157, 144, 188
-0.995194, 209, 137, 272, 168
-0.995202, 209, 185, 272, 216
-0.995217, 303, 105, 318, 168
-0.995228, 209, 173, 272, 204
-0.995232, 153, 145, 216, 176
-0.995232, 1, 153, 64, 184
-0.995245, 145, 33, 208, 64
-0.995247, 145, 109, 272, 140
-0.99526, 377, 133, 440, 164
-0.995316, 81, 21, 208, 52
-0.995339, 193, 137, 448, 200
-0.995352, 289, 9, 352, 40
-0.995381, 33, 41, 160, 72
-0.995422, 409, 177, 472, 208
-0.99544, 161, 173, 224, 204
-0.995457, 167, 57, 182, 120
-0.995464, 193, 61, 320, 92
-0.995476, 81, 41, 96, 104
-0.995495, 145, 1, 208, 32
-0.995499, 193, 73, 320, 104
-0.995504, 217, 101, 280, 132
-0.995534, 81, 45, 208, 76
-0.995535, 289, 109, 416, 140
-0.99555, 81, 33, 208, 64
-0.995559, 195, 89, 210, 152
-0.995583, 377, 169, 440, 200
-0.995615, 209, 93, 336, 124
-0.995644, 329, 17, 392, 48
-0.995647, 161, 97, 288, 128
-0.995651, 205, 121, 220, 184
-0.995654, 97, 5, 224, 36
-0.995669, 265, 141, 328, 172
-0.995671, 343, 105, 358, 168
-0.995732, 205, 49, 236, 176
-0.995737, 377, 157, 440, 188
-0.99574, 1, 73, 64, 104
-0.995752, 41, 165, 104, 196
-0.995762, 65, 5, 128, 36
-0.995769, 385, 73, 448, 136
-0.995774, 65, 85, 128, 116
-0.995784, 249, 185, 312, 216
-0.995788, 257, 93, 320, 124
-0.995805, 425, 137, 488, 168
-0.99585, 217, 1, 232, 64
-0.995869, 217, 25, 280, 56
-0.995883, 369, 97, 496, 160
-0.995885, 1, 141, 64, 172
-0.995895, 1, 89, 64, 120
-0.995896, 289, 153, 352, 184
-0.995907, 161, 65, 176, 128
-0.995938, 209, 49, 336, 80
-0.995955, 309, 105, 324, 168
-0.995989, 327, 105, 342, 168
-0.995991, 169, 161, 232, 192
-0.995992, 425, 37, 488, 68
-0.996004, 217, 85, 280, 116
-0.996029, 433, 113, 448, 176
-0.996061, 187, 113, 202, 176
-0.996064, 319, 105, 334, 168
-0.996109, 421, 49, 452, 176
-0.996125, 63, 25, 78, 88
-0.996128, 393, 153, 456, 216
-0.996161, 153, 73, 168, 136
-0.996191, 145, 133, 272, 164
-0.996197, 1, 53, 128, 84
-0.996215, 81, 145, 208, 176
-0.996215, 129, 169, 256, 200
-0.996216, 161, 13, 288, 44
-0.99622, 265, 97, 296, 216
-0.996221, 49, 173, 176, 204
-0.996224, 151, 105, 166, 168
-0.996232, 75, 33, 90, 96
-0.99624, 209, 141, 336, 172
-0.996245, 63, 49, 78, 112
-0.996262, 129, 49, 256, 80
-0.996309, 225, 121, 240, 184
-0.996318, 173, 1, 204, 216
-0.99634, 209, 105, 336, 136
-0.99635, 71, 57, 86, 120
-0.996361, 289, 21, 416, 52
-0.99637, 159, 89, 174, 152
-0.996386, 193, 29, 320, 60
-0.996398, 241, 97, 272, 216
-0.996408, 1, 157, 128, 188
-0.996431, 55, 57, 70, 120
-0.996456, 1, 145, 500, 208
-0.996485, 175, 81, 190, 144
-0.996507, 403, 49, 418, 112
-0.99653, 97, 145, 352, 208
-0.996544, 169, 81, 184, 144
-0.996545, 1, 81, 500, 144
-0.996599, 257, 61, 384, 92
-0.996599, 157, 129, 172, 192
-0.996637, 273, 49, 400, 80
-0.996657, 89, 1, 120, 128
-0.996657, 277, 81, 308, 208
-0.996691, 129, 145, 256, 176
-0.99672, 1, 81, 128, 112
-0.996725, 81, 65, 96, 128
-0.996761, 129, 157, 256, 188
-0.996788, 211, 1, 226, 64
-0.996794, 1, 69, 128, 100
-0.996802, 131, 57, 146, 120
-0.996803, 257, 1, 500, 64
-0.996804, 397, 49, 412, 112
-0.996815, 273, 85, 400, 116
-0.996842, 49, 157, 176, 188
-0.996857, 129, 37, 256, 68
-0.996868, 301, 1, 332, 216
-0.99689, 289, 97, 416, 128
-0.996896, 45, 65, 76, 192
-0.996941, 147, 145, 162, 208
-0.996952, 205, 1, 220, 64
-0.996958, 33, 29, 160, 60
-0.996983, 65, 133, 192, 164
-0.996987, 353, 121, 480, 152
-0.997021, 349, 105, 364, 168
-0.99703, 5, 17, 36, 144
-0.99703, 97, 121, 224, 152
-0.997056, 161, 1, 416, 64
-0.997061, 1, 97, 256, 160
-0.997079, 193, 117, 320, 148
-0.997107, 321, 57, 448, 88
-0.997134, 225, 129, 352, 160
-0.997167, 1, 185, 128, 216
-0.99717, 49, 33, 64, 96
-0.997172, 321, 1, 352, 216
-0.997174, 163, 113, 178, 176
-0.997176, 161, 105, 192, 120
-0.997181, 53, 183, 84, 198
-0.997181, 33, 1, 64, 128
-0.997182, 301, 145, 332, 160
-0.99719, 273, 133, 304, 148
-0.997192, 41, 45, 72, 60
-0.997194, 219, 97, 234, 160
-0.997194, 189, 131, 220, 146
-0.997194, 73, 53, 104, 68
-0.997196, 225, 131, 256, 146
-0.997197, 145, 151, 176, 166
-0.997208, 53, 65, 84, 80
-0.997209, 179, 61, 194, 92
-0.997211, 439, 113, 454, 176
-0.997214, 343, 81, 358, 144
-0.997223, 89, 193, 120, 208
-0.997224, 61, 73, 76, 136
-0.997226, 61, 79, 92, 94
-0.99723, 305, 133, 432, 164
-0.997235, 185, 21, 216, 36
-0.997236, 187, 85, 202, 116
-0.997239, 65, 43, 96, 58
-0.997247, 175, 9, 190, 72
-0.997248, 209, 13, 336, 44
-0.997248, 249, 193, 280, 208
-0.997248, 189, 113, 220, 128
-0.997253, 145, 185, 176, 200
-0.99726, 1, 1, 128, 32
-0.997265, 121, 167, 152, 182
-0.997272, 61, 73, 92, 88
-0.997279, 113, 119, 144, 134
-0.997282, 89, 59, 120, 74
-0.997283, 193, 91, 224, 106
-0.997284, 401, 169, 432, 184
-0.997285, 405, 97, 436, 216
-0.997291, 113, 127, 144, 142
-0.997293, 393, 1, 424, 128
-0.997295, 245, 49, 276, 176
-0.997307, 225, 137, 256, 152
-0.997314, 129, 143, 160, 158
-0.997324, 257, 73, 384, 104
-0.997334, 49, 185, 176, 216
-0.997339, 169, 141, 200, 156
-0.99734, 161, 77, 192, 92
-0.99734, 113, 113, 144, 128
-0.997348, 113, 103, 144, 118
-0.997349, 109, 139, 140, 154
-0.997355, 173, 33, 188, 96
-0.99736, 77, 197, 108, 212
-0.997361, 149, 145, 180, 160
-0.99737, 57, 193, 88, 208
-0.997371, 429, 155, 460, 170
-0.997372, 173, 105, 204, 120
-0.997382, 45, 59, 76, 74
-0.997389, 281, 127, 312, 142
-0.997396, 321, 45, 448, 76
-0.997404, 65, 37, 96, 52
-0.997406, 145, 125, 176, 140
-0.99741, 113, 97, 144, 112
-0.99741, 129, 135, 160, 150
-0.99741, 273, 37, 400, 68
-0.997414, 145, 119, 176, 134
-0.997419, 265, 127, 296, 142
-0.997419, 229, 97, 244, 160
-0.99742, 57, 201, 88, 216
-0.997422, 153, 173, 184, 188
-0.997428, 77, 183, 108, 198
-0.997436, 289, 121, 416, 152
-0.997445, 225, 119, 256, 134
-0.99745, 145, 163, 176, 178
-0.997451, 141, 153, 156, 216
-0.997453, 185, 69, 200, 100
-0.997455, 297, 97, 312, 160
-0.997458, 369, 105, 384, 168
-0.997463, 219, 125, 234, 156
-0.99747, 105, 173, 136, 188
-0.997472, 129, 181, 256, 212
-0.997473, 205, 119, 236, 134
-0.997473, 381, 59, 412, 74
-0.997474, 185, 85, 216, 100
-0.997484, 185, 9, 200, 72
-0.997485, 113, 87, 144, 102
-0.997485, 129, 129, 160, 144
-0.99749, 145, 135, 176, 150
-0.997492, 113, 77, 144, 92
-0.997493, 101, 201, 132, 216
-0.997499, 195, 121, 210, 152
-0.997499, 133, 123, 164, 138
-0.997504, 241, 137, 272, 152
-0.997509, 429, 129, 460, 144
-0.997523, 303, 81, 318, 144
-0.997533, 137, 169, 168, 184
-0.997535, 153, 65, 168, 96
-0.997544, 149, 179, 180, 194
-0.997559, 121, 179, 152, 194
-0.997565, 1, 141, 128, 172
-0.997568, 153, 41, 184, 56
-0.997572, 109, 59, 140, 74
-0.997596, 89, 71, 120, 86
-0.997598, 405, 25, 420, 88
-0.997604, 291, 129, 306, 192
-0.997608, 359, 105, 374, 168
-0.997613, 193, 1, 320, 32
-0.997618, 109, 1, 140, 216
-0.997619, 173, 13, 204, 28
-0.997627, 145, 109, 176, 124
-0.997633, 1, 13, 128, 44
-0.997636, 199, 1, 214, 64
-0.997642, 49, 53, 80, 68
-0.997655, 417, 97, 448, 216
-0.997668, 185, 11, 216, 26
-0.997677, 217, 125, 248, 140
-0.997677, 127, 61, 142, 92
-0.997683, 129, 117, 160, 132
-0.997684, 205, 17, 236, 32
-0.997687, 321, 33, 448, 64
-0.997694, 133, 105, 164, 120
-0.997712, 133, 99, 164, 114
-0.997718, 145, 103, 176, 118
-0.997727, 181, 33, 196, 96
-0.997729, 205, 11, 236, 26
-0.997732, 377, 1, 408, 128
-0.997733, 113, 71, 144, 86
-0.997746, 155, 153, 170, 216
-0.997754, 405, 59, 436, 74
-0.997758, 1, 105, 128, 136
-0.99776, 133, 111, 164, 126
-0.997762, 133, 1, 164, 216
-0.997763, 301, 109, 332, 124
-0.997766, 245, 129, 260, 192
-0.997766, 333, 107, 364, 122
-0.99777, 147, 65, 162, 128
-0.997771, 423, 145, 438, 208
-0.997777, 303, 17, 318, 80
-0.997779, 333, 1, 364, 216
-0.997786, 175, 137, 190, 200
-0.997789, 55, 33, 70, 64
-0.9978, 149, 75, 180, 90
-0.997807, 205, 1, 236, 216
-0.997808, 153, 1, 184, 216
-0.997808, 69, 189, 100, 204
-0.997815, 369, 49, 496, 80
-0.997816, 337, 81, 352, 144
-0.997817, 73, 73, 104, 88
-0.997818, 139, 169, 154, 200
-0.997831, 381, 105, 396, 168
-0.997834, 177, 97, 208, 112
-0.997834, 173, 121, 204, 136
-0.997836, 337, 105, 352, 136
-0.997853, 173, 111, 204, 126
-0.997858, 429, 135, 460, 150
-0.997862, 219, 25, 234, 88
-0.997864, 117, 57, 132, 120
-0.997868, 69, 153, 84, 216
-0.997869, 1, 93, 128, 124
-0.99787, 153, 47, 184, 62
-0.997874, 89, 65, 120, 80
-0.997877, 405, 1, 436, 216
-0.997879, 185, 1, 216, 216
-0.997879, 125, 89, 140, 152
-0.997882, 397, 57, 412, 88
-0.997884, 133, 61, 164, 76
-0.997884, 133, 93, 164, 108
-0.997885, 65, 29, 80, 60
-0.997888, 179, 73, 194, 104
-0.997889, 187, 117, 202, 148
-0.997896, 153, 55, 184, 70
-0.997897, 173, 85, 188, 116
-0.997899, 165, 97, 196, 112
-0.997905, 345, 9, 360, 72
-0.997905, 81, 57, 96, 88
-0.997914, 403, 57, 418, 88
-0.997918, 211, 121, 226, 152
-0.997921, 261, 135, 292, 150
-0.997927, 409, 49, 424, 112
-0.997929, 1, 129, 128, 160
-0.997931, 179, 105, 194, 168
-0.997932, 207, 97, 222, 160
-0.99794, 349, 81, 364, 144
-0.997951, 201, 121, 216, 152
-0.997955, 185, 97, 200, 128
-0.997969, 65, 97, 192, 128
-0.997983, 161, 83, 192, 98
-0.997988, 173, 61, 188, 92
-0.997994, 133, 73, 164, 88
-0.998005, 375, 105, 390, 168
-0.998024, 121, 1, 152, 216
-0.998028, 241, 117, 368, 148
-0.998033, 129, 145, 144, 208
-0.99805, 115, 33, 130, 96
-0.998056, 137, 105, 152, 168
-0.998056, 353, 133, 480, 164
-0.998059, 353, 153, 480, 184
-0.99806, 119, 173, 134, 204
-0.998061, 223, 1, 238, 64
-0.998063, 55, 61, 70, 92
-0.998067, 273, 153, 400, 216
-0.998067, 145, 121, 160, 184
-0.998069, 149, 81, 180, 96
-0.998074, 75, 37, 90, 68
-0.998077, 61, 51, 92, 66
-0.99808, 335, 17, 350, 80
-0.998094, 159, 85, 174, 116
-0.998107, 87, 49, 102, 112
-0.998113, 67, 49, 82, 80
-0.998122, 337, 21, 464, 52
-0.998122, 133, 87, 164, 102
-0.998123, 321, 109, 352, 124
-0.998133, 145, 93, 176, 108
-0.998133, 217, 1, 248, 128
-0.998138, 75, 57, 90, 88
-0.998148, 149, 173, 164, 204
-0.998157, 57, 59, 88, 74
-0.99816, 309, 81, 324, 144
-0.998161, 1, 169, 128, 200
-0.998174, 213, 97, 228, 160
-0.998188, 73, 9, 88, 72
-0.998198, 369, 1, 432, 64
-0.998198, 345, 153, 408, 216
-0.998199, 329, 105, 344, 136
-0.998201, 67, 181, 82, 212
-0.998205, 281, 121, 296, 184
-0.998216, 57, 1, 88, 216
-0.998226, 393, 1, 424, 216
-0.998227, 153, 61, 184, 76
-0.998228, 303, 105, 318, 136
-0.998232, 125, 173, 156, 188
-0.998235, 429, 137, 444, 200
-0.998237, 225, 1, 256, 216
-0.998252, 189, 119, 220, 134
-0.998255, 61, 57, 76, 88
-0.998256, 343, 105, 358, 136
-0.998261, 81, 181, 96, 212
-0.998262, 185, 65, 200, 192
-0.998269, 329, 81, 344, 144
-0.998273, 155, 53, 170, 84
-0.998275, 133, 67, 164, 82
-0.998275, 289, 1, 320, 216
-0.998275, 241, 25, 368, 56
-0.998283, 185, 133, 200, 164
-0.998285, 9, 97, 40, 216
-0.998286, 435, 113, 450, 144
-0.99829, 153, 25, 168, 88
-0.998296, 417, 1, 448, 216
-0.998297, 195, 109, 210, 140
-0.998299, 167, 65, 182, 96
-0.9983, 133, 181, 164, 196
-0.9983, 159, 41, 174, 104
-0.998303, 133, 79, 164, 94
-0.998313, 193, 1, 208, 64
-0.998316, 137, 73, 152, 136
-0.998319, 345, 1, 376, 216
-0.998319, 151, 85, 166, 116
-0.998323, 161, 69, 176, 100
-0.998323, 55, 45, 70, 76
-0.998325, 193, 125, 224, 140
-0.998325, 391, 49, 406, 112
-0.998334, 79, 145, 94, 208
-0.998349, 113, 65, 144, 80
-0.998351, 153, 49, 168, 176
-0.998354, 165, 85, 180, 116
-0.998356, 309, 17, 324, 80
-0.998357, 65, 69, 80, 100
-0.998358, 145, 69, 208, 84
-0.998359, 225, 153, 352, 184
-0.998361, 53, 43, 84, 58
-0.998367, 257, 49, 272, 112
-0.998374, 1, 117, 128, 148
-0.998375, 135, 129, 150, 192
-0.998376, 189, 137, 204, 200
-0.998378, 219, 145, 234, 208
-0.99838, 161, 153, 176, 216
-0.998386, 353, 165, 480, 196
-0.998388, 175, 1, 190, 128
-0.998394, 279, 125, 294, 156
-0.998396, 273, 129, 288, 192
-0.998406, 49, 1, 176, 32
-0.998409, 149, 69, 180, 84
-0.998411, 145, 85, 208, 100
-0.998416, 419, 49, 434, 112
-0.998423, 445, 129, 460, 192
-0.998426, 145, 77, 208, 92
-0.998427, 65, 183, 96, 198
-0.998428, 165, 25, 180, 88
-0.998428, 391, 57, 406, 88
-0.998434, 145, 91, 208, 106
-0.998438, 165, 91, 196, 106
-0.99844, 151, 97, 166, 128
-0.998441, 195, 93, 210, 124
-0.998447, 73, 185, 88, 216
-0.998448, 137, 175, 168, 190
-0.998451, 179, 49, 194, 176
-0.998452, 123, 185, 138, 216
-0.998453, 323, 105, 338, 136
-0.998453, 305, 149, 432, 180
-0.998454, 185, 89, 248, 104
-0.998454, 121, 153, 136, 216
-0.998456, 173, 79, 204, 94
-0.998456, 153, 117, 216, 132
-0.998458, 185, 111, 248, 126
-0.998461, 145, 99, 208, 114
-0.998462, 105, 65, 168, 80
-0.998464, 53, 37, 84, 52
-0.998465, 151, 109, 166, 140
-0.998472, 185, 125, 248, 140
-0.998475, 65, 67, 96, 82
-0.998477, 185, 103, 248, 118
-0.998477, 365, 1, 396, 216
-0.998478, 129, 63, 192, 78
-0.998482, 185, 83, 248, 98
-0.998482, 65, 69, 128, 84
-0.998486, 185, 95, 248, 110
-0.998487, 105, 71, 168, 86
-0.99849, 149, 121, 164, 152
-0.99849, 145, 105, 208, 120
-0.998494, 65, 35, 128, 50
-0.998495, 145, 111, 208, 126
-0.998496, 7, 1, 22, 64
-0.998503, 199, 9, 214, 40
-0.998504, 185, 77, 248, 92
-0.998504, 81, 63, 144, 78
-0.998509, 185, 117, 248, 132
-0.99851, 217, 5, 232, 36
-0.998513, 41, 69, 104, 84
-0.998514, 105, 83, 168, 98
-0.998514, 397, 25, 412, 88
-0.998514, 49, 57, 64, 120
-0.998515, 185, 71, 248, 86
-0.998517, 225, 73, 480, 136
-0.998519, 105, 77, 168, 92
-0.998519, 169, 105, 184, 168
-0.998519, 177, 11, 240, 26
-0.998521, 381, 1, 412, 216
-0.998522, 105, 45, 168, 60
-0.998525, 177, 21, 240, 36
-0.998529, 267, 121, 282, 184
-0.998531, 385, 59, 448, 74
-0.998533, 411, 145, 426, 208
-0.998534, 121, 89, 184, 104
-0.998534, 153, 123, 216, 138
-0.998537, 209, 123, 272, 138
-0.998538, 41, 59, 104, 74
-0.998539, 65, 41, 128, 56
-0.99854, 315, 9, 330, 72
-0.998543, 105, 39, 168, 54
-0.998543, 97, 1, 128, 216
-0.998544, 105, 59, 168, 74
-0.998545, 259, 185, 274, 216
-0.998547, 145, 33, 160, 96
-0.998549, 297, 109, 360, 124
-0.99855, 169, 137, 184, 200
-0.99855, 105, 31, 168, 46
-0.998551, 451, 153, 466, 216
-0.998551, 173, 13, 188, 44
-0.998552, 65, 51, 128, 66
-0.998553, 87, 185, 102, 216
-0.998553, 105, 51, 168, 66
-0.998554, 65, 57, 128, 72
-0.998554, 105, 121, 168, 136
-0.998554, 41, 53, 104, 68
-0.998555, 179, 85, 194, 116
-0.998555, 41, 35, 104, 50
-0.998555, 129, 129, 192, 144
-0.998557, 129, 123, 192, 138
-0.998558, 55, 153, 70, 216
-0.99856, 185, 9, 200, 40
-0.998561, 145, 143, 208, 158
-0.998561, 129, 117, 192, 132
-0.998561, 159, 105, 174, 136
-0.998564, 145, 15, 208, 30
-0.998564, 105, 115, 168, 130
-0.998565, 217, 65, 280, 80
-0.998565, 105, 109, 168, 124
-0.998565, 65, 29, 128, 44
-0.998566, 105, 97, 168, 112
-0.998567, 217, 137, 280, 152
-0.998567, 289, 25, 352, 40
-0.998569, 73, 25, 88, 56
-0.998569, 321, 9, 448, 40
-0.998571, 195, 133, 210, 164
-0.998571, 217, 71, 280, 86
-0.998572, 41, 43, 104, 58
-0.998572, 153, 63, 216, 78
-0.998574, 65, 75, 128, 90
-0.998575, 97, 173, 160, 188
-0.998575, 105, 25, 168, 40
-0.998576, 129, 57, 192, 72
-0.998577, 129, 135, 192, 150
-0.998577, 185, 65, 248, 80
-0.998578, 217, 59, 280, 74
-0.998579, 17, 63, 80, 78
-0.998579, 41, 183, 104, 198
-0.99858, 57, 189, 120, 204
-0.99858, 57, 195, 120, 210
-0.99858, 105, 19, 168, 34
-0.998582, 321, 107, 384, 122
-0.998584, 105, 139, 168, 154
-0.998585, 89, 179, 152, 194
-0.998585, 129, 175, 192, 190
-0.998586, 343, 13, 358, 44
-0.998586, 257, 133, 320, 148
-0.998587, 143, 181, 158, 212
-0.998587, 105, 103, 168, 118
-0.998587, 79, 69, 94, 100
-0.998589, 297, 97, 360, 112
-0.998592, 105, 13, 168, 28
-0.998592, 259, 129, 274, 192
-0.998593, 257, 125, 320, 140
-0.998593, 323, 9, 338, 72
-0.998593, 153, 137, 216, 152
-0.998594, 393, 59, 424, 74
-0.998594, 217, 131, 280, 146
-0.998595, 297, 87, 360, 102
-0.998596, 89, 89, 152, 104
-0.998596, 137, 183, 200, 198
-0.998596, 105, 133, 168, 148
-0.998597, 217, 51, 280, 66
-0.998597, 145, 161, 208, 176
-0.998598, 33, 75, 96, 90
-0.998598, 337, 113, 400, 128
-0.998599, 129, 169, 192, 184
-0.998599, 361, 59, 424, 74
-0.998599, 105, 147, 168, 162
-0.9986, 97, 127, 160, 142
-0.998601, 257, 67, 320, 82
-0.998601, 105, 5, 168, 20
-0.998601, 401, 135, 464, 150
-0.998601, 177, 131, 240, 146
-0.998602, 281, 133, 344, 148
-0.998602, 297, 103, 360, 118
-0.998603, 241, 139, 304, 154
-0.998604, 1, 65, 16, 128
-0.998604, 1, 37, 64, 52
-0.998605, 287, 129, 302, 160
-0.998605, 315, 109, 330, 140
-0.998605, 65, 23, 128, 38
-0.998606, 193, 145, 256, 160
-0.998606, 113, 183, 176, 198
-0.998606, 217, 117, 280, 132
-0.998606, 217, 79, 280, 94
-0.998606, 25, 29, 88, 44
-0.998606, 57, 155, 120, 170
-0.998607, 1, 55, 64, 70
-0.998607, 65, 81, 128, 96
-0.998608, 345, 53, 408, 68
-0.998609, 401, 129, 464, 144
-0.99861, 257, 73, 320, 88
-0.998611, 409, 171, 472, 186
-0.998612, 401, 141, 464, 156
-0.998612, 145, 41, 208, 56
-0.998613, 105, 157, 168, 172
-0.998613, 409, 165, 472, 180
-0.998614, 249, 193, 312, 208
-0.998615, 1, 43, 64, 58
-0.998615, 81, 187, 144, 202
-0.998615, 193, 9, 208, 40
-0.998615, 129, 149, 192, 164
-0.998615, 1, 49, 64, 64
-0.998615, 217, 45, 280, 60
-0.998616, 297, 81, 360, 96
-0.998617, 177, 59, 240, 74
-0.998617, 289, 55, 352, 70
-0.998617, 249, 55, 312, 70
-0.998622, 191, 69, 206, 100
-0.998622, 73, 61, 104, 76
-0.998625, 345, 129, 408, 192
-0.998629, 345, 33, 360, 96
-0.998633, 71, 69, 86, 100
-0.998636, 165, 65, 196, 80
-0.998637, 219, 113, 234, 144
-0.998639, 157, 141, 172, 172
-0.998644, 177, 165, 304, 196
-0.998644, 257, 57, 272, 88
-0.998659, 113, 137, 128, 200
-0.998667, 85, 69, 100, 100
-0.998671, 49, 57, 64, 88
-0.998673, 187, 41, 202, 104
-0.998676, 113, 165, 128, 196
-0.998679, 309, 109, 324, 140
-0.998686, 3, 105, 18, 168
-0.998686, 149, 87, 180, 102
-0.998687, 45, 1, 76, 216
-0.998691, 155, 129, 170, 160
-0.998695, 433, 1, 464, 216
-0.998701, 175, 125, 190, 156
-0.998704, 81, 45, 96, 76
-0.998715, 325, 145, 340, 176
-0.998721, 369, 177, 496, 208
-0.998724, 229, 117, 244, 148
-0.998725, 165, 97, 180, 128
-0.998727, 205, 5, 220, 36
-0.998728, 301, 97, 316, 216
-0.998728, 133, 173, 148, 204
-0.998734, 49, 41, 64, 72
-0.99874, 173, 71, 204, 86
-0.998741, 211, 5, 226, 36
-0.998741, 175, 49, 190, 80
-0.998749, 225, 185, 352, 216
-0.998756, 57, 73, 72, 104
-0.998759, 321, 73, 448, 104
-0.998765, 337, 21, 352, 52
-0.998766, 171, 97, 186, 128
-0.998769, 173, 73, 188, 104
-0.998772, 421, 157, 436, 188
-0.998775, 57, 31, 88, 46
-0.998784, 409, 57, 424, 88
-0.998799, 419, 169, 434, 200
-0.998802, 155, 157, 170, 188
-0.998802, 87, 57, 102, 88
-0.998809, 181, 109, 196, 140
-0.998811, 179, 97, 194, 128
-0.998813, 125, 49, 140, 176
-0.998814, 163, 117, 178, 148
-0.998818, 427, 153, 442, 184
-0.998822, 251, 125, 266, 156
-0.998824, 441, 121, 456, 152
-0.998824, 333, 97, 348, 216
-0.998825, 349, 109, 364, 140
-0.998827, 369, 37, 496, 68
-0.998831, 145, 161, 160, 192
-0.998834, 193, 81, 208, 112
-0.998836, 413, 161, 428, 192
-0.998841, 381, 113, 396, 144
-0.998842, 319, 97, 334, 216
-0.998847, 293, 137, 308, 168
-0.998848, 397, 45, 412, 76
-0.998848, 243, 133, 258, 164
-0.99885, 167, 53, 182, 84
-0.998856, 173, 49, 188, 176
-0.998857, 347, 93, 362, 124
-0.998861, 355, 109, 370, 140
-0.998861, 263, 129, 278, 160
-0.998868, 273, 125, 288, 156
-0.998876, 433, 125, 448, 156
-0.998882, 57, 17, 72, 144
-0.998884, 147, 137, 162, 168
-0.998888, 161, 157, 176, 188
-0.998895, 219, 97, 234, 216
-0.998903, 241, 1, 368, 32
-0.99891, 117, 61, 132, 92
-0.99891, 61, 45, 76, 76
-0.998911, 177, 91, 208, 106
-0.998912, 155, 177, 170, 208
-0.998912, 185, 17, 200, 144
-0.998915, 175, 137, 190, 168
-0.998918, 157, 117, 172, 148
-0.998923, 219, 21, 234, 52
-0.998923, 55, 185, 70, 216
-0.998925, 299, 129, 314, 160
-0.998927, 185, 57, 200, 88
-0.998928, 161, 129, 176, 160
-0.998942, 167, 49, 182, 176
-0.998953, 309, 97, 324, 216
-0.998966, 277, 1, 308, 216
-0.998975, 25, 105, 88, 168
-0.998994, 321, 85, 448, 116
-0.998997, 213, 97, 228, 216
-0.998999, 437, 33, 468, 160
-0.999003, 325, 97, 340, 216
-0.999011, 253, 97, 284, 216
-0.99903, 305, 161, 432, 192
-0.999045, 197, 97, 212, 216
-0.999063, 257, 141, 384, 172
-0.999065, 149, 97, 164, 216
-0.99907, 69, 1, 100, 216
-0.999074, 343, 97, 358, 216
-0.999079, 49, 121, 176, 152
-0.999094, 177, 177, 304, 208
-0.999094, 219, 1, 234, 128
-0.999101, 1, 1, 32, 216
-0.999103, 337, 101, 464, 132
-0.999141, 81, 49, 112, 176
-0.999147, 445, 97, 476, 216
-0.999165, 177, 153, 304, 184
-0.999177, 257, 1, 288, 216
-0.999181, 245, 1, 276, 216
-0.999224, 67, 17, 82, 144
-0.999228, 159, 49, 174, 176
-0.999266, 207, 97, 222, 216
-0.999267, 191, 81, 206, 208
-0.999273, 85, 1, 116, 216
-0.999313, 205, 125, 236, 140
-0.999327, 225, 97, 240, 216
-0.999331, 445, 1, 476, 216
-0.999332, 163, 97, 178, 216
-0.999335, 225, 165, 352, 196
-0.999352, 157, 97, 172, 216
-0.999356, 433, 97, 448, 216
-0.999387, 403, 49, 418, 176
-0.999434, 343, 1, 358, 128
-0.999447, 165, 1, 180, 128
-0.999467, 173, 85, 204, 100
-0.999479, 195, 1, 210, 128
-0.9995, 13, 1, 44, 216
-0.99951, 349, 97, 364, 216
-0.999526, 397, 49, 412, 176
-0.999557, 79, 33, 94, 160
-0.999565, 219, 119, 234, 134
-0.999565, 197, 11, 212, 26
-0.999565, 257, 57, 272, 72
-0.999565, 191, 13, 206, 28
-0.999565, 179, 109, 194, 124
-0.999565, 151, 93, 166, 108
-0.999566, 49, 57, 64, 72
-0.999566, 311, 109, 326, 124
-0.999566, 185, 141, 200, 156
-0.999566, 127, 71, 142, 86
-0.999566, 217, 21, 232, 36
-0.999566, 185, 21, 200, 36
-0.999566, 181, 13, 196, 28
-0.999568, 181, 89, 196, 104
-0.999568, 113, 169, 128, 184
-0.999568, 151, 101, 166, 116
-0.999569, 395, 65, 410, 80
-0.999569, 195, 97, 210, 112
-0.99957, 151, 127, 166, 142
-0.99957, 259, 199, 274, 214
-0.999571, 273, 131, 288, 146
-0.999571, 167, 63, 182, 78
-0.999572, 149, 109, 164, 124
-0.999573, 85, 187, 100, 202
-0.999573, 267, 133, 282, 148
-0.999573, 147, 167, 162, 182
-0.999573, 397, 53, 412, 68
-0.999574, 173, 15, 188, 30
-0.999574, 73, 185, 88, 200
-0.999575, 195, 143, 210, 158
-0.999576, 81, 195, 96, 210
-0.999576, 125, 185, 140, 200
-0.999577, 61, 55, 76, 70
-0.999578, 317, 109, 332, 124
-0.999578, 179, 71, 194, 86
-0.999579, 179, 77, 194, 92
-0.999579, 251, 133, 266, 148
-0.999579, 343, 107, 358, 122
-0.999579, 291, 141, 306, 156
-0.99958, 189, 129, 204, 144
-0.99958, 283, 133, 298, 148
-0.999581, 133, 181, 148, 196
-0.999584, 169, 93, 184, 108
-0.999585, 151, 87, 166, 102
-0.999585, 159, 105, 174, 120
-0.999585, 53, 33, 68, 48
-0.999586, 217, 9, 232, 24
-0.999586, 419, 171, 434, 186
-0.999586, 159, 87, 174, 102
-0.999587, 57, 69, 72, 84
-0.999589, 171, 77, 186, 92
-0.99959, 113, 201, 128, 216
-0.99959, 151, 71, 166, 86
-0.99959, 151, 45, 166, 60
-0.99959, 81, 53, 96, 68
-0.999591, 85, 69, 100, 84
-0.999592, 69, 57, 84, 72
-0.999593, 323, 109, 338, 124
-0.999593, 71, 201, 86, 216
-0.999593, 151, 81, 166, 96
-0.999594, 187, 75, 202, 90
-0.999594, 145, 183, 160, 198
-0.999596, 195, 135, 210, 150
-0.999596, 173, 69, 188, 84
-0.999596, 433, 115, 448, 130
-0.999596, 67, 51, 82, 66
-0.999597, 65, 43, 80, 58
-0.999597, 53, 47, 68, 62
-0.999598, 261, 135, 276, 150
-0.999599, 331, 109, 346, 124
-0.9996, 391, 59, 406, 74
-0.999601, 197, 91, 212, 106
-0.999601, 303, 109, 318, 124
-0.999603, 131, 65, 146, 80
-0.999605, 279, 127, 294, 142
-0.999606, 161, 67, 176, 82
-0.999607, 433, 121, 448, 136
-0.999608, 61, 75, 76, 90
-0.999609, 171, 83, 186, 98
-0.99961, 67, 75, 82, 90
-0.99961, 139, 181, 154, 196
-0.999614, 79, 183, 94, 198
-0.999615, 157, 59, 172, 74
-0.999617, 403, 57, 418, 72
-0.999617, 185, 121, 200, 136
-0.999618, 75, 45, 90, 60
-0.999619, 337, 109, 352, 124
-0.999619, 67, 183, 82, 198
-0.999621, 195, 115, 210, 130
-0.999622, 73, 37, 88, 52
-0.999625, 165, 87, 180, 102
-0.999625, 75, 51, 90, 66
-0.999626, 55, 55, 70, 70
-0.999627, 259, 191, 274, 206
-0.999627, 119, 175, 134, 190
-0.999629, 189, 135, 204, 150
-0.999631, 159, 93, 174, 108
-0.999631, 367, 97, 382, 216
-0.999634, 75, 75, 90, 90
-0.999635, 131, 49, 146, 176
-0.999638, 65, 31, 80, 46
-0.99964, 135, 97, 150, 216
-0.99964, 187, 105, 202, 120
-0.999642, 179, 83, 194, 98
-0.999643, 337, 17, 352, 144
-0.999644, 71, 63, 86, 78
-0.999645, 79, 69, 94, 84
-0.999646, 187, 115, 202, 130
-0.999646, 201, 1, 216, 128
-0.999651, 81, 59, 96, 74
-0.999654, 211, 125, 226, 140
-0.999655, 151, 179, 166, 194
-0.999658, 201, 123, 216, 138
-0.999659, 65, 37, 80, 52
-0.999661, 173, 63, 188, 78
-0.999664, 55, 39, 70, 54
-0.999667, 71, 31, 86, 46
-0.999668, 61, 61, 76, 76
-0.999669, 53, 63, 68, 78
-0.999671, 189, 83, 204, 98
-0.999679, 195, 127, 210, 142
-0.99968, 153, 65, 168, 80
-0.999681, 73, 69, 88, 84
-0.999682, 195, 121, 210, 136
-0.999683, 51, 1, 66, 128
-0.999686, 175, 91, 190, 106
-0.999693, 63, 69, 78, 84
-0.999694, 185, 95, 200, 110
-0.999699, 185, 69, 200, 84
-0.9997, 433, 81, 496, 144
-0.999703, 397, 59, 412, 74
-0.999711, 179, 65, 194, 80
-0.999719, 125, 65, 140, 80
-0.99972, 141, 173, 156, 188
-0.999722, 187, 89, 202, 104
-0.999722, 219, 125, 234, 140
-0.999729, 379, 97, 394, 216
-0.999743, 59, 31, 74, 46
-0.999745, 357, 97, 372, 216
-0.999747, 405, 1, 420, 128
-0.999758, 73, 33, 88, 160
-0.999765, 113, 17, 128, 144
-0.999786, 353, 49, 368, 176
-0.999795, 295, 97, 310, 216
-0.999797, 61, 65, 76, 192
-0.999801, 209, 1, 224, 128
-0.999813, 155, 1, 170, 128
-0.999854, 139, 49, 154, 176
-0.999869, 425, 49, 440, 176
-0.999872, 141, 97, 156, 216
-0.999877, 457, 1, 488, 216
-0.999878, 219, 49, 234, 176
-0.999879, 125, 97, 140, 216
-0.999884, 145, 1, 272, 32
-0.999901, 303, 17, 318, 144
-0.999905, 331, 17, 346, 144
-0.999907, 373, 97, 388, 216
-0.999909, 169, 97, 184, 216
-0.999914, 373, 49, 388, 176
-0.999918, 177, 97, 192, 216
-0.999933, 361, 49, 376, 176
-0.999936, 115, 97, 130, 216
-0.99994, 305, 173, 432, 204
-0.99996, 257, 49, 272, 176
-0.999964, 409, 49, 424, 176
-0.999966, 367, 49, 382, 176
-0.999974, 197, 49, 212, 176
-0.999975, 345, 49, 360, 176
-0.999977, 415, 1, 430, 128
-0.99998, 369, 9, 496, 40
-0.999983, 229, 1, 260, 128
-0.999987, 127, 1, 142, 128
-0.999989, 1, 49, 16, 176
-1, 379, 49, 394, 176
-1.00001, 55, 65, 70, 192
-1.00003, 33, 1, 64, 216
-1.00003, 279, 97, 294, 216
-1.00003, 399, 97, 414, 216
-1.00003, 439, 97, 454, 216
-1.00005, 295, 49, 310, 176
-1.00007, 263, 49, 278, 176
-1.00008, 231, 81, 246, 208
-1.00009, 309, 17, 324, 144
-1.0001, 405, 97, 420, 216
-1.0001, 5, 97, 20, 216
-1.0001, 431, 1, 446, 128
-1.0001, 391, 33, 406, 160
-1.00011, 141, 1, 156, 128
-1.00011, 419, 49, 434, 176
-1.00011, 315, 49, 330, 176
-1.00012, 287, 97, 302, 216
-1.00012, 421, 1, 436, 128
-1.00012, 249, 97, 264, 216
-1.00013, 323, 17, 338, 144
-1.00013, 147, 49, 162, 176
-1.00014, 431, 49, 446, 176
-1.00015, 273, 185, 400, 216
-1.00016, 385, 97, 400, 216
-1.00016, 49, 49, 64, 176
-1.00017, 369, 61, 496, 92
-1.00018, 393, 97, 408, 216
-1.00019, 263, 97, 278, 216
-1.0002, 269, 49, 284, 176
-1.0002, 251, 49, 266, 176
-1.00021, 437, 33, 452, 160
-1.00021, 397, 1, 412, 128
-1.00022, 149, 1, 164, 128
-1.00024, 135, 1, 150, 128
-1.00025, 271, 97, 286, 216
-1.00027, 119, 17, 134, 144
-1.00029, 385, 49, 400, 176
-1.0003, 353, 1, 384, 128
-1.00031, 445, 97, 460, 216
-1.00033, 229, 33, 244, 160
-1.00034, 85, 49, 100, 176
-1.00036, 67, 65, 82, 192
-1.00036, 255, 97, 270, 216
-1.00037, 469, 1, 500, 216
-1.00037, 315, 1, 330, 128
-1.00039, 243, 97, 258, 216
-1.0004, 1, 1, 16, 128
-1.00042, 451, 97, 466, 216
-1.00042, 411, 97, 426, 216
-1.00045, 105, 1, 120, 128
-1.00045, 75, 81, 90, 208
-1.00046, 11, 17, 26, 144
-1.00047, 213, 49, 228, 176
-1.00048, 15, 81, 30, 208
-1.00049, 421, 97, 436, 216
-1.00049, 427, 97, 442, 216
-1.0005, 297, 1, 312, 128
-1.00051, 349, 1, 364, 128
-1.00053, 443, 33, 458, 160
-1.00055, 85, 1, 100, 128
-1.00056, 109, 97, 124, 216
-1.00056, 277, 49, 292, 176
-1.00065, 321, 185, 448, 216
-1.00112, 369, 81, 496, 112
-1.00161, 369, 73, 496, 136
-1.00191, 269, 33, 300, 160
-1.00217, 89, 97, 120, 216
-1.00226, 69, 81, 100, 208
-1.00241, 33, 49, 64, 176
-1.00243, 365, 1, 396, 128
-1.00249, 409, 57, 472, 120
-1.00276, 21, 1, 52, 128
-1.00394, 249, 1, 280, 128
-1.00458, 457, 97, 488, 216
-1.0056, 409, 81, 472, 144
-1.00579, 29, 97, 60, 216
-1.00685, 433, 57, 496, 120
-1.00731, 449, 1, 480, 128
-1.00831, 21, 49, 52, 176
-1.00888, 465, 1, 496, 128
-1.00984, 449, 49, 480, 176
-1.01019, 469, 49, 500, 176
-1.01074, 469, 97, 500, 216
