1878
-0.167506, 1, 1, 319, 480
-0.341617, 65, 1, 319, 480
-0.382129, 1, 1, 319, 256
-0.39911, 1, 129, 319, 384
-0.44498, 1, 225, 319, 480
-0.577978, 65, 97, 319, 352
-0.667452, 1, 225, 256, 480
-0.677984, 33, 1, 288, 256
-0.827523, 161, 1, 288, 480
-0.836505, 17, 1, 144, 480
-0.840773, 65, 1, 192, 480
-0.846826, 193, 1, 319, 256
-0.850573, 113, 1, 240, 480
-0.859273, 97, 65, 224, 320
-0.866772, 17, 1, 144, 256
-0.867359, 1, 257, 319, 384
-0.871358, 193, 193, 319, 448
-0.877019, 1, 129, 319, 256
-0.878007, 1, 81, 319, 208
-0.885091, 65, 161, 192, 416
-0.885134, 145, 33, 272, 288
-0.889017, 193, 97, 319, 352
-0.89567, 145, 129, 272, 384
-0.898896, 1, 33, 319, 160
-0.902312, 1, 209, 319, 336
-0.903264, 1, 97, 128, 352
-0.907233, 1, 97, 256, 224
-0.909216, 145, 225, 272, 480
-0.911364, 17, 193, 144, 448
-0.915294, 1, 305, 319, 432
-0.915604, 1, 257, 256, 384
-0.916922, 65, 33, 319, 160
-0.917279, 113, 81, 240, 208
-0.92424, 17, 33, 144, 160
-0.925484, 113, 81, 176, 208
-0.929944, 193, 81, 319, 208
-0.932894, 65, 81, 192, 208
-0.934098, 161, 97, 224, 224
-0.934921, 65, 209, 319, 336
-0.935363, 65, 1, 192, 128
-0.935619, 1, 65, 64, 192
-0.938069, 177, 145, 304, 272
-0.938189, 129, 33, 256, 160
-0.939764, 113, 1, 176, 128
-0.939777, 145, 257, 272, 384
-0.940079, 129, 145, 256, 272
-0.941116, 193, 209, 319, 336
-0.942746, 137, 97, 200, 224
-0.943337, 89, 65, 152, 192
-0.944543, 1, 353, 319, 480
-0.94466, 137, 33, 200, 160
-0.945342, 25, 49, 88, 176
-0.946425, 1, 81, 128, 208
-0.946429, 33, 145, 288, 272
-0.946787, 161, 33, 224, 160
-0.946876, 193, 33, 319, 160
-0.947196, 241, 161, 304, 288
-0.947312, 249, 209, 312, 336
-0.94766, 65, 129, 192, 256
-0.949662, 1, 209, 128, 336
-0.950275, 257, 17, 319, 144
-0.950329, 137, 97, 200, 160
-0.95089, 153, 121, 216, 184
-0.95131, 193, 273, 319, 400
-0.951451, 129, 145, 192, 272
-0.951507, 17, 209, 80, 336
-0.951631, 17, 273, 144, 400
-0.952935, 41, 97, 104, 160
-0.953317, 233, 33, 296, 160
-0.953402, 49, 81, 112, 208
-0.953862, 161, 89, 224, 152
-0.954835, 129, 273, 192, 400
-0.955258, 129, 209, 256, 336
-0.955313, 185, 33, 248, 160
-0.955351, 153, 289, 216, 416
-0.955848, 65, 257, 192, 384
-0.956057, 201, 113, 264, 240
-0.956183, 1, 89, 64, 152
-0.956451, 113, 97, 176, 160
-0.956485, 89, 113, 152, 240
-0.95684, 241, 257, 304, 384
-0.957104, 17, 273, 80, 400
-0.95733, 201, 273, 264, 400
-0.957547, 1, 305, 256, 432
-0.957666, 249, 81, 312, 208
-0.95781, 257, 33, 319, 96
-0.958012, 177, 257, 240, 384
-0.958054, 1, 65, 64, 128
-0.959505, 225, 209, 288, 336
-0.959709, 1, 17, 64, 144
-0.959945, 113, 137, 176, 200
-0.960308, 153, 145, 216, 208
-0.960338, 117, 65, 148, 192
-0.96083, 81, 209, 208, 336
-0.961145, 217, 161, 280, 288
-0.961789, 57, 33, 120, 160
-0.962047, 169, 209, 232, 336
-0.962358, 1, 161, 128, 288
-0.962364, 25, 1, 88, 128
-0.962371, 193, 161, 256, 288
-0.962587, 241, 265, 304, 328
-0.962741, 209, 65, 272, 192
-0.962761, 73, 121, 136, 184
-0.963053, 137, 209, 200, 336
-0.963267, 17, 113, 80, 240
-0.963342, 153, 145, 216, 272
-0.963468, 185, 105, 248, 168
-0.964219, 113, 305, 240, 432
-0.964449, 241, 193, 304, 256
-0.964465, 133, 65, 164, 192
-0.964488, 193, 209, 256, 336
-0.964755, 89, 17, 152, 144
-0.965477, 25, 57, 88, 120
-0.966016, 177, 137, 240, 200
-0.966044, 17, 161, 80, 288
-0.966229, 105, 257, 168, 384
-0.966303, 249, 73, 312, 136
-0.966587, 25, 49, 56, 176
-0.9667, 81, 97, 208, 160
-0.967056, 89, 97, 152, 160
-0.967327, 189, 81, 220, 208
-0.967399, 41, 161, 104, 288
-0.967764, 233, 41, 296, 104
-0.968131, 105, 209, 168, 336
-0.968194, 137, 73, 200, 136
-0.9682, 41, 209, 104, 336
-0.968257, 161, 41, 224, 104
-0.968459, 117, 1, 148, 128
-0.968683, 145, 97, 176, 224
-0.968684, 209, 1, 272, 256
-0.969312, 201, 257, 264, 320
-0.969544, 9, 113, 72, 176
-0.969667, 185, 81, 248, 144
-0.969848, 145, 1, 208, 64
-0.969916, 129, 137, 256, 200
-0.970068, 105, 49, 168, 112
-0.970237, 201, 145, 264, 208
-0.970456, 41, 273, 104, 400
-0.970966, 241, 145, 304, 208
-0.970974, 209, 17, 272, 144
-0.971107, 1, 33, 64, 288
-0.971133, 1, 25, 64, 88
-0.971326, 217, 73, 280, 136
-0.971404, 37, 49, 68, 176
-0.97141, 65, 145, 128, 208
-0.971413, 201, 169, 264, 232
-0.97145, 53, 65, 84, 192
-0.971464, 113, 1, 176, 64
-0.971934, 1, 81, 32, 208
-0.971949, 129, 161, 192, 224
-0.972016, 1, 97, 128, 160
-0.972201, 141, 1, 172, 128
-0.972247, 193, 337, 319, 464
-0.97251, 249, 1, 312, 256
-0.972665, 157, 129, 188, 256
-0.972678, 257, 217, 319, 280
-0.97279, 97, 161, 160, 224
-0.972913, 97, 1, 224, 64
-0.973178, 161, 65, 224, 128
-0.973432, 277, 193, 308, 320
-0.973702, 193, 41, 256, 104
-0.973819, 225, 305, 288, 432
-0.97383, 249, 97, 312, 160
-0.973835, 105, 33, 168, 288
-0.973853, 105, 49, 136, 176
-0.973904, 225, 113, 288, 240
-0.974124, 65, 137, 192, 200
-0.974141, 113, 73, 176, 136
-0.974161, 65, 353, 319, 480
-0.974195, 117, 113, 148, 240
-0.974388, 169, 257, 232, 320
-0.97442, 261, 145, 292, 272
-0.974658, 65, 129, 128, 256
-0.974678, 65, 81, 128, 144
-0.974682, 137, 49, 200, 112
-0.974692, 209, 97, 272, 160
-0.974837, 81, 257, 144, 384
-0.974994, 161, 33, 224, 288
-0.975129, 129, 257, 192, 320
-0.975261, 129, 1, 160, 128
-0.975361, 201, 33, 232, 160
-0.975419, 33, 121, 96, 184
-0.97547, 193, 89, 319, 152
-0.975519, 129, 113, 256, 176
-0.975625, 177, 265, 304, 328
-0.975711, 233, 289, 296, 352
-0.975741, 145, 81, 272, 144
-0.975741, 157, 81, 188, 208
-0.976018, 13, 65, 44, 192
-0.976019, 193, 113, 319, 176
-0.976102, 25, 25, 88, 88
-0.976119, 81, 209, 144, 336
-0.976146, 9, 217, 72, 280
-0.976158, 249, 161, 312, 416
-0.976295, 1, 33, 32, 160
-0.976322, 145, 89, 176, 152
-0.976451, 209, 81, 240, 208
-0.976586, 49, 49, 176, 112
-0.976589, 189, 33, 220, 160
-0.976735, 81, 161, 208, 224
-0.97682, 129, 297, 192, 360
-0.976834, 193, 41, 319, 104
-0.976853, 145, 257, 176, 384
-0.97686, 17, 121, 144, 184
-0.977024, 97, 161, 160, 288
-0.977102, 65, 305, 192, 432
-0.97715, 265, 193, 296, 320
-0.977221, 157, 273, 188, 400
-0.977303, 21, 65, 52, 128
-0.977322, 45, 1, 76, 128
-0.977339, 1, 57, 128, 120
-0.977387, 57, 33, 120, 288
-0.977526, 129, 161, 256, 224
-0.977559, 153, 1, 184, 128
-0.977562, 25, 65, 88, 320
-0.977612, 241, 169, 304, 232
-0.977636, 129, 113, 160, 240
-0.977642, 1, 321, 128, 448
-0.977741, 141, 145, 172, 272
-0.977789, 289, 33, 319, 160
-0.977897, 9, 281, 72, 344
-0.977925, 89, 73, 152, 136
-0.977977, 289, 33, 319, 96
-0.978028, 13, 225, 44, 352
-0.978031, 145, 41, 272, 104
-0.97816, 233, 217, 296, 280
-0.978193, 201, 89, 232, 152
-0.978328, 249, 305, 312, 432
-0.978328, 129, 321, 192, 448
-0.978419, 193, 289, 319, 352
-0.978517, 193, 97, 256, 352
-0.97854, 41, 273, 72, 400
-0.978552, 97, 49, 224, 112
-0.978594, 241, 1, 304, 480
-0.978651, 25, 89, 56, 152
-0.978712, 189, 129, 220, 256
-0.978717, 65, 73, 192, 136
-0.978724, 161, 121, 192, 184
-0.978732, 45, 57, 76, 120
-0.978757, 209, 145, 240, 272
-0.978826, 185, 1, 248, 256
-0.97885, 41, 89, 72, 152
-0.978857, 129, 33, 192, 288
-0.978878, 249, 193, 280, 320
-0.978937, 101, 1, 132, 128
-0.97895, 57, 105, 88, 168
-0.979002, 41, 209, 72, 336
-0.979099, 145, 49, 176, 176
-0.979164, 105, 305, 168, 432
-0.979218, 165, 89, 196, 152
-0.979225, 257, 33, 288, 160
-0.979268, 1, 257, 64, 320
-0.979322, 169, 81, 200, 208
-0.97935, 5, 89, 36, 152
-0.979363, 193, 201, 319, 264
-0.979391, 181, 121, 212, 184
-0.979429, 225, 273, 256, 400
-0.979466, 97, 129, 160, 384
-0.979572, 141, 137, 172, 200
-0.979615, 189, 97, 220, 160
-0.979772, 57, 81, 88, 144
-0.979817, 153, 129, 216, 384
-0.979833, 57, 57, 88, 120
-0.979933, 25, 209, 56, 336
-0.97999, 289, 137, 319, 200
-0.979994, 273, 145, 304, 272
-0.98002, 129, 265, 256, 328
-0.980051, 33, 1, 96, 480
-0.980089, 249, 145, 280, 272
-0.980155, 9, 177, 72, 240
-0.980157, 1, 65, 32, 128
-0.980208, 49, 169, 112, 232
-0.980291, 165, 33, 196, 160
-0.980312, 153, 281, 216, 344
-0.980355, 17, 321, 80, 448
-0.980359, 193, 145, 319, 208
-0.980401, 73, 177, 136, 240
-0.980456, 17, 17, 144, 80
-0.980476, 177, 161, 240, 224
-0.980583, 233, 161, 264, 288
-0.980599, 65, 33, 96, 160
-0.980601, 73, 129, 136, 384
-0.980711, 125, 97, 156, 160
-0.98073, 85, 97, 116, 224
-0.9808, 77, 121, 108, 184
-0.981016, 217, 193, 280, 448
-0.981148, 281, 193, 312, 256
-0.98119, 101, 97, 132, 224
-0.981212, 141, 305, 172, 432
-0.981255, 177, 97, 208, 160
-0.981521, 113, 105, 144, 168
-0.981548, 49, 57, 112, 120
-0.981548, 137, 225, 200, 480
-0.981569, 233, 241, 296, 304
-0.981579, 193, 65, 319, 128
-0.981595, 217, 1, 280, 480
-0.981627, 25, 1, 56, 128
-0.981629, 265, 33, 296, 96
-0.981713, 97, 105, 128, 168
-0.981713, 257, 209, 288, 272
-0.981797, 169, 273, 200, 400
-0.981896, 65, 25, 192, 88
-0.981912, 133, 257, 164, 384
-0.981963, 105, 257, 168, 320
-0.981987, 233, 81, 264, 208
-0.982079, 105, 281, 168, 344
-0.982086, 257, 241, 319, 304
-0.982139, 217, 193, 280, 256
-0.982141, 41, 97, 72, 224
-0.982147, 41, 209, 104, 272
-0.982154, 141, 113, 172, 176
-0.982213, 1, 113, 32, 176
-0.982233, 145, 1, 176, 64
-0.982239, 9, 161, 72, 416
-0.982329, 205, 145, 236, 208
-0.982408, 89, 225, 152, 480
-0.982431, 221, 81, 252, 144
-0.982437, 289, 65, 319, 128
-0.982602, 253, 81, 284, 208
-0.982612, 201, 337, 264, 464
-0.982639, 25, 33, 56, 96
-0.982644, 33, 161, 160, 224
-0.982713, 81, 1, 144, 256
-0.982722, 97, 185, 160, 248
-0.982722, 273, 257, 304, 320
-0.982736, 277, 65, 308, 192
-0.982768, 113, 1, 176, 480
-0.982776, 33, 57, 64, 120
-0.982805, 237, 257, 268, 320
-0.982832, 185, 145, 216, 208
-0.982837, 213, 209, 244, 336
-0.982844, 49, 129, 112, 384
-0.982865, 177, 1, 240, 480
-0.98289, 177, 209, 208, 336
-0.982895, 117, 9, 148, 72
-0.9829, 245, 33, 276, 160
-0.982908, 185, 73, 216, 136
-0.982911, 153, 257, 184, 320
-0.982918, 77, 97, 108, 160
-0.982989, 113, 49, 144, 112
-0.983014, 189, 41, 220, 104
-0.983065, 65, 225, 128, 480
-0.983084, 253, 257, 284, 320
-0.983153, 29, 97, 60, 224
-0.983158, 133, 49, 164, 112
-0.983242, 273, 73, 304, 136
-0.983325, 165, 209, 196, 336
-0.983332, 273, 217, 304, 280
-0.98334, 33, 297, 96, 360
-0.983359, 141, 161, 172, 224
-0.983371, 129, 225, 192, 288
-0.983378, 201, 281, 264, 344
-0.983406, 129, 105, 192, 136
-0.983413, 241, 81, 272, 144
-0.98342, 57, 1, 120, 480
-0.983425, 225, 257, 256, 320
-0.983433, 1, 209, 128, 272
-0.983433, 81, 257, 208, 320
-0.983469, 41, 161, 72, 288
-0.983492, 209, 257, 240, 320
-0.983564, 1, 1, 64, 480
-0.983594, 273, 17, 304, 144
-0.983596, 29, 273, 60, 400
-0.983627, 193, 177, 319, 240
-0.983639, 201, 113, 232, 176
-0.983644, 245, 201, 276, 264
-0.983733, 1, 105, 64, 136
-0.983772, 45, 113, 76, 176
-0.983774, 193, 225, 319, 288
-0.983789, 25, 249, 88, 312
-0.983799, 13, 17, 44, 144
-0.983888, 145, 289, 272, 352
-0.983954, 253, 73, 284, 136
-0.983972, 201, 225, 264, 288
-0.983975, 153, 169, 216, 232
-0.984004, 89, 1, 152, 480
-0.984012, 265, 185, 296, 248
-0.98409, 9, 233, 40, 296
-0.984093, 13, 113, 44, 176
-0.984174, 93, 129, 124, 192
-0.984232, 113, 73, 144, 136
-0.98433, 105, 169, 136, 232
-0.984331, 9, 33, 40, 96
-0.984351, 177, 129, 208, 256
-0.984377, 253, 33, 284, 96
-0.984438, 285, 145, 316, 272
-0.984452, 213, 273, 244, 400
-0.984466, 125, 145, 156, 208
-0.984483, 65, 81, 96, 208
-0.984509, 137, 209, 168, 336
-0.984528, 153, 145, 184, 208
-0.984541, 217, 153, 248, 216
-0.984564, 29, 217, 60, 280
-0.984575, 133, 73, 164, 136
-0.984598, 193, 193, 256, 448
-0.984607, 13, 265, 44, 328
-0.984658, 89, 81, 120, 144
-0.984748, 153, 65, 184, 128
-0.984754, 9, 177, 40, 304
-0.984859, 105, 105, 168, 136
-0.984861, 229, 161, 260, 224
-0.984883, 133, 1, 164, 64
-0.98498, 133, 297, 164, 360
-0.985011, 17, 1, 80, 64
-0.985016, 153, 97, 216, 128
-0.985017, 137, 1, 200, 480
-0.985032, 233, 33, 264, 160
-0.985051, 25, 113, 56, 176
-0.985077, 113, 225, 176, 480
-0.985092, 41, 109, 104, 140
-0.98514, 97, 297, 224, 360
-0.985141, 201, 41, 232, 104
-0.98515, 129, 129, 192, 384
-0.985163, 153, 225, 216, 288
-0.985165, 277, 33, 308, 96
-0.985199, 93, 49, 124, 176
-0.985206, 177, 41, 208, 104
-0.985209, 173, 281, 204, 344
-0.985239, 181, 257, 212, 320
-0.985246, 217, 33, 248, 160
-0.985247, 57, 33, 120, 96
-0.98526, 153, 281, 184, 344
-0.985283, 141, 265, 172, 328
-0.98529, 273, 241, 304, 368
-0.985315, 1, 137, 64, 200
-0.985359, 41, 25, 72, 88
-0.985361, 121, 273, 152, 400
-0.985404, 197, 65, 228, 128
-0.985431, 57, 161, 88, 224
-0.985433, 73, 305, 136, 432
-0.985444, 201, 209, 232, 336
-0.985483, 253, 177, 284, 240
-0.985501, 177, 33, 208, 160
-0.985502, 197, 257, 228, 320
-0.985535, 145, 225, 272, 288
-0.985605, 41, 209, 72, 272
-0.985653, 105, 233, 168, 296
-0.985736, 217, 97, 280, 352
-0.985738, 265, 81, 296, 208
-0.985942, 285, 113, 316, 176
-0.985993, 73, 1, 136, 64
-0.985999, 41, 337, 104, 464
-0.985999, 177, 337, 240, 464
-0.986003, 249, 121, 312, 184
-0.986045, 53, 257, 84, 384
-0.986148, 209, 121, 272, 184
-0.986148, 129, 121, 160, 184
-0.986154, 33, 121, 96, 152
-0.986182, 81, 117, 144, 148
-0.986189, 161, 1, 192, 64
-0.986198, 81, 49, 144, 112
-0.986208, 257, 281, 288, 344
-0.986256, 181, 257, 212, 384
-0.986278, 73, 145, 104, 208
-0.986287, 37, 177, 68, 240
-0.986325, 165, 249, 196, 312
-0.986327, 17, 93, 80, 124
-0.986334, 249, 337, 312, 400
-0.986355, 153, 109, 216, 140
-0.98636, 97, 1, 128, 64
-0.986365, 161, 157, 224, 188
-0.986419, 177, 281, 240, 344
-0.986428, 237, 257, 268, 384
-0.986438, 81, 249, 144, 312
-0.986465, 173, 145, 204, 208
-0.98651, 101, 81, 132, 144
-0.986533, 157, 305, 188, 368
-0.986545, 17, 65, 80, 96
-0.98658, 173, 1, 204, 64
-0.986589, 17, 289, 144, 352
-0.986615, 41, 289, 72, 352
-0.986634, 153, 121, 216, 152
-0.986648, 165, 49, 196, 112
-0.986668, 289, 161, 319, 224
-0.986678, 229, 41, 260, 104
-0.986702, 121, 93, 184, 124
-0.98671, 105, 117, 168, 148
-0.986744, 241, 33, 272, 96
-0.986756, 97, 41, 128, 104
-0.986759, 177, 225, 240, 288
-0.986788, 233, 281, 264, 344
-0.986797, 213, 105, 244, 168
-0.986891, 53, 113, 84, 240
-0.986905, 209, 65, 240, 128
-0.986917, 245, 153, 276, 216
-0.986984, 225, 345, 288, 408
-0.986998, 9, 313, 72, 376
-0.987005, 233, 209, 264, 336
-0.987015, 89, 153, 120, 216
-0.987089, 197, 169, 228, 232
-0.987126, 77, 73, 108, 136
-0.987138, 41, 225, 104, 480
-0.987147, 241, 177, 272, 240
-0.987172, 109, 129, 140, 192
-0.987199, 5, 273, 36, 400
-0.987282, 137, 225, 168, 288
-0.987295, 113, 25, 176, 88
-0.987359, 25, 161, 56, 288
-0.987387, 269, 281, 300, 344
-0.987391, 13, 177, 44, 240
-0.987394, 25, 177, 56, 240
-0.987398, 25, 289, 56, 352
-0.987404, 277, 137, 308, 200
-0.98741, 153, 337, 216, 464
-0.987445, 65, 33, 96, 96
-0.987468, 61, 161, 92, 288
-0.987468, 221, 161, 252, 288
-0.987555, 221, 81, 252, 208
-0.987576, 269, 97, 300, 160
-0.987585, 265, 145, 296, 208
-0.987587, 129, 273, 160, 336
-0.987587, 245, 289, 276, 352
-0.987595, 113, 273, 144, 336
-0.987596, 9, 121, 72, 152
-0.987619, 73, 169, 104, 232
-0.987621, 289, 89, 319, 152
-0.987689, 129, 249, 160, 312
-0.987786, 17, 249, 144, 312
-0.987814, 49, 97, 112, 128
-0.987942, 25, 153, 88, 216
-0.988121, 81, 101, 144, 132
-0.988126, 57, 209, 88, 336
-0.988138, 169, 137, 232, 168
-0.988162, 161, 225, 224, 480
-0.988162, 289, 81, 319, 208
-0.988236, 49, 185, 176, 248
-0.988345, 17, 273, 48, 400
-0.988349, 189, 209, 220, 336
-0.988425, 153, 209, 184, 336
-0.988441, 145, 185, 272, 248
-0.988469, 249, 193, 312, 224
-0.988471, 129, 145, 192, 176
-0.988488, 177, 97, 240, 128
-0.988608, 169, 85, 232, 116
-0.988674, 113, 157, 176, 188
-0.98875, 129, 117, 192, 148
-0.988867, 33, 273, 96, 336
-0.988911, 233, 81, 296, 112
-0.98893, 257, 85, 319, 116
-0.988935, 89, 209, 152, 272
-0.98894, 145, 353, 272, 480
-0.989005, 57, 281, 120, 344
-0.989054, 145, 133, 208, 164
-0.989063, 193, 153, 256, 184
-0.989142, 253, 289, 284, 416
-0.989155, 1, 97, 319, 160
-0.989164, 1, 129, 32, 256
-0.989224, 49, 353, 176, 480
-0.989239, 233, 17, 296, 80
-0.989287, 249, 313, 312, 376
-0.989295, 201, 169, 264, 200
-0.989388, 241, 205, 304, 236
-0.989439, 121, 185, 184, 248
-0.989471, 81, 273, 144, 336
-0.989478, 193, 17, 256, 80
-0.989561, 137, 81, 200, 112
-0.989581, 97, 225, 224, 288
-0.989587, 233, 41, 296, 72
-0.989665, 33, 113, 288, 176
-0.989674, 109, 209, 140, 336
-0.98972, 97, 353, 224, 480
-0.989732, 17, 345, 80, 408
-0.989743, 193, 257, 224, 384
-0.989746, 153, 305, 216, 368
-0.989751, 57, 165, 120, 196
-0.989769, 257, 37, 319, 68
-0.989782, 57, 249, 120, 312
-0.989811, 65, 209, 128, 272
-0.989847, 201, 89, 264, 120
-0.989914, 177, 113, 240, 144
-0.990054, 1, 49, 256, 112
-0.990116, 109, 257, 140, 384
-0.990148, 97, 169, 160, 200
-0.990262, 9, 297, 72, 328
-0.990272, 153, 1, 216, 32
-0.990289, 161, 49, 224, 80
-0.990291, 209, 41, 272, 72
-0.990334, 201, 101, 264, 132
-0.990369, 57, 121, 120, 152
-0.990433, 65, 353, 128, 480
-0.990443, 225, 353, 288, 480
-0.990443, 129, 293, 192, 324
-0.990451, 225, 293, 288, 324
-0.990482, 73, 129, 104, 256
-0.990576, 1, 133, 64, 164
-0.990583, 129, 281, 192, 312
-0.990616, 77, 49, 108, 176
-0.990628, 1, 225, 32, 352
-0.990677, 257, 141, 319, 172
-0.990728, 17, 33, 80, 64
-0.990728, 1, 73, 256, 136
-0.990747, 73, 85, 136, 116
-0.990774, 105, 293, 168, 324
-0.990899, 97, 89, 160, 120
-0.990941, 249, 277, 312, 308
-0.990952, 1, 281, 64, 312
-0.990969, 241, 217, 304, 248
-0.991, 201, 345, 264, 408
-0.991009, 185, 45, 248, 76
-0.991049, 97, 353, 160, 480
-0.991091, 41, 85, 104, 116
-0.991094, 225, 93, 288, 124
-0.991121, 133, 105, 164, 136
-0.99113, 249, 69, 312, 100
-0.991133, 137, 157, 200, 188
-0.991212, 177, 345, 240, 408
-0.991217, 121, 129, 184, 160
-0.99122, 249, 289, 312, 320
-0.991241, 193, 193, 256, 256
-0.991255, 129, 161, 160, 288
-0.991284, 177, 173, 240, 204
-0.991285, 249, 153, 312, 184
-0.991299, 217, 185, 280, 216
-0.99132, 33, 293, 96, 324
-0.991331, 137, 193, 200, 224
-0.99134, 193, 277, 256, 308
-0.991348, 89, 185, 152, 216
-0.991556, 49, 225, 176, 288
-0.991557, 233, 261, 296, 292
-0.991559, 41, 209, 104, 240
-0.991567, 1, 305, 319, 368
-0.991588, 5, 105, 36, 136
-0.991589, 261, 241, 292, 368
-0.991605, 193, 77, 256, 108
-0.991613, 81, 129, 144, 160
-0.991623, 113, 101, 144, 132
-0.991744, 97, 197, 160, 228
-0.991775, 113, 53, 176, 84
-0.991777, 9, 181, 72, 212
-0.99178, 25, 93, 56, 124
-0.991785, 121, 225, 152, 352
-0.991791, 89, 273, 152, 304
-0.991809, 65, 257, 319, 320
-0.991863, 145, 105, 176, 136
-0.991875, 1, 49, 319, 112
-0.991886, 149, 93, 180, 124
-0.991889, 97, 101, 224, 132
-0.991911, 25, 121, 56, 152
-0.991914, 85, 117, 116, 148
-0.991916, 121, 9, 184, 40
-0.991921, 81, 141, 144, 172
-0.991929, 193, 345, 319, 408
-0.991938, 121, 173, 184, 204
-0.991968, 49, 193, 112, 224
-0.991998, 257, 257, 319, 288
-0.99201, 169, 121, 200, 152
-0.99202, 189, 105, 220, 136
-0.992033, 169, 1, 232, 64
-0.992037, 25, 65, 56, 96
-0.992051, 137, 49, 200, 80
-0.992089, 157, 105, 188, 136
-0.992109, 201, 113, 264, 144
-0.99212, 41, 89, 72, 120
-0.992142, 145, 121, 176, 152
-0.99217, 225, 69, 288, 100
-0.992176, 129, 305, 192, 336
-0.992181, 1, 265, 64, 296
-0.992209, 181, 121, 212, 152
-0.992211, 189, 161, 220, 192
-0.992219, 169, 109, 200, 140
-0.992231, 201, 197, 264, 228
-0.992262, 25, 221, 88, 252
-0.992263, 137, 93, 168, 124
-0.992283, 1, 125, 32, 156
-0.992291, 41, 61, 104, 92
-0.992311, 173, 85, 204, 116
-0.992319, 161, 93, 192, 124
-0.992333, 193, 185, 256, 216
-0.99235, 45, 109, 76, 140
-0.992356, 289, 137, 319, 168
-0.992361, 81, 25, 144, 88
-0.992367, 285, 289, 316, 416
-0.992386, 89, 213, 152, 244
-0.992433, 197, 89, 228, 120
-0.99246, 57, 101, 88, 132
-0.992488, 125, 93, 156, 124
-0.992508, 1, 249, 319, 312
-0.992511, 125, 117, 156, 148
-0.992531, 13, 121, 44, 152
-0.992538, 245, 201, 276, 232
-0.992571, 25, 105, 56, 136
-0.992603, 257, 57, 319, 88
-0.992605, 97, 77, 160, 108
-0.992606, 1, 89, 32, 120
-0.992623, 265, 201, 296, 232
-0.992628, 1, 81, 64, 112
-0.992641, 257, 97, 319, 128
-0.992654, 37, 121, 68, 152
-0.992668, 101, 105, 132, 136
-0.992669, 209, 165, 240, 196
-0.99267, 289, 77, 319, 108
-0.992702, 209, 85, 240, 116
-0.992705, 105, 145, 168, 176
-0.992706, 65, 181, 128, 212
-0.992723, 1, 97, 128, 128
-0.992728, 57, 89, 88, 120
-0.992744, 177, 97, 208, 128
-0.992748, 257, 213, 288, 244
-0.992749, 217, 273, 280, 304
-0.992753, 133, 293, 164, 324
-0.992767, 1, 229, 64, 260
-0.992775, 233, 337, 264, 464
-0.992784, 217, 209, 280, 240
-0.992788, 257, 9, 319, 72
-0.992815, 153, 305, 184, 336
-0.992817, 17, 21, 80, 52
-0.992822, 65, 257, 96, 384
-0.992825, 65, 153, 128, 184
-0.992848, 101, 169, 132, 200
-0.992849, 113, 113, 144, 144
-0.99285, 197, 117, 228, 148
-0.992851, 177, 157, 208, 188
-0.992852, 285, 241, 316, 368
-0.992854, 157, 121, 188, 152
-0.992857, 201, 101, 232, 132
-0.992857, 289, 37, 319, 68
-0.99286, 1, 337, 128, 400
-0.992872, 81, 1, 112, 128
-0.992877, 65, 113, 96, 144
-0.992901, 17, 113, 48, 240
-0.992907, 49, 61, 80, 92
-0.992909, 229, 293, 260, 324
-0.992917, 205, 177, 236, 208
-0.99293, 37, 293, 68, 324
-0.992936, 257, 289, 319, 352
-0.992946, 129, 345, 192, 408
-0.992947, 1, 121, 319, 184
-0.99296, 13, 93, 44, 124
-0.992962, 197, 141, 228, 172
-0.992975, 33, 169, 288, 232
-0.992977, 41, 209, 72, 240
-0.992992, 193, 17, 319, 80
-0.992993, 273, 77, 304, 108
-0.992996, 241, 181, 304, 212
-0.992999, 113, 185, 176, 216
-0.993008, 253, 81, 284, 112
-0.993012, 77, 105, 108, 136
-0.993013, 289, 149, 319, 180
-0.993016, 289, 189, 319, 220
-0.993021, 81, 113, 208, 144
-0.993026, 77, 129, 108, 160
-0.993027, 157, 133, 188, 164
-0.993032, 209, 261, 272, 292
-0.993037, 5, 69, 36, 100
-0.993038, 101, 121, 132, 152
-0.993048, 161, 153, 192, 184
-0.993108, 37, 65, 68, 96
-0.993138, 57, 293, 88, 324
-0.993138, 153, 281, 184, 312
-0.993143, 161, 293, 192, 324
-0.993159, 249, 189, 280, 220
-0.993172, 117, 185, 148, 216
-0.993173, 165, 1, 196, 32
-0.993182, 73, 345, 136, 408
-0.993191, 1, 125, 128, 156
-0.993193, 89, 105, 120, 136
-0.993198, 65, 137, 319, 200
-0.993203, 205, 153, 236, 184
-0.993206, 113, 89, 144, 120
-0.99321, 145, 1, 272, 64
-0.993211, 169, 193, 232, 256
-0.993225, 185, 85, 216, 116
-0.993227, 129, 77, 160, 108
-0.993228, 229, 85, 260, 116
-0.993232, 145, 293, 176, 324
-0.993232, 153, 293, 216, 324
-0.993242, 225, 181, 256, 212
-0.993251, 149, 81, 180, 112
-0.993259, 165, 193, 196, 224
-0.993269, 233, 249, 296, 280
-0.993276, 213, 105, 244, 136
-0.993286, 193, 141, 256, 172
-0.993291, 81, 189, 112, 220
-0.993303, 169, 189, 232, 220
-0.993306, 277, 201, 308, 232
-0.993309, 53, 281, 84, 312
-0.99333, 141, 157, 172, 188
-0.993341, 89, 157, 152, 188
-0.993344, 269, 213, 300, 244
-0.993354, 133, 305, 164, 336
-0.993357, 209, 45, 240, 76
-0.993362, 33, 169, 96, 200
-0.993364, 181, 137, 212, 168
-0.993366, 41, 353, 104, 416
-0.993371, 113, 165, 144, 196
-0.993393, 289, 65, 319, 96
-0.993396, 193, 293, 319, 324
-0.993406, 193, 177, 224, 208
-0.993407, 289, 193, 319, 320
-0.99342, 289, 205, 319, 236
-0.993429, 141, 141, 172, 172
-0.993436, 245, 289, 276, 320
-0.993441, 281, 261, 312, 292
-0.993445, 9, 265, 40, 296
-0.99347, 137, 25, 200, 88
-0.993481, 25, 265, 88, 296
-0.993489, 121, 153, 152, 184
-0.99351, 229, 169, 260, 200
-0.993537, 153, 305, 216, 336
-0.993539, 129, 205, 192, 236
-0.99354, 241, 89, 272, 120
-0.993546, 233, 277, 264, 308
-0.993551, 201, 293, 264, 324
-0.993555, 269, 257, 300, 288
-0.993561, 57, 177, 88, 208
-0.993568, 81, 125, 208, 156
-0.99357, 213, 73, 244, 104
-0.993572, 121, 293, 152, 324
-0.993575, 97, 85, 128, 116
-0.993578, 277, 225, 308, 256
-0.99358, 245, 277, 276, 308
-0.993588, 145, 5, 176, 36
-0.993591, 197, 77, 228, 108
-0.993595, 217, 273, 248, 304
-0.993597, 65, 281, 128, 312
-0.993599, 93, 193, 124, 224
-0.993605, 145, 193, 176, 224
-0.993611, 21, 33, 52, 64
-0.993619, 69, 93, 100, 124
-0.993621, 269, 89, 300, 120
-0.993633, 41, 281, 72, 312
-0.993633, 9, 277, 40, 308
-0.993638, 153, 173, 216, 204
-0.99364, 185, 45, 216, 76
-0.993644, 217, 153, 248, 184
-0.993646, 61, 57, 76, 120
-0.993647, 241, 165, 304, 196
-0.993653, 113, 157, 240, 188
-0.993662, 61, 61, 92, 92
-0.993667, 29, 221, 60, 252
-0.993667, 113, 125, 144, 156
-0.993669, 17, 109, 144, 140
-0.99367, 97, 181, 128, 212
-0.993676, 105, 193, 136, 224
-0.993679, 49, 77, 80, 108
-0.993684, 49, 261, 112, 292
-0.993688, 7, 97, 22, 160
-0.993701, 1, 185, 128, 248
-0.993726, 105, 261, 168, 292
-0.993751, 249, 241, 280, 368
-0.993811, 73, 261, 136, 292
-0.993847, 199, 97, 214, 160
-0.993896, 233, 53, 296, 84
-0.993914, 105, 305, 168, 368
-0.993922, 97, 305, 160, 336
-0.993941, 49, 89, 176, 120
-0.993952, 301, 33, 316, 96
-0.993964, 257, 245, 319, 276
-0.994032, 81, 145, 208, 176
-0.994037, 153, 345, 216, 408
-0.994039, 73, 201, 136, 232
-0.994039, 129, 265, 192, 296
-0.994042, 41, 1, 104, 64
-0.994056, 65, 1, 319, 64
-0.994057, 155, 89, 170, 152
-0.994065, 211, 81, 226, 144
-0.994076, 105, 345, 168, 408
-0.994077, 177, 125, 240, 156
-0.994085, 97, 145, 128, 272
-0.99412, 217, 157, 280, 188
-0.994158, 185, 57, 248, 88
-0.994193, 193, 97, 208, 160
-0.994202, 245, 337, 276, 464
-0.994247, 273, 321, 304, 448
-0.99426, 43, 89, 58, 152
-0.994311, 65, 289, 319, 352
-0.994377, 249, 353, 312, 480
-0.994388, 173, 81, 188, 144
-0.994394, 1, 97, 16, 160
-0.994399, 25, 65, 40, 128
-0.994414, 55, 105, 70, 168
-0.994424, 161, 89, 176, 152
-0.994481, 93, 209, 124, 336
-0.994496, 3, 65, 18, 128
-0.994499, 189, 121, 204, 184
-0.994504, 87, 113, 102, 176
-0.994522, 155, 129, 170, 192
-0.994529, 49, 97, 64, 160
-0.994537, 183, 81, 198, 144
-0.994542, 161, 189, 288, 220
-0.994554, 129, 113, 256, 144
-0.994604, 35, 65, 50, 128
-0.994624, 13, 97, 28, 160
-0.994668, 205, 97, 220, 160
-0.994677, 193, 77, 319, 108
-0.994678, 1, 73, 319, 136
-0.99469, 37, 89, 52, 152
-0.99471, 81, 209, 112, 336
-0.994733, 145, 85, 272, 116
-0.994774, 1, 273, 319, 336
-0.994788, 305, 137, 319, 200
-0.994798, 49, 293, 176, 324
-0.994816, 97, 185, 224, 248
-0.99483, 145, 105, 160, 168
-0.994856, 147, 129, 162, 192
-0.994898, 297, 129, 312, 192
-0.9949, 113, 169, 240, 200
-0.994905, 139, 97, 154, 160
-0.994919, 9, 73, 24, 136
-0.994927, 1, 1, 319, 64
-0.994947, 145, 45, 272, 76
-0.994978, 15, 73, 30, 136
-0.994998, 209, 305, 272, 368
-0.995006, 145, 281, 272, 312
-0.995012, 81, 257, 112, 384
-0.995014, 65, 197, 192, 228
-0.995035, 1, 25, 256, 88
-0.995072, 147, 81, 162, 144
-0.995086, 193, 161, 319, 192
-0.995095, 93, 273, 124, 400
-0.995129, 193, 41, 319, 72
-0.995133, 129, 301, 256, 332
-0.995144, 261, 73, 276, 136
-0.995161, 165, 121, 180, 184
-0.995189, 145, 201, 208, 264
-0.995195, 193, 321, 319, 384
-0.995221, 79, 89, 94, 152
-0.995223, 193, 113, 319, 144
-0.995246, 129, 141, 256, 172
-0.995258, 93, 105, 108, 168
-0.995267, 263, 257, 278, 320
-0.995275, 65, 169, 192, 200
-0.9953, 145, 101, 272, 132
-0.99531, 239, 257, 254, 320
-0.995351, 81, 121, 96, 184
-0.995358, 49, 49, 176, 80
-0.995362, 119, 49, 134, 112
-0.995363, 65, 225, 319, 288
-0.995364, 51, 57, 66, 120
-0.995376, 167, 89, 182, 152
-0.995378, 153, 321, 184, 448
-0.995396, 201, 41, 216, 104
-0.9954, 193, 201, 319, 232
-0.995419, 193, 261, 319, 292
-0.995441, 101, 105, 116, 168
-0.995519, 145, 345, 272, 408
-0.995536, 17, 21, 144, 52
-0.995536, 193, 61, 319, 92
-0.995537, 201, 145, 216, 208
-0.99554, 193, 89, 319, 120
-0.995548, 1, 153, 319, 216
-0.995583, 255, 73, 270, 136
-0.995583, 227, 257, 242, 320
-0.99559, 199, 121, 214, 184
-0.995616, 39, 41, 54, 104
-0.99562, 171, 113, 186, 176
-0.995627, 247, 73, 262, 136
-0.995633, 49, 329, 112, 392
-0.995663, 25, 97, 40, 160
-0.995668, 97, 89, 224, 120
-0.995684, 217, 81, 232, 144
-0.995693, 1, 297, 128, 328
-0.9957, 193, 221, 319, 252
-0.995703, 265, 201, 280, 264
-0.995705, 133, 49, 148, 112
-0.995708, 141, 137, 156, 200
-0.995717, 17, 33, 144, 64
-0.995729, 213, 105, 228, 168
-0.99573, 179, 105, 194, 168
-0.995733, 247, 257, 262, 320
-0.995744, 69, 97, 84, 160
-0.995771, 65, 157, 192, 188
-0.99578, 19, 97, 34, 160
-0.99579, 295, 33, 310, 96
-0.99579, 45, 57, 60, 120
-0.995799, 271, 201, 286, 264
-0.995806, 97, 81, 112, 144
-0.995816, 275, 33, 290, 96
-0.995824, 129, 89, 144, 152
-0.995833, 49, 281, 176, 312
-0.995846, 165, 289, 180, 352
-0.995862, 49, 185, 176, 216
-0.995865, 1, 193, 256, 256
-0.995873, 167, 49, 182, 112
-0.995877, 3, 121, 18, 184
-0.995883, 117, 1, 132, 64
-0.995886, 283, 65, 298, 128
-0.995911, 221, 337, 252, 464
-0.995916, 157, 257, 172, 320
-0.995931, 107, 105, 122, 168
-0.995933, 55, 81, 70, 144
-0.995936, 149, 1, 164, 64
-0.995956, 279, 185, 294, 248
-0.995969, 271, 73, 286, 136
-0.995975, 203, 73, 218, 136
-0.995987, 17, 321, 48, 448
-0.996006, 61, 89, 76, 152
-0.996008, 111, 161, 126, 224
-0.996028, 113, 105, 128, 168
-0.996028, 273, 257, 288, 320
-0.996034, 287, 33, 302, 96
-0.996035, 157, 65, 172, 128
-0.996038, 65, 161, 80, 224
-0.996038, 1, 313, 128, 376
-0.996045, 277, 73, 292, 136
-0.996068, 291, 65, 306, 128
-0.996068, 223, 73, 238, 136
-0.996072, 139, 73, 154, 136
-0.996072, 257, 257, 272, 320
-0.996076, 75, 145, 90, 208
-0.996088, 261, 33, 276, 96
-0.996089, 167, 265, 182, 328
-0.99609, 1, 185, 319, 248
-0.996092, 281, 33, 296, 96
-0.996092, 249, 41, 264, 104
-0.996108, 31, 25, 46, 88
-0.996129, 193, 177, 319, 208
-0.996142, 233, 81, 248, 144
-0.996148, 189, 73, 204, 136
-0.996155, 17, 173, 144, 204
-0.996166, 195, 73, 210, 136
-0.996168, 97, 345, 224, 408
-0.996178, 119, 97, 134, 160
-0.996181, 233, 257, 248, 320
-0.996184, 69, 209, 100, 336
-0.996188, 11, 233, 26, 296
-0.996189, 177, 141, 304, 172
-0.996193, 147, 297, 162, 360
-0.996207, 149, 153, 164, 216
-0.996214, 133, 113, 148, 176
-0.996221, 291, 129, 306, 192
-0.996234, 225, 153, 240, 216
-0.996237, 267, 33, 282, 96
-0.996237, 277, 217, 292, 280
-0.996248, 129, 125, 256, 156
-0.996248, 129, 201, 256, 232
-0.996251, 43, 113, 58, 176
-0.996254, 3, 41, 18, 104
-0.996254, 65, 37, 192, 68
-0.996259, 81, 305, 208, 336
-0.996265, 285, 201, 300, 264
-0.99628, 185, 305, 248, 368
-0.996282, 159, 161, 174, 224
-0.996284, 251, 201, 266, 264
-0.996295, 1, 225, 128, 256
-0.9963, 1, 65, 128, 96
-0.9963, 303, 105, 318, 168
-0.996302, 87, 89, 102, 152
-0.996314, 237, 281, 252, 344
-0.996402, 247, 289, 262, 352
-0.996404, 67, 57, 82, 120
-0.996406, 231, 161, 246, 224
-0.996407, 257, 185, 272, 248
-0.996407, 155, 281, 170, 344
-0.996413, 215, 257, 230, 320
-0.996414, 221, 257, 236, 320
-0.996442, 127, 49, 142, 112
-0.996458, 293, 97, 308, 160
-0.996473, 209, 257, 224, 320
-0.996479, 23, 33, 38, 96
-0.996488, 293, 233, 308, 296
-0.996491, 85, 145, 116, 272
-0.996493, 239, 81, 254, 144
-0.996493, 97, 5, 224, 36
-0.996531, 143, 105, 158, 136
-0.99655, 193, 101, 319, 132
-0.996579, 213, 1, 244, 256
-0.996595, 193, 273, 319, 304
-0.996662, 1, 273, 128, 304
-0.996692, 289, 1, 319, 256
-0.996752, 149, 101, 164, 132
-0.996823, 177, 129, 304, 160
-0.996938, 269, 1, 300, 256
-0.996945, 57, 33, 88, 288
-0.996949, 17, 205, 144, 236
-0.996987, 137, 105, 152, 136
-0.997011, 97, 49, 224, 80
-0.99703, 89, 117, 104, 148
-0.997038, 29, 33, 60, 288
-0.997043, 33, 145, 160, 176
-0.99706, 43, 89, 58, 120
-0.997073, 81, 213, 208, 244
-0.997093, 113, 185, 240, 216
-0.997109, 1, 65, 32, 320
-0.997126, 1, 85, 128, 116
-0.997133, 39, 105, 54, 136
-0.997136, 241, 1, 272, 256
-0.997154, 33, 261, 160, 292
-0.997163, 97, 265, 224, 296
-0.997166, 145, 269, 272, 300
-0.997171, 117, 1, 148, 256
-0.997177, 141, 93, 156, 124
-0.997184, 265, 161, 296, 416
-0.997186, 53, 105, 68, 136
-0.997188, 229, 1, 260, 256
-0.997202, 199, 105, 214, 136
-0.997213, 185, 121, 200, 152
-0.997229, 257, 1, 288, 256
-0.997249, 145, 1, 272, 32
-0.997254, 209, 337, 240, 464
-0.997259, 211, 89, 226, 120
-0.997261, 41, 121, 56, 152
-0.997264, 177, 109, 192, 140
-0.997286, 155, 97, 170, 128
-0.997294, 65, 77, 192, 108
-0.997299, 97, 289, 224, 320
-0.997303, 161, 121, 176, 152
-0.997324, 133, 33, 164, 288
-0.997337, 129, 105, 144, 136
-0.997346, 185, 109, 200, 140
-0.997349, 205, 105, 220, 136
-0.997366, 61, 61, 76, 92
-0.997381, 201, 161, 216, 192
-0.997393, 19, 97, 34, 128
-0.997396, 109, 129, 140, 384
-0.997401, 1, 185, 128, 216
-0.997412, 3, 113, 18, 144
-0.997422, 25, 97, 40, 128
-0.997435, 35, 121, 50, 152
-0.997439, 165, 321, 196, 448
-0.997447, 117, 101, 132, 132
-0.997453, 155, 121, 170, 152
-0.997461, 277, 161, 308, 416
-0.997471, 209, 97, 240, 352
-0.997472, 11, 105, 26, 136
-0.997478, 45, 97, 76, 352
-0.997483, 185, 33, 216, 288
-0.997488, 57, 305, 120, 368
-0.997489, 171, 121, 186, 152
-0.997494, 193, 101, 208, 132
-0.997499, 173, 89, 188, 120
-0.997502, 85, 33, 116, 288
-0.997509, 271, 77, 286, 108
-0.997512, 33, 97, 48, 128
-0.997514, 65, 25, 192, 56
-0.99752, 133, 65, 148, 192
-0.997532, 1, 93, 16, 124
-0.997539, 153, 129, 184, 384
-0.997541, 149, 113, 164, 144
-0.997554, 129, 321, 160, 448
-0.997554, 47, 109, 62, 140
-0.997561, 171, 109, 186, 140
-0.997572, 95, 113, 110, 144
-0.997577, 17, 161, 144, 192
-0.997579, 23, 121, 38, 152
-0.997583, 145, 225, 176, 480
-0.997596, 13, 125, 28, 156
-0.997599, 29, 121, 44, 152
-0.997602, 109, 105, 124, 136
-0.997605, 201, 1, 232, 256
-0.99761, 135, 93, 150, 124
-0.997613, 113, 165, 128, 196
-0.997616, 241, 289, 256, 320
-0.99762, 69, 129, 100, 384
-0.997625, 253, 161, 284, 416
-0.997627, 195, 121, 210, 152
-0.99763, 269, 205, 284, 236
-0.997631, 149, 89, 164, 120
-0.997644, 167, 93, 182, 124
-0.997646, 137, 117, 152, 148
-0.997653, 97, 129, 128, 384
-0.997657, 257, 337, 288, 464
-0.997659, 159, 301, 174, 332
-0.997661, 45, 1, 76, 256
-0.997662, 157, 225, 188, 480
-0.997669, 209, 169, 224, 200
-0.997673, 143, 117, 158, 148
-0.997674, 97, 277, 224, 308
-0.997685, 13, 1, 44, 256
-0.99769, 139, 65, 154, 192
-0.997693, 67, 97, 82, 128
-0.997705, 81, 105, 96, 136
-0.997708, 97, 1, 128, 256
-0.997714, 281, 81, 296, 112
-0.997727, 189, 89, 204, 120
-0.997733, 151, 293, 166, 324
-0.997734, 207, 157, 222, 188
-0.997737, 289, 97, 319, 352
-0.997743, 295, 137, 310, 168
-0.997747, 145, 33, 176, 288
-0.997759, 143, 301, 158, 332
-0.997762, 305, 149, 319, 180
-0.997764, 183, 89, 198, 120
-0.99777, 11, 69, 26, 100
-0.997773, 193, 129, 224, 384
-0.997774, 193, 157, 208, 188
-0.997776, 155, 81, 170, 208
-0.997785, 49, 293, 64, 324
-0.997789, 161, 105, 176, 136
-0.997793, 173, 33, 204, 288
-0.997804, 145, 73, 272, 104
-0.997811, 259, 77, 274, 108
-0.997819, 49, 345, 176, 408
-0.997825, 203, 173, 218, 204
-0.997829, 163, 133, 178, 164
-0.99784, 123, 49, 138, 176
-0.997845, 155, 109, 170, 140
-0.997848, 51, 89, 66, 120
-0.99785, 103, 117, 118, 148
-0.997861, 13, 93, 28, 124
-0.997863, 205, 93, 220, 124
-0.997867, 131, 117, 146, 148
-0.997868, 1, 361, 128, 424
-0.997872, 47, 281, 62, 312
-0.997875, 57, 193, 88, 448
-0.997882, 249, 201, 264, 232
-0.997884, 265, 81, 280, 112
-0.997885, 211, 109, 226, 140
-0.997888, 199, 93, 214, 124
-0.997899, 33, 1, 160, 32
-0.997904, 39, 61, 54, 92
-0.997909, 87, 129, 102, 160
-0.997916, 129, 93, 144, 124
-0.997923, 237, 193, 268, 448
-0.997925, 251, 289, 266, 320
-0.997927, 147, 97, 162, 224
-0.997931, 59, 293, 74, 324
-0.997932, 61, 97, 76, 128
-0.997936, 13, 161, 44, 416
-0.99794, 33, 109, 48, 140
-0.997942, 5, 125, 20, 156
-0.997945, 145, 253, 272, 284
-0.997946, 233, 81, 248, 112
-0.99795, 179, 121, 194, 152
-0.997951, 175, 1, 190, 32
-0.997952, 25, 69, 40, 100
-0.997958, 71, 293, 86, 324
-0.997959, 239, 277, 254, 308
-0.997966, 65, 313, 319, 376
-0.997968, 145, 57, 272, 88
-0.997969, 1, 285, 128, 316
-0.997969, 93, 225, 124, 480
-0.997971, 201, 117, 216, 148
-0.997972, 95, 125, 110, 156
-0.997979, 49, 61, 176, 92
-0.997979, 301, 137, 316, 168
-0.997982, 1, 345, 256, 408
-0.997983, 21, 35, 52, 50
-0.997983, 235, 289, 250, 320
-0.997988, 81, 121, 96, 152
-0.997988, 165, 301, 196, 316
-0.997992, 289, 69, 319, 84
-0.997995, 281, 201, 296, 232
-0.997999, 241, 97, 272, 352
-0.997999, 155, 85, 170, 116
-0.998001, 213, 83, 244, 98
-0.998002, 19, 85, 34, 116
-0.998007, 271, 89, 286, 120
-0.998009, 239, 81, 254, 112
-0.998014, 47, 121, 62, 152
-0.998015, 249, 89, 264, 120
-0.998016, 247, 277, 262, 308
-0.998018, 119, 57, 134, 88
-0.99802, 213, 45, 244, 60
-0.998021, 143, 81, 158, 112
-0.998024, 123, 97, 138, 128
-0.998026, 103, 105, 118, 136
-0.998026, 45, 215, 76, 230
-0.998031, 157, 1, 188, 256
-0.998033, 181, 1, 212, 16
-0.998034, 43, 293, 58, 324
-0.99805, 257, 193, 272, 224
-0.99805, 179, 193, 194, 224
-0.998054, 77, 113, 108, 128
-0.998057, 303, 37, 318, 68
-0.998062, 153, 135, 184, 150
-0.998064, 225, 193, 256, 448
-0.998065, 209, 181, 224, 212
-0.998065, 169, 289, 184, 320
-0.998068, 233, 277, 248, 308
-0.998069, 81, 193, 112, 448
-0.998071, 105, 225, 136, 480
-0.998076, 269, 261, 300, 276
-0.99808, 221, 77, 236, 108
-0.998081, 105, 189, 136, 204
-0.998081, 113, 177, 128, 208
-0.998082, 65, 293, 80, 324
-0.998084, 109, 125, 124, 156
-0.998085, 33, 65, 48, 96
-0.998087, 145, 217, 272, 248
-0.998089, 189, 175, 220, 190
-0.998091, 257, 289, 272, 320
-0.998093, 169, 301, 184, 332
-0.998101, 259, 209, 274, 240
-0.998106, 205, 183, 236, 198
-0.998112, 7, 93, 22, 124
-0.998119, 223, 157, 238, 188
-0.998121, 205, 45, 220, 76
-0.998121, 51, 209, 66, 240
-0.998126, 137, 125, 168, 140
-0.998131, 133, 225, 164, 480
-0.998132, 129, 93, 160, 108
-0.998134, 161, 97, 176, 224
-0.998134, 181, 85, 212, 100
-0.998149, 77, 141, 108, 156
-0.998149, 141, 155, 172, 170
-0.998156, 205, 193, 236, 448
-0.99816, 37, 123, 68, 138
-0.998165, 201, 47, 232, 62
-0.998169, 39, 49, 54, 176
-0.998176, 61, 49, 76, 176
-0.998182, 61, 95, 92, 110
-0.998185, 5, 117, 36, 132
-0.998185, 165, 129, 196, 384
-0.998189, 129, 137, 160, 152
-0.998193, 5, 71, 36, 86
-0.998195, 189, 91, 220, 106
-0.998212, 289, 81, 319, 96
-0.998224, 93, 187, 124, 202
-0.998225, 265, 41, 296, 56
-0.998234, 193, 141, 224, 156
-0.998237, 289, 39, 319, 54
-0.998245, 181, 129, 212, 384
-0.998248, 49, 101, 80, 116
-0.998252, 225, 97, 256, 352
-0.99826, 45, 225, 76, 480
-0.998261, 245, 91, 276, 106
-0.998261, 249, 193, 280, 208
-0.99827, 109, 169, 140, 184
-0.998273, 253, 203, 284, 218
-0.998275, 253, 83, 284, 98
-0.998286, 121, 1, 136, 128
-0.998286, 157, 1, 172, 128
-0.998289, 177, 123, 208, 138
-0.998293, 289, 155, 319, 170
-0.998296, 37, 65, 68, 80
-0.998301, 205, 97, 236, 112
-0.998303, 233, 83, 264, 98
-0.998309, 203, 33, 218, 160
-0.998312, 165, 3, 196, 18
-0.998312, 97, 109, 128, 124
-0.998316, 29, 33, 44, 160
-0.998322, 193, 249, 319, 280
-0.998322, 281, 271, 312, 286
-0.99833, 149, 1, 164, 128
-0.998332, 57, 113, 88, 128
-0.998332, 45, 89, 76, 104
-0.998335, 49, 295, 80, 310
-0.998339, 181, 113, 212, 128
-0.998347, 69, 225, 100, 480
-0.998359, 205, 169, 236, 184
-0.998359, 1, 309, 128, 340
-0.998361, 97, 253, 224, 284
-0.998367, 241, 203, 272, 218
-0.998372, 65, 225, 192, 256
-0.998375, 281, 149, 312, 164
-0.998383, 81, 119, 144, 134
-0.998389, 189, 49, 220, 64
-0.998389, 121, 99, 184, 114
-0.998393, 105, 105, 168, 120
-0.998394, 201, 119, 232, 134
-0.998396, 145, 49, 160, 176
-0.998399, 1, 107, 64, 122
-0.998403, 69, 33, 100, 288
-0.998408, 129, 147, 192, 162
-0.998409, 143, 1, 158, 128
-0.99841, 141, 145, 172, 160
-0.998414, 161, 101, 224, 116
-0.998416, 45, 113, 76, 128
-0.998419, 1, 125, 64, 140
-0.99842, 225, 293, 256, 308
-0.998422, 41, 117, 104, 132
-0.998423, 1, 133, 32, 148
-0.998423, 113, 99, 144, 114
-0.998428, 9, 101, 72, 116
-0.998428, 153, 89, 184, 104
-0.998428, 177, 135, 208, 150
-0.99843, 121, 115, 184, 130
-0.998431, 153, 157, 216, 172
-0.998432, 121, 125, 184, 140
-0.998434, 1, 89, 32, 104
-0.998434, 225, 89, 256, 104
-0.998438, 105, 175, 136, 190
-0.998441, 145, 135, 208, 150
-0.998442, 269, 199, 300, 214
-0.998445, 145, 111, 208, 126
-0.998449, 265, 205, 296, 220
-0.998454, 49, 123, 112, 138
-0.998456, 189, 157, 220, 172
-0.998459, 141, 129, 172, 384
-0.998462, 193, 157, 256, 172
-0.998466, 117, 49, 132, 176
-0.998466, 177, 91, 240, 106
-0.998469, 25, 295, 88, 310
-0.99847, 129, 1, 144, 128
-0.99847, 169, 111, 232, 126
-0.998471, 241, 199, 304, 214
-0.998473, 17, 95, 80, 110
-0.998473, 57, 103, 120, 118
-0.998473, 169, 163, 232, 178
-0.998477, 209, 45, 272, 60
-0.998478, 113, 303, 176, 318
-0.998478, 37, 129, 68, 144
-0.998479, 169, 49, 232, 64
-0.998479, 145, 303, 176, 318
-0.998481, 65, 119, 96, 134
-0.998483, 289, 75, 319, 90
-0.998485, 89, 113, 152, 128
-0.998485, 257, 41, 319, 56
-0.998486, 113, 167, 176, 182
-0.998487, 51, 65, 66, 192
-0.998488, 169, 143, 232, 158
-0.998489, 97, 139, 160, 154
-0.998493, 121, 129, 152, 384
-0.998494, 1, 69, 64, 84
-0.998495, 1, 119, 64, 134
-0.998496, 205, 159, 236, 174
-0.998496, 121, 91, 184, 106
-0.998496, 25, 65, 88, 80
-0.998497, 161, 121, 224, 136
-0.998499, 33, 101, 96, 116
-0.9985, 217, 291, 280, 306
-0.998501, 233, 83, 296, 98
-0.998501, 129, 153, 192, 168
-0.998502, 81, 305, 144, 368
-0.998503, 233, 43, 296, 58
-0.998503, 41, 111, 104, 126
-0.998504, 241, 193, 304, 208
-0.998504, 1, 81, 16, 208
-0.998505, 41, 129, 104, 144
-0.998505, 201, 163, 264, 178
-0.998506, 249, 77, 312, 92
-0.998507, 145, 95, 208, 110
-0.998507, 129, 297, 192, 312
-0.998508, 57, 167, 120, 182
-0.998508, 129, 105, 192, 120
-0.998509, 81, 171, 144, 186
-0.99851, 241, 205, 304, 220
-0.998513, 153, 151, 216, 166
-0.998514, 177, 151, 208, 166
-0.998515, 281, 193, 296, 320
-0.998515, 85, 125, 116, 140
-0.998515, 137, 307, 200, 322
-0.998516, 81, 127, 144, 142
-0.998518, 233, 89, 296, 104
-0.99852, 209, 111, 272, 126
-0.998521, 81, 103, 144, 118
-0.998522, 257, 273, 319, 288
-0.998522, 137, 53, 200, 68
-0.998522, 1, 133, 64, 148
-0.998524, 73, 95, 136, 110
-0.998526, 137, 85, 200, 100
-0.998526, 225, 95, 288, 110
-0.998527, 201, 91, 264, 106
-0.998527, 89, 189, 152, 204
-0.998529, 25, 129, 56, 384
-0.998529, 249, 293, 312, 308
-0.998529, 129, 291, 192, 306
-0.998531, 185, 119, 248, 134
-0.998531, 257, 91, 319, 106
-0.998533, 1, 297, 64, 312
-0.998535, 73, 191, 104, 206
-0.998535, 241, 263, 304, 278
-0.998536, 201, 101, 264, 116
-0.998537, 45, 33, 60, 160
-0.998537, 193, 173, 256, 188
-0.998537, 137, 7, 200, 22
-0.998538, 1, 113, 64, 128
-0.998539, 119, 97, 134, 224
-0.998539, 257, 99, 319, 114
-0.99854, 177, 151, 240, 166
-0.99854, 241, 219, 304, 234
-0.998541, 1, 29, 64, 44
-0.998541, 245, 77, 276, 92
-0.998542, 121, 137, 184, 152
-0.998542, 161, 171, 224, 186
-0.998545, 89, 145, 152, 160
-0.998546, 209, 79, 272, 94
-0.998547, 1, 39, 64, 54
-0.998548, 169, 1, 232, 16
-0.998548, 97, 151, 160, 166
-0.998549, 269, 213, 300, 228
-0.99855, 25, 69, 56, 84
-0.998551, 161, 129, 224, 144
-0.998551, 193, 305, 319, 336
-0.998552, 257, 65, 319, 80
-0.998553, 129, 159, 192, 174
-0.998554, 169, 177, 232, 192
-0.998556, 169, 137, 232, 152
-0.998556, 105, 57, 168, 72
-0.998558, 41, 93, 104, 108
-0.998558, 25, 223, 88, 238
-0.998559, 185, 85, 248, 100
-0.998559, 233, 163, 296, 178
-0.99856, 257, 85, 319, 100
-0.99856, 97, 157, 160, 172
-0.99856, 97, 93, 160, 108
-0.99856, 201, 203, 264, 218
-0.998561, 233, 211, 296, 226
-0.998562, 193, 181, 256, 196
-0.998563, 25, 123, 88, 138
-0.998563, 241, 185, 304, 200
-0.998564, 209, 191, 272, 206
-0.998566, 249, 153, 312, 168
-0.998566, 249, 71, 312, 86
-0.998567, 65, 143, 128, 158
-0.998569, 137, 201, 200, 216
-0.998569, 57, 173, 120, 188
-0.998571, 25, 35, 88, 50
-0.998575, 257, 113, 319, 128
-0.998575, 17, 267, 80, 282
-0.998575, 113, 187, 176, 202
-0.998575, 137, 167, 200, 182
-0.998577, 217, 299, 280, 314
-0.99858, 209, 117, 272, 132
-0.99858, 65, 189, 128, 204
-0.99858, 113, 309, 176, 324
-0.998582, 41, 217, 104, 232
-0.998583, 89, 183, 152, 198
-0.998583, 73, 89, 136, 104
-0.998586, 65, 183, 128, 198
-0.998586, 25, 29, 88, 44
-0.998586, 41, 87, 104, 102
-0.998586, 113, 1, 176, 16
-0.998589, 41, 301, 104, 316
-0.99859, 1, 87, 64, 102
-0.99859, 169, 225, 200, 480
-0.99859, 289, 225, 319, 480
-0.998591, 257, 251, 319, 266
-0.998599, 189, 121, 220, 136
-0.998607, 289, 197, 319, 212
-0.998608, 193, 321, 319, 352
-0.998611, 139, 113, 154, 240
-0.998622, 1, 249, 128, 280
-0.998622, 117, 117, 148, 132
-0.99863, 161, 123, 192, 138
-0.998632, 205, 103, 236, 118
-0.998634, 121, 225, 152, 480
-0.998635, 193, 85, 224, 100
-0.998639, 201, 81, 216, 208
-0.998641, 23, 49, 38, 176
-0.998641, 97, 117, 128, 132
-0.998653, 193, 29, 319, 60
-0.998654, 193, 345, 319, 376
-0.998657, 271, 193, 286, 320
-0.998665, 277, 145, 292, 272
-0.998673, 159, 257, 174, 384
-0.99868, 25, 225, 56, 480
-0.998681, 177, 103, 208, 118
-0.998688, 1, 25, 319, 88
-0.99869, 183, 81, 198, 208
-0.99869, 135, 1, 150, 128
-0.998692, 213, 113, 244, 128
-0.998698, 127, 97, 142, 224
-0.9987, 1, 341, 128, 372
-0.998707, 155, 145, 170, 272
-0.998708, 41, 107, 72, 122
-0.998711, 149, 125, 180, 140
-0.998713, 145, 115, 176, 130
-0.998714, 253, 209, 284, 224
-0.998717, 193, 233, 319, 264
-0.998723, 129, 309, 160, 324
-0.998733, 165, 131, 196, 146
-0.998736, 21, 93, 52, 108
-0.998737, 7, 65, 22, 192
-0.998742, 61, 101, 92, 116
-0.998756, 161, 307, 192, 322
-0.998763, 167, 129, 182, 256
-0.998766, 193, 81, 208, 208
-0.99877, 25, 107, 56, 122
-0.998773, 133, 113, 148, 240
-0.998785, 273, 81, 304, 96
-0.998786, 153, 97, 184, 112
-0.998792, 151, 257, 166, 384
-0.998795, 271, 33, 286, 160
-0.998807, 145, 145, 160, 272
-0.998808, 163, 49, 178, 176
-0.998811, 133, 303, 164, 318
-0.998827, 255, 145, 270, 272
-0.998827, 1, 321, 128, 352
-0.99884, 193, 97, 224, 112
-0.998842, 97, 61, 224, 92
-0.998849, 13, 225, 28, 352
-0.998851, 161, 155, 192, 170
-0.998851, 193, 163, 224, 178
-0.998856, 283, 17, 298, 144
-0.998865, 49, 65, 80, 80
-0.998872, 177, 49, 192, 176
-0.998881, 179, 209, 194, 336
-0.998882, 1, 225, 32, 480
-0.998883, 115, 1, 130, 128
-0.998888, 169, 81, 184, 208
-0.998892, 117, 187, 148, 202
-0.998893, 257, 215, 288, 230
-0.998897, 39, 1, 54, 128
-0.998906, 171, 273, 186, 400
-0.998909, 233, 273, 248, 400
-0.998912, 113, 97, 128, 224
-0.998925, 209, 81, 224, 208
-0.998925, 57, 107, 88, 122
-0.998933, 173, 91, 204, 106
-0.998937, 1, 353, 128, 384
-0.998945, 193, 225, 224, 480
-0.998949, 249, 33, 264, 160
-0.998951, 9, 107, 40, 122
-0.998962, 157, 105, 188, 120
-0.998966, 67, 65, 82, 192
-0.998969, 201, 175, 232, 190
-0.998976, 271, 145, 286, 272
-0.99898, 209, 161, 224, 288
-0.998987, 287, 193, 302, 320
-0.998992, 187, 33, 202, 160
-0.998997, 265, 193, 280, 320
-0.998998, 241, 273, 256, 400
-0.999003, 1, 33, 16, 160
-0.999005, 51, 17, 66, 144
-0.999009, 305, 17, 319, 144
-0.99901, 165, 273, 180, 400
-0.999017, 281, 81, 296, 208
-0.99903, 251, 193, 266, 320
-0.999037, 209, 89, 240, 104
-0.999043, 1, 329, 319, 392
-0.999045, 145, 257, 160, 384
-0.999053, 61, 1, 76, 128
-0.999071, 261, 145, 276, 272
-0.999071, 293, 225, 308, 352
-0.999073, 169, 33, 184, 160
-0.999082, 227, 273, 242, 400
-0.999084, 253, 81, 268, 208
-0.999084, 243, 81, 258, 208
-0.999089, 47, 209, 62, 336
-0.999092, 149, 309, 180, 324
-0.999095, 197, 33, 212, 160
-0.999104, 163, 1, 178, 128
-0.999104, 145, 313, 272, 376
-0.999112, 177, 97, 192, 224
-0.999116, 57, 97, 72, 224
-0.999118, 53, 257, 68, 384
-0.999123, 153, 305, 168, 432
-0.999129, 137, 257, 152, 384
-0.999135, 203, 129, 218, 256
-0.999138, 37, 295, 68, 310
-0.999141, 181, 225, 212, 480
-0.999141, 51, 113, 66, 240
-0.999142, 277, 33, 292, 160
-0.999149, 193, 107, 224, 122
-0.999159, 297, 17, 312, 144
-0.999165, 1, 97, 32, 112
-0.999168, 17, 81, 32, 208
-0.99917, 45, 81, 60, 208
-0.999173, 223, 33, 238, 160
-0.999192, 99, 97, 114, 224
-0.999197, 209, 33, 224, 160
-0.999197, 215, 81, 230, 208
-0.999203, 179, 257, 194, 384
-0.999208, 41, 209, 56, 336
-0.999214, 275, 97, 290, 224
-0.999216, 133, 115, 164, 130
-0.999218, 1, 45, 128, 76
-0.999223, 51, 161, 66, 288
-0.999226, 161, 145, 176, 272
-0.999227, 33, 209, 48, 336
-0.999231, 1, 209, 319, 272
-0.999234, 247, 273, 262, 400
-0.999241, 305, 113, 319, 240
-0.999246, 43, 257, 58, 384
-0.999256, 21, 177, 36, 304
-0.999256, 13, 33, 28, 160
-0.999257, 257, 209, 272, 336
-0.999266, 41, 95, 72, 110
-0.999273, 145, 305, 160, 432
-0.999282, 237, 291, 268, 306
-0.999285, 243, 33, 258, 160
-0.999285, 231, 161, 246, 288
-0.999285, 29, 81, 44, 208
-0.99929, 133, 107, 164, 122
-0.999295, 59, 257, 74, 384
-0.999303, 225, 209, 240, 336
-0.999309, 231, 209, 246, 336
-0.999316, 111, 49, 126, 176
-0.999318, 293, 177, 308, 304
-0.999329, 35, 97, 50, 224
-0.999332, 79, 113, 94, 240
-0.999339, 85, 119, 116, 134
-0.99934, 13, 177, 28, 304
-0.99934, 177, 333, 304, 364
-0.999341, 113, 33, 240, 64
-0.999347, 25, 123, 56, 138
-0.999348, 23, 225, 38, 352
-0.999359, 249, 361, 312, 424
-0.99936, 37, 101, 68, 116
-0.999363, 129, 229, 256, 260
-0.999376, 85, 97, 100, 224
-0.999377, 159, 305, 174, 432
-0.99938, 71, 17, 86, 144
-0.999386, 259, 33, 274, 160
-0.999387, 215, 129, 230, 256
-0.999391, 265, 33, 280, 160
-0.999392, 173, 209, 188, 336
-0.999393, 291, 17, 306, 144
-0.999393, 237, 33, 252, 160
-0.999394, 209, 209, 224, 336
-0.999399, 105, 97, 120, 224
-0.9994, 217, 209, 232, 336
-0.999401, 39, 161, 54, 288
-0.99944, 9, 125, 40, 140
-0.999466, 125, 99, 156, 114
-0.999468, 141, 97, 172, 112
-0.99948, 129, 321, 192, 384
-0.999483, 1, 237, 128, 268
-0.999582, 177, 157, 208, 172
-0.999614, 129, 313, 256, 344
-0.999622, 169, 97, 200, 112
-0.999639, 247, 203, 262, 218
-0.999641, 167, 103, 182, 118
-0.999642, 171, 297, 186, 312
-0.999642, 189, 113, 204, 128
-0.999643, 81, 117, 96, 132
-0.999644, 265, 77, 280, 92
-0.999645, 125, 117, 140, 132
-0.999645, 193, 153, 208, 168
-0.999645, 265, 89, 280, 104
-0.999646, 261, 291, 276, 306
-0.999649, 271, 91, 286, 106
-0.999649, 141, 299, 156, 314
-0.999649, 301, 139, 316, 154
-0.999649, 205, 119, 220, 134
-0.999649, 213, 167, 228, 182
-0.99965, 233, 83, 248, 98
-0.99965, 69, 99, 84, 114
-0.99965, 189, 135, 204, 150
-0.999651, 31, 107, 46, 122
-0.999653, 201, 107, 216, 122
-0.999653, 151, 299, 166, 314
-0.999653, 249, 91, 264, 106
-0.999654, 151, 311, 166, 326
-0.999654, 255, 293, 270, 308
-0.999655, 145, 145, 160, 160
-0.999658, 135, 305, 150, 320
-0.999658, 75, 189, 90, 204
-0.999658, 31, 95, 46, 110
-0.999659, 53, 295, 68, 310
-0.999659, 301, 155, 316, 170
-0.99966, 113, 105, 144, 120
-0.99966, 117, 189, 132, 204
-0.99966, 163, 135, 178, 150
-0.999661, 51, 107, 66, 122
-0.999662, 87, 127, 102, 142
-0.999662, 283, 81, 298, 96
-0.999664, 199, 155, 214, 170
-0.999664, 199, 97, 214, 112
-0.999664, 149, 97, 164, 112
-0.999665, 127, 105, 142, 120
-0.999666, 71, 297, 86, 312
-0.999667, 207, 183, 222, 198
-0.999668, 39, 293, 54, 308
-0.999668, 35, 123, 50, 138
-0.999668, 187, 157, 202, 172
-0.999668, 93, 223, 108, 238
-0.999668, 79, 111, 94, 126
-0.999669, 81, 123, 96, 138
-0.999669, 161, 125, 176, 140
-0.999669, 203, 49, 218, 64
-0.999669, 169, 303, 184, 318
-0.99967, 211, 97, 226, 112
-0.99967, 41, 101, 56, 116
-0.999671, 63, 295, 78, 310
-0.999672, 5, 119, 20, 134
-0.999673, 75, 97, 90, 112
-0.999673, 39, 107, 54, 122
-0.999673, 159, 301, 174, 316
-0.999674, 53, 101, 68, 116
-0.999674, 65, 105, 80, 120
-0.999675, 51, 113, 66, 128
-0.999675, 19, 105, 34, 120
-0.999676, 211, 111, 226, 126
-0.999678, 99, 119, 114, 134
-0.999679, 265, 83, 280, 98
-0.999679, 129, 187, 144, 202
-0.999679, 45, 107, 60, 122
-0.999679, 193, 89, 208, 104
-0.99968, 7, 111, 22, 126
-0.999681, 65, 349, 192, 380
-0.999681, 143, 305, 158, 320
-0.999681, 27, 125, 42, 140
-0.999682, 165, 97, 180, 112
-0.999682, 231, 291, 246, 306
-0.999684, 209, 103, 224, 118
-0.999684, 173, 121, 188, 136
-0.999686, 271, 81, 286, 96
-0.999687, 207, 167, 222, 182
-0.999687, 243, 83, 258, 98
-0.99969, 249, 81, 264, 96
-0.99969, 199, 121, 214, 136
-0.999692, 259, 81, 274, 96
-0.999692, 207, 175, 222, 190
-0.999693, 171, 97, 186, 112
-0.999695, 59, 107, 74, 122
-0.999696, 87, 191, 102, 206
-0.999696, 9, 97, 24, 112
-0.999696, 269, 211, 284, 226
-0.999697, 109, 107, 124, 122
-0.999698, 147, 115, 162, 130
-0.999699, 131, 115, 146, 130
-0.999699, 217, 113, 232, 128
-0.999701, 293, 139, 308, 154
-0.999702, 213, 91, 228, 106
-0.999705, 185, 123, 200, 138
-0.999706, 21, 125, 36, 140
-0.999706, 93, 125, 108, 140
-0.999706, 111, 169, 126, 184
-0.999707, 133, 105, 148, 120
-0.999707, 153, 115, 168, 130
-0.999711, 245, 291, 260, 306
-0.999713, 115, 103, 130, 118
-0.999714, 149, 305, 164, 320
-0.999715, 61, 65, 76, 80
-0.999717, 41, 95, 56, 110
-0.999717, 141, 99, 156, 114
-0.999719, 123, 187, 138, 202
-0.99972, 13, 105, 28, 120
-0.99972, 183, 91, 198, 106
-0.99972, 41, 123, 56, 138
-0.999721, 175, 155, 190, 170
-0.999722, 15, 99, 30, 114
-0.999725, 5, 103, 20, 118
-0.999726, 181, 155, 196, 170
-0.999726, 141, 105, 156, 120
-0.999727, 47, 297, 62, 312
-0.999727, 155, 97, 170, 112
-0.999728, 193, 159, 208, 174
-0.999729, 13, 125, 28, 140
-0.99973, 137, 115, 152, 130
-0.999731, 31, 101, 46, 116
-0.999735, 237, 295, 252, 310
-0.999735, 1, 109, 16, 124
-0.999737, 173, 91, 188, 106
-0.999737, 147, 107, 162, 122
-0.999739, 129, 99, 144, 114
-0.999741, 135, 99, 150, 114
-0.999745, 203, 161, 218, 176
-0.999745, 121, 101, 136, 116
-0.999748, 159, 307, 174, 322
-0.999754, 89, 119, 104, 134
-0.999767, 21, 99, 36, 114
-0.999792, 113, 349, 240, 380
-0.999803, 21, 99, 52, 114
-0.999848, 193, 357, 319, 388
-0.999862, 145, 241, 272, 272
-0.99989, 49, 337, 176, 368
-0.999929, 289, 141, 319, 156
-1.00001, 49, 249, 176, 280
-1.00008, 49, 321, 176, 384
-1.00011, 1, 365, 128, 396
-1.00035, 113, 369, 240, 400
-1.00039, 1, 353, 319, 416
-1.00047, 129, 337, 256, 368
-1.0006, 65, 317, 192, 348
-1.00063, 97, 241, 224, 272
-1.0007, 129, 21, 256, 52
-1.00074, 1, 397, 128, 428
-1.00079, 49, 369, 176, 400
-1.00081, 161, 413, 288, 444
-1.00081, 177, 449, 304, 480
-1.00085, 193, 377, 319, 408
-1.00085, 1, 385, 128, 416
-1.0009, 177, 17, 304, 48
-1.00091, 193, 393, 319, 424
-1.00092, 1, 385, 64, 448
-1.00092, 105, 369, 168, 432
-1.00097, 49, 413, 176, 444
-1.00099, 97, 321, 224, 384
-1.00102, 193, 437, 319, 468
-1.00106, 1, 409, 128, 440
-1.00109, 97, 417, 224, 448
-1.00109, 249, 417, 312, 480
-1.00116, 1, 369, 256, 432
-1.00122, 49, 237, 176, 268
-1.00128, 129, 445, 256, 476
-1.00128, 97, 405, 224, 436
-1.00134, 1, 425, 128, 456
-1.00134, 49, 425, 176, 456
-1.00135, 129, 429, 256, 460
-1.00135, 81, 445, 208, 476
-1.00137, 193, 425, 319, 456
-1.00138, 145, 381, 272, 412
-1.00141, 97, 393, 224, 424
-1.00176, 1, 409, 256, 472
-1.00185, 193, 417, 319, 480
-1.00263, 193, 369, 319, 432
-1.00313, 65, 369, 192, 432
-1.00316, 113, 369, 240, 432
-1.00348, 1, 401, 128, 464
-1.00371, 1, 377, 319, 440
-1.00415, 145, 401, 272, 464
-1.00421, 65, 409, 192, 472
-1.00424, 1, 409, 319, 472
-1.00431, 193, 393, 319, 456
