1554
-0.417025, 1, 1, 500, 195
-0.669374, 161, 1, 416, 195
-0.689916, 33, 1, 288, 195
-0.74582, 257, 1, 500, 195
-0.834786, 1, 1, 128, 195
-0.852955, 1, 49, 500, 176
-0.86989, 177, 1, 304, 195
-0.878009, 49, 1, 176, 195
-0.908095, 225, 1, 352, 195
-0.908149, 1, 1, 500, 128
-0.911016, 369, 1, 496, 195
-0.914696, 129, 1, 256, 195
-0.916411, 305, 1, 432, 195
-0.916646, 33, 33, 288, 160
-0.927118, 257, 49, 500, 176
-0.929721, 1, 17, 128, 144
-0.932052, 49, 49, 176, 176
-0.933588, 369, 65, 496, 192
-0.93691, 305, 49, 432, 176
-0.937457, 193, 1, 448, 128
-0.93999, 25, 1, 88, 128
-0.940647, 25, 49, 88, 176
-0.940829, 177, 1, 304, 128
-0.941913, 433, 49, 496, 176
-0.943692, 57, 49, 120, 176
-0.944047, 393, 65, 456, 192
-0.945585, 385, 89, 448, 152
-0.94768, 81, 33, 144, 160
-0.947708, 225, 1, 288, 128
-0.949248, 1, 65, 128, 192
-0.949849, 161, 49, 416, 176
-0.950829, 337, 49, 400, 176
-0.95146, 1, 49, 64, 176
-0.952368, 105, 33, 168, 160
-0.953691, 57, 105, 120, 168
-0.953787, 97, 49, 224, 176
-0.954622, 433, 113, 496, 176
-0.955135, 17, 65, 80, 128
-0.955329, 361, 49, 424, 176
-0.95738, 369, 17, 496, 144
-0.958738, 257, 49, 384, 176
-0.959426, 377, 113, 440, 176
-0.959561, 9, 33, 72, 96
-0.960326, 225, 1, 352, 128
-0.96072, 409, 89, 472, 152
-0.960948, 225, 41, 288, 104
-0.961044, 9, 89, 72, 152
-0.961199, 25, 1, 88, 64
-0.961933, 49, 1, 176, 128
-0.962547, 49, 1, 112, 128
-0.962647, 41, 41, 104, 104
-0.963068, 65, 41, 128, 104
-0.963466, 337, 57, 400, 120
-0.96387, 201, 33, 264, 160
-0.963974, 1, 41, 128, 104
-0.964261, 113, 41, 176, 104
-0.96457, 409, 113, 472, 176
-0.964601, 105, 113, 168, 176
-0.964981, 369, 89, 496, 152
-0.96555, 397, 65, 428, 192
-0.966317, 129, 33, 192, 160
-0.966735, 1, 1, 64, 128
-0.966801, 49, 105, 176, 168
-0.967062, 89, 41, 152, 104
-0.967198, 129, 1, 256, 128
-0.967264, 281, 49, 344, 176
-0.967534, 169, 33, 232, 160
-0.967858, 425, 65, 488, 128
-0.968109, 257, 49, 320, 176
-0.968119, 305, 49, 368, 176
-0.9684, 361, 73, 424, 136
-0.968463, 161, 49, 288, 176
-0.969025, 41, 73, 104, 136
-0.96948, 25, 1, 88, 195
-0.970108, 425, 65, 456, 192
-0.970815, 289, 65, 416, 128
-0.97103, 413, 65, 444, 192
-0.971123, 177, 41, 304, 104
-0.97119, 393, 89, 424, 152
-0.971232, 193, 57, 256, 120
-0.971236, 393, 65, 456, 128
-0.971679, 1, 9, 64, 72
-0.971734, 225, 17, 288, 80
-0.97174, 209, 49, 336, 176
-0.971915, 353, 97, 416, 160
-0.972236, 81, 33, 112, 160
-0.972435, 385, 17, 448, 144
-0.973376, 257, 1, 320, 128
-0.973602, 369, 49, 400, 176
-0.973705, 117, 33, 148, 160
-0.973729, 17, 33, 48, 160
-0.973772, 45, 49, 76, 176
-0.973954, 65, 49, 96, 176
-0.973982, 73, 65, 136, 128
-0.974397, 225, 49, 288, 176
-0.974415, 445, 33, 476, 160
-0.974793, 413, 89, 444, 152
-0.974828, 461, 65, 492, 192
-0.974883, 81, 105, 144, 168
-0.975106, 97, 1, 160, 195
-0.975332, 369, 65, 496, 128
-0.975374, 369, 121, 496, 184
-0.975444, 225, 1, 288, 195
-0.975612, 257, 57, 320, 120
-0.97577, 49, 1, 112, 195
-0.975781, 313, 57, 376, 120
-0.976136, 105, 49, 136, 176
-0.976409, 129, 49, 160, 176
-0.97647, 93, 33, 124, 160
-0.976649, 49, 49, 176, 112
-0.976711, 137, 57, 200, 120
-0.976739, 1, 73, 128, 136
-0.976931, 49, 1, 112, 64
-0.977303, 321, 1, 448, 128
-0.977388, 1, 17, 128, 80
-0.977404, 49, 57, 80, 120
-0.977428, 281, 57, 344, 120
-0.977485, 433, 89, 496, 152
-0.978142, 29, 1, 60, 128
-0.978215, 161, 49, 224, 112
-0.97844, 257, 33, 320, 96
-0.978498, 417, 113, 448, 176
-0.978729, 113, 41, 144, 104
-0.978759, 137, 129, 200, 192
-0.978795, 433, 1, 496, 195
-0.978826, 1, 1, 64, 195
-0.978899, 33, 97, 96, 160
-0.97913, 73, 1, 136, 195
-0.979195, 409, 17, 472, 144
-0.979264, 65, 97, 96, 160
-0.979334, 49, 1, 80, 128
-0.979487, 457, 113, 488, 176
-0.97962, 61, 41, 92, 104
-0.979681, 201, 33, 264, 96
-0.980015, 429, 121, 460, 184
-0.980021, 425, 41, 488, 104
-0.980143, 321, 105, 448, 168
-0.980239, 113, 65, 176, 128
-0.980301, 425, 81, 456, 144
-0.980394, 57, 129, 120, 192
-0.980458, 29, 25, 60, 88
-0.980488, 377, 65, 408, 128
-0.980505, 209, 17, 336, 80
-0.980572, 201, 1, 264, 64
-0.980935, 445, 49, 476, 112
-0.98098, 29, 1, 60, 64
-0.980991, 273, 1, 400, 128
-0.981074, 397, 113, 428, 176
-0.981238, 1, 97, 128, 160
-0.981254, 161, 1, 288, 64
-0.981369, 97, 105, 128, 168
-0.981409, 73, 41, 104, 104
-0.981562, 9, 49, 40, 112
-0.981648, 121, 113, 152, 176
-0.9817, 389, 65, 420, 128
-0.981898, 361, 1, 424, 128
-0.982079, 125, 41, 156, 104
-0.982094, 377, 105, 440, 136
-0.982331, 53, 1, 84, 64
-0.982354, 33, 49, 64, 176
-0.982383, 469, 105, 500, 168
-0.982415, 457, 49, 488, 112
-0.982614, 401, 65, 432, 128
-0.982701, 201, 1, 264, 195
-0.982781, 365, 57, 396, 120
-0.982814, 33, 57, 64, 120
-0.982838, 101, 49, 132, 112
-0.982895, 133, 121, 164, 184
-0.982912, 441, 113, 472, 176
-0.982989, 85, 113, 116, 176
-0.98303, 369, 41, 496, 104
-0.983036, 49, 33, 80, 96
-0.98306, 381, 97, 412, 160
-0.983082, 5, 65, 36, 192
-0.983355, 85, 41, 116, 104
-0.983378, 57, 121, 88, 184
-0.983548, 437, 73, 468, 136
-0.983552, 393, 117, 456, 148
-0.983595, 361, 49, 424, 112
-0.983658, 121, 1, 184, 195
-0.983834, 465, 81, 496, 144
-0.984007, 401, 1, 464, 195
-0.984074, 81, 129, 144, 192
-0.984155, 281, 1, 344, 128
-0.984157, 129, 41, 256, 104
-0.984198, 433, 125, 496, 156
-0.984309, 385, 93, 448, 124
-0.984333, 245, 1, 276, 64
-0.984335, 221, 1, 252, 128
-0.984354, 25, 121, 88, 184
-0.984372, 385, 49, 416, 176
-0.984381, 21, 89, 52, 152
-0.984474, 225, 41, 352, 104
-0.984679, 141, 33, 172, 160
-0.984721, 9, 97, 40, 160
-0.984772, 213, 57, 244, 120
-0.984916, 81, 1, 144, 64
-0.984941, 21, 65, 52, 128
-0.984957, 221, 49, 252, 176
-0.984984, 369, 1, 432, 195
-0.985015, 109, 113, 140, 176
-0.985085, 449, 89, 480, 152
-0.985125, 341, 57, 372, 120
-0.985256, 137, 41, 168, 104
-0.985349, 17, 45, 80, 76
-0.98537, 433, 1, 496, 128
-0.985381, 269, 57, 300, 120
-0.985433, 37, 81, 68, 144
-0.985436, 49, 129, 176, 192
-0.985438, 257, 9, 320, 72
-0.985465, 201, 57, 232, 120
-0.98548, 161, 57, 192, 120
-0.985535, 49, 25, 176, 88
-0.985631, 225, 57, 256, 120
-0.985651, 329, 57, 360, 120
-0.985666, 285, 57, 316, 120
-0.985727, 257, 1, 320, 195
-0.985747, 77, 65, 108, 128
-0.985815, 413, 65, 444, 128
-0.985921, 245, 25, 276, 88
-0.985922, 157, 33, 188, 160
-0.985937, 353, 57, 384, 120
-0.985946, 145, 129, 176, 192
-0.986041, 173, 57, 204, 120
-0.986094, 69, 129, 100, 192
-0.986109, 137, 33, 200, 96
-0.986134, 469, 57, 500, 120
-0.986224, 297, 49, 328, 176
-0.986238, 177, 33, 208, 160
-0.986262, 329, 49, 360, 176
-0.986281, 297, 57, 328, 120
-0.986301, 281, 49, 312, 176
-0.986315, 197, 33, 228, 160
-0.986317, 317, 57, 348, 120
-0.986361, 313, 1, 376, 128
-0.986403, 425, 113, 488, 144
-0.986413, 149, 57, 180, 120
-0.986416, 269, 49, 300, 176
-0.986422, 309, 49, 340, 176
-0.986436, 209, 33, 240, 160
-0.986523, 225, 33, 256, 96
-0.98653, 153, 1, 216, 195
-0.986633, 17, 25, 48, 88
-0.986636, 241, 65, 368, 128
-0.986659, 357, 49, 388, 176
-0.986671, 269, 33, 300, 96
-0.986674, 237, 49, 268, 112
-0.986729, 337, 1, 400, 195
-0.986748, 121, 65, 152, 128
-0.986788, 65, 73, 96, 136
-0.986814, 185, 57, 216, 120
-0.986863, 225, 65, 288, 128
-0.986901, 385, 41, 448, 104
-0.986928, 129, 129, 256, 192
-0.986972, 401, 105, 464, 136
-0.987014, 97, 65, 224, 128
-0.987056, 341, 49, 372, 176
-0.987149, 245, 1, 276, 128
-0.987162, 53, 81, 84, 144
-0.987176, 177, 1, 240, 195
-0.987244, 45, 121, 76, 184
-0.987298, 337, 65, 400, 96
-0.987362, 425, 137, 488, 168
-0.987485, 469, 129, 500, 192
-0.987513, 133, 65, 164, 128
-0.98757, 57, 45, 120, 76
-0.987674, 225, 57, 288, 88
-0.987864, 101, 25, 132, 88
-0.987895, 105, 1, 136, 128
-0.987897, 337, 1, 400, 128
-0.988113, 77, 89, 108, 152
-0.988248, 233, 1, 264, 128
-0.988267, 225, 1, 256, 64
-0.988372, 257, 41, 288, 104
-0.988381, 17, 33, 80, 64
-0.988461, 57, 109, 120, 140
-0.988506, 417, 93, 480, 124
-0.988518, 393, 81, 456, 112
-0.988725, 89, 53, 152, 84
-0.988745, 113, 49, 176, 80
-0.988745, 369, 117, 432, 148
-0.988756, 149, 33, 180, 96
-0.988976, 425, 57, 456, 120
-0.988978, 1, 57, 500, 120
-0.988992, 169, 25, 232, 88
-0.989028, 469, 25, 500, 88
-0.98905, 225, 45, 288, 76
-0.989109, 41, 33, 104, 64
-0.98915, 1, 113, 64, 176
-0.989217, 49, 1, 176, 64
-0.989228, 9, 109, 72, 140
-0.989263, 1, 57, 64, 88
-0.989282, 469, 17, 500, 144
-0.989307, 425, 73, 488, 104
-0.989311, 9, 73, 40, 136
-0.989331, 41, 9, 72, 72
-0.98939, 393, 129, 456, 160
-0.98954, 89, 65, 120, 128
-0.989607, 313, 1, 376, 195
-0.989625, 33, 57, 96, 88
-0.989636, 289, 1, 352, 195
-0.989648, 97, 161, 160, 192
-0.989672, 433, 53, 496, 84
-0.989696, 385, 41, 416, 104
-0.989701, 101, 1, 132, 64
-0.989712, 1, 13, 64, 44
-0.989752, 369, 81, 432, 112
-0.989759, 33, 97, 96, 128
-0.989812, 205, 33, 236, 96
-0.989885, 457, 17, 488, 144
-0.990035, 33, 73, 96, 104
-0.990062, 321, 41, 448, 104
-0.990128, 181, 33, 212, 96
-0.990272, 453, 25, 484, 88
-0.990324, 161, 33, 192, 96
-0.990371, 265, 1, 296, 64
-0.990373, 161, 65, 288, 128
-0.990375, 57, 141, 120, 172
-0.990396, 193, 65, 256, 96
-0.990405, 25, 9, 88, 40
-0.990408, 97, 129, 128, 192
-0.990426, 89, 17, 120, 80
-0.990438, 33, 105, 64, 168
-0.99053, 69, 1, 100, 128
-0.990595, 225, 33, 288, 64
-0.990595, 257, 17, 384, 80
-0.9906, 5, 1, 36, 64
-0.990618, 257, 1, 288, 128
-0.990654, 105, 89, 168, 152
-0.99073, 201, 53, 264, 84
-0.990835, 429, 33, 460, 96
-0.99084, 129, 1, 160, 128
-0.990911, 353, 105, 416, 136
-0.990987, 81, 113, 144, 144
-0.990995, 193, 57, 448, 120
-0.991021, 109, 89, 140, 152
-0.991031, 409, 113, 440, 144
-0.991037, 81, 41, 144, 72
-0.991063, 469, 1, 500, 64
-0.991073, 397, 109, 428, 140
-0.991117, 9, 69, 72, 100
-0.991186, 233, 5, 296, 36
-0.991192, 9, 97, 72, 128
-0.991206, 389, 97, 420, 128
-0.991209, 121, 61, 184, 92
-0.991229, 405, 73, 420, 136
-0.991267, 417, 125, 448, 156
-0.991272, 413, 101, 444, 132
-0.991304, 385, 121, 416, 184
-0.991333, 313, 65, 376, 96
-0.99134, 65, 17, 96, 80
-0.991361, 401, 93, 432, 124
-0.991377, 361, 93, 424, 124
-0.991443, 133, 97, 164, 160
-0.991455, 425, 113, 456, 144
-0.991458, 1, 85, 64, 116
-0.991459, 369, 89, 400, 152
-0.991462, 233, 21, 296, 52
-0.991487, 1, 49, 256, 112
-0.991499, 365, 33, 396, 96
-0.991645, 105, 125, 168, 156
-0.99166, 49, 73, 176, 136
-0.991687, 257, 65, 320, 96
-0.991696, 1, 129, 128, 192
-0.991724, 49, 121, 112, 152
-0.991757, 161, 57, 224, 88
-0.991781, 349, 33, 380, 96
-0.9918, 257, 65, 288, 128
-0.991801, 121, 17, 152, 80
-0.991826, 1, 121, 32, 184
-0.991907, 337, 33, 400, 96
-0.99193, 113, 49, 144, 80
-0.991968, 73, 157, 136, 188
-0.992024, 129, 153, 192, 184
-0.992031, 281, 65, 344, 96
-0.992037, 193, 33, 224, 96
-0.992089, 413, 89, 444, 120
-0.992128, 465, 121, 496, 152
-0.992136, 157, 121, 188, 184
-0.992151, 69, 105, 100, 136
-0.992151, 1, 53, 128, 84
-0.992162, 413, 17, 444, 144
-0.992217, 385, 113, 416, 144
-0.992225, 33, 1, 288, 64
-0.992302, 401, 81, 432, 112
-0.992358, 437, 121, 468, 152
-0.992421, 73, 65, 136, 96
-0.992424, 77, 17, 108, 80
-0.992435, 17, 53, 48, 84
-0.992454, 369, 97, 496, 128
-0.992492, 305, 33, 336, 96
-0.992494, 97, 41, 352, 104
-0.992496, 121, 89, 152, 152
-0.992511, 37, 53, 68, 84
-0.992517, 121, 61, 152, 92
-0.992557, 433, 17, 496, 80
-0.992561, 69, 45, 100, 76
-0.992573, 133, 17, 164, 80
-0.992594, 29, 21, 60, 52
-0.992597, 233, 49, 264, 176
-0.992617, 453, 49, 484, 80
-0.992621, 101, 53, 132, 84
-0.992622, 125, 49, 156, 80
-0.992627, 325, 33, 356, 96
-0.992648, 113, 17, 176, 80
-0.992676, 337, 33, 368, 96
-0.992686, 25, 21, 88, 52
-0.992691, 293, 33, 324, 96
-0.992737, 449, 125, 480, 156
-0.992739, 49, 41, 80, 72
-0.992755, 395, 73, 410, 136
-0.992764, 257, 49, 320, 80
-0.992799, 425, 101, 456, 132
-0.992808, 397, 125, 428, 156
-0.992835, 109, 157, 140, 188
-0.992845, 29, 33, 60, 64
-0.992866, 425, 89, 456, 120
-0.992886, 445, 69, 476, 100
-0.992889, 137, 49, 200, 80
-0.992893, 429, 17, 460, 144
-0.992909, 123, 41, 138, 104
-0.992958, 97, 113, 128, 144
-0.992964, 369, 65, 400, 96
-0.992985, 353, 109, 480, 140
-0.992998, 57, 129, 88, 160
-0.993013, 297, 33, 360, 96
-0.993024, 49, 69, 80, 100
-0.99305, 281, 33, 312, 96
-0.99307, 361, 69, 424, 100
-0.993083, 33, 1, 64, 32
-0.993092, 53, 57, 84, 88
-0.993095, 97, 149, 160, 180
-0.993101, 457, 69, 488, 100
-0.993151, 385, 65, 448, 96
-0.99317, 49, 1, 112, 32
-0.993188, 213, 65, 244, 96
-0.993192, 33, 109, 96, 140
-0.993216, 89, 49, 120, 80
-0.993221, 437, 133, 468, 164
-0.993225, 1, 25, 32, 88
-0.993236, 389, 77, 420, 108
-0.99324, 129, 125, 160, 156
-0.993257, 469, 109, 500, 140
-0.993282, 413, 105, 428, 168
-0.993286, 49, 153, 112, 184
-0.993308, 411, 81, 426, 144
-0.993327, 57, 117, 88, 148
-0.993358, 245, 13, 276, 44
-0.99336, 401, 141, 464, 172
-0.99337, 453, 113, 484, 144
-0.99338, 245, 1, 276, 32
-0.993394, 461, 133, 492, 164
-0.993401, 201, 65, 232, 96
-0.993417, 405, 97, 420, 160
-0.993436, 469, 65, 500, 96
-0.993445, 221, 49, 252, 80
-0.993448, 125, 165, 156, 195
-0.993451, 5, 113, 36, 144
-0.993463, 145, 153, 176, 184
-0.99347, 33, 65, 64, 96
-0.993476, 145, 69, 208, 100
-0.993485, 333, 65, 364, 96
-0.9935, 133, 61, 164, 92
-0.993505, 441, 81, 472, 112
-0.993519, 21, 73, 52, 104
-0.99352, 433, 9, 464, 72
-0.993528, 13, 101, 44, 132
-0.993557, 353, 121, 416, 184
-0.993574, 469, 81, 500, 112
-0.993578, 285, 65, 316, 96
-0.993579, 13, 89, 44, 120
-0.993594, 345, 65, 376, 96
-0.993611, 465, 97, 496, 128
-0.993617, 321, 65, 352, 96
-0.993632, 269, 65, 300, 96
-0.993636, 413, 77, 444, 108
-0.993643, 441, 109, 472, 140
-0.993662, 29, 89, 60, 120
-0.993673, 49, 29, 80, 60
-0.993675, 465, 53, 496, 84
-0.993681, 357, 65, 388, 96
-0.993685, 23, 49, 38, 112
-0.993706, 117, 117, 148, 148
-0.993712, 269, 53, 300, 84
-0.993718, 137, 49, 168, 80
-0.993728, 297, 65, 328, 96
-0.993765, 225, 65, 256, 96
-0.99378, 5, 57, 36, 88
-0.993802, 65, 157, 96, 188
-0.993804, 185, 65, 216, 96
-0.993804, 241, 57, 272, 88
-0.993806, 245, 25, 276, 56
-0.993814, 81, 65, 112, 96
-0.993814, 109, 65, 140, 96
-0.993816, 309, 65, 340, 96
-0.99383, 161, 65, 192, 96
-0.993835, 173, 65, 204, 96
-0.993849, 289, 65, 416, 96
-0.993859, 391, 97, 406, 160
-0.993866, 419, 89, 434, 152
-0.993868, 53, 5, 84, 36
-0.993869, 1, 1, 64, 32
-0.993885, 437, 93, 468, 124
-0.993901, 149, 65, 180, 96
-0.993945, 45, 97, 76, 128
-0.993952, 201, 41, 264, 72
-0.993954, 53, 141, 84, 172
-0.993959, 425, 77, 456, 108
-0.99396, 17, 41, 48, 72
-0.99396, 101, 41, 132, 72
-0.993967, 65, 141, 96, 172
-0.993981, 149, 53, 180, 84
-0.993987, 97, 65, 160, 96
-0.993992, 1, 73, 32, 104
-0.993995, 389, 65, 404, 128
-0.993997, 425, 137, 456, 168
-0.994002, 465, 145, 496, 176
-0.994005, 33, 77, 64, 108
-0.99402, 433, 121, 448, 184
-0.994026, 201, 9, 264, 40
-0.994027, 113, 17, 240, 80
-0.994029, 377, 101, 408, 132
-0.994033, 253, 49, 284, 80
-0.994035, 77, 121, 108, 152
-0.994047, 177, 57, 304, 88
-0.994077, 53, 81, 84, 112
-0.994079, 413, 41, 444, 104
-0.994083, 65, 57, 96, 88
-0.994085, 25, 145, 88, 176
-0.994086, 369, 121, 496, 152
-0.994093, 205, 53, 236, 84
-0.994102, 97, 157, 128, 188
-0.994109, 409, 137, 440, 168
-0.994113, 141, 129, 172, 160
-0.994117, 121, 149, 152, 180
-0.994131, 25, 85, 88, 116
-0.994142, 225, 9, 256, 40
-0.994145, 241, 37, 272, 68
-0.994151, 469, 41, 500, 72
-0.994156, 205, 1, 236, 64
-0.994158, 33, 117, 160, 148
-0.99417, 373, 113, 404, 144
-0.994191, 29, 101, 60, 132
-0.994192, 439, 113, 454, 176
-0.994193, 185, 53, 216, 84
-0.994201, 421, 149, 452, 180
-0.994201, 17, 125, 80, 156
-0.994213, 369, 73, 496, 104
-0.994216, 53, 153, 84, 184
-0.994246, 457, 81, 488, 112
-0.994248, 453, 101, 484, 132
-0.994253, 63, 113, 78, 176
-0.994264, 49, 17, 80, 48
-0.994274, 165, 53, 196, 84
-0.994274, 85, 97, 116, 128
-0.994292, 113, 137, 176, 168
-0.994296, 177, 1, 240, 64
-0.994297, 483, 121, 498, 184
-0.994334, 393, 65, 424, 96
-0.994343, 441, 53, 472, 84
-0.994349, 85, 109, 116, 140
-0.994351, 369, 129, 432, 160
-0.994371, 265, 1, 296, 32
-0.994375, 469, 157, 500, 188
-0.994375, 169, 45, 232, 76
-0.994378, 201, 29, 264, 60
-0.99438, 17, 1, 48, 64
-0.994437, 33, 113, 288, 176
-0.994452, 145, 141, 208, 172
-0.994453, 257, 37, 320, 68
-0.994507, 49, 129, 176, 160
-0.994526, 51, 33, 66, 96
-0.9946, 475, 105, 490, 168
-0.994616, 439, 81, 454, 144
-0.994686, 1, 73, 256, 136
-0.994704, 369, 85, 496, 116
-0.994708, 401, 17, 432, 144
-0.994743, 65, 97, 128, 128
-0.994756, 1, 41, 128, 72
-0.994781, 397, 97, 412, 160
-0.994781, 421, 113, 436, 176
-0.994797, 257, 25, 320, 56
-0.994809, 193, 33, 448, 96
-0.994811, 87, 33, 102, 96
-0.994839, 369, 113, 400, 176
-0.994842, 165, 1, 196, 64
-0.994865, 409, 61, 472, 92
-0.994889, 153, 105, 216, 168
-0.994922, 189, 1, 220, 64
-0.994944, 427, 81, 442, 144
-0.994964, 61, 57, 76, 120
-0.994971, 5, 17, 36, 144
-0.994977, 145, 97, 176, 160
-0.995009, 257, 1, 320, 32
-0.99504, 121, 37, 184, 68
-0.995064, 117, 41, 132, 104
-0.995068, 257, 113, 500, 176
-0.995094, 257, 13, 320, 44
-0.995109, 257, 89, 500, 152
-0.995159, 45, 41, 60, 104
-0.995163, 1, 101, 128, 132
-0.995177, 129, 41, 144, 104
-0.995199, 49, 141, 176, 172
-0.99523, 81, 33, 96, 96
-0.995244, 73, 41, 88, 104
-0.995247, 481, 81, 496, 144
-0.995268, 379, 57, 394, 120
-0.995301, 427, 113, 442, 176
-0.995318, 433, 97, 448, 160
-0.995363, 67, 49, 82, 112
-0.995365, 121, 165, 184, 195
-0.995374, 445, 113, 460, 176
-0.995382, 449, 49, 464, 112
-0.995418, 169, 69, 232, 100
-0.995425, 145, 1, 176, 64
-0.995436, 55, 65, 70, 128
-0.995502, 369, 53, 496, 84
-0.995502, 77, 97, 92, 160
-0.995506, 225, 69, 288, 100
-0.995521, 177, 45, 304, 76
-0.995541, 177, 1, 208, 64
-0.995552, 113, 49, 240, 80
-0.995555, 55, 9, 70, 72
-0.995558, 21, 73, 36, 136
-0.995561, 13, 49, 28, 112
-0.995574, 401, 41, 432, 104
-0.995579, 269, 1, 300, 128
-0.995606, 111, 49, 126, 112
-0.995664, 143, 121, 158, 184
-0.995704, 49, 49, 176, 80
-0.995706, 409, 49, 472, 80
-0.995749, 115, 113, 130, 176
-0.995751, 31, 25, 46, 88
-0.995799, 69, 105, 84, 168
-0.9958, 369, 133, 496, 164
-0.995804, 467, 49, 482, 112
-0.995846, 153, 57, 168, 120
-0.995849, 321, 129, 448, 192
-0.995857, 353, 17, 480, 80
-0.995863, 33, 65, 48, 128
-0.995868, 133, 113, 148, 176
-0.99588, 101, 105, 116, 168
-0.995881, 345, 117, 408, 148
-0.995887, 97, 65, 352, 128
-0.995894, 177, 1, 304, 32
-0.995895, 49, 21, 112, 52
-0.995902, 151, 129, 166, 192
-0.995929, 93, 41, 108, 104
-0.995981, 65, 61, 192, 92
-0.996012, 225, 49, 352, 80
-0.996078, 1, 89, 128, 120
-0.99608, 33, 1, 48, 64
-0.99608, 105, 49, 120, 112
-0.996083, 177, 33, 304, 64
-0.996104, 145, 49, 160, 112
-0.996119, 337, 53, 400, 84
-0.996121, 89, 113, 104, 176
-0.996123, 99, 41, 114, 104
-0.996125, 425, 149, 488, 180
-0.99613, 1, 81, 500, 144
-0.996133, 77, 73, 92, 136
-0.996137, 107, 105, 122, 168
-0.996155, 209, 13, 336, 44
-0.996167, 1, 5, 128, 36
-0.996202, 1, 21, 128, 52
-0.996202, 49, 161, 176, 192
-0.996204, 1, 33, 500, 96
-0.996206, 321, 97, 448, 128
-0.996207, 385, 105, 400, 168
-0.996213, 159, 57, 174, 120
-0.996222, 225, 57, 240, 120
-0.996239, 123, 113, 138, 176
-0.996255, 473, 129, 488, 192
-0.996307, 321, 121, 448, 152
-0.99634, 83, 105, 98, 168
-0.996352, 337, 93, 400, 124
-0.99637, 17, 97, 32, 160
-0.996378, 137, 41, 152, 104
-0.996386, 451, 105, 466, 168
-0.996393, 219, 49, 234, 112
-0.996396, 415, 129, 430, 192
-0.996411, 369, 145, 496, 176
-0.99645, 329, 81, 392, 144
-0.99646, 473, 81, 488, 144
-0.996475, 185, 57, 200, 120
-0.996506, 345, 57, 360, 120
-0.996509, 445, 73, 460, 136
-0.996532, 171, 57, 186, 120
-0.996538, 235, 65, 250, 128
-0.996543, 377, 141, 440, 172
-0.996546, 41, 73, 56, 136
-0.996556, 405, 93, 420, 124
-0.996562, 273, 41, 400, 104
-0.996583, 457, 49, 472, 112
-0.996587, 161, 13, 288, 44
-0.996591, 345, 81, 408, 112
-0.996593, 245, 1, 260, 64
-0.996601, 25, 157, 88, 188
-0.996607, 413, 109, 428, 140
-0.996615, 281, 65, 296, 128
-0.996633, 1, 113, 500, 176
-0.99664, 205, 57, 220, 120
-0.99664, 165, 57, 180, 120
-0.996656, 339, 57, 354, 120
-0.99666, 241, 65, 368, 96
-0.996668, 273, 65, 288, 128
-0.996685, 33, 89, 48, 152
-0.996696, 433, 41, 496, 72
-0.996698, 245, 25, 260, 88
-0.996706, 351, 57, 366, 120
-0.996711, 73, 129, 88, 192
-0.996713, 73, 29, 136, 60
-0.99672, 145, 121, 208, 152
-0.996733, 287, 57, 302, 120
-0.996737, 373, 57, 388, 120
-0.996739, 191, 57, 206, 120
-0.996746, 289, 53, 352, 84
-0.996759, 321, 77, 448, 108
-0.99676, 333, 57, 348, 120
-0.996788, 179, 57, 194, 120
-0.996789, 235, 41, 250, 104
-0.996806, 363, 57, 378, 120
-0.996807, 105, 113, 168, 144
-0.996809, 211, 49, 226, 112
-0.996832, 297, 57, 312, 120
-0.996843, 419, 101, 434, 132
-0.996847, 1, 65, 128, 96
-0.996849, 391, 101, 406, 132
-0.996866, 15, 73, 30, 136
-0.996881, 263, 33, 278, 96
-0.996891, 473, 49, 488, 112
-0.996902, 323, 57, 338, 120
-0.996916, 411, 85, 426, 116
-0.996923, 357, 57, 372, 120
-0.996926, 305, 57, 320, 120
-0.996932, 193, 9, 448, 72
-0.996935, 1, 157, 128, 188
-0.996942, 241, 49, 256, 112
-0.996943, 49, 105, 176, 136
-0.996955, 125, 1, 156, 195
-0.996958, 305, 109, 432, 140
-0.996961, 199, 57, 214, 120
-0.99697, 49, 165, 112, 195
-0.996981, 315, 57, 330, 120
-0.996989, 225, 1, 352, 32
-0.996992, 427, 109, 442, 140
-0.996996, 313, 53, 376, 84
-0.997012, 137, 1, 200, 64
-0.997019, 377, 53, 440, 84
-0.997037, 47, 65, 62, 128
-0.997051, 403, 109, 418, 140
-0.997065, 407, 121, 422, 184
-0.997066, 95, 105, 110, 168
-0.997073, 1, 77, 128, 108
-0.997073, 425, 93, 440, 124
-0.997076, 57, 129, 72, 192
-0.997078, 71, 73, 86, 136
-0.997079, 89, 1, 152, 32
-0.997084, 39, 49, 54, 112
-0.997087, 85, 57, 100, 120
-0.997124, 9, 113, 24, 176
-0.997135, 483, 125, 498, 156
-0.997139, 127, 49, 142, 80
-0.997148, 405, 81, 420, 112
-0.997167, 473, 117, 488, 148
-0.997193, 441, 121, 456, 152
-0.997211, 69, 1, 100, 195
-0.997213, 121, 45, 136, 76
-0.997224, 225, 25, 352, 56
-0.997246, 435, 117, 450, 148
-0.997246, 27, 89, 42, 152
-0.997259, 261, 1, 276, 64
-0.997259, 53, 1, 84, 195
-0.997279, 129, 65, 256, 96
-0.997291, 421, 121, 436, 152
-0.997297, 49, 97, 64, 160
-0.997301, 271, 33, 286, 96
-0.997303, 19, 53, 34, 84
-0.997355, 105, 1, 136, 195
-0.997357, 475, 129, 490, 160
-0.99738, 433, 161, 496, 192
-0.99738, 97, 153, 224, 184
-0.997382, 81, 1, 112, 195
-0.997389, 469, 105, 484, 168
-0.997392, 3, 113, 18, 176
-0.997398, 5, 89, 20, 152
-0.997402, 365, 1, 396, 128
-0.997425, 119, 65, 134, 128
-0.997429, 77, 101, 92, 132
-0.997437, 409, 121, 424, 152
-0.997461, 433, 105, 448, 136
-0.997482, 135, 65, 150, 128
-0.997483, 23, 25, 38, 88
-0.997556, 111, 25, 126, 88
-0.99756, 413, 97, 428, 128
-0.997562, 79, 129, 94, 192
-0.997567, 411, 57, 426, 120
-0.997569, 129, 65, 144, 128
-0.997581, 447, 121, 462, 152
-0.997583, 417, 141, 448, 156
-0.997587, 421, 83, 452, 98
-0.997593, 21, 79, 52, 94
-0.9976, 433, 73, 448, 136
-0.997601, 433, 25, 496, 56
-0.997605, 429, 145, 460, 160
-0.997619, 41, 1, 72, 195
-0.997624, 353, 67, 384, 82
-0.997625, 409, 37, 472, 68
-0.997628, 449, 115, 480, 130
-0.997628, 21, 107, 52, 122
-0.997628, 417, 65, 432, 128
-0.997632, 417, 85, 432, 116
-0.997633, 113, 57, 128, 88
-0.997636, 441, 79, 472, 94
-0.997636, 397, 97, 412, 128
-0.997637, 481, 49, 496, 112
-0.997638, 85, 109, 116, 124
-0.997638, 399, 81, 414, 112
-0.99764, 49, 53, 80, 68
-0.997643, 21, 1, 52, 195
-0.997647, 201, 67, 232, 82
-0.99767, 85, 115, 116, 130
-0.997681, 433, 95, 464, 110
-0.997687, 221, 51, 252, 66
-0.9977, 465, 49, 480, 80
-0.997705, 141, 67, 172, 82
-0.997714, 1, 119, 32, 134
-0.997715, 61, 121, 76, 152
-0.997721, 65, 53, 96, 68
-0.997723, 145, 157, 176, 172
-0.997726, 269, 61, 300, 76
-0.997729, 49, 99, 80, 114
-0.99773, 465, 101, 496, 116
-0.997735, 93, 1, 124, 195
-0.997736, 293, 1, 324, 128
-0.997741, 397, 113, 412, 144
-0.997753, 135, 57, 150, 88
-0.997761, 17, 73, 48, 88
-0.997767, 429, 89, 460, 104
-0.997778, 125, 61, 140, 92
-0.997783, 433, 13, 496, 44
-0.997784, 21, 85, 52, 100
-0.997791, 483, 137, 498, 168
-0.997792, 225, 69, 256, 84
-0.997798, 221, 59, 252, 74
-0.997809, 11, 53, 26, 84
-0.997816, 181, 69, 212, 84
-0.997817, 81, 41, 96, 72
-0.997819, 97, 55, 128, 70
-0.997825, 459, 49, 474, 80
-0.997829, 57, 141, 88, 156
-0.99783, 161, 67, 192, 82
-0.99783, 241, 65, 272, 80
-0.997834, 125, 123, 156, 138
-0.997839, 469, 81, 500, 96
-0.997851, 435, 129, 450, 160
-0.997853, 481, 109, 496, 140
-0.997855, 13, 101, 44, 116
-0.997857, 449, 61, 464, 92
-0.997859, 63, 61, 78, 92
-0.997859, 109, 119, 140, 134
-0.99786, 57, 77, 120, 108
-0.997863, 341, 67, 372, 82
-0.997865, 321, 69, 352, 84
-0.997878, 33, 75, 64, 90
-0.997884, 27, 49, 42, 80
-0.99789, 481, 157, 496, 188
-0.997894, 293, 69, 324, 84
-0.9979, 465, 117, 496, 132
-0.997909, 129, 37, 256, 68
-0.99791, 129, 105, 256, 168
-0.997919, 309, 69, 340, 84
-0.997921, 129, 67, 160, 82
-0.997925, 401, 129, 432, 144
-0.997929, 129, 55, 160, 70
-0.99793, 17, 97, 32, 128
-0.997932, 425, 103, 456, 118
-0.997936, 269, 69, 300, 84
-0.997937, 373, 117, 404, 132
-0.997953, 65, 117, 96, 132
-0.997953, 235, 45, 250, 76
-0.997956, 37, 55, 68, 70
-0.997961, 403, 121, 418, 152
-0.997967, 465, 121, 480, 152
-0.997973, 317, 1, 348, 128
-0.997974, 435, 93, 450, 124
-0.997979, 245, 25, 276, 40
-0.997983, 29, 93, 60, 108
-0.997994, 49, 41, 80, 56
-0.997996, 25, 65, 40, 96
-0.997998, 119, 57, 134, 88
-0.998002, 225, 37, 352, 68
-0.998007, 429, 1, 460, 195
-0.998009, 429, 125, 444, 156
-0.99801, 281, 69, 312, 84
-0.998011, 469, 69, 500, 84
-0.998012, 341, 1, 372, 128
-0.998013, 453, 1, 484, 195
-0.998014, 49, 59, 80, 74
-0.998018, 53, 69, 84, 84
-0.99802, 23, 89, 38, 120
-0.998027, 383, 65, 398, 96
-0.99803, 385, 109, 400, 140
-0.998032, 129, 137, 256, 168
-0.998035, 411, 133, 426, 164
-0.998047, 53, 129, 84, 144
-0.998049, 115, 45, 130, 76
-0.998052, 51, 41, 66, 72
-0.998055, 29, 17, 60, 32
-0.998055, 55, 73, 70, 104
-0.99806, 443, 137, 458, 168
-0.998063, 13, 109, 28, 140
-0.998063, 115, 157, 130, 188
-0.998066, 469, 65, 484, 96
-0.998067, 453, 125, 468, 156
-0.998068, 129, 109, 192, 140
-0.998069, 9, 107, 40, 122
-0.998076, 469, 49, 500, 64
-0.99808, 53, 53, 68, 84
-0.998082, 143, 161, 158, 192
-0.99809, 245, 5, 276, 20
-0.998096, 321, 133, 448, 164
-0.998096, 41, 49, 56, 80
-0.9981, 31, 33, 46, 64
-0.998109, 225, 1, 256, 195
-0.99811, 147, 129, 162, 160
-0.998111, 121, 157, 152, 172
-0.998111, 415, 65, 430, 192
-0.998115, 457, 71, 488, 86
-0.99813, 237, 1, 268, 195
-0.998133, 391, 117, 406, 148
-0.998133, 71, 105, 86, 136
-0.998135, 1, 145, 128, 176
-0.998137, 445, 135, 476, 150
-0.998139, 49, 5, 176, 36
-0.998141, 445, 71, 476, 86
-0.998143, 71, 137, 86, 168
-0.998143, 377, 65, 392, 96
-0.998144, 245, 19, 276, 34
-0.998149, 225, 61, 240, 92
-0.998153, 441, 109, 456, 140
-0.998159, 481, 81, 496, 112
-0.99816, 245, 13, 276, 28
-0.998168, 25, 41, 56, 56
-0.998172, 281, 1, 312, 128
-0.998174, 129, 1, 256, 32
-0.998175, 385, 1, 416, 128
-0.998176, 429, 131, 460, 146
-0.998176, 101, 113, 116, 144
-0.998181, 443, 77, 458, 108
-0.998181, 73, 129, 136, 160
-0.998187, 61, 61, 92, 76
-0.99819, 145, 57, 160, 88
-0.998191, 103, 49, 118, 80
-0.998194, 465, 1, 496, 195
-0.998211, 453, 49, 468, 80
-0.998216, 7, 121, 22, 152
-0.998224, 95, 49, 110, 80
-0.998229, 415, 121, 430, 152
-0.998244, 31, 61, 46, 92
-0.998246, 459, 125, 474, 156
-0.998248, 159, 57, 174, 88
-0.998248, 305, 1, 336, 128
-0.99825, 33, 1, 64, 16
-0.998257, 273, 65, 288, 96
-0.99826, 127, 161, 142, 192
-0.99826, 153, 57, 168, 88
-0.998267, 33, 11, 64, 26
-0.998267, 341, 65, 356, 96
-0.998269, 7, 93, 22, 124
-0.998272, 435, 145, 450, 176
-0.998273, 481, 97, 496, 128
-0.998276, 393, 81, 408, 112
-0.998277, 385, 1, 416, 195
-0.998277, 287, 65, 302, 96
-0.998277, 201, 65, 216, 96
-0.998283, 243, 61, 258, 92
-0.998285, 235, 69, 250, 100
-0.998286, 135, 165, 150, 195
-0.998287, 73, 49, 88, 80
-0.998288, 359, 65, 374, 96
-0.998288, 219, 61, 234, 92
-0.9983, 45, 61, 60, 92
-0.998303, 413, 1, 444, 195
-0.998308, 137, 1, 168, 195
-0.998309, 349, 65, 364, 96
-0.998309, 335, 65, 350, 96
-0.998311, 29, 23, 60, 38
-0.998318, 19, 65, 34, 96
-0.998321, 67, 49, 82, 80
-0.998322, 1, 25, 256, 88
-0.998324, 377, 109, 440, 124
-0.998324, 35, 93, 50, 124
-0.998325, 25, 47, 56, 62
-0.998329, 207, 65, 222, 96
-0.998333, 89, 117, 104, 148
-0.998335, 469, 59, 500, 74
-0.998339, 113, 47, 144, 62
-0.998341, 235, 57, 250, 88
-0.998347, 17, 67, 48, 82
-0.998347, 301, 65, 316, 96
-0.99835, 371, 65, 386, 96
-0.998351, 213, 67, 244, 82
-0.998354, 105, 61, 136, 76
-0.998354, 57, 5, 72, 36
-0.998354, 43, 81, 58, 112
-0.998355, 105, 101, 168, 132
-0.998358, 441, 1, 472, 195
-0.998361, 385, 97, 448, 112
-0.998362, 365, 65, 380, 96
-0.998363, 49, 37, 176, 68
-0.998366, 409, 99, 440, 114
-0.998366, 33, 61, 64, 76
-0.998367, 329, 65, 344, 96
-0.998369, 185, 65, 200, 96
-0.998372, 119, 117, 134, 148
-0.998373, 425, 125, 488, 140
-0.998374, 295, 65, 310, 96
-0.998374, 119, 33, 134, 160
-0.998375, 393, 117, 456, 132
-0.998378, 475, 77, 490, 108
-0.99838, 153, 137, 168, 168
-0.998381, 9, 1, 40, 195
-0.998383, 323, 65, 338, 96
-0.998385, 365, 67, 396, 82
-0.998386, 401, 127, 464, 142
-0.998388, 165, 65, 180, 96
-0.998388, 281, 65, 296, 96
-0.998394, 449, 121, 480, 136
-0.998398, 87, 41, 102, 72
-0.998398, 441, 93, 456, 124
-0.998404, 307, 65, 322, 96
-0.998404, 433, 133, 496, 148
-0.998406, 127, 33, 142, 160
-0.998408, 329, 1, 360, 128
-0.998408, 107, 113, 122, 144
-0.998412, 13, 51, 44, 66
-0.998414, 65, 153, 80, 184
-0.998418, 195, 65, 210, 96
-0.998421, 61, 49, 76, 176
-0.998421, 383, 49, 398, 176
-0.998426, 125, 165, 156, 180
-0.998432, 409, 65, 424, 192
-0.998435, 9, 53, 72, 68
-0.998438, 425, 119, 488, 134
-0.99844, 97, 163, 160, 178
-0.998441, 257, 1, 288, 195
-0.998442, 225, 63, 288, 78
-0.998443, 377, 103, 440, 118
-0.998446, 19, 49, 34, 176
-0.998447, 353, 1, 384, 128
-0.998449, 401, 111, 464, 126
-0.998454, 17, 47, 80, 62
-0.998454, 85, 33, 100, 160
-0.998457, 49, 75, 80, 90
-0.998459, 401, 91, 464, 106
-0.998459, 65, 115, 128, 130
-0.998461, 337, 67, 400, 82
-0.998461, 425, 141, 488, 156
-0.998462, 369, 115, 432, 130
-0.998463, 401, 105, 464, 120
-0.998467, 425, 111, 488, 126
-0.998472, 157, 1, 188, 195
-0.998473, 393, 65, 408, 192
-0.998482, 385, 101, 416, 116
-0.998482, 425, 93, 488, 108
-0.998484, 41, 43, 104, 58
-0.998486, 17, 71, 80, 86
-0.998487, 9, 59, 72, 74
-0.99849, 393, 133, 456, 148
-0.998491, 417, 135, 448, 150
-0.9985, 1, 21, 64, 36
-0.998501, 425, 65, 440, 192
-0.998512, 433, 55, 496, 70
-0.998512, 361, 121, 424, 136
-0.998513, 385, 83, 448, 98
-0.998514, 73, 45, 136, 60
-0.998514, 121, 61, 184, 76
-0.998514, 97, 157, 160, 172
-0.998514, 409, 99, 472, 114
-0.998516, 25, 105, 88, 120
-0.998517, 1, 107, 64, 122
-0.998518, 33, 61, 96, 76
-0.998518, 225, 41, 288, 56
-0.99852, 225, 51, 288, 66
-0.998522, 17, 35, 80, 50
-0.998522, 89, 53, 152, 68
-0.998524, 73, 159, 136, 174
-0.998524, 177, 1, 208, 195
-0.998525, 433, 65, 496, 80
-0.998528, 33, 77, 96, 92
-0.998529, 425, 87, 488, 102
-0.998529, 25, 11, 88, 26
-0.998529, 17, 41, 80, 56
-0.998534, 225, 57, 288, 72
-0.998535, 9, 115, 72, 130
-0.998535, 65, 153, 128, 168
-0.998536, 361, 81, 424, 96
-0.998536, 201, 67, 264, 82
-0.998536, 9, 65, 72, 80
-0.998537, 457, 61, 488, 76
-0.998538, 41, 49, 104, 64
-0.998538, 57, 109, 120, 124
-0.998541, 425, 79, 488, 94
-0.998542, 25, 1, 88, 16
-0.998544, 41, 67, 104, 82
-0.998544, 1, 15, 64, 30
-0.998547, 433, 71, 496, 86
-0.998548, 233, 27, 296, 42
-0.998548, 65, 51, 128, 66
-0.998549, 177, 67, 240, 82
-0.998549, 89, 117, 152, 132
-0.998549, 265, 69, 328, 84
-0.99855, 89, 67, 152, 82
-0.998551, 31, 17, 46, 144
-0.998551, 425, 105, 488, 120
-0.998552, 385, 73, 448, 88
-0.998552, 233, 35, 296, 50
-0.998553, 17, 29, 80, 44
-0.998554, 233, 5, 296, 20
-0.998555, 97, 47, 160, 62
-0.998555, 353, 109, 416, 124
-0.998557, 305, 69, 368, 84
-0.998557, 201, 59, 264, 74
-0.998558, 67, 49, 82, 176
-0.998559, 205, 1, 236, 195
-0.998559, 233, 21, 296, 36
-0.99856, 401, 139, 464, 154
-0.998561, 121, 67, 184, 82
-0.998561, 113, 55, 176, 70
-0.998561, 97, 61, 160, 76
-0.998564, 73, 165, 136, 180
-0.998565, 477, 65, 492, 192
-0.998565, 233, 11, 296, 26
-0.998567, 145, 67, 208, 82
-0.998568, 49, 7, 112, 22
-0.99857, 33, 69, 64, 84
-0.998572, 49, 121, 112, 136
-0.998572, 49, 137, 112, 152
-0.998574, 41, 115, 104, 130
-0.998575, 1, 101, 64, 116
-0.998576, 1, 91, 64, 106
-0.998576, 33, 99, 96, 114
-0.998577, 57, 57, 120, 72
-0.998577, 41, 37, 104, 52
-0.998578, 79, 33, 94, 160
-0.998579, 377, 127, 440, 142
-0.99858, 121, 49, 184, 64
-0.998583, 361, 95, 424, 110
-0.998585, 353, 103, 416, 118
-0.998585, 65, 103, 128, 118
-0.998586, 145, 61, 208, 76
-0.998586, 425, 147, 488, 162
-0.998587, 201, 49, 264, 64
-0.998587, 257, 61, 320, 76
-0.998588, 25, 93, 88, 108
-0.998589, 57, 147, 120, 162
-0.998589, 25, 17, 88, 32
-0.998591, 137, 157, 200, 172
-0.998597, 1, 85, 64, 100
-0.998598, 41, 29, 104, 44
-0.998601, 377, 89, 440, 104
-0.998602, 105, 131, 168, 146
-0.998602, 345, 73, 408, 88
-0.998602, 365, 1, 396, 195
-0.998603, 77, 45, 108, 60
-0.998604, 377, 141, 440, 156
-0.998604, 89, 123, 152, 138
-0.998605, 25, 23, 88, 38
-0.998605, 121, 163, 184, 178
-0.998607, 105, 143, 168, 158
-0.998607, 201, 43, 264, 58
-0.99861, 409, 65, 472, 80
-0.99861, 1, 9, 64, 24
-0.998611, 409, 51, 472, 66
-0.998611, 97, 151, 160, 166
-0.998611, 49, 131, 112, 146
-0.998611, 57, 73, 120, 88
-0.998614, 25, 155, 88, 170
-0.998616, 409, 57, 472, 72
-0.998617, 33, 55, 96, 70
-0.998618, 9, 77, 72, 92
-0.998619, 49, 159, 112, 174
-0.99862, 225, 69, 288, 84
-0.99862, 437, 119, 468, 134
-0.998621, 433, 99, 496, 114
-0.998621, 401, 145, 464, 160
-0.998622, 177, 61, 240, 76
-0.998632, 433, 65, 448, 192
-0.99864, 445, 61, 476, 76
-0.998642, 69, 103, 100, 118
-0.998646, 421, 123, 452, 138
-0.998649, 403, 49, 418, 176
-0.99865, 429, 111, 460, 126
-0.998657, 397, 1, 428, 195
-0.998662, 113, 49, 128, 176
-0.998672, 189, 1, 220, 195
-0.998673, 439, 65, 454, 192
-0.998674, 99, 33, 114, 160
-0.998676, 133, 33, 148, 160
-0.998704, 29, 29, 60, 44
-0.998714, 45, 47, 76, 62
-0.998716, 29, 35, 60, 50
-0.998726, 107, 33, 122, 160
-0.998728, 73, 33, 88, 160
-0.998734, 471, 49, 486, 176
-0.998741, 329, 105, 392, 136
-0.998743, 93, 33, 108, 160
-0.998745, 389, 125, 420, 140
-0.99878, 449, 49, 464, 176
-0.998794, 55, 1, 70, 128
-0.998806, 25, 33, 40, 160
-0.998816, 121, 73, 184, 104
-0.998817, 433, 1, 496, 32
-0.998883, 69, 111, 100, 126
-0.998893, 297, 1, 328, 195
-0.998897, 177, 69, 304, 100
-0.998904, 49, 17, 64, 144
-0.998909, 269, 1, 300, 195
-0.998921, 317, 1, 348, 195
-0.998944, 349, 1, 380, 195
-0.998948, 147, 33, 162, 160
-0.998949, 161, 73, 224, 136
-0.998951, 413, 89, 444, 104
-0.998952, 329, 1, 360, 195
-0.998964, 49, 73, 176, 104
-0.998967, 285, 1, 316, 195
-0.998971, 421, 95, 452, 110
-0.998985, 97, 115, 128, 130
-0.99901, 55, 49, 70, 176
-0.999013, 139, 49, 154, 176
-0.999051, 81, 117, 208, 148
-0.999054, 129, 25, 256, 56
-0.999059, 57, 135, 88, 150
-0.999066, 257, 13, 384, 44
-0.999067, 449, 53, 480, 68
-0.999076, 25, 53, 56, 68
-0.999129, 13, 57, 44, 72
-0.999137, 129, 125, 256, 156
-0.999138, 445, 127, 476, 142
-0.999147, 117, 63, 148, 78
-0.99915, 369, 41, 496, 72
-0.999164, 129, 89, 192, 152
-0.999165, 49, 65, 64, 192
-0.999186, 109, 161, 140, 176
-0.999206, 413, 129, 444, 144
-0.999226, 229, 33, 244, 160
-0.99924, 289, 53, 416, 84
-0.999253, 13, 65, 28, 192
-0.999262, 113, 53, 144, 68
-0.999269, 393, 83, 424, 98
-0.999284, 459, 33, 474, 160
-0.999303, 235, 1, 250, 128
-0.999313, 153, 33, 168, 160
-0.999327, 469, 129, 500, 144
-0.999329, 385, 115, 416, 130
-0.999331, 385, 107, 416, 122
-0.999334, 465, 33, 480, 160
-0.999335, 173, 33, 188, 160
-0.999341, 177, 33, 240, 64
-0.99937, 185, 33, 200, 160
-0.99937, 191, 33, 206, 160
-0.999373, 43, 33, 58, 160
-0.999376, 161, 33, 176, 160
-0.999378, 129, 61, 160, 76
-0.999388, 283, 49, 298, 176
-0.999388, 167, 33, 182, 160
-0.999391, 179, 33, 194, 160
-0.999391, 199, 33, 214, 160
-0.999409, 211, 33, 226, 160
-0.99941, 457, 129, 488, 144
-0.999414, 245, 1, 260, 128
-0.99942, 297, 49, 312, 176
-0.999427, 205, 33, 220, 160
-0.999436, 377, 49, 392, 176
-0.999441, 409, 9, 472, 72
-0.999443, 271, 33, 286, 160
-0.999444, 313, 49, 328, 176
-0.999447, 397, 115, 428, 130
-0.99945, 323, 49, 338, 176
-0.99945, 337, 49, 352, 176
-0.999453, 343, 49, 358, 176
-0.999456, 305, 49, 320, 176
-0.999456, 351, 49, 366, 176
-0.99946, 329, 49, 344, 176
-0.999462, 289, 49, 304, 176
-0.999463, 219, 33, 234, 160
-0.999467, 235, 49, 250, 176
-0.99948, 277, 49, 292, 176
-0.999486, 359, 49, 374, 176
-0.999498, 365, 49, 380, 176
-0.999513, 371, 49, 386, 176
-0.999527, 129, 113, 256, 144
-0.99954, 465, 123, 496, 138
-0.999544, 483, 65, 498, 192
-0.999578, 257, 49, 288, 176
-0.999599, 49, 17, 176, 48
-0.999615, 387, 121, 402, 136
-0.999615, 307, 69, 322, 84
-0.999615, 7, 113, 22, 128
-0.999615, 119, 119, 134, 134
-0.999616, 299, 69, 314, 84
-0.999616, 317, 69, 332, 84
-0.999616, 53, 57, 68, 72
-0.999616, 191, 67, 206, 82
-0.999616, 439, 131, 454, 146
-0.999617, 147, 131, 162, 146
-0.999619, 323, 69, 338, 84
-0.999619, 405, 117, 420, 132
-0.999619, 139, 67, 154, 82
-0.999619, 153, 67, 168, 82
-0.999619, 111, 49, 126, 64
-0.99962, 243, 67, 258, 82
-0.99962, 147, 159, 162, 174
-0.99962, 153, 61, 168, 76
-0.999621, 127, 57, 142, 72
-0.999621, 283, 69, 298, 84
-0.999622, 293, 69, 308, 84
-0.999622, 405, 101, 420, 116
-0.999623, 481, 79, 496, 94
-0.999623, 53, 67, 68, 82
-0.999623, 445, 79, 460, 94
-0.999623, 471, 77, 486, 92
-0.999623, 235, 59, 250, 74
-0.999624, 461, 69, 476, 84
-0.999624, 481, 113, 496, 128
-0.999626, 23, 95, 38, 110
-0.999626, 451, 131, 466, 146
-0.999628, 133, 67, 148, 82
-0.999629, 451, 67, 466, 82
-0.999629, 135, 55, 150, 70
-0.99963, 451, 119, 466, 134
-0.999631, 17, 101, 32, 116
-0.999631, 399, 117, 414, 132
-0.999631, 469, 71, 484, 86
-0.999632, 19, 107, 34, 122
-0.999633, 479, 179, 494, 194
-0.999634, 125, 165, 140, 180
-0.999635, 69, 53, 84, 68
-0.999635, 439, 143, 454, 158
-0.999636, 483, 149, 498, 164
-0.999637, 129, 129, 384, 192
-0.999637, 21, 73, 36, 88
-0.999638, 379, 67, 394, 82
-0.999638, 41, 53, 56, 68
-0.999639, 113, 1, 128, 128
-0.99964, 49, 47, 64, 62
-0.999642, 7, 121, 22, 136
-0.999644, 119, 67, 134, 82
-0.999644, 137, 165, 152, 180
-0.999644, 413, 105, 444, 120
-0.999645, 411, 135, 426, 150
-0.999647, 121, 57, 136, 72
-0.999648, 413, 99, 428, 114
-0.999651, 11, 107, 26, 122
-0.999652, 415, 129, 430, 144
-0.999653, 419, 99, 434, 114
-0.999653, 399, 83, 414, 98
-0.999654, 235, 51, 250, 66
-0.999658, 433, 135, 448, 150
-0.999658, 435, 117, 450, 132
-0.99966, 385, 69, 400, 84
-0.999661, 451, 53, 466, 68
-0.999664, 387, 115, 402, 130
-0.999664, 431, 105, 446, 120
-0.999664, 123, 159, 138, 174
-0.999664, 9, 53, 24, 68
-0.999664, 481, 159, 496, 174
-0.999665, 405, 129, 420, 144
-0.999666, 467, 129, 482, 144
-0.999667, 437, 111, 452, 126
-0.999667, 483, 139, 498, 154
-0.999667, 273, 89, 400, 120
-0.999669, 409, 109, 424, 124
-0.999669, 129, 51, 144, 66
-0.999669, 57, 77, 72, 92
-0.99967, 229, 69, 244, 84
-0.999671, 25, 67, 40, 82
-0.999671, 31, 67, 46, 82
-0.999672, 29, 51, 44, 66
-0.999672, 467, 51, 482, 66
-0.999676, 425, 109, 440, 124
-0.999677, 85, 43, 100, 58
-0.999679, 13, 115, 28, 130
-0.999679, 483, 129, 498, 144
-0.999681, 115, 55, 130, 70
-0.999683, 445, 137, 460, 152
-0.999683, 19, 67, 34, 82
-0.999688, 131, 165, 146, 180
-0.999688, 421, 127, 436, 142
-0.999689, 263, 1, 278, 128
-0.99969, 407, 83, 422, 98
-0.999691, 435, 125, 450, 140
-0.999692, 399, 123, 414, 138
-0.999692, 145, 33, 208, 64
-0.999697, 21, 57, 36, 72
-0.999698, 115, 157, 130, 172
-0.999698, 101, 115, 116, 130
-0.999699, 5, 107, 20, 122
-0.9997, 401, 93, 432, 108
-0.999703, 71, 139, 86, 154
-0.999703, 457, 61, 472, 76
-0.999705, 389, 105, 404, 120
-0.999706, 393, 117, 408, 132
-0.999709, 451, 125, 466, 140
-0.999709, 467, 61, 482, 76
-0.99971, 425, 101, 440, 116
-0.999712, 429, 95, 444, 110
-0.999713, 451, 61, 466, 76
-0.999715, 457, 125, 472, 140
-0.999716, 445, 125, 460, 140
-0.999716, 425, 117, 456, 132
-0.999719, 417, 91, 432, 106
-0.999726, 471, 121, 486, 136
-0.999726, 411, 93, 426, 108
-0.999726, 417, 105, 432, 120
-0.999726, 13, 17, 28, 144
-0.999732, 409, 123, 424, 138
-0.999735, 395, 99, 410, 114
-0.999736, 115, 61, 130, 76
-0.99974, 15, 55, 30, 70
-0.999741, 121, 45, 136, 60
-0.999741, 385, 13, 448, 44
-0.999744, 135, 61, 150, 76
-0.999746, 463, 123, 478, 138
-0.999752, 479, 123, 494, 138
-0.999754, 419, 111, 434, 126
-0.999759, 441, 119, 456, 134
-0.999759, 405, 95, 420, 110
-0.99976, 403, 111, 418, 126
-0.999762, 77, 101, 92, 116
-0.999766, 473, 129, 488, 144
-0.999768, 427, 117, 442, 132
-0.999769, 415, 117, 430, 132
-0.99977, 97, 29, 160, 60
-0.999773, 459, 53, 474, 68
-0.999774, 37, 33, 52, 160
-0.999781, 125, 63, 140, 78
-0.999808, 431, 111, 446, 126
-0.999811, 145, 149, 272, 180
-0.999814, 401, 121, 432, 136
-0.999824, 169, 1, 232, 32
-0.999829, 1, 133, 128, 164
-0.99984, 433, 125, 464, 140
-0.999852, 393, 17, 408, 144
-0.999865, 153, 153, 216, 184
-0.999899, 97, 101, 224, 132
-0.9999, 417, 111, 448, 126
-0.999907, 139, 1, 154, 128
-0.999923, 129, 5, 192, 36
-0.999926, 19, 1, 34, 128
-0.999947, 1, 65, 16, 192
-0.99996, 401, 109, 432, 124
-0.999973, 67, 1, 82, 128
-1, 483, 17, 498, 144
-1.00002, 241, 49, 256, 176
-1.00003, 31, 65, 46, 192
-1.00004, 225, 157, 288, 188
-1.00004, 433, 17, 448, 144
-1.00004, 413, 117, 444, 132
-1.00005, 7, 17, 22, 144
-1.00006, 385, 1, 448, 32
-1.00008, 201, 145, 264, 176
-1.00008, 97, 89, 352, 152
-1.0001, 415, 17, 430, 144
-1.00013, 409, 17, 424, 144
-1.00014, 169, 137, 232, 168
-1.00014, 385, 33, 448, 64
-1.00015, 7, 65, 22, 192
-1.00015, 393, 153, 456, 184
-1.00016, 397, 99, 428, 114
-1.00016, 381, 1, 396, 128
-1.00017, 113, 165, 240, 195
-1.00021, 61, 1, 76, 128
-1.00024, 277, 1, 292, 128
-1.00029, 285, 1, 300, 128
-1.00029, 303, 1, 318, 128
-1.0003, 295, 1, 310, 128
-1.0003, 323, 1, 338, 128
-1.00031, 347, 1, 362, 128
-1.00032, 315, 1, 330, 128
-1.00032, 333, 1, 348, 128
-1.00032, 441, 17, 456, 144
-1.00032, 361, 1, 376, 128
-1.00033, 339, 1, 354, 128
-1.00034, 353, 1, 368, 128
-1.00034, 309, 1, 324, 128
-1.00035, 421, 17, 436, 144
-1.00035, 375, 1, 390, 128
-1.00035, 369, 1, 384, 128
-1.00037, 337, 29, 464, 60
-1.00044, 427, 17, 442, 144
-1.00044, 1, 17, 16, 144
-1.00047, 471, 1, 486, 128
-1.00047, 387, 1, 402, 128
-1.00048, 477, 17, 492, 144
-1.00048, 369, 157, 496, 188
-1.00049, 49, 85, 176, 116
-1.00052, 321, 145, 448, 176
-1.00053, 265, 49, 280, 176
-1.00054, 451, 1, 466, 128
-1.00058, 257, 101, 384, 132
-1.00068, 273, 89, 400, 152
-1.0007, 253, 1, 268, 128
-1.00078, 403, 1, 418, 128
-1.00086, 161, 129, 224, 192
-1.00091, 321, 41, 448, 72
-1.00092, 377, 17, 440, 80
-1.00092, 337, 17, 464, 48
-1.00096, 253, 49, 268, 176
-1.00097, 247, 49, 262, 176
-1.001, 337, 5, 464, 36
-1.00104, 259, 49, 274, 176
-1.00111, 113, 13, 240, 44
-1.00126, 273, 37, 400, 68
-1.00128, 193, 145, 320, 176
-1.00129, 241, 145, 368, 176
-1.00133, 241, 157, 368, 188
-1.00134, 161, 165, 288, 195
-1.00139, 1, 9, 500, 72
-1.00148, 305, 157, 432, 188
-1.00158, 193, 133, 320, 164
-1.00161, 241, 133, 368, 164
-1.00163, 273, 121, 400, 152
-1.00171, 209, 121, 336, 152
-1.00177, 129, 85, 256, 116
-1.00177, 177, 101, 304, 132
-1.00181, 193, 89, 320, 120
-1.00181, 241, 77, 368, 108
-1.00186, 289, 1, 416, 32
-1.00186, 289, 25, 416, 56
-1.0027, 225, 129, 288, 192
-1.00318, 193, 129, 256, 192
-1.00436, 265, 129, 328, 192
-1.00436, 313, 129, 376, 192
-1.00444, 329, 105, 392, 168
-1.00469, 177, 129, 304, 192
-1.00488, 225, 105, 288, 168
-1.0051, 305, 17, 432, 80
-1.00516, 329, 1, 392, 64
-1.00528, 225, 129, 352, 192
-1.00564, 193, 105, 256, 168
-1.00577, 201, 81, 264, 144
-1.00577, 289, 121, 352, 184
-1.00611, 249, 105, 312, 168
-1.00612, 273, 129, 400, 192
-1.00639, 249, 81, 312, 144
-1.00639, 281, 97, 344, 160
-1.00653, 305, 89, 368, 152
-1.00659, 193, 105, 320, 168
-1.00733, 281, 1, 344, 64
-1.00761, 305, 1, 368, 64
-1.00819, 245, 49, 276, 176
-1.00839, 353, 9, 416, 72
