1956
-0.182371, 1, 1, 500, 375
-0.26559, 1, 65, 500, 320
-0.306082, 193, 1, 448, 375
-0.43596, 97, 1, 352, 375
-0.499728, 161, 33, 416, 288
-0.533366, 257, 97, 500, 352
-0.568853, 65, 65, 320, 320
-0.592097, 161, 129, 416, 375
-0.686649, 1, 1, 256, 375
-0.710068, 257, 1, 500, 256
-0.80733, 193, 1, 320, 375
-0.834866, 273, 1, 400, 375
-0.839233, 273, 129, 400, 375
-0.83958, 193, 33, 320, 288
-0.852822, 289, 33, 416, 288
-0.859224, 321, 1, 448, 375
-0.873563, 337, 65, 464, 320
-0.877297, 161, 49, 416, 176
-0.8777, 1, 177, 500, 304
-0.877831, 1, 81, 500, 208
-0.879521, 225, 129, 352, 375
-0.882733, 33, 129, 160, 375
-0.887723, 81, 65, 208, 320
-0.889243, 1, 129, 500, 256
-0.89037, 145, 33, 272, 288
-0.891165, 241, 33, 368, 288
-0.894305, 1, 241, 500, 368
-0.895005, 177, 129, 304, 375
-0.89535, 145, 1, 272, 375
-0.904301, 161, 97, 416, 224
-0.910637, 1, 33, 500, 160
-0.911273, 193, 145, 448, 272
-0.917173, 1, 1, 128, 375
-0.920184, 161, 225, 416, 352
-0.920251, 129, 129, 256, 375
-0.921726, 65, 81, 320, 208
-0.923374, 257, 193, 500, 320
-0.92473, 257, 65, 500, 192
-0.926015, 49, 1, 176, 375
-0.92921, 353, 177, 480, 304
-0.929506, 65, 193, 320, 320
-0.930544, 369, 1, 496, 375
-0.931369, 177, 33, 304, 160
-0.931728, 33, 33, 160, 288
-0.931999, 273, 161, 400, 288
-0.933593, 65, 241, 320, 368
-0.934787, 65, 145, 320, 272
-0.934964, 273, 113, 400, 240
-0.936272, 209, 33, 272, 160
-0.937051, 65, 33, 320, 160
-0.938599, 209, 81, 336, 208
-0.939594, 305, 145, 368, 272
-0.940593, 193, 1, 448, 128
-0.942174, 97, 1, 224, 375
-0.943023, 417, 161, 480, 288
-0.943287, 257, 241, 500, 368
-0.943874, 257, 17, 384, 144
-0.94471, 369, 193, 432, 320
-0.945703, 257, 97, 320, 224
-0.945829, 321, 97, 448, 224
-0.945869, 209, 33, 272, 96
-0.946429, 193, 145, 320, 272
-0.947633, 393, 209, 456, 336
-0.948137, 1, 177, 128, 304
-0.948324, 321, 81, 384, 208
-0.94855, 281, 113, 344, 240
-0.948942, 369, 225, 496, 352
-0.94908, 289, 209, 416, 336
-0.949101, 337, 1, 400, 128
-0.949766, 329, 145, 392, 272
-0.95074, 49, 129, 176, 256
-0.951223, 321, 153, 384, 216
-0.951906, 361, 193, 424, 256
-0.951935, 41, 177, 104, 304
-0.952701, 169, 65, 232, 192
-0.952858, 73, 177, 136, 304
-0.953003, 321, 1, 448, 128
-0.953234, 113, 225, 240, 352
-0.953431, 193, 241, 320, 368
-0.953896, 233, 65, 296, 192
-0.95448, 209, 113, 272, 240
-0.954688, 169, 113, 232, 176
-0.956061, 65, 113, 128, 240
-0.956086, 417, 209, 480, 336
-0.956416, 121, 225, 184, 352
-0.956799, 65, 177, 192, 304
-0.95689, 257, 209, 320, 336
-0.956899, 97, 81, 224, 208
-0.956958, 241, 81, 304, 144
-0.957891, 145, 177, 272, 304
-0.957915, 385, 145, 448, 272
-0.958193, 257, 65, 384, 192
-0.958332, 289, 121, 352, 184
-0.958345, 9, 193, 72, 320
-0.958458, 17, 241, 144, 368
-0.958562, 65, 241, 192, 368
-0.958883, 145, 225, 208, 352
-0.959404, 249, 161, 312, 288
-0.959583, 169, 225, 232, 352
-0.959663, 249, 233, 312, 296
-0.959782, 177, 65, 304, 128
-0.959809, 281, 161, 344, 288
-0.96029, 33, 185, 96, 248
-0.96039, 297, 177, 360, 240
-0.96046, 161, 81, 288, 208
-0.960479, 361, 145, 424, 272
-0.960744, 1, 129, 128, 256
-0.96087, 393, 201, 456, 264
-0.96102, 417, 97, 480, 224
-0.961072, 321, 49, 448, 176
-0.961157, 313, 33, 376, 160
-0.961507, 385, 177, 448, 240
-0.961789, 353, 241, 416, 368
-0.961915, 321, 105, 384, 168
-0.962052, 97, 129, 224, 256
-0.962088, 393, 65, 456, 192
-0.96228, 329, 209, 392, 336
-0.962415, 417, 161, 480, 224
-0.962537, 289, 241, 352, 368
-0.962666, 313, 81, 376, 144
-0.963112, 97, 225, 160, 352
-0.963186, 193, 193, 320, 320
-0.96359, 353, 65, 416, 192
-0.963618, 137, 177, 200, 304
-0.963739, 201, 57, 264, 120
-0.964186, 361, 217, 424, 280
-0.96458, 33, 113, 96, 240
-0.964617, 369, 129, 496, 256
-0.965035, 25, 153, 88, 216
-0.965054, 161, 137, 224, 200
-0.965104, 17, 241, 80, 368
-0.96542, 257, 105, 320, 168
-0.965484, 121, 145, 184, 208
-0.965662, 265, 97, 328, 352
-0.965798, 417, 193, 480, 256
-0.965822, 241, 241, 368, 368
-0.965975, 97, 129, 160, 192
-0.966057, 257, 161, 320, 224
-0.966082, 329, 17, 392, 80
-0.966086, 217, 1, 280, 256
-0.966103, 57, 113, 120, 176
-0.96613, 305, 153, 432, 216
-0.966194, 81, 153, 144, 216
-0.966381, 177, 73, 240, 136
-0.966462, 153, 89, 216, 152
-0.966786, 353, 201, 480, 264
-0.967065, 113, 129, 176, 256
-0.967175, 129, 249, 192, 312
-0.967204, 393, 225, 456, 288
-0.967279, 217, 137, 280, 200
-0.967414, 145, 113, 208, 240
-0.967433, 233, 17, 296, 144
-0.96761, 401, 105, 464, 168
-0.967838, 9, 145, 72, 272
-0.967877, 185, 177, 248, 304
-0.968008, 265, 257, 328, 320
-0.968223, 329, 57, 392, 120
-0.968467, 97, 177, 160, 304
-0.968486, 25, 121, 88, 184
-0.968565, 329, 33, 392, 288
-0.968687, 161, 225, 224, 288
-0.968691, 81, 185, 144, 248
-0.968737, 345, 97, 408, 160
-0.969023, 89, 129, 152, 256
-0.969071, 225, 129, 352, 192
-0.969259, 305, 129, 368, 375
-0.969548, 209, 225, 272, 352
-0.969724, 209, 177, 272, 304
-0.969908, 209, 105, 336, 168
-0.970195, 65, 225, 128, 352
-0.970259, 289, 89, 352, 152
-0.970271, 393, 153, 456, 216
-0.970275, 249, 49, 280, 176
-0.970329, 425, 97, 488, 160
-0.970369, 217, 105, 280, 168
-0.970474, 337, 233, 400, 296
-0.970498, 345, 137, 408, 200
-0.970541, 417, 217, 480, 280
-0.970571, 353, 177, 480, 240
-0.970647, 57, 137, 120, 200
-0.970821, 153, 177, 216, 240
-0.970841, 337, 185, 400, 248
-0.970893, 361, 169, 424, 232
-0.970895, 289, 241, 416, 304
-0.971039, 145, 113, 208, 176
-0.97115, 169, 305, 232, 368
-0.971152, 369, 289, 432, 352
-0.971169, 57, 161, 120, 224
-0.971169, 273, 209, 336, 272
-0.97128, 169, 249, 232, 312
-0.971426, 229, 17, 260, 144
-0.97143, 289, 249, 352, 312
-0.971443, 289, 177, 416, 240
-0.971447, 81, 97, 144, 160
-0.971487, 113, 81, 176, 208
-0.971536, 297, 145, 360, 208
-0.971806, 121, 177, 184, 240
-0.972068, 81, 97, 208, 160
-0.972206, 113, 129, 240, 192
-0.972253, 121, 225, 184, 288
-0.972295, 369, 65, 496, 192
-0.972365, 309, 113, 340, 240
-0.972387, 293, 97, 324, 224
-0.972393, 353, 225, 480, 288
-0.972452, 145, 129, 272, 256
-0.972508, 241, 49, 368, 112
-0.972598, 257, 105, 384, 168
-0.972693, 433, 137, 496, 200
-0.972993, 321, 113, 448, 176
-0.973125, 57, 193, 120, 256
-0.973206, 305, 33, 368, 288
-0.973241, 25, 97, 88, 160
-0.973385, 41, 129, 104, 375
-0.973501, 241, 65, 304, 320
-0.973504, 305, 193, 368, 320
-0.973564, 41, 225, 104, 352
-0.973611, 257, 73, 384, 136
-0.973715, 425, 177, 456, 304
-0.973869, 1, 121, 64, 184
-0.973883, 297, 41, 360, 104
-0.973956, 25, 297, 88, 360
-0.974011, 193, 65, 224, 192
-0.974088, 121, 121, 184, 184
-0.974093, 129, 201, 192, 264
-0.974176, 161, 121, 288, 184
-0.974221, 49, 137, 176, 200
-0.974236, 401, 129, 464, 192
-0.97424, 193, 105, 256, 168
-0.974342, 9, 225, 72, 288
-0.974361, 217, 33, 248, 160
-0.974419, 161, 161, 224, 288
-0.974516, 425, 129, 488, 375
-0.974669, 349, 1, 380, 128
-0.974811, 9, 201, 72, 264
-0.974861, 361, 73, 424, 136
-0.974928, 49, 81, 176, 208
-0.974938, 369, 177, 400, 304
-0.975006, 241, 57, 304, 120
-0.975189, 193, 41, 320, 104
-0.975219, 345, 145, 376, 272
-0.975243, 393, 65, 456, 320
-0.975272, 209, 241, 272, 304
-0.975478, 193, 233, 320, 296
-0.97549, 57, 161, 88, 288
-0.975549, 313, 225, 376, 288
-0.975616, 269, 81, 300, 208
-0.975648, 17, 265, 80, 328
-0.975742, 177, 113, 240, 240
-0.975781, 201, 81, 264, 144
-0.975784, 353, 1, 416, 64
-0.975819, 193, 153, 320, 216
-0.975871, 57, 217, 120, 280
-0.975877, 233, 241, 296, 368
-0.975924, 177, 169, 240, 232
-0.975945, 249, 185, 312, 248
-0.975991, 401, 273, 464, 336
-0.976004, 341, 65, 372, 192
-0.976073, 393, 81, 456, 144
-0.976097, 169, 273, 232, 336
-0.976136, 205, 49, 236, 176
-0.976136, 1, 105, 128, 168
-0.976214, 237, 33, 268, 96
-0.976312, 61, 113, 92, 240
-0.976317, 145, 65, 208, 192
-0.976445, 329, 129, 392, 375
-0.97652, 185, 145, 248, 208
-0.976534, 321, 145, 352, 272
-0.976552, 321, 81, 448, 144
-0.976664, 81, 177, 112, 304
-0.976957, 437, 161, 468, 288
-0.977001, 33, 225, 96, 288
-0.977013, 185, 81, 216, 144
-0.977069, 297, 193, 328, 320
-0.977114, 73, 249, 136, 312
-0.977124, 337, 257, 400, 320
-0.977248, 345, 153, 376, 216
-0.977276, 161, 89, 288, 152
-0.977298, 113, 177, 240, 240
-0.977363, 201, 313, 264, 375
-0.97739, 49, 249, 112, 312
-0.977452, 241, 257, 304, 320
-0.977457, 73, 113, 104, 240
-0.977502, 233, 113, 296, 240
-0.977576, 257, 201, 384, 264
-0.97758, 1, 177, 64, 240
-0.977696, 17, 193, 144, 256
-0.97771, 73, 97, 136, 352
-0.977725, 433, 265, 496, 328
-0.977727, 337, 1, 368, 128
-0.977764, 193, 33, 256, 288
-0.97796, 169, 65, 232, 320
-0.977974, 265, 137, 328, 200
-0.978058, 361, 129, 424, 375
-0.978085, 137, 273, 200, 336
-0.978097, 129, 33, 256, 160
-0.978158, 381, 193, 412, 320
-0.978214, 369, 185, 400, 248
-0.978215, 145, 313, 208, 375
-0.978281, 293, 241, 324, 368
-0.978285, 209, 1, 272, 375
-0.978445, 425, 241, 488, 304
-0.978611, 209, 161, 272, 224
-0.978617, 225, 33, 256, 96
-0.978639, 289, 65, 352, 192
-0.978701, 353, 137, 480, 200
-0.978718, 257, 153, 384, 216
-0.978817, 353, 305, 480, 368
-0.978832, 413, 193, 444, 320
-0.978875, 233, 33, 296, 96
-0.978887, 257, 49, 320, 176
-0.978964, 305, 209, 432, 272
-0.979022, 121, 297, 184, 360
-0.979029, 1, 97, 64, 160
-0.979092, 173, 89, 204, 152
-0.979128, 249, 209, 312, 272
-0.979201, 369, 265, 432, 328
-0.979226, 17, 129, 80, 375
-0.979273, 369, 137, 432, 200
-0.979289, 321, 9, 448, 72
-0.979314, 337, 209, 400, 272
-0.979314, 369, 313, 432, 375
-0.979341, 113, 153, 240, 216
-0.979389, 97, 217, 160, 280
-0.979399, 141, 177, 172, 304
-0.97949, 409, 305, 472, 368
-0.979499, 241, 25, 368, 88
-0.979534, 97, 249, 160, 312
-0.979555, 265, 81, 328, 144
-0.979599, 321, 129, 384, 192
-0.979609, 281, 97, 312, 224
-0.979684, 293, 249, 324, 312
-0.979715, 313, 201, 376, 264
-0.979723, 185, 17, 248, 144
-0.979744, 249, 57, 280, 120
-0.979954, 353, 257, 480, 320
-0.979964, 89, 289, 152, 352
-0.979978, 89, 313, 152, 375
-0.980139, 69, 161, 100, 288
-0.980157, 61, 177, 92, 240
-0.980196, 189, 113, 220, 176
-0.980203, 353, 33, 416, 288
-0.980256, 341, 17, 372, 80
-0.980268, 217, 265, 280, 328
-0.980312, 341, 57, 372, 120
-0.980361, 369, 281, 496, 344
-0.980415, 97, 225, 224, 288
-0.980447, 129, 209, 160, 336
-0.980508, 413, 209, 444, 272
-0.980572, 309, 161, 340, 288
-0.980585, 161, 209, 288, 272
-0.980626, 269, 89, 300, 152
-0.980631, 113, 257, 240, 320
-0.980644, 329, 1, 392, 375
-0.980685, 333, 161, 364, 224
-0.980712, 1, 297, 64, 360
-0.980726, 33, 161, 160, 224
-0.980769, 153, 177, 184, 304
-0.98077, 425, 49, 488, 176
-0.980823, 273, 313, 336, 375
-0.98083, 1, 81, 128, 208
-0.980849, 381, 193, 412, 256
-0.980857, 185, 209, 248, 272
-0.980865, 201, 113, 232, 176
-0.980866, 425, 153, 456, 216
-0.98087, 289, 105, 320, 168
-0.980939, 437, 113, 468, 240
-0.980948, 213, 49, 244, 112
-0.981014, 433, 73, 496, 136
-0.981163, 305, 185, 336, 248
-0.981219, 365, 217, 396, 280
-0.981248, 437, 161, 468, 224
-0.981256, 209, 257, 336, 320
-0.981293, 341, 81, 372, 144
-0.981299, 65, 297, 128, 360
-0.9813, 393, 209, 424, 272
-0.981311, 65, 121, 96, 184
-0.981334, 321, 145, 352, 208
-0.981363, 441, 193, 472, 256
-0.98139, 113, 281, 240, 344
-0.981437, 273, 265, 400, 328
-0.981437, 433, 217, 464, 280
-0.981505, 129, 65, 192, 320
-0.981523, 145, 129, 176, 192
-0.98154, 369, 241, 400, 368
-0.981627, 201, 289, 264, 352
-0.981642, 97, 65, 160, 320
-0.981744, 353, 65, 384, 192
-0.981746, 129, 89, 192, 152
-0.981752, 153, 225, 184, 288
-0.981799, 53, 137, 84, 200
-0.981842, 41, 273, 104, 336
-0.981878, 313, 121, 344, 184
-0.981955, 65, 97, 96, 160
-0.981963, 377, 113, 440, 176
-0.981976, 329, 25, 360, 88
-0.982058, 241, 129, 304, 192
-0.982128, 333, 113, 364, 176
-0.982151, 193, 313, 320, 375
-0.982183, 137, 209, 168, 272
-0.982282, 1, 145, 64, 208
-0.982292, 141, 185, 172, 248
-0.982303, 321, 57, 448, 120
-0.98232, 273, 185, 336, 248
-0.982352, 321, 177, 352, 240
-0.982376, 273, 233, 304, 296
-0.982409, 165, 129, 196, 192
-0.982437, 401, 193, 432, 320
-0.982456, 157, 153, 188, 216
-0.982467, 1, 137, 128, 200
-0.982485, 425, 97, 456, 160
-0.982488, 333, 137, 364, 200
-0.982494, 209, 217, 272, 280
-0.982547, 17, 257, 144, 320
-0.982574, 433, 297, 496, 360
-0.982596, 253, 81, 284, 144
-0.982642, 241, 177, 368, 240
-0.982668, 421, 233, 452, 296
-0.982683, 177, 177, 304, 240
-0.982685, 241, 1, 272, 128
-0.982753, 437, 113, 468, 176
-0.982827, 289, 17, 352, 144
-0.982832, 85, 113, 116, 176
-0.982833, 153, 225, 184, 352
-0.982845, 301, 121, 332, 184
-0.982849, 201, 65, 232, 128
-0.982854, 437, 225, 468, 352
-0.982878, 357, 145, 388, 208
-0.982881, 365, 1, 396, 64
-0.982978, 421, 185, 452, 248
-0.983098, 69, 241, 100, 304
-0.983144, 1, 217, 128, 280
-0.983185, 37, 241, 68, 368
-0.983193, 417, 129, 448, 256
-0.983257, 77, 145, 108, 208
-0.983265, 425, 225, 456, 352
-0.983293, 293, 201, 324, 264
-0.983307, 13, 225, 44, 352
-0.983355, 105, 185, 136, 248
-0.98338, 137, 153, 168, 216
-0.983382, 201, 241, 232, 368
-0.98339, 241, 105, 272, 168
-0.983422, 393, 17, 456, 144
-0.983424, 333, 161, 364, 288
-0.98344, 177, 113, 208, 176
-0.983478, 53, 113, 84, 176
-0.983495, 125, 145, 156, 208
-0.983518, 241, 1, 304, 375
-0.983533, 425, 129, 456, 192
-0.983597, 329, 49, 360, 112
-0.983613, 81, 193, 112, 256
-0.983629, 357, 209, 388, 336
-0.983678, 165, 225, 196, 288
-0.983736, 73, 217, 104, 280
-0.983754, 353, 97, 384, 160
-0.983781, 117, 209, 148, 336
-0.983791, 65, 145, 96, 208
-0.983793, 465, 233, 496, 296
-0.983802, 217, 97, 280, 352
-0.983814, 209, 53, 272, 84
-0.983822, 9, 201, 40, 264
-0.983831, 257, 225, 288, 288
-0.983845, 409, 233, 440, 296
-0.983849, 309, 249, 340, 312
-0.983892, 33, 265, 64, 328
-0.983996, 125, 225, 156, 288
-0.983999, 329, 81, 360, 144
-0.984022, 289, 313, 416, 375
-0.984059, 161, 73, 416, 136
-0.984098, 49, 161, 80, 224
-0.984143, 197, 145, 228, 208
-0.984157, 381, 169, 412, 232
-0.984204, 109, 129, 140, 192
-0.98422, 13, 233, 44, 296
-0.984226, 49, 185, 80, 248
-0.984244, 265, 1, 328, 256
-0.984262, 33, 33, 96, 288
-0.984272, 173, 225, 204, 352
-0.984291, 445, 137, 476, 200
-0.984315, 117, 185, 148, 248
-0.98437, 65, 241, 96, 368
-0.984396, 353, 17, 384, 80
-0.984416, 193, 193, 224, 320
-0.98442, 281, 209, 312, 272
-0.984446, 157, 177, 188, 240
-0.984546, 285, 81, 316, 144
-0.98455, 301, 97, 332, 160
-0.984555, 201, 249, 232, 312
-0.984618, 313, 97, 344, 160
-0.984624, 101, 161, 132, 288
-0.984681, 309, 241, 340, 368
-0.984701, 25, 193, 56, 320
-0.984789, 9, 97, 72, 224
-0.984794, 141, 241, 172, 304
-0.984794, 93, 257, 124, 320
-0.984841, 425, 65, 456, 192
-0.984859, 281, 257, 312, 320
-0.984931, 65, 249, 192, 312
-0.984941, 357, 177, 388, 240
-0.984951, 81, 241, 112, 304
-0.984965, 333, 113, 364, 240
-0.984997, 453, 225, 484, 352
-0.985006, 109, 289, 140, 352
-0.985008, 29, 225, 60, 288
-0.985016, 97, 129, 128, 192
-0.98505, 153, 201, 184, 264
-0.985065, 61, 217, 92, 280
-0.985066, 361, 1, 392, 128
-0.985074, 29, 201, 60, 264
-0.985111, 85, 297, 116, 360
-0.985117, 365, 241, 396, 304
-0.985178, 25, 305, 56, 368
-0.985179, 17, 297, 144, 360
-0.985183, 369, 161, 400, 224
-0.985193, 1, 209, 32, 336
-0.98523, 393, 177, 424, 240
-0.985235, 185, 1, 248, 375
-0.985252, 285, 177, 316, 304
-0.985267, 161, 89, 192, 152
-0.985316, 353, 73, 384, 136
-0.985318, 113, 305, 240, 368
-0.98532, 65, 297, 192, 360
-0.985326, 449, 169, 480, 232
-0.985387, 41, 137, 72, 200
-0.985425, 353, 213, 416, 244
-0.985582, 65, 193, 192, 256
-0.985596, 273, 129, 400, 192
-0.985604, 293, 225, 324, 288
-0.985608, 177, 217, 208, 280
-0.985649, 101, 225, 132, 352
-0.985653, 365, 73, 396, 136
-0.985665, 125, 121, 156, 184
-0.985675, 45, 177, 76, 304
-0.985684, 365, 97, 396, 160
-0.985704, 189, 217, 220, 280
-0.985733, 349, 201, 380, 264
-0.985733, 201, 305, 232, 368
-0.985784, 465, 225, 496, 352
-0.985796, 357, 113, 388, 240
-0.985846, 461, 169, 492, 232
-0.985881, 285, 153, 316, 216
-0.985883, 85, 113, 116, 240
-0.985918, 129, 177, 160, 240
-0.985983, 73, 65, 136, 192
-0.985993, 53, 241, 84, 304
-0.986022, 177, 241, 208, 304
-0.986026, 449, 257, 480, 320
-0.986042, 161, 265, 288, 328
-0.986057, 217, 281, 248, 344
-0.986068, 217, 313, 248, 375
-0.986082, 445, 233, 476, 296
-0.986101, 177, 177, 208, 240
-0.986132, 321, 97, 352, 224
-0.986158, 145, 41, 272, 104
-0.986209, 161, 105, 416, 168
-0.986225, 181, 65, 212, 192
-0.98627, 413, 241, 444, 368
-0.986284, 217, 41, 280, 72
-0.986296, 205, 97, 236, 224
-0.986299, 245, 97, 276, 224
-0.986323, 265, 257, 328, 288
-0.986335, 369, 113, 496, 176
-0.986357, 393, 201, 456, 232
-0.986359, 241, 225, 368, 288
-0.986383, 393, 213, 456, 244
-0.986385, 261, 177, 292, 304
-0.98652, 145, 233, 272, 296
-0.986551, 81, 225, 112, 352
-0.986562, 265, 1, 328, 375
-0.986646, 385, 1, 448, 375
-0.986735, 161, 49, 416, 112
-0.98674, 305, 289, 432, 352
-0.986767, 137, 101, 200, 132
-0.986835, 157, 129, 188, 256
-0.986956, 141, 225, 172, 352
-0.987023, 129, 129, 384, 192
-0.98705, 113, 201, 240, 264
-0.987272, 369, 129, 400, 256
-0.987309, 25, 1, 88, 375
-0.987344, 201, 65, 264, 96
-0.987357, 45, 129, 76, 256
-0.987378, 49, 217, 176, 280
-0.987381, 281, 241, 312, 368
-0.987457, 361, 201, 424, 232
-0.987529, 297, 145, 328, 272
-0.987543, 437, 65, 468, 192
-0.987733, 25, 109, 88, 140
-0.987794, 233, 81, 264, 208
-0.987812, 257, 225, 288, 352
-0.987819, 313, 93, 376, 124
-0.987857, 329, 81, 392, 112
-0.987869, 241, 89, 304, 120
-0.987895, 177, 117, 240, 148
-0.987924, 433, 1, 496, 375
-0.987947, 329, 21, 392, 52
-0.987984, 189, 241, 220, 368
-0.988015, 289, 93, 352, 124
-0.988163, 321, 169, 384, 200
-0.988205, 249, 105, 312, 136
-0.98822, 393, 229, 456, 260
-0.988251, 329, 49, 360, 176
-0.988264, 425, 33, 488, 288
-0.988316, 209, 281, 336, 344
-0.988318, 381, 241, 412, 368
-0.988351, 321, 141, 384, 172
-0.988362, 417, 217, 480, 248
-0.988516, 1, 89, 500, 152
-0.988567, 361, 229, 424, 260
-0.988575, 289, 153, 352, 184
-0.98865, 273, 177, 304, 304
-0.988761, 305, 1, 368, 375
-0.988808, 145, 17, 208, 144
-0.988817, 241, 253, 304, 284
-0.98885, 353, 1, 416, 375
-0.988875, 369, 89, 496, 152
-0.988931, 329, 153, 392, 184
-0.98895, 265, 129, 296, 256
-0.98899, 53, 241, 84, 368
-0.989015, 161, 165, 224, 196
-0.989071, 13, 177, 44, 304
-0.989074, 25, 173, 88, 204
-0.989085, 205, 177, 236, 304
-0.989094, 257, 233, 500, 296
-0.98911, 49, 105, 112, 136
-0.989127, 257, 105, 500, 168
-0.989139, 417, 229, 480, 260
-0.989141, 1, 1, 64, 375
-0.989173, 33, 161, 96, 192
-0.989182, 105, 101, 168, 132
-0.989228, 113, 73, 240, 136
-0.989271, 193, 129, 256, 375
-0.989274, 313, 181, 376, 212
-0.989335, 369, 1, 496, 128
-0.989355, 1, 109, 64, 140
-0.989375, 161, 153, 416, 216
-0.98938, 329, 341, 392, 372
-0.989399, 449, 97, 480, 224
-0.989399, 25, 241, 56, 368
-0.989408, 169, 89, 232, 120
-0.989506, 449, 145, 480, 272
-0.989555, 329, 69, 392, 100
-0.989556, 425, 157, 488, 188
-0.989569, 209, 117, 272, 148
-0.98957, 73, 173, 136, 204
-0.989661, 241, 77, 304, 108
-0.989681, 297, 141, 360, 172
-0.989726, 401, 157, 464, 188
-0.989754, 249, 241, 312, 272
-0.989788, 273, 345, 336, 375
-0.989795, 417, 169, 480, 200
-0.989816, 113, 133, 176, 164
-0.989834, 81, 105, 144, 136
-0.989842, 217, 113, 248, 240
-0.989855, 249, 161, 280, 288
-0.989867, 101, 113, 132, 240
-0.989877, 193, 257, 448, 320
-0.98988, 17, 229, 80, 260
-0.989881, 265, 93, 328, 124
-0.989919, 177, 129, 240, 160
-0.989941, 73, 1, 136, 256
-0.98995, 361, 1, 424, 32
-0.989987, 1, 97, 256, 160
-0.990047, 401, 105, 464, 136
-0.990141, 41, 193, 104, 224
-0.990175, 81, 193, 144, 224
-0.99018, 405, 145, 436, 272
-0.990219, 417, 205, 480, 236
-0.990259, 297, 341, 360, 372
-0.99026, 393, 145, 424, 272
-0.990273, 273, 105, 336, 136
-0.990291, 313, 121, 376, 152
-0.990367, 433, 193, 496, 224
-0.990423, 141, 129, 172, 256
-0.990458, 273, 117, 336, 148
-0.990474, 221, 225, 252, 352
-0.990488, 289, 257, 352, 288
-0.990508, 113, 217, 176, 248
-0.990527, 257, 1, 320, 128
-0.990551, 17, 201, 80, 232
-0.9906, 401, 145, 464, 176
-0.990614, 1, 137, 256, 200
-0.990614, 433, 273, 496, 304
-0.99062, 273, 129, 336, 160
-0.990626, 145, 1, 208, 375
-0.990699, 377, 241, 440, 272
-0.990707, 161, 341, 224, 372
-0.990715, 409, 1, 472, 375
-0.99072, 337, 241, 400, 272
-0.990734, 217, 261, 280, 292
-0.990743, 361, 189, 424, 220
-0.990767, 357, 161, 388, 288
-0.990794, 153, 213, 216, 244
-0.99081, 137, 173, 200, 204
-0.990812, 161, 101, 224, 132
-0.990818, 177, 81, 304, 112
-0.990824, 129, 253, 192, 284
-0.990856, 297, 165, 360, 196
-0.990865, 337, 193, 400, 224
-0.990889, 117, 145, 148, 272
-0.990902, 153, 149, 216, 180
-0.990906, 145, 113, 208, 144
-0.99093, 361, 333, 424, 364
-0.990942, 361, 1, 424, 128
-0.990951, 41, 221, 104, 252
-0.991004, 33, 129, 64, 256
-0.99101, 353, 89, 416, 120
-0.991012, 425, 105, 488, 136
-0.991029, 353, 141, 416, 172
-0.991044, 209, 105, 272, 136
-0.991098, 193, 77, 256, 108
-0.991105, 81, 217, 144, 248
-0.991133, 297, 45, 360, 76
-0.991179, 265, 181, 328, 212
-0.991188, 177, 213, 240, 244
-0.991189, 257, 93, 384, 124
-0.991197, 401, 133, 464, 164
-0.991203, 1, 137, 500, 200
-0.991207, 89, 297, 152, 328
-0.991226, 225, 201, 480, 264
-0.991257, 121, 153, 184, 184
-0.991261, 161, 289, 288, 352
-0.991263, 385, 177, 448, 208
-0.991296, 1, 33, 64, 288
-0.991359, 49, 1, 112, 375
-0.991393, 57, 157, 120, 188
-0.991406, 353, 101, 416, 132
-0.991453, 369, 321, 432, 352
-0.991468, 209, 129, 272, 160
-0.991469, 81, 1, 144, 375
-0.991481, 97, 177, 160, 208
-0.991481, 401, 329, 464, 360
-0.991489, 281, 209, 344, 240
-0.991499, 237, 37, 268, 68
-0.991536, 217, 145, 280, 176
-0.991593, 257, 81, 500, 144
-0.991593, 1, 113, 500, 176
-0.991595, 305, 81, 368, 112
-0.991595, 65, 225, 320, 288
-0.991598, 433, 141, 496, 172
-0.991642, 169, 253, 232, 284
-0.991643, 137, 133, 200, 164
-0.99165, 1, 165, 64, 196
-0.991656, 161, 313, 416, 375
-0.99166, 65, 273, 192, 336
-0.991678, 257, 161, 500, 224
-0.991714, 129, 337, 192, 368
-0.99174, 97, 165, 160, 196
-0.991741, 293, 257, 324, 288
-0.991785, 265, 165, 328, 196
-0.991794, 161, 225, 416, 288
-0.991809, 57, 265, 120, 296
-0.991844, 177, 177, 208, 304
-0.991851, 249, 73, 280, 104
-0.99192, 177, 149, 240, 180
-0.991921, 321, 209, 384, 240
-0.991921, 145, 233, 208, 264
-0.991926, 209, 157, 272, 188
-0.991949, 49, 173, 112, 204
-0.99195, 369, 297, 432, 328
-0.991953, 161, 177, 416, 240
-0.991963, 385, 85, 448, 116
-0.991977, 97, 257, 160, 288
-0.992002, 261, 33, 292, 160
-0.992046, 81, 17, 208, 144
-0.992057, 353, 13, 416, 44
-0.992074, 65, 73, 320, 136
-0.992083, 145, 277, 208, 308
-0.992096, 321, 221, 384, 252
-0.992099, 217, 77, 280, 108
-0.99211, 345, 153, 376, 184
-0.992115, 41, 137, 104, 168
-0.992186, 197, 117, 228, 148
-0.992205, 401, 285, 464, 316
-0.992209, 1, 193, 500, 256
-0.992221, 365, 49, 396, 176
-0.992225, 81, 137, 144, 168
-0.992247, 305, 345, 336, 375
-0.992248, 289, 185, 352, 216
-0.992261, 105, 281, 168, 312
-0.992262, 353, 77, 416, 108
-0.992283, 1, 249, 500, 312
-0.992292, 209, 245, 272, 276
-0.992293, 169, 101, 200, 132
-0.992297, 241, 241, 272, 368
-0.992299, 1, 257, 256, 320
-0.992308, 365, 193, 396, 224
-0.992314, 289, 93, 320, 124
-0.992334, 269, 93, 300, 124
-0.992342, 341, 81, 372, 112
-0.992347, 425, 161, 456, 192
-0.992379, 305, 33, 432, 96
-0.992395, 81, 101, 208, 132
-0.992425, 381, 145, 412, 272
-0.992442, 161, 25, 416, 88
-0.992447, 145, 17, 272, 80
-0.992484, 161, 81, 192, 208
-0.992498, 369, 1, 400, 32
-0.992501, 53, 105, 84, 136
-0.99251, 181, 89, 212, 120
-0.992516, 377, 201, 408, 232
-0.992522, 193, 145, 224, 272
-0.992523, 333, 141, 364, 172
-0.992546, 85, 173, 116, 204
-0.992564, 221, 45, 252, 76
-0.992601, 33, 65, 96, 192
-0.99261, 209, 201, 336, 264
-0.992616, 353, 213, 480, 244
-0.992633, 1, 177, 256, 240
-0.992655, 341, 65, 372, 96
-0.992666, 257, 137, 500, 200
-0.992669, 433, 233, 464, 264
-0.992679, 281, 253, 312, 284
-0.99268, 421, 221, 452, 252
-0.992685, 65, 105, 96, 136
-0.992724, 365, 181, 396, 212
-0.992763, 1, 289, 256, 352
-0.992766, 393, 213, 424, 244
-0.992783, 317, 153, 348, 184
-0.992794, 337, 25, 368, 56
-0.992811, 213, 57, 244, 88
-0.992812, 137, 65, 168, 192
-0.992816, 17, 129, 48, 256
-0.992871, 333, 345, 364, 375
-0.992872, 317, 181, 348, 212
-0.992877, 241, 105, 272, 136
-0.992893, 89, 105, 120, 136
-0.992894, 353, 201, 480, 232
-0.9929, 321, 145, 448, 176
-0.992907, 77, 105, 108, 136
-0.992913, 13, 109, 44, 140
-0.992918, 365, 213, 396, 244
-0.992935, 437, 173, 468, 204
-0.992938, 69, 161, 100, 192
-0.99295, 183, 89, 198, 152
-0.992951, 185, 117, 216, 148
-0.992955, 421, 237, 452, 268
-0.992965, 421, 209, 452, 240
-0.992972, 361, 237, 392, 268
-0.992983, 41, 105, 72, 136
-0.992986, 249, 61, 280, 92
-0.992993, 149, 101, 180, 132
-0.993005, 233, 49, 264, 80
-0.993008, 253, 85, 284, 116
-0.993012, 337, 165, 368, 196
-0.993015, 425, 109, 456, 140
-0.993017, 409, 221, 440, 252
-0.993026, 433, 213, 464, 244
-0.993036, 437, 141, 468, 172
-0.993038, 225, 33, 256, 64
-0.993043, 297, 117, 328, 148
-0.993072, 301, 93, 332, 124
-0.99308, 61, 229, 92, 260
-0.993089, 257, 289, 384, 352
-0.993091, 329, 49, 360, 80
-0.993095, 441, 193, 472, 224
-0.993097, 137, 101, 168, 132
-0.993101, 437, 157, 468, 188
-0.993128, 301, 189, 332, 220
-0.993134, 281, 105, 312, 136
-0.99314, 1, 109, 32, 140
-0.993143, 247, 25, 262, 88
-0.993145, 341, 93, 372, 124
-0.99315, 321, 157, 448, 188
-0.99315, 57, 173, 88, 204
-0.993151, 425, 145, 456, 176
-0.993154, 109, 101, 140, 132
-0.993156, 73, 121, 104, 152
-0.993177, 241, 61, 368, 92
-0.99318, 149, 245, 180, 276
-0.9932, 13, 165, 44, 196
-0.993212, 365, 225, 396, 256
-0.993232, 141, 213, 172, 244
-0.993237, 425, 173, 456, 204
-0.993239, 321, 121, 352, 152
-0.993249, 153, 173, 184, 204
-0.99325, 189, 81, 204, 144
-0.993257, 461, 161, 492, 288
-0.993258, 25, 109, 56, 140
-0.993262, 57, 201, 88, 232
-0.993262, 137, 129, 168, 160
-0.993271, 357, 145, 388, 176
-0.993273, 173, 113, 204, 144
-0.993275, 321, 37, 352, 68
-0.993278, 121, 101, 152, 132
-0.993279, 161, 233, 192, 264
-0.993281, 61, 137, 92, 168
-0.993287, 25, 161, 56, 192
-0.993294, 241, 49, 368, 80
-0.993295, 437, 125, 468, 156
-0.993298, 209, 109, 336, 140
-0.993301, 205, 69, 236, 100
-0.993306, 73, 177, 104, 208
-0.99331, 317, 341, 348, 372
-0.993333, 309, 121, 340, 152
-0.993343, 61, 249, 92, 280
-0.993353, 1, 109, 128, 140
-0.993356, 145, 161, 176, 192
-0.993361, 441, 113, 472, 144
-0.993361, 293, 245, 324, 276
-0.993363, 85, 117, 116, 148
-0.993378, 349, 341, 380, 372
-0.993379, 29, 309, 60, 340
-0.99338, 145, 145, 176, 176
-0.993383, 73, 249, 104, 280
-0.993392, 397, 229, 428, 260
-0.993398, 361, 13, 392, 44
-0.993407, 269, 253, 300, 284
-0.99341, 1, 221, 32, 252
-0.99342, 445, 217, 476, 248
-0.993425, 345, 193, 376, 320
-0.993439, 421, 197, 452, 228
-0.993451, 105, 1, 168, 375
-0.993457, 61, 189, 92, 220
-0.993467, 273, 237, 304, 268
-0.993479, 157, 221, 188, 252
-0.99349, 321, 141, 352, 172
-0.993492, 193, 289, 448, 352
-0.993501, 325, 89, 356, 120
-0.993506, 165, 129, 196, 160
-0.993507, 73, 217, 104, 248
-0.993509, 369, 333, 400, 364
-0.99352, 73, 237, 104, 268
-0.993527, 413, 325, 444, 356
-0.993528, 161, 161, 192, 192
-0.993528, 109, 309, 140, 340
-0.993532, 97, 249, 352, 312
-0.993534, 357, 1, 388, 32
-0.993534, 73, 261, 104, 292
-0.993546, 361, 77, 392, 108
-0.993552, 49, 161, 80, 192
-0.993555, 141, 177, 172, 208
-0.993555, 25, 225, 56, 256
-0.993555, 61, 217, 92, 248
-0.993557, 25, 173, 56, 204
-0.993569, 237, 117, 268, 148
-0.993572, 129, 225, 160, 256
-0.993573, 377, 181, 408, 212
-0.993577, 349, 17, 380, 48
-0.993579, 65, 73, 192, 136
-0.99358, 241, 73, 368, 104
-0.993593, 409, 233, 440, 264
-0.993663, 257, 57, 500, 120
-0.993665, 273, 345, 400, 375
-0.993671, 177, 69, 304, 100
-0.993725, 307, 249, 322, 312
-0.993726, 305, 65, 336, 192
-0.993728, 113, 165, 240, 196
-0.993733, 353, 177, 480, 208
-0.993763, 1, 161, 32, 288
-0.993804, 339, 25, 354, 88
-0.993907, 343, 49, 358, 112
-0.993937, 165, 177, 196, 304
-0.993943, 281, 49, 312, 176
-0.993977, 345, 17, 360, 80
-0.99399, 241, 141, 368, 172
-0.993994, 227, 33, 242, 96
-0.994022, 161, 93, 288, 124
-0.994032, 325, 1, 356, 128
-0.994046, 177, 57, 304, 88
-0.994054, 289, 177, 416, 208
-0.994071, 73, 161, 88, 224
-0.994139, 221, 41, 236, 104
-0.994227, 461, 97, 492, 224
-0.994251, 113, 33, 176, 160
-0.994255, 79, 201, 94, 264
-0.994264, 161, 129, 288, 160
-0.994306, 161, 117, 288, 148
-0.994308, 77, 97, 92, 160
-0.994312, 241, 1, 368, 64
-0.994375, 445, 161, 460, 224
-0.994377, 81, 113, 208, 144
-0.994434, 257, 165, 384, 196
-0.994453, 375, 177, 390, 240
-0.994457, 1, 173, 128, 204
-0.994474, 273, 105, 400, 136
-0.994485, 1, 289, 500, 352
-0.994494, 321, 81, 448, 112
-0.994498, 241, 37, 368, 68
-0.994553, 353, 225, 480, 256
-0.994586, 177, 89, 192, 152
-0.994602, 305, 205, 432, 236
-0.99463, 129, 201, 384, 264
-0.994644, 193, 113, 208, 176
-0.994652, 289, 257, 416, 288
-0.994659, 443, 105, 458, 168
-0.994678, 257, 49, 272, 112
-0.99468, 269, 225, 300, 352
-0.994725, 435, 89, 450, 152
-0.994728, 331, 145, 346, 208
-0.994765, 1, 65, 500, 128
-0.994771, 289, 245, 416, 276
-0.994801, 199, 113, 214, 176
-0.994803, 443, 185, 458, 248
-0.994811, 333, 25, 348, 88
-0.994817, 129, 145, 160, 272
-0.994833, 439, 161, 454, 224
-0.994857, 437, 185, 452, 248
-0.994872, 353, 333, 480, 364
-0.99488, 273, 121, 400, 152
-0.994897, 283, 89, 298, 152
-0.994907, 435, 209, 450, 272
-0.99491, 77, 225, 92, 288
-0.994934, 299, 241, 314, 304
-0.994972, 353, 133, 480, 164
-0.99498, 209, 173, 336, 204
-0.994992, 1, 169, 500, 232
-0.994996, 347, 73, 362, 136
-0.994998, 1, 201, 256, 264
-0.995009, 81, 133, 208, 164
-0.995019, 197, 81, 212, 144
-0.995029, 225, 153, 352, 184
-0.995039, 209, 253, 336, 284
-0.995041, 155, 225, 170, 288
-0.995042, 349, 153, 364, 216
-0.995042, 187, 113, 202, 176
-0.99505, 87, 113, 102, 176
-0.995061, 263, 57, 278, 120
-0.99507, 339, 137, 354, 200
-0.995071, 77, 121, 92, 184
-0.995081, 65, 49, 320, 112
-0.995093, 257, 221, 384, 252
-0.995102, 337, 161, 352, 224
-0.995119, 97, 281, 352, 344
-0.995134, 209, 121, 336, 152
-0.995136, 289, 193, 416, 224
-0.995147, 1, 217, 500, 280
-0.99517, 65, 169, 192, 200
-0.995172, 403, 209, 418, 272
-0.995172, 163, 137, 178, 200
-0.995177, 353, 237, 480, 268
-0.995177, 83, 137, 98, 200
-0.995198, 449, 49, 480, 176
-0.995204, 205, 73, 220, 136
-0.995212, 157, 201, 172, 264
-0.99522, 301, 105, 316, 168
-0.995226, 233, 33, 248, 96
-0.995246, 381, 185, 396, 248
-0.995249, 321, 117, 448, 148
-0.995262, 321, 177, 336, 240
-0.995266, 33, 313, 288, 375
-0.995283, 355, 145, 370, 208
-0.995287, 353, 189, 480, 220
-0.995301, 341, 73, 356, 136
-0.995308, 147, 185, 162, 248
-0.995329, 209, 97, 336, 128
-0.995359, 71, 185, 86, 248
-0.995363, 271, 81, 286, 144
-0.995374, 295, 105, 310, 168
-0.995389, 355, 17, 370, 80
-0.995395, 1, 161, 128, 192
-0.995415, 1, 141, 128, 172
-0.995418, 369, 289, 496, 320
-0.99542, 63, 153, 78, 216
-0.995431, 353, 97, 480, 128
-0.995439, 1, 33, 128, 160
-0.995439, 325, 137, 340, 200
-0.995457, 355, 73, 370, 136
-0.995459, 149, 129, 164, 192
-0.995479, 159, 169, 174, 232
-0.995496, 137, 137, 152, 200
-0.9955, 439, 129, 454, 192
-0.995502, 317, 121, 332, 184
-0.995507, 369, 277, 496, 308
-0.995526, 313, 249, 328, 312
-0.995544, 251, 105, 266, 168
-0.995562, 413, 65, 444, 192
-0.995568, 1, 81, 128, 144
-0.995568, 291, 249, 306, 312
-0.995615, 305, 221, 432, 252
-0.995634, 337, 1, 368, 256
-0.995637, 225, 345, 352, 375
-0.995638, 435, 233, 450, 296
-0.995639, 369, 1, 384, 64
-0.995642, 339, 113, 354, 176
-0.995648, 427, 209, 442, 272
-0.995652, 241, 33, 256, 96
-0.995672, 307, 193, 322, 256
-0.995709, 361, 145, 376, 208
-0.995716, 1, 113, 32, 240
-0.995717, 369, 209, 384, 272
-0.995719, 343, 161, 358, 224
-0.995726, 21, 201, 36, 264
-0.995733, 65, 97, 80, 160
-0.995745, 397, 177, 412, 240
-0.995754, 327, 177, 342, 240
-0.995759, 205, 113, 220, 176
-0.995768, 321, 25, 448, 56
-0.995771, 277, 89, 292, 152
-0.995774, 441, 217, 456, 280
-0.995785, 113, 341, 240, 372
-0.995791, 113, 153, 240, 184
-0.995799, 17, 221, 144, 252
-0.995816, 71, 121, 86, 184
-0.995831, 85, 193, 100, 256
-0.995831, 363, 17, 378, 80
-0.995832, 353, 261, 480, 292
-0.995836, 257, 313, 500, 375
-0.995839, 251, 73, 266, 136
-0.995839, 315, 185, 330, 248
-0.995848, 403, 185, 418, 248
-0.995861, 49, 153, 176, 184
-0.995868, 273, 233, 400, 264
-0.995871, 389, 201, 404, 264
-0.995879, 431, 145, 446, 208
-0.99589, 211, 65, 226, 128
-0.995916, 245, 97, 260, 160
-0.995928, 349, 105, 364, 168
-0.995931, 333, 121, 348, 184
-0.99594, 97, 213, 224, 244
-0.995957, 177, 233, 192, 296
-0.99596, 193, 141, 320, 172
-0.995966, 169, 129, 184, 192
-0.995969, 321, 241, 352, 368
-0.99598, 389, 177, 404, 240
-0.995983, 293, 81, 308, 144
-0.995992, 15, 201, 30, 264
-0.995995, 349, 49, 364, 112
-0.995996, 259, 233, 274, 296
-0.996018, 293, 97, 324, 352
-0.996047, 161, 45, 288, 76
-0.996056, 253, 25, 268, 88
-0.996056, 161, 225, 176, 288
-0.996057, 369, 177, 384, 240
-0.996067, 257, 209, 384, 240
-0.99607, 71, 233, 86, 296
-0.996073, 161, 161, 288, 192
-0.996078, 53, 121, 68, 184
-0.996093, 397, 201, 412, 264
-0.996097, 145, 213, 272, 244
-0.996103, 211, 113, 226, 176
-0.996104, 289, 105, 304, 168
-0.996105, 413, 225, 428, 288
-0.996114, 309, 89, 324, 152
-0.996116, 129, 137, 144, 200
-0.996117, 355, 113, 370, 176
-0.996126, 1, 137, 16, 200
-0.996128, 321, 65, 448, 96
-0.996129, 121, 185, 136, 248
-0.996146, 133, 225, 148, 288
-0.996149, 193, 185, 320, 216
-0.996159, 459, 169, 474, 232
-0.996177, 57, 161, 72, 224
-0.996188, 49, 261, 176, 292
-0.99619, 157, 137, 172, 200
-0.996191, 371, 73, 386, 136
-0.996196, 97, 225, 224, 256
-0.996199, 23, 225, 38, 288
-0.996207, 305, 93, 432, 124
-0.996209, 51, 161, 66, 224
-0.996221, 177, 337, 304, 368
-0.996225, 309, 121, 324, 184
-0.996227, 61, 121, 76, 184
-0.996228, 369, 65, 496, 128
-0.996233, 353, 1, 480, 32
-0.996245, 427, 233, 442, 296
-0.99625, 447, 137, 462, 200
-0.996255, 9, 201, 24, 264
-0.996256, 325, 105, 340, 168
-0.996256, 475, 233, 490, 296
-0.996259, 451, 169, 466, 232
-0.996312, 257, 33, 500, 96
-0.996314, 193, 325, 320, 356
-0.996333, 113, 301, 240, 332
-0.996361, 113, 281, 240, 312
-0.996365, 193, 241, 320, 272
-0.996368, 369, 301, 496, 332
-0.996388, 369, 145, 496, 176
-0.996393, 233, 1, 264, 256
-0.996402, 353, 249, 480, 280
-0.996423, 305, 97, 336, 352
-0.996423, 349, 1, 380, 256
-0.996435, 193, 265, 320, 296
-0.996453, 253, 33, 284, 288
-0.996454, 241, 313, 368, 375
-0.996478, 145, 189, 272, 220
-0.996495, 1, 313, 500, 375
-0.996505, 129, 105, 256, 136
-0.996517, 289, 333, 416, 364
-0.996519, 1, 313, 128, 344
-0.996567, 273, 65, 304, 320
-0.996572, 193, 17, 224, 144
-0.996601, 1, 301, 128, 332
-0.996613, 289, 269, 416, 300
-0.996643, 273, 153, 400, 184
-0.996647, 369, 321, 496, 352
-0.996669, 217, 161, 248, 288
-0.996671, 145, 253, 272, 284
-0.996699, 65, 189, 192, 220
-0.996701, 337, 13, 464, 44
-0.99674, 381, 65, 412, 192
-0.996742, 361, 1, 392, 256
-0.996753, 49, 341, 176, 372
-0.996804, 65, 297, 192, 328
-0.996815, 113, 329, 240, 360
-0.996821, 33, 97, 160, 128
-0.996831, 161, 173, 288, 204
-0.996865, 317, 129, 348, 375
-0.99688, 113, 177, 240, 208
-0.996892, 181, 129, 212, 256
-0.996921, 369, 165, 496, 196
-0.996924, 337, 241, 368, 368
-0.996937, 349, 97, 380, 352
-0.996946, 227, 37, 242, 68
-0.996951, 425, 97, 456, 352
-0.996959, 241, 25, 368, 56
-0.996962, 177, 225, 304, 256
-0.996977, 305, 289, 432, 320
-0.996977, 221, 1, 252, 256
-0.996985, 149, 81, 180, 208
-0.997018, 293, 49, 324, 176
-0.997044, 97, 253, 224, 284
-0.997066, 1, 201, 128, 232
-0.997095, 49, 313, 176, 344
-0.997105, 57, 129, 88, 375
-0.997111, 437, 129, 468, 375
-0.997112, 81, 97, 112, 352
-0.997141, 1, 265, 128, 296
-0.997143, 181, 93, 196, 124
-0.997149, 247, 33, 262, 64
-0.99721, 303, 257, 318, 288
-0.997251, 209, 33, 240, 288
-0.997281, 295, 97, 310, 128
-0.997306, 357, 149, 372, 180
-0.99731, 369, 85, 496, 116
-0.997337, 221, 49, 236, 80
-0.997339, 81, 65, 112, 192
-0.997356, 77, 105, 92, 136
-0.99736, 309, 341, 324, 372
-0.997372, 33, 25, 288, 88
-0.997383, 1, 237, 128, 268
-0.997399, 337, 345, 464, 375
-0.997411, 435, 213, 450, 244
-0.997418, 321, 305, 448, 336
-0.997422, 283, 93, 298, 124
-0.997423, 371, 1, 386, 32
-0.997426, 255, 53, 270, 84
-0.997428, 129, 265, 256, 296
-0.997441, 69, 129, 100, 375
-0.997447, 439, 169, 454, 200
-0.997457, 351, 65, 366, 96
-0.997468, 241, 269, 368, 300
-0.997471, 175, 97, 190, 128
-0.997488, 97, 313, 224, 344
-0.997495, 33, 129, 160, 160
-0.997505, 113, 89, 240, 120
-0.99751, 325, 1, 356, 256
-0.997532, 321, 53, 448, 84
-0.997544, 193, 205, 320, 236
-0.997554, 67, 105, 82, 136
-0.997567, 373, 129, 404, 375
-0.997568, 17, 289, 144, 320
-0.997582, 73, 181, 88, 212
-0.997594, 341, 165, 356, 196
-0.997604, 333, 33, 348, 64
-0.997605, 77, 125, 92, 156
-0.997608, 145, 141, 272, 172
-0.997623, 191, 117, 206, 148
-0.997625, 161, 1, 416, 64
-0.997629, 187, 89, 202, 120
-0.997635, 145, 33, 272, 64
-0.997636, 261, 129, 292, 375
-0.99764, 91, 105, 106, 136
-0.997644, 157, 65, 188, 320
-0.997655, 291, 253, 306, 284
-0.997668, 339, 25, 354, 56
-0.997669, 377, 181, 392, 212
-0.997672, 207, 69, 222, 100
-0.997675, 297, 257, 312, 288
-0.99768, 305, 37, 432, 68
-0.997682, 181, 109, 196, 140
-0.997687, 73, 169, 88, 200
-0.99769, 237, 41, 252, 72
-0.997691, 211, 117, 226, 148
-0.997696, 387, 197, 402, 228
-0.9977, 197, 33, 228, 288
-0.9977, 337, 129, 368, 375
-0.997701, 443, 193, 458, 224
-0.997705, 303, 93, 318, 124
-0.99771, 351, 81, 366, 112
-0.99771, 305, 133, 432, 164
-0.997717, 241, 185, 368, 216
-0.997721, 153, 245, 168, 276
-0.997723, 289, 97, 304, 128
-0.997725, 435, 201, 450, 232
-0.99773, 309, 257, 324, 288
-0.997742, 41, 129, 72, 375
-0.997746, 349, 1, 364, 128
-0.997751, 345, 53, 360, 84
-0.997754, 1, 249, 128, 280
-0.997754, 205, 117, 220, 148
-0.997754, 193, 313, 320, 344
-0.997755, 443, 105, 458, 136
-0.99776, 439, 141, 454, 172
-0.997762, 261, 69, 276, 100
-0.997767, 413, 97, 444, 352
-0.997771, 23, 109, 38, 140
-0.997774, 337, 141, 352, 172
-0.997804, 17, 109, 32, 140
-0.997827, 275, 89, 290, 120
-0.997833, 445, 157, 460, 188
-0.99784, 401, 97, 432, 352
-0.997845, 113, 69, 240, 100
-0.997848, 347, 17, 362, 48
-0.997856, 159, 229, 174, 260
-0.997857, 11, 109, 26, 140
-0.997862, 443, 217, 458, 248
-0.997865, 385, 1, 400, 32
-0.997869, 5, 109, 20, 140
-0.997874, 65, 281, 192, 312
-0.997879, 193, 33, 320, 64
-0.99788, 77, 233, 92, 264
-0.997881, 153, 101, 168, 132
-0.997883, 185, 65, 216, 320
-0.997889, 445, 177, 460, 208
-0.99789, 59, 105, 74, 136
-0.997894, 221, 345, 236, 375
-0.997895, 317, 185, 332, 216
-0.997896, 347, 153, 362, 184
-0.997902, 165, 101, 180, 132
-0.997906, 1, 9, 500, 72
-0.997907, 97, 33, 224, 96
-0.99791, 197, 117, 212, 148
-0.997912, 385, 97, 416, 352
-0.997912, 357, 81, 372, 112
-0.997916, 441, 129, 456, 160
-0.997917, 439, 157, 454, 188
-0.997919, 285, 253, 300, 284
-0.99792, 133, 65, 164, 320
-0.997923, 213, 61, 228, 92
-0.997931, 363, 17, 378, 48
-0.997932, 437, 101, 452, 132
-0.997935, 29, 109, 44, 140
-0.997935, 81, 245, 96, 276
-0.997938, 371, 181, 386, 212
-0.997941, 339, 49, 354, 80
-0.997952, 273, 321, 400, 352
-0.997957, 309, 121, 324, 152
-0.997958, 159, 101, 174, 132
-0.997959, 157, 173, 172, 204
-0.99796, 69, 229, 84, 260
-0.997961, 343, 65, 358, 96
-0.997963, 253, 109, 268, 140
-0.997965, 269, 105, 300, 120
-0.997965, 289, 119, 320, 134
-0.997965, 345, 91, 376, 106
-0.997966, 13, 223, 44, 238
-0.997966, 335, 157, 350, 188
-0.997967, 125, 215, 156, 230
-0.997968, 441, 197, 472, 212
-0.997969, 245, 101, 260, 132
-0.997971, 317, 165, 348, 180
-0.997971, 157, 173, 188, 188
-0.997971, 53, 105, 68, 136
-0.997975, 441, 117, 456, 148
-0.997978, 229, 357, 260, 372
-0.99798, 163, 161, 178, 192
-0.997985, 87, 117, 102, 148
-0.997986, 145, 163, 176, 178
-0.997986, 369, 343, 400, 358
-0.997988, 61, 33, 92, 288
-0.997991, 93, 173, 124, 188
-0.997994, 397, 197, 412, 228
-0.997996, 147, 101, 162, 132
-0.998, 141, 245, 172, 260
-0.998001, 341, 77, 356, 108
-0.998002, 297, 113, 312, 144
-0.998002, 85, 105, 116, 120
-0.998002, 369, 217, 384, 248
-0.998003, 97, 105, 112, 136
-0.998003, 433, 227, 464, 242
-0.998006, 83, 197, 98, 228
-0.998007, 421, 199, 452, 214
-0.998009, 149, 103, 180, 118
-0.998015, 437, 229, 452, 260
-0.998016, 205, 75, 236, 90
-0.998016, 403, 213, 418, 244
-0.998017, 151, 129, 166, 160
-0.998019, 193, 167, 224, 182
-0.998023, 365, 15, 396, 30
-0.998023, 21, 165, 36, 196
-0.998024, 437, 189, 452, 220
-0.998024, 57, 161, 88, 176
-0.998024, 109, 105, 140, 120
-0.998027, 25, 117, 56, 132
-0.998028, 97, 105, 128, 120
-0.998029, 137, 103, 168, 118
-0.998036, 173, 65, 204, 320
-0.998038, 351, 341, 366, 372
-0.998041, 273, 99, 304, 114
-0.998041, 89, 137, 104, 168
-0.998042, 441, 117, 472, 132
-0.998043, 137, 225, 168, 240
-0.998043, 75, 245, 90, 276
-0.998045, 61, 181, 92, 196
-0.998046, 127, 101, 142, 132
-0.998046, 431, 157, 446, 188
-0.998049, 133, 101, 148, 132
-0.99805, 325, 51, 356, 66
-0.99805, 61, 197, 92, 212
-0.998056, 317, 121, 332, 152
-0.998056, 189, 85, 220, 100
-0.998057, 109, 65, 140, 320
-0.998057, 201, 81, 232, 96
-0.998059, 193, 85, 208, 116
-0.99806, 409, 217, 424, 248
-0.998063, 337, 63, 368, 78
-0.998064, 29, 173, 44, 204
-0.998064, 241, 97, 272, 352
-0.998065, 29, 109, 60, 124
-0.998066, 335, 173, 350, 204
-0.998069, 61, 141, 92, 156
-0.99807, 323, 341, 338, 372
-0.998071, 389, 215, 420, 230
-0.998073, 345, 19, 376, 34
-0.998074, 117, 293, 132, 324
-0.998075, 329, 145, 344, 176
-0.998077, 65, 115, 96, 130
-0.998079, 381, 193, 396, 224
-0.998082, 317, 123, 348, 138
-0.998089, 93, 65, 124, 320
-0.9981, 377, 1, 408, 16
-0.998101, 5, 111, 36, 126
-0.998102, 165, 151, 196, 166
-0.998103, 433, 219, 464, 234
-0.998105, 15, 165, 30, 196
-0.998107, 339, 345, 354, 375
-0.998109, 35, 109, 50, 140
-0.998109, 37, 161, 52, 192
-0.99811, 189, 111, 220, 126
-0.998112, 253, 37, 268, 68
-0.998114, 323, 181, 338, 212
-0.998114, 25, 311, 56, 326
-0.998116, 141, 133, 172, 148
-0.998119, 333, 143, 364, 158
-0.998122, 45, 105, 60, 136
-0.998124, 361, 129, 392, 375
-0.998125, 251, 93, 266, 124
-0.998128, 187, 345, 202, 375
-0.998128, 53, 107, 84, 122
-0.99813, 291, 109, 306, 140
-0.998131, 417, 233, 432, 264
-0.998133, 63, 161, 78, 192
-0.998134, 325, 121, 340, 152
-0.998139, 459, 217, 474, 248
-0.998139, 409, 231, 440, 246
-0.998141, 105, 171, 136, 186
-0.998143, 385, 209, 416, 224
-0.998149, 425, 153, 456, 168
-0.998171, 425, 115, 456, 130
-0.998174, 393, 229, 424, 244
-0.99818, 349, 345, 380, 360
-0.998184, 89, 113, 120, 128
-0.998185, 17, 109, 48, 124
-0.998191, 333, 155, 364, 170
-0.998191, 365, 223, 396, 238
-0.998196, 361, 145, 392, 160
-0.998199, 61, 233, 92, 248
-0.998201, 41, 109, 72, 124
-0.998201, 421, 205, 452, 220
-0.998203, 77, 175, 108, 190
-0.998207, 29, 129, 60, 375
-0.998214, 69, 167, 100, 182
-0.99822, 241, 113, 272, 128
-0.998222, 73, 113, 88, 240
-0.99823, 437, 147, 468, 162
-0.998237, 281, 113, 312, 128
-0.998248, 337, 347, 368, 362
-0.998264, 329, 33, 360, 48
-0.998267, 337, 173, 368, 188
-0.998276, 253, 33, 268, 160
-0.99828, 361, 241, 392, 256
-0.998281, 437, 157, 468, 172
-0.998282, 437, 175, 468, 190
-0.998283, 79, 177, 94, 304
-0.99829, 445, 141, 476, 156
-0.998295, 425, 147, 456, 162
-0.9983, 221, 43, 252, 58
-0.998322, 121, 65, 152, 320
-0.998331, 5, 177, 36, 192
-0.998339, 29, 233, 60, 248
-0.998342, 145, 149, 176, 164
-0.998347, 341, 163, 372, 178
-0.99835, 1, 41, 500, 104
-0.998364, 73, 107, 104, 122
-0.998375, 209, 53, 272, 68
-0.998385, 425, 237, 456, 252
-0.998387, 341, 85, 372, 100
-0.998392, 435, 177, 450, 304
-0.998392, 125, 171, 156, 186
-0.998398, 315, 113, 330, 240
-0.998398, 137, 169, 168, 184
-0.998406, 209, 61, 272, 76
-0.998406, 361, 215, 424, 230
-0.998408, 393, 215, 456, 230
-0.998414, 321, 143, 384, 158
-0.998417, 257, 89, 288, 104
-0.998424, 145, 65, 176, 320
-0.998437, 137, 111, 200, 126
-0.998441, 243, 17, 258, 144
-0.998443, 209, 47, 272, 62
-0.998446, 313, 99, 376, 114
-0.998447, 393, 207, 456, 222
-0.998448, 355, 65, 370, 192
-0.998449, 393, 221, 456, 236
-0.99845, 309, 113, 324, 240
-0.998451, 421, 211, 452, 226
-0.998457, 265, 257, 328, 272
-0.998458, 201, 67, 264, 82
-0.998458, 437, 33, 468, 288
-0.998461, 209, 41, 272, 56
-0.998465, 377, 199, 440, 214
-0.998466, 241, 93, 304, 108
-0.998466, 321, 181, 352, 196
-0.998468, 393, 229, 456, 244
-0.998473, 361, 221, 424, 236
-0.998473, 341, 25, 372, 40
-0.998475, 25, 117, 88, 132
-0.998475, 249, 111, 312, 126
-0.998479, 373, 33, 404, 288
-0.99848, 337, 81, 400, 96
-0.998481, 321, 153, 384, 168
-0.998481, 281, 103, 344, 118
-0.998486, 97, 171, 160, 186
-0.998487, 41, 173, 104, 188
-0.998487, 329, 345, 392, 360
-0.998488, 329, 173, 392, 188
-0.99849, 361, 227, 424, 242
-0.998491, 321, 179, 384, 194
-0.998491, 361, 209, 424, 224
-0.998492, 241, 261, 304, 276
-0.998493, 401, 159, 464, 174
-0.998494, 353, 201, 416, 216
-0.998494, 329, 71, 392, 86
-0.998495, 129, 103, 192, 118
-0.998496, 181, 91, 212, 106
-0.998496, 209, 125, 272, 140
-0.998497, 281, 95, 344, 110
-0.998497, 289, 345, 352, 360
-0.998499, 137, 165, 200, 180
-0.9985, 169, 119, 232, 134
-0.9985, 273, 351, 336, 366
-0.9985, 161, 153, 224, 168
-0.998502, 41, 107, 104, 122
-0.998502, 221, 51, 252, 66
-0.998502, 313, 93, 376, 108
-0.998502, 213, 49, 228, 176
-0.998502, 241, 99, 304, 114
-0.998503, 161, 167, 224, 182
-0.998504, 409, 235, 472, 250
-0.998504, 241, 105, 304, 120
-0.998504, 241, 253, 304, 268
-0.998505, 261, 49, 276, 176
-0.998505, 17, 175, 80, 190
-0.998506, 193, 81, 256, 96
-0.99851, 81, 113, 144, 128
-0.99851, 209, 119, 272, 134
-0.99851, 17, 181, 80, 196
-0.998511, 121, 153, 184, 168
-0.998511, 297, 97, 312, 224
-0.998512, 425, 171, 488, 186
-0.998513, 297, 351, 360, 366
-0.998516, 81, 195, 144, 210
-0.998517, 297, 167, 360, 182
-0.998517, 241, 87, 304, 102
-0.998517, 9, 109, 72, 124
-0.998518, 41, 195, 104, 210
-0.998518, 177, 131, 240, 146
-0.99852, 297, 157, 360, 172
-0.99852, 409, 221, 440, 236
-0.99852, 401, 113, 464, 128
-0.998522, 329, 165, 392, 180
-0.998523, 337, 87, 400, 102
-0.998524, 17, 233, 80, 248
-0.998524, 201, 73, 264, 88
-0.998526, 113, 135, 176, 150
-0.998526, 177, 113, 240, 128
-0.998527, 345, 151, 408, 166
-0.998527, 81, 219, 144, 234
-0.998527, 313, 185, 376, 200
-0.998528, 65, 171, 128, 186
-0.998528, 153, 173, 216, 188
-0.998528, 369, 337, 432, 352
-0.998529, 417, 213, 480, 228
-0.99853, 281, 147, 344, 162
-0.99853, 57, 189, 120, 204
-0.99853, 433, 219, 496, 234
-0.99853, 209, 35, 272, 50
-0.99853, 265, 263, 328, 278
-0.998531, 329, 159, 392, 174
-0.998532, 325, 129, 340, 256
-0.998532, 81, 105, 144, 120
-0.998533, 365, 217, 396, 232
-0.998533, 265, 183, 328, 198
-0.998534, 401, 165, 464, 180
-0.998534, 329, 27, 392, 42
-0.998534, 417, 227, 480, 242
-0.998534, 105, 103, 168, 118
-0.998535, 225, 77, 288, 92
-0.998535, 269, 93, 300, 108
-0.998536, 401, 145, 464, 160
-0.998536, 25, 221, 88, 236
-0.998536, 217, 263, 280, 278
-0.998537, 425, 159, 488, 174
-0.998539, 337, 247, 400, 262
-0.998539, 153, 213, 216, 228
-0.998541, 361, 143, 424, 158
-0.998541, 265, 189, 328, 204
-0.998542, 353, 105, 416, 120
-0.998542, 25, 163, 88, 178
-0.998542, 361, 233, 424, 248
-0.998543, 25, 227, 88, 242
-0.998543, 305, 123, 368, 138
-0.998544, 361, 1, 424, 16
-0.998544, 353, 241, 416, 256
-0.998545, 145, 159, 208, 174
-0.998545, 425, 105, 488, 120
-0.998546, 321, 209, 384, 224
-0.998546, 425, 113, 488, 128
-0.998547, 297, 173, 360, 188
-0.998547, 425, 165, 488, 180
-0.998548, 193, 357, 256, 372
-0.998548, 417, 207, 480, 222
-0.998549, 401, 171, 464, 186
-0.998549, 185, 149, 248, 164
-0.998549, 377, 329, 440, 344
-0.998549, 121, 171, 184, 186
-0.99855, 401, 105, 464, 120
-0.998551, 433, 195, 496, 210
-0.998551, 337, 21, 400, 36
-0.998551, 1, 115, 64, 130
-0.998551, 185, 87, 248, 102
-0.998552, 289, 259, 352, 274
-0.998553, 443, 97, 458, 224
-0.998554, 161, 225, 224, 240
-0.998556, 257, 117, 320, 132
-0.998556, 353, 115, 416, 130
-0.998556, 97, 177, 160, 192
-0.998556, 321, 33, 384, 48
-0.998556, 321, 219, 384, 234
-0.998557, 217, 155, 280, 170
-0.99856, 289, 1, 320, 256
-0.998562, 425, 173, 456, 188
-0.998565, 81, 129, 96, 256
-0.998571, 237, 49, 268, 64
-0.998593, 349, 65, 364, 192
-0.998597, 217, 61, 248, 76
-0.998599, 421, 217, 452, 232
-0.998605, 357, 151, 388, 166
-0.998628, 289, 95, 320, 110
-0.998631, 333, 145, 348, 272
-0.998636, 281, 257, 312, 272
-0.998642, 357, 1, 372, 128
-0.998649, 229, 17, 244, 144
-0.998652, 365, 1, 396, 16
-0.998654, 363, 1, 378, 128
-0.998654, 449, 65, 480, 320
-0.998656, 155, 177, 170, 304
-0.998667, 53, 115, 84, 130
-0.998669, 249, 69, 280, 84
-0.99867, 383, 177, 398, 304
-0.998676, 205, 129, 236, 375
-0.998682, 197, 121, 228, 136
-0.9987, 303, 97, 318, 224
-0.998706, 279, 81, 294, 208
-0.998715, 341, 99, 372, 114
-0.99873, 221, 33, 236, 160
-0.998732, 49, 33, 80, 288
-0.998735, 307, 177, 322, 304
-0.998741, 161, 101, 192, 116
-0.998742, 49, 175, 80, 190
-0.998745, 297, 347, 328, 362
-0.998754, 465, 129, 496, 375
-0.998759, 71, 161, 86, 288
-0.998763, 81, 1, 112, 256
-0.998789, 237, 43, 268, 58
-0.998789, 13, 129, 44, 375
-0.998795, 345, 157, 376, 172
-0.998804, 249, 81, 280, 96
-0.998805, 445, 145, 460, 272
-0.998809, 61, 173, 92, 188
-0.99883, 343, 1, 358, 128
-0.998831, 321, 159, 352, 174
-0.998839, 341, 69, 372, 84
-0.998842, 197, 65, 212, 192
-0.998858, 435, 65, 450, 192
-0.998866, 373, 207, 404, 222
-0.998881, 291, 97, 306, 224
-0.998881, 285, 81, 300, 208
-0.998882, 425, 159, 456, 174
-0.998884, 225, 37, 256, 52
-0.998916, 273, 81, 288, 208
-0.998926, 301, 1, 332, 256
-0.998929, 371, 161, 386, 288
-0.998929, 421, 1, 452, 256
-0.99893, 165, 109, 196, 124
-0.998935, 85, 177, 100, 304
-0.998937, 425, 167, 456, 182
-0.998938, 289, 103, 320, 118
-0.998981, 207, 49, 222, 176
-0.998984, 77, 225, 92, 352
-0.999, 237, 33, 252, 160
-0.999001, 437, 129, 452, 256
-0.999008, 307, 241, 322, 368
-0.999008, 443, 193, 458, 320
-0.99901, 391, 193, 406, 320
-0.999017, 33, 193, 48, 320
-0.999022, 357, 113, 372, 240
-0.999022, 421, 231, 452, 246
-0.99903, 1, 129, 32, 375
-0.999036, 267, 65, 282, 192
-0.999037, 87, 113, 102, 240
-0.999039, 37, 33, 68, 288
-0.999058, 65, 161, 80, 288
-0.999058, 301, 193, 316, 320
-0.999069, 229, 97, 260, 352
-0.999074, 319, 161, 334, 288
-0.999084, 375, 241, 390, 368
-0.999098, 409, 193, 424, 320
-0.999101, 161, 145, 176, 272
-0.999113, 365, 195, 396, 210
-0.999126, 153, 225, 168, 352
-0.999128, 13, 209, 28, 336
-0.99913, 251, 81, 266, 208
-0.999142, 191, 65, 206, 192
-0.999142, 459, 225, 474, 352
-0.999153, 313, 177, 328, 304
-0.999159, 415, 193, 430, 320
-0.99916, 403, 193, 418, 320
-0.999162, 125, 225, 140, 352
-0.999165, 133, 209, 148, 336
-0.999171, 309, 345, 340, 360
-0.999174, 109, 241, 124, 368
-0.999184, 21, 241, 36, 368
-0.999208, 313, 1, 344, 256
-0.999208, 341, 145, 356, 272
-0.999213, 91, 161, 106, 288
-0.999217, 363, 81, 378, 208
-0.999219, 427, 209, 442, 336
-0.999244, 331, 97, 346, 224
-0.999248, 103, 241, 118, 368
-0.999251, 27, 241, 42, 368
-0.999253, 427, 145, 442, 272
-0.999254, 103, 177, 118, 304
-0.999262, 295, 193, 310, 320
-0.999262, 351, 145, 366, 272
-0.999264, 43, 193, 58, 320
-0.999269, 301, 241, 316, 368
-0.999271, 161, 193, 176, 320
-0.999278, 397, 193, 412, 320
-0.999288, 377, 177, 392, 304
-0.999294, 57, 177, 72, 304
-0.999312, 469, 225, 484, 352
-0.999314, 139, 225, 154, 352
-0.999317, 259, 225, 274, 352
-0.999322, 381, 241, 396, 368
-0.999324, 51, 161, 66, 288
-0.999332, 185, 225, 200, 352
-0.999336, 215, 241, 230, 368
-0.999346, 5, 193, 20, 320
-0.999354, 483, 225, 498, 352
-0.999354, 113, 177, 128, 304
-0.999355, 179, 225, 194, 352
-0.999364, 201, 241, 216, 368
-0.999375, 313, 241, 328, 368
-0.99938, 149, 129, 164, 256
-0.99938, 115, 225, 130, 352
-0.999385, 453, 225, 468, 352
-0.999395, 199, 193, 214, 320
-0.999401, 405, 1, 436, 256
-0.999409, 393, 1, 424, 256
-0.999411, 475, 225, 490, 352
-0.999417, 425, 1, 488, 128
-0.999419, 41, 241, 56, 368
-0.99942, 369, 201, 400, 216
-0.99942, 209, 241, 224, 368
-0.999424, 27, 193, 42, 320
-0.99943, 421, 225, 436, 352
-0.999441, 211, 97, 226, 224
-0.999446, 79, 81, 94, 208
-0.999449, 209, 177, 224, 304
-0.999453, 365, 161, 380, 288
-0.999463, 71, 209, 86, 336
-0.999468, 149, 177, 164, 304
-0.999473, 263, 177, 278, 304
-0.999474, 21, 193, 36, 320
-0.999475, 237, 37, 268, 52
-0.99948, 215, 177, 230, 304
-0.999487, 337, 97, 352, 224
-0.999491, 257, 9, 500, 72
-0.999493, 97, 177, 112, 304
-0.999494, 387, 241, 402, 368
-0.999496, 295, 241, 310, 368
-0.999501, 67, 113, 82, 240
-0.999502, 249, 75, 280, 90
-0.999511, 171, 225, 186, 352
-0.999517, 193, 225, 208, 352
-0.999518, 5, 241, 20, 368
-0.999524, 121, 177, 136, 304
-0.999525, 343, 65, 358, 192
-0.999529, 297, 145, 312, 272
-0.99953, 33, 241, 48, 368
-0.999537, 21, 33, 52, 288
-0.999541, 433, 225, 448, 352
-0.999543, 113, 129, 128, 256
-0.999543, 147, 225, 162, 352
-0.999545, 253, 225, 268, 352
-0.999552, 287, 145, 302, 272
-0.999573, 217, 129, 248, 375
-0.999581, 465, 33, 496, 288
-0.999627, 433, 237, 448, 252
-0.999627, 435, 199, 450, 214
-0.999628, 251, 101, 266, 116
-0.999628, 159, 227, 174, 242
-0.999629, 43, 109, 58, 124
-0.999629, 139, 153, 154, 168
-0.999629, 5, 111, 20, 126
-0.99963, 147, 191, 162, 206
-0.99963, 269, 89, 284, 104
-0.99963, 133, 169, 148, 184
-0.99963, 351, 69, 366, 84
-0.999631, 247, 113, 262, 128
-0.999631, 347, 345, 362, 360
-0.999631, 37, 109, 52, 124
-0.999632, 127, 171, 142, 186
-0.999632, 153, 251, 168, 266
-0.999633, 159, 145, 174, 160
-0.999633, 77, 233, 92, 248
-0.999634, 77, 117, 92, 132
-0.999634, 15, 177, 30, 192
-0.999634, 77, 125, 92, 140
-0.999634, 215, 63, 230, 78
-0.999634, 117, 297, 132, 312
-0.999635, 195, 361, 210, 375
-0.999635, 139, 175, 154, 190
-0.999635, 433, 113, 448, 128
-0.999635, 257, 65, 272, 80
-0.999635, 81, 199, 96, 214
-0.999635, 439, 149, 454, 164
-0.999636, 337, 51, 352, 66
-0.999637, 377, 191, 392, 206
-0.999637, 257, 107, 272, 122
-0.999637, 283, 101, 298, 116
-0.999637, 67, 107, 82, 122
-0.999637, 443, 109, 458, 124
-0.999637, 339, 75, 354, 90
-0.999638, 295, 211, 310, 226
-0.999638, 301, 259, 316, 274
-0.999639, 335, 177, 350, 192
-0.99964, 437, 105, 452, 120
-0.99964, 441, 221, 456, 236
-0.99964, 293, 113, 308, 128
-0.999641, 107, 171, 122, 186
-0.999641, 371, 343, 386, 358
-0.999643, 437, 99, 452, 114
-0.999643, 343, 163, 358, 178
-0.999643, 351, 155, 366, 170
-0.999643, 437, 169, 452, 184
-0.999643, 157, 233, 172, 248
-0.999644, 369, 197, 384, 212
-0.999644, 139, 169, 154, 184
-0.999646, 73, 175, 88, 190
-0.999646, 431, 165, 446, 180
-0.999646, 435, 221, 450, 236
-0.999646, 221, 355, 236, 370
-0.999646, 329, 181, 344, 196
-0.999646, 89, 173, 104, 188
-0.999647, 195, 87, 210, 102
-0.999648, 437, 193, 452, 208
-0.999648, 81, 177, 96, 192
-0.999648, 347, 79, 362, 94
-0.999649, 379, 1, 394, 16
-0.999649, 227, 45, 242, 60
-0.999649, 441, 131, 456, 146
-0.999649, 373, 1, 388, 16
-0.99965, 255, 55, 270, 70
-0.99965, 337, 163, 352, 178
-0.999651, 73, 193, 88, 208
-0.999652, 187, 361, 202, 375
-0.999652, 365, 147, 380, 162
-0.999653, 435, 205, 450, 220
-0.999653, 299, 117, 314, 132
-0.999655, 435, 229, 450, 244
-0.999656, 371, 181, 386, 196
-0.999656, 29, 235, 44, 250
-0.999657, 307, 123, 322, 138
-0.999659, 79, 109, 94, 124
-0.999659, 295, 257, 310, 272
-0.99966, 335, 351, 350, 366
-0.99966, 89, 115, 104, 130
-0.999661, 353, 83, 368, 98
-0.999661, 5, 177, 20, 192
-0.999661, 357, 99, 372, 114
-0.999661, 73, 185, 88, 200
-0.999662, 215, 341, 230, 356
-0.999662, 291, 95, 306, 110
-0.999663, 371, 13, 386, 28
-0.999664, 275, 91, 290, 106
-0.999664, 261, 71, 276, 86
-0.999664, 189, 89, 204, 104
-0.999665, 319, 185, 334, 200
-0.999665, 441, 143, 456, 158
-0.999666, 77, 135, 92, 150
-0.999667, 321, 349, 336, 364
-0.999667, 63, 175, 78, 190
-0.999669, 367, 1, 382, 16
-0.99967, 443, 115, 458, 130
-0.999671, 73, 169, 88, 184
-0.999671, 385, 1, 400, 16
-0.999672, 439, 159, 454, 174
-0.999672, 343, 169, 358, 184
-0.999673, 339, 29, 354, 44
-0.999674, 151, 245, 166, 260
-0.999676, 329, 35, 344, 50
-0.999677, 335, 157, 350, 172
-0.999677, 363, 21, 378, 36
-0.999678, 349, 63, 364, 78
-0.999679, 211, 69, 226, 84
-0.999679, 205, 77, 220, 92
-0.99968, 385, 201, 400, 216
-0.999681, 287, 255, 302, 270
-0.999682, 295, 103, 310, 118
-0.999683, 281, 95, 296, 110
-0.999684, 343, 69, 358, 84
-0.999684, 345, 55, 360, 70
-0.999689, 435, 215, 450, 230
-0.99969, 67, 115, 82, 130
-0.999695, 175, 101, 190, 116
-0.999696, 211, 121, 226, 136
-0.999699, 439, 175, 454, 190
-0.999705, 181, 109, 196, 124
-0.999713, 307, 259, 322, 274
-0.999717, 223, 51, 238, 66
-0.99972, 347, 21, 362, 36
-0.99972, 183, 93, 198, 108
-0.999725, 221, 57, 236, 72
-0.999734, 357, 153, 372, 168
-0.999743, 229, 39, 244, 54
-0.999747, 9, 33, 40, 288
-0.999783, 311, 345, 326, 360
-0.999789, 247, 35, 262, 50
-0.999916, 293, 259, 324, 274
-1.00007, 25, 17, 88, 144
-1.00051, 193, 17, 320, 80
-1.00086, 1, 49, 64, 176
-1.00164, 33, 1, 288, 64
-1.00174, 81, 17, 144, 144
-1.00214, 353, 33, 480, 96
-1.00238, 369, 1, 496, 64
-1.00361, 1, 1, 64, 128
-1.00384, 1, 57, 128, 120
-1.00533, 57, 1, 120, 128
-1.00545, 1, 1, 128, 64
-1.00562, 97, 9, 224, 72
-1.00567, 1, 25, 128, 88
-1.00651, 49, 1, 176, 64
-1.00691, 49, 25, 176, 88
-1.00902, 49, 49, 176, 112
