1878
-0.324656, 1, 1, 500, 256
-0.339596, 33, 1, 288, 334
-0.343221, 1, 1, 500, 334
-0.402223, 129, 1, 384, 334
-0.497806, 33, 1, 288, 256
-0.505664, 225, 1, 480, 334
-0.651945, 225, 1, 480, 256
-0.690108, 129, 1, 384, 256
-0.828486, 113, 1, 240, 256
-0.836999, 33, 33, 160, 288
-0.838908, 65, 1, 192, 334
-0.844962, 1, 1, 128, 334
-0.848237, 177, 1, 304, 334
-0.861167, 193, 1, 320, 256
-0.86425, 113, 1, 240, 334
-0.871741, 273, 1, 400, 256
-0.87176, 257, 1, 384, 334
-0.88452, 1, 145, 500, 272
-0.889302, 1, 1, 500, 128
-0.891895, 1, 65, 500, 192
-0.894311, 321, 1, 448, 256
-0.900237, 33, 129, 288, 256
-0.903828, 305, 1, 432, 334
-0.906136, 369, 1, 496, 334
-0.908499, 97, 49, 352, 176
-0.908622, 1, 193, 500, 320
-0.90923, 161, 1, 416, 128
-0.91217, 1, 65, 256, 192
-0.914348, 65, 1, 320, 128
-0.918627, 1, 193, 256, 320
-0.918967, 257, 17, 500, 144
-0.92185, 257, 1, 384, 128
-0.92211, 369, 1, 496, 256
-0.924636, 9, 65, 72, 192
-0.926521, 249, 1, 312, 128
-0.928331, 129, 97, 384, 224
-0.929158, 1, 81, 128, 208
-0.931145, 65, 65, 192, 192
-0.931813, 33, 145, 160, 272
-0.93273, 193, 1, 320, 128
-0.932857, 1, 1, 64, 128
-0.934601, 193, 65, 320, 192
-0.939475, 49, 145, 112, 272
-0.939788, 1, 33, 128, 160
-0.939896, 145, 65, 272, 192
-0.939903, 145, 17, 272, 144
-0.940207, 81, 65, 144, 192
-0.940303, 257, 65, 500, 192
-0.940399, 305, 1, 368, 128
-0.941055, 105, 65, 168, 192
-0.941362, 241, 49, 368, 176
-0.941552, 49, 81, 112, 208
-0.942599, 241, 49, 304, 176
-0.942997, 129, 193, 384, 320
-0.945021, 217, 49, 280, 176
-0.945374, 305, 1, 432, 128
-0.94549, 81, 1, 208, 128
-0.946355, 33, 193, 160, 320
-0.946369, 201, 1, 264, 128
-0.946429, 33, 33, 96, 160
-0.946819, 241, 97, 304, 224
-0.946897, 89, 1, 152, 128
-0.947922, 329, 1, 392, 128
-0.948211, 89, 129, 152, 256
-0.948252, 281, 1, 344, 128
-0.948397, 9, 65, 72, 128
-0.948908, 129, 65, 192, 192
-0.949144, 225, 1, 288, 128
-0.949308, 113, 129, 240, 256
-0.950395, 113, 1, 176, 128
-0.950465, 129, 145, 384, 272
-0.950479, 57, 33, 120, 160
-0.951229, 225, 193, 480, 320
-0.952519, 265, 65, 328, 192
-0.952674, 65, 1, 128, 64
-0.952746, 81, 57, 144, 120
-0.952868, 25, 1, 88, 64
-0.953126, 177, 113, 304, 240
-0.953659, 33, 57, 96, 120
-0.953864, 217, 97, 280, 224
-0.954389, 1, 145, 64, 272
-0.954456, 241, 49, 304, 112
-0.954738, 225, 177, 288, 304
-0.955287, 49, 81, 112, 144
-0.955661, 129, 65, 192, 128
-0.956487, 241, 73, 304, 136
-0.95718, 241, 97, 368, 224
-0.957429, 97, 177, 224, 304
-0.957578, 177, 209, 304, 334
-0.958043, 129, 113, 192, 240
-0.958211, 329, 9, 392, 72
-0.958552, 225, 97, 288, 160
-0.958675, 161, 81, 224, 208
-0.958706, 105, 65, 168, 128
-0.959322, 41, 25, 104, 88
-0.959346, 257, 1, 320, 64
-0.959376, 145, 17, 208, 144
-0.959419, 281, 1, 344, 64
-0.959588, 49, 153, 112, 216
-0.959788, 337, 49, 400, 176
-0.960042, 201, 65, 264, 128
-0.960124, 209, 1, 272, 64
-0.960177, 241, 25, 304, 88
-0.96052, 25, 145, 88, 272
-0.960544, 81, 137, 144, 200
-0.960583, 41, 193, 104, 320
-0.960824, 13, 1, 44, 128
-0.960875, 25, 89, 88, 152
-0.960911, 57, 57, 120, 120
-0.960912, 321, 49, 448, 176
-0.961242, 329, 41, 392, 104
-0.961601, 361, 1, 424, 128
-0.961964, 225, 113, 480, 240
-0.963867, 65, 33, 128, 96
-0.964126, 161, 65, 288, 128
-0.964176, 353, 33, 416, 96
-0.964272, 1, 1, 64, 64
-0.964319, 257, 145, 320, 272
-0.964536, 129, 193, 192, 320
-0.964572, 65, 65, 192, 128
-0.964838, 353, 1, 480, 128
-0.965598, 9, 145, 72, 208
-0.965675, 113, 89, 176, 152
-0.965701, 193, 65, 256, 192
-0.965724, 129, 129, 192, 192
-0.965827, 1, 57, 128, 120
-0.965856, 185, 209, 248, 334
-0.966088, 73, 81, 136, 144
-0.966253, 145, 105, 208, 168
-0.966434, 1, 89, 64, 152
-0.966453, 9, 41, 72, 104
-0.9665, 185, 113, 248, 240
-0.966532, 9, 65, 40, 192
-0.966829, 65, 33, 128, 288
-0.966851, 257, 97, 320, 160
-0.966883, 1, 113, 64, 176
-0.967038, 249, 1, 280, 128
-0.967064, 89, 1, 152, 256
-0.967119, 225, 185, 288, 248
-0.96712, 225, 1, 352, 64
-0.967493, 17, 209, 80, 334
-0.967508, 49, 185, 112, 248
-0.967524, 361, 49, 424, 176
-0.967525, 265, 73, 328, 136
-0.967558, 337, 1, 368, 128
-0.967657, 225, 145, 352, 272
-0.967911, 225, 145, 288, 208
-0.967935, 29, 33, 60, 160
-0.968003, 305, 25, 368, 88
-0.968141, 9, 33, 72, 288
-0.968162, 153, 129, 216, 256
-0.96825, 177, 17, 240, 144
-0.968364, 1, 1, 32, 128
-0.968373, 369, 113, 496, 240
-0.968385, 209, 41, 272, 104
-0.968394, 265, 1, 296, 128
-0.968566, 257, 129, 320, 192
-0.968649, 401, 1, 464, 128
-0.968687, 289, 49, 352, 176
-0.968737, 97, 209, 160, 334
-0.968855, 1, 89, 128, 152
-0.969099, 425, 113, 488, 240
-0.969232, 69, 81, 100, 208
-0.969269, 245, 49, 276, 176
-0.969341, 161, 41, 288, 104
-0.969348, 41, 233, 104, 296
-0.969465, 349, 1, 380, 128
-0.969514, 73, 193, 136, 320
-0.969867, 57, 81, 88, 208
-0.96989, 33, 33, 96, 288
-0.969974, 97, 33, 160, 96
-0.970157, 353, 1, 416, 64
-0.970192, 129, 1, 192, 256
-0.97024, 257, 97, 288, 224
-0.970251, 153, 81, 216, 144
-0.970612, 209, 65, 336, 128
-0.970764, 161, 193, 224, 320
-0.970773, 129, 249, 192, 312
-0.970837, 249, 193, 312, 320
-0.970972, 33, 145, 160, 208
-0.970994, 369, 113, 432, 240
-0.971019, 153, 41, 216, 104
-0.971077, 177, 73, 240, 136
-0.971395, 93, 49, 124, 176
-0.971401, 305, 1, 368, 64
-0.971498, 273, 1, 400, 64
-0.971746, 217, 1, 280, 256
-0.971763, 193, 145, 256, 208
-0.971859, 161, 89, 288, 152
-0.971891, 105, 9, 168, 72
-0.971927, 9, 201, 72, 264
-0.97193, 105, 137, 168, 200
-0.972075, 49, 105, 112, 168
-0.972109, 161, 1, 224, 64
-0.972188, 153, 129, 216, 192
-0.972351, 321, 1, 384, 256
-0.972434, 109, 65, 140, 192
-0.972586, 57, 145, 88, 272
-0.972612, 137, 65, 168, 192
-0.972933, 177, 161, 304, 288
-0.972996, 289, 97, 416, 224
-0.973041, 201, 249, 264, 312
-0.973106, 17, 233, 80, 296
-0.973108, 169, 257, 232, 320
-0.97314, 41, 209, 104, 272
-0.973173, 33, 193, 160, 256
-0.973476, 85, 113, 116, 240
-0.973517, 101, 1, 132, 128
-0.973713, 241, 97, 272, 224
-0.97379, 177, 17, 304, 80
-0.974004, 1, 1, 128, 64
-0.97412, 121, 81, 152, 208
-0.974158, 233, 1, 296, 64
-0.97425, 9, 177, 72, 240
-0.974322, 293, 1, 324, 128
-0.974387, 209, 89, 336, 152
-0.974399, 65, 57, 96, 120
-0.974411, 233, 49, 264, 176
-0.974549, 65, 89, 192, 152
-0.974603, 137, 1, 200, 64
-0.974651, 329, 65, 392, 128
-0.974859, 393, 1, 456, 64
-0.975016, 201, 97, 264, 160
-0.975118, 245, 73, 276, 136
-0.975241, 273, 81, 304, 208
-0.975245, 353, 1, 384, 64
-0.975264, 25, 113, 88, 176
-0.975316, 81, 65, 112, 192
-0.975383, 69, 129, 100, 256
-0.975385, 65, 33, 96, 160
-0.975487, 113, 49, 240, 112
-0.975628, 337, 17, 368, 80
-0.975666, 37, 57, 68, 120
-0.975697, 65, 241, 128, 304
-0.975699, 249, 185, 312, 248
-0.975717, 41, 1, 72, 64
-0.975849, 353, 57, 416, 120
-0.976039, 109, 129, 140, 256
-0.976041, 65, 17, 192, 80
-0.976075, 129, 257, 256, 320
-0.976185, 257, 57, 384, 120
-0.976234, 241, 1, 304, 256
-0.97624, 9, 1, 40, 64
-0.976295, 281, 49, 344, 112
-0.976301, 193, 273, 256, 334
-0.976311, 401, 129, 464, 256
-0.976391, 57, 81, 88, 144
-0.976409, 313, 1, 344, 128
-0.976581, 233, 121, 296, 184
-0.976627, 69, 81, 100, 144
-0.976721, 233, 1, 264, 128
-0.976802, 1, 113, 128, 176
-0.976853, 9, 65, 40, 128
-0.976885, 137, 65, 168, 128
-0.976921, 113, 17, 240, 80
-0.977045, 353, 49, 384, 176
-0.977076, 77, 57, 108, 120
-0.977111, 121, 129, 152, 256
-0.9772, 433, 33, 496, 160
-0.977229, 325, 1, 356, 128
-0.97725, 353, 33, 384, 96
-0.977282, 385, 49, 448, 176
-0.977323, 233, 65, 264, 128
-0.977346, 49, 193, 80, 320
-0.97735, 97, 129, 128, 256
-0.977431, 249, 153, 312, 216
-0.977439, 169, 97, 200, 224
-0.97746, 53, 33, 84, 160
-0.977617, 1, 33, 128, 96
-0.977725, 41, 49, 72, 176
-0.977806, 313, 49, 376, 176
-0.977868, 161, 1, 224, 256
-0.977922, 225, 193, 352, 320
-0.977976, 89, 105, 152, 168
-0.977985, 337, 1, 464, 64
-0.978025, 65, 273, 128, 334
-0.978077, 277, 1, 308, 128
-0.978111, 5, 113, 36, 240
-0.978206, 121, 225, 184, 288
-0.978221, 257, 97, 288, 160
-0.978305, 217, 273, 280, 334
-0.978393, 81, 137, 208, 200
-0.97842, 245, 49, 276, 112
-0.978425, 209, 41, 336, 104
-0.978439, 53, 57, 84, 120
-0.978471, 57, 129, 120, 192
-0.978514, 61, 153, 92, 216
-0.978605, 97, 49, 128, 112
-0.978642, 237, 161, 268, 288
-0.978694, 65, 241, 192, 304
-0.978733, 285, 65, 316, 192
-0.978746, 9, 113, 40, 176
-0.978824, 177, 233, 240, 296
-0.978826, 97, 209, 160, 272
-0.978896, 281, 105, 344, 168
-0.978928, 201, 161, 264, 288
-0.978982, 157, 97, 188, 224
-0.979107, 273, 33, 400, 96
-0.979145, 245, 17, 276, 80
-0.97916, 81, 1, 112, 64
-0.979237, 257, 49, 288, 176
-0.979254, 121, 161, 184, 224
-0.979316, 273, 145, 400, 272
-0.979331, 225, 249, 288, 312
-0.97938, 113, 97, 240, 160
-0.979409, 61, 25, 92, 88
-0.979431, 281, 145, 344, 272
-0.979453, 17, 233, 144, 296
-0.979534, 21, 1, 52, 64
-0.979597, 41, 1, 72, 128
-0.979611, 161, 137, 288, 200
-0.979614, 137, 185, 200, 248
-0.979662, 225, 97, 256, 224
-0.97968, 89, 1, 152, 334
-0.979855, 129, 41, 192, 104
-0.979864, 65, 1, 96, 64
-0.979872, 97, 185, 160, 248
-0.979901, 225, 209, 288, 272
-0.979937, 177, 49, 240, 112
-0.979974, 161, 161, 224, 224
-0.980041, 169, 105, 232, 168
-0.980067, 125, 65, 156, 128
-0.980093, 9, 1, 72, 334
-0.980099, 177, 25, 240, 88
-0.980232, 265, 33, 328, 288
-0.980291, 145, 113, 176, 240
-0.98033, 245, 105, 276, 168
-0.980389, 233, 41, 264, 104
-0.980505, 53, 1, 84, 64
-0.980568, 85, 137, 116, 200
-0.980649, 97, 233, 160, 296
-0.980655, 369, 49, 496, 176
-0.980658, 233, 89, 264, 152
-0.980734, 377, 33, 440, 96
-0.98074, 365, 41, 396, 104
-0.980825, 49, 201, 80, 264
-0.980939, 201, 177, 264, 240
-0.981003, 9, 89, 40, 152
-0.981012, 365, 49, 396, 176
-0.981052, 353, 57, 384, 120
-0.981071, 1, 137, 32, 200
-0.981093, 269, 97, 300, 160
-0.981097, 25, 57, 56, 120
-0.981153, 49, 41, 176, 104
-0.981169, 305, 49, 368, 112
-0.981306, 25, 257, 88, 320
-0.981312, 113, 73, 240, 136
-0.981319, 265, 129, 296, 192
-0.981423, 241, 153, 272, 216
-0.981527, 85, 89, 116, 152
-0.98157, 65, 1, 128, 334
-0.981575, 33, 169, 160, 232
-0.981586, 309, 1, 340, 64
-0.981589, 185, 1, 248, 64
-0.981673, 193, 121, 256, 184
-0.981705, 89, 265, 152, 328
-0.981707, 113, 73, 144, 136
-0.981813, 409, 65, 472, 192
-0.981838, 393, 137, 456, 200
-0.981852, 41, 161, 72, 224
-0.981852, 157, 105, 188, 168
-0.981881, 261, 177, 292, 240
-0.981994, 345, 1, 408, 256
-0.982049, 177, 249, 304, 312
-0.982058, 89, 1, 120, 128
-0.982091, 41, 233, 72, 296
-0.982111, 113, 1, 144, 128
-0.982134, 337, 129, 400, 256
-0.982143, 289, 97, 352, 224
-0.982149, 29, 33, 60, 96
-0.982169, 33, 1, 96, 334
-0.9822, 185, 209, 248, 272
-0.982249, 13, 33, 44, 96
-0.98227, 21, 81, 52, 144
-0.982297, 289, 1, 352, 256
-0.982335, 285, 65, 316, 128
-0.98235, 193, 1, 256, 256
-0.982353, 257, 89, 384, 152
-0.982413, 177, 113, 304, 176
-0.982422, 113, 137, 144, 200
-0.982514, 153, 233, 216, 296
-0.982534, 265, 9, 296, 72
-0.982567, 289, 73, 352, 136
-0.982603, 113, 33, 144, 96
-0.982619, 281, 89, 312, 152
-0.9827, 101, 25, 132, 88
-0.982721, 169, 97, 200, 160
-0.982738, 45, 81, 76, 144
-0.982741, 13, 137, 44, 200
-0.982761, 237, 177, 268, 240
-0.982771, 101, 1, 132, 64
-0.982804, 433, 121, 496, 184
-0.982824, 153, 1, 216, 334
-0.982897, 321, 9, 352, 72
-0.982926, 289, 1, 320, 64
-0.982932, 57, 177, 88, 240
-0.982948, 209, 1, 272, 334
-0.982986, 149, 65, 180, 128
-0.983007, 73, 265, 104, 328
-0.983032, 145, 89, 176, 152
-0.983042, 257, 41, 288, 104
-0.983047, 41, 25, 72, 88
-0.983064, 73, 209, 136, 272
-0.983168, 145, 137, 176, 200
-0.98322, 73, 33, 104, 96
-0.983269, 121, 1, 184, 334
-0.983385, 341, 41, 372, 104
-0.983396, 253, 145, 284, 208
-0.983463, 217, 1, 248, 128
-0.983489, 69, 241, 100, 304
-0.983561, 161, 65, 192, 128
-0.98358, 149, 49, 180, 176
-0.983616, 145, 177, 272, 240
-0.983712, 229, 249, 260, 312
-0.983854, 433, 1, 496, 256
-0.98389, 369, 209, 432, 334
-0.983983, 337, 41, 464, 104
-0.984018, 401, 25, 464, 88
-0.98402, 181, 89, 212, 152
-0.98405, 157, 249, 188, 312
-0.984141, 21, 81, 52, 208
-0.984162, 393, 1, 456, 256
-0.98417, 369, 1, 432, 256
-0.984192, 233, 1, 264, 64
-0.984226, 41, 97, 72, 224
-0.984262, 145, 1, 176, 128
-0.984269, 125, 97, 156, 160
-0.984273, 321, 1, 384, 334
-0.984275, 217, 65, 248, 128
-0.984291, 97, 137, 128, 200
-0.984299, 37, 209, 68, 334
-0.984305, 281, 25, 344, 88
-0.984309, 165, 129, 196, 192
-0.984323, 277, 1, 308, 64
-0.984353, 73, 153, 104, 216
-0.984375, 369, 121, 432, 184
-0.984392, 361, 1, 392, 128
-0.984417, 289, 209, 416, 334
-0.984467, 101, 73, 132, 136
-0.984469, 21, 105, 52, 168
-0.98447, 1, 265, 64, 328
-0.984481, 257, 145, 288, 272
-0.984567, 153, 177, 184, 240
-0.984569, 1, 41, 32, 104
-0.984593, 249, 209, 312, 272
-0.984641, 241, 85, 304, 116
-0.984674, 269, 73, 300, 136
-0.984726, 257, 73, 288, 136
-0.98474, 133, 193, 164, 320
-0.984903, 81, 265, 208, 328
-0.984977, 81, 193, 112, 320
-0.984977, 365, 65, 396, 128
-0.98498, 49, 81, 112, 112
-0.984984, 353, 161, 480, 288
-0.984992, 85, 273, 116, 334
-0.985032, 181, 81, 212, 208
-0.985068, 25, 65, 88, 96
-0.985086, 133, 145, 164, 272
-0.985126, 225, 145, 256, 208
-0.98522, 37, 121, 68, 184
-0.985221, 205, 65, 236, 128
-0.985225, 113, 217, 240, 280
-0.985228, 177, 1, 208, 64
-0.985229, 65, 105, 96, 168
-0.985255, 161, 193, 224, 256
-0.985361, 249, 273, 312, 334
-0.985394, 133, 137, 164, 200
-0.985407, 165, 177, 196, 240
-0.985455, 281, 129, 344, 192
-0.98554, 433, 209, 496, 334
-0.98555, 161, 1, 192, 64
-0.985555, 85, 33, 116, 96
-0.98556, 213, 1, 244, 64
-0.985583, 305, 97, 368, 160
-0.985614, 29, 225, 60, 288
-0.985623, 73, 25, 136, 56
-0.985653, 177, 273, 304, 334
-0.985661, 241, 1, 304, 32
-0.985693, 157, 1, 188, 128
-0.985701, 269, 129, 300, 256
-0.98572, 197, 273, 228, 334
-0.985759, 433, 1, 496, 334
-0.985775, 281, 113, 312, 176
-0.985781, 53, 241, 84, 304
-0.985784, 141, 41, 172, 104
-0.98581, 209, 25, 240, 88
-0.985855, 205, 1, 236, 128
-0.985858, 81, 241, 112, 304
-0.985876, 225, 137, 352, 200
-0.985904, 193, 209, 320, 272
-0.985906, 61, 265, 92, 328
-0.98595, 393, 249, 456, 312
-0.98595, 297, 65, 328, 192
-0.985962, 133, 1, 164, 128
-0.985971, 173, 257, 204, 320
-0.986063, 233, 1, 296, 334
-0.986077, 109, 113, 140, 176
-0.986173, 213, 129, 244, 256
-0.986207, 265, 153, 296, 216
-0.986235, 393, 209, 456, 334
-0.986268, 241, 53, 304, 84
-0.986284, 149, 177, 180, 304
-0.986311, 149, 1, 180, 64
-0.986329, 97, 177, 224, 240
-0.98633, 49, 1, 112, 32
-0.986336, 109, 201, 140, 264
-0.986435, 221, 89, 252, 152
-0.986449, 113, 73, 176, 104
-0.986464, 97, 241, 128, 304
-0.986474, 185, 129, 216, 192
-0.986495, 297, 65, 328, 128
-0.986505, 209, 241, 240, 304
-0.986547, 109, 177, 140, 304
-0.986576, 213, 209, 244, 334
-0.986622, 121, 193, 152, 320
-0.986661, 45, 145, 76, 272
-0.986665, 145, 113, 176, 176
-0.986745, 137, 273, 200, 334
-0.986762, 137, 233, 168, 296
-0.986793, 17, 81, 80, 112
-0.986813, 313, 97, 376, 224
-0.986814, 61, 129, 92, 192
-0.986814, 93, 185, 124, 248
-0.986823, 129, 209, 160, 272
-0.986831, 329, 45, 392, 76
-0.986836, 417, 1, 480, 64
-0.986865, 377, 97, 440, 160
-0.986916, 193, 17, 224, 80
-0.986941, 117, 241, 148, 304
-0.986953, 241, 73, 304, 104
-0.986974, 409, 1, 440, 64
-0.987042, 221, 273, 252, 334
-0.98705, 25, 93, 88, 124
-0.987057, 177, 1, 240, 334
-0.987072, 17, 145, 48, 272
-0.987073, 385, 273, 448, 334
-0.987112, 89, 137, 152, 168
-0.987149, 345, 209, 408, 334
-0.987229, 353, 41, 416, 72
-0.987236, 201, 69, 264, 100
-0.987236, 97, 65, 352, 128
-0.987288, 337, 129, 400, 192
-0.987334, 353, 1, 416, 32
-0.987343, 73, 61, 136, 92
-0.987379, 225, 193, 256, 320
-0.987388, 313, 209, 376, 334
-0.987488, 33, 145, 64, 272
-0.987501, 129, 89, 192, 120
-0.987633, 1, 265, 128, 328
-0.987655, 273, 193, 336, 320
-0.987667, 369, 145, 432, 208
-0.987694, 337, 209, 464, 334
-0.987729, 89, 77, 152, 108
-0.987779, 361, 1, 424, 334
-0.987805, 97, 161, 160, 224
-0.987859, 161, 145, 192, 272
-0.987934, 49, 157, 112, 188
-0.987982, 49, 97, 112, 128
-0.987992, 77, 17, 108, 144
-0.988014, 81, 93, 144, 124
-0.988017, 257, 1, 320, 334
-0.98803, 1, 5, 64, 36
-0.988064, 241, 41, 304, 72
-0.988105, 193, 177, 320, 240
-0.988127, 33, 25, 96, 56
-0.988235, 409, 89, 472, 152
-0.988267, 329, 57, 392, 88
-0.988343, 361, 161, 424, 288
-0.988352, 289, 9, 352, 40
-0.988357, 65, 217, 192, 280
-0.988379, 345, 97, 408, 160
-0.988406, 217, 89, 280, 120
-0.988446, 97, 177, 128, 304
-0.988611, 1, 69, 64, 100
-0.988623, 345, 249, 408, 312
-0.988642, 161, 49, 192, 176
-0.988698, 33, 89, 288, 152
-0.988729, 217, 1, 280, 32
-0.988819, 377, 57, 440, 120
-0.988858, 329, 1, 392, 32
-0.988871, 161, 193, 192, 320
-0.98888, 329, 13, 392, 44
-0.989034, 385, 1, 448, 334
-0.989047, 33, 137, 288, 200
-0.989051, 433, 25, 496, 88
-0.989123, 249, 13, 312, 44
-0.989131, 161, 1, 416, 64
-0.989188, 25, 5, 88, 36
-0.989188, 425, 153, 488, 216
-0.989228, 241, 101, 304, 132
-0.989238, 361, 53, 424, 84
-0.989261, 1, 153, 64, 184
-0.989361, 257, 209, 288, 334
-0.989428, 113, 17, 176, 48
-0.989454, 265, 97, 328, 128
-0.98946, 33, 9, 288, 72
-0.989511, 329, 29, 392, 60
-0.989511, 257, 133, 320, 164
-0.989581, 185, 129, 216, 256
-0.989592, 49, 65, 112, 96
-0.989622, 177, 1, 208, 128
-0.989707, 1, 161, 32, 288
-0.98977, 217, 185, 280, 216
-0.989775, 321, 65, 448, 128
-0.989835, 73, 13, 136, 44
-0.98987, 1, 177, 256, 240
-0.989909, 65, 113, 192, 176
-0.98994, 73, 1, 136, 32
-0.990009, 337, 121, 464, 184
-0.990022, 217, 17, 280, 48
-0.990027, 1, 57, 256, 120
-0.990028, 9, 141, 72, 172
-0.990037, 409, 1, 472, 334
-0.990097, 233, 137, 296, 168
-0.99011, 221, 49, 252, 176
-0.990156, 305, 37, 368, 68
-0.990196, 129, 181, 192, 212
-0.990291, 201, 149, 264, 180
-0.990312, 1, 45, 64, 76
-0.990321, 273, 69, 336, 100
-0.990393, 241, 153, 304, 184
-0.990394, 41, 257, 104, 288
-0.990463, 321, 89, 448, 152
-0.990529, 217, 101, 280, 132
-0.990574, 1, 209, 64, 240
-0.9906, 137, 73, 200, 104
-0.990704, 105, 89, 168, 120
-0.990705, 1, 57, 64, 88
-0.990779, 281, 85, 344, 116
-0.990809, 33, 33, 288, 96
-0.990823, 49, 197, 112, 228
-0.99083, 265, 1, 328, 32
-0.990871, 201, 45, 264, 76
-0.990902, 201, 281, 264, 312
-0.990934, 113, 29, 176, 60
-0.990938, 193, 81, 224, 208
-0.990948, 41, 209, 104, 240
-0.990953, 241, 113, 368, 176
-0.991072, 177, 85, 240, 116
-0.991133, 169, 265, 232, 296
-0.991176, 129, 137, 192, 168
-0.991189, 81, 149, 144, 180
-0.991234, 33, 241, 96, 272
-0.991239, 233, 165, 296, 196
-0.991253, 65, 49, 128, 80
-0.99126, 41, 229, 104, 260
-0.991272, 393, 5, 456, 36
-0.991296, 57, 81, 88, 112
-0.991315, 105, 41, 168, 72
-0.991316, 153, 97, 216, 128
-0.991334, 1, 73, 500, 136
-0.991338, 57, 37, 120, 68
-0.991398, 353, 45, 384, 76
-0.991422, 201, 57, 264, 88
-0.99143, 225, 197, 288, 228
-0.991436, 33, 225, 288, 288
-0.991466, 209, 49, 240, 176
-0.991474, 245, 85, 276, 116
-0.991476, 9, 197, 72, 228
-0.991481, 17, 105, 80, 136
-0.991493, 161, 141, 224, 172
-0.99153, 457, 33, 488, 160
-0.991533, 225, 145, 256, 272
-0.99155, 145, 269, 208, 300
-0.991555, 17, 169, 80, 200
-0.991583, 329, 69, 392, 100
-0.991592, 177, 281, 240, 312
-0.991621, 257, 29, 320, 60
-0.991672, 201, 129, 232, 256
-0.991735, 61, 193, 92, 320
-0.991739, 241, 161, 368, 224
-0.991748, 105, 57, 168, 88
-0.991767, 413, 113, 444, 240
-0.991772, 1, 93, 64, 124
-0.991774, 273, 137, 400, 200
-0.99178, 41, 5, 72, 36
-0.991795, 13, 5, 44, 36
-0.991803, 1, 1, 500, 64
-0.99182, 129, 89, 384, 152
-0.991824, 25, 193, 56, 320
-0.991825, 57, 157, 88, 188
-0.991838, 409, 33, 440, 160
-0.991862, 161, 181, 224, 212
-0.991873, 369, 153, 496, 216
-0.991884, 81, 57, 96, 120
-0.991916, 217, 29, 280, 60
-0.991921, 369, 29, 432, 60
-0.991935, 177, 193, 208, 320
-0.991954, 129, 249, 192, 280
-0.991993, 281, 1, 344, 334
-0.992015, 97, 1, 160, 32
-0.992021, 333, 17, 364, 48
-0.992022, 249, 189, 312, 220
-0.992028, 73, 249, 136, 280
-0.992031, 273, 273, 400, 334
-0.99204, 9, 245, 72, 276
-0.99206, 49, 177, 112, 208
-0.992103, 1, 89, 128, 120
-0.992106, 169, 53, 232, 84
-0.992112, 13, 73, 44, 104
-0.99216, 249, 1, 280, 32
-0.992171, 33, 61, 64, 92
-0.992174, 249, 73, 264, 136
-0.992181, 369, 97, 496, 160
-0.992188, 49, 273, 112, 304
-0.992242, 349, 9, 380, 40
-0.992278, 33, 137, 96, 168
-0.992299, 365, 33, 380, 96
-0.992324, 177, 77, 304, 108
-0.992325, 153, 5, 216, 36
-0.992327, 353, 65, 416, 96
-0.99234, 81, 1, 112, 32
-0.992347, 193, 57, 448, 120
-0.992358, 121, 73, 152, 104
-0.992372, 209, 301, 272, 332
-0.99238, 73, 61, 104, 92
-0.992384, 425, 161, 488, 288
-0.992389, 33, 201, 288, 264
-0.992398, 393, 17, 456, 48
-0.992401, 353, 57, 384, 88
-0.992432, 97, 57, 128, 88
-0.992458, 137, 69, 168, 100
-0.992463, 305, 53, 368, 84
-0.992475, 121, 101, 184, 132
-0.992475, 237, 69, 268, 100
-0.992482, 145, 17, 208, 48
-0.992489, 65, 85, 192, 116
-0.992494, 241, 9, 368, 40
-0.992509, 229, 89, 260, 120
-0.992517, 73, 85, 104, 116
-0.992539, 317, 9, 348, 40
-0.992581, 193, 5, 256, 36
-0.992592, 245, 49, 276, 80
-0.9926, 153, 85, 216, 116
-0.992601, 337, 49, 368, 176
-0.992612, 1, 141, 32, 172
-0.992613, 33, 53, 96, 84
-0.992617, 193, 269, 256, 300
-0.99262, 101, 17, 132, 48
-0.992664, 373, 1, 404, 128
-0.992699, 281, 25, 344, 56
-0.992702, 101, 1, 132, 32
-0.992722, 73, 101, 104, 132
-0.992724, 41, 169, 72, 200
-0.992728, 341, 49, 372, 80
-0.992729, 137, 37, 200, 68
-0.992737, 257, 89, 500, 152
-0.992741, 137, 193, 200, 224
-0.992746, 257, 1, 500, 64
-0.992756, 269, 133, 300, 164
-0.992782, 289, 61, 320, 92
-0.992782, 25, 37, 88, 68
-0.992791, 359, 1, 374, 64
-0.992792, 361, 129, 424, 160
-0.992795, 65, 261, 128, 292
-0.992797, 61, 1, 92, 32
-0.992797, 57, 101, 88, 132
-0.9928, 193, 65, 320, 96
-0.992805, 177, 89, 304, 120
-0.992825, 245, 17, 276, 48
-0.992831, 401, 133, 464, 164
-0.992835, 333, 1, 364, 32
-0.992843, 257, 101, 288, 132
-0.992853, 137, 89, 168, 120
-0.992855, 89, 141, 120, 172
-0.992865, 13, 141, 44, 172
-0.992866, 361, 1, 392, 32
-0.992866, 129, 149, 192, 180
-0.99287, 85, 89, 116, 120
-0.992876, 9, 21, 72, 52
-0.99289, 169, 253, 232, 284
-0.99289, 1, 73, 32, 104
-0.992897, 59, 57, 74, 120
-0.992909, 157, 181, 188, 212
-0.992913, 365, 57, 396, 88
-0.992919, 241, 181, 272, 212
-0.992936, 9, 61, 40, 92
-0.992937, 17, 265, 80, 296
-0.99295, 17, 65, 32, 128
-0.992952, 261, 185, 292, 216
-0.992963, 85, 65, 116, 96
-0.992965, 25, 181, 88, 212
-0.992967, 245, 165, 276, 196
-0.992982, 69, 273, 100, 304
-0.992982, 117, 137, 148, 168
-0.992985, 225, 209, 288, 240
-0.992999, 225, 273, 352, 334
-0.993001, 225, 281, 288, 312
-0.993004, 257, 13, 288, 44
-0.993008, 1, 225, 64, 256
-0.993017, 5, 97, 36, 128
-0.993018, 57, 65, 88, 96
-0.993021, 1, 49, 500, 112
-0.993027, 109, 77, 140, 108
-0.993028, 173, 145, 204, 272
-0.993055, 425, 1, 456, 128
-0.993068, 33, 1, 160, 32
-0.993074, 273, 1, 304, 32
-0.993079, 161, 25, 416, 88
-0.993093, 245, 101, 276, 132
-0.993093, 29, 45, 60, 76
-0.993099, 105, 137, 136, 168
-0.993108, 365, 45, 396, 76
-0.993117, 333, 29, 364, 60
-0.993136, 67, 57, 82, 120
-0.993138, 45, 61, 76, 92
-0.993138, 81, 29, 112, 60
-0.993144, 21, 17, 52, 48
-0.993149, 241, 185, 368, 248
-0.993156, 65, 261, 96, 292
-0.99316, 193, 233, 256, 264
-0.993162, 237, 1, 268, 32
-0.993165, 237, 153, 268, 184
-0.993165, 225, 69, 256, 100
-0.993171, 67, 1, 82, 64
-0.993172, 81, 137, 208, 168
-0.993173, 289, 81, 320, 112
-0.993201, 61, 21, 92, 52
-0.993206, 153, 249, 184, 280
-0.993209, 77, 245, 108, 276
-0.993209, 21, 57, 52, 88
-0.993211, 277, 93, 308, 124
-0.993223, 253, 49, 268, 112
-0.993229, 25, 5, 56, 36
-0.99323, 1, 101, 128, 132
-0.99324, 225, 81, 352, 112
-0.993248, 101, 29, 132, 60
-0.993253, 193, 17, 224, 144
-0.993255, 257, 37, 288, 68
-0.993255, 77, 149, 108, 180
-0.993269, 65, 245, 96, 276
-0.993277, 73, 1, 88, 64
-0.99328, 169, 181, 200, 212
-0.993281, 11, 57, 26, 120
-0.993291, 269, 177, 300, 304
-0.993298, 63, 153, 78, 216
-0.993308, 249, 153, 280, 184
-0.993323, 113, 37, 144, 68
-0.993324, 89, 265, 120, 296
-0.993335, 265, 89, 296, 120
-0.993336, 177, 93, 208, 124
-0.993339, 233, 57, 264, 88
-0.993348, 289, 113, 416, 176
-0.993358, 1, 9, 32, 40
-0.993364, 353, 33, 384, 64
-0.993371, 261, 1, 292, 32
-0.993381, 41, 25, 72, 56
-0.993381, 73, 57, 88, 120
-0.993383, 101, 41, 132, 72
-0.993386, 389, 97, 420, 224
-0.993393, 289, 97, 320, 128
-0.993395, 77, 81, 92, 144
-0.993395, 81, 17, 112, 48
-0.9934, 137, 141, 168, 172
-0.993402, 265, 149, 296, 180
-0.993403, 425, 97, 456, 224
-0.993406, 49, 209, 80, 240
-0.993412, 225, 149, 256, 180
-0.993413, 33, 249, 288, 312
-0.993429, 125, 85, 156, 116
-0.993434, 71, 81, 86, 144
-0.993434, 25, 1, 40, 64
-0.993443, 245, 29, 276, 60
-0.993443, 45, 241, 76, 272
-0.993444, 1, 177, 500, 240
-0.993447, 157, 85, 188, 116
-0.993448, 129, 137, 384, 200
-0.99345, 305, 1, 336, 32
-0.993454, 1, 137, 16, 200
-0.993458, 33, 1, 48, 64
-0.993466, 13, 85, 44, 116
-0.993468, 1, 205, 32, 236
-0.993481, 249, 73, 280, 104
-0.993484, 13, 193, 44, 320
-0.993485, 165, 137, 196, 168
-0.993486, 257, 9, 272, 72
-0.993488, 269, 13, 300, 44
-0.993519, 17, 45, 48, 76
-0.993521, 17, 101, 48, 132
-0.993526, 233, 45, 264, 76
-0.993532, 1, 153, 32, 184
-0.993547, 341, 17, 356, 80
-0.993554, 59, 81, 74, 144
-0.993562, 57, 197, 88, 228
-0.99357, 85, 81, 100, 144
-0.99357, 85, 101, 116, 132
-0.993582, 121, 17, 152, 48
-0.993582, 357, 69, 388, 100
-0.993592, 45, 93, 76, 124
-0.99361, 249, 301, 280, 332
-0.993615, 247, 49, 262, 112
-0.993615, 293, 5, 324, 36
-0.993623, 1, 65, 128, 96
-0.993632, 49, 221, 80, 252
-0.993632, 65, 73, 192, 104
-0.993635, 305, 1, 432, 32
-0.99365, 5, 109, 36, 140
-0.993661, 29, 29, 60, 60
-0.993662, 269, 105, 300, 136
-0.993671, 165, 105, 196, 136
-0.993679, 257, 81, 272, 144
-0.993679, 113, 57, 144, 88
-0.993689, 65, 33, 96, 64
-0.993701, 181, 269, 212, 300
-0.993713, 253, 141, 284, 172
-0.993715, 87, 57, 102, 120
-0.99372, 43, 1, 58, 64
-0.99373, 89, 45, 120, 76
-0.99373, 233, 101, 264, 132
-0.993739, 5, 49, 20, 112
-0.993753, 89, 253, 120, 284
-0.993763, 97, 73, 128, 104
-0.993773, 353, 1, 368, 64
-0.9938, 145, 65, 272, 96
-0.993819, 1, 137, 500, 200
-0.993891, 7, 137, 22, 200
-0.993916, 65, 81, 80, 144
-0.99394, 5, 73, 20, 136
-0.993982, 347, 9, 362, 72
-0.994044, 161, 53, 288, 84
-0.994065, 19, 113, 34, 176
-0.994077, 93, 65, 108, 128
-0.994093, 353, 249, 480, 312
-0.994103, 1, 97, 500, 160
-0.994117, 365, 1, 380, 64
-0.994117, 7, 105, 22, 168
-0.994117, 365, 113, 396, 240
-0.994119, 105, 1, 120, 64
-0.994134, 129, 89, 256, 120
-0.994141, 49, 57, 64, 120
-0.994142, 241, 69, 368, 100
-0.994161, 53, 201, 68, 264
-0.994176, 263, 97, 278, 160
-0.994242, 397, 49, 428, 176
-0.994252, 257, 33, 500, 96
-0.994256, 355, 33, 370, 96
-0.994278, 75, 25, 90, 88
-0.994328, 269, 97, 284, 160
-0.994348, 285, 113, 316, 240
-0.99441, 35, 41, 50, 104
-0.994412, 131, 65, 146, 128
-0.994454, 149, 65, 164, 128
-0.994462, 1, 105, 16, 168
-0.99449, 469, 49, 500, 176
-0.994494, 1, 201, 500, 264
-0.99452, 201, 209, 232, 334
-0.994527, 251, 17, 266, 80
-0.994528, 129, 257, 384, 320
-0.994543, 49, 97, 176, 128
-0.994568, 33, 153, 160, 184
-0.994569, 275, 97, 290, 160
-0.994582, 139, 65, 154, 128
-0.994635, 41, 25, 56, 88
-0.994649, 193, 101, 320, 132
-0.99468, 25, 81, 40, 144
-0.994685, 61, 1, 76, 64
-0.994692, 245, 209, 276, 334
-0.994704, 1, 1, 16, 64
-0.994712, 65, 245, 192, 276
-0.994771, 11, 81, 26, 144
-0.994774, 239, 65, 254, 128
-0.994819, 97, 113, 352, 176
-0.994857, 257, 105, 272, 168
-0.994874, 33, 273, 288, 334
-0.994892, 57, 153, 72, 216
-0.994896, 273, 49, 400, 80
-0.994898, 469, 1, 500, 128
-0.994899, 33, 205, 160, 236
-0.99492, 367, 65, 382, 128
-0.994921, 79, 1, 94, 64
-0.994941, 13, 113, 28, 176
-0.994972, 59, 177, 74, 240
-0.994975, 1, 137, 128, 168
-0.994982, 11, 1, 26, 64
-0.99499, 69, 25, 84, 88
-0.994992, 129, 161, 384, 224
-0.994995, 161, 5, 288, 36
-0.995004, 369, 177, 496, 240
-0.995006, 445, 33, 476, 160
-0.99501, 69, 153, 84, 216
-0.995011, 105, 33, 120, 96
-0.995054, 17, 89, 32, 152
-0.995059, 259, 41, 274, 104
-0.995067, 241, 93, 368, 124
-0.995106, 113, 77, 240, 108
-0.995109, 331, 9, 346, 72
-0.995127, 281, 97, 296, 160
-0.99514, 361, 57, 376, 120
-0.995179, 95, 137, 110, 200
-0.995259, 275, 129, 290, 192
-0.995271, 241, 209, 368, 272
-0.995278, 305, 17, 432, 48
-0.995292, 1, 113, 256, 176
-0.995327, 113, 253, 240, 284
-0.995332, 161, 41, 288, 72
-0.995333, 163, 105, 178, 168
-0.995353, 113, 25, 240, 56
-0.995369, 321, 1, 336, 64
-0.995381, 1, 77, 128, 108
-0.995416, 287, 97, 302, 160
-0.995423, 263, 17, 278, 80
-0.995444, 65, 17, 192, 48
-0.995445, 371, 33, 386, 96
-0.995447, 309, 65, 340, 192
-0.995451, 155, 65, 170, 128
-0.995453, 193, 209, 448, 272
-0.99546, 91, 89, 106, 152
-0.995492, 177, 97, 192, 160
-0.995495, 161, 141, 288, 172
-0.995509, 145, 101, 272, 132
-0.99551, 53, 81, 68, 144
-0.995514, 169, 177, 184, 240
-0.995522, 117, 73, 132, 136
-0.995542, 243, 89, 258, 152
-0.995559, 113, 265, 240, 296
-0.995578, 25, 105, 40, 168
-0.995588, 1, 25, 500, 88
-0.995588, 55, 1, 70, 64
-0.99559, 263, 185, 278, 248
-0.995678, 369, 65, 496, 128
-0.995678, 193, 29, 320, 60
-0.995682, 125, 73, 140, 136
-0.995687, 241, 41, 256, 104
-0.995695, 225, 249, 352, 312
-0.995697, 99, 57, 114, 120
-0.995721, 1, 249, 500, 312
-0.995734, 51, 233, 66, 296
-0.995753, 13, 137, 28, 200
-0.995789, 81, 33, 112, 288
-0.9958, 85, 273, 100, 334
-0.995801, 139, 129, 154, 192
-0.995806, 241, 37, 368, 68
-0.995849, 49, 1, 64, 64
-0.995849, 41, 57, 56, 120
-0.99585, 157, 97, 172, 160
-0.995854, 81, 33, 96, 96
-0.995866, 225, 53, 352, 84
-0.995867, 289, 57, 304, 120
-0.995867, 81, 241, 96, 304
-0.995867, 33, 169, 160, 200
-0.9959, 33, 185, 160, 216
-0.995904, 225, 137, 480, 200
-0.99591, 103, 137, 118, 200
-0.995911, 45, 217, 60, 280
-0.995925, 269, 9, 284, 72
-0.995931, 249, 105, 264, 168
-0.995933, 263, 145, 278, 208
-0.995934, 97, 1, 128, 256
-0.995954, 289, 249, 416, 312
-0.995954, 231, 249, 246, 312
-0.995959, 83, 145, 98, 208
-0.99598, 63, 33, 78, 96
-0.99602, 349, 41, 364, 104
-0.996038, 401, 113, 432, 240
-0.996039, 1, 241, 128, 272
-0.99604, 161, 189, 288, 220
-0.996053, 193, 17, 320, 48
-0.996054, 17, 225, 144, 256
-0.996059, 237, 89, 252, 152
-0.996059, 85, 1, 100, 64
-0.996059, 177, 1, 192, 64
-0.996071, 337, 45, 464, 76
-0.996085, 173, 129, 188, 192
-0.996086, 241, 25, 368, 56
-0.996093, 303, 1, 318, 64
-0.996101, 19, 1, 34, 64
-0.996102, 65, 29, 192, 60
-0.996109, 169, 105, 184, 168
-0.996109, 453, 113, 484, 240
-0.996118, 315, 1, 330, 64
-0.996121, 373, 57, 388, 120
-0.996123, 113, 1, 144, 256
-0.99613, 97, 61, 224, 92
-0.996143, 189, 177, 220, 304
-0.996146, 173, 249, 188, 312
-0.99615, 129, 137, 144, 200
-0.996152, 111, 41, 126, 104
-0.996161, 161, 153, 288, 184
-0.996167, 89, 241, 104, 304
-0.996175, 65, 257, 192, 288
-0.996191, 49, 61, 176, 92
-0.996192, 115, 137, 130, 200
-0.996196, 353, 1, 480, 32
-0.996198, 321, 145, 448, 208
-0.996206, 209, 137, 336, 168
-0.996216, 113, 49, 240, 80
-0.99622, 161, 253, 288, 284
-0.996221, 269, 129, 284, 192
-0.99623, 193, 233, 448, 296
-0.996243, 75, 153, 90, 216
-0.996247, 109, 137, 124, 200
-0.996262, 149, 129, 164, 192
-0.996268, 123, 241, 138, 304
-0.996269, 161, 265, 288, 296
-0.996276, 9, 33, 40, 288
-0.996288, 65, 33, 96, 288
-0.996304, 161, 73, 176, 136
-0.996317, 225, 185, 480, 248
-0.996392, 129, 33, 160, 288
-0.996398, 1, 257, 128, 288
-0.996402, 49, 273, 176, 304
-0.996422, 37, 33, 68, 288
-0.996422, 81, 1, 208, 32
-0.996427, 273, 81, 400, 112
-0.996456, 369, 273, 496, 334
-0.996459, 397, 1, 428, 128
-0.996463, 249, 1, 280, 256
-0.996482, 177, 281, 304, 312
-0.996485, 281, 193, 312, 320
-0.996489, 225, 113, 480, 176
-0.996519, 1, 21, 128, 52
-0.996554, 97, 105, 224, 136
-0.996566, 365, 41, 380, 72
-0.996567, 25, 1, 56, 256
-0.996576, 129, 185, 384, 248
-0.996644, 209, 153, 336, 184
-0.996646, 209, 305, 336, 334
-0.996659, 65, 49, 192, 80
-0.996704, 325, 49, 356, 176
-0.996717, 1, 273, 128, 304
-0.996718, 441, 113, 472, 240
-0.996781, 225, 161, 480, 224
-0.99681, 153, 1, 184, 256
-0.996823, 1, 37, 128, 68
-0.996834, 141, 33, 172, 288
-0.996871, 1, 49, 128, 80
-0.99689, 53, 33, 84, 288
-0.996896, 1, 225, 500, 288
-0.996917, 113, 241, 240, 272
-0.996925, 369, 129, 496, 160
-0.99693, 1, 273, 500, 334
-0.996975, 241, 105, 368, 136
-0.996995, 257, 133, 384, 164
-0.997031, 249, 85, 264, 116
-0.997034, 59, 157, 74, 188
-0.997035, 337, 1, 368, 256
-0.997038, 161, 173, 288, 204
-0.997043, 177, 125, 304, 156
-0.997086, 373, 209, 404, 334
-0.997106, 65, 233, 192, 264
-0.997107, 353, 1, 384, 256
-0.997109, 129, 277, 256, 308
-0.997113, 5, 141, 20, 172
-0.997124, 113, 13, 240, 44
-0.997142, 25, 5, 40, 36
-0.997152, 35, 17, 50, 48
-0.99717, 321, 57, 448, 88
-0.997205, 43, 5, 58, 36
-0.997221, 237, 1, 268, 256
-0.997232, 353, 49, 368, 80
-0.997238, 289, 101, 416, 132
-0.997242, 97, 193, 224, 224
-0.997253, 85, 85, 100, 116
-0.997282, 337, 225, 464, 288
-0.997297, 1, 209, 32, 334
-0.997297, 15, 69, 30, 100
-0.9973, 169, 33, 200, 288
-0.997305, 269, 65, 300, 320
-0.997315, 113, 225, 240, 256
-0.997324, 247, 69, 262, 100
-0.997342, 331, 13, 346, 44
-0.997352, 357, 9, 372, 40
-0.997356, 401, 209, 432, 334
-0.997366, 305, 29, 432, 60
-0.997376, 59, 81, 74, 112
-0.997381, 359, 45, 374, 76
-0.997386, 421, 49, 452, 176
-0.997394, 169, 181, 184, 212
-0.997402, 255, 85, 270, 116
-0.997414, 341, 17, 356, 48
-0.997415, 351, 13, 366, 44
-0.997419, 353, 33, 480, 64
-0.99742, 359, 61, 374, 92
-0.997436, 129, 73, 144, 104
-0.997452, 257, 21, 272, 52
-0.99749, 35, 5, 50, 36
-0.997494, 365, 57, 380, 88
-0.997494, 365, 69, 380, 100
-0.997502, 129, 205, 256, 236
-0.997528, 95, 1, 110, 32
-0.997544, 275, 133, 290, 164
-0.997554, 11, 141, 26, 172
-0.997567, 69, 1, 84, 32
-0.997579, 81, 97, 96, 128
-0.997603, 77, 257, 92, 288
-0.997604, 81, 61, 96, 92
-0.997614, 253, 1, 268, 32
-0.997621, 249, 49, 264, 80
-0.997629, 127, 137, 142, 168
-0.99763, 263, 101, 278, 132
-0.997636, 363, 5, 378, 36
-0.997659, 263, 37, 278, 68
-0.997659, 193, 201, 320, 232
-0.997675, 285, 33, 316, 288
-0.997677, 33, 41, 48, 72
-0.997679, 253, 73, 268, 104
-0.997691, 57, 197, 72, 228
-0.997699, 71, 81, 86, 112
-0.997723, 129, 289, 256, 320
-0.997725, 5, 77, 20, 108
-0.997744, 259, 1, 274, 32
-0.997754, 3, 53, 18, 84
-0.997758, 113, 37, 240, 68
-0.997761, 61, 101, 76, 132
-0.997762, 17, 97, 32, 128
-0.997769, 83, 253, 98, 284
-0.997777, 63, 1, 78, 32
-0.997788, 135, 69, 150, 100
-0.997792, 75, 25, 90, 56
-0.997792, 103, 1, 118, 32
-0.997793, 35, 57, 50, 88
-0.997796, 71, 65, 86, 96
-0.997802, 213, 33, 244, 288
-0.997813, 257, 101, 272, 132
-0.997814, 247, 153, 262, 184
-0.997815, 1, 9, 16, 40
-0.997822, 9, 61, 24, 92
-0.997823, 65, 81, 80, 112
-0.997829, 365, 55, 396, 70
-0.997829, 139, 141, 154, 172
-0.99783, 277, 135, 308, 150
-0.997831, 65, 37, 96, 52
-0.997832, 91, 89, 106, 120
-0.997832, 57, 65, 88, 80
-0.997832, 87, 273, 102, 304
-0.997834, 321, 129, 448, 160
-0.997838, 57, 91, 88, 106
-0.99784, 233, 51, 264, 66
-0.997844, 41, 97, 72, 112
-0.997845, 7, 1, 22, 128
-0.99785, 153, 179, 184, 194
-0.997853, 273, 105, 304, 120
-0.997859, 337, 1, 368, 16
-0.997861, 77, 81, 92, 112
-0.997864, 359, 1, 374, 128
-0.997864, 97, 181, 224, 212
-0.997865, 29, 41, 60, 56
-0.997866, 137, 91, 168, 106
-0.997868, 101, 41, 132, 56
-0.997879, 69, 153, 84, 184
-0.997879, 257, 7, 288, 22
-0.997882, 101, 9, 132, 24
-0.997886, 75, 1, 90, 32
-0.997887, 71, 101, 86, 132
-0.997894, 37, 89, 68, 104
-0.997895, 55, 93, 70, 124
-0.997895, 97, 125, 224, 156
-0.997909, 263, 13, 278, 44
-0.997911, 269, 133, 284, 164
-0.997914, 365, 1, 396, 256
-0.997915, 153, 249, 184, 264
-0.997916, 85, 149, 100, 180
-0.997916, 1, 153, 16, 184
-0.997917, 63, 61, 78, 92
-0.997919, 1, 125, 128, 156
-0.99792, 1, 141, 32, 156
-0.997924, 71, 81, 86, 208
-0.997927, 85, 275, 116, 290
-0.997928, 41, 179, 72, 194
-0.997935, 1, 207, 32, 222
-0.997937, 197, 1, 228, 256
-0.997937, 49, 213, 80, 228
-0.997942, 73, 155, 104, 170
-0.997945, 209, 185, 336, 216
-0.997949, 101, 33, 132, 48
-0.997949, 225, 69, 256, 84
-0.99795, 153, 185, 184, 200
-0.997951, 47, 61, 62, 92
-0.997951, 369, 1, 384, 32
-0.997953, 251, 17, 266, 48
-0.997957, 337, 23, 368, 38
-0.997962, 335, 1, 350, 32
-0.997968, 87, 65, 102, 96
-0.997969, 417, 161, 448, 288
-0.99797, 55, 173, 70, 204
-0.997975, 337, 47, 368, 62
-0.997976, 261, 89, 276, 120
-0.997977, 105, 49, 120, 80
-0.997977, 7, 81, 22, 208
-0.99798, 49, 219, 80, 234
-0.997982, 117, 137, 148, 152
-0.997985, 7, 9, 22, 40
-0.997987, 149, 137, 180, 152
-0.997989, 193, 217, 320, 248
-0.997989, 177, 293, 304, 324
-0.99799, 57, 65, 72, 96
-0.997991, 29, 29, 60, 44
-0.997997, 289, 83, 320, 98
-0.998003, 105, 137, 120, 168
-0.998006, 245, 105, 276, 120
-0.998007, 141, 69, 156, 100
-0.998009, 225, 99, 256, 114
-0.998011, 21, 77, 36, 108
-0.99802, 325, 9, 340, 40
-0.998022, 97, 141, 112, 172
-0.998024, 69, 21, 84, 52
-0.998026, 243, 89, 258, 120
-0.998027, 85, 149, 116, 164
-0.99803, 1, 81, 16, 208
-0.998031, 51, 213, 66, 244
-0.998034, 105, 79, 136, 94
-0.998034, 65, 31, 96, 46
-0.998034, 173, 257, 188, 288
-0.998038, 57, 1, 72, 32
-0.99804, 1, 1, 16, 128
-0.998043, 1, 205, 16, 236
-0.998043, 257, 159, 288, 174
-0.998044, 257, 81, 288, 96
-0.998046, 87, 101, 102, 132
-0.998049, 65, 81, 80, 208
-0.998051, 341, 1, 356, 32
-0.998052, 225, 281, 352, 312
-0.998055, 265, 153, 296, 168
-0.998057, 251, 105, 266, 136
-0.998057, 457, 1, 488, 256
-0.998059, 257, 157, 272, 188
-0.99806, 81, 205, 208, 236
-0.998064, 33, 29, 48, 60
-0.998065, 349, 61, 380, 76
-0.998067, 123, 77, 138, 108
-0.998071, 41, 33, 56, 64
-0.998072, 81, 27, 112, 42
-0.998079, 121, 83, 152, 98
-0.998079, 41, 61, 56, 92
-0.998079, 269, 101, 284, 132
-0.99809, 217, 151, 248, 166
-0.998095, 263, 185, 278, 216
-0.998097, 261, 189, 292, 204
-0.998102, 63, 185, 78, 216
-0.998103, 53, 5, 84, 20
-0.998104, 169, 137, 200, 152
-0.998104, 77, 81, 92, 208
-0.998106, 225, 165, 352, 196
-0.998108, 251, 17, 266, 144
-0.99811, 265, 145, 280, 176
-0.998111, 13, 5, 28, 36
-0.998116, 375, 69, 390, 100
-0.998123, 81, 1, 96, 32
-0.998131, 245, 61, 276, 76
-0.998133, 5, 109, 36, 124
-0.998134, 247, 1, 262, 32
-0.998137, 17, 1, 32, 128
-0.998137, 9, 53, 40, 68
-0.99814, 7, 153, 22, 184
-0.998142, 43, 1, 58, 128
-0.998145, 91, 257, 106, 288
-0.998146, 151, 69, 166, 100
-0.998146, 101, 15, 132, 30
-0.998146, 275, 1, 290, 32
-0.998149, 65, 273, 96, 288
-0.998149, 129, 301, 256, 332
-0.998151, 77, 245, 92, 276
-0.998153, 9, 103, 40, 118
-0.998155, 385, 209, 416, 334
-0.998161, 101, 57, 132, 72
-0.998162, 1, 79, 32, 94
-0.998163, 255, 49, 270, 80
-0.998163, 81, 149, 208, 180
-0.998165, 1, 9, 32, 24
-0.998166, 245, 105, 260, 136
-0.998166, 69, 3, 100, 18
-0.998169, 117, 77, 132, 108
-0.998169, 131, 85, 146, 116
-0.99817, 13, 71, 44, 86
-0.998172, 99, 61, 114, 92
-0.998173, 269, 9, 284, 40
-0.998178, 347, 1, 362, 32
-0.998182, 281, 9, 312, 24
-0.998187, 353, 69, 384, 84
-0.998191, 15, 65, 30, 192
-0.998195, 289, 69, 416, 100
-0.998196, 257, 1, 272, 128
-0.998196, 91, 145, 106, 176
-0.998199, 365, 43, 396, 58
-0.9982, 69, 257, 84, 288
-0.998201, 347, 41, 362, 72
-0.998203, 23, 1, 38, 128
-0.998204, 353, 37, 368, 68
-0.998204, 175, 185, 190, 216
-0.998205, 161, 191, 192, 206
-0.998208, 237, 15, 268, 30
-0.998208, 73, 37, 88, 68
-0.998208, 81, 273, 96, 304
-0.99821, 325, 1, 356, 256
-0.998214, 23, 105, 38, 136
-0.998216, 133, 137, 148, 168
-0.998217, 245, 31, 276, 46
-0.998219, 41, 173, 72, 188
-0.998222, 101, 21, 132, 36
-0.998226, 93, 49, 108, 176
-0.99823, 17, 59, 48, 74
-0.998237, 77, 95, 108, 110
-0.998238, 349, 1, 364, 128
-0.998241, 29, 7, 60, 22
-0.998244, 225, 1, 256, 256
-0.998246, 57, 97, 88, 112
-0.998249, 9, 151, 40, 166
-0.99825, 353, 141, 480, 172
-0.998258, 161, 241, 288, 272
-0.998262, 237, 67, 268, 82
-0.998267, 105, 139, 136, 154
-0.998272, 245, 93, 276, 108
-0.998272, 333, 9, 364, 24
-0.998297, 49, 109, 176, 140
-0.998299, 313, 145, 376, 272
-0.998299, 241, 201, 368, 232
-0.998307, 259, 97, 274, 224
-0.998329, 257, 145, 384, 176
-0.998346, 21, 21, 52, 36
-0.998347, 365, 161, 396, 288
-0.998347, 469, 193, 500, 320
-0.998347, 237, 1, 268, 16
-0.998348, 133, 65, 148, 192
-0.998362, 365, 67, 396, 82
-0.998366, 49, 85, 112, 100
-0.998373, 273, 9, 336, 24
-0.998375, 29, 57, 60, 72
-0.998378, 297, 33, 328, 288
-0.998379, 241, 87, 304, 102
-0.998383, 263, 1, 278, 128
-0.998383, 125, 89, 156, 104
-0.998384, 365, 1, 380, 128
-0.998393, 41, 29, 72, 44
-0.998395, 229, 91, 260, 106
-0.998399, 33, 1, 48, 128
-0.998405, 353, 13, 480, 44
-0.998406, 13, 83, 44, 98
-0.998411, 445, 1, 476, 256
-0.998413, 55, 193, 70, 320
-0.998414, 321, 273, 448, 334
-0.998414, 339, 1, 354, 128
-0.998415, 353, 69, 480, 100
-0.998416, 337, 117, 464, 148
-0.998426, 241, 67, 304, 82
-0.998427, 9, 89, 72, 104
-0.998429, 17, 95, 80, 110
-0.99843, 81, 169, 208, 200
-0.998431, 185, 65, 216, 320
-0.998434, 49, 5, 112, 20
-0.998435, 73, 29, 136, 44
-0.998436, 245, 99, 276, 114
-0.998437, 97, 139, 160, 154
-0.998439, 119, 65, 134, 192
-0.998441, 257, 305, 384, 334
-0.998442, 249, 1, 280, 16
-0.998443, 245, 51, 276, 66
-0.998446, 261, 105, 292, 120
-0.998447, 241, 81, 304, 96
-0.998447, 241, 1, 304, 16
-0.99845, 361, 1, 424, 16
-0.99845, 329, 47, 392, 62
-0.998452, 113, 73, 176, 88
-0.998454, 25, 65, 88, 80
-0.998454, 241, 75, 304, 90
-0.998454, 49, 91, 112, 106
-0.998454, 1, 9, 64, 24
-0.998458, 81, 147, 144, 162
-0.998459, 341, 53, 372, 68
-0.998463, 329, 57, 392, 72
-0.998466, 469, 1, 500, 256
-0.998467, 353, 59, 416, 74
-0.998468, 241, 61, 304, 76
-0.99847, 353, 7, 416, 22
-0.99847, 257, 15, 288, 30
-0.998471, 241, 97, 304, 112
-0.998471, 49, 157, 112, 172
-0.998472, 209, 73, 272, 88
-0.998473, 353, 45, 416, 60
-0.998473, 111, 129, 126, 256
-0.998476, 241, 9, 304, 24
-0.998477, 9, 83, 72, 98
-0.998477, 89, 87, 152, 102
-0.998478, 33, 27, 96, 42
-0.99848, 87, 81, 102, 208
-0.99848, 49, 97, 112, 112
-0.998481, 329, 41, 392, 56
-0.998482, 257, 135, 320, 150
-0.998483, 329, 63, 392, 78
-0.998485, 57, 35, 120, 50
-0.998486, 1, 59, 64, 74
-0.998486, 245, 9, 276, 24
-0.998487, 297, 9, 360, 24
-0.998488, 241, 103, 304, 118
-0.998488, 81, 65, 144, 80
-0.998489, 81, 97, 144, 112
-0.99849, 353, 53, 416, 68
-0.99849, 57, 103, 120, 118
-0.998491, 289, 169, 416, 232
-0.998491, 313, 3, 376, 18
-0.998492, 241, 15, 304, 30
-0.998492, 1, 77, 64, 92
-0.998494, 1, 209, 64, 224
-0.998494, 89, 1, 152, 16
-0.998495, 17, 101, 80, 116
-0.998496, 329, 13, 392, 28
-0.998498, 113, 19, 176, 34
-0.998498, 129, 89, 192, 104
-0.998501, 241, 55, 304, 70
-0.998502, 361, 3, 392, 18
-0.998505, 57, 103, 88, 118
-0.998509, 209, 283, 272, 298
-0.998509, 25, 7, 88, 22
-0.99851, 233, 155, 296, 170
-0.998511, 25, 33, 88, 48
-0.998513, 217, 99, 280, 114
-0.998513, 117, 75, 148, 90
-0.998514, 1, 153, 64, 168
-0.998515, 289, 65, 320, 80
-0.998518, 217, 185, 280, 200
-0.998519, 361, 39, 424, 54
-0.998522, 217, 91, 280, 106
-0.998524, 81, 79, 144, 94
-0.998525, 217, 5, 280, 20
-0.998525, 305, 15, 368, 30
-0.998527, 73, 23, 136, 38
-0.998529, 57, 63, 120, 78
-0.998531, 201, 51, 264, 66
-0.998532, 241, 49, 304, 64
-0.998532, 305, 39, 368, 54
-0.998532, 129, 99, 192, 114
-0.998533, 281, 79, 344, 94
-0.998534, 353, 65, 416, 80
-0.998534, 293, 7, 324, 22
-0.998535, 201, 67, 264, 82
-0.998536, 9, 203, 72, 218
-0.998537, 13, 65, 44, 80
-0.998539, 145, 137, 208, 152
-0.99854, 129, 185, 192, 200
-0.998541, 329, 69, 392, 84
-0.998541, 41, 205, 104, 220
-0.998542, 17, 175, 80, 190
-0.998543, 209, 11, 272, 26
-0.998543, 259, 49, 274, 176
-0.998544, 265, 103, 328, 118
-0.998545, 249, 39, 312, 54
-0.998546, 349, 97, 380, 224
-0.998546, 69, 85, 100, 100
-0.998546, 257, 153, 320, 168
-0.998546, 1, 107, 64, 122
-0.998547, 41, 211, 104, 226
-0.998547, 169, 145, 232, 160
-0.998547, 217, 191, 280, 206
-0.998548, 329, 19, 392, 34
-0.998549, 217, 105, 280, 120
-0.998549, 25, 21, 88, 36
-0.998549, 265, 73, 328, 88
-0.998549, 201, 153, 264, 168
-0.998551, 137, 83, 200, 98
-0.998551, 209, 79, 272, 94
-0.998551, 265, 97, 328, 112
-0.998553, 73, 153, 136, 168
-0.998555, 321, 33, 384, 48
-0.998555, 169, 259, 232, 274
-0.998555, 249, 191, 312, 206
-0.998555, 273, 67, 336, 82
-0.998555, 217, 35, 280, 50
-0.998556, 281, 85, 344, 100
-0.998557, 89, 59, 152, 74
-0.998557, 1, 113, 64, 128
-0.998557, 161, 185, 224, 200
-0.998558, 169, 273, 232, 288
-0.998558, 49, 275, 112, 290
-0.998559, 9, 245, 72, 260
-0.998559, 393, 5, 456, 20
-0.998559, 105, 39, 168, 54
-0.99856, 305, 49, 368, 64
-0.99856, 65, 57, 128, 72
-0.998561, 153, 105, 216, 120
-0.998561, 225, 145, 288, 160
-0.998562, 101, 27, 132, 42
-0.998562, 49, 199, 112, 214
-0.998563, 57, 183, 120, 198
-0.998563, 113, 79, 176, 94
-0.998564, 201, 57, 264, 72
-0.998565, 153, 99, 216, 114
-0.998566, 217, 17, 280, 32
-0.998568, 169, 279, 232, 294
-0.998568, 225, 197, 288, 212
-0.998568, 129, 105, 192, 120
-0.998568, 9, 71, 72, 86
-0.998569, 241, 155, 272, 170
-0.998569, 353, 13, 416, 28
-0.998569, 225, 265, 480, 328
-0.99857, 353, 71, 416, 86
-0.99857, 81, 103, 144, 118
-0.998571, 281, 3, 344, 18
-0.998572, 41, 163, 104, 178
-0.998577, 59, 81, 74, 208
-0.998577, 289, 117, 416, 148
-0.998578, 265, 97, 280, 224
-0.998579, 409, 33, 440, 288
-0.998579, 61, 25, 92, 40
-0.998596, 271, 97, 286, 224
-0.998597, 165, 185, 196, 200
-0.998606, 97, 63, 128, 78
-0.998608, 105, 1, 120, 128
-0.998613, 269, 11, 300, 26
-0.998617, 69, 63, 100, 78
-0.99862, 17, 285, 144, 316
-0.998625, 421, 1, 452, 256
-0.998627, 253, 97, 268, 224
-0.99863, 241, 183, 272, 198
-0.998634, 269, 1, 284, 128
-0.998634, 25, 65, 40, 192
-0.998635, 61, 145, 76, 272
-0.998641, 299, 1, 314, 128
-0.998659, 97, 129, 112, 256
-0.99866, 41, 7, 72, 22
-0.99866, 137, 71, 168, 86
-0.998664, 125, 65, 140, 192
-0.998676, 361, 61, 392, 76
-0.998683, 353, 41, 384, 56
-0.998685, 305, 9, 336, 24
-0.998685, 353, 153, 480, 184
-0.99869, 65, 221, 192, 252
-0.998691, 139, 65, 154, 192
-0.998704, 177, 229, 304, 260
-0.998705, 113, 65, 128, 192
-0.998707, 397, 33, 428, 288
-0.99871, 291, 1, 306, 128
-0.998714, 321, 85, 448, 116
-0.998719, 65, 293, 192, 324
-0.998725, 71, 145, 86, 272
-0.998727, 73, 101, 104, 116
-0.998727, 265, 135, 296, 150
-0.998744, 277, 97, 292, 224
-0.99875, 333, 1, 348, 128
-0.99876, 99, 49, 114, 176
-0.998769, 119, 129, 134, 256
-0.998782, 167, 97, 182, 224
-0.99879, 173, 97, 188, 224
-0.998793, 337, 97, 464, 128
-0.998795, 333, 17, 364, 32
-0.9988, 105, 129, 120, 256
-0.998801, 157, 97, 172, 224
-0.998802, 367, 49, 382, 176
-0.99881, 13, 77, 44, 92
-0.998822, 209, 257, 336, 288
-0.998825, 81, 33, 112, 48
-0.998831, 307, 1, 322, 128
-0.998833, 81, 33, 96, 160
-0.998841, 429, 145, 460, 272
-0.998855, 281, 1, 296, 128
-0.99886, 131, 129, 146, 256
-0.998864, 1, 113, 128, 144
-0.998869, 125, 129, 140, 256
-0.998872, 13, 113, 28, 240
-0.998883, 33, 63, 64, 78
-0.998887, 89, 129, 104, 256
-0.998892, 101, 1, 132, 16
-0.998896, 245, 33, 260, 160
-0.998897, 67, 33, 82, 160
-0.998903, 289, 49, 304, 176
-0.99891, 353, 55, 384, 70
-0.998939, 237, 73, 268, 88
-0.998939, 79, 145, 94, 272
-0.998948, 385, 65, 416, 320
-0.998958, 209, 269, 336, 300
-0.998958, 225, 293, 352, 324
-0.998962, 149, 65, 164, 192
-0.998966, 137, 145, 152, 272
-0.998973, 353, 257, 480, 288
-0.998974, 433, 1, 464, 256
-0.99898, 145, 113, 160, 240
-0.998983, 369, 185, 496, 216
-0.998992, 265, 49, 280, 176
-0.998994, 47, 49, 62, 176
-0.998998, 327, 1, 342, 128
-0.999007, 241, 121, 368, 152
-0.999021, 315, 1, 330, 128
-0.999038, 369, 201, 496, 232
-0.999039, 57, 33, 72, 160
-0.999044, 73, 17, 88, 144
-0.999061, 317, 13, 348, 28
-0.999062, 247, 97, 262, 224
-0.999078, 345, 15, 376, 30
-0.999083, 81, 3, 112, 18
-0.999085, 231, 209, 246, 334
-0.999087, 229, 97, 244, 224
-0.999089, 49, 125, 176, 156
-0.999093, 237, 161, 252, 288
-0.999102, 115, 1, 130, 128
-0.999111, 107, 49, 122, 176
-0.999121, 31, 49, 46, 176
-0.999125, 179, 81, 194, 208
-0.999126, 309, 65, 340, 320
-0.999155, 285, 97, 300, 224
-0.999164, 305, 269, 432, 300
-0.999169, 295, 49, 310, 176
-0.999193, 275, 1, 290, 128
-0.999193, 41, 49, 56, 176
-0.999193, 61, 157, 92, 172
-0.999212, 139, 193, 154, 320
-0.999224, 7, 145, 22, 272
-0.999227, 87, 33, 102, 160
-0.999236, 49, 209, 64, 334
-0.999242, 361, 49, 376, 176
-0.999262, 241, 97, 256, 224
-0.999264, 245, 87, 276, 102
-0.999265, 321, 1, 336, 128
-0.99927, 55, 145, 70, 272
-0.999285, 151, 1, 166, 128
-0.999294, 109, 177, 124, 304
-0.99931, 353, 9, 384, 24
-0.999313, 155, 49, 170, 176
-0.999337, 121, 1, 136, 128
-0.99934, 93, 141, 124, 156
-0.999345, 147, 209, 162, 334
-0.999353, 121, 177, 136, 304
-0.999364, 1, 129, 16, 256
-0.999386, 219, 1, 234, 128
-0.999392, 161, 49, 176, 176
-0.9994, 151, 129, 166, 256
-0.999403, 19, 113, 34, 240
-0.999404, 157, 145, 172, 272
-0.999408, 131, 209, 146, 334
-0.999419, 97, 1, 112, 128
-0.999448, 225, 145, 240, 272
-0.999449, 53, 81, 68, 208
-0.99945, 373, 33, 388, 160
-0.999456, 281, 49, 296, 176
-0.999457, 157, 1, 172, 128
-0.999465, 91, 193, 106, 320
-0.999472, 303, 49, 318, 176
-0.999491, 239, 49, 254, 176
-0.999495, 135, 1, 150, 128
-0.999496, 13, 9, 44, 24
-0.99952, 267, 161, 282, 288
-0.999524, 229, 1, 244, 128
-0.999525, 185, 81, 200, 208
-0.999529, 231, 49, 246, 176
-0.999535, 97, 177, 112, 304
-0.999541, 61, 193, 76, 320
-0.999549, 231, 145, 246, 272
-0.999549, 167, 145, 182, 272
-0.999557, 29, 145, 44, 272
-0.999563, 235, 1, 250, 128
-0.999566, 355, 49, 370, 176
-0.999581, 173, 177, 188, 304
-0.999582, 115, 177, 130, 304
-0.999582, 179, 129, 194, 256
-0.99959, 235, 97, 250, 224
-0.999606, 261, 145, 276, 272
-0.99961, 57, 83, 88, 98
-0.999616, 167, 177, 182, 192
-0.999616, 265, 183, 280, 198
-0.999616, 105, 51, 120, 66
-0.999617, 253, 79, 268, 94
-0.999617, 269, 105, 284, 120
-0.999617, 263, 17, 278, 32
-0.999618, 53, 91, 68, 106
-0.999618, 137, 89, 152, 104
-0.999618, 75, 29, 90, 44
-0.999619, 257, 27, 272, 42
-0.99962, 247, 67, 262, 82
-0.99962, 281, 9, 296, 24
-0.999621, 129, 85, 144, 100
-0.999621, 57, 205, 72, 220
-0.999622, 265, 159, 280, 174
-0.999622, 87, 3, 102, 18
-0.999622, 69, 3, 84, 18
-0.999623, 371, 41, 386, 56
-0.999623, 275, 11, 290, 26
-0.999623, 359, 67, 374, 82
-0.999623, 367, 53, 382, 68
-0.999623, 57, 5, 72, 20
-0.999623, 107, 57, 122, 72
-0.999624, 373, 1, 388, 16
-0.999624, 311, 7, 326, 22
-0.999625, 11, 111, 26, 126
-0.999625, 41, 63, 56, 78
-0.999625, 93, 95, 108, 110
-0.999625, 79, 3, 94, 18
-0.999626, 137, 71, 152, 86
-0.999627, 53, 213, 68, 228
-0.999627, 11, 69, 26, 84
-0.999627, 7, 207, 22, 222
-0.999627, 17, 9, 32, 24
-0.999628, 297, 7, 312, 22
-0.999628, 275, 105, 290, 120
-0.999628, 255, 107, 270, 122
-0.999629, 63, 5, 78, 20
-0.999629, 367, 77, 382, 92
-0.999629, 49, 5, 64, 20
-0.999632, 375, 53, 390, 68
-0.999633, 235, 153, 250, 168
-0.999633, 71, 83, 86, 98
-0.999633, 247, 155, 262, 170
-0.999634, 253, 157, 268, 172
-0.999635, 79, 155, 94, 170
-0.999637, 71, 103, 86, 118
-0.999637, 1, 9, 16, 24
-0.999637, 51, 221, 66, 236
-0.999638, 35, 63, 50, 78
-0.999638, 59, 197, 74, 212
-0.99964, 33, 45, 48, 60
-0.999641, 83, 101, 98, 116
-0.999641, 263, 41, 278, 56
-0.999642, 349, 55, 364, 70
-0.999643, 173, 137, 188, 152
-0.999644, 61, 103, 76, 118
-0.999644, 263, 105, 278, 120
-0.999645, 249, 15, 264, 30
-0.999645, 159, 183, 174, 198
-0.999645, 371, 71, 386, 86
-0.999647, 257, 11, 272, 26
-0.999647, 269, 13, 284, 28
-0.999648, 11, 9, 26, 24
-0.99965, 7, 81, 22, 96
-0.99965, 171, 189, 186, 204
-0.99965, 1, 141, 16, 156
-0.99965, 269, 37, 284, 52
-0.99965, 317, 9, 332, 24
-0.999651, 255, 21, 270, 36
-0.999651, 57, 175, 72, 190
-0.999653, 33, 51, 48, 66
-0.999655, 107, 139, 122, 154
-0.999658, 55, 97, 70, 112
-0.999658, 15, 77, 30, 92
-0.999659, 259, 79, 274, 94
-0.999661, 33, 39, 48, 54
-0.999662, 253, 1, 268, 16
-0.999662, 367, 1, 382, 16
-0.999663, 35, 29, 50, 44
-0.999664, 267, 135, 282, 150
-0.999666, 1, 207, 16, 222
-0.999666, 1, 153, 16, 168
-0.999667, 325, 11, 340, 26
-0.999667, 83, 85, 98, 100
-0.999669, 249, 51, 264, 66
-0.99967, 5, 109, 20, 124
-0.99967, 87, 275, 102, 290
-0.99967, 111, 1, 126, 16
-0.999671, 359, 61, 374, 76
-0.999671, 125, 77, 140, 92
-0.999671, 65, 157, 80, 172
-0.999672, 85, 151, 100, 166
-0.999673, 77, 101, 92, 116
-0.999677, 93, 1, 108, 16
-0.999678, 7, 141, 22, 156
-0.999679, 103, 1, 118, 16
-0.999679, 33, 57, 48, 72
-0.999683, 131, 73, 146, 88
-0.999686, 81, 61, 96, 76
-0.999687, 101, 141, 116, 156
-0.999687, 91, 145, 106, 160
-0.999688, 57, 83, 72, 98
-0.999691, 33, 9, 48, 24
-0.999695, 345, 17, 360, 32
-0.999697, 3, 55, 18, 70
-0.999698, 71, 155, 86, 170
-0.999699, 59, 159, 74, 174
-0.999701, 275, 135, 290, 150
-0.999702, 355, 55, 370, 70
-0.999705, 35, 17, 50, 32
-0.999706, 43, 7, 58, 22
-0.999707, 339, 19, 354, 34
-0.999708, 365, 71, 380, 86
-0.999709, 261, 33, 276, 48
-0.999712, 331, 13, 346, 28
-0.999714, 255, 85, 270, 100
-0.999719, 357, 47, 372, 62
-0.99972, 365, 59, 380, 74
-0.999721, 351, 49, 366, 64
-0.999722, 249, 87, 264, 102
-0.999726, 25, 7, 40, 22
-0.999733, 35, 23, 50, 38
-0.999735, 249, 73, 264, 88
-0.99974, 169, 183, 184, 198
-0.999746, 367, 65, 382, 80
-0.999747, 351, 15, 366, 30
-0.999748, 363, 7, 378, 22
-0.999766, 357, 11, 372, 26
-0.99978, 365, 43, 380, 58
-1.00009, 369, 201, 496, 264
-1.00027, 353, 47, 384, 62
-1.00028, 321, 193, 448, 256
-1.00047, 289, 225, 416, 288
