1970
-0.396773, 1, 129, 500, 375
-0.408396, 1, 1, 500, 375
-0.410665, 193, 1, 448, 375
-0.416477, 1, 1, 500, 256
-0.572945, 97, 1, 352, 375
-0.604776, 161, 1, 416, 256
-0.61115, 1, 1, 256, 375
-0.646811, 257, 1, 500, 256
-0.662972, 1, 129, 256, 375
-0.682589, 225, 129, 480, 375
-0.694343, 97, 129, 352, 375
-0.710286, 1, 33, 256, 288
-0.857439, 369, 1, 496, 375
-0.857569, 193, 1, 320, 375
-0.859338, 113, 129, 240, 375
-0.860487, 241, 1, 368, 375
-0.871329, 225, 1, 352, 256
-0.873371, 129, 1, 256, 375
-0.879796, 273, 1, 400, 256
-0.881084, 257, 129, 384, 375
-0.8817, 321, 1, 448, 375
-0.882509, 17, 1, 144, 375
-0.886503, 1, 145, 500, 272
-0.888891, 1, 1, 500, 128
-0.893132, 177, 1, 304, 256
-0.893482, 1, 225, 500, 352
-0.893566, 369, 33, 496, 288
-0.893862, 1, 65, 128, 320
-0.894976, 1, 49, 500, 176
-0.895272, 65, 1, 192, 375
-0.901348, 305, 129, 432, 375
-0.90792, 321, 1, 448, 256
-0.910531, 177, 129, 304, 375
-0.911507, 65, 129, 192, 375
-0.914104, 129, 33, 256, 288
-0.914242, 369, 129, 496, 375
-0.919199, 1, 97, 500, 224
-0.919687, 97, 161, 352, 288
-0.924619, 49, 1, 176, 256
-0.925776, 33, 241, 288, 368
-0.928097, 161, 33, 416, 160
-0.929725, 193, 177, 448, 304
-0.932066, 257, 1, 500, 128
-0.936515, 113, 177, 240, 304
-0.939081, 257, 49, 500, 176
-0.939416, 65, 225, 192, 352
-0.941449, 225, 225, 480, 352
-0.941463, 1, 145, 256, 272
-0.943043, 1, 65, 256, 192
-0.943521, 289, 177, 416, 304
-0.944328, 129, 113, 384, 240
-0.945439, 145, 145, 208, 272
-0.946172, 225, 129, 480, 256
-0.947442, 129, 225, 384, 352
-0.947633, 1, 17, 256, 144
-0.948689, 121, 177, 184, 304
-0.948979, 1, 193, 256, 320
-0.949547, 257, 129, 384, 256
-0.951053, 241, 177, 368, 304
-0.951276, 241, 17, 368, 144
-0.953125, 145, 193, 208, 320
-0.953361, 113, 225, 240, 352
-0.953396, 265, 145, 328, 272
-0.953446, 81, 225, 144, 352
-0.953805, 1, 49, 128, 176
-0.953916, 129, 129, 256, 256
-0.95394, 321, 1, 384, 128
-0.955102, 57, 241, 120, 368
-0.955121, 193, 161, 320, 288
-0.955274, 369, 161, 496, 288
-0.955285, 345, 177, 408, 304
-0.955593, 305, 49, 368, 176
-0.957629, 369, 177, 432, 304
-0.957645, 1, 33, 64, 160
-0.958163, 113, 65, 240, 192
-0.958213, 321, 161, 384, 288
-0.958245, 169, 129, 232, 256
-0.95889, 193, 225, 320, 352
-0.958995, 305, 1, 432, 128
-0.959128, 105, 49, 168, 176
-0.960066, 137, 201, 200, 264
-0.960319, 129, 65, 192, 192
-0.960344, 169, 177, 232, 304
-0.960349, 289, 225, 416, 352
-0.960376, 401, 1, 464, 128
-0.960717, 65, 65, 192, 192
-0.961083, 177, 313, 240, 375
-0.961266, 193, 17, 320, 144
-0.961491, 97, 177, 160, 304
-0.961545, 369, 49, 496, 176
-0.962203, 129, 161, 192, 224
-0.962237, 113, 201, 176, 264
-0.96398, 361, 49, 424, 176
-0.964266, 297, 193, 360, 320
-0.964278, 417, 49, 480, 176
-0.964398, 89, 217, 152, 280
-0.964614, 65, 113, 192, 240
-0.964652, 153, 65, 216, 192
-0.965061, 193, 113, 320, 240
-0.965174, 1, 81, 64, 208
-0.96518, 297, 1, 360, 128
-0.965252, 337, 209, 464, 336
-0.965365, 257, 193, 320, 320
-0.965509, 121, 129, 184, 256
-0.965586, 153, 313, 216, 375
-0.965811, 17, 241, 144, 368
-0.965828, 353, 225, 416, 352
-0.966478, 185, 225, 248, 352
-0.96656, 201, 177, 264, 304
-0.966784, 41, 281, 104, 344
-0.966915, 289, 49, 416, 176
-0.96694, 1, 177, 128, 304
-0.966955, 105, 225, 168, 352
-0.967153, 65, 177, 192, 304
-0.967462, 377, 1, 440, 128
-0.967465, 161, 193, 224, 256
-0.967575, 345, 129, 408, 256
-0.967772, 17, 129, 144, 256
-0.968235, 265, 169, 328, 232
-0.968536, 241, 225, 368, 352
-0.968621, 25, 49, 88, 176
-0.968744, 337, 193, 400, 256
-0.969196, 169, 289, 232, 352
-0.969559, 129, 65, 192, 128
-0.969734, 241, 17, 304, 144
-0.970046, 337, 1, 368, 128
-0.970048, 201, 273, 264, 336
-0.970297, 81, 241, 144, 304
-0.970337, 289, 145, 352, 272
-0.970681, 377, 201, 440, 264
-0.970897, 321, 129, 448, 256
-0.970943, 209, 241, 272, 368
-0.970962, 393, 145, 456, 272
-0.971065, 161, 145, 224, 208
-0.971639, 241, 65, 368, 192
-0.971773, 361, 233, 424, 296
-0.971809, 257, 193, 320, 256
-0.971886, 89, 97, 152, 224
-0.97197, 137, 241, 200, 368
-0.972021, 369, 177, 432, 240
-0.972062, 313, 113, 376, 240
-0.972175, 273, 17, 336, 144
-0.972257, 377, 225, 440, 352
-0.972354, 201, 33, 264, 160
-0.972447, 121, 225, 184, 288
-0.972675, 233, 209, 296, 336
-0.972758, 401, 41, 464, 104
-0.972839, 17, 1, 144, 128
-0.972872, 289, 209, 352, 272
-0.972966, 141, 145, 172, 272
-0.973058, 25, 65, 88, 128
-0.973127, 305, 241, 368, 368
-0.973526, 201, 129, 264, 256
-0.973574, 113, 193, 240, 256
-0.973656, 153, 169, 216, 232
-0.973712, 241, 217, 304, 280
-0.973789, 401, 17, 464, 80
-0.973939, 313, 225, 376, 288
-0.974005, 297, 1, 360, 256
-0.974023, 145, 305, 272, 368
-0.974048, 329, 65, 392, 192
-0.974166, 369, 113, 496, 240
-0.974667, 433, 1, 496, 128
-0.974748, 313, 185, 376, 248
-0.974851, 5, 33, 36, 160
-0.974993, 289, 193, 416, 256
-0.975117, 9, 193, 72, 320
-0.975151, 97, 177, 160, 240
-0.975252, 321, 9, 384, 72
-0.975327, 137, 97, 200, 352
-0.975407, 289, 41, 352, 104
-0.975431, 1, 81, 64, 144
-0.975439, 201, 41, 264, 104
-0.975468, 129, 161, 160, 288
-0.975591, 249, 297, 312, 360
-0.975626, 393, 49, 456, 176
-0.975639, 129, 313, 192, 375
-0.97566, 329, 241, 392, 368
-0.975706, 129, 289, 192, 352
-0.975853, 137, 49, 168, 176
-0.975931, 81, 217, 208, 280
-0.97594, 177, 49, 240, 176
-0.976032, 97, 313, 224, 375
-0.976039, 129, 17, 256, 144
-0.976049, 129, 153, 256, 216
-0.976054, 217, 313, 280, 375
-0.976247, 157, 129, 188, 256
-0.976327, 313, 161, 376, 224
-0.976397, 313, 57, 376, 120
-0.976414, 393, 169, 456, 232
-0.976509, 425, 177, 488, 304
-0.976697, 345, 1, 408, 128
-0.976716, 161, 241, 224, 368
-0.976834, 41, 305, 104, 368
-0.976998, 153, 177, 184, 304
-0.977008, 1, 49, 64, 112
-0.977121, 105, 313, 168, 375
-0.977153, 401, 97, 464, 224
-0.977233, 369, 185, 496, 248
-0.977245, 1, 193, 64, 256
-0.977262, 337, 217, 400, 280
-0.977262, 9, 297, 72, 360
-0.977287, 273, 129, 336, 375
-0.97737, 281, 241, 344, 368
-0.977469, 337, 249, 400, 312
-0.977475, 241, 217, 368, 280
-0.977485, 289, 217, 416, 280
-0.977523, 377, 41, 440, 104
-0.977634, 169, 129, 232, 375
-0.977636, 257, 169, 384, 232
-0.977667, 169, 65, 232, 128
-0.977806, 25, 241, 88, 368
-0.977901, 105, 57, 168, 120
-0.977945, 153, 193, 184, 256
-0.977948, 289, 97, 352, 224
-0.977979, 137, 17, 200, 144
-0.977997, 1, 1, 64, 256
-0.978025, 433, 49, 496, 112
-0.97813, 113, 129, 176, 375
-0.978271, 377, 17, 440, 80
-0.978342, 257, 1, 320, 256
-0.978353, 105, 105, 168, 168
-0.978459, 289, 305, 352, 368
-0.978613, 417, 1, 480, 256
-0.978664, 49, 273, 176, 336
-0.978714, 209, 297, 336, 360
-0.978781, 65, 241, 192, 304
-0.978818, 17, 33, 48, 160
-0.978822, 285, 145, 316, 272
-0.97886, 1, 65, 128, 128
-0.979022, 201, 225, 264, 288
-0.979041, 265, 33, 328, 96
-0.97906, 225, 289, 288, 352
-0.979109, 129, 217, 256, 280
-0.979186, 137, 161, 168, 224
-0.979268, 289, 169, 352, 232
-0.979292, 297, 281, 360, 344
-0.979303, 401, 225, 464, 352
-0.979328, 329, 65, 392, 320
-0.979391, 281, 233, 344, 296
-0.979475, 145, 281, 272, 344
-0.979553, 233, 33, 296, 96
-0.979611, 193, 249, 256, 312
-0.979684, 225, 1, 288, 256
-0.979687, 141, 201, 172, 264
-0.9797, 177, 65, 304, 192
-0.97971, 201, 193, 264, 256
-0.97971, 361, 289, 424, 352
-0.979753, 137, 137, 200, 200
-0.979761, 161, 33, 224, 288
-0.979809, 313, 305, 376, 368
-0.979846, 57, 49, 120, 176
-0.979887, 325, 1, 356, 128
-0.979902, 225, 33, 352, 96
-0.979903, 65, 273, 128, 336
-0.979932, 417, 153, 480, 216
-0.979934, 361, 33, 424, 288
-0.980034, 241, 65, 304, 192
-0.980039, 305, 97, 368, 352
-0.980145, 141, 193, 172, 320
-0.980257, 333, 49, 364, 176
-0.980289, 169, 145, 200, 272
-0.980311, 41, 193, 104, 320
-0.98032, 257, 241, 320, 368
-0.980384, 117, 177, 148, 304
-0.980409, 369, 1, 496, 128
-0.980449, 177, 193, 304, 256
-0.98053, 89, 225, 120, 352
-0.980738, 177, 41, 304, 104
-0.980765, 345, 49, 408, 112
-0.980789, 161, 169, 192, 232
-0.980884, 13, 81, 44, 208
-0.980956, 1, 25, 64, 88
-0.98098, 65, 297, 128, 360
-0.980998, 65, 17, 192, 144
-0.981081, 101, 209, 132, 336
-0.981138, 153, 137, 184, 200
-0.981507, 129, 209, 160, 336
-0.981517, 53, 289, 84, 352
-0.981574, 345, 145, 408, 208
-0.981673, 281, 145, 344, 208
-0.981774, 189, 313, 220, 375
-0.981786, 249, 129, 312, 375
-0.981787, 257, 273, 320, 336
-0.981818, 193, 217, 320, 280
-0.981821, 105, 257, 168, 320
-0.981863, 433, 129, 496, 256
-0.981906, 185, 177, 216, 304
-0.981984, 241, 57, 368, 120
-0.981995, 233, 257, 296, 320
-0.982026, 369, 129, 432, 256
-0.982048, 329, 273, 392, 336
-0.982143, 65, 113, 128, 240
-0.982196, 145, 65, 272, 128
-0.982325, 149, 65, 180, 192
-0.982327, 97, 289, 224, 352
-0.982426, 9, 41, 40, 104
-0.982435, 33, 185, 160, 248
-0.982459, 117, 201, 148, 264
-0.982476, 1, 241, 64, 368
-0.98249, 133, 225, 164, 288
-0.982493, 225, 193, 352, 256
-0.982552, 385, 289, 448, 352
-0.982584, 97, 225, 128, 288
-0.982661, 161, 313, 192, 375
-0.98267, 337, 313, 400, 375
-0.982694, 301, 177, 332, 304
-0.982696, 337, 217, 464, 280
-0.982705, 209, 169, 272, 232
-0.982719, 337, 169, 400, 232
-0.982746, 25, 1, 88, 128
-0.982771, 193, 161, 320, 224
-0.982774, 337, 9, 368, 72
-0.982806, 285, 161, 316, 224
-0.982866, 393, 249, 456, 312
-0.982956, 145, 41, 208, 104
-0.983096, 417, 1, 480, 375
-0.983108, 25, 41, 88, 104
-0.983123, 1, 97, 64, 352
-0.983146, 265, 65, 328, 192
-0.983204, 161, 81, 192, 208
-0.983263, 393, 33, 456, 288
-0.983263, 289, 241, 416, 304
-0.983275, 333, 57, 364, 120
-0.983285, 17, 313, 144, 375
-0.983333, 273, 1, 336, 375
-0.983341, 125, 177, 156, 240
-0.983419, 169, 257, 232, 320
-0.983445, 29, 57, 60, 120
-0.983449, 189, 129, 220, 256
-0.983476, 89, 1, 152, 128
-0.983612, 161, 225, 224, 288
-0.983617, 201, 1, 264, 256
-0.983653, 393, 161, 424, 288
-0.983665, 189, 193, 220, 256
-0.983688, 81, 161, 208, 224
-0.983701, 205, 313, 236, 375
-0.983719, 49, 209, 112, 272
-0.983872, 353, 177, 384, 304
-0.983905, 65, 281, 96, 344
-0.983906, 349, 1, 380, 128
-0.984009, 369, 177, 400, 304
-0.984024, 361, 1, 424, 375
-0.98416, 257, 305, 384, 368
-0.984179, 297, 1, 360, 375
-0.984202, 313, 81, 376, 144
-0.984205, 65, 129, 192, 192
-0.984269, 393, 225, 456, 288
-0.984281, 137, 57, 168, 120
-0.984329, 13, 81, 44, 144
-0.984331, 201, 129, 264, 375
-0.984347, 193, 289, 224, 352
-0.984365, 65, 57, 192, 120
-0.984404, 105, 289, 168, 352
-0.984476, 365, 193, 396, 256
-0.984507, 137, 1, 200, 375
-0.984542, 9, 257, 72, 320
-0.984583, 25, 65, 88, 320
-0.984624, 77, 241, 108, 368
-0.984641, 265, 193, 296, 256
-0.984704, 225, 113, 288, 240
-0.984706, 209, 1, 272, 375
-0.984764, 113, 129, 176, 192
-0.984799, 1, 81, 32, 208
-0.984813, 1, 209, 128, 272
-0.984897, 273, 169, 304, 232
-0.984912, 289, 1, 352, 64
-0.984917, 257, 145, 384, 208
-0.984934, 29, 33, 60, 160
-0.984942, 81, 105, 208, 168
-0.984991, 381, 161, 412, 288
-0.985124, 385, 201, 416, 264
-0.985194, 409, 161, 440, 224
-0.985203, 145, 249, 272, 312
-0.985222, 369, 49, 496, 112
-0.98525, 193, 265, 320, 328
-0.985252, 109, 225, 140, 288
-0.985286, 317, 225, 348, 288
-0.985295, 177, 193, 208, 256
-0.985339, 313, 41, 344, 104
-0.985392, 41, 233, 104, 296
-0.985406, 373, 217, 404, 280
-0.985407, 137, 249, 200, 312
-0.985415, 177, 313, 208, 375
-0.985442, 121, 225, 152, 288
-0.985455, 401, 49, 432, 112
-0.985467, 1, 217, 64, 280
-0.985467, 305, 249, 368, 312
-0.985593, 425, 225, 488, 288
-0.9856, 289, 9, 416, 72
-0.98567, 249, 289, 280, 352
-0.985687, 177, 65, 208, 192
-0.985764, 377, 145, 440, 208
-0.985765, 173, 153, 204, 216
-0.985772, 93, 297, 124, 360
-0.985773, 413, 49, 444, 112
-0.985776, 289, 281, 416, 344
-0.985777, 145, 289, 176, 352
-0.985781, 417, 177, 480, 240
-0.985801, 81, 129, 144, 375
-0.985846, 113, 1, 176, 375
-0.985846, 1, 281, 128, 344
-0.985849, 81, 297, 112, 360
-0.985878, 149, 65, 180, 128
-0.9859, 25, 201, 88, 264
-0.985952, 237, 33, 268, 96
-0.985977, 41, 145, 104, 272
-0.985981, 225, 241, 352, 304
-0.985996, 237, 289, 268, 352
-0.986008, 349, 177, 380, 240
-0.986023, 65, 241, 96, 368
-0.986045, 249, 1, 312, 375
-0.986056, 153, 89, 216, 152
-0.986057, 337, 137, 464, 200
-0.986089, 113, 313, 144, 375
-0.986175, 205, 209, 236, 336
-0.986183, 185, 1, 248, 375
-0.986201, 273, 161, 304, 288
-0.986206, 129, 129, 256, 192
-0.986214, 385, 233, 416, 296
-0.986217, 305, 217, 336, 280
-0.986223, 137, 1, 200, 256
-0.986225, 129, 201, 160, 264
-0.986262, 9, 185, 40, 248
-0.986268, 369, 129, 432, 375
-0.986368, 5, 17, 36, 80
-0.986419, 297, 289, 328, 352
-0.986432, 397, 185, 428, 248
-0.986445, 313, 33, 376, 96
-0.986462, 249, 57, 312, 120
-0.98652, 253, 209, 284, 272
-0.986536, 389, 289, 420, 352
-0.986547, 413, 33, 444, 160
-0.986549, 185, 65, 216, 128
-0.986585, 349, 305, 380, 368
-0.986614, 369, 225, 400, 352
-0.986616, 313, 33, 344, 160
-0.986633, 381, 177, 412, 240
-0.98665, 353, 249, 384, 312
-0.986653, 89, 265, 120, 328
-0.986659, 85, 241, 116, 304
-0.986689, 305, 113, 368, 176
-0.986716, 305, 57, 432, 120
-0.986717, 241, 273, 368, 336
-0.98672, 257, 241, 320, 304
-0.986741, 157, 113, 188, 176
-0.986747, 461, 49, 492, 112
-0.98675, 117, 241, 148, 368
-0.986756, 329, 225, 360, 288
-0.986819, 97, 33, 160, 288
-0.986821, 297, 33, 328, 96
-0.986918, 457, 33, 488, 160
-0.986936, 317, 225, 348, 352
-0.986947, 161, 121, 224, 184
-0.986951, 77, 265, 108, 328
-0.986962, 329, 1, 392, 375
-0.986995, 169, 289, 200, 352
-0.987001, 413, 25, 444, 88
-0.987022, 285, 185, 316, 248
-0.987039, 393, 1, 456, 375
-0.987054, 209, 273, 240, 336
-0.987062, 205, 49, 236, 112
-0.987076, 305, 193, 336, 256
-0.98716, 421, 161, 452, 224
-0.987196, 261, 289, 292, 352
-0.987196, 89, 137, 152, 200
-0.987211, 225, 305, 256, 368
-0.98723, 241, 145, 304, 208
-0.987232, 345, 121, 408, 184
-0.98724, 173, 73, 204, 136
-0.987247, 21, 193, 52, 256
-0.987254, 41, 297, 72, 360
-0.987257, 265, 33, 296, 96
-0.987277, 17, 41, 144, 104
-0.987281, 1, 1, 64, 375
-0.987296, 393, 49, 424, 176
-0.987301, 209, 217, 240, 280
-0.987313, 181, 289, 212, 352
-0.987323, 29, 289, 60, 352
-0.987363, 1, 89, 32, 152
-0.987372, 177, 137, 304, 200
-0.987372, 305, 161, 432, 224
-0.987374, 337, 289, 464, 352
-0.987389, 177, 325, 240, 356
-0.98741, 345, 281, 376, 344
-0.987438, 81, 49, 144, 176
-0.987452, 53, 241, 84, 368
-0.987462, 357, 129, 388, 256
-0.987491, 97, 33, 160, 96
-0.987499, 133, 289, 164, 352
-0.987508, 433, 201, 496, 264
-0.987548, 309, 305, 340, 368
-0.987561, 69, 313, 100, 375
-0.987562, 401, 25, 432, 88
-0.987574, 341, 241, 372, 304
-0.987634, 249, 209, 280, 336
-0.987645, 353, 153, 384, 216
-0.987659, 325, 1, 356, 64
-0.987669, 317, 281, 348, 344
-0.987674, 65, 161, 128, 288
-0.987687, 129, 105, 192, 168
-0.98774, 377, 65, 440, 128
-0.987754, 281, 297, 312, 360
-0.987755, 397, 233, 428, 296
-0.987768, 225, 281, 256, 344
-0.987842, 149, 161, 180, 224
-0.987859, 241, 265, 272, 328
-0.987865, 297, 169, 328, 232
-0.987889, 409, 129, 472, 375
-0.987895, 161, 1, 224, 375
-0.98791, 289, 137, 320, 200
-0.987918, 81, 57, 144, 120
-0.987963, 425, 225, 488, 352
-0.987967, 369, 241, 400, 304
-0.98797, 193, 257, 224, 320
-0.987972, 389, 209, 420, 336
-0.987978, 169, 193, 200, 320
-0.988048, 41, 257, 104, 320
-0.988067, 297, 129, 328, 256
-0.98807, 361, 265, 424, 328
-0.988071, 369, 305, 400, 368
-0.988073, 361, 313, 424, 375
-0.988113, 349, 1, 380, 64
-0.988135, 145, 225, 176, 288
-0.988138, 193, 241, 224, 368
-0.988184, 149, 313, 180, 375
-0.988221, 253, 33, 284, 96
-0.988224, 89, 1, 152, 375
-0.988226, 369, 241, 496, 304
-0.988266, 469, 17, 500, 144
-0.98827, 345, 65, 376, 128
-0.988289, 121, 65, 152, 128
-0.988299, 1, 145, 64, 272
-0.988309, 433, 73, 496, 136
-0.988316, 433, 129, 496, 375
-0.988316, 37, 265, 68, 328
-0.98835, 165, 209, 196, 272
-0.988351, 105, 213, 168, 244
-0.988356, 361, 217, 392, 280
-0.988382, 221, 41, 252, 104
-0.988418, 277, 33, 308, 96
-0.988465, 137, 205, 200, 236
-0.988476, 317, 257, 348, 320
-0.988481, 357, 57, 388, 120
-0.988481, 241, 241, 272, 304
-0.988523, 305, 313, 432, 375
-0.98853, 445, 49, 476, 112
-0.988531, 133, 313, 164, 375
-0.988535, 433, 225, 464, 288
-0.988546, 25, 1, 88, 375
-0.988549, 401, 65, 464, 128
-0.988565, 293, 209, 324, 272
-0.988581, 57, 97, 120, 352
-0.988581, 137, 65, 200, 96
-0.988583, 137, 105, 168, 168
-0.988586, 325, 33, 356, 96
-0.988599, 185, 129, 248, 192
-0.988611, 29, 33, 60, 96
-0.988616, 161, 201, 224, 232
-0.988657, 413, 217, 444, 280
-0.988693, 401, 113, 464, 176
-0.988703, 329, 297, 360, 360
-0.988725, 421, 241, 452, 304
-0.988733, 25, 81, 56, 144
-0.988735, 365, 169, 396, 232
-0.988785, 401, 89, 464, 152
-0.988791, 401, 113, 432, 176
-0.988845, 413, 129, 444, 256
-0.988872, 89, 237, 152, 268
-0.988919, 341, 161, 372, 288
-0.988932, 357, 49, 388, 176
-0.989005, 345, 49, 376, 176
-0.989028, 1, 233, 128, 296
-0.989036, 345, 1, 408, 64
-0.989092, 369, 161, 496, 224
-0.989142, 145, 325, 208, 356
-0.989151, 137, 157, 200, 188
-0.989287, 233, 193, 296, 256
-0.989319, 377, 113, 440, 176
-0.989362, 257, 89, 384, 152
-0.989395, 253, 17, 284, 144
-0.989415, 281, 257, 344, 320
-0.989425, 265, 9, 328, 72
-0.989446, 113, 1, 176, 128
-0.989561, 25, 81, 56, 208
-0.989627, 129, 89, 256, 152
-0.989675, 169, 157, 232, 188
-0.989691, 401, 1, 432, 128
-0.989787, 313, 137, 376, 200
-0.989854, 169, 313, 232, 344
-0.989887, 125, 49, 156, 176
-0.989954, 185, 169, 248, 232
-0.990047, 353, 241, 384, 368
-0.990094, 289, 121, 416, 184
-0.990138, 97, 225, 160, 256
-0.990195, 261, 177, 292, 304
-0.990229, 97, 329, 160, 360
-0.990239, 273, 1, 304, 128
-0.990284, 65, 1, 128, 375
-0.990328, 121, 229, 184, 260
-0.990362, 121, 193, 184, 224
-0.990371, 177, 301, 240, 332
-0.990408, 233, 161, 296, 288
-0.990423, 137, 97, 168, 224
-0.990467, 337, 181, 400, 212
-0.990564, 145, 189, 208, 220
-0.990622, 401, 45, 464, 76
-0.990668, 97, 265, 224, 328
-0.990713, 409, 225, 440, 352
-0.990719, 237, 241, 268, 368
-0.990725, 213, 161, 244, 288
-0.990743, 1, 217, 500, 280
-0.99076, 49, 281, 112, 312
-0.990827, 353, 193, 416, 224
-0.990869, 225, 129, 288, 375
-0.99091, 1, 289, 256, 352
-0.990917, 265, 305, 328, 336
-0.990925, 305, 89, 432, 152
-0.99093, 265, 177, 328, 208
-0.99094, 321, 33, 448, 96
-0.991078, 289, 53, 352, 84
-0.991159, 233, 37, 296, 68
-0.991188, 129, 169, 192, 200
-0.991263, 129, 217, 192, 248
-0.991265, 113, 65, 176, 96
-0.991288, 153, 225, 184, 352
-0.991296, 273, 165, 336, 196
-0.991319, 1, 105, 128, 168
-0.991326, 297, 33, 328, 160
-0.991328, 313, 181, 376, 212
-0.991351, 377, 49, 440, 80
-0.991445, 297, 241, 328, 368
-0.99145, 241, 17, 272, 144
-0.991466, 41, 325, 104, 356
-0.99147, 201, 81, 264, 208
-0.991534, 161, 185, 416, 248
-0.991619, 25, 77, 88, 108
-0.991624, 97, 209, 352, 272
-0.99164, 289, 225, 352, 256
-0.991648, 313, 305, 376, 336
-0.991654, 445, 33, 476, 160
-0.991655, 337, 265, 464, 328
-0.991677, 369, 105, 496, 168
-0.991677, 1, 201, 64, 232
-0.991699, 197, 49, 228, 176
-0.9917, 169, 145, 232, 176
-0.991723, 377, 233, 440, 264
-0.991742, 361, 181, 424, 212
-0.991756, 81, 249, 144, 280
-0.99176, 265, 189, 328, 220
-0.991763, 121, 329, 184, 360
-0.991767, 161, 41, 416, 104
-0.991826, 81, 81, 208, 144
-0.991847, 1, 297, 500, 360
-0.991884, 241, 1, 368, 64
-0.991924, 217, 317, 280, 348
-0.991934, 329, 193, 392, 224
-0.991936, 41, 301, 104, 332
-0.991945, 337, 229, 400, 260
-0.992034, 153, 337, 216, 368
-0.992035, 193, 277, 256, 308
-0.992042, 1, 53, 64, 84
-0.992069, 321, 161, 352, 288
-0.992102, 257, 193, 500, 256
-0.992147, 1, 57, 500, 120
-0.992171, 33, 161, 160, 224
-0.99221, 1, 177, 500, 240
-0.992222, 1, 57, 256, 120
-0.992229, 121, 181, 184, 212
-0.992243, 177, 341, 240, 372
-0.992248, 417, 57, 480, 88
-0.992296, 193, 289, 256, 320
-0.99231, 41, 313, 104, 344
-0.99233, 305, 169, 368, 200
-0.992358, 401, 33, 464, 64
-0.992384, 169, 1, 232, 128
-0.992401, 405, 177, 436, 304
-0.992408, 149, 153, 180, 184
-0.992424, 193, 217, 448, 280
-0.992455, 353, 281, 416, 312
-0.992474, 33, 161, 64, 288
-0.992487, 281, 41, 344, 72
-0.992498, 285, 17, 316, 144
-0.992514, 193, 249, 256, 280
-0.992552, 129, 305, 384, 368
-0.992587, 337, 113, 368, 240
-0.992616, 141, 65, 172, 96
-0.992619, 377, 37, 440, 68
-0.992621, 257, 213, 320, 244
-0.992622, 353, 313, 416, 344
-0.992633, 385, 185, 448, 216
-0.992668, 9, 301, 72, 332
-0.992668, 149, 201, 180, 232
-0.992678, 213, 33, 244, 160
-0.992687, 49, 221, 112, 252
-0.992697, 257, 57, 500, 120
-0.99271, 161, 65, 416, 128
-0.992739, 185, 193, 248, 224
-0.992757, 137, 301, 200, 332
-0.992766, 137, 213, 168, 244
-0.992822, 305, 237, 368, 268
-0.992822, 193, 113, 320, 176
-0.992838, 161, 161, 416, 224
-0.992844, 161, 173, 224, 204
-0.992858, 289, 301, 352, 332
-0.992866, 209, 301, 272, 332
-0.992871, 209, 329, 272, 360
-0.992877, 49, 1, 112, 256
-0.992894, 65, 1, 128, 128
-0.992902, 193, 265, 256, 296
-0.99291, 73, 273, 136, 304
-0.992917, 65, 329, 128, 360
-0.99293, 129, 41, 256, 104
-0.992931, 153, 281, 216, 312
-0.992938, 305, 1, 368, 32
-0.992946, 125, 233, 156, 264
-0.992951, 369, 213, 432, 244
-0.992951, 89, 237, 120, 268
-0.992951, 341, 241, 372, 368
-0.992992, 369, 73, 496, 136
-0.992997, 233, 305, 296, 336
-0.992999, 273, 33, 400, 96
-0.993008, 313, 61, 376, 92
-0.993009, 209, 45, 272, 76
-0.99301, 329, 217, 392, 248
-0.993025, 257, 37, 320, 68
-0.993026, 401, 17, 464, 48
-0.993029, 1, 17, 128, 80
-0.993055, 1, 85, 64, 116
-0.993061, 41, 49, 72, 176
-0.993064, 337, 249, 400, 280
-0.993088, 185, 197, 216, 228
-0.993091, 189, 321, 220, 352
-0.993106, 1, 257, 128, 320
-0.993125, 97, 201, 160, 232
-0.993129, 141, 165, 172, 196
-0.993135, 401, 97, 432, 224
-0.993137, 57, 285, 88, 316
-0.993138, 313, 77, 376, 108
-0.993138, 241, 229, 304, 260
-0.993159, 313, 273, 376, 304
-0.993174, 425, 33, 456, 160
-0.993197, 129, 313, 192, 344
-0.993199, 1, 201, 256, 264
-0.993205, 401, 161, 464, 192
-0.993207, 161, 213, 224, 244
-0.99321, 145, 53, 208, 84
-0.99327, 101, 225, 132, 256
-0.993271, 321, 317, 384, 348
-0.993291, 201, 321, 232, 352
-0.993302, 161, 201, 192, 232
-0.993306, 153, 213, 184, 244
-0.993327, 361, 181, 392, 212
-0.993348, 265, 57, 328, 88
-0.993354, 389, 185, 420, 216
-0.993355, 369, 197, 400, 228
-0.993362, 325, 57, 356, 88
-0.993369, 161, 321, 192, 352
-0.993372, 321, 13, 384, 44
-0.993377, 1, 313, 256, 375
-0.993398, 65, 233, 320, 296
-0.993399, 101, 329, 132, 360
-0.993403, 281, 169, 312, 200
-0.99341, 129, 241, 192, 272
-0.99342, 113, 217, 144, 248
-0.99344, 193, 237, 256, 268
-0.993447, 137, 229, 168, 260
-0.993447, 349, 181, 380, 212
-0.993454, 345, 57, 408, 88
-0.993454, 101, 237, 132, 268
-0.993469, 169, 309, 200, 340
-0.993471, 65, 177, 320, 240
-0.993473, 25, 65, 88, 96
-0.993486, 469, 81, 500, 208
-0.993502, 69, 277, 100, 308
-0.993505, 157, 141, 188, 172
-0.993506, 145, 145, 208, 176
-0.993509, 13, 89, 44, 120
-0.993515, 133, 177, 164, 208
-0.993516, 257, 201, 320, 232
-0.99352, 153, 189, 184, 220
-0.993536, 117, 329, 148, 360
-0.993545, 337, 13, 368, 44
-0.993547, 81, 273, 112, 304
-0.993573, 293, 301, 324, 332
-0.993577, 141, 241, 172, 368
-0.993586, 1, 225, 64, 256
-0.993589, 125, 193, 156, 224
-0.993594, 173, 157, 204, 188
-0.993598, 337, 61, 368, 92
-0.993616, 25, 197, 56, 228
-0.993617, 29, 57, 60, 88
-0.993625, 225, 305, 480, 368
-0.993636, 9, 53, 40, 84
-0.993638, 433, 153, 496, 184
-0.993651, 329, 1, 392, 32
-0.993665, 65, 33, 192, 96
-0.99368, 105, 105, 168, 136
-0.993682, 29, 305, 60, 336
-0.993687, 269, 193, 300, 224
-0.993689, 361, 245, 424, 276
-0.993694, 161, 177, 192, 208
-0.993701, 105, 289, 168, 320
-0.993707, 281, 157, 312, 188
-0.99372, 273, 181, 304, 212
-0.99373, 77, 325, 108, 356
-0.993734, 217, 45, 248, 76
-0.99374, 129, 289, 192, 320
-0.993742, 353, 309, 384, 340
-0.993749, 185, 69, 216, 100
-0.993758, 129, 329, 160, 360
-0.993765, 193, 313, 256, 344
-0.993766, 17, 313, 80, 344
-0.993767, 33, 257, 288, 320
-0.99377, 369, 313, 400, 344
-0.99377, 309, 45, 340, 76
-0.993776, 217, 289, 280, 320
-0.993779, 169, 73, 232, 104
-0.993779, 401, 181, 432, 212
-0.99378, 129, 341, 192, 372
-0.993785, 149, 329, 180, 360
-0.993795, 289, 201, 352, 232
-0.993805, 405, 149, 436, 180
-0.993808, 337, 1, 368, 32
-0.993812, 209, 337, 240, 368
-0.993813, 173, 201, 204, 232
-0.993816, 201, 205, 264, 236
-0.993819, 269, 305, 300, 336
-0.993819, 73, 1, 136, 256
-0.993848, 353, 313, 480, 375
-0.993849, 261, 213, 292, 244
-0.993856, 353, 1, 384, 32
-0.99386, 73, 225, 136, 256
-0.993864, 81, 317, 144, 348
-0.993865, 401, 149, 464, 180
-0.993876, 137, 201, 168, 232
-0.993876, 401, 173, 464, 204
-0.993877, 421, 165, 452, 196
-0.993884, 25, 81, 56, 112
-0.993907, 337, 73, 368, 104
-0.993908, 197, 189, 228, 220
-0.993908, 85, 313, 116, 344
-0.993909, 377, 25, 440, 56
-0.993918, 377, 13, 440, 44
-0.993923, 181, 337, 212, 368
-0.993923, 129, 65, 160, 96
-0.993928, 89, 221, 120, 252
-0.993932, 173, 81, 204, 112
-0.993939, 113, 229, 144, 260
-0.993943, 153, 297, 184, 328
-0.993945, 417, 149, 448, 180
-0.993949, 209, 81, 336, 144
-0.993949, 89, 329, 120, 360
-0.99395, 49, 297, 80, 328
-0.993951, 249, 297, 280, 328
-0.993953, 401, 5, 464, 36
-0.993956, 353, 325, 416, 356
-0.993959, 49, 321, 80, 352
-0.993966, 153, 61, 184, 92
-0.993967, 1, 201, 32, 232
-0.99397, 157, 185, 172, 248
-0.99397, 225, 321, 256, 352
-0.993976, 125, 221, 156, 252
-0.993977, 205, 53, 236, 84
-0.993978, 373, 185, 404, 216
-0.993982, 385, 285, 416, 316
-0.993988, 145, 133, 208, 164
-0.993993, 305, 157, 368, 188
-0.993994, 337, 301, 368, 332
-0.994003, 305, 301, 336, 332
-0.994011, 389, 237, 420, 268
-0.994012, 97, 181, 160, 212
-0.994017, 81, 261, 144, 292
-0.994019, 197, 341, 228, 372
-0.994019, 117, 205, 148, 236
-0.994021, 177, 325, 208, 356
-0.994029, 213, 321, 244, 352
-0.994032, 413, 53, 444, 84
-0.994037, 181, 301, 212, 332
-0.994037, 117, 249, 148, 280
-0.994038, 285, 193, 316, 320
-0.994045, 285, 37, 316, 68
-0.994058, 329, 209, 360, 336
-0.994061, 325, 233, 356, 264
-0.994061, 61, 325, 92, 356
-0.994065, 317, 305, 348, 336
-0.994071, 13, 201, 44, 232
-0.994071, 333, 277, 364, 308
-0.994074, 9, 189, 40, 220
-0.994083, 381, 197, 412, 228
-0.994085, 321, 45, 352, 76
-0.994088, 385, 213, 416, 244
-0.994088, 365, 217, 396, 248
-0.994107, 257, 177, 384, 208
-0.994107, 221, 333, 252, 364
-0.994113, 285, 185, 316, 216
-0.994118, 137, 341, 168, 372
-0.994119, 321, 221, 352, 252
-0.994119, 257, 313, 288, 344
-0.99412, 393, 57, 424, 88
-0.994124, 245, 313, 276, 344
-0.994126, 305, 229, 336, 260
-0.994128, 241, 321, 304, 352
-0.994128, 365, 325, 396, 356
-0.994141, 305, 205, 336, 236
-0.994143, 297, 181, 328, 212
-0.99415, 293, 161, 324, 192
-0.994152, 337, 205, 400, 236
-0.994152, 149, 225, 180, 256
-0.994156, 229, 41, 260, 72
-0.994159, 345, 321, 376, 352
-0.994166, 245, 37, 276, 68
-0.994177, 349, 57, 380, 88
-0.994189, 85, 293, 116, 324
-0.994193, 293, 197, 324, 228
-0.994196, 269, 169, 300, 200
-0.994214, 337, 241, 368, 272
-0.994217, 49, 309, 80, 340
-0.994223, 129, 325, 256, 356
-0.994224, 1, 153, 500, 216
-0.994228, 369, 237, 400, 268
-0.994245, 429, 161, 460, 288
-0.994251, 1, 273, 500, 336
-0.994257, 5, 161, 36, 288
-0.994334, 45, 193, 76, 320
-0.994342, 147, 201, 162, 264
-0.994396, 105, 161, 136, 288
-0.994402, 305, 181, 432, 212
-0.99447, 129, 281, 384, 344
-0.9945, 149, 17, 180, 144
-0.994545, 209, 41, 336, 72
-0.994549, 225, 229, 352, 260
-0.994549, 81, 329, 208, 360
-0.994604, 113, 197, 240, 228
-0.994644, 373, 1, 404, 128
-0.994644, 337, 1, 464, 64
-0.994656, 81, 229, 208, 260
-0.994686, 121, 1, 152, 128
-0.99471, 41, 241, 72, 368
-0.994768, 141, 209, 156, 272
-0.994818, 163, 177, 178, 240
-0.994829, 257, 17, 500, 80
-0.994846, 413, 81, 444, 208
-0.994923, 201, 161, 232, 288
-0.994928, 241, 113, 368, 176
-0.994952, 369, 189, 496, 220
-0.995123, 153, 153, 168, 216
-0.995145, 217, 241, 248, 368
-0.995215, 147, 161, 162, 224
-0.995231, 65, 153, 320, 216
-0.995244, 241, 217, 368, 248
-0.995255, 55, 289, 70, 352
-0.995261, 289, 197, 416, 228
-0.995291, 257, 61, 384, 92
-0.995295, 225, 241, 480, 304
-0.995327, 129, 157, 256, 188
-0.995328, 229, 33, 260, 160
-0.995342, 33, 221, 160, 252
-0.995362, 145, 221, 272, 252
-0.995373, 113, 173, 240, 204
-0.995382, 135, 217, 150, 280
-0.995426, 417, 17, 432, 80
-0.995432, 49, 277, 176, 308
-0.995433, 173, 161, 188, 224
-0.995439, 289, 221, 416, 252
-0.995449, 177, 325, 304, 356
-0.995451, 193, 313, 208, 375
-0.995461, 129, 17, 256, 80
-0.995465, 129, 337, 256, 368
-0.995476, 145, 309, 272, 340
-0.995494, 161, 137, 416, 200
-0.995511, 369, 177, 496, 208
-0.99554, 1, 33, 500, 96
-0.995578, 153, 209, 168, 272
-0.995588, 225, 301, 352, 332
-0.995593, 113, 185, 240, 216
-0.995599, 193, 213, 320, 244
-0.995607, 257, 153, 500, 216
-0.995608, 193, 185, 320, 216
-0.995621, 101, 97, 132, 224
-0.995622, 1, 33, 256, 96
-0.995635, 289, 309, 416, 340
-0.995656, 113, 209, 240, 240
-0.995661, 109, 225, 124, 288
-0.995675, 177, 337, 304, 368
-0.995709, 161, 289, 288, 320
-0.995711, 25, 49, 40, 112
-0.995712, 373, 49, 404, 176
-0.995719, 27, 81, 42, 144
-0.995736, 15, 9, 30, 72
-0.995771, 65, 241, 192, 272
-0.995787, 1, 77, 128, 108
-0.995802, 161, 129, 176, 192
-0.995823, 369, 129, 400, 256
-0.995831, 33, 97, 96, 224
-0.995838, 421, 209, 452, 336
-0.99585, 181, 225, 212, 352
-0.995864, 141, 169, 156, 232
-0.995872, 257, 161, 384, 192
-0.995878, 305, 237, 432, 268
-0.995926, 341, 9, 356, 72
-0.995941, 97, 65, 224, 96
-0.995968, 289, 209, 416, 240
-0.995987, 291, 153, 306, 216
-0.99599, 93, 233, 108, 296
-0.996009, 241, 193, 368, 224
-0.996042, 209, 313, 224, 375
-0.996056, 85, 49, 116, 176
-0.996068, 33, 329, 160, 360
-0.996083, 257, 81, 500, 144
-0.996089, 89, 113, 120, 240
-0.996101, 23, 25, 38, 88
-0.99612, 415, 41, 430, 104
-0.996122, 1, 233, 128, 264
-0.996125, 285, 97, 316, 224
-0.996132, 129, 185, 144, 248
-0.99615, 65, 265, 192, 296
-0.996189, 17, 57, 144, 88
-0.996202, 161, 201, 288, 232
-0.99625, 281, 161, 296, 224
-0.996299, 185, 193, 200, 256
-0.996309, 309, 129, 340, 256
-0.996321, 135, 177, 150, 240
-0.996341, 169, 241, 200, 368
-0.996344, 193, 313, 320, 344
-0.996364, 141, 57, 156, 120
-0.996368, 241, 205, 368, 236
-0.996372, 347, 9, 362, 72
-0.996373, 161, 105, 416, 168
-0.996376, 265, 65, 296, 192
-0.996377, 369, 209, 496, 240
-0.996379, 31, 57, 46, 120
-0.996383, 221, 313, 236, 375
-0.99639, 75, 273, 90, 336
-0.996403, 187, 313, 202, 375
-0.996407, 117, 209, 132, 272
-0.996419, 347, 57, 362, 120
-0.996421, 147, 225, 162, 288
-0.996452, 129, 225, 144, 288
-0.996456, 337, 161, 464, 192
-0.996456, 209, 289, 336, 320
-0.996465, 193, 173, 320, 204
-0.996473, 369, 229, 496, 260
-0.996473, 441, 145, 472, 272
-0.996508, 129, 233, 256, 264
-0.996513, 409, 49, 424, 112
-0.996523, 97, 313, 224, 344
-0.996525, 65, 297, 192, 328
-0.996539, 215, 313, 230, 375
-0.996556, 329, 49, 344, 112
-0.996563, 129, 145, 256, 176
-0.996586, 17, 41, 32, 104
-0.996589, 63, 281, 78, 344
-0.996589, 161, 61, 288, 92
-0.996596, 423, 49, 438, 112
-0.996598, 151, 289, 166, 352
-0.996604, 305, 281, 432, 312
-0.996606, 289, 297, 416, 328
-0.996611, 1, 129, 256, 192
-0.996618, 257, 217, 272, 280
-0.996633, 21, 161, 52, 288
-0.996639, 273, 185, 288, 248
-0.996644, 165, 201, 180, 264
-0.996651, 389, 233, 404, 296
-0.996663, 385, 209, 400, 272
-0.996671, 17, 317, 144, 348
-0.996677, 1, 205, 128, 236
-0.996686, 337, 305, 464, 336
-0.996692, 65, 253, 192, 284
-0.996707, 113, 297, 240, 328
-0.996708, 269, 241, 300, 368
-0.996738, 417, 161, 432, 224
-0.996745, 103, 225, 118, 288
-0.996746, 203, 313, 218, 375
-0.996787, 5, 1, 36, 256
-0.99679, 1, 193, 16, 256
-0.996792, 263, 209, 278, 272
-0.996798, 263, 289, 278, 352
-0.996808, 225, 265, 480, 328
-0.996817, 33, 189, 160, 220
-0.996828, 147, 57, 162, 120
-0.996834, 371, 305, 386, 368
-0.996845, 415, 105, 430, 168
-0.996856, 113, 49, 144, 176
-0.996871, 65, 209, 192, 240
-0.996872, 353, 1, 368, 64
-0.996878, 257, 297, 272, 360
-0.996881, 373, 185, 388, 248
-0.996887, 9, 185, 24, 248
-0.996893, 145, 245, 272, 276
-0.996899, 317, 41, 332, 104
-0.996925, 167, 153, 182, 216
-0.996932, 379, 225, 394, 288
-0.996934, 3, 89, 18, 152
-0.996935, 157, 289, 172, 352
-0.996941, 193, 193, 208, 256
-0.99695, 11, 41, 26, 104
-0.996959, 251, 289, 266, 352
-0.996975, 391, 209, 406, 272
-0.996976, 379, 193, 394, 256
-0.996981, 485, 49, 500, 112
-0.997, 395, 177, 410, 240
-0.997003, 177, 265, 304, 296
-0.997007, 311, 33, 326, 96
-0.99703, 101, 49, 132, 176
-0.997036, 181, 297, 196, 360
-0.997047, 11, 81, 26, 144
-0.997048, 257, 241, 384, 272
-0.997052, 175, 209, 190, 272
-0.997053, 301, 1, 332, 256
-0.997066, 361, 1, 392, 128
-0.997071, 369, 25, 496, 88
-0.997072, 337, 53, 464, 84
-0.997074, 113, 265, 240, 296
-0.997084, 327, 225, 342, 288
-0.9971, 17, 301, 144, 332
-0.997101, 261, 33, 276, 96
-0.997101, 241, 281, 256, 344
-0.997105, 49, 297, 64, 360
-0.997113, 179, 153, 194, 216
-0.997121, 153, 65, 168, 128
-0.997121, 403, 177, 418, 240
-0.997126, 123, 193, 138, 256
-0.997132, 313, 297, 328, 360
-0.997138, 289, 269, 416, 300
-0.997142, 85, 233, 100, 296
-0.997156, 163, 289, 178, 352
-0.997167, 5, 49, 20, 112
-0.997172, 199, 289, 214, 352
-0.997188, 341, 57, 356, 120
-0.997191, 177, 73, 192, 136
-0.997196, 81, 273, 96, 336
-0.997218, 257, 49, 384, 80
-0.997218, 81, 77, 208, 108
-0.997221, 333, 1, 364, 256
-0.997222, 225, 273, 352, 304
-0.997225, 257, 129, 500, 192
-0.997225, 65, 145, 192, 176
-0.997241, 323, 41, 338, 104
-0.997251, 363, 241, 378, 304
-0.997254, 203, 193, 218, 256
-0.997256, 299, 297, 314, 360
-0.997261, 335, 9, 350, 72
-0.997263, 271, 297, 286, 360
-0.997265, 297, 145, 312, 208
-0.997265, 411, 177, 426, 240
-0.997266, 15, 193, 30, 256
-0.997269, 269, 33, 284, 96
-0.997272, 87, 305, 102, 368
-0.997272, 257, 1, 384, 32
-0.997279, 317, 225, 348, 240
-0.997281, 337, 71, 368, 86
-0.997283, 281, 241, 312, 368
-0.997284, 21, 185, 36, 248
-0.997287, 401, 53, 432, 68
-0.997288, 145, 277, 272, 308
-0.997291, 273, 193, 304, 208
-0.997292, 183, 65, 198, 128
-0.997295, 1, 105, 256, 168
-0.997299, 345, 309, 376, 324
-0.997299, 345, 247, 376, 262
-0.9973, 117, 251, 148, 266
-0.997302, 213, 289, 228, 352
-0.997303, 413, 163, 444, 178
-0.997304, 253, 299, 284, 314
-0.997306, 369, 189, 400, 204
-0.997309, 209, 161, 336, 192
-0.997314, 293, 305, 308, 368
-0.997317, 293, 305, 324, 320
-0.997318, 279, 33, 294, 96
-0.997318, 177, 81, 208, 96
-0.99732, 165, 199, 196, 214
-0.997321, 241, 313, 368, 344
-0.997326, 209, 317, 240, 332
-0.997326, 17, 1, 48, 256
-0.997328, 365, 331, 396, 346
-0.997335, 149, 225, 180, 240
-0.997335, 349, 189, 380, 204
-0.997338, 253, 319, 284, 334
-0.997342, 257, 73, 384, 104
-0.997345, 173, 315, 204, 330
-0.997346, 185, 129, 216, 375
-0.997353, 19, 81, 34, 144
-0.997355, 237, 41, 268, 56
-0.99736, 137, 205, 168, 220
-0.99736, 243, 33, 258, 96
-0.997365, 293, 171, 324, 186
-0.997368, 361, 305, 376, 368
-0.997371, 9, 91, 40, 106
-0.997372, 241, 299, 272, 314
-0.997374, 193, 289, 208, 352
-0.997375, 149, 61, 164, 92
-0.997377, 405, 283, 436, 298
-0.997378, 97, 297, 112, 360
-0.997379, 135, 65, 150, 128
-0.99738, 369, 249, 496, 280
-0.997381, 153, 97, 184, 352
-0.997382, 121, 205, 152, 220
-0.997383, 149, 217, 180, 232
-0.997385, 285, 185, 300, 248
-0.997386, 161, 73, 288, 104
-0.997391, 187, 289, 202, 352
-0.997392, 333, 225, 348, 288
-0.997392, 141, 333, 172, 348
-0.997394, 315, 185, 330, 248
-0.997394, 453, 129, 484, 256
-0.997396, 429, 249, 460, 264
-0.997396, 117, 313, 132, 375
-0.997397, 113, 217, 144, 232
-0.997403, 305, 1, 432, 32
-0.997404, 1, 249, 500, 312
-0.997404, 13, 201, 44, 216
-0.997405, 1, 81, 500, 144
-0.997406, 405, 149, 436, 164
-0.997408, 321, 225, 336, 288
-0.997412, 149, 295, 180, 310
-0.997414, 169, 71, 200, 86
-0.997416, 273, 179, 304, 194
-0.99742, 307, 169, 322, 232
-0.997422, 125, 199, 156, 214
-0.99743, 37, 221, 68, 236
-0.997432, 137, 129, 168, 375
-0.997433, 1, 209, 32, 336
-0.997435, 81, 105, 208, 136
-0.997436, 165, 333, 196, 348
-0.997439, 69, 281, 84, 344
-0.997449, 173, 313, 188, 375
-0.997457, 119, 233, 134, 296
-0.997457, 89, 271, 120, 286
-0.997459, 281, 161, 312, 176
-0.997459, 285, 129, 316, 375
-0.997459, 421, 121, 436, 184
-0.997463, 321, 309, 352, 324
-0.997463, 415, 81, 430, 144
-0.997463, 173, 161, 204, 176
-0.997463, 355, 153, 370, 216
-0.997464, 69, 241, 100, 256
-0.997465, 177, 233, 304, 264
-0.997468, 365, 227, 396, 242
-0.997471, 101, 241, 132, 256
-0.997471, 225, 319, 256, 334
-0.997474, 225, 45, 256, 60
-0.997479, 81, 327, 112, 342
-0.997487, 89, 225, 120, 240
-0.997491, 337, 279, 368, 294
-0.997494, 353, 9, 384, 24
-0.997498, 117, 211, 148, 226
-0.997501, 201, 113, 232, 240
-0.997503, 69, 281, 100, 296
-0.997508, 49, 321, 80, 336
-0.997511, 381, 215, 412, 230
-0.997515, 141, 175, 172, 190
-0.997519, 405, 183, 436, 198
-0.99752, 413, 53, 444, 68
-0.997521, 209, 343, 240, 358
-0.997532, 117, 237, 148, 252
-0.997532, 81, 335, 112, 350
-0.99754, 29, 209, 60, 336
-0.997541, 153, 193, 168, 224
-0.997545, 281, 1, 312, 256
-0.997548, 257, 149, 384, 180
-0.997551, 337, 149, 464, 180
-0.997552, 273, 113, 304, 240
-0.997565, 125, 71, 156, 86
-0.997566, 145, 169, 176, 184
-0.997581, 325, 317, 356, 332
-0.997583, 29, 81, 60, 96
-0.997587, 29, 59, 60, 74
-0.99759, 313, 53, 344, 68
-0.997591, 143, 61, 158, 92
-0.997595, 329, 361, 360, 375
-0.997597, 53, 297, 84, 312
-0.997597, 17, 289, 144, 320
-0.997597, 437, 333, 468, 348
-0.997602, 1, 81, 256, 144
-0.997609, 1, 249, 128, 280
-0.997609, 405, 155, 436, 170
-0.997614, 69, 327, 100, 342
-0.997629, 93, 161, 124, 288
-0.997632, 133, 187, 164, 202
-0.997633, 125, 97, 156, 224
-0.997649, 209, 245, 336, 276
-0.997656, 133, 223, 164, 238
-0.997662, 213, 337, 244, 352
-0.997669, 17, 45, 144, 76
-0.997672, 425, 157, 456, 172
-0.997675, 9, 57, 40, 72
-0.997676, 125, 245, 156, 260
-0.99768, 1, 113, 500, 176
-0.997701, 137, 181, 168, 196
-0.997703, 317, 361, 348, 375
-0.997708, 149, 69, 180, 84
-0.997711, 129, 193, 160, 208
-0.997713, 197, 341, 228, 356
-0.997713, 81, 277, 112, 292
-0.997714, 193, 149, 320, 180
-0.997719, 205, 323, 236, 338
-0.997721, 145, 205, 160, 236
-0.997722, 281, 167, 312, 182
-0.997722, 341, 179, 372, 194
-0.997726, 1, 201, 32, 216
-0.99773, 129, 133, 256, 164
-0.997737, 81, 321, 112, 336
-0.997739, 401, 1, 432, 256
-0.997739, 5, 195, 36, 210
-0.997757, 181, 343, 212, 358
-0.997758, 65, 157, 192, 188
-0.997763, 337, 15, 368, 30
-0.997765, 177, 17, 304, 80
-0.997766, 261, 1, 292, 256
-0.997772, 61, 287, 92, 302
-0.997772, 393, 185, 424, 200
-0.997772, 141, 231, 172, 246
-0.997777, 25, 199, 56, 214
-0.99778, 153, 329, 184, 344
-0.997797, 345, 1, 376, 256
-0.997804, 317, 1, 348, 256
-0.997805, 301, 97, 332, 352
-0.997809, 321, 81, 352, 208
-0.997812, 129, 331, 160, 346
-0.997826, 157, 193, 188, 208
-0.997836, 129, 257, 384, 320
-0.997838, 161, 17, 416, 80
-0.997853, 421, 1, 452, 256
-0.997871, 325, 59, 356, 74
-0.997874, 145, 85, 272, 116
-0.997878, 101, 235, 132, 250
-0.997882, 353, 325, 480, 356
-0.997892, 157, 151, 188, 166
-0.997893, 257, 85, 384, 116
-0.997906, 133, 233, 148, 264
-0.997912, 225, 261, 352, 292
-0.997913, 159, 189, 174, 220
-0.997914, 1, 89, 128, 120
-0.997918, 73, 49, 104, 176
-0.99792, 233, 1, 264, 256
-0.997921, 357, 33, 388, 288
-0.997922, 113, 227, 144, 242
-0.997929, 129, 233, 160, 248
-0.997939, 139, 229, 154, 260
-0.99794, 129, 49, 256, 80
-0.997941, 173, 129, 204, 375
-0.997945, 193, 33, 224, 288
-0.99797, 453, 1, 484, 256
-0.997975, 337, 137, 464, 168
-0.997995, 9, 97, 40, 352
-0.997996, 155, 209, 170, 240
-0.997998, 173, 33, 204, 288
-0.998005, 301, 81, 332, 208
-0.998006, 321, 65, 448, 96
-0.998009, 321, 249, 448, 280
-0.99802, 65, 169, 192, 200
-0.99802, 137, 213, 152, 244
-0.998026, 95, 237, 110, 268
-0.998032, 187, 325, 202, 356
-0.998054, 101, 331, 132, 346
-0.998065, 441, 1, 472, 256
-0.998067, 365, 129, 396, 375
-0.998083, 257, 285, 384, 316
-0.998087, 165, 321, 196, 336
-0.998089, 163, 201, 178, 232
-0.998091, 269, 129, 300, 375
-0.998093, 249, 1, 280, 256
-0.998094, 337, 7, 368, 22
-0.998098, 391, 185, 406, 216
-0.998103, 341, 129, 372, 375
-0.99811, 281, 173, 312, 188
-0.998115, 129, 117, 256, 148
-0.998121, 393, 191, 424, 206
-0.998123, 29, 305, 60, 320
-0.998134, 1, 261, 128, 292
-0.998134, 145, 97, 272, 128
-0.998144, 211, 321, 226, 352
-0.998146, 153, 199, 184, 214
-0.998149, 81, 121, 208, 152
-0.998156, 373, 197, 404, 212
-0.998159, 147, 161, 162, 192
-0.99817, 189, 323, 220, 338
-0.998174, 87, 317, 102, 348
-0.998179, 81, 133, 208, 164
-0.998186, 369, 33, 400, 288
-0.998191, 369, 113, 496, 144
-0.998194, 339, 1, 354, 128
-0.998206, 343, 61, 358, 92
-0.998228, 29, 33, 60, 288
-0.998239, 313, 129, 344, 375
-0.998241, 149, 163, 180, 178
-0.998242, 161, 205, 192, 220
-0.998244, 337, 1, 368, 16
-0.998245, 137, 65, 152, 96
-0.998254, 101, 237, 116, 268
-0.998255, 101, 329, 116, 360
-0.998256, 137, 71, 168, 86
-0.998261, 59, 289, 74, 320
-0.998262, 287, 157, 302, 188
-0.998262, 413, 21, 428, 52
-0.998263, 177, 157, 192, 188
-0.998268, 273, 345, 400, 375
-0.998269, 359, 177, 374, 208
-0.998274, 145, 229, 160, 260
-0.998281, 353, 129, 384, 375
-0.998286, 197, 129, 228, 375
-0.998289, 115, 329, 130, 360
-0.99829, 183, 201, 198, 232
-0.998299, 181, 201, 212, 216
-0.998302, 155, 153, 170, 184
-0.998306, 113, 331, 144, 346
-0.998306, 289, 13, 416, 44
-0.998317, 1, 113, 128, 144
-0.998318, 363, 309, 378, 340
-0.998319, 397, 181, 412, 212
-0.998324, 19, 1, 34, 128
-0.998329, 97, 281, 224, 312
-0.998332, 413, 9, 428, 40
-0.998335, 29, 129, 60, 375
-0.998336, 127, 237, 142, 268
-0.998344, 257, 37, 384, 68
-0.998345, 205, 321, 220, 352
-0.998345, 333, 53, 348, 84
-0.998345, 113, 225, 128, 256
-0.998347, 417, 49, 432, 80
-0.998353, 155, 145, 170, 272
-0.998354, 137, 211, 168, 226
-0.998357, 413, 97, 444, 352
-0.998357, 349, 13, 364, 44
-0.998359, 193, 321, 208, 352
-0.998365, 25, 85, 40, 116
-0.998366, 321, 77, 448, 108
-0.998369, 417, 37, 432, 68
-0.998371, 133, 217, 164, 232
-0.998372, 279, 173, 294, 204
-0.998373, 141, 169, 156, 200
-0.998374, 1, 273, 128, 304
-0.998377, 13, 5, 28, 36
-0.998378, 257, 101, 384, 132
-0.99838, 337, 293, 464, 324
-0.998404, 93, 221, 108, 252
-0.998405, 353, 185, 416, 200
-0.998406, 375, 197, 390, 228
-0.998412, 219, 325, 234, 356
-0.998415, 287, 177, 302, 208
-0.998427, 159, 325, 174, 356
-0.998429, 263, 213, 278, 244
-0.998431, 419, 161, 434, 192
-0.998434, 159, 141, 174, 172
-0.998436, 353, 177, 368, 208
-0.998438, 191, 197, 206, 228
-0.998441, 273, 137, 400, 168
-0.998442, 385, 129, 416, 375
-0.998442, 53, 297, 68, 328
-0.998443, 311, 305, 326, 336
-0.998446, 119, 241, 134, 272
-0.998447, 293, 153, 308, 184
-0.998448, 25, 57, 40, 88
-0.998449, 385, 193, 400, 224
-0.998451, 171, 165, 186, 196
-0.998452, 369, 125, 496, 156
-0.998452, 177, 323, 240, 338
-0.998453, 341, 13, 356, 44
-0.99846, 465, 33, 496, 288
-0.998462, 1, 197, 16, 228
-0.998463, 305, 301, 320, 332
-0.998464, 31, 81, 46, 112
-0.998468, 75, 325, 90, 356
-0.998471, 83, 277, 98, 308
-0.998472, 185, 77, 200, 108
-0.998473, 81, 241, 144, 256
-0.998474, 373, 317, 388, 348
-0.998474, 165, 153, 180, 184
-0.998475, 125, 97, 156, 352
-0.998476, 107, 229, 122, 260
-0.998478, 137, 331, 200, 346
-0.998479, 345, 1, 360, 128
-0.998484, 207, 193, 222, 224
-0.998485, 385, 181, 400, 212
-0.998487, 137, 67, 200, 82
-0.998489, 175, 213, 190, 244
-0.998489, 155, 61, 170, 92
-0.998493, 113, 207, 176, 222
-0.998493, 153, 329, 168, 360
-0.998494, 177, 329, 240, 344
-0.998497, 35, 197, 50, 228
-0.998501, 193, 197, 224, 212
-0.998502, 1, 1, 128, 32
-0.998502, 415, 145, 430, 176
-0.998502, 89, 223, 152, 238
-0.998502, 289, 321, 416, 352
-0.998503, 137, 165, 200, 180
-0.998505, 137, 205, 200, 220
-0.998505, 95, 333, 110, 364
-0.998506, 113, 213, 176, 228
-0.998506, 257, 113, 384, 144
-0.998509, 177, 343, 240, 358
-0.99851, 275, 305, 290, 336
-0.998512, 145, 157, 208, 172
-0.998513, 33, 101, 160, 132
-0.998516, 293, 169, 308, 200
-0.998517, 329, 181, 392, 196
-0.998517, 137, 211, 200, 226
-0.998518, 177, 199, 240, 214
-0.998519, 81, 247, 144, 262
-0.998521, 97, 331, 160, 346
-0.998523, 131, 221, 146, 252
-0.998524, 137, 341, 200, 356
-0.998525, 361, 197, 424, 212
-0.99853, 421, 149, 436, 180
-0.998531, 273, 193, 288, 224
-0.998533, 379, 217, 394, 248
-0.998534, 199, 321, 214, 352
-0.998535, 317, 305, 332, 336
-0.998536, 385, 187, 448, 202
-0.998537, 415, 93, 430, 124
-0.998537, 161, 1, 192, 256
-0.998538, 329, 187, 392, 202
-0.998538, 113, 69, 176, 84
-0.99854, 401, 55, 464, 70
-0.998542, 281, 361, 344, 375
-0.998542, 105, 229, 168, 244
-0.998542, 169, 159, 232, 174
-0.998542, 177, 335, 240, 350
-0.998544, 367, 325, 382, 356
-0.998544, 389, 33, 420, 288
-0.998545, 7, 221, 22, 252
-0.998545, 109, 333, 124, 364
-0.998546, 401, 49, 464, 64
-0.998546, 41, 327, 104, 342
-0.998547, 129, 229, 192, 244
-0.998547, 153, 325, 216, 340
-0.998548, 145, 329, 160, 360
-0.998548, 85, 329, 100, 360
-0.998548, 321, 317, 384, 332
-0.998549, 25, 81, 88, 96
-0.998551, 113, 201, 176, 216
-0.998551, 97, 63, 160, 78
-0.998551, 149, 205, 180, 220
-0.998551, 169, 309, 232, 324
-0.998552, 1, 201, 64, 216
-0.998552, 273, 177, 336, 192
-0.998553, 145, 197, 208, 212
-0.998555, 305, 179, 368, 194
-0.998555, 113, 193, 176, 208
-0.998557, 121, 325, 184, 340
-0.998558, 169, 315, 232, 330
-0.998558, 161, 205, 224, 220
-0.998558, 321, 311, 384, 326
-0.998559, 321, 1, 384, 16
-0.998559, 289, 55, 352, 70
-0.998559, 137, 73, 200, 88
-0.998559, 179, 81, 194, 112
-0.99856, 209, 295, 272, 310
-0.998561, 89, 239, 120, 254
-0.998561, 129, 171, 192, 186
-0.998562, 129, 223, 192, 238
-0.998562, 209, 129, 240, 375
-0.998564, 233, 39, 296, 54
-0.998564, 297, 63, 360, 78
-0.998565, 153, 295, 216, 310
-0.998565, 145, 191, 208, 206
-0.998566, 81, 253, 144, 268
-0.998566, 197, 193, 212, 224
-0.998566, 193, 285, 256, 300
-0.998566, 41, 297, 104, 312
-0.998566, 305, 173, 368, 188
-0.998567, 289, 237, 352, 252
-0.998567, 423, 53, 438, 84
-0.998568, 289, 307, 352, 322
-0.998568, 101, 221, 116, 252
-0.998568, 377, 49, 440, 64
-0.998568, 49, 291, 112, 306
-0.998568, 41, 319, 104, 334
-0.998571, 89, 217, 152, 232
-0.998571, 1, 195, 64, 210
-0.998571, 377, 55, 440, 70
-0.998573, 401, 43, 464, 58
-0.998574, 209, 319, 272, 334
-0.998574, 169, 153, 232, 168
-0.998575, 321, 117, 448, 148
-0.998575, 49, 321, 64, 352
-0.998575, 89, 235, 152, 250
-0.998575, 121, 181, 184, 196
-0.998576, 129, 249, 144, 280
-0.99858, 337, 235, 400, 250
-0.99858, 417, 157, 480, 172
-0.99858, 221, 1, 252, 256
-0.99858, 17, 301, 80, 316
-0.99858, 245, 313, 260, 344
-0.99858, 81, 273, 144, 288
-0.998581, 57, 225, 120, 240
-0.998581, 217, 331, 280, 346
-0.998581, 353, 285, 416, 300
-0.998582, 165, 177, 180, 208
-0.998582, 193, 275, 256, 290
-0.998582, 321, 193, 384, 208
-0.998582, 415, 117, 430, 148
-0.998583, 185, 291, 248, 306
-0.998583, 321, 7, 384, 22
-0.998584, 193, 251, 256, 266
-0.998584, 121, 247, 184, 262
-0.998585, 353, 179, 416, 194
-0.998585, 81, 325, 144, 340
-0.998586, 401, 19, 464, 34
-0.998586, 121, 235, 184, 250
-0.998587, 161, 165, 224, 180
-0.998587, 145, 151, 208, 166
-0.998587, 353, 191, 416, 206
-0.998588, 169, 301, 232, 316
-0.998589, 385, 193, 448, 208
-0.998589, 145, 217, 208, 232
-0.998589, 65, 279, 128, 294
-0.99859, 161, 211, 224, 226
-0.99859, 273, 171, 336, 186
-0.998591, 41, 313, 104, 328
-0.998591, 1, 223, 64, 238
-0.998593, 41, 305, 104, 320
-0.998593, 57, 285, 120, 300
-0.998593, 401, 37, 464, 52
-0.998595, 209, 53, 336, 84
-0.998595, 225, 301, 288, 316
-0.998595, 305, 185, 368, 200
-0.998596, 401, 31, 464, 46
-0.998596, 25, 61, 88, 76
-0.998596, 321, 13, 384, 28
-0.998597, 321, 241, 384, 256
-0.998597, 353, 279, 416, 294
-0.998598, 217, 337, 280, 352
-0.998598, 313, 199, 376, 214
-0.998598, 385, 181, 448, 196
-0.998598, 1, 57, 64, 72
-0.998598, 377, 19, 440, 34
-0.998599, 145, 319, 208, 334
-0.998599, 257, 201, 320, 216
-0.998599, 265, 185, 328, 200
-0.998599, 169, 273, 232, 288
-0.9986, 369, 219, 432, 234
-0.998601, 249, 169, 312, 184
-0.998601, 321, 303, 384, 318
-0.998602, 201, 241, 264, 256
-0.998603, 97, 337, 160, 352
-0.998603, 121, 187, 184, 202
-0.998604, 337, 249, 400, 264
-0.998604, 289, 231, 352, 246
-0.998604, 297, 317, 360, 332
-0.998604, 179, 309, 194, 340
-0.998605, 249, 217, 312, 232
-0.998607, 11, 33, 26, 160
-0.998607, 29, 197, 44, 228
-0.99861, 409, 57, 424, 88
-0.998613, 135, 329, 150, 360
-0.998613, 411, 185, 426, 216
-0.998623, 327, 49, 342, 80
-0.998624, 405, 185, 420, 216
-0.998629, 221, 49, 236, 80
-0.998629, 365, 181, 380, 212
-0.998636, 321, 101, 448, 132
-0.998638, 415, 105, 430, 136
-0.998638, 145, 1, 176, 256
-0.998638, 369, 183, 400, 198
-0.998639, 251, 297, 266, 328
-0.998641, 75, 277, 90, 308
-0.998643, 25, 33, 40, 160
-0.998643, 199, 341, 214, 372
-0.998644, 269, 305, 284, 336
-0.998644, 389, 237, 404, 268
-0.998645, 479, 97, 494, 128
-0.998646, 419, 13, 434, 44
-0.99865, 211, 341, 226, 372
-0.99865, 153, 221, 168, 252
-0.998651, 143, 161, 158, 288
-0.998652, 315, 41, 330, 72
-0.998655, 349, 69, 364, 100
-0.998656, 215, 53, 230, 84
-0.998659, 405, 289, 420, 320
-0.998659, 193, 137, 320, 168
-0.998663, 385, 213, 400, 244
-0.998663, 351, 1, 366, 128
-0.998666, 373, 185, 388, 216
-0.99867, 337, 89, 464, 120
-0.99867, 9, 197, 24, 228
-0.998672, 355, 5, 370, 36
-0.998673, 349, 285, 364, 316
-0.998691, 257, 105, 500, 168
-0.998695, 105, 129, 136, 375
-0.998722, 381, 185, 412, 200
-0.998746, 1, 33, 16, 160
-0.998781, 125, 1, 156, 256
-0.998789, 325, 129, 356, 375
-0.99881, 41, 129, 72, 375
-0.998833, 457, 81, 488, 208
-0.998833, 153, 211, 184, 226
-0.998841, 93, 129, 124, 375
-0.998864, 19, 49, 34, 176
-0.998881, 413, 1, 428, 128
-0.998885, 143, 49, 158, 176
-0.998906, 149, 145, 164, 272
-0.998916, 257, 129, 288, 375
-0.998926, 209, 1, 240, 256
-0.998942, 41, 33, 72, 288
-0.998943, 1, 9, 500, 72
-0.998965, 353, 181, 384, 196
-0.999062, 397, 129, 428, 375
-0.999071, 457, 129, 488, 375
-0.999071, 165, 161, 180, 288
-0.999087, 149, 65, 164, 192
-0.999094, 245, 129, 276, 375
-0.999097, 161, 113, 176, 240
-0.999099, 81, 65, 112, 320
-0.999101, 137, 161, 152, 288
-0.999112, 109, 33, 140, 288
-0.999138, 153, 157, 184, 172
-0.999148, 25, 81, 40, 208
-0.999155, 127, 177, 142, 304
-0.999161, 141, 225, 156, 352
-0.999164, 31, 33, 46, 160
-0.999189, 149, 193, 164, 320
-0.999191, 175, 145, 190, 272
-0.999193, 297, 129, 312, 256
-0.999202, 441, 97, 472, 352
-0.999202, 95, 225, 110, 352
-0.999206, 469, 177, 500, 304
-0.999207, 419, 17, 434, 144
-0.999211, 287, 145, 302, 272
-0.999217, 347, 49, 362, 176
-0.999222, 221, 129, 252, 375
-0.999231, 233, 129, 264, 375
-0.99924, 17, 129, 144, 192
-0.999257, 1, 81, 16, 208
-0.999275, 485, 33, 500, 160
-0.999284, 11, 81, 26, 208
-0.999294, 375, 177, 390, 304
-0.999296, 409, 49, 424, 176
-0.9993, 469, 129, 500, 375
-0.999304, 155, 209, 170, 336
-0.999316, 137, 49, 152, 176
-0.999325, 181, 177, 196, 304
-0.999325, 381, 209, 396, 336
-0.999345, 175, 65, 190, 192
-0.999365, 253, 65, 284, 192
-0.999371, 135, 209, 150, 336
-0.999378, 433, 209, 464, 336
-0.999378, 381, 161, 396, 288
-0.999382, 187, 177, 202, 304
-0.999391, 73, 241, 88, 368
-0.999391, 57, 241, 72, 368
-0.999394, 69, 193, 100, 320
-0.999396, 369, 177, 384, 304
-0.999413, 389, 177, 404, 304
-0.999414, 201, 177, 216, 304
-0.999417, 211, 177, 226, 304
-0.999417, 255, 209, 270, 336
-0.999425, 65, 129, 96, 375
-0.999427, 87, 241, 102, 368
-0.999436, 155, 97, 170, 224
-0.999437, 1, 9, 256, 72
-0.999439, 307, 193, 322, 320
-0.999441, 425, 97, 456, 352
-0.999459, 109, 209, 124, 336
-0.99946, 333, 1, 348, 128
-0.999463, 137, 65, 168, 80
-0.999464, 169, 65, 184, 192
-0.999466, 315, 177, 330, 304
-0.999476, 201, 129, 216, 256
-0.999496, 357, 1, 372, 128
-0.999503, 479, 33, 494, 160
-0.999511, 317, 225, 332, 352
-0.999513, 419, 97, 434, 224
-0.999517, 79, 241, 94, 368
-0.999523, 281, 145, 296, 272
-0.999541, 395, 161, 410, 288
-0.999543, 185, 129, 200, 256
-0.999545, 327, 33, 342, 160
-0.999551, 193, 177, 208, 304
-0.999557, 315, 33, 330, 160
-0.999559, 119, 193, 134, 320
-0.999565, 53, 1, 84, 256
-0.999566, 67, 241, 82, 368
-0.999567, 405, 177, 420, 304
-0.999568, 355, 11, 370, 26
-0.999568, 31, 301, 46, 316
-0.999569, 415, 99, 430, 114
-0.999569, 213, 55, 228, 70
-0.999569, 87, 325, 102, 340
-0.999569, 153, 225, 168, 240
-0.999569, 95, 335, 110, 350
-0.99957, 131, 229, 146, 244
-0.99957, 157, 151, 172, 166
-0.99957, 333, 311, 348, 326
-0.99957, 55, 327, 70, 342
-0.999571, 479, 99, 494, 114
-0.999573, 85, 277, 100, 292
-0.999573, 323, 47, 338, 62
-0.999574, 281, 175, 296, 190
-0.999574, 413, 1, 428, 16
-0.999575, 347, 179, 362, 194
-0.999575, 299, 177, 314, 304
-0.999575, 419, 13, 434, 28
-0.999575, 417, 159, 432, 174
-0.999576, 181, 155, 196, 170
-0.999576, 47, 221, 62, 236
-0.999576, 91, 273, 106, 288
-0.999576, 107, 333, 122, 348
-0.999576, 177, 83, 192, 98
-0.999577, 169, 153, 184, 168
-0.999577, 415, 105, 430, 120
-0.999577, 415, 115, 430, 130
-0.999577, 317, 45, 332, 60
-0.999577, 219, 325, 234, 340
-0.999577, 11, 199, 26, 214
-0.999578, 387, 181, 402, 196
-0.999578, 287, 163, 302, 178
-0.999578, 175, 167, 190, 182
-0.999578, 31, 83, 46, 98
-0.999578, 279, 181, 294, 196
-0.999579, 31, 201, 46, 216
-0.999579, 53, 129, 84, 375
-0.999579, 127, 239, 142, 254
-0.99958, 339, 61, 354, 76
-0.99958, 219, 51, 234, 66
-0.99958, 415, 39, 430, 54
-0.999581, 417, 147, 432, 162
-0.999581, 419, 19, 434, 34
-0.999582, 159, 327, 174, 342
-0.999582, 119, 245, 134, 260
-0.999582, 353, 179, 368, 194
-0.999582, 291, 173, 306, 188
-0.999582, 211, 323, 226, 338
-0.999583, 363, 177, 378, 304
-0.999583, 293, 359, 308, 374
-0.999583, 449, 329, 464, 344
-0.999584, 425, 159, 440, 174
-0.999584, 367, 331, 382, 346
-0.999584, 25, 57, 40, 72
-0.999584, 255, 297, 270, 312
-0.999584, 187, 327, 202, 342
-0.999585, 83, 241, 98, 256
-0.999585, 125, 329, 140, 344
-0.999585, 157, 71, 172, 86
-0.999586, 97, 225, 112, 240
-0.999586, 145, 169, 160, 184
-0.999587, 333, 55, 348, 70
-0.999587, 195, 343, 210, 358
-0.999588, 417, 47, 432, 62
-0.99959, 193, 321, 208, 336
-0.99959, 283, 169, 298, 184
-0.99959, 413, 31, 428, 46
-0.999591, 185, 341, 200, 356
-0.999592, 413, 7, 428, 22
-0.999592, 135, 67, 150, 82
-0.999593, 373, 199, 388, 214
-0.999594, 413, 25, 428, 40
-0.999594, 97, 33, 128, 288
-0.999595, 61, 289, 76, 304
-0.999596, 291, 155, 306, 170
-0.999596, 417, 153, 432, 168
-0.999596, 349, 15, 364, 30
-0.999596, 201, 341, 216, 356
-0.999597, 177, 161, 192, 176
-0.999597, 55, 297, 70, 312
-0.999597, 87, 319, 102, 334
-0.999597, 77, 327, 92, 342
-0.999597, 89, 241, 104, 256
-0.999599, 349, 281, 364, 296
-0.999599, 245, 321, 260, 336
-0.999599, 143, 335, 158, 350
-0.999599, 297, 173, 312, 188
-0.999603, 69, 33, 100, 288
-0.999604, 201, 197, 216, 212
-0.999604, 117, 239, 132, 254
-0.999605, 5, 199, 20, 214
-0.999605, 37, 199, 52, 214
-0.999605, 185, 201, 200, 216
-0.999605, 357, 161, 372, 288
-0.999606, 391, 195, 406, 210
-0.999606, 101, 333, 116, 348
-0.999606, 125, 253, 140, 268
-0.999606, 375, 183, 390, 198
-0.999607, 383, 197, 398, 212
-0.999607, 443, 329, 458, 344
-0.999608, 413, 13, 428, 28
-0.999609, 401, 183, 416, 198
-0.99961, 135, 331, 150, 346
-0.999611, 413, 19, 428, 34
-0.999613, 149, 333, 164, 348
-0.999613, 399, 191, 414, 206
-0.999614, 117, 329, 132, 344
-0.999614, 133, 237, 148, 252
-0.999616, 417, 53, 432, 68
-0.999617, 103, 225, 118, 352
-0.999618, 145, 231, 160, 246
-0.999619, 155, 157, 170, 172
-0.999621, 381, 185, 396, 200
-0.999622, 383, 217, 398, 232
-0.999622, 161, 189, 176, 204
-0.999623, 149, 163, 164, 178
-0.999623, 163, 203, 178, 218
-0.999624, 181, 65, 196, 192
-0.999625, 193, 199, 208, 214
-0.999625, 141, 73, 156, 88
-0.999626, 157, 211, 172, 226
-0.999627, 101, 237, 116, 252
-0.999629, 331, 361, 346, 375
-0.99963, 139, 233, 154, 248
-0.999631, 263, 193, 278, 320
-0.999631, 311, 241, 326, 368
-0.999634, 143, 213, 158, 228
-0.999634, 389, 187, 404, 202
-0.999635, 303, 129, 318, 256
-0.999637, 129, 245, 144, 260
-0.999637, 425, 33, 440, 160
-0.999638, 151, 71, 166, 86
-0.999644, 95, 239, 110, 254
-0.999648, 207, 225, 222, 352
-0.999653, 369, 183, 384, 198
-0.999657, 469, 17, 484, 144
-0.99966, 321, 33, 336, 160
-0.999662, 195, 129, 210, 256
-0.999664, 245, 225, 260, 352
-0.999668, 129, 225, 144, 352
-0.999674, 395, 185, 410, 200
-0.999676, 161, 65, 176, 192
-0.999677, 157, 195, 172, 210
-0.999678, 323, 193, 338, 320
-0.999678, 151, 201, 166, 216
-0.999679, 359, 181, 374, 196
-0.999682, 479, 81, 494, 208
-0.999691, 147, 207, 162, 222
-0.999693, 167, 113, 182, 240
-0.999693, 201, 241, 216, 368
-0.999696, 361, 225, 376, 352
-0.999704, 417, 145, 432, 272
-0.999706, 335, 49, 350, 176
-0.999722, 269, 177, 284, 304
-0.999728, 149, 65, 164, 80
-0.999729, 175, 193, 190, 320
-0.999729, 355, 241, 370, 368
-0.99973, 265, 17, 280, 144
-0.999737, 255, 17, 270, 144
-0.999739, 141, 65, 156, 80
-0.999745, 37, 33, 52, 160
-0.999765, 359, 49, 374, 176
-0.999767, 119, 241, 134, 368
-0.999767, 155, 49, 170, 176
-0.999782, 371, 241, 386, 368
-0.999783, 281, 1, 296, 128
-0.999789, 291, 17, 306, 144
-0.999813, 31, 81, 46, 208
-0.999828, 353, 49, 368, 176
-0.999832, 341, 49, 356, 176
-0.99984, 239, 241, 254, 368
-0.999845, 463, 33, 478, 160
-0.999846, 147, 241, 162, 368
-0.999851, 415, 225, 430, 352
-0.999857, 351, 161, 366, 288
-0.999858, 297, 33, 312, 160
-0.999859, 275, 161, 290, 288
-0.999865, 217, 161, 232, 288
-0.999865, 161, 225, 176, 352
-0.999868, 413, 97, 428, 224
-0.999869, 207, 129, 222, 256
-0.999871, 309, 33, 324, 160
-0.999873, 357, 113, 372, 240
-0.999882, 323, 241, 338, 368
-0.999883, 389, 225, 404, 352
-0.999885, 271, 1, 286, 128
-0.999902, 195, 241, 210, 368
-0.999912, 199, 49, 214, 176
-0.999917, 375, 1, 390, 128
-0.999921, 293, 225, 308, 352
-0.999939, 411, 161, 426, 288
-0.999949, 219, 33, 234, 160
-1.00039, 49, 1, 176, 64
