1959
-0.322093, 1, 1, 500, 375
-0.400898, 1, 97, 500, 352
-0.417687, 97, 1, 352, 375
-0.521413, 193, 1, 448, 375
-0.580986, 1, 1, 500, 256
-0.673147, 65, 129, 320, 375
-0.696542, 1, 1, 256, 375
-0.716642, 193, 97, 448, 352
-0.743435, 97, 33, 352, 288
-0.81098, 193, 1, 448, 256
-0.84871, 193, 1, 320, 375
-0.867203, 241, 1, 368, 375
-0.877256, 1, 1, 256, 256
-0.877788, 305, 1, 432, 375
-0.877866, 225, 129, 352, 375
-0.878528, 129, 1, 256, 375
-0.887419, 193, 33, 320, 288
-0.892422, 1, 161, 500, 288
-0.895498, 1, 97, 500, 224
-0.897219, 289, 129, 416, 375
-0.902252, 1, 225, 500, 352
-0.903126, 177, 129, 304, 375
-0.909809, 129, 97, 256, 352
-0.910849, 241, 33, 368, 288
-0.912369, 305, 1, 432, 256
-0.92132, 81, 1, 208, 375
-0.922123, 161, 193, 416, 320
-0.922472, 65, 193, 320, 320
-0.923768, 1, 33, 500, 160
-0.925249, 33, 129, 160, 375
-0.926164, 353, 1, 480, 375
-0.927963, 129, 81, 384, 208
-0.92875, 81, 129, 208, 375
-0.932315, 353, 33, 480, 288
-0.932504, 129, 129, 384, 256
-0.933703, 337, 129, 464, 375
-0.935675, 17, 1, 144, 375
-0.93781, 1, 33, 128, 288
-0.94036, 193, 1, 448, 128
-0.942033, 217, 1, 280, 128
-0.943502, 33, 65, 288, 192
-0.943956, 193, 241, 448, 368
-0.94705, 65, 1, 320, 128
-0.947074, 49, 33, 176, 288
-0.947142, 177, 65, 304, 192
-0.947514, 273, 209, 400, 336
-0.949472, 241, 145, 368, 272
-0.950589, 225, 145, 480, 272
-0.952203, 1, 241, 256, 368
-0.952257, 177, 17, 304, 144
-0.952419, 1, 113, 256, 240
-0.953488, 225, 97, 480, 224
-0.955101, 129, 1, 256, 256
-0.95557, 257, 193, 500, 320
-0.955889, 193, 193, 320, 320
-0.958898, 273, 145, 336, 272
-0.959628, 225, 177, 288, 304
-0.960312, 265, 97, 328, 224
-0.960318, 129, 113, 256, 240
-0.96137, 177, 129, 304, 256
-0.961434, 225, 49, 288, 176
-0.961906, 225, 49, 480, 176
-0.962022, 321, 193, 384, 320
-0.962284, 337, 241, 464, 368
-0.963149, 225, 81, 352, 208
-0.963778, 233, 129, 296, 256
-0.964247, 297, 209, 360, 336
-0.964476, 241, 1, 304, 128
-0.964498, 345, 225, 408, 352
-0.964882, 289, 65, 416, 192
-0.96502, 161, 49, 224, 176
-0.965312, 161, 97, 224, 224
-0.965487, 33, 209, 160, 336
-0.965617, 97, 65, 224, 192
-0.966296, 225, 9, 288, 72
-0.966761, 297, 129, 360, 256
-0.967022, 129, 113, 192, 240
-0.967075, 289, 113, 416, 240
-0.967451, 97, 241, 352, 368
-0.967726, 345, 1, 408, 128
-0.96781, 113, 161, 240, 288
-0.968099, 201, 49, 264, 176
-0.968194, 97, 65, 160, 192
-0.968329, 129, 65, 192, 192
-0.969206, 249, 177, 312, 304
-0.969223, 305, 161, 432, 288
-0.969561, 193, 113, 256, 240
-0.970211, 369, 1, 496, 128
-0.970475, 193, 1, 256, 128
-0.970645, 249, 49, 312, 176
-0.970906, 9, 65, 72, 192
-0.97095, 225, 49, 288, 112
-0.971311, 321, 129, 384, 256
-0.971475, 17, 49, 144, 176
-0.971744, 249, 1, 280, 128
-0.971922, 17, 113, 144, 240
-0.971996, 201, 177, 264, 304
-0.972565, 257, 225, 320, 352
-0.972944, 289, 1, 416, 128
-0.97299, 281, 193, 344, 256
-0.973043, 369, 1, 432, 128
-0.973077, 225, 185, 288, 248
-0.973143, 41, 225, 104, 352
-0.973282, 273, 121, 336, 184
-0.973467, 97, 113, 160, 240
-0.973608, 49, 65, 112, 192
-0.973865, 113, 1, 240, 128
-0.973941, 369, 225, 432, 352
-0.974255, 321, 209, 384, 272
-0.974472, 73, 113, 136, 240
-0.974991, 41, 113, 104, 240
-0.975622, 321, 241, 384, 368
-0.975707, 361, 241, 424, 304
-0.975822, 225, 33, 352, 160
-0.975832, 241, 153, 304, 216
-0.975971, 73, 65, 136, 192
-0.976322, 313, 233, 376, 296
-0.976453, 33, 1, 160, 128
-0.976468, 273, 217, 400, 280
-0.976688, 345, 177, 408, 304
-0.976735, 161, 1, 224, 128
-0.97694, 89, 137, 152, 200
-0.977032, 249, 185, 312, 248
-0.977308, 241, 81, 304, 144
-0.977574, 81, 209, 144, 336
-0.977658, 329, 313, 392, 375
-0.977686, 241, 1, 304, 256
-0.977773, 353, 49, 480, 176
-0.977888, 281, 97, 344, 352
-0.978049, 153, 145, 216, 272
-0.978121, 369, 49, 432, 176
-0.978201, 233, 209, 296, 272
-0.978247, 345, 33, 408, 96
-0.97825, 121, 161, 184, 288
-0.978469, 65, 129, 128, 192
-0.978471, 281, 169, 344, 232
-0.978548, 161, 241, 288, 368
-0.978876, 177, 81, 304, 144
-0.978881, 209, 241, 272, 368
-0.978907, 237, 1, 268, 128
-0.978971, 265, 145, 328, 208
-0.979032, 201, 41, 264, 104
-0.979353, 185, 153, 248, 216
-0.979494, 225, 193, 352, 256
-0.979536, 313, 153, 376, 216
-0.979738, 81, 113, 208, 240
-0.979826, 89, 113, 152, 176
-0.979836, 297, 129, 360, 192
-0.979837, 57, 1, 120, 128
-0.979887, 129, 1, 192, 128
-0.980225, 225, 145, 352, 208
-0.980254, 345, 9, 408, 72
-0.980456, 1, 113, 64, 240
-0.980852, 257, 241, 384, 304
-0.980918, 33, 113, 96, 176
-0.980954, 265, 97, 328, 160
-0.981203, 225, 241, 352, 368
-0.98121, 201, 193, 264, 256
-0.981256, 377, 49, 440, 112
-0.981323, 345, 265, 408, 328
-0.981509, 81, 209, 208, 336
-0.981603, 97, 89, 160, 152
-0.981612, 81, 97, 144, 352
-0.981619, 17, 241, 80, 368
-0.981623, 337, 241, 400, 304
-0.981647, 9, 129, 72, 192
-0.981741, 289, 81, 352, 208
-0.981786, 289, 129, 416, 192
-0.981807, 89, 161, 152, 288
-0.981874, 201, 65, 264, 128
-0.98199, 377, 9, 440, 72
-0.982012, 161, 65, 224, 128
-0.982036, 177, 193, 304, 256
-0.982065, 177, 193, 240, 320
-0.982083, 97, 1, 160, 128
-0.982115, 233, 225, 296, 352
-0.982137, 49, 65, 112, 320
-0.98222, 249, 49, 280, 112
-0.982256, 305, 129, 368, 375
-0.982292, 289, 217, 352, 280
-0.982332, 381, 1, 412, 128
-0.982354, 257, 49, 288, 176
-0.982417, 49, 233, 112, 296
-0.982486, 353, 97, 480, 224
-0.982492, 129, 81, 192, 144
-0.982499, 129, 177, 192, 240
-0.982528, 225, 129, 288, 192
-0.982651, 201, 129, 264, 192
-0.982694, 345, 225, 376, 352
-0.982734, 25, 65, 88, 320
-0.982907, 17, 1, 80, 128
-0.98291, 225, 129, 288, 375
-0.98303, 305, 241, 432, 304
-0.98305, 113, 121, 176, 184
-0.983231, 265, 225, 328, 288
-0.98333, 257, 97, 320, 352
-0.983333, 81, 217, 144, 280
-0.98335, 385, 241, 448, 304
-0.983386, 193, 217, 320, 280
-0.98347, 249, 49, 312, 112
-0.983506, 273, 313, 400, 375
-0.983582, 189, 65, 220, 192
-0.983594, 357, 225, 388, 352
-0.983673, 225, 1, 256, 128
-0.983772, 261, 193, 292, 256
-0.983778, 49, 225, 176, 288
-0.983801, 389, 241, 420, 304
-0.983827, 329, 129, 392, 192
-0.983849, 369, 177, 432, 304
-0.983918, 225, 121, 352, 184
-0.98411, 249, 9, 280, 72
-0.984158, 289, 105, 416, 168
-0.98433, 41, 89, 104, 152
-0.984339, 65, 161, 192, 288
-0.984349, 241, 297, 304, 360
-0.984364, 73, 89, 136, 152
-0.98447, 233, 193, 264, 256
-0.984481, 353, 177, 480, 304
-0.984515, 333, 209, 364, 272
-0.984532, 257, 289, 384, 352
-0.984607, 433, 1, 496, 128
-0.984612, 261, 161, 292, 288
-0.984712, 129, 169, 256, 232
-0.984729, 289, 81, 416, 144
-0.984776, 185, 129, 248, 375
-0.98489, 241, 169, 368, 232
-0.984943, 345, 65, 408, 192
-0.98501, 217, 1, 280, 256
-0.985025, 185, 1, 248, 64
-0.985078, 329, 129, 392, 375
-0.985082, 373, 17, 404, 80
-0.9851, 237, 177, 268, 304
-0.985122, 261, 57, 292, 120
-0.985145, 161, 57, 288, 120
-0.985191, 333, 225, 364, 352
-0.98521, 277, 145, 308, 272
-0.985286, 301, 113, 332, 240
-0.985426, 365, 241, 396, 304
-0.985451, 369, 1, 496, 64
-0.985523, 369, 1, 400, 128
-0.985632, 249, 1, 312, 375
-0.985692, 153, 169, 216, 232
-0.985699, 313, 289, 376, 352
-0.985748, 269, 17, 300, 144
-0.985759, 281, 185, 312, 248
-0.985764, 273, 145, 304, 208
-0.985798, 41, 137, 104, 200
-0.985811, 269, 81, 300, 144
-0.985854, 297, 33, 360, 160
-0.985912, 161, 9, 288, 72
-0.986078, 217, 153, 280, 216
-0.986118, 137, 1, 200, 375
-0.986189, 345, 217, 408, 280
-0.986193, 225, 89, 352, 152
-0.986199, 321, 209, 448, 272
-0.986247, 321, 1, 384, 128
-0.986296, 269, 81, 300, 208
-0.986377, 333, 145, 364, 272
-0.986395, 177, 129, 304, 192
-0.986403, 237, 9, 268, 72
-0.986462, 257, 273, 320, 336
-0.986486, 105, 209, 168, 336
-0.986488, 81, 137, 112, 200
-0.986508, 217, 289, 280, 352
-0.986564, 345, 241, 376, 304
-0.986626, 377, 241, 408, 304
-0.986654, 49, 145, 176, 208
-0.98669, 393, 41, 424, 104
-0.986706, 161, 89, 224, 152
-0.986731, 321, 81, 384, 208
-0.986744, 205, 113, 236, 240
-0.986749, 137, 57, 200, 120
-0.986783, 433, 1, 496, 64
-0.986795, 93, 137, 124, 200
-0.986801, 257, 81, 288, 144
-0.986804, 225, 1, 288, 375
-0.986821, 369, 225, 400, 352
-0.986863, 209, 57, 336, 120
-0.98691, 261, 145, 292, 208
-0.986929, 381, 57, 412, 120
-0.986935, 229, 41, 260, 104
-0.986935, 1, 65, 64, 128
-0.986936, 273, 193, 400, 256
-0.986956, 357, 313, 388, 375
-0.987022, 337, 265, 464, 328
-0.987025, 281, 97, 312, 160
-0.987158, 193, 33, 256, 288
-0.987168, 121, 129, 152, 192
-0.987184, 121, 129, 184, 375
-0.987191, 313, 193, 344, 256
-0.987209, 265, 1, 328, 128
-0.987211, 25, 49, 56, 176
-0.98723, 273, 265, 400, 328
-0.987285, 297, 113, 328, 176
-0.987367, 129, 65, 160, 192
-0.987377, 281, 81, 312, 208
-0.9874, 81, 1, 144, 375
-0.987446, 49, 49, 80, 176
-0.987466, 249, 193, 280, 320
-0.987468, 269, 33, 300, 96
-0.9875, 209, 313, 272, 375
-0.987558, 209, 129, 240, 192
-0.987665, 265, 1, 328, 256
-0.987712, 325, 233, 356, 296
-0.987732, 177, 33, 304, 96
-0.98775, 289, 161, 320, 288
-0.987751, 389, 9, 420, 72
-0.987773, 137, 145, 200, 208
-0.987797, 257, 169, 288, 232
-0.987801, 273, 57, 400, 120
-0.987811, 121, 153, 152, 216
-0.987825, 197, 145, 228, 208
-0.98784, 125, 105, 156, 168
-0.987852, 93, 113, 124, 176
-0.987853, 105, 209, 168, 272
-0.987876, 325, 161, 356, 224
-0.987921, 225, 241, 288, 304
-0.987923, 357, 265, 388, 328
-0.987981, 105, 65, 168, 128
-0.988022, 325, 129, 356, 192
-0.988024, 369, 33, 432, 288
-0.988053, 113, 1, 240, 64
-0.988065, 177, 177, 240, 240
-0.988082, 25, 249, 88, 312
-0.988094, 161, 137, 224, 200
-0.988121, 257, 25, 320, 88
-0.988123, 329, 185, 392, 248
-0.988135, 1, 161, 128, 288
-0.988145, 249, 201, 280, 264
-0.988197, 245, 49, 276, 176
-0.988201, 253, 113, 284, 240
-0.988203, 105, 129, 136, 192
-0.988268, 313, 177, 344, 304
-0.988294, 137, 113, 168, 240
-0.988302, 393, 209, 456, 336
-0.988318, 177, 153, 304, 216
-0.988318, 65, 129, 96, 192
-0.98835, 309, 129, 340, 192
-0.988351, 161, 129, 224, 375
-0.988363, 193, 1, 256, 375
-0.988375, 313, 225, 344, 288
-0.988401, 249, 249, 312, 312
-0.988401, 105, 1, 168, 375
-0.988439, 349, 209, 380, 272
-0.98844, 193, 169, 224, 232
-0.988454, 225, 265, 352, 328
-0.988492, 329, 1, 392, 256
-0.988493, 297, 257, 360, 320
-0.988504, 65, 161, 128, 288
-0.988605, 169, 1, 232, 375
-0.98862, 53, 145, 84, 208
-0.988655, 33, 129, 64, 192
-0.988661, 105, 97, 136, 160
-0.988676, 89, 161, 152, 224
-0.988735, 169, 65, 200, 128
-0.988744, 345, 305, 376, 368
-0.988753, 69, 105, 100, 168
-0.988782, 305, 153, 432, 216
-0.988808, 393, 1, 456, 128
-0.988811, 1, 257, 64, 320
-0.988822, 57, 241, 88, 304
-0.98883, 133, 81, 164, 144
-0.988831, 121, 1, 184, 64
-0.988859, 169, 241, 232, 368
-0.988865, 225, 105, 288, 168
-0.988865, 109, 65, 140, 192
-0.988899, 305, 177, 368, 240
-0.988913, 177, 65, 208, 192
-0.988926, 97, 121, 224, 184
-0.988928, 289, 1, 352, 375
-0.988931, 249, 305, 280, 368
-0.988949, 273, 57, 304, 120
-0.988966, 193, 129, 224, 256
-0.988971, 245, 273, 276, 336
-0.988973, 113, 201, 240, 264
-0.989023, 237, 297, 268, 360
-0.989025, 233, 169, 264, 232
-0.989032, 253, 121, 284, 184
-0.989045, 1, 65, 64, 320
-0.989048, 237, 129, 268, 192
-0.989055, 81, 81, 112, 208
-0.989082, 17, 89, 80, 152
-0.989097, 369, 129, 432, 256
-0.989116, 197, 65, 228, 128
-0.989145, 221, 153, 252, 216
-0.989149, 401, 241, 432, 304
-0.989196, 177, 201, 240, 264
-0.989203, 209, 217, 272, 280
-0.989232, 281, 209, 312, 272
-0.989235, 137, 185, 168, 248
-0.98935, 121, 81, 152, 144
-0.989353, 149, 81, 180, 144
-0.989379, 137, 137, 168, 200
-0.989437, 225, 17, 256, 80
-0.989495, 229, 65, 260, 128
-0.989507, 297, 81, 360, 144
-0.989507, 161, 113, 224, 176
-0.989511, 157, 65, 188, 192
-0.989558, 117, 209, 148, 272
-0.989594, 209, 9, 336, 72
-0.989631, 81, 89, 112, 152
-0.989648, 117, 113, 148, 240
-0.989693, 313, 129, 344, 256
-0.989699, 217, 193, 248, 256
-0.989708, 25, 65, 56, 128
-0.989725, 341, 281, 372, 344
-0.989735, 269, 225, 300, 288
-0.989763, 1, 129, 128, 192
-0.989766, 205, 65, 236, 192
-0.989798, 393, 17, 424, 144
-0.989805, 285, 161, 316, 224
-0.989812, 21, 145, 52, 208
-0.989823, 209, 297, 336, 360
-0.989831, 313, 161, 344, 224
-0.98988, 77, 225, 108, 288
-0.989898, 353, 241, 480, 304
-0.989898, 45, 121, 76, 184
-0.989938, 213, 1, 244, 128
-0.989965, 185, 137, 216, 200
-0.989983, 113, 145, 176, 208
-0.989996, 353, 177, 384, 304
-0.990009, 369, 73, 400, 136
-0.99003, 245, 225, 276, 288
-0.990035, 377, 49, 408, 176
-0.990082, 321, 9, 384, 72
-0.990092, 129, 145, 256, 208
-0.990117, 457, 1, 488, 64
-0.990125, 217, 265, 280, 328
-0.990134, 301, 153, 332, 216
-0.990155, 17, 257, 48, 320
-0.990228, 197, 121, 228, 184
-0.990263, 361, 209, 392, 272
-0.990318, 265, 121, 296, 184
-0.990328, 261, 297, 292, 360
-0.990361, 41, 257, 72, 320
-0.990373, 221, 129, 252, 192
-0.990393, 305, 105, 368, 168
-0.990395, 49, 97, 80, 160
-0.990399, 273, 193, 304, 320
-0.990404, 245, 73, 276, 136
-0.99043, 297, 1, 360, 256
-0.990459, 225, 289, 256, 352
-0.990511, 209, 1, 240, 64
-0.990529, 97, 117, 160, 148
-0.99053, 337, 1, 400, 375
-0.990542, 273, 137, 336, 168
-0.990552, 9, 137, 40, 200
-0.99057, 213, 41, 244, 104
-0.990571, 205, 193, 236, 256
-0.990577, 137, 105, 200, 168
-0.990613, 41, 65, 104, 128
-0.990616, 293, 217, 324, 280
-0.990628, 1, 161, 64, 288
-0.990639, 201, 313, 232, 375
-0.990645, 181, 177, 212, 240
-0.99071, 1, 153, 64, 216
-0.990741, 109, 73, 140, 136
-0.990746, 289, 25, 416, 88
-0.990758, 105, 217, 136, 280
-0.990789, 209, 153, 240, 216
-0.990799, 369, 73, 432, 136
-0.990803, 353, 1, 384, 64
-0.990812, 141, 161, 172, 224
-0.990821, 269, 169, 300, 232
-0.990835, 333, 73, 364, 136
-0.990844, 89, 217, 120, 280
-0.990869, 177, 313, 240, 375
-0.990895, 41, 161, 104, 288
-0.990905, 137, 105, 168, 168
-0.990917, 49, 65, 80, 128
-0.990947, 209, 65, 240, 128
-0.990972, 25, 89, 56, 152
-0.990983, 305, 1, 432, 64
-0.99101, 373, 217, 404, 280
-0.991026, 261, 9, 292, 72
-0.991043, 49, 105, 112, 136
-0.991062, 313, 105, 344, 168
-0.991083, 249, 249, 280, 312
-0.991117, 225, 17, 288, 48
-0.991123, 265, 257, 296, 320
-0.991129, 181, 65, 212, 128
-0.991145, 245, 161, 276, 224
-0.991147, 41, 89, 104, 120
-0.991168, 161, 225, 416, 288
-0.991172, 49, 113, 176, 176
-0.991197, 149, 105, 180, 168
-0.991241, 21, 113, 52, 176
-0.991256, 209, 241, 336, 304
-0.991297, 49, 1, 112, 375
-0.991312, 361, 25, 392, 88
-0.991316, 189, 89, 220, 152
-0.991328, 145, 57, 176, 120
-0.991333, 333, 185, 364, 248
-0.991346, 365, 177, 396, 304
-0.991357, 73, 121, 136, 152
-0.991362, 17, 89, 80, 120
-0.991362, 17, 249, 144, 312
-0.991387, 41, 117, 104, 148
-0.991435, 237, 129, 268, 256
-0.99145, 301, 177, 332, 240
-0.991457, 137, 69, 200, 100
-0.991495, 361, 129, 424, 375
-0.991526, 9, 305, 72, 368
-0.991543, 161, 69, 224, 100
-0.991551, 225, 177, 256, 304
-0.991561, 97, 89, 224, 152
-0.991565, 69, 65, 100, 192
-0.991578, 105, 101, 168, 132
-0.991593, 401, 25, 464, 88
-0.991597, 241, 33, 368, 96
-0.991619, 97, 129, 128, 256
-0.991639, 201, 241, 264, 304
-0.991666, 105, 133, 168, 164
-0.991673, 105, 69, 168, 100
-0.991761, 229, 49, 260, 176
-0.991772, 393, 97, 456, 224
-0.991778, 49, 133, 112, 164
-0.99178, 145, 105, 272, 168
-0.991783, 281, 193, 344, 224
-0.991786, 9, 73, 72, 104
-0.991802, 25, 105, 88, 136
-0.991805, 17, 121, 80, 152
-0.991864, 361, 1, 424, 375
-0.991883, 353, 313, 416, 375
-0.991886, 353, 65, 480, 128
-0.991886, 97, 193, 352, 256
-0.991912, 273, 181, 336, 212
-0.991915, 193, 289, 256, 352
-0.991925, 97, 85, 160, 116
-0.992003, 137, 101, 200, 132
-0.992028, 193, 265, 256, 328
-0.992047, 81, 133, 144, 164
-0.99205, 273, 149, 336, 180
-0.992051, 97, 89, 352, 152
-0.992093, 161, 305, 288, 368
-0.992096, 265, 73, 328, 136
-0.992105, 129, 201, 192, 264
-0.992163, 177, 41, 240, 104
-0.992188, 141, 49, 172, 176
-0.992204, 337, 289, 400, 352
-0.992214, 65, 217, 320, 280
-0.992233, 265, 1, 328, 64
-0.992342, 81, 1, 144, 64
-0.992364, 409, 1, 472, 64
-0.99237, 177, 1, 208, 128
-0.992402, 249, 121, 312, 184
-0.992465, 33, 289, 96, 352
-0.992482, 313, 1, 376, 375
-0.992501, 393, 1, 456, 256
-0.992522, 177, 265, 304, 328
-0.992524, 37, 65, 68, 192
-0.992575, 93, 65, 124, 192
-0.992577, 49, 73, 112, 104
-0.992589, 321, 217, 384, 248
-0.992655, 393, 49, 456, 176
-0.992706, 81, 105, 144, 136
-0.992741, 389, 225, 420, 352
-0.992787, 129, 85, 192, 116
-0.992808, 153, 193, 216, 256
-0.992815, 321, 265, 384, 328
-0.992834, 81, 65, 144, 128
-0.992869, 49, 81, 176, 144
-0.992895, 225, 29, 288, 60
-0.992914, 281, 281, 344, 344
-0.992914, 225, 189, 288, 220
-0.99293, 233, 149, 296, 180
-0.99296, 9, 137, 72, 168
-0.992962, 281, 161, 344, 192
-0.992971, 353, 241, 416, 272
-0.993015, 353, 41, 480, 104
-0.993026, 337, 121, 464, 184
-0.99304, 217, 113, 248, 240
-0.993042, 105, 33, 168, 288
-0.993061, 129, 117, 160, 148
-0.993064, 337, 105, 400, 168
-0.993075, 13, 65, 44, 192
-0.993092, 361, 37, 424, 68
-0.993109, 225, 81, 288, 112
-0.993115, 65, 153, 128, 216
-0.993151, 185, 89, 248, 152
-0.99323, 345, 113, 408, 240
-0.99326, 225, 53, 288, 84
-0.993262, 289, 225, 352, 256
-0.993276, 313, 161, 376, 192
-0.993291, 161, 1, 224, 64
-0.993297, 305, 141, 368, 172
-0.99339, 269, 149, 300, 180
-0.993398, 25, 73, 56, 104
-0.993406, 373, 29, 404, 60
-0.993426, 369, 97, 432, 160
-0.993435, 41, 241, 72, 368
-0.993444, 137, 73, 168, 104
-0.993487, 345, 65, 408, 128
-0.993492, 53, 113, 84, 240
-0.993501, 273, 249, 336, 312
-0.993517, 101, 117, 132, 148
-0.993519, 377, 65, 440, 96
-0.99352, 109, 101, 140, 132
-0.993541, 41, 89, 72, 120
-0.993573, 249, 53, 280, 84
-0.993578, 129, 85, 160, 116
-0.99358, 109, 133, 140, 164
-0.993589, 161, 153, 416, 216
-0.993597, 201, 65, 264, 96
-0.993597, 329, 333, 392, 364
-0.993607, 389, 245, 420, 276
-0.993616, 257, 81, 288, 112
-0.99362, 137, 101, 168, 132
-0.993622, 73, 1, 136, 256
-0.993628, 117, 117, 148, 148
-0.993632, 73, 89, 136, 120
-0.993643, 53, 105, 84, 136
-0.99365, 261, 201, 292, 232
-0.993653, 233, 209, 296, 240
-0.993659, 269, 49, 300, 80
-0.993666, 193, 17, 448, 80
-0.993673, 433, 1, 496, 375
-0.993675, 89, 185, 152, 248
-0.993721, 209, 201, 272, 232
-0.99375, 393, 57, 424, 88
-0.993763, 81, 105, 112, 136
-0.993767, 5, 73, 36, 104
-0.993785, 277, 185, 308, 216
-0.993787, 37, 73, 68, 104
-0.993793, 369, 121, 432, 184
-0.993795, 249, 197, 312, 228
-0.993807, 121, 117, 184, 148
-0.993815, 369, 97, 496, 160
-0.993816, 25, 105, 56, 136
-0.99382, 289, 205, 352, 236
-0.99382, 1, 225, 500, 288
-0.993825, 17, 121, 48, 152
-0.993833, 45, 121, 76, 152
-0.993833, 145, 241, 272, 304
-0.993834, 121, 105, 152, 136
-0.993837, 17, 89, 48, 120
-0.993843, 25, 1, 88, 375
-0.993846, 165, 69, 196, 100
-0.993846, 93, 105, 124, 136
-0.993847, 33, 121, 64, 152
-0.993853, 73, 125, 104, 156
-0.993853, 97, 133, 128, 164
-0.99386, 61, 121, 92, 152
-0.993861, 385, 17, 416, 48
-0.993878, 217, 141, 248, 172
-0.993882, 89, 117, 120, 148
-0.993891, 125, 133, 156, 164
-0.993892, 201, 1, 232, 128
-0.993902, 257, 145, 288, 176
-0.993906, 273, 125, 336, 156
-0.993927, 61, 89, 92, 120
-0.993928, 29, 89, 60, 120
-0.993929, 313, 237, 376, 268
-0.993929, 109, 69, 140, 100
-0.993942, 245, 13, 276, 44
-0.993943, 157, 85, 188, 116
-0.993946, 153, 193, 216, 320
-0.99396, 201, 149, 232, 180
-0.993962, 381, 69, 412, 100
-0.993963, 137, 133, 168, 164
-0.993963, 177, 69, 208, 100
-0.993964, 161, 33, 224, 288
-0.993969, 97, 153, 160, 184
-0.993971, 37, 101, 68, 132
-0.993984, 265, 161, 296, 192
-0.99399, 225, 137, 288, 168
-0.994, 329, 225, 360, 256
-0.994005, 433, 1, 496, 256
-0.994018, 257, 1, 384, 64
-0.99402, 333, 213, 364, 244
-0.994034, 257, 189, 288, 220
-0.994044, 1, 281, 64, 344
-0.994049, 329, 141, 360, 172
-0.994054, 273, 49, 336, 112
-0.994057, 73, 89, 104, 120
-0.99407, 1, 49, 32, 176
-0.994076, 5, 121, 36, 152
-0.994079, 149, 69, 180, 100
-0.994081, 241, 165, 304, 196
-0.994088, 249, 65, 280, 96
-0.994104, 65, 109, 96, 140
-0.994111, 225, 177, 288, 208
-0.994111, 357, 321, 388, 352
-0.994113, 385, 33, 416, 64
-0.994125, 197, 65, 228, 96
-0.994126, 101, 89, 132, 120
-0.99413, 89, 221, 152, 252
-0.994168, 213, 153, 244, 184
-0.994171, 149, 101, 180, 132
-0.994171, 365, 13, 396, 44
-0.994172, 37, 133, 68, 164
-0.994173, 329, 317, 392, 348
-0.994195, 25, 141, 56, 172
-0.994202, 145, 117, 176, 148
-0.994211, 53, 141, 84, 172
-0.994221, 313, 221, 344, 252
-0.994223, 185, 85, 248, 116
-0.994227, 281, 197, 312, 228
-0.99423, 81, 141, 112, 172
-0.994235, 69, 137, 100, 168
-0.994239, 361, 17, 424, 48
-0.994259, 361, 185, 424, 248
-0.994261, 233, 221, 296, 252
-0.994268, 313, 201, 344, 232
-0.994269, 257, 37, 288, 68
-0.99427, 9, 105, 40, 136
-0.99427, 269, 85, 300, 116
-0.994273, 113, 65, 240, 128
-0.994281, 225, 201, 480, 264
-0.99429, 137, 33, 200, 288
-0.994297, 401, 249, 432, 280
-0.9943, 377, 241, 408, 272
-0.994301, 265, 61, 296, 92
-0.994302, 61, 73, 92, 104
-0.994303, 249, 185, 312, 216
-0.994305, 329, 237, 360, 268
-0.994314, 249, 289, 280, 320
-0.994319, 281, 97, 312, 128
-0.994326, 217, 305, 280, 336
-0.994335, 233, 197, 264, 228
-0.994339, 5, 89, 36, 120
-0.994347, 257, 17, 288, 48
-0.994347, 185, 153, 248, 184
-0.994347, 281, 213, 312, 244
-0.994348, 321, 161, 352, 192
-0.994352, 229, 41, 260, 72
-0.994353, 257, 213, 288, 244
-0.994362, 125, 153, 156, 184
-0.994364, 9, 137, 40, 168
-0.994372, 313, 233, 344, 264
-0.994373, 85, 89, 116, 120
-0.994383, 245, 305, 276, 336
-0.994385, 369, 261, 432, 292
-0.99439, 377, 265, 440, 328
-0.994392, 109, 1, 140, 128
-0.994392, 217, 65, 248, 192
-0.994409, 125, 65, 156, 96
-0.994414, 49, 73, 80, 104
-0.994431, 117, 85, 148, 116
-0.994433, 365, 241, 396, 272
-0.994433, 201, 161, 232, 192
-0.994446, 1, 105, 64, 136
-0.994448, 285, 169, 316, 200
-0.994462, 173, 85, 204, 116
-0.994467, 241, 297, 304, 328
-0.994473, 233, 13, 264, 44
-0.994474, 337, 345, 400, 375
-0.994475, 189, 85, 220, 116
-0.994479, 369, 217, 432, 280
-0.994502, 57, 1, 88, 128
-0.994512, 361, 333, 392, 364
-0.994514, 449, 1, 480, 32
-0.994516, 57, 225, 88, 352
-0.994519, 57, 249, 88, 280
-0.99452, 285, 225, 316, 256
-0.994521, 369, 345, 400, 375
-0.994523, 309, 145, 340, 176
-0.994525, 265, 293, 296, 324
-0.994525, 237, 185, 268, 216
-0.994526, 345, 241, 376, 272
-0.994533, 341, 305, 372, 336
-0.994536, 377, 53, 440, 84
-0.994537, 293, 121, 324, 152
-0.99454, 249, 97, 312, 128
-0.994551, 373, 41, 404, 72
-0.994553, 377, 1, 408, 32
-0.994553, 1, 305, 128, 368
-0.994556, 145, 85, 176, 116
-0.994557, 89, 77, 120, 108
-0.994557, 245, 145, 276, 176
-0.994559, 85, 129, 116, 160
-0.994563, 457, 17, 488, 48
-0.994566, 229, 29, 260, 60
-0.994568, 225, 41, 288, 72
-0.994568, 345, 317, 376, 348
-0.99457, 273, 173, 304, 204
-0.994571, 389, 45, 420, 76
-0.994573, 201, 137, 232, 168
-0.994577, 305, 133, 336, 164
-0.994607, 225, 65, 288, 96
-0.994633, 337, 29, 400, 60
-0.994637, 265, 245, 328, 276
-0.994638, 1, 233, 64, 296
-0.994684, 321, 313, 448, 375
-0.994702, 153, 85, 216, 116
-0.994737, 137, 133, 200, 164
-0.99474, 321, 57, 384, 120
-0.994741, 329, 149, 392, 180
-0.994756, 65, 153, 320, 216
-0.994757, 289, 237, 352, 268
-0.994771, 409, 1, 472, 375
-0.994786, 281, 305, 344, 368
-0.994788, 385, 249, 448, 280
-0.994803, 1, 1, 64, 375
-0.994816, 237, 225, 268, 352
-0.994826, 129, 129, 384, 192
-0.994826, 193, 273, 448, 336
-0.994827, 241, 233, 304, 264
-0.994828, 33, 1, 64, 128
-0.994831, 185, 169, 248, 200
-0.994843, 81, 73, 144, 104
-0.994848, 117, 161, 148, 288
-0.994848, 81, 209, 112, 336
-0.994865, 321, 205, 384, 236
-0.994884, 73, 129, 104, 256
-0.99489, 271, 49, 286, 112
-0.994892, 153, 1, 184, 128
-0.994903, 265, 233, 328, 264
-0.994913, 161, 105, 224, 136
-0.994943, 269, 241, 300, 368
-0.994944, 65, 1, 320, 64
-0.994946, 137, 165, 200, 196
-0.994959, 1, 129, 500, 192
-0.994998, 193, 297, 448, 360
-0.995003, 225, 249, 480, 312
-0.995024, 217, 293, 280, 324
-0.995028, 129, 1, 160, 128
-0.995034, 25, 97, 56, 224
-0.995036, 313, 305, 376, 336
-0.995038, 209, 177, 240, 304
-0.995062, 65, 201, 192, 264
-0.995065, 249, 49, 312, 80
-0.995068, 369, 153, 432, 216
-0.995069, 257, 209, 320, 240
-0.995083, 297, 129, 360, 160
-0.995092, 57, 241, 120, 272
-0.995096, 137, 177, 200, 208
-0.995141, 181, 145, 212, 272
-0.995146, 265, 113, 328, 144
-0.995148, 337, 289, 464, 352
-0.995156, 345, 269, 408, 300
-0.995204, 377, 177, 408, 304
-0.995223, 353, 49, 416, 80
-0.995229, 257, 141, 384, 172
-0.995288, 209, 149, 272, 180
-0.995337, 241, 285, 304, 316
-0.99534, 189, 1, 220, 128
-0.995348, 321, 185, 384, 216
-0.995381, 321, 185, 448, 248
-0.995384, 9, 1, 40, 128
-0.995399, 353, 1, 416, 32
-0.995419, 97, 225, 224, 288
-0.995425, 241, 209, 368, 240
-0.99544, 209, 213, 272, 244
-0.995448, 193, 317, 256, 348
-0.995472, 201, 53, 264, 84
-0.995514, 93, 209, 124, 336
-0.995528, 313, 173, 376, 204
-0.995537, 265, 29, 328, 60
-0.995539, 225, 129, 480, 192
-0.995541, 385, 1, 448, 375
-0.995545, 241, 225, 368, 256
-0.995547, 1, 241, 256, 304
-0.995558, 305, 261, 368, 292
-0.995585, 129, 177, 160, 304
-0.995603, 149, 113, 180, 240
-0.99561, 233, 125, 296, 156
-0.99562, 257, 257, 320, 288
-0.99562, 265, 281, 328, 312
-0.995623, 257, 153, 384, 184
-0.995645, 1, 89, 500, 152
-0.995647, 329, 17, 392, 48
-0.995684, 289, 129, 416, 160
-0.995699, 377, 1, 440, 32
-0.995711, 1, 249, 500, 312
-0.995712, 153, 153, 216, 184
-0.995719, 289, 237, 416, 268
-0.995745, 317, 225, 348, 352
-0.995756, 129, 189, 192, 220
-0.995768, 193, 41, 448, 104
-0.99577, 185, 181, 248, 212
-0.995783, 113, 209, 144, 336
-0.99579, 249, 85, 312, 116
-0.995793, 193, 137, 256, 168
-0.995803, 73, 145, 136, 176
-0.995804, 337, 137, 400, 168
-0.995816, 265, 221, 328, 252
-0.995819, 81, 1, 112, 128
-0.995846, 197, 193, 228, 320
-0.995862, 289, 113, 416, 144
-0.995878, 285, 209, 316, 336
-0.995885, 129, 209, 192, 336
-0.995897, 145, 121, 208, 152
-0.995909, 177, 85, 304, 116
-0.995939, 1, 89, 256, 152
-0.995943, 417, 1, 480, 32
-0.995947, 267, 17, 282, 80
-0.995963, 33, 113, 288, 176
-0.995963, 305, 285, 368, 316
-0.995975, 161, 141, 224, 172
-0.995995, 49, 57, 176, 120
-0.995998, 225, 273, 288, 304
-0.996041, 241, 197, 368, 228
-0.996047, 257, 225, 500, 288
-0.996056, 65, 229, 128, 260
-0.99607, 161, 113, 192, 240
-0.996076, 393, 29, 456, 60
-0.996082, 177, 9, 240, 40
-0.996113, 353, 1, 384, 128
-0.996139, 297, 117, 360, 148
-0.996149, 25, 261, 88, 292
-0.996178, 141, 1, 172, 128
-0.99618, 193, 205, 320, 236
-0.996192, 249, 241, 280, 368
-0.996195, 369, 337, 432, 368
-0.996224, 457, 1, 488, 128
-0.996234, 201, 33, 264, 64
-0.996234, 345, 289, 408, 320
-0.996249, 401, 161, 464, 288
-0.996252, 393, 97, 456, 352
-0.996258, 1, 153, 128, 216
-0.99627, 161, 69, 288, 100
-0.996297, 265, 57, 280, 120
-0.996338, 177, 145, 304, 176
-0.996344, 165, 1, 196, 128
-0.996369, 225, 185, 352, 216
-0.996372, 257, 293, 384, 324
-0.996392, 81, 169, 208, 232
-0.996398, 369, 5, 496, 36
-0.996399, 225, 177, 480, 240
-0.996426, 193, 97, 448, 160
-0.996454, 1, 161, 500, 224
-0.996502, 403, 241, 418, 304
-0.996544, 193, 65, 448, 128
-0.996552, 277, 145, 292, 208
-0.996566, 17, 105, 144, 136
-0.996601, 65, 117, 192, 148
-0.99661, 335, 209, 350, 272
-0.996614, 1, 105, 128, 168
-0.996621, 45, 1, 76, 128
-0.996627, 289, 101, 416, 132
-0.996642, 371, 241, 386, 304
-0.996693, 253, 49, 268, 112
-0.996729, 261, 9, 276, 72
-0.996735, 273, 81, 288, 144
-0.996764, 193, 221, 320, 252
-0.99682, 377, 241, 392, 304
-0.996827, 97, 249, 352, 312
-0.996841, 241, 237, 368, 268
-0.996861, 393, 241, 408, 304
-0.996865, 305, 141, 432, 172
-0.996888, 65, 1, 192, 64
-0.996908, 277, 33, 292, 96
-0.996912, 387, 33, 402, 96
-0.996915, 243, 9, 258, 72
-0.996924, 97, 65, 352, 128
-0.996929, 95, 137, 110, 200
-0.996935, 17, 281, 144, 344
-0.996943, 209, 133, 336, 164
-0.996978, 277, 57, 292, 120
-0.996986, 441, 23, 472, 38
-0.996989, 377, 245, 408, 260
-0.996994, 53, 141, 84, 156
-0.996996, 253, 25, 284, 40
-0.997001, 313, 217, 344, 232
-0.997011, 273, 325, 400, 356
-0.997014, 13, 119, 44, 134
-0.997014, 381, 3, 412, 18
-0.997021, 393, 259, 424, 274
-0.997026, 221, 159, 252, 174
-0.99703, 389, 37, 420, 52
-0.997031, 5, 93, 36, 108
-0.997032, 281, 219, 312, 234
-0.997033, 25, 109, 56, 124
-0.997037, 137, 75, 168, 90
-0.997037, 205, 319, 236, 334
-0.997038, 217, 151, 248, 166
-0.99704, 261, 79, 292, 94
-0.997043, 9, 109, 40, 124
-0.997045, 269, 47, 300, 62
-0.997048, 365, 241, 380, 304
-0.997048, 329, 241, 360, 256
-0.997048, 259, 49, 274, 112
-0.997051, 65, 109, 96, 124
-0.997056, 13, 137, 44, 152
-0.997057, 285, 185, 300, 248
-0.99706, 209, 121, 336, 152
-0.997061, 373, 63, 404, 78
-0.997062, 301, 209, 332, 336
-0.997064, 201, 85, 232, 100
-0.997066, 393, 1, 408, 64
-0.997068, 225, 165, 352, 196
-0.997069, 369, 353, 400, 368
-0.997072, 333, 97, 364, 224
-0.997076, 137, 107, 168, 122
-0.997084, 265, 65, 296, 80
-0.997085, 89, 117, 120, 132
-0.997093, 257, 45, 288, 60
-0.997101, 197, 151, 228, 166
-0.997101, 329, 139, 360, 154
-0.99711, 261, 195, 292, 210
-0.99711, 313, 229, 344, 244
-0.997113, 265, 163, 296, 178
-0.997119, 397, 41, 412, 104
-0.997121, 255, 201, 270, 264
-0.997123, 105, 69, 136, 84
-0.997129, 33, 123, 64, 138
-0.997135, 329, 229, 360, 244
-0.997137, 377, 25, 408, 40
-0.997139, 137, 67, 168, 82
-0.997139, 101, 91, 132, 106
-0.997142, 145, 119, 176, 134
-0.997143, 93, 101, 124, 116
-0.997144, 261, 145, 292, 160
-0.997152, 249, 69, 280, 84
-0.997152, 109, 139, 140, 154
-0.997164, 65, 89, 192, 120
-0.997168, 129, 85, 160, 100
-0.997169, 53, 101, 84, 116
-0.99717, 113, 117, 144, 132
-0.997172, 129, 91, 160, 106
-0.997174, 235, 17, 250, 80
-0.997177, 387, 65, 402, 128
-0.99718, 85, 87, 116, 102
-0.997181, 325, 193, 340, 256
-0.997182, 281, 195, 312, 210
-0.997188, 249, 291, 280, 306
-0.997189, 105, 85, 136, 100
-0.99719, 281, 205, 312, 220
-0.997201, 261, 209, 292, 224
-0.997205, 17, 73, 144, 104
-0.997206, 45, 125, 76, 140
-0.997209, 17, 133, 144, 164
-0.997213, 261, 203, 292, 218
-0.997221, 193, 53, 320, 84
-0.997222, 73, 125, 104, 140
-0.997235, 165, 67, 196, 82
-0.997238, 193, 97, 320, 128
-0.997242, 153, 101, 184, 116
-0.997242, 25, 133, 56, 148
-0.997251, 1, 71, 32, 86
-0.997259, 269, 59, 300, 74
-0.997263, 329, 235, 360, 250
-0.997265, 25, 89, 56, 104
-0.997266, 257, 281, 384, 312
-0.997269, 117, 87, 148, 102
-0.997273, 387, 241, 402, 304
-0.997278, 1, 281, 256, 344
-0.997284, 249, 59, 280, 74
-0.99729, 25, 79, 56, 94
-0.997291, 325, 157, 356, 172
-0.997291, 205, 157, 236, 172
-0.997292, 81, 101, 112, 116
-0.997304, 257, 219, 288, 234
-0.997305, 1, 113, 32, 240
-0.997312, 181, 69, 212, 84
-0.997313, 217, 145, 248, 160
-0.997316, 21, 103, 52, 118
-0.997317, 277, 189, 308, 204
-0.997317, 117, 123, 148, 138
-0.99732, 197, 67, 228, 82
-0.99732, 137, 99, 168, 114
-0.997323, 313, 235, 344, 250
-0.997326, 341, 225, 356, 288
-0.997333, 129, 123, 160, 138
-0.997334, 97, 137, 224, 168
-0.997335, 101, 123, 132, 138
-0.997342, 377, 73, 408, 88
-0.997347, 269, 157, 300, 172
-0.997356, 289, 225, 416, 256
-0.997357, 125, 101, 156, 116
-0.997357, 329, 223, 360, 238
-0.997368, 81, 141, 112, 156
-0.997379, 393, 53, 424, 68
-0.997379, 233, 193, 248, 256
-0.99738, 33, 153, 160, 184
-0.997389, 257, 269, 384, 300
-0.997389, 247, 193, 262, 256
-0.997391, 137, 133, 168, 148
-0.997393, 125, 69, 156, 84
-0.997393, 49, 237, 176, 268
-0.997394, 53, 109, 84, 124
-0.997394, 393, 61, 424, 76
-0.9974, 69, 209, 100, 336
-0.997405, 385, 19, 416, 34
-0.997406, 199, 137, 214, 200
-0.997409, 61, 89, 92, 104
-0.997414, 333, 217, 364, 232
-0.997417, 245, 17, 276, 32
-0.997422, 121, 107, 152, 122
-0.997422, 109, 101, 140, 116
-0.997423, 249, 79, 280, 94
-0.997427, 13, 73, 44, 88
-0.997444, 365, 25, 396, 40
-0.997445, 177, 29, 304, 60
-0.997446, 109, 107, 140, 122
-0.997469, 89, 123, 120, 138
-0.997472, 61, 123, 92, 138
-0.997478, 41, 73, 72, 88
-0.997484, 253, 1, 284, 256
-0.997484, 329, 217, 344, 280
-0.997486, 277, 65, 308, 320
-0.997495, 271, 153, 286, 216
-0.997497, 291, 161, 306, 224
-0.997499, 311, 121, 326, 184
-0.997504, 25, 71, 56, 86
-0.997504, 101, 113, 116, 176
-0.997506, 41, 105, 72, 120
-0.997519, 347, 209, 362, 272
-0.997524, 129, 201, 256, 232
-0.997558, 289, 165, 416, 196
-0.99758, 129, 33, 256, 96
-0.997581, 65, 225, 192, 256
-0.997581, 161, 13, 288, 44
-0.997582, 273, 313, 400, 344
-0.997584, 377, 37, 408, 52
-0.997586, 45, 117, 76, 132
-0.99759, 335, 129, 350, 192
-0.997592, 249, 51, 280, 66
-0.997599, 153, 69, 184, 84
-0.997601, 269, 53, 300, 68
-0.997604, 129, 169, 256, 200
-0.997604, 93, 1, 124, 128
-0.997612, 349, 241, 364, 304
-0.997619, 17, 241, 48, 368
-0.99762, 211, 129, 226, 192
-0.99762, 275, 193, 290, 256
-0.997629, 305, 153, 432, 184
-0.997634, 269, 129, 284, 192
-0.997636, 97, 135, 128, 150
-0.997637, 137, 185, 152, 248
-0.997642, 41, 135, 72, 150
-0.997643, 221, 241, 252, 368
-0.997665, 89, 107, 120, 122
-0.997668, 361, 313, 376, 375
-0.997673, 69, 103, 100, 118
-0.997673, 387, 9, 402, 72
-0.997673, 417, 97, 480, 352
-0.997686, 305, 249, 432, 280
-0.997686, 355, 241, 370, 304
-0.997701, 1, 185, 500, 248
-0.997702, 285, 161, 300, 224
-0.99771, 73, 121, 88, 184
-0.997719, 297, 97, 328, 352
-0.99773, 177, 165, 304, 196
-0.997737, 343, 65, 358, 128
-0.997743, 283, 57, 298, 120
-0.997751, 129, 117, 160, 132
-0.997754, 41, 87, 72, 102
-0.997768, 273, 77, 400, 108
-0.99777, 209, 109, 336, 140
-0.99777, 193, 233, 320, 264
-0.997778, 1, 65, 128, 128
-0.997782, 1, 85, 128, 116
-0.997799, 17, 117, 144, 148
-0.997799, 279, 81, 294, 144
-0.997801, 255, 9, 270, 72
-0.997803, 241, 65, 368, 96
-0.99781, 113, 69, 240, 100
-0.99781, 261, 151, 292, 166
-0.997811, 73, 117, 104, 132
-0.997813, 305, 213, 432, 244
-0.997814, 67, 121, 82, 184
-0.997833, 125, 135, 156, 150
-0.997834, 289, 89, 416, 120
-0.997836, 129, 273, 256, 336
-0.99784, 119, 145, 134, 208
-0.997841, 281, 33, 312, 160
-0.997843, 45, 121, 60, 184
-0.99785, 367, 313, 382, 375
-0.997854, 295, 97, 310, 160
-0.997858, 249, 9, 264, 72
-0.997869, 305, 9, 432, 40
-0.997876, 85, 145, 100, 208
-0.99788, 313, 129, 344, 375
-0.997881, 381, 17, 396, 80
-0.997884, 217, 129, 232, 192
-0.997895, 109, 133, 140, 148
-0.997898, 53, 133, 84, 148
-0.9979, 257, 85, 288, 100
-0.997906, 229, 145, 244, 208
-0.997917, 369, 17, 496, 48
-0.997925, 101, 117, 132, 132
-0.997932, 305, 113, 320, 176
-0.997937, 239, 185, 254, 248
-0.997942, 333, 241, 348, 304
-0.997943, 357, 209, 372, 272
-0.997953, 389, 67, 420, 82
-0.997954, 39, 121, 54, 184
-0.997955, 57, 145, 72, 208
-0.997963, 85, 145, 116, 272
-0.997963, 241, 41, 256, 104
-0.997964, 65, 101, 192, 132
-0.997971, 135, 153, 150, 216
-0.997976, 199, 169, 214, 232
-0.997977, 241, 53, 368, 84
-0.997978, 389, 247, 420, 262
-0.997985, 235, 153, 250, 216
-0.997987, 129, 181, 256, 212
-0.997992, 363, 265, 378, 328
-0.997993, 177, 193, 304, 224
-0.997994, 63, 145, 78, 208
-0.997995, 69, 137, 100, 152
-0.998002, 113, 145, 128, 208
-0.998005, 229, 9, 244, 72
-0.998011, 305, 37, 432, 68
-0.998012, 257, 153, 500, 216
-0.998013, 265, 33, 296, 288
-0.998015, 401, 225, 432, 352
-0.998017, 205, 129, 220, 192
-0.998017, 317, 129, 332, 192
-0.99802, 109, 97, 140, 352
-0.998026, 119, 121, 134, 184
-0.998033, 29, 145, 44, 208
-0.998034, 37, 145, 52, 208
-0.998036, 381, 65, 396, 128
-0.998038, 269, 185, 284, 248
-0.99804, 369, 257, 496, 288
-0.998041, 53, 65, 84, 320
-0.998046, 129, 149, 256, 180
-0.998047, 257, 253, 384, 284
-0.998048, 81, 65, 112, 320
-0.99805, 129, 117, 256, 148
-0.998053, 325, 153, 340, 216
-0.998057, 97, 281, 352, 344
-0.998059, 409, 241, 424, 304
-0.998061, 243, 161, 258, 224
-0.998064, 289, 341, 416, 372
-0.998066, 239, 129, 254, 192
-0.998067, 173, 65, 188, 128
-0.998069, 193, 41, 320, 72
-0.998076, 33, 249, 160, 280
-0.99808, 337, 269, 464, 300
-0.998087, 373, 31, 404, 46
-0.998097, 1, 273, 500, 336
-0.9981, 97, 33, 352, 96
-0.998121, 251, 281, 266, 344
-0.998133, 17, 9, 144, 72
-0.998149, 273, 185, 400, 216
-0.998167, 131, 113, 146, 176
-0.998173, 333, 49, 364, 176
-0.998176, 405, 249, 420, 280
-0.998181, 377, 97, 408, 224
-0.998187, 145, 213, 272, 244
-0.998188, 133, 117, 148, 148
-0.998189, 265, 81, 280, 144
-0.998192, 81, 133, 112, 148
-0.998195, 129, 105, 256, 136
-0.998196, 89, 121, 104, 184
-0.998201, 433, 161, 496, 288
-0.998204, 251, 81, 266, 144
-0.998209, 203, 57, 218, 120
-0.998214, 209, 253, 336, 284
-0.998219, 129, 153, 144, 216
-0.998227, 209, 17, 336, 48
-0.998229, 369, 313, 496, 375
-0.998232, 193, 305, 320, 336
-0.998239, 95, 113, 110, 176
-0.998242, 263, 297, 278, 360
-0.998255, 279, 169, 294, 232
-0.998258, 41, 129, 72, 256
-0.99826, 261, 201, 276, 264
-0.998272, 37, 73, 52, 104
-0.998274, 289, 225, 304, 288
-0.998277, 257, 305, 272, 368
-0.998277, 213, 129, 244, 375
-0.998279, 397, 53, 412, 84
-0.998285, 371, 209, 386, 272
-0.998288, 143, 117, 158, 148
-0.998293, 271, 57, 286, 88
-0.998295, 141, 89, 156, 152
-0.998297, 313, 81, 344, 208
-0.998299, 129, 85, 256, 116
-0.998302, 275, 45, 290, 76
-0.998306, 333, 97, 364, 352
-0.998306, 207, 153, 222, 216
-0.998313, 1, 57, 256, 120
-0.998314, 47, 89, 62, 120
-0.998324, 305, 197, 432, 228
-0.99833, 93, 129, 124, 375
-0.998332, 27, 73, 42, 104
-0.998343, 271, 145, 286, 176
-0.998345, 241, 41, 368, 72
-0.998359, 109, 113, 124, 144
-0.998364, 151, 69, 166, 100
-0.998365, 25, 65, 56, 320
-0.998367, 355, 305, 370, 368
-0.998367, 257, 265, 272, 328
-0.998367, 369, 145, 496, 208
-0.998375, 241, 129, 272, 375
-0.998378, 241, 1, 272, 256
-0.998383, 131, 85, 146, 116
-0.998386, 59, 241, 74, 304
-0.99839, 417, 65, 480, 192
-0.998393, 267, 21, 282, 52
-0.998397, 137, 129, 152, 192
-0.998399, 257, 129, 288, 375
-0.998411, 319, 153, 334, 216
-0.998412, 259, 81, 274, 144
-0.998415, 97, 305, 352, 368
-0.998416, 389, 17, 404, 48
-0.998416, 115, 121, 130, 152
-0.99843, 281, 209, 296, 272
-0.998433, 53, 81, 68, 112
-0.99844, 365, 209, 380, 272
-0.998441, 263, 1, 278, 128
-0.998443, 65, 97, 96, 352
-0.998445, 295, 201, 310, 264
-0.998446, 375, 81, 390, 144
-0.998446, 19, 129, 34, 192
-0.998446, 121, 129, 152, 375
-0.998448, 145, 137, 160, 200
-0.998449, 225, 33, 256, 288
-0.998452, 131, 201, 146, 264
-0.998461, 57, 93, 72, 124
-0.998466, 141, 133, 156, 164
-0.998468, 389, 65, 404, 96
-0.998468, 141, 101, 156, 132
-0.998471, 107, 129, 122, 192
-0.998474, 245, 297, 260, 360
-0.998475, 51, 145, 66, 208
-0.998479, 289, 89, 304, 152
-0.998483, 29, 241, 60, 368
-0.998484, 1, 177, 256, 240
-0.998489, 177, 289, 304, 320
-0.998492, 55, 105, 70, 136
-0.998494, 41, 81, 56, 144
-0.998499, 125, 121, 140, 184
-0.998503, 109, 217, 124, 280
-0.998512, 289, 65, 304, 128
-0.998512, 337, 129, 464, 160
-0.998513, 151, 101, 166, 132
-0.998513, 379, 201, 394, 264
-0.998515, 251, 305, 266, 368
-0.998517, 381, 33, 412, 288
-0.998524, 49, 135, 112, 150
-0.998526, 269, 81, 284, 112
-0.998532, 145, 65, 160, 128
-0.998534, 225, 129, 256, 375
-0.998534, 235, 41, 250, 104
-0.998539, 177, 177, 304, 208
-0.99854, 357, 281, 372, 344
-0.998543, 225, 85, 352, 116
-0.998544, 81, 133, 144, 148
-0.998547, 97, 117, 160, 132
-0.998547, 235, 25, 250, 56
-0.998551, 273, 145, 336, 160
-0.998553, 1, 305, 500, 368
-0.998554, 281, 161, 344, 176
-0.998558, 25, 135, 88, 150
-0.998558, 281, 153, 344, 168
-0.998558, 129, 225, 256, 256
-0.998559, 41, 119, 104, 134
-0.998563, 159, 85, 174, 116
-0.998563, 105, 133, 168, 148
-0.998564, 123, 133, 138, 164
-0.998566, 361, 247, 424, 262
-0.998567, 277, 153, 292, 184
-0.998568, 121, 101, 184, 116
-0.998568, 73, 117, 136, 132
-0.998568, 273, 139, 336, 154
-0.998569, 29, 85, 44, 116
-0.99857, 241, 53, 304, 68
-0.998571, 161, 67, 224, 82
-0.998571, 321, 217, 384, 232
-0.998572, 17, 87, 80, 102
-0.998573, 123, 105, 138, 136
-0.998574, 333, 225, 348, 256
-0.998575, 81, 139, 144, 154
-0.998578, 305, 141, 368, 156
-0.998578, 217, 19, 280, 34
-0.99858, 197, 69, 212, 100
-0.99858, 137, 67, 200, 82
-0.998581, 41, 87, 104, 102
-0.998585, 281, 195, 344, 210
-0.998586, 103, 117, 118, 148
-0.998588, 171, 69, 186, 100
-0.998588, 17, 119, 80, 134
-0.998589, 233, 151, 296, 166
-0.998589, 345, 35, 408, 50
-0.99859, 57, 117, 72, 148
-0.99859, 225, 27, 288, 42
-0.998592, 289, 211, 352, 226
-0.998596, 9, 103, 72, 118
-0.998597, 105, 139, 168, 154
-0.998597, 97, 85, 160, 100
-0.998597, 105, 107, 168, 122
-0.998598, 97, 91, 160, 106
-0.998599, 273, 183, 336, 198
-0.998599, 49, 141, 112, 156
-0.9986, 313, 169, 376, 184
-0.9986, 185, 67, 248, 82
-0.9986, 9, 71, 72, 86
-0.998601, 233, 45, 296, 60
-0.998601, 105, 69, 168, 84
-0.998602, 273, 133, 336, 148
-0.998602, 97, 123, 160, 138
-0.998604, 233, 213, 296, 228
-0.998604, 145, 101, 208, 116
-0.998604, 289, 235, 352, 250
-0.998605, 387, 29, 402, 60
-0.998605, 321, 157, 384, 172
-0.998606, 305, 21, 432, 52
-0.998606, 369, 35, 432, 50
-0.998606, 49, 109, 112, 124
-0.998606, 353, 65, 480, 96
-0.998606, 321, 223, 384, 238
-0.998607, 83, 113, 98, 144
-0.998607, 225, 85, 288, 100
-0.998607, 49, 103, 112, 118
-0.998607, 289, 217, 352, 232
-0.998608, 193, 129, 224, 375
-0.998609, 257, 155, 320, 170
-0.998609, 353, 41, 416, 56
-0.998609, 273, 189, 336, 204
-0.998609, 41, 125, 104, 140
-0.99861, 329, 333, 392, 348
-0.998611, 399, 245, 414, 276
-0.998611, 233, 201, 296, 216
-0.998611, 297, 147, 360, 162
-0.998611, 47, 121, 62, 152
-0.998611, 321, 149, 384, 164
-0.998612, 281, 167, 344, 182
-0.998612, 81, 107, 144, 122
-0.998613, 381, 21, 396, 52
-0.998614, 89, 101, 152, 116
-0.998614, 313, 163, 376, 178
-0.998614, 313, 243, 376, 258
-0.998615, 209, 211, 272, 226
-0.998615, 41, 93, 104, 108
-0.998615, 249, 207, 312, 222
-0.998615, 217, 51, 280, 66
-0.998616, 265, 125, 328, 140
-0.998617, 233, 33, 296, 48
-0.998617, 289, 229, 352, 244
-0.998617, 377, 67, 440, 82
-0.998618, 73, 91, 136, 106
-0.998618, 273, 201, 336, 216
-0.998618, 289, 241, 352, 256
-0.998619, 233, 145, 296, 160
-0.99862, 361, 53, 424, 68
-0.99862, 129, 85, 192, 100
-0.99862, 217, 63, 280, 78
-0.99862, 73, 123, 136, 138
-0.998621, 233, 39, 296, 54
-0.998622, 233, 221, 296, 236
-0.998622, 321, 323, 384, 338
-0.998622, 217, 13, 280, 28
-0.998622, 153, 83, 216, 98
-0.998624, 73, 85, 136, 100
-0.998624, 113, 133, 128, 164
-0.998624, 201, 81, 264, 96
-0.998627, 17, 93, 80, 108
-0.998627, 265, 49, 328, 64
-0.998627, 1, 125, 64, 140
-0.998627, 233, 195, 296, 210
-0.998628, 137, 107, 200, 122
-0.998628, 177, 73, 240, 88
-0.998628, 19, 89, 34, 120
-0.998629, 225, 227, 288, 242
-0.99863, 209, 201, 272, 216
-0.99863, 39, 105, 54, 136
-0.99863, 129, 117, 192, 132
-0.99863, 273, 173, 336, 188
-0.998631, 25, 109, 88, 124
-0.998631, 271, 157, 286, 188
-0.998631, 241, 293, 304, 308
-0.998632, 97, 157, 160, 172
-0.998632, 337, 353, 400, 368
-0.998632, 313, 317, 376, 332
-0.998633, 377, 19, 440, 34
-0.998634, 321, 231, 384, 246
-0.998634, 225, 179, 288, 194
-0.998635, 225, 77, 288, 92
-0.998635, 241, 303, 304, 318
-0.998635, 217, 57, 280, 72
-0.998636, 257, 195, 320, 210
-0.998636, 137, 91, 200, 106
-0.998636, 33, 71, 96, 86
-0.998636, 153, 73, 216, 88
-0.998636, 321, 211, 384, 226
-0.998638, 209, 145, 272, 160
-0.998639, 305, 135, 368, 150
-0.998639, 273, 223, 336, 238
-0.99864, 233, 91, 296, 106
-0.99864, 337, 67, 400, 82
-0.99864, 225, 187, 288, 202
-0.998641, 81, 69, 144, 84
-0.998641, 297, 223, 360, 238
-0.998641, 9, 141, 72, 156
-0.998642, 265, 119, 328, 134
-0.998642, 329, 339, 392, 354
-0.998642, 169, 153, 232, 168
-0.998642, 337, 29, 400, 44
-0.998643, 393, 45, 456, 60
-0.998643, 9, 77, 72, 92
-0.998643, 265, 229, 328, 244
-0.998647, 241, 29, 368, 60
-0.998648, 91, 129, 106, 160
-0.998649, 33, 177, 160, 240
-0.998654, 283, 181, 298, 212
-0.998655, 345, 65, 376, 192
-0.998657, 365, 321, 380, 352
-0.998659, 1, 33, 32, 288
-0.99867, 109, 81, 124, 112
-0.998677, 65, 105, 80, 136
-0.998679, 261, 49, 276, 80
-0.99868, 27, 105, 42, 136
-0.998683, 229, 145, 244, 176
-0.998686, 203, 65, 218, 96
-0.998687, 215, 145, 230, 176
-0.998689, 179, 69, 194, 100
-0.99869, 111, 101, 126, 132
-0.998693, 5, 69, 20, 100
-0.998694, 253, 205, 268, 236
-0.998694, 393, 245, 408, 276
-0.998698, 137, 81, 152, 112
-0.9987, 383, 73, 398, 104
-0.998704, 29, 117, 44, 148
-0.998708, 85, 125, 100, 156
-0.99871, 1, 309, 128, 340
-0.998713, 1, 49, 500, 112
-0.998714, 373, 329, 388, 360
-0.998715, 305, 49, 432, 80
-0.998716, 395, 13, 410, 44
-0.998722, 369, 33, 400, 288
-0.998733, 19, 121, 34, 152
-0.998734, 85, 85, 100, 116
-0.998734, 325, 201, 340, 232
-0.998735, 123, 69, 138, 100
-0.998737, 401, 41, 416, 72
-0.998738, 277, 85, 292, 116
-0.998738, 33, 133, 48, 164
-0.998747, 253, 1, 268, 128
-0.998751, 147, 129, 162, 160
-0.998753, 213, 33, 244, 288
-0.998761, 451, 1, 466, 32
-0.998761, 83, 101, 98, 132
-0.998765, 75, 121, 90, 152
-0.998766, 95, 105, 110, 136
-0.998769, 353, 45, 480, 76
-0.998774, 145, 65, 160, 96
-0.998776, 395, 65, 410, 96
-0.998784, 133, 97, 164, 352
-0.998784, 37, 129, 68, 375
-0.998786, 55, 69, 70, 100
-0.998786, 285, 193, 300, 224
-0.998786, 203, 141, 218, 172
-0.998787, 269, 37, 284, 68
-0.998793, 353, 33, 480, 64
-0.998795, 343, 73, 358, 104
-0.998798, 65, 133, 80, 164
-0.998799, 265, 61, 280, 92
-0.998802, 1, 105, 16, 136
-0.998804, 97, 213, 224, 244
-0.998805, 369, 93, 496, 124
-0.998813, 291, 177, 306, 208
-0.998814, 337, 289, 464, 320
-0.998815, 271, 69, 286, 100
-0.998815, 65, 65, 192, 96
-0.998815, 161, 129, 288, 160
-0.998818, 323, 189, 338, 220
-0.998819, 1, 89, 16, 120
-0.998819, 75, 89, 90, 120
-0.99882, 353, 333, 480, 364
-0.998823, 263, 81, 278, 112
-0.998832, 253, 217, 268, 248
-0.998833, 253, 49, 268, 80
-0.99884, 5, 121, 20, 152
-0.998841, 243, 1, 258, 128
-0.998842, 193, 273, 320, 304
-0.998844, 353, 145, 480, 176
-0.998846, 41, 1, 72, 256
-0.998848, 9, 105, 24, 136
-0.998853, 11, 73, 26, 104
-0.998855, 411, 249, 426, 280
-0.998862, 143, 89, 158, 120
-0.998862, 33, 97, 48, 128
-0.998864, 377, 241, 392, 272
-0.998866, 135, 105, 150, 136
-0.998868, 103, 85, 118, 116
-0.998874, 59, 141, 74, 172
-0.998874, 259, 305, 274, 336
-0.998875, 337, 117, 464, 148
-0.998876, 139, 69, 154, 100
-0.998876, 259, 213, 274, 244
-0.998879, 211, 157, 226, 188
-0.998883, 83, 137, 98, 168
-0.998884, 387, 245, 402, 276
-0.998885, 237, 145, 252, 176
-0.998887, 95, 145, 110, 176
-0.998888, 325, 229, 340, 260
-0.99889, 239, 9, 254, 40
-0.998891, 149, 117, 164, 148
-0.998895, 335, 213, 350, 244
-0.998898, 59, 129, 74, 160
-0.998899, 457, 17, 472, 48
-0.998906, 129, 97, 144, 128
-0.998907, 27, 137, 42, 168
-0.998907, 275, 197, 290, 228
-0.998909, 261, 13, 276, 44
-0.998913, 369, 129, 400, 375
-0.998914, 333, 237, 348, 268
-0.998914, 379, 337, 394, 368
-0.998919, 39, 133, 54, 164
-0.99892, 229, 9, 244, 40
-0.998921, 325, 161, 340, 192
-0.998925, 115, 89, 130, 120
-0.998926, 201, 33, 232, 288
-0.998927, 225, 317, 352, 348
-0.998927, 197, 173, 212, 204
-0.998932, 305, 61, 432, 92
-0.998938, 257, 13, 384, 44
-0.99894, 369, 105, 496, 136
-0.998941, 267, 49, 282, 176
-0.998943, 357, 129, 388, 375
-0.998944, 81, 157, 208, 188
-0.99896, 301, 1, 332, 256
-0.998999, 269, 1, 284, 128
-0.999, 329, 1, 360, 256
-0.999009, 129, 25, 256, 56
-0.999022, 177, 317, 304, 348
-0.999036, 181, 97, 212, 352
-0.999037, 13, 129, 44, 375
-0.999038, 337, 309, 464, 340
-0.999043, 65, 77, 192, 108
-0.999049, 17, 261, 144, 292
-0.999065, 469, 1, 500, 256
-0.999079, 349, 1, 380, 256
-0.999084, 113, 9, 240, 40
-0.999096, 301, 161, 332, 288
-0.999098, 13, 1, 44, 256
-0.999103, 357, 225, 372, 352
-0.999114, 97, 33, 128, 288
-0.999119, 393, 1, 424, 256
-0.999137, 365, 225, 380, 352
-0.999145, 369, 177, 496, 240
-0.999153, 289, 1, 320, 256
-0.999157, 317, 33, 348, 288
-0.9992, 13, 113, 44, 240
-0.999212, 345, 129, 376, 375
-0.999227, 387, 1, 402, 128
-0.999227, 353, 321, 480, 352
-0.999235, 371, 225, 386, 352
-0.999266, 145, 97, 176, 352
-0.999292, 297, 65, 328, 192
-0.999302, 369, 345, 496, 375
-0.999304, 69, 1, 100, 256
-0.999338, 237, 1, 252, 128
-0.999355, 353, 245, 480, 276
-0.999368, 275, 33, 290, 160
-0.99938, 129, 237, 256, 268
-0.999394, 121, 33, 152, 288
-0.999405, 381, 1, 396, 128
-0.999411, 369, 77, 496, 108
-0.999411, 177, 329, 304, 360
-0.999415, 397, 1, 412, 128
-0.999421, 81, 173, 208, 204
-0.999436, 279, 81, 294, 208
-0.999451, 369, 157, 496, 188
-0.999461, 385, 129, 416, 375
-0.999469, 201, 65, 216, 192
-0.999473, 5, 225, 36, 352
-0.999476, 253, 177, 268, 304
-0.99948, 347, 209, 362, 336
-0.999487, 209, 241, 240, 368
-0.999488, 97, 249, 224, 312
-0.999496, 129, 57, 256, 88
-0.999509, 273, 129, 288, 256
-0.999514, 227, 1, 242, 128
-0.999514, 207, 113, 222, 240
-0.999525, 261, 49, 276, 176
-0.999529, 389, 49, 404, 176
-0.999537, 129, 71, 144, 86
-0.999537, 83, 109, 98, 124
-0.999537, 159, 103, 174, 118
-0.999537, 457, 1, 472, 16
-0.999538, 229, 145, 244, 160
-0.999538, 325, 211, 340, 226
-0.999538, 35, 101, 50, 116
-0.999538, 111, 107, 126, 122
-0.999538, 179, 67, 194, 82
-0.999538, 321, 193, 336, 208
-0.999538, 45, 93, 60, 108
-0.999539, 151, 107, 166, 122
-0.999539, 281, 189, 296, 204
-0.99954, 267, 25, 282, 40
-0.99954, 17, 9, 144, 40
-0.99954, 123, 119, 138, 134
-0.99954, 273, 143, 288, 158
-0.99954, 53, 109, 68, 124
-0.99954, 267, 157, 282, 172
-0.999541, 393, 17, 408, 32
-0.999542, 59, 93, 74, 108
-0.999542, 131, 123, 146, 138
-0.999542, 393, 29, 408, 44
-0.999542, 325, 237, 340, 252
-0.999542, 45, 105, 60, 120
-0.999542, 55, 71, 70, 86
-0.999543, 113, 101, 128, 116
-0.999543, 275, 149, 290, 164
-0.999543, 103, 131, 118, 146
-0.999543, 405, 253, 420, 268
-0.999543, 263, 151, 278, 166
-0.999544, 123, 75, 138, 90
-0.999544, 203, 147, 218, 162
-0.999544, 75, 125, 90, 140
-0.999544, 145, 305, 272, 336
-0.999544, 115, 123, 130, 138
-0.999545, 19, 75, 34, 90
-0.999545, 47, 125, 62, 140
-0.999545, 281, 153, 296, 168
-0.999545, 205, 65, 220, 80
-0.999546, 73, 105, 88, 120
-0.999546, 47, 137, 62, 152
-0.999546, 277, 161, 292, 176
-0.999548, 151, 75, 166, 90
-0.999549, 65, 109, 80, 124
-0.999549, 65, 121, 80, 136
-0.999549, 91, 101, 106, 116
-0.999549, 145, 123, 160, 138
-0.99955, 95, 119, 110, 134
-0.99955, 93, 141, 108, 156
-0.99955, 147, 131, 162, 146
-0.99955, 95, 107, 110, 122
-0.99955, 333, 231, 348, 246
-0.999551, 119, 69, 134, 84
-0.999551, 29, 103, 44, 118
-0.999551, 385, 355, 400, 370
-0.999552, 141, 67, 156, 82
-0.999553, 335, 217, 350, 232
-0.999553, 111, 115, 126, 130
-0.999553, 103, 123, 118, 138
-0.999554, 457, 21, 472, 36
-0.999555, 93, 147, 108, 162
-0.999555, 7, 71, 22, 86
-0.999555, 35, 133, 50, 148
-0.999555, 393, 37, 408, 52
-0.999556, 123, 107, 138, 122
-0.999556, 131, 103, 146, 118
-0.999556, 121, 101, 136, 116
-0.999556, 253, 53, 268, 68
-0.999557, 333, 225, 348, 240
-0.999557, 263, 85, 278, 100
-0.999558, 29, 133, 44, 148
-0.999559, 213, 155, 228, 170
-0.999559, 141, 115, 156, 130
-0.999559, 101, 103, 116, 118
-0.99956, 235, 35, 250, 50
-0.999562, 235, 29, 250, 44
-0.999562, 233, 177, 248, 304
-0.999562, 45, 73, 60, 88
-0.999562, 377, 23, 392, 38
-0.999562, 27, 87, 42, 102
-0.999563, 85, 101, 100, 116
-0.999563, 173, 67, 188, 82
-0.999564, 381, 75, 396, 90
-0.999565, 245, 177, 260, 304
-0.999565, 343, 71, 358, 86
-0.999565, 73, 135, 88, 150
-0.999566, 57, 101, 72, 116
-0.999566, 241, 97, 368, 128
-0.999566, 263, 19, 278, 34
-0.999567, 149, 99, 164, 114
-0.999567, 253, 213, 268, 228
-0.999568, 199, 67, 214, 82
-0.999568, 263, 51, 278, 66
-0.999568, 83, 139, 98, 154
-0.999568, 1, 73, 16, 88
-0.999569, 365, 323, 380, 338
-0.99957, 35, 71, 50, 86
-0.99957, 269, 81, 284, 96
-0.99957, 17, 285, 144, 316
-0.99957, 83, 85, 98, 100
-0.999571, 83, 117, 98, 132
-0.999571, 379, 29, 394, 44
-0.999571, 147, 67, 162, 82
-0.999574, 55, 117, 70, 132
-0.999574, 131, 135, 146, 150
-0.999575, 269, 149, 284, 164
-0.999575, 121, 131, 136, 146
-0.999576, 49, 117, 64, 132
-0.999577, 103, 137, 118, 152
-0.999577, 385, 33, 400, 48
-0.999578, 271, 53, 286, 68
-0.999578, 77, 117, 92, 132
-0.999578, 51, 85, 66, 100
-0.999579, 227, 155, 242, 170
-0.999579, 29, 71, 44, 86
-0.99958, 133, 85, 148, 100
-0.99958, 269, 65, 284, 80
-0.999581, 417, 209, 480, 336
-0.999582, 133, 115, 148, 130
-0.999583, 271, 87, 286, 102
-0.999586, 107, 85, 122, 100
-0.999587, 113, 133, 128, 148
-0.999588, 279, 145, 294, 272
-0.999588, 63, 133, 78, 148
-0.99959, 105, 117, 120, 132
-0.99959, 271, 59, 286, 74
-0.999592, 93, 135, 108, 150
-0.999592, 129, 45, 256, 76
-0.999594, 85, 133, 100, 148
-0.999594, 57, 133, 72, 148
-0.999596, 389, 69, 404, 84
-0.999596, 17, 297, 144, 328
-0.999596, 397, 59, 412, 74
-0.999596, 141, 133, 156, 148
-0.999597, 387, 21, 402, 36
-0.999599, 131, 65, 146, 192
-0.9996, 377, 225, 392, 352
-0.999601, 145, 249, 272, 280
-0.999605, 241, 341, 368, 372
-0.999606, 273, 155, 288, 170
-0.999609, 169, 65, 200, 320
-0.999613, 395, 65, 410, 80
-0.999614, 253, 49, 268, 176
-0.99962, 403, 247, 418, 262
-0.999621, 161, 261, 288, 292
-0.999637, 293, 81, 308, 208
-0.999639, 369, 201, 496, 264
-0.999639, 277, 49, 292, 64
-0.999643, 1, 129, 32, 375
-0.999662, 259, 209, 274, 336
-0.999664, 201, 129, 216, 256
-0.999665, 345, 113, 376, 240
-0.999671, 273, 81, 288, 208
-0.999678, 103, 129, 118, 256
-0.999679, 157, 129, 188, 375
-0.999681, 327, 177, 342, 304
-0.999683, 289, 161, 304, 288
-0.999686, 321, 181, 448, 212
-0.999687, 239, 177, 254, 304
-0.999691, 373, 177, 388, 304
-0.999707, 55, 49, 70, 176
-0.999708, 333, 209, 348, 336
-0.999738, 105, 65, 120, 192
-0.999746, 343, 49, 358, 176
-0.99976, 189, 1, 220, 256
-0.99976, 429, 1, 460, 256
-0.999761, 211, 65, 226, 192
-0.999772, 131, 129, 146, 256
-0.999773, 335, 161, 350, 288
-0.999775, 279, 193, 294, 320
-0.999777, 217, 65, 232, 192
-0.999777, 301, 97, 316, 224
-0.999783, 191, 65, 206, 192
-0.999795, 267, 113, 282, 240
-0.999799, 409, 1, 440, 256
-0.999807, 379, 177, 394, 304
-0.99982, 273, 177, 288, 304
-0.999824, 341, 225, 356, 352
-0.999829, 171, 49, 186, 176
-0.999831, 315, 113, 330, 240
-0.999833, 83, 65, 98, 192
-0.999834, 457, 1, 488, 256
-0.999836, 367, 177, 382, 304
-0.999853, 247, 49, 262, 176
-0.999855, 307, 97, 322, 224
-0.999856, 213, 113, 228, 240
-0.999863, 401, 209, 416, 336
-0.999864, 29, 49, 44, 176
-0.999867, 121, 49, 136, 176
-0.99987, 225, 113, 240, 240
-0.999872, 239, 129, 254, 256
-0.999872, 139, 113, 154, 240
-0.999875, 109, 1, 140, 256
-0.99988, 355, 177, 370, 304
-0.999907, 161, 65, 176, 192
-0.999908, 397, 97, 428, 352
-0.999909, 151, 49, 166, 176
-0.99991, 95, 65, 110, 192
-0.999915, 267, 161, 282, 288
-0.999918, 361, 177, 376, 304
-0.999924, 111, 49, 126, 176
-0.999934, 413, 129, 444, 375
-0.999935, 295, 177, 310, 304
-0.999939, 47, 65, 62, 192
-0.999942, 445, 129, 476, 375
-0.999942, 65, 81, 80, 208
-0.999942, 441, 1, 472, 256
-0.999947, 287, 81, 302, 208
-0.999947, 341, 177, 356, 304
-0.999952, 219, 1, 234, 128
-0.999954, 433, 129, 464, 375
-0.99996, 193, 241, 224, 368
-0.999962, 109, 129, 124, 256
-0.999966, 75, 129, 90, 256
-0.999968, 37, 49, 52, 176
-0.999969, 181, 1, 196, 128
-0.999971, 229, 49, 244, 176
-0.999985, 391, 209, 406, 336
-0.999987, 191, 1, 206, 128
-0.999992, 75, 65, 90, 192
-0.999996, 261, 161, 276, 288
-1.00001, 245, 113, 260, 240
-1.00001, 323, 129, 338, 256
-1.00001, 141, 49, 156, 176
-1.00002, 153, 1, 184, 256
-1.00003, 383, 225, 398, 352
-1.00003, 271, 241, 286, 368
-1.00004, 177, 49, 192, 176
-1.00004, 65, 25, 192, 88
-1.00004, 193, 129, 208, 256
-1.00004, 469, 129, 500, 375
-1.00005, 203, 1, 218, 128
-1.00005, 137, 161, 152, 288
-1.00005, 123, 113, 138, 240
-1.00005, 381, 65, 396, 192
-1.00006, 167, 97, 182, 224
-1.00006, 103, 1, 118, 128
-1.00006, 395, 49, 410, 176
-1.00006, 1, 65, 16, 192
-1.00007, 141, 1, 156, 128
-1.00007, 223, 65, 238, 192
-1.00007, 141, 1, 172, 256
-1.00007, 469, 1, 500, 128
-1.00008, 335, 113, 350, 240
-1.00008, 227, 193, 242, 320
-1.00008, 349, 65, 364, 192
-1.00008, 131, 1, 146, 128
-1.00009, 169, 1, 184, 128
-1.00009, 21, 65, 36, 192
-1.00009, 261, 113, 276, 240
-1.00009, 407, 225, 422, 352
-1.0001, 251, 129, 266, 256
-1.0001, 219, 113, 234, 240
-1.00011, 457, 97, 488, 352
-1.00011, 115, 1, 130, 128
-1.00011, 285, 209, 300, 336
-1.00011, 347, 161, 362, 288
-1.00013, 37, 1, 52, 128
-1.00013, 93, 209, 108, 336
-1.00014, 115, 193, 130, 320
-1.00014, 123, 1, 138, 128
-1.00014, 231, 113, 246, 240
-1.00014, 107, 209, 122, 336
-1.00014, 1, 1, 500, 64
-1.00014, 87, 209, 102, 336
-1.00014, 59, 225, 74, 352
-1.00014, 235, 49, 250, 176
-1.00015, 145, 161, 176, 288
-1.00015, 99, 209, 114, 336
-1.00015, 151, 1, 166, 128
-1.00015, 43, 241, 58, 368
-1.00015, 69, 1, 100, 128
-1.00016, 197, 1, 212, 128
-1.00018, 389, 65, 420, 192
-1.00022, 1, 225, 128, 288
-1.00042, 1, 33, 256, 96
-1.00051, 113, 297, 240, 360
-1.00061, 61, 161, 92, 288
-1.00066, 1, 201, 128, 264
-1.00066, 417, 113, 480, 240
-1.00069, 365, 49, 396, 176
-1.00075, 1, 25, 500, 88
-1.00086, 185, 193, 216, 320
-1.00088, 1, 305, 256, 368
-1.00092, 357, 129, 388, 256
-1.001, 21, 1, 52, 128
-1.00122, 437, 1, 468, 128
-1.00126, 389, 177, 420, 304
-1.00142, 169, 161, 200, 288
-1.00151, 321, 33, 352, 160
-1.00175, 181, 241, 212, 368
-1.00181, 1, 41, 128, 104
-1.00205, 409, 1, 440, 128
-1.00247, 81, 273, 208, 336
-1.00332, 65, 313, 192, 375
