1981
-0.264591, 1, 1, 500, 375
-0.386572, 1, 33, 500, 288
-0.393866, 193, 1, 448, 375
-0.419732, 97, 1, 352, 375
-0.465174, 1, 129, 500, 375
-0.506034, 1, 1, 256, 375
-0.6399, 193, 1, 448, 256
-0.64428, 97, 65, 352, 320
-0.666236, 1, 65, 256, 320
-0.700335, 193, 97, 448, 352
-0.830207, 225, 1, 352, 375
-0.846009, 145, 1, 272, 375
-0.854241, 369, 1, 496, 375
-0.857349, 193, 1, 320, 256
-0.861038, 129, 65, 256, 320
-0.865732, 65, 1, 192, 375
-0.874818, 1, 1, 128, 375
-0.874896, 273, 1, 400, 375
-0.879038, 177, 97, 304, 352
-0.881582, 65, 33, 192, 288
-0.885568, 241, 1, 368, 256
-0.885944, 305, 33, 432, 288
-0.886695, 1, 129, 500, 256
-0.892525, 17, 33, 144, 288
-0.895398, 1, 49, 500, 176
-0.897009, 257, 97, 384, 352
-0.903156, 369, 33, 496, 288
-0.904096, 49, 129, 176, 375
-0.904114, 321, 1, 448, 375
-0.905058, 1, 129, 128, 375
-0.916865, 97, 97, 352, 224
-0.923948, 305, 129, 432, 375
-0.924033, 1, 65, 256, 192
-0.928101, 1, 209, 500, 336
-0.928556, 193, 97, 448, 224
-0.929205, 353, 129, 480, 375
-0.929864, 193, 33, 448, 160
-0.931134, 97, 33, 352, 160
-0.934406, 193, 97, 256, 224
-0.935881, 33, 145, 288, 272
-0.940359, 161, 113, 288, 240
-0.94459, 1, 1, 500, 128
-0.946746, 113, 49, 240, 176
-0.947126, 49, 113, 176, 240
-0.948539, 209, 33, 336, 160
-0.949062, 113, 97, 240, 224
-0.949487, 1, 97, 128, 224
-0.950191, 209, 81, 336, 208
-0.950305, 193, 105, 256, 168
-0.951344, 225, 161, 480, 288
-0.95147, 217, 97, 280, 224
-0.952173, 161, 129, 224, 256
-0.952656, 49, 65, 176, 192
-0.953077, 129, 145, 384, 272
-0.953252, 1, 49, 128, 176
-0.953295, 193, 33, 256, 160
-0.955162, 97, 145, 224, 272
-0.956089, 177, 129, 240, 192
-0.956217, 241, 105, 304, 168
-0.956673, 65, 113, 128, 240
-0.957132, 129, 129, 192, 256
-0.958501, 217, 97, 280, 160
-0.958594, 249, 33, 312, 160
-0.9592, 25, 97, 88, 224
-0.959376, 25, 49, 88, 176
-0.959477, 105, 129, 168, 256
-0.959712, 169, 49, 232, 176
-0.960152, 169, 105, 232, 168
-0.960608, 81, 49, 144, 176
-0.960702, 161, 49, 288, 176
-0.960956, 369, 49, 496, 176
-0.961356, 217, 33, 280, 160
-0.961631, 49, 161, 176, 288
-0.96172, 241, 81, 304, 208
-0.961775, 201, 129, 264, 192
-0.962048, 225, 129, 352, 256
-0.962745, 145, 81, 208, 208
-0.962919, 193, 105, 320, 168
-0.963082, 1, 145, 128, 272
-0.963084, 1, 49, 64, 176
-0.963399, 305, 81, 432, 208
-0.963631, 185, 145, 248, 272
-0.963722, 1, 97, 64, 224
-0.964282, 361, 145, 424, 208
-0.964304, 145, 121, 208, 184
-0.964886, 1, 17, 256, 144
-0.964949, 1, 193, 256, 320
-0.964982, 273, 137, 336, 200
-0.965909, 161, 177, 224, 304
-0.966333, 257, 33, 384, 160
-0.966343, 409, 49, 472, 176
-0.966685, 361, 65, 424, 128
-0.967122, 313, 145, 376, 208
-0.967304, 105, 49, 168, 176
-0.967362, 321, 145, 448, 272
-0.967389, 161, 129, 288, 192
-0.967509, 41, 145, 104, 272
-0.967634, 377, 49, 440, 176
-0.967899, 273, 113, 336, 176
-0.968209, 209, 145, 272, 272
-0.968216, 305, 33, 432, 160
-0.968348, 57, 65, 120, 192
-0.968404, 337, 145, 400, 208
-0.968433, 433, 33, 496, 160
-0.968647, 193, 81, 256, 144
-0.968846, 161, 209, 416, 336
-0.968966, 145, 193, 272, 320
-0.969316, 353, 49, 416, 176
-0.969458, 273, 129, 400, 256
-0.969851, 189, 129, 220, 256
-0.969909, 321, 49, 384, 176
-0.969922, 361, 97, 424, 224
-0.970179, 129, 97, 256, 160
-0.970268, 385, 145, 448, 208
-0.970519, 241, 161, 304, 288
-0.97058, 385, 65, 448, 128
-0.970637, 209, 97, 240, 224
-0.97065, 409, 145, 472, 208
-0.970718, 153, 145, 216, 208
-0.970852, 369, 97, 496, 224
-0.970887, 9, 145, 72, 272
-0.97094, 137, 33, 200, 160
-0.971113, 273, 97, 336, 224
-0.971273, 81, 161, 144, 288
-0.971357, 153, 73, 216, 136
-0.971441, 209, 177, 336, 304
-0.971821, 225, 97, 256, 224
-0.971823, 161, 185, 224, 248
-0.971908, 65, 145, 128, 208
-0.972106, 297, 169, 360, 232
-0.97218, 273, 129, 400, 192
-0.972417, 25, 145, 88, 208
-0.972433, 273, 33, 336, 160
-0.972758, 265, 1, 328, 256
-0.972839, 257, 81, 384, 208
-0.973006, 225, 137, 352, 200
-0.973024, 353, 145, 416, 272
-0.973383, 145, 97, 208, 160
-0.973526, 321, 97, 384, 224
-0.973751, 193, 33, 256, 288
-0.973876, 353, 145, 480, 208
-0.973941, 89, 177, 152, 240
-0.973968, 337, 65, 400, 128
-0.974171, 161, 49, 224, 112
-0.974246, 201, 209, 264, 336
-0.974352, 433, 145, 496, 208
-0.974365, 369, 145, 496, 272
-0.974438, 233, 33, 296, 288
-0.974516, 249, 81, 312, 144
-0.974582, 297, 145, 360, 272
-0.974762, 201, 153, 264, 216
-0.975006, 121, 137, 184, 200
-0.97504, 145, 65, 208, 320
-0.975065, 369, 1, 496, 128
-0.97526, 409, 65, 472, 128
-0.975498, 97, 193, 224, 320
-0.975511, 353, 169, 416, 232
-0.975538, 137, 193, 200, 320
-0.9759, 313, 121, 376, 184
-0.975953, 321, 169, 384, 232
-0.975988, 193, 105, 224, 168
-0.976008, 185, 41, 248, 104
-0.976046, 225, 105, 256, 168
-0.976282, 169, 65, 232, 320
-0.976436, 17, 169, 80, 232
-0.976449, 321, 145, 384, 272
-0.976745, 225, 33, 256, 160
-0.976883, 189, 137, 220, 200
-0.976926, 89, 57, 152, 120
-0.977047, 225, 129, 288, 192
-0.977047, 209, 113, 240, 176
-0.977131, 129, 57, 192, 120
-0.977132, 129, 73, 256, 136
-0.977285, 297, 49, 360, 176
-0.977341, 17, 105, 80, 168
-0.977411, 321, 193, 448, 320
-0.977414, 273, 145, 336, 272
-0.97751, 89, 105, 152, 168
-0.977667, 193, 209, 256, 272
-0.977709, 105, 177, 168, 304
-0.977751, 237, 97, 268, 160
-0.977785, 305, 153, 432, 216
-0.977832, 353, 65, 480, 128
-0.977895, 241, 97, 272, 224
-0.977905, 257, 209, 500, 336
-0.97813, 377, 145, 440, 272
-0.978177, 313, 65, 376, 128
-0.978366, 417, 97, 480, 224
-0.978369, 97, 121, 224, 184
-0.978382, 337, 105, 400, 168
-0.978531, 305, 97, 368, 160
-0.978587, 65, 145, 192, 208
-0.978675, 33, 33, 96, 288
-0.978743, 177, 129, 208, 256
-0.978812, 113, 1, 240, 128
-0.978815, 409, 145, 472, 272
-0.978824, 369, 121, 432, 184
-0.978872, 49, 177, 112, 240
-0.978964, 361, 33, 424, 288
-0.978979, 273, 169, 336, 232
-0.978992, 201, 33, 232, 160
-0.979237, 97, 33, 160, 288
-0.979285, 249, 177, 312, 240
-0.979441, 385, 97, 448, 224
-0.979518, 193, 129, 256, 375
-0.979598, 241, 97, 368, 160
-0.979627, 1, 97, 32, 224
-0.979731, 113, 145, 240, 208
-0.979756, 181, 113, 212, 176
-0.979766, 241, 169, 368, 232
-0.979767, 161, 1, 288, 128
-0.97978, 57, 113, 120, 176
-0.979928, 121, 33, 184, 288
-0.979935, 433, 65, 496, 128
-0.979943, 409, 1, 472, 128
-0.97995, 321, 193, 384, 320
-0.980019, 57, 193, 120, 320
-0.980027, 265, 33, 328, 96
-0.9801, 81, 97, 208, 160
-0.9802, 377, 169, 440, 232
-0.980289, 49, 17, 176, 144
-0.980397, 213, 89, 244, 152
-0.98043, 289, 105, 416, 168
-0.980437, 1, 145, 64, 208
-0.980551, 17, 145, 144, 208
-0.980565, 369, 145, 400, 208
-0.980572, 65, 33, 128, 288
-0.980581, 177, 145, 208, 208
-0.980605, 197, 81, 228, 208
-0.980607, 209, 1, 272, 375
-0.98067, 69, 113, 100, 240
-0.980674, 321, 33, 384, 288
-0.980722, 1, 193, 128, 320
-0.980758, 121, 209, 184, 272
-0.98078, 121, 81, 184, 144
-0.980792, 305, 65, 432, 128
-0.980843, 233, 1, 296, 375
-0.980862, 89, 137, 152, 200
-0.980893, 361, 89, 424, 152
-0.980956, 57, 65, 120, 128
-0.980999, 193, 41, 320, 104
-0.981, 113, 105, 176, 168
-0.981031, 409, 121, 472, 184
-0.981043, 209, 137, 240, 200
-0.981084, 273, 177, 400, 304
-0.981107, 221, 129, 252, 192
-0.98113, 433, 1, 496, 256
-0.981176, 201, 185, 264, 248
-0.981318, 129, 49, 256, 112
-0.981476, 9, 33, 72, 288
-0.981476, 257, 97, 320, 352
-0.981481, 317, 137, 348, 200
-0.981514, 1, 49, 32, 176
-0.981531, 17, 169, 144, 232
-0.981532, 185, 81, 216, 208
-0.98154, 257, 1, 320, 375
-0.981606, 433, 145, 496, 272
-0.981696, 109, 129, 140, 256
-0.981886, 393, 65, 424, 128
-0.981925, 381, 145, 412, 208
-0.981926, 249, 105, 280, 168
-0.981992, 281, 65, 344, 128
-0.982101, 65, 57, 192, 120
-0.982146, 401, 145, 432, 208
-0.982151, 377, 65, 408, 128
-0.982153, 297, 97, 360, 224
-0.982185, 177, 161, 240, 224
-0.982187, 17, 129, 80, 375
-0.982359, 1, 57, 64, 120
-0.982434, 213, 33, 244, 160
-0.982473, 297, 193, 360, 320
-0.982521, 113, 201, 240, 264
-0.982557, 249, 137, 312, 200
-0.982609, 49, 209, 176, 336
-0.982643, 385, 33, 448, 288
-0.982655, 217, 129, 280, 375
-0.982777, 141, 129, 172, 256
-0.982822, 345, 193, 408, 320
-0.982841, 365, 65, 396, 128
-0.982891, 425, 1, 488, 375
-0.982892, 357, 145, 388, 208
-0.982898, 153, 233, 216, 296
-0.982971, 293, 113, 324, 176
-0.983117, 225, 201, 288, 264
-0.983127, 369, 193, 496, 320
-0.983146, 281, 89, 344, 152
-0.983154, 161, 209, 224, 272
-0.983196, 281, 97, 344, 352
-0.983226, 1, 113, 128, 176
-0.983386, 209, 41, 272, 104
-0.983407, 225, 209, 288, 336
-0.983475, 17, 97, 48, 224
-0.983479, 113, 49, 144, 176
-0.983483, 289, 1, 352, 256
-0.983497, 161, 1, 224, 128
-0.9835, 49, 193, 176, 256
-0.983508, 177, 1, 240, 375
-0.983535, 189, 33, 220, 160
-0.983677, 13, 49, 44, 176
-0.983743, 113, 129, 176, 375
-0.983781, 153, 129, 184, 256
-0.983825, 345, 145, 376, 208
-0.983849, 413, 145, 444, 208
-0.983851, 121, 129, 152, 256
-0.98388, 457, 145, 488, 208
-0.983899, 329, 145, 360, 208
-0.984012, 73, 129, 136, 375
-0.984082, 201, 145, 232, 272
-0.984098, 405, 65, 436, 128
-0.984103, 241, 41, 304, 104
-0.984127, 409, 33, 472, 288
-0.984168, 193, 81, 320, 144
-0.984184, 321, 169, 352, 232
-0.984274, 85, 65, 116, 192
-0.984338, 189, 185, 220, 248
-0.984344, 385, 89, 448, 152
-0.984408, 173, 81, 204, 208
-0.984474, 281, 1, 344, 375
-0.984499, 281, 113, 312, 176
-0.984515, 165, 137, 196, 200
-0.984585, 385, 1, 448, 128
-0.984604, 301, 137, 332, 200
-0.984667, 97, 1, 160, 375
-0.984669, 85, 113, 116, 240
-0.984694, 1, 113, 32, 176
-0.984712, 257, 33, 288, 160
-0.984716, 237, 33, 268, 160
-0.984723, 41, 129, 104, 375
-0.984746, 425, 145, 456, 208
-0.984755, 177, 201, 304, 264
-0.984818, 401, 1, 464, 375
-0.98485, 165, 113, 196, 176
-0.984933, 25, 81, 88, 144
-0.984951, 185, 117, 248, 148
-0.984961, 157, 49, 188, 112
-0.984976, 185, 105, 248, 136
-0.985038, 209, 233, 272, 296
-0.985077, 153, 1, 216, 375
-0.985088, 377, 193, 440, 320
-0.985119, 49, 17, 112, 144
-0.985194, 297, 209, 360, 272
-0.985207, 433, 65, 464, 128
-0.98524, 33, 49, 64, 176
-0.985264, 165, 129, 196, 256
-0.985282, 25, 1, 88, 375
-0.985397, 1, 145, 32, 208
-0.985418, 101, 49, 132, 176
-0.985431, 121, 185, 184, 248
-0.985499, 145, 57, 176, 120
-0.985512, 361, 169, 392, 232
-0.985513, 433, 105, 496, 168
-0.985518, 305, 177, 432, 240
-0.985544, 445, 145, 476, 208
-0.985555, 69, 137, 100, 200
-0.98557, 97, 177, 224, 240
-0.985598, 49, 49, 80, 176
-0.985618, 201, 161, 232, 224
-0.985633, 25, 57, 88, 120
-0.985643, 469, 145, 500, 208
-0.985656, 361, 129, 424, 375
-0.985675, 193, 177, 320, 240
-0.98572, 17, 113, 48, 176
-0.985769, 13, 145, 44, 208
-0.985775, 445, 65, 476, 128
-0.98583, 129, 225, 256, 288
-0.985896, 353, 65, 384, 128
-0.98594, 333, 169, 364, 232
-0.985943, 205, 217, 236, 280
-0.985984, 225, 81, 256, 144
-0.985996, 401, 169, 464, 232
-0.986001, 73, 65, 104, 192
-0.986022, 417, 65, 448, 128
-0.986063, 309, 169, 340, 232
-0.986092, 437, 49, 468, 176
-0.986101, 305, 105, 336, 168
-0.98612, 281, 137, 312, 200
-0.986124, 97, 129, 128, 256
-0.98613, 225, 201, 352, 264
-0.986146, 241, 105, 304, 136
-0.986152, 129, 141, 192, 172
-0.986186, 153, 113, 184, 176
-0.986214, 177, 133, 240, 164
-0.986228, 237, 121, 268, 184
-0.986282, 125, 49, 156, 176
-0.986307, 33, 193, 96, 320
-0.986333, 305, 129, 368, 375
-0.986336, 329, 65, 360, 128
-0.986365, 49, 121, 176, 184
-0.986366, 209, 97, 272, 128
-0.986371, 169, 49, 200, 112
-0.986438, 349, 105, 380, 168
-0.986441, 373, 169, 404, 232
-0.986458, 353, 121, 480, 184
-0.986469, 433, 169, 496, 232
-0.986481, 65, 177, 96, 240
-0.986486, 365, 105, 396, 168
-0.986523, 189, 177, 220, 304
-0.98658, 361, 1, 424, 128
-0.986609, 109, 145, 140, 208
-0.986613, 353, 169, 480, 232
-0.986643, 381, 105, 412, 168
-0.986667, 273, 193, 336, 256
-0.986697, 177, 225, 240, 352
-0.986732, 405, 49, 436, 176
-0.986836, 225, 177, 288, 240
-0.986845, 349, 169, 380, 232
-0.986846, 185, 233, 248, 296
-0.986914, 169, 145, 232, 176
-0.986937, 161, 121, 224, 152
-0.986951, 105, 113, 136, 176
-0.986976, 129, 1, 192, 375
-0.98712, 277, 17, 308, 144
-0.987128, 177, 73, 208, 136
-0.987131, 433, 97, 496, 352
-0.987134, 385, 169, 416, 232
-0.987167, 73, 1, 136, 375
-0.987191, 61, 49, 92, 176
-0.987192, 317, 65, 348, 128
-0.987214, 333, 105, 364, 168
-0.987239, 393, 105, 424, 168
-0.987244, 57, 129, 88, 256
-0.987257, 185, 49, 216, 112
-0.987287, 369, 1, 432, 375
-0.987294, 85, 145, 116, 208
-0.987327, 393, 49, 424, 176
-0.987346, 49, 89, 112, 152
-0.987356, 21, 169, 52, 232
-0.987368, 241, 41, 368, 104
-0.987372, 133, 57, 164, 120
-0.987385, 197, 81, 228, 144
-0.987392, 289, 41, 352, 104
-0.987394, 97, 137, 128, 200
-0.987401, 277, 33, 308, 96
-0.987401, 273, 193, 336, 320
-0.987403, 117, 105, 148, 168
-0.987419, 321, 113, 352, 176
-0.987432, 161, 73, 192, 136
-0.987442, 93, 113, 124, 176
-0.987452, 409, 89, 472, 152
-0.987457, 341, 65, 372, 128
-0.987492, 17, 65, 144, 128
-0.987508, 433, 41, 496, 104
-0.987526, 321, 1, 384, 128
-0.987551, 297, 169, 328, 232
-0.987555, 141, 137, 172, 200
-0.987556, 1, 1, 64, 375
-0.987558, 157, 201, 188, 264
-0.98757, 401, 193, 464, 320
-0.987571, 205, 41, 236, 104
-0.987572, 361, 49, 392, 176
-0.987594, 217, 73, 280, 136
-0.987604, 125, 145, 156, 208
-0.987605, 173, 193, 204, 256
-0.987626, 53, 177, 84, 240
-0.987657, 189, 161, 220, 224
-0.987667, 449, 33, 480, 160
-0.98768, 65, 113, 96, 176
-0.987718, 77, 113, 108, 176
-0.987719, 105, 177, 136, 240
-0.987775, 405, 121, 436, 184
-0.987807, 141, 217, 172, 280
-0.987844, 273, 141, 336, 172
-0.987857, 201, 133, 264, 164
-0.987859, 401, 169, 432, 232
-0.987897, 9, 193, 72, 320
-0.987927, 41, 185, 72, 248
-0.988025, 141, 81, 172, 144
-0.988109, 117, 57, 148, 120
-0.988202, 433, 121, 464, 184
-0.988204, 353, 89, 480, 152
-0.988221, 193, 225, 320, 352
-0.988227, 129, 249, 192, 312
-0.98825, 285, 89, 316, 152
-0.988252, 269, 97, 300, 160
-0.98828, 425, 49, 456, 176
-0.988334, 261, 169, 292, 232
-0.988335, 49, 137, 80, 200
-0.98834, 49, 113, 80, 176
-0.988406, 401, 41, 464, 104
-0.988419, 209, 109, 272, 140
-0.988424, 17, 145, 48, 272
-0.988448, 269, 137, 300, 200
-0.988462, 117, 177, 148, 240
-0.98849, 321, 41, 384, 104
-0.988497, 193, 217, 224, 280
-0.988509, 337, 129, 400, 375
-0.988531, 321, 201, 384, 264
-0.988541, 61, 65, 92, 128
-0.988544, 161, 109, 224, 140
-0.988558, 421, 121, 452, 184
-0.988591, 253, 81, 284, 208
-0.988625, 1, 89, 32, 152
-0.988625, 33, 241, 288, 368
-0.988659, 1, 81, 64, 144
-0.988665, 381, 49, 412, 176
-0.988676, 37, 129, 68, 192
-0.988685, 321, 1, 384, 375
-0.988703, 229, 201, 260, 264
-0.988715, 33, 97, 64, 160
-0.988722, 249, 209, 312, 272
-0.988734, 77, 65, 108, 128
-0.98874, 25, 145, 56, 208
-0.988741, 317, 129, 348, 256
-0.988744, 393, 129, 456, 375
-0.988776, 241, 193, 272, 256
-0.988828, 25, 193, 88, 256
-0.988865, 237, 73, 268, 136
-0.988885, 413, 169, 444, 232
-0.988903, 461, 33, 492, 160
-0.988958, 249, 81, 280, 144
-0.98896, 29, 97, 60, 224
-0.988985, 469, 169, 500, 232
-0.988988, 153, 225, 184, 288
-0.98901, 457, 49, 488, 112
-0.989012, 97, 201, 160, 264
-0.989014, 5, 177, 36, 240
-0.989016, 457, 121, 488, 184
-0.989019, 209, 209, 240, 336
-0.989026, 285, 177, 316, 240
-0.989029, 161, 81, 192, 208
-0.989032, 469, 121, 500, 184
-0.989039, 129, 185, 160, 248
-0.989045, 217, 225, 248, 288
-0.989051, 249, 169, 280, 232
-0.989135, 297, 1, 360, 128
-0.989173, 129, 113, 384, 176
-0.989292, 361, 41, 424, 104
-0.98935, 49, 201, 112, 264
-0.989405, 241, 65, 368, 128
-0.989406, 153, 133, 216, 164
-0.989501, 1, 137, 500, 200
-0.98962, 129, 161, 192, 224
-0.989663, 345, 1, 408, 375
-0.989697, 349, 49, 380, 176
-0.989732, 137, 113, 200, 144
-0.989761, 273, 217, 336, 280
-0.989812, 5, 145, 36, 272
-0.989833, 433, 169, 496, 200
-0.989836, 373, 97, 404, 224
-0.989837, 193, 145, 256, 176
-0.989866, 369, 41, 496, 104
-0.99013, 153, 157, 216, 188
-0.990134, 137, 49, 168, 176
-0.990171, 97, 81, 160, 144
-0.990236, 393, 173, 456, 204
-0.990351, 249, 177, 312, 208
-0.990353, 177, 225, 304, 288
-0.990371, 173, 33, 204, 160
-0.990457, 289, 105, 352, 136
-0.99051, 97, 109, 160, 140
-0.990575, 1, 89, 128, 152
-0.990594, 1, 193, 64, 256
-0.990611, 225, 129, 288, 160
-0.990623, 25, 173, 88, 204
-0.990624, 325, 49, 356, 176
-0.990631, 1, 193, 128, 256
-0.9907, 113, 225, 176, 352
-0.99081, 289, 41, 416, 104
-0.990822, 385, 97, 416, 224
-0.990884, 73, 109, 136, 140
-0.990916, 49, 1, 112, 375
-0.990931, 273, 209, 400, 272
-0.990983, 161, 137, 416, 200
-0.990983, 233, 93, 296, 124
-0.991014, 105, 257, 168, 320
-0.991081, 369, 173, 432, 204
-0.991168, 245, 161, 276, 288
-0.991175, 297, 133, 360, 164
-0.991185, 161, 205, 224, 236
-0.991228, 189, 141, 220, 172
-0.991309, 361, 69, 424, 100
-0.991316, 81, 209, 144, 336
-0.991344, 213, 145, 244, 272
-0.991354, 273, 129, 336, 160
-0.991383, 45, 97, 76, 224
-0.991452, 205, 121, 236, 152
-0.991455, 221, 113, 252, 144
-0.991475, 129, 129, 192, 160
-0.991484, 141, 209, 172, 336
-0.991503, 273, 173, 336, 204
-0.991511, 313, 97, 376, 128
-0.991584, 25, 133, 88, 164
-0.991627, 361, 145, 424, 176
-0.991656, 321, 225, 384, 288
-0.991664, 237, 97, 268, 128
-0.991692, 97, 121, 160, 152
-0.991725, 81, 133, 144, 164
-0.99176, 129, 41, 384, 104
-0.991762, 65, 149, 128, 180
-0.991798, 205, 133, 236, 164
-0.991805, 177, 153, 304, 216
-0.991837, 345, 201, 408, 264
-0.991849, 137, 33, 200, 96
-0.991851, 329, 169, 392, 200
-0.991853, 305, 145, 368, 176
-0.991883, 89, 185, 152, 216
-0.991923, 405, 145, 436, 272
-0.991933, 1, 113, 64, 144
-0.991934, 345, 105, 408, 136
-0.991941, 329, 145, 360, 272
-0.991947, 257, 129, 500, 192
-0.991964, 225, 105, 480, 168
-0.992019, 221, 129, 252, 160
-0.992024, 297, 49, 328, 176
-0.992077, 201, 105, 232, 136
-0.992078, 189, 109, 220, 140
-0.992162, 433, 193, 496, 320
-0.992202, 57, 121, 120, 152
-0.992226, 105, 33, 168, 96
-0.992235, 49, 241, 176, 304
-0.992237, 33, 97, 288, 160
-0.992243, 233, 233, 296, 296
-0.992252, 409, 137, 472, 168
-0.992254, 329, 145, 392, 176
-0.99227, 225, 101, 256, 132
-0.992277, 25, 145, 88, 176
-0.992295, 57, 133, 120, 164
-0.992312, 297, 173, 360, 204
-0.992326, 193, 225, 256, 256
-0.992331, 105, 145, 168, 176
-0.992339, 265, 113, 328, 144
-0.992353, 145, 73, 208, 104
-0.992391, 89, 177, 120, 304
-0.992427, 17, 249, 80, 312
-0.992453, 385, 69, 448, 100
-0.99246, 193, 105, 320, 136
-0.992472, 177, 137, 208, 168
-0.992473, 225, 169, 480, 232
-0.992477, 217, 141, 248, 172
-0.992498, 401, 97, 432, 224
-0.99253, 129, 249, 256, 312
-0.992536, 201, 209, 264, 240
-0.992545, 33, 121, 96, 152
-0.992556, 145, 97, 208, 128
-0.992565, 213, 101, 244, 132
-0.992568, 57, 181, 120, 212
-0.992618, 1, 133, 64, 164
-0.992619, 369, 17, 496, 80
-0.992622, 365, 145, 396, 272
-0.992642, 177, 157, 240, 188
-0.992647, 185, 153, 216, 184
-0.992657, 321, 129, 384, 160
-0.99266, 385, 141, 448, 172
-0.992664, 309, 49, 340, 176
-0.992668, 205, 149, 236, 180
-0.992674, 1, 181, 64, 212
-0.992679, 177, 121, 208, 152
-0.992704, 425, 17, 488, 80
-0.992731, 377, 209, 440, 272
-0.992768, 369, 101, 432, 132
-0.992793, 145, 109, 272, 140
-0.992806, 337, 97, 368, 224
-0.992822, 97, 141, 224, 172
-0.992824, 209, 165, 272, 196
-0.992836, 185, 237, 248, 268
-0.992848, 165, 137, 196, 168
-0.992855, 145, 125, 272, 156
-0.992856, 433, 141, 496, 172
-0.992877, 337, 49, 368, 176
-0.992942, 321, 201, 448, 264
-0.992951, 337, 69, 400, 100
-0.992951, 433, 109, 496, 140
-0.992959, 261, 177, 292, 208
-0.992962, 409, 161, 472, 192
-0.992987, 33, 145, 288, 208
-0.992996, 229, 105, 244, 168
-0.993006, 189, 129, 220, 160
-0.993009, 405, 173, 436, 204
-0.993012, 281, 141, 312, 172
-0.993042, 173, 149, 204, 180
-0.993054, 249, 209, 312, 336
-0.993055, 1, 49, 500, 112
-0.993083, 73, 201, 136, 264
-0.993091, 81, 1, 144, 128
-0.993098, 233, 121, 264, 152
-0.99312, 1, 1, 64, 128
-0.993129, 41, 249, 104, 312
-0.993151, 49, 109, 112, 140
-0.993164, 161, 177, 192, 304
-0.993165, 169, 109, 200, 140
-0.993174, 457, 169, 488, 200
-0.993196, 245, 109, 276, 140
-0.993203, 289, 117, 352, 148
-0.993204, 393, 173, 424, 204
-0.993209, 469, 169, 500, 200
-0.99321, 293, 105, 324, 136
-0.993223, 145, 177, 272, 240
-0.993227, 153, 137, 184, 168
-0.993232, 97, 61, 160, 92
-0.993266, 165, 121, 196, 152
-0.993271, 113, 1, 176, 128
-0.993273, 17, 161, 80, 192
-0.993276, 185, 93, 248, 124
-0.993289, 241, 17, 304, 80
-0.993307, 105, 109, 136, 140
-0.993308, 209, 117, 336, 148
-0.99331, 281, 93, 344, 124
-0.993328, 229, 145, 260, 272
-0.993338, 97, 109, 224, 140
-0.993338, 137, 57, 200, 88
-0.993341, 417, 173, 448, 204
-0.993348, 201, 105, 216, 168
-0.993362, 341, 177, 372, 304
-0.993401, 149, 81, 180, 208
-0.993401, 297, 133, 328, 164
-0.993402, 317, 137, 348, 168
-0.99341, 137, 141, 168, 172
-0.993433, 361, 85, 424, 116
-0.993453, 257, 93, 320, 124
-0.993453, 121, 101, 184, 132
-0.99346, 201, 225, 232, 256
-0.993467, 201, 161, 232, 192
-0.993491, 189, 197, 220, 228
-0.993496, 89, 109, 120, 140
-0.993512, 153, 121, 184, 152
-0.993513, 161, 193, 224, 224
-0.993524, 317, 149, 348, 180
-0.993529, 293, 117, 324, 148
-0.993531, 177, 137, 304, 168
-0.993537, 393, 69, 424, 100
-0.993549, 177, 177, 208, 304
-0.99355, 117, 109, 148, 140
-0.993556, 193, 45, 256, 76
-0.993556, 313, 69, 376, 100
-0.99356, 157, 109, 188, 140
-0.993565, 33, 121, 288, 184
-0.993565, 353, 101, 384, 132
-0.993572, 313, 109, 376, 140
-0.993574, 409, 69, 472, 100
-0.993578, 365, 105, 396, 136
-0.993581, 441, 169, 472, 200
-0.993585, 273, 173, 304, 204
-0.993595, 217, 113, 232, 176
-0.993597, 249, 41, 312, 72
-0.993607, 333, 105, 364, 136
-0.993609, 129, 241, 256, 368
-0.993612, 281, 113, 312, 144
-0.993617, 141, 109, 172, 140
-0.993625, 365, 145, 396, 176
-0.993636, 1, 73, 256, 136
-0.993652, 369, 69, 400, 100
-0.993654, 377, 129, 440, 160
-0.993659, 77, 109, 108, 140
-0.993663, 129, 109, 160, 140
-0.993668, 381, 173, 412, 204
-0.993672, 257, 101, 288, 132
-0.993679, 173, 161, 204, 192
-0.993686, 317, 97, 348, 128
-0.993689, 317, 177, 348, 208
-0.993691, 405, 141, 436, 172
-0.993694, 5, 113, 36, 144
-0.993697, 381, 69, 412, 100
-0.993712, 233, 133, 264, 164
-0.993714, 25, 109, 88, 140
-0.993715, 289, 69, 352, 100
-0.993717, 101, 133, 132, 164
-0.993724, 117, 133, 148, 164
-0.993727, 233, 117, 296, 148
-0.993731, 209, 237, 272, 268
-0.993732, 125, 121, 156, 152
-0.993732, 337, 145, 368, 176
-0.993733, 169, 225, 232, 256
-0.993734, 1, 113, 500, 176
-0.993735, 125, 145, 156, 176
-0.993737, 225, 89, 256, 120
-0.993749, 377, 105, 408, 136
-0.993761, 69, 133, 100, 164
-0.993764, 429, 173, 460, 204
-0.99377, 305, 105, 336, 136
-0.993794, 5, 133, 36, 164
-0.993794, 223, 113, 238, 176
-0.993798, 49, 133, 80, 164
-0.993804, 409, 125, 472, 156
-0.993807, 17, 113, 48, 144
-0.993809, 89, 133, 120, 164
-0.993809, 157, 33, 188, 160
-0.993824, 65, 121, 96, 152
-0.993843, 349, 145, 380, 176
-0.993845, 269, 105, 300, 136
-0.993846, 433, 141, 464, 172
-0.993847, 457, 141, 488, 172
-0.993852, 17, 133, 48, 164
-0.993857, 353, 129, 416, 160
-0.993857, 201, 93, 232, 124
-0.993866, 77, 121, 108, 152
-0.993867, 65, 181, 96, 212
-0.993891, 17, 181, 48, 212
-0.993896, 49, 121, 80, 152
-0.993903, 469, 105, 500, 136
-0.993906, 33, 121, 64, 152
-0.993928, 305, 173, 336, 204
-0.993928, 235, 105, 250, 168
-0.993931, 113, 145, 144, 176
-0.993933, 69, 149, 100, 180
-0.993933, 5, 181, 36, 212
-0.993938, 369, 173, 400, 204
-0.993967, 421, 137, 452, 168
-0.993969, 193, 129, 208, 192
-0.993978, 417, 145, 448, 272
-0.993979, 393, 141, 424, 172
-0.993991, 33, 133, 64, 164
-0.994009, 141, 121, 172, 152
-0.994011, 405, 69, 436, 100
-0.994014, 129, 177, 160, 304
-0.994016, 181, 97, 212, 128
-0.994021, 381, 141, 412, 172
-0.994024, 193, 237, 224, 268
-0.994025, 357, 69, 388, 100
-0.99403, 409, 225, 472, 288
-0.994037, 211, 121, 226, 184
-0.994038, 209, 209, 240, 240
-0.994044, 209, 17, 272, 80
-0.994048, 1, 149, 32, 180
-0.994049, 329, 69, 360, 100
-0.994052, 65, 109, 96, 140
-0.994053, 269, 141, 300, 172
-0.994057, 249, 177, 280, 208
-0.99406, 213, 229, 244, 260
-0.994061, 457, 109, 488, 140
-0.994067, 93, 121, 124, 152
-0.994067, 389, 105, 420, 136
-0.99407, 105, 181, 136, 212
-0.99407, 353, 117, 416, 148
-0.99407, 137, 205, 200, 236
-0.994071, 113, 121, 144, 152
-0.994074, 297, 145, 328, 176
-0.994077, 445, 141, 476, 172
-0.994085, 353, 161, 384, 288
-0.994088, 101, 149, 132, 180
-0.994093, 345, 129, 376, 160
-0.994093, 389, 145, 420, 272
-0.994105, 457, 97, 488, 224
-0.994107, 317, 109, 348, 140
-0.994109, 469, 141, 500, 172
-0.994111, 425, 97, 456, 224
-0.994113, 201, 197, 264, 228
-0.994121, 285, 173, 316, 204
-0.994125, 285, 129, 316, 160
-0.994129, 277, 37, 308, 68
-0.994129, 225, 237, 256, 268
-0.994151, 425, 193, 488, 256
-0.994156, 333, 129, 364, 160
-0.994157, 333, 93, 364, 124
-0.994178, 105, 133, 168, 164
-0.994188, 247, 89, 262, 152
-0.994192, 257, 81, 500, 144
-0.99425, 105, 233, 168, 296
-0.994252, 393, 105, 456, 136
-0.994265, 337, 93, 400, 124
-0.994269, 305, 129, 336, 256
-0.994297, 101, 177, 132, 304
-0.994307, 161, 53, 224, 84
-0.994313, 185, 169, 248, 200
-0.994314, 433, 125, 496, 156
-0.994335, 161, 237, 224, 268
-0.994443, 349, 97, 380, 224
-0.99445, 153, 257, 216, 320
-0.994457, 221, 209, 252, 336
-0.994457, 425, 181, 488, 212
-0.994484, 409, 149, 472, 180
-0.99449, 257, 161, 288, 288
-0.994499, 1, 1, 128, 128
-0.994503, 433, 233, 496, 296
-0.994522, 329, 193, 360, 320
-0.994542, 207, 97, 222, 160
-0.994555, 113, 213, 176, 244
-0.994562, 193, 17, 320, 80
-0.9946, 225, 233, 352, 296
-0.994617, 377, 117, 440, 148
-0.994619, 183, 121, 198, 184
-0.994626, 65, 217, 192, 280
-0.994635, 317, 177, 348, 304
-0.994636, 57, 169, 120, 200
-0.994672, 371, 145, 386, 208
-0.994677, 401, 193, 464, 256
-0.994688, 377, 145, 408, 272
-0.994695, 433, 69, 496, 100
-0.994728, 257, 57, 500, 120
-0.994853, 209, 93, 336, 124
-0.994856, 33, 185, 96, 216
-0.994874, 353, 173, 480, 204
-0.994875, 161, 25, 224, 88
-0.994876, 273, 101, 400, 132
-0.994878, 377, 233, 440, 296
-0.994878, 65, 249, 128, 312
-0.994879, 25, 1, 88, 128
-0.994883, 321, 241, 384, 368
-0.994906, 233, 229, 296, 260
-0.994919, 345, 205, 408, 236
-0.994928, 203, 137, 218, 200
-0.994965, 137, 225, 200, 256
-0.994971, 81, 121, 208, 152
-0.994986, 273, 141, 400, 172
-0.994997, 233, 165, 296, 196
-0.994998, 33, 169, 288, 232
-0.995044, 49, 41, 112, 104
-0.995046, 249, 145, 312, 176
-0.995046, 221, 89, 236, 152
-0.995049, 383, 145, 398, 208
-0.995078, 145, 249, 208, 280
-0.995088, 49, 109, 176, 140
-0.995091, 225, 141, 288, 172
-0.995095, 377, 145, 392, 208
-0.995107, 321, 157, 384, 188
-0.995115, 241, 225, 368, 352
-0.995121, 121, 89, 184, 120
-0.995153, 161, 85, 224, 116
-0.99516, 1, 89, 500, 152
-0.995174, 413, 97, 444, 224
-0.995181, 145, 241, 208, 368
-0.995182, 81, 173, 144, 204
-0.995183, 313, 85, 376, 116
-0.995189, 161, 169, 224, 200
-0.995196, 389, 145, 404, 208
-0.995207, 305, 169, 432, 200
-0.995221, 433, 97, 496, 128
-0.995227, 49, 133, 176, 164
-0.995232, 253, 97, 268, 160
-0.995248, 129, 97, 256, 128
-0.995259, 329, 145, 344, 208
-0.995263, 241, 177, 368, 208
-0.995264, 395, 145, 410, 208
-0.995272, 369, 201, 432, 232
-0.995284, 241, 121, 256, 184
-0.99529, 195, 105, 210, 168
-0.995291, 129, 177, 384, 240
-0.995304, 397, 65, 412, 128
-0.99531, 401, 145, 416, 208
-0.995312, 391, 65, 406, 128
-0.995335, 17, 65, 80, 96
-0.995346, 437, 97, 468, 224
-0.99535, 361, 161, 424, 192
-0.995357, 113, 205, 240, 236
-0.995358, 405, 65, 420, 128
-0.995364, 425, 1, 456, 128
-0.995372, 33, 145, 64, 272
-0.995373, 1, 177, 500, 240
-0.995375, 1, 149, 64, 180
-0.995384, 383, 65, 398, 128
-0.995385, 353, 145, 480, 176
-0.995411, 117, 177, 148, 304
-0.995412, 417, 145, 432, 208
-0.99544, 319, 137, 334, 200
-0.995453, 257, 25, 500, 88
-0.995461, 281, 113, 312, 240
-0.995462, 161, 81, 416, 144
-0.995464, 225, 129, 352, 160
-0.995487, 433, 57, 496, 88
-0.995503, 49, 149, 176, 180
-0.995527, 407, 145, 422, 208
-0.995533, 365, 145, 380, 208
-0.995538, 361, 97, 392, 224
-0.995539, 305, 129, 432, 160
-0.995545, 241, 97, 256, 160
-0.995546, 227, 137, 242, 200
-0.995588, 297, 249, 360, 312
-0.995608, 371, 65, 386, 128
-0.995629, 77, 193, 108, 320
-0.995661, 377, 65, 392, 128
-0.995672, 33, 121, 160, 152
-0.995677, 289, 17, 352, 80
-0.995686, 453, 145, 484, 272
-0.995687, 273, 241, 336, 304
-0.995731, 1, 133, 128, 164
-0.995742, 187, 145, 202, 208
-0.99579, 1, 173, 128, 204
-0.995804, 213, 89, 228, 152
-0.995826, 217, 137, 232, 200
-0.995863, 335, 145, 350, 208
-0.995864, 469, 81, 500, 208
-0.995872, 305, 241, 432, 368
-0.995925, 321, 105, 448, 136
-0.995933, 447, 65, 462, 128
-0.996012, 411, 65, 426, 128
-0.996037, 359, 145, 374, 208
-0.996064, 237, 209, 268, 336
-0.996068, 161, 201, 416, 264
-0.99607, 269, 161, 300, 288
-0.996078, 81, 61, 208, 92
-0.996079, 287, 113, 302, 176
-0.996089, 459, 145, 474, 208
-0.9961, 423, 145, 438, 208
-0.996108, 3, 105, 18, 168
-0.996109, 179, 153, 194, 216
-0.99612, 369, 193, 496, 256
-0.996129, 65, 185, 192, 216
-0.996143, 211, 145, 226, 208
-0.996152, 369, 69, 496, 100
-0.996174, 361, 241, 424, 368
-0.996204, 293, 113, 308, 176
-0.996213, 189, 105, 204, 168
-0.996234, 257, 113, 384, 144
-0.996239, 353, 233, 480, 296
-0.996248, 469, 129, 500, 256
-0.996316, 225, 145, 352, 176
-0.996323, 1, 49, 256, 112
-0.996334, 129, 73, 256, 104
-0.996342, 289, 69, 416, 100
-0.996369, 193, 45, 320, 76
-0.996399, 177, 121, 192, 184
-0.996426, 365, 65, 380, 128
-0.996435, 13, 113, 28, 176
-0.996439, 247, 113, 262, 176
-0.996446, 341, 145, 356, 208
-0.996452, 201, 177, 216, 240
-0.996454, 465, 145, 480, 208
-0.996473, 297, 241, 360, 368
-0.996492, 233, 129, 248, 192
-0.996492, 33, 241, 96, 368
-0.996501, 307, 113, 322, 176
-0.996513, 429, 145, 444, 208
-0.996523, 235, 81, 250, 144
-0.996535, 333, 169, 348, 232
-0.996539, 129, 85, 256, 116
-0.996539, 1, 193, 256, 256
-0.996549, 313, 137, 328, 200
-0.996587, 367, 169, 382, 232
-0.996595, 325, 169, 340, 232
-0.9966, 441, 65, 456, 128
-0.996616, 257, 165, 384, 196
-0.996617, 301, 113, 316, 176
-0.996625, 45, 145, 76, 272
-0.996638, 1, 145, 128, 176
-0.99664, 71, 145, 86, 208
-0.996646, 193, 205, 320, 236
-0.996652, 331, 65, 346, 128
-0.996654, 453, 145, 468, 208
-0.996686, 473, 145, 488, 208
-0.996705, 163, 49, 178, 112
-0.996715, 273, 17, 400, 80
-0.996741, 353, 145, 368, 208
-0.996747, 1, 249, 128, 312
-0.996754, 195, 141, 210, 172
-0.996773, 15, 137, 30, 200
-0.996778, 313, 105, 328, 168
-0.996783, 453, 65, 468, 128
-0.996786, 479, 145, 494, 208
-0.996792, 369, 105, 496, 136
-0.996798, 149, 57, 164, 120
-0.996805, 293, 97, 324, 224
-0.996813, 169, 49, 184, 112
-0.996823, 413, 1, 444, 128
-0.996826, 173, 145, 188, 208
-0.996828, 209, 201, 224, 264
-0.996844, 27, 113, 42, 176
-0.996849, 373, 169, 388, 232
-0.996853, 19, 113, 34, 176
-0.996856, 337, 65, 352, 128
-0.996856, 417, 65, 432, 128
-0.996856, 347, 145, 362, 208
-0.996892, 273, 1, 304, 256
-0.996898, 385, 105, 400, 168
-0.996919, 223, 121, 238, 152
-0.996921, 169, 113, 184, 176
-0.996923, 305, 85, 432, 116
-0.996924, 81, 97, 208, 128
-0.996929, 1, 217, 500, 280
-0.996938, 485, 145, 500, 208
-0.996941, 317, 169, 332, 232
-0.996953, 1, 105, 128, 136
-0.996956, 447, 145, 462, 208
-0.996957, 49, 33, 176, 96
-0.99696, 273, 241, 336, 368
-0.996961, 155, 57, 170, 120
-0.996986, 435, 65, 450, 128
-0.996997, 175, 49, 190, 112
-0.997002, 353, 81, 480, 112
-0.997002, 161, 149, 288, 180
-0.997007, 377, 105, 392, 168
-0.997018, 361, 105, 376, 168
-0.997019, 233, 33, 264, 288
-0.997022, 391, 105, 406, 168
-0.997029, 361, 169, 376, 232
-0.997043, 367, 105, 382, 168
-0.997051, 217, 117, 232, 148
-0.997054, 339, 169, 354, 232
-0.997082, 379, 169, 394, 232
-0.9971, 181, 141, 196, 172
-0.997103, 145, 49, 272, 80
-0.997116, 429, 65, 444, 128
-0.99712, 127, 145, 142, 208
-0.997123, 359, 65, 374, 128
-0.99714, 435, 145, 450, 208
-0.997142, 257, 201, 500, 264
-0.997144, 387, 169, 402, 232
-0.997154, 229, 129, 244, 160
-0.997165, 247, 93, 262, 124
-0.997168, 111, 137, 126, 200
-0.997178, 221, 97, 252, 352
-0.997179, 115, 113, 130, 176
-0.99718, 423, 65, 438, 128
-0.997194, 441, 145, 456, 208
-0.997196, 441, 145, 472, 272
-0.997208, 117, 145, 132, 208
-0.997208, 353, 169, 368, 232
-0.997231, 205, 1, 236, 256
-0.997234, 109, 113, 124, 176
-0.997234, 227, 81, 242, 144
-0.997239, 397, 105, 412, 168
-0.997243, 223, 133, 238, 164
-0.997244, 393, 169, 408, 232
-0.997254, 61, 193, 92, 320
-0.997259, 161, 165, 288, 196
-0.997266, 9, 137, 24, 200
-0.997269, 177, 65, 208, 320
-0.997271, 209, 149, 224, 180
-0.997273, 325, 65, 340, 128
-0.997275, 323, 113, 338, 176
-0.997276, 229, 117, 244, 148
-0.997278, 143, 57, 158, 120
-0.99729, 305, 137, 320, 200
-0.997301, 257, 89, 384, 120
-0.997307, 279, 137, 294, 200
-0.997309, 101, 137, 116, 200
-0.99731, 347, 169, 362, 232
-0.997314, 157, 115, 188, 130
-0.997315, 357, 207, 388, 222
-0.997324, 403, 105, 418, 168
-0.997332, 113, 153, 144, 168
-0.997337, 179, 97, 194, 160
-0.997338, 285, 1, 316, 256
-0.99734, 237, 117, 252, 148
-0.997343, 205, 227, 236, 242
-0.997345, 27, 145, 42, 208
-0.997347, 129, 221, 256, 252
-0.997352, 223, 109, 238, 140
-0.997353, 181, 49, 196, 112
-0.997361, 5, 135, 36, 150
-0.997361, 57, 135, 88, 150
-0.997364, 457, 171, 488, 186
-0.997366, 399, 169, 414, 232
-0.997367, 61, 113, 92, 128
-0.997367, 285, 179, 316, 194
-0.997374, 393, 71, 424, 86
-0.997381, 437, 173, 468, 188
-0.997381, 3, 137, 18, 200
-0.997385, 207, 133, 222, 164
-0.99739, 85, 151, 116, 166
-0.997393, 197, 97, 228, 352
-0.997394, 389, 149, 420, 164
-0.997396, 173, 123, 204, 138
-0.997398, 337, 213, 368, 228
-0.9974, 469, 1, 500, 256
-0.9974, 365, 71, 396, 86
-0.997409, 321, 209, 352, 224
-0.997409, 161, 149, 192, 164
-0.99741, 369, 93, 496, 124
-0.997417, 305, 117, 432, 148
-0.997444, 1, 147, 32, 162
-0.997447, 185, 161, 216, 176
-0.997473, 369, 161, 496, 192
-0.997478, 85, 133, 116, 148
-0.997479, 97, 133, 128, 148
-0.997485, 97, 151, 128, 166
-0.997487, 129, 233, 384, 296
-0.997489, 377, 149, 408, 164
-0.997492, 401, 149, 432, 164
-0.997495, 217, 145, 232, 176
-0.997496, 209, 239, 240, 254
-0.997496, 261, 107, 292, 122
-0.997502, 193, 243, 224, 258
-0.997509, 235, 129, 250, 160
-0.99751, 261, 1, 292, 256
-0.997513, 69, 135, 100, 150
-0.997513, 209, 121, 224, 152
-0.997522, 109, 147, 140, 162
-0.997525, 49, 113, 80, 128
-0.997526, 425, 241, 488, 368
-0.99753, 89, 181, 120, 196
-0.99753, 109, 133, 140, 148
-0.997535, 1, 241, 64, 368
-0.997544, 237, 113, 268, 128
-0.997545, 53, 107, 84, 122
-0.997547, 189, 149, 204, 180
-0.997548, 369, 129, 496, 160
-0.99755, 337, 205, 464, 236
-0.997566, 197, 235, 228, 250
-0.997573, 37, 111, 68, 126
-0.997579, 153, 65, 184, 320
-0.99758, 289, 111, 320, 126
-0.997582, 1, 41, 128, 104
-0.997589, 13, 153, 44, 168
-0.997599, 215, 101, 230, 132
-0.997604, 189, 107, 220, 122
-0.997609, 237, 131, 268, 146
-0.997614, 217, 133, 232, 164
-0.997615, 193, 177, 320, 208
-0.997625, 305, 233, 432, 296
-0.997631, 269, 97, 300, 224
-0.997633, 369, 193, 400, 320
-0.997647, 97, 25, 224, 88
-0.997651, 209, 97, 240, 352
-0.997665, 333, 207, 364, 222
-0.997672, 229, 101, 244, 132
-0.997673, 49, 33, 80, 288
-0.997674, 305, 177, 336, 192
-0.997675, 247, 105, 262, 136
-0.997685, 345, 143, 376, 158
-0.997686, 187, 137, 202, 168
-0.997688, 321, 157, 448, 188
-0.997695, 469, 147, 500, 162
-0.997696, 195, 109, 210, 140
-0.997697, 273, 111, 304, 126
-0.997701, 329, 177, 360, 192
-0.997702, 21, 181, 52, 196
-0.99771, 369, 241, 496, 368
-0.997713, 161, 241, 288, 272
-0.997721, 469, 175, 500, 190
-0.997724, 201, 141, 216, 172
-0.997727, 169, 115, 200, 130
-0.99773, 33, 69, 160, 100
-0.997734, 389, 33, 420, 288
-0.997734, 361, 143, 392, 158
-0.997736, 239, 97, 254, 128
-0.997737, 125, 147, 156, 162
-0.997738, 329, 143, 360, 158
-0.99774, 245, 33, 276, 288
-0.997742, 357, 177, 388, 192
-0.997742, 197, 225, 228, 352
-0.997745, 145, 133, 176, 148
-0.997762, 37, 33, 68, 288
-0.997766, 21, 33, 52, 288
-0.997768, 179, 129, 194, 160
-0.997769, 165, 155, 196, 170
-0.997772, 245, 95, 276, 110
-0.997776, 193, 135, 224, 150
-0.997776, 129, 33, 160, 288
-0.997777, 189, 125, 204, 156
-0.997784, 377, 33, 408, 288
-0.997789, 457, 147, 488, 162
-0.997793, 203, 117, 218, 148
-0.997794, 203, 153, 218, 184
-0.997797, 185, 127, 216, 142
-0.997799, 241, 121, 272, 136
-0.997815, 89, 33, 120, 288
-0.997817, 365, 149, 396, 164
-0.997824, 201, 163, 232, 178
-0.99783, 345, 207, 376, 222
-0.997838, 69, 33, 100, 288
-0.997842, 425, 175, 456, 190
-0.997847, 225, 101, 256, 116
-0.997854, 101, 33, 132, 288
-0.997856, 253, 101, 284, 116
-0.997859, 437, 1, 468, 128
-0.997876, 169, 137, 184, 168
-0.99788, 353, 117, 480, 148
-0.997881, 281, 137, 296, 168
-0.997886, 97, 153, 224, 184
-0.997889, 217, 1, 248, 256
-0.997898, 69, 153, 100, 168
-0.9979, 141, 33, 172, 288
-0.997902, 457, 141, 488, 156
-0.997908, 381, 193, 412, 320
-0.997916, 263, 177, 278, 208
-0.997932, 175, 141, 190, 172
-0.997943, 243, 121, 258, 152
-0.997946, 417, 173, 432, 204
-0.997949, 409, 173, 424, 204
-0.997953, 65, 205, 192, 236
-0.997956, 173, 161, 204, 176
-0.997957, 201, 157, 232, 172
-0.997962, 203, 105, 218, 136
-0.997965, 193, 205, 224, 220
-0.997977, 209, 105, 224, 136
-0.99798, 253, 105, 268, 136
-0.997993, 485, 169, 500, 200
-0.997999, 469, 141, 500, 156
-0.998002, 401, 33, 432, 288
-0.998008, 317, 33, 348, 288
-0.998018, 209, 157, 336, 188
-0.998019, 297, 1, 328, 256
-0.99802, 17, 161, 144, 192
-0.998021, 223, 97, 238, 128
-0.998021, 293, 145, 324, 160
-0.998028, 165, 65, 196, 320
-0.998032, 373, 143, 404, 158
-0.998036, 5, 33, 36, 288
-0.99804, 201, 129, 216, 160
-0.998043, 129, 133, 160, 148
-0.998047, 297, 135, 328, 150
-0.998055, 245, 107, 276, 122
-0.998059, 365, 33, 396, 288
-0.99806, 317, 177, 348, 192
-0.998064, 313, 147, 344, 162
-0.998069, 403, 173, 418, 204
-0.99807, 17, 185, 144, 216
-0.998083, 113, 33, 144, 288
-0.998085, 273, 153, 400, 184
-0.998086, 289, 205, 416, 236
-0.998088, 273, 179, 304, 194
-0.998094, 201, 129, 232, 144
-0.998095, 479, 169, 494, 200
-0.998112, 109, 109, 124, 140
-0.998116, 179, 153, 194, 184
-0.998118, 381, 175, 412, 190
-0.998118, 137, 143, 168, 158
-0.99812, 423, 169, 438, 200
-0.998122, 465, 169, 480, 200
-0.998123, 437, 143, 468, 158
-0.998128, 421, 143, 452, 158
-0.998137, 397, 173, 412, 204
-0.998139, 115, 109, 130, 140
-0.998139, 169, 133, 200, 148
-0.998154, 459, 169, 474, 200
-0.998155, 65, 181, 96, 196
-0.998156, 181, 109, 196, 140
-0.998159, 1, 153, 32, 168
-0.998162, 457, 1, 488, 256
-0.998172, 193, 1, 224, 256
-0.998173, 241, 129, 272, 375
-0.998173, 273, 57, 400, 88
-0.998177, 177, 155, 208, 170
-0.998179, 409, 143, 440, 158
-0.998186, 287, 137, 302, 168
-0.998192, 229, 141, 244, 172
-0.998194, 385, 143, 416, 158
-0.998205, 473, 169, 488, 200
-0.998207, 169, 121, 184, 152
-0.99821, 269, 177, 284, 208
-0.998213, 103, 109, 118, 140
-0.998222, 297, 105, 312, 136
-0.998225, 121, 109, 136, 140
-0.998238, 49, 173, 176, 204
-0.998244, 9, 181, 40, 196
-0.998245, 169, 109, 184, 140
-0.998248, 177, 217, 304, 248
-0.99825, 277, 173, 292, 204
-0.998254, 289, 97, 320, 352
-0.998256, 85, 129, 116, 375
-0.998257, 253, 93, 268, 124
-0.998257, 369, 177, 400, 192
-0.998258, 195, 129, 210, 160
-0.99826, 93, 109, 108, 140
-0.998261, 369, 25, 496, 56
-0.998262, 81, 85, 208, 116
-0.99827, 223, 145, 238, 176
-0.998272, 405, 69, 420, 100
-0.998272, 291, 105, 306, 136
-0.998273, 413, 33, 444, 288
-0.998277, 373, 101, 388, 132
-0.99828, 397, 143, 428, 158
-0.998286, 393, 175, 424, 190
-0.998286, 137, 129, 168, 375
-0.998292, 353, 33, 384, 288
-0.998294, 453, 169, 468, 200
-0.998295, 391, 69, 406, 100
-0.998295, 83, 109, 98, 140
-0.998301, 329, 33, 360, 288
-0.998301, 127, 109, 142, 140
-0.998307, 177, 229, 304, 260
-0.998309, 241, 133, 256, 164
-0.998312, 217, 147, 248, 162
-0.998314, 353, 101, 368, 132
-0.998316, 369, 57, 496, 88
-0.998316, 209, 161, 224, 192
-0.998316, 163, 121, 178, 152
-0.998318, 127, 145, 142, 176
-0.998318, 175, 113, 190, 144
-0.998319, 301, 97, 332, 352
-0.998321, 269, 97, 300, 352
-0.998321, 305, 177, 336, 304
-0.998322, 305, 141, 336, 156
-0.998324, 73, 129, 104, 375
-0.998328, 397, 69, 412, 100
-0.99833, 163, 109, 178, 140
-0.998333, 363, 101, 378, 132
-0.998339, 45, 129, 76, 375
-0.998339, 425, 33, 456, 288
-0.99834, 391, 173, 406, 204
-0.998341, 157, 109, 172, 140
-0.998341, 305, 105, 320, 136
-0.998347, 125, 129, 156, 375
-0.998347, 3, 113, 18, 144
-0.998349, 125, 133, 140, 164
-0.998349, 233, 95, 264, 110
-0.998352, 193, 119, 224, 134
-0.998362, 283, 173, 298, 204
-0.998365, 9, 113, 24, 144
-0.998368, 203, 165, 218, 196
-0.998373, 369, 69, 384, 100
-0.998375, 33, 129, 64, 375
-0.998381, 1, 241, 128, 368
-0.998383, 435, 169, 450, 200
-0.998384, 133, 109, 148, 140
-0.998388, 381, 69, 396, 100
-0.99839, 317, 129, 348, 375
-0.998392, 157, 121, 172, 152
-0.998392, 381, 101, 396, 132
-0.998393, 113, 129, 144, 375
-0.998393, 113, 189, 240, 220
-0.998397, 189, 113, 204, 144
-0.998399, 441, 173, 456, 204
-0.9984, 203, 97, 218, 224
-0.998401, 317, 177, 332, 208
-0.998404, 151, 121, 166, 152
-0.998404, 119, 133, 134, 164
-0.998406, 343, 97, 358, 128
-0.998407, 215, 157, 230, 188
-0.998409, 333, 105, 348, 136
-0.99841, 177, 117, 240, 132
-0.998413, 413, 175, 444, 190
-0.998415, 273, 145, 336, 160
-0.998416, 429, 169, 444, 200
-0.998418, 375, 69, 390, 100
-0.99842, 273, 217, 400, 248
-0.99842, 169, 145, 232, 160
-0.99842, 393, 193, 424, 320
-0.998423, 137, 141, 200, 156
-0.998426, 371, 145, 386, 176
-0.998427, 177, 137, 240, 152
-0.998427, 205, 201, 220, 232
-0.99843, 153, 133, 216, 148
-0.99843, 63, 133, 78, 164
-0.99843, 63, 121, 78, 152
-0.998432, 71, 133, 86, 164
-0.998433, 483, 105, 498, 136
-0.998434, 257, 97, 288, 352
-0.998434, 259, 105, 274, 136
-0.998434, 193, 111, 256, 126
-0.998438, 141, 109, 156, 140
-0.998439, 417, 141, 432, 172
-0.99844, 99, 133, 114, 164
-0.998441, 201, 105, 264, 120
-0.998444, 205, 151, 236, 166
-0.998446, 15, 113, 30, 144
-0.998446, 113, 133, 128, 164
-0.998447, 151, 109, 166, 140
-0.998447, 445, 33, 476, 288
-0.998451, 193, 129, 256, 144
-0.998453, 193, 123, 256, 138
-0.998455, 241, 107, 304, 122
-0.998455, 97, 129, 128, 375
-0.998456, 213, 209, 228, 240
-0.998461, 289, 1, 320, 128
-0.998462, 17, 133, 32, 164
-0.998463, 23, 133, 38, 164
-0.998463, 459, 141, 474, 172
-0.998467, 79, 133, 94, 164
-0.998469, 323, 177, 338, 208
-0.998469, 177, 193, 304, 224
-0.998469, 169, 155, 232, 170
-0.99847, 85, 133, 100, 164
-0.99847, 193, 33, 320, 64
-0.998471, 387, 101, 402, 132
-0.998475, 57, 129, 88, 375
-0.998476, 105, 133, 120, 164
-0.998477, 447, 173, 462, 204
-0.998477, 331, 145, 346, 176
-0.998479, 135, 145, 150, 176
-0.998479, 201, 117, 264, 132
-0.998483, 239, 97, 254, 224
-0.998485, 201, 137, 264, 152
-0.998486, 129, 147, 192, 162
-0.998488, 209, 99, 272, 114
-0.998491, 305, 143, 368, 158
-0.998493, 81, 181, 144, 196
-0.998495, 229, 81, 244, 208
-0.998499, 385, 175, 448, 190
-0.998511, 409, 143, 472, 158
-0.998512, 305, 181, 432, 212
-0.998516, 369, 129, 400, 375
-0.998518, 249, 179, 312, 194
-0.998519, 121, 133, 184, 148
-0.998521, 97, 133, 160, 148
-0.998522, 153, 115, 216, 130
-0.998523, 273, 139, 336, 154
-0.998526, 241, 113, 304, 128
-0.998526, 377, 143, 440, 158
-0.998527, 169, 109, 232, 124
-0.998528, 57, 181, 120, 196
-0.998529, 353, 177, 416, 192
-0.998531, 217, 111, 280, 126
-0.998537, 409, 175, 472, 190
-0.998541, 261, 179, 292, 194
-0.998542, 297, 177, 360, 192
-0.998543, 317, 141, 348, 156
-0.998543, 321, 177, 384, 192
-0.998543, 1, 181, 64, 196
-0.998543, 21, 129, 52, 375
-0.998544, 153, 161, 216, 176
-0.998545, 57, 153, 120, 168
-0.998545, 161, 207, 224, 222
-0.998549, 353, 143, 416, 158
-0.99855, 361, 71, 424, 86
-0.99855, 361, 149, 424, 164
-0.998551, 433, 141, 496, 156
-0.998551, 169, 123, 232, 138
-0.998552, 281, 107, 344, 122
-0.998554, 233, 101, 296, 116
-0.998556, 225, 139, 288, 154
-0.998556, 273, 177, 336, 192
-0.998559, 329, 143, 392, 158
-0.99856, 217, 129, 280, 144
-0.99856, 25, 153, 88, 168
-0.998562, 201, 209, 264, 224
-0.998562, 321, 207, 384, 222
-0.998563, 25, 175, 88, 190
-0.998564, 193, 149, 256, 164
-0.998566, 313, 149, 376, 164
-0.998566, 469, 177, 500, 304
-0.998568, 217, 123, 280, 138
-0.998569, 33, 111, 96, 126
-0.99857, 193, 143, 256, 158
-0.998571, 381, 129, 412, 375
-0.998571, 17, 147, 80, 162
-0.998572, 289, 113, 352, 128
-0.998572, 9, 129, 40, 375
-0.998575, 49, 257, 176, 288
-0.998576, 433, 147, 496, 162
-0.998576, 33, 181, 96, 196
-0.998576, 433, 173, 496, 188
-0.998577, 89, 151, 152, 166
-0.998577, 297, 209, 360, 224
-0.998578, 145, 123, 208, 138
-0.998579, 329, 171, 392, 186
-0.998581, 145, 155, 208, 170
-0.998581, 361, 205, 424, 220
-0.998583, 185, 233, 248, 248
-0.998583, 145, 77, 208, 92
-0.998586, 193, 155, 256, 170
-0.998588, 49, 135, 112, 150
-0.998589, 17, 93, 144, 124
-0.99859, 1, 113, 64, 128
-0.998591, 305, 137, 368, 152
-0.998591, 129, 117, 192, 132
-0.998591, 105, 183, 168, 198
-0.998592, 249, 145, 312, 160
-0.998594, 97, 111, 160, 126
-0.998596, 177, 103, 240, 118
-0.998596, 265, 133, 328, 148
-0.998596, 241, 119, 304, 134
-0.998596, 25, 135, 88, 150
-0.998597, 213, 105, 244, 120
-0.998598, 73, 135, 136, 150
-0.998598, 401, 69, 464, 84
-0.998599, 201, 203, 264, 218
-0.9986, 233, 209, 296, 224
-0.9986, 145, 109, 208, 124
-0.9986, 305, 131, 368, 146
-0.9986, 341, 1, 372, 256
-0.998601, 337, 149, 400, 164
-0.998601, 25, 165, 88, 180
-0.998602, 65, 147, 128, 162
-0.998603, 25, 159, 88, 174
-0.998603, 65, 111, 128, 126
-0.998604, 185, 93, 248, 108
-0.998605, 185, 245, 248, 260
-0.998606, 219, 81, 234, 208
-0.998607, 1, 153, 64, 168
-0.998607, 345, 109, 408, 124
-0.998607, 321, 215, 384, 230
-0.998608, 265, 209, 328, 224
-0.998608, 385, 205, 448, 220
-0.998609, 385, 149, 448, 164
-0.998609, 233, 95, 296, 110
-0.998609, 25, 119, 88, 134
-0.998609, 65, 187, 128, 202
-0.998611, 225, 233, 480, 296
-0.998611, 97, 189, 160, 204
-0.998614, 153, 235, 216, 250
-0.998614, 345, 211, 408, 226
-0.998614, 225, 141, 256, 156
-0.998615, 409, 149, 472, 164
-0.998615, 1, 135, 64, 150
-0.998615, 65, 175, 128, 190
-0.998615, 185, 239, 248, 254
-0.998616, 161, 201, 224, 216
-0.998616, 305, 101, 368, 116
-0.998619, 201, 47, 264, 62
-0.998619, 321, 71, 384, 86
-0.998619, 193, 165, 256, 180
-0.99862, 265, 113, 328, 128
-0.998622, 433, 107, 496, 122
-0.998623, 281, 119, 344, 134
-0.998623, 33, 105, 96, 120
-0.998623, 369, 109, 432, 124
-0.998624, 153, 223, 216, 238
-0.998624, 153, 55, 216, 70
-0.998624, 425, 69, 488, 84
-0.998624, 241, 129, 304, 144
-0.998624, 97, 209, 160, 224
-0.998624, 369, 103, 432, 118
-0.998625, 129, 211, 192, 226
-0.998626, 201, 173, 264, 188
-0.998645, 469, 97, 500, 352
-0.998645, 401, 129, 432, 375
-0.998645, 177, 249, 304, 312
-0.998674, 213, 129, 244, 144
-0.99868, 157, 133, 188, 148
-0.998683, 241, 253, 368, 284
-0.998684, 191, 113, 206, 240
-0.998696, 241, 41, 368, 72
-0.9987, 209, 97, 224, 224
-0.998702, 153, 139, 184, 154
-0.998715, 225, 57, 352, 88
-0.998719, 225, 229, 352, 260
-0.998731, 17, 201, 144, 232
-0.99874, 173, 149, 204, 164
-0.998741, 189, 113, 220, 128
-0.998742, 249, 81, 264, 208
-0.998776, 81, 73, 208, 104
-0.998776, 241, 201, 368, 232
-0.998781, 219, 33, 234, 160
-0.998783, 97, 257, 224, 288
-0.998797, 17, 193, 48, 320
-0.998804, 197, 129, 212, 256
-0.998811, 185, 141, 216, 156
-0.998813, 397, 1, 428, 128
-0.998814, 237, 33, 252, 160
-0.998827, 3, 97, 18, 224
-0.998845, 353, 185, 480, 216
-0.998857, 385, 1, 416, 128
-0.998861, 33, 225, 288, 288
-0.998874, 113, 177, 240, 208
-0.998886, 221, 111, 252, 126
-0.998892, 457, 97, 488, 352
-0.998896, 209, 241, 336, 272
-0.998902, 9, 97, 24, 224
-0.998905, 357, 129, 388, 375
-0.998912, 329, 129, 360, 375
-0.998912, 413, 129, 444, 375
-0.998913, 337, 217, 464, 248
-0.998917, 205, 113, 236, 128
-0.998917, 181, 129, 196, 256
-0.998919, 109, 181, 140, 196
-0.99893, 33, 249, 288, 312
-0.998937, 97, 49, 224, 80
-0.998948, 81, 265, 208, 328
-0.998963, 229, 33, 244, 160
-0.99897, 225, 123, 256, 138
-0.998979, 3, 49, 18, 176
-0.998987, 177, 73, 304, 104
-0.998988, 225, 189, 352, 220
-0.998996, 57, 241, 120, 368
-0.999007, 181, 133, 212, 148
-0.999009, 247, 33, 262, 160
-0.999031, 205, 121, 236, 136
-0.999047, 281, 143, 312, 158
-0.999054, 213, 33, 228, 160
-0.99906, 9, 49, 24, 176
-0.999064, 15, 113, 30, 240
-0.999078, 49, 193, 80, 320
-0.999109, 65, 217, 192, 248
-0.999134, 201, 33, 216, 160
-0.999134, 289, 45, 416, 76
-0.99914, 113, 233, 240, 264
-0.999144, 369, 37, 496, 68
-0.999148, 203, 145, 218, 272
-0.999149, 429, 177, 460, 304
-0.999157, 71, 129, 86, 256
-0.999168, 113, 245, 240, 276
-0.999171, 289, 253, 416, 284
-0.999172, 111, 129, 126, 256
-0.999185, 241, 69, 368, 100
-0.999186, 201, 107, 232, 122
-0.999197, 425, 129, 456, 375
-0.99922, 369, 233, 496, 264
-0.999236, 15, 49, 30, 176
-0.999237, 207, 33, 222, 160
-0.999241, 171, 129, 186, 256
-0.999241, 85, 65, 100, 192
-0.999243, 227, 129, 242, 256
-0.999247, 127, 129, 142, 256
-0.999255, 33, 57, 160, 88
-0.999275, 197, 81, 212, 208
-0.999276, 127, 49, 142, 176
-0.999286, 33, 81, 160, 112
-0.999304, 445, 129, 476, 375
-0.999307, 129, 61, 256, 92
-0.999308, 161, 253, 288, 284
-0.999312, 253, 33, 268, 160
-0.999321, 197, 141, 228, 156
-0.999322, 259, 33, 274, 160
-0.99933, 341, 129, 372, 375
-0.999336, 117, 113, 132, 240
-0.999337, 77, 129, 92, 256
-0.999337, 225, 135, 256, 150
-0.999341, 83, 113, 98, 240
-0.999347, 25, 49, 40, 176
-0.999348, 211, 145, 226, 272
-0.999351, 117, 49, 132, 176
-0.999351, 185, 147, 216, 162
-0.999362, 141, 129, 156, 256
-0.999364, 225, 217, 352, 248
-0.999365, 49, 245, 176, 276
-0.999376, 173, 143, 204, 158
-0.999377, 73, 65, 88, 192
-0.999386, 109, 49, 124, 176
-0.99939, 447, 49, 462, 176
-0.999392, 135, 129, 150, 256
-0.999399, 237, 101, 268, 116
-0.999401, 105, 129, 120, 256
-0.999406, 99, 113, 114, 240
-0.999411, 95, 49, 110, 176
-0.999413, 23, 97, 38, 224
-0.999418, 191, 65, 206, 192
-0.999423, 89, 113, 104, 240
-0.999424, 385, 241, 448, 368
-0.999439, 337, 253, 464, 284
-0.999446, 133, 49, 148, 176
-0.99945, 157, 129, 172, 256
-0.999452, 39, 49, 54, 176
-0.999452, 101, 49, 116, 176
-0.999478, 321, 57, 448, 88
-0.999482, 179, 81, 194, 208
-0.999489, 147, 129, 162, 256
-0.999495, 255, 97, 270, 224
-0.999495, 407, 49, 422, 176
-0.999495, 405, 193, 436, 320
-0.999502, 79, 65, 94, 192
-0.999504, 63, 49, 78, 176
-0.999517, 29, 97, 44, 224
-0.999527, 145, 25, 272, 88
-0.999554, 483, 17, 498, 144
-0.999561, 413, 49, 428, 176
-0.999562, 31, 49, 46, 176
-0.999562, 377, 49, 392, 176
-0.999565, 371, 49, 386, 176
-0.999569, 233, 129, 248, 256
-0.999569, 399, 49, 414, 176
-0.999578, 453, 49, 468, 176
-0.999584, 65, 129, 80, 256
-0.999589, 385, 49, 400, 176
-0.999595, 233, 107, 264, 122
-0.999596, 7, 149, 22, 164
-0.999596, 207, 205, 222, 220
-0.999597, 71, 153, 86, 168
-0.999597, 191, 127, 206, 142
-0.999598, 189, 159, 204, 174
-0.999599, 459, 147, 474, 162
-0.9996, 239, 111, 254, 126
-0.9996, 365, 143, 380, 158
-0.999601, 79, 181, 94, 196
-0.999601, 217, 105, 232, 120
-0.999601, 253, 99, 268, 114
-0.999602, 331, 143, 346, 158
-0.999602, 479, 175, 494, 190
-0.999603, 325, 143, 340, 158
-0.999604, 145, 133, 160, 148
-0.999605, 345, 207, 360, 222
-0.999605, 199, 129, 214, 144
-0.999607, 3, 181, 18, 196
-0.999607, 141, 145, 156, 160
-0.999607, 225, 129, 256, 144
-0.999609, 139, 133, 154, 148
-0.999609, 157, 139, 172, 154
-0.999609, 309, 135, 324, 150
-0.999609, 457, 141, 472, 156
-0.99961, 471, 141, 486, 156
-0.99961, 371, 143, 386, 158
-0.999612, 163, 129, 178, 256
-0.999613, 259, 107, 274, 122
-0.999613, 283, 179, 298, 194
-0.999613, 211, 105, 226, 120
-0.999613, 211, 145, 226, 160
-0.999613, 203, 169, 218, 184
-0.999615, 241, 97, 256, 112
-0.999616, 465, 141, 480, 156
-0.999616, 237, 137, 252, 152
-0.999617, 443, 143, 458, 158
-0.999617, 477, 141, 492, 156
-0.999617, 331, 177, 346, 192
-0.999618, 279, 147, 294, 162
-0.999619, 129, 151, 144, 166
-0.999619, 315, 177, 330, 192
-0.999619, 441, 49, 456, 176
-0.99962, 21, 181, 36, 196
-0.999621, 125, 181, 140, 196
-0.999621, 15, 153, 30, 168
-0.999621, 151, 133, 166, 148
-0.999622, 449, 143, 464, 158
-0.999623, 205, 135, 220, 150
-0.999623, 317, 147, 332, 162
-0.999624, 45, 49, 60, 176
-0.999624, 437, 143, 452, 158
-0.999624, 243, 129, 258, 144
-0.999625, 377, 143, 392, 158
-0.999627, 157, 133, 172, 148
-0.999627, 483, 141, 498, 156
-0.999628, 9, 181, 24, 196
-0.999628, 295, 143, 310, 158
-0.999628, 203, 163, 218, 178
-0.999629, 135, 147, 150, 162
-0.999629, 219, 129, 234, 256
-0.999631, 321, 177, 336, 192
-0.999631, 425, 175, 440, 190
-0.999631, 217, 137, 232, 152
-0.999633, 269, 179, 284, 194
-0.999633, 219, 153, 234, 168
-0.999634, 411, 175, 426, 190
-0.999635, 389, 175, 404, 190
-0.999636, 381, 177, 396, 192
-0.999636, 387, 143, 402, 158
-0.999636, 225, 123, 240, 138
-0.999637, 55, 49, 70, 176
-0.999637, 209, 161, 224, 176
-0.999637, 401, 175, 416, 190
-0.999638, 427, 143, 442, 158
-0.999638, 393, 143, 408, 158
-0.999639, 183, 157, 198, 172
-0.999641, 281, 161, 312, 288
-0.999641, 395, 175, 410, 190
-0.999641, 203, 107, 218, 122
-0.999641, 15, 181, 30, 196
-0.999642, 485, 173, 500, 188
-0.999642, 217, 131, 232, 146
-0.999642, 197, 109, 212, 124
-0.999642, 175, 133, 190, 148
-0.999644, 169, 139, 184, 154
-0.999644, 399, 143, 414, 158
-0.999644, 163, 133, 178, 148
-0.999644, 113, 181, 128, 196
-0.999645, 371, 177, 386, 192
-0.999645, 277, 179, 292, 194
-0.999646, 409, 143, 424, 158
-0.999646, 215, 117, 230, 132
-0.999647, 365, 49, 380, 176
-0.999649, 417, 143, 432, 158
-0.999652, 139, 49, 154, 176
-0.999653, 203, 157, 218, 172
-0.999653, 213, 123, 228, 138
-0.999655, 261, 179, 276, 194
-0.999655, 251, 105, 266, 120
-0.999655, 233, 109, 248, 124
-0.999655, 391, 49, 406, 176
-0.999657, 419, 175, 434, 190
-0.99966, 227, 105, 242, 120
-0.999661, 223, 137, 238, 152
-0.999662, 233, 123, 248, 138
-0.999662, 419, 49, 434, 176
-0.999666, 177, 61, 304, 92
-0.999667, 225, 145, 240, 160
-0.999669, 289, 143, 304, 158
-0.999669, 195, 135, 210, 150
-0.99967, 187, 133, 202, 148
-0.99967, 207, 121, 222, 136
-0.999671, 185, 147, 200, 162
-0.999671, 319, 141, 334, 156
-0.999672, 239, 103, 254, 118
-0.999673, 217, 111, 232, 126
-0.999674, 227, 111, 242, 126
-0.999676, 1, 257, 128, 288
-0.999677, 169, 133, 184, 148
-0.999677, 243, 121, 258, 136
-0.999679, 233, 115, 248, 130
-0.999681, 181, 135, 196, 150
-0.999681, 211, 135, 226, 150
-0.999682, 281, 141, 296, 156
-0.999688, 329, 49, 344, 176
-0.999691, 191, 143, 206, 158
-0.999692, 189, 153, 204, 168
-0.999693, 195, 149, 210, 164
-0.999695, 89, 17, 120, 144
-0.9997, 267, 33, 282, 160
-0.9997, 223, 131, 238, 146
-0.999701, 245, 105, 260, 120
-0.999702, 321, 233, 448, 264
-0.999703, 197, 141, 212, 156
-0.999706, 185, 141, 200, 156
-0.999708, 459, 33, 474, 160
-0.999708, 203, 141, 218, 156
-0.999714, 189, 155, 220, 170
-0.999715, 425, 49, 440, 176
-0.999721, 219, 147, 234, 162
-0.999722, 477, 17, 492, 144
-0.999722, 227, 117, 242, 132
-0.999723, 247, 95, 262, 110
-0.999724, 221, 117, 236, 132
-0.999726, 185, 81, 200, 208
-0.999729, 281, 17, 296, 144
-0.999729, 179, 151, 194, 166
-0.99973, 229, 129, 244, 144
-0.999734, 229, 139, 244, 154
-0.999744, 187, 161, 202, 288
-0.999745, 433, 49, 448, 176
-0.999751, 219, 123, 234, 138
-0.999751, 323, 97, 338, 224
-0.999753, 331, 145, 346, 272
-0.99976, 179, 141, 194, 156
-0.999763, 275, 33, 290, 160
-0.999764, 35, 97, 50, 224
-0.999768, 237, 131, 252, 146
-0.999769, 209, 151, 224, 166
-0.999773, 381, 97, 396, 224
-0.999777, 289, 17, 304, 144
-0.999783, 21, 145, 36, 272
-0.99979, 225, 117, 256, 132
-0.999792, 167, 81, 182, 208
-0.999796, 9, 145, 24, 272
-0.999799, 465, 33, 480, 160
-0.999812, 387, 97, 402, 224
-0.999815, 257, 241, 384, 272
-0.999822, 373, 97, 388, 224
-0.999829, 317, 129, 332, 256
-0.999833, 29, 193, 60, 320
-0.999837, 373, 1, 404, 128
-0.999857, 145, 49, 160, 176
-0.999858, 213, 209, 228, 336
-0.999859, 173, 81, 188, 208
-0.999869, 393, 97, 408, 224
-0.99987, 323, 145, 338, 272
-0.999874, 205, 135, 236, 150
-0.999877, 471, 33, 486, 160
-0.999882, 245, 129, 260, 256
-0.999882, 417, 129, 432, 256
-0.999882, 219, 209, 234, 336
-0.999883, 157, 81, 172, 208
-0.999883, 323, 49, 338, 176
-0.999885, 357, 49, 372, 176
-0.99989, 337, 49, 352, 176
-0.999892, 3, 145, 18, 272
-0.999893, 179, 33, 194, 160
-0.999906, 411, 129, 426, 256
-0.999907, 309, 49, 324, 176
-0.999912, 195, 17, 210, 144
-0.999926, 399, 97, 414, 224
-0.999928, 101, 177, 116, 304
-0.999929, 155, 193, 170, 320
-0.999936, 225, 209, 240, 336
-0.999956, 315, 49, 330, 176
-0.999958, 151, 81, 166, 208
-0.999958, 185, 33, 200, 160
-0.999962, 305, 193, 432, 224
-0.999968, 351, 49, 366, 176
-0.999971, 1, 25, 256, 88
-0.999971, 343, 177, 358, 304
-0.999972, 405, 129, 420, 256
-1.00005, 273, 29, 400, 60
-1.00013, 5, 193, 36, 320
-1.00015, 113, 165, 240, 196
-1.00016, 1, 249, 500, 312
-1.0003, 273, 229, 400, 260
-1.00033, 97, 33, 224, 64
-1.00035, 33, 45, 160, 76
-1.0004, 145, 265, 272, 296
-1.0004, 49, 229, 176, 260
-1.00048, 1, 213, 128, 244
-1.00048, 161, 257, 416, 320
-1.00056, 145, 37, 272, 68
-1.0006, 1, 245, 128, 276
-1.00064, 369, 13, 496, 44
-1.00071, 321, 25, 448, 56
-1.00074, 97, 269, 224, 300
-1.00076, 1, 225, 128, 288
-1.00078, 257, 265, 384, 296
-1.00079, 177, 21, 304, 52
-1.00113, 257, 1, 500, 64
-1.00131, 97, 17, 352, 80
-1.00162, 241, 257, 368, 320
-1.00176, 289, 257, 416, 320
-1.00203, 1, 25, 500, 88
-1.00208, 257, 257, 500, 320
-1.00233, 321, 17, 448, 80
-1.00249, 1, 273, 256, 336
-1.00263, 1, 1, 256, 64
-1.00305, 369, 257, 496, 320
-1.00305, 97, 1, 224, 64
-1.00327, 257, 305, 500, 368
-1.00339, 1, 305, 256, 368
-1.00343, 161, 281, 416, 344
-1.00347, 1, 17, 128, 80
-1.00351, 129, 305, 384, 368
-1.00358, 257, 281, 500, 344
-1.00384, 1, 273, 128, 336
-1.00517, 49, 9, 176, 72
-1.00545, 129, 273, 256, 336
-1.00567, 305, 305, 432, 368
-1.00571, 353, 313, 480, 375
-1.00578, 113, 313, 240, 375
-1.00597, 1, 273, 500, 336
-1.0061, 1, 297, 500, 360
-1.00614, 337, 281, 464, 344
-1.00621, 161, 305, 288, 368
-1.00625, 209, 297, 336, 360
-1.00633, 33, 313, 160, 375
-1.00637, 289, 281, 416, 344
-1.0064, 177, 273, 304, 336
-1.00652, 1, 1, 500, 64
-1.00662, 65, 289, 192, 352
-1.00696, 145, 1, 272, 64
-1.00702, 257, 305, 384, 368
