1968
-0.22169, 1, 1, 500, 375
-0.395924, 1, 1, 500, 256
-0.416027, 1, 129, 500, 375
-0.438661, 129, 1, 384, 375
-0.473061, 33, 1, 288, 375
-0.544463, 257, 1, 500, 375
-0.619212, 65, 1, 320, 256
-0.633861, 257, 97, 500, 352
-0.686653, 97, 129, 352, 375
-0.708, 1, 97, 256, 352
-0.752222, 257, 1, 500, 256
-0.760521, 161, 1, 416, 256
-0.841348, 353, 1, 480, 375
-0.860425, 129, 1, 256, 375
-0.870062, 305, 129, 432, 375
-0.87128, 49, 1, 176, 375
-0.874208, 305, 1, 432, 375
-0.874481, 1, 241, 500, 368
-0.875104, 337, 1, 464, 256
-0.879378, 33, 97, 160, 352
-0.881237, 65, 1, 192, 256
-0.882327, 257, 97, 384, 352
-0.884266, 289, 1, 416, 256
-0.884266, 113, 129, 240, 375
-0.885395, 113, 1, 240, 256
-0.890648, 1, 1, 500, 128
-0.895438, 353, 97, 480, 352
-0.898184, 65, 241, 320, 368
-0.898984, 17, 1, 144, 256
-0.900219, 1, 193, 500, 320
-0.900439, 1, 145, 500, 272
-0.903698, 177, 129, 304, 375
-0.905025, 1, 65, 500, 192
-0.909496, 193, 1, 320, 375
-0.914637, 1, 1, 128, 375
-0.914706, 257, 1, 384, 375
-0.917569, 161, 1, 288, 256
-0.925757, 257, 113, 500, 240
-0.928703, 257, 65, 500, 192
-0.931888, 257, 161, 500, 288
-0.934068, 81, 241, 208, 368
-0.934218, 369, 1, 496, 128
-0.934515, 193, 1, 448, 128
-0.935142, 209, 1, 336, 256
-0.938511, 65, 193, 320, 320
-0.938584, 289, 81, 416, 208
-0.939591, 129, 241, 256, 368
-0.942189, 65, 145, 320, 272
-0.943014, 289, 129, 416, 256
-0.943504, 385, 1, 448, 128
-0.943798, 161, 209, 416, 336
-0.944374, 297, 113, 360, 240
-0.944654, 193, 241, 320, 368
-0.945178, 121, 209, 184, 336
-0.945467, 321, 129, 384, 256
-0.945522, 337, 145, 400, 208
-0.945844, 81, 177, 208, 304
-0.946865, 353, 97, 480, 224
-0.947941, 105, 241, 168, 304
-0.948827, 49, 97, 176, 224
-0.949051, 33, 177, 160, 304
-0.949336, 353, 129, 416, 256
-0.949805, 161, 113, 416, 240
-0.950005, 353, 145, 480, 272
-0.950034, 241, 241, 368, 368
-0.950765, 153, 241, 216, 368
-0.950791, 81, 177, 144, 304
-0.951143, 97, 17, 352, 144
-0.952585, 257, 241, 500, 368
-0.952891, 241, 113, 368, 240
-0.953051, 193, 313, 256, 375
-0.953405, 81, 81, 144, 208
-0.953427, 385, 113, 448, 240
-0.953462, 17, 1, 144, 128
-0.954142, 297, 129, 360, 192
-0.954624, 297, 65, 360, 192
-0.955121, 105, 161, 168, 288
-0.95514, 345, 65, 408, 192
-0.955248, 137, 257, 200, 320
-0.955418, 305, 33, 432, 160
-0.955645, 273, 241, 336, 368
-0.957131, 161, 161, 416, 288
-0.957477, 369, 49, 496, 176
-0.95757, 1, 129, 128, 256
-0.957759, 169, 281, 232, 344
-0.957881, 1, 1, 256, 128
-0.957918, 97, 225, 160, 352
-0.95883, 257, 297, 320, 360
-0.959378, 217, 241, 280, 368
-0.959476, 1, 97, 256, 224
-0.959546, 249, 241, 312, 368
-0.959593, 113, 281, 176, 344
-0.960119, 313, 153, 376, 216
-0.961034, 361, 137, 424, 200
-0.961082, 153, 305, 216, 368
-0.961278, 73, 201, 136, 264
-0.961471, 129, 225, 192, 288
-0.961616, 113, 129, 240, 256
-0.961981, 217, 313, 280, 375
-0.962145, 161, 193, 288, 320
-0.962234, 97, 177, 160, 240
-0.962558, 73, 257, 136, 320
-0.962971, 73, 225, 136, 352
-0.963089, 73, 89, 136, 152
-0.963181, 193, 241, 256, 368
-0.963283, 289, 241, 416, 368
-0.963383, 161, 241, 224, 304
-0.963575, 65, 1, 128, 128
-0.963797, 57, 97, 120, 224
-0.963797, 273, 113, 336, 240
-0.964078, 289, 137, 416, 200
-0.964872, 321, 65, 384, 192
-0.964972, 241, 193, 368, 320
-0.96513, 353, 1, 416, 128
-0.965884, 129, 65, 384, 192
-0.965939, 193, 265, 256, 328
-0.96595, 313, 241, 376, 368
-0.966054, 425, 97, 488, 224
-0.966082, 369, 49, 432, 176
-0.966173, 89, 1, 152, 128
-0.966214, 113, 273, 240, 336
-0.966426, 89, 297, 152, 360
-0.966459, 289, 161, 352, 288
-0.966556, 153, 193, 216, 320
-0.966594, 409, 1, 472, 128
-0.966676, 33, 225, 160, 352
-0.96668, 361, 161, 424, 224
-0.966822, 97, 201, 160, 264
-0.966892, 385, 1, 448, 64
-0.967632, 33, 1, 96, 128
-0.967781, 193, 289, 256, 352
-0.967991, 281, 281, 344, 344
-0.968054, 385, 57, 448, 120
-0.968467, 217, 273, 280, 336
-0.968568, 49, 193, 112, 320
-0.96867, 385, 121, 448, 184
-0.969245, 289, 153, 352, 216
-0.969507, 73, 225, 136, 288
-0.969577, 97, 17, 224, 144
-0.969649, 81, 313, 208, 375
-0.96985, 321, 121, 384, 184
-0.969909, 81, 129, 144, 256
-0.969915, 105, 113, 168, 240
-0.970181, 145, 305, 272, 368
-0.970405, 193, 297, 320, 360
-0.97077, 353, 225, 480, 352
-0.970797, 145, 225, 176, 352
-0.97085, 265, 121, 328, 184
-0.970962, 409, 145, 472, 272
-0.971083, 97, 241, 224, 304
-0.971123, 305, 265, 368, 328
-0.971134, 337, 145, 464, 208
-0.971144, 393, 65, 456, 192
-0.971225, 337, 177, 400, 240
-0.97138, 329, 289, 392, 352
-0.972052, 121, 241, 152, 368
-0.972232, 337, 193, 400, 320
-0.972343, 385, 153, 448, 216
-0.972346, 49, 265, 176, 328
-0.972713, 57, 145, 120, 272
-0.972873, 377, 161, 440, 288
-0.972934, 89, 121, 152, 184
-0.97303, 337, 241, 400, 368
-0.973105, 233, 193, 296, 320
-0.973127, 305, 177, 432, 304
-0.973165, 133, 209, 164, 336
-0.973205, 353, 1, 416, 64
-0.973209, 361, 129, 392, 256
-0.973344, 161, 265, 288, 328
-0.973388, 385, 33, 448, 96
-0.973463, 289, 313, 352, 375
-0.973503, 289, 89, 416, 152
-0.973567, 409, 1, 472, 64
-0.973633, 289, 97, 352, 352
-0.973724, 129, 145, 192, 272
-0.973728, 113, 17, 176, 144
-0.9738, 377, 129, 408, 256
-0.974092, 109, 225, 140, 352
-0.974308, 289, 97, 352, 160
-0.974318, 113, 161, 144, 288
-0.9744, 65, 113, 128, 176
-0.974441, 265, 161, 328, 288
-0.974443, 385, 1, 448, 256
-0.974569, 117, 233, 148, 296
-0.97469, 345, 1, 408, 256
-0.974786, 241, 129, 368, 192
-0.975078, 73, 1, 136, 256
-0.97512, 125, 161, 156, 288
-0.975162, 1, 81, 128, 208
-0.975356, 313, 129, 376, 375
-0.975373, 341, 129, 372, 256
-0.975494, 241, 145, 304, 272
-0.975503, 357, 137, 388, 200
-0.975512, 273, 241, 304, 368
-0.975662, 209, 1, 336, 128
-0.975763, 113, 129, 176, 375
-0.975855, 345, 145, 376, 208
-0.975858, 65, 289, 192, 352
-0.975902, 377, 137, 408, 200
-0.975965, 129, 233, 160, 296
-0.97604, 33, 129, 96, 256
-0.976182, 353, 73, 416, 136
-0.976229, 309, 81, 340, 208
-0.976232, 241, 65, 368, 192
-0.976301, 49, 233, 176, 296
-0.976315, 1, 217, 128, 280
-0.976416, 49, 209, 176, 272
-0.976445, 409, 169, 472, 232
-0.976516, 337, 129, 400, 375
-0.976565, 177, 193, 240, 320
-0.976583, 161, 1, 288, 128
-0.976816, 329, 129, 360, 192
-0.976916, 281, 233, 344, 296
-0.977106, 25, 209, 88, 336
-0.977241, 9, 113, 72, 240
-0.977404, 209, 273, 336, 336
-0.977437, 109, 257, 140, 320
-0.977511, 433, 161, 496, 288
-0.977587, 305, 73, 368, 136
-0.977633, 385, 81, 448, 144
-0.977643, 369, 1, 496, 64
-0.977764, 257, 257, 320, 320
-0.977884, 289, 161, 416, 224
-0.977978, 369, 97, 432, 352
-0.978034, 397, 1, 428, 128
-0.978044, 241, 249, 368, 312
-0.978129, 93, 209, 124, 336
-0.978149, 369, 57, 496, 120
-0.978179, 369, 121, 496, 184
-0.978209, 353, 169, 480, 232
-0.978209, 193, 1, 256, 128
-0.978262, 313, 177, 376, 304
-0.978276, 129, 257, 160, 320
-0.978307, 109, 81, 140, 208
-0.978324, 121, 201, 184, 264
-0.97837, 309, 129, 340, 192
-0.978425, 189, 241, 220, 368
-0.978435, 49, 97, 112, 352
-0.978696, 65, 281, 128, 344
-0.978783, 241, 305, 368, 368
-0.978788, 205, 297, 236, 360
-0.978968, 97, 1, 160, 256
-0.979, 329, 129, 360, 256
-0.979007, 73, 177, 136, 240
-0.979028, 129, 1, 192, 256
-0.979079, 353, 113, 416, 176
-0.979095, 433, 73, 496, 136
-0.97916, 157, 249, 188, 312
-0.979223, 189, 273, 220, 336
-0.979279, 193, 129, 320, 256
-0.979377, 409, 105, 472, 168
-0.979387, 89, 97, 152, 352
-0.9794, 49, 185, 176, 248
-0.979492, 97, 81, 224, 208
-0.979516, 1, 161, 64, 288
-0.979541, 41, 209, 104, 272
-0.979641, 201, 193, 264, 320
-0.979657, 265, 305, 296, 368
-0.9797, 201, 241, 264, 304
-0.979736, 329, 1, 392, 128
-0.979781, 145, 257, 176, 320
-0.979815, 273, 281, 400, 344
-0.979896, 97, 65, 128, 192
-0.979911, 425, 129, 488, 192
-0.980173, 417, 49, 480, 176
-0.980229, 97, 97, 160, 160
-0.980245, 33, 129, 160, 192
-0.980267, 361, 241, 424, 368
-0.980305, 221, 313, 252, 375
-0.980348, 369, 97, 496, 160
-0.98036, 41, 305, 104, 368
-0.980381, 141, 217, 172, 280
-0.98044, 297, 177, 360, 240
-0.980522, 57, 137, 120, 200
-0.980524, 265, 169, 328, 232
-0.980583, 393, 97, 424, 224
-0.980729, 97, 257, 128, 320
-0.980811, 137, 281, 200, 344
-0.980886, 325, 153, 356, 216
-0.980913, 321, 289, 448, 352
-0.980946, 253, 313, 284, 375
-0.980949, 105, 65, 168, 192
-0.980976, 381, 1, 412, 64
-0.981062, 257, 65, 320, 192
-0.981092, 369, 33, 496, 96
-0.98114, 49, 241, 112, 368
-0.981307, 153, 1, 216, 128
-0.981328, 165, 297, 196, 360
-0.981362, 433, 97, 496, 160
-0.981382, 265, 129, 328, 375
-0.981385, 97, 225, 128, 288
-0.98143, 281, 297, 312, 360
-0.981438, 25, 1, 88, 256
-0.981458, 1, 209, 64, 272
-0.981603, 113, 217, 240, 280
-0.981607, 113, 177, 144, 240
-0.981633, 433, 1, 496, 64
-0.981639, 169, 241, 200, 368
-0.981646, 137, 129, 200, 375
-0.981677, 353, 1, 416, 375
-0.981707, 353, 33, 416, 96
-0.981739, 389, 145, 420, 208
-0.981744, 261, 241, 292, 368
-0.981923, 129, 1, 192, 375
-0.982014, 401, 225, 464, 352
-0.982096, 373, 65, 404, 192
-0.982122, 233, 129, 296, 375
-0.982194, 193, 1, 256, 256
-0.98221, 285, 241, 316, 368
-0.982215, 49, 105, 176, 168
-0.98227, 361, 161, 392, 224
-0.982283, 153, 313, 184, 375
-0.982306, 305, 1, 432, 64
-0.982323, 89, 145, 152, 208
-0.982367, 109, 281, 140, 344
-0.98241, 205, 257, 236, 320
-0.982422, 113, 105, 144, 168
-0.982575, 129, 177, 160, 240
-0.982588, 1, 193, 128, 256
-0.98261, 289, 65, 416, 128
-0.98271, 329, 241, 360, 368
-0.98275, 125, 113, 156, 240
-0.982772, 217, 1, 280, 128
-0.982798, 161, 1, 224, 256
-0.982866, 433, 193, 496, 256
-0.982912, 97, 185, 128, 248
-0.98293, 217, 265, 248, 328
-0.982939, 193, 313, 224, 375
-0.98296, 33, 185, 96, 248
-0.983013, 97, 1, 128, 128
-0.983026, 241, 217, 304, 280
-0.983062, 289, 113, 416, 176
-0.98307, 321, 33, 384, 288
-0.983113, 65, 313, 128, 375
-0.983165, 93, 305, 124, 368
-0.983202, 413, 1, 444, 128
-0.983213, 297, 289, 328, 352
-0.983245, 49, 1, 112, 256
-0.983283, 309, 281, 340, 344
-0.983304, 161, 129, 224, 375
-0.983314, 117, 201, 148, 264
-0.98333, 129, 201, 160, 264
-0.983336, 309, 153, 340, 216
-0.983354, 397, 121, 428, 184
-0.983375, 1, 209, 64, 336
-0.983655, 425, 209, 488, 336
-0.98368, 309, 89, 340, 152
-0.983688, 77, 81, 108, 208
-0.983703, 329, 265, 360, 328
-0.983709, 241, 313, 272, 375
-0.983782, 113, 137, 176, 200
-0.983842, 461, 185, 492, 248
-0.983919, 121, 281, 152, 344
-0.983962, 305, 25, 432, 88
-0.983977, 153, 217, 216, 280
-0.984018, 433, 153, 496, 216
-0.984019, 77, 89, 108, 152
-0.984069, 217, 129, 280, 256
-0.984086, 105, 81, 136, 144
-0.98411, 293, 121, 324, 184
-0.984132, 409, 81, 472, 144
-0.98422, 105, 1, 168, 375
-0.984294, 409, 1, 440, 64
-0.984315, 101, 161, 132, 288
-0.984322, 225, 241, 288, 304
-0.984338, 401, 97, 464, 352
-0.984346, 153, 217, 184, 280
-0.984356, 25, 233, 88, 296
-0.984378, 297, 97, 328, 224
-0.984417, 353, 265, 416, 328
-0.984428, 177, 241, 208, 304
-0.984436, 137, 281, 168, 344
-0.984452, 377, 113, 408, 176
-0.984465, 373, 169, 404, 232
-0.984488, 153, 1, 216, 375
-0.984517, 321, 65, 352, 192
-0.984555, 337, 157, 400, 188
-0.984612, 193, 241, 320, 304
-0.984716, 1, 185, 64, 248
-0.984805, 433, 129, 496, 375
-0.984883, 217, 289, 248, 352
-0.984922, 401, 25, 432, 88
-0.984962, 177, 265, 208, 328
-0.985, 345, 169, 376, 232
-0.985032, 297, 169, 328, 232
-0.985081, 433, 1, 496, 128
-0.985117, 129, 313, 192, 375
-0.985163, 381, 1, 412, 128
-0.985195, 93, 81, 124, 144
-0.985254, 97, 113, 128, 240
-0.985319, 429, 1, 460, 128
-0.985326, 381, 41, 412, 104
-0.985335, 137, 129, 168, 256
-0.985342, 193, 129, 256, 256
-0.985364, 333, 297, 364, 360
-0.985368, 265, 145, 328, 208
-0.985396, 377, 1, 440, 375
-0.985408, 153, 129, 216, 256
-0.985447, 341, 121, 372, 184
-0.985465, 297, 145, 328, 272
-0.985474, 77, 201, 108, 264
-0.985477, 157, 241, 188, 368
-0.985488, 297, 1, 360, 256
-0.985491, 333, 65, 364, 192
-0.985537, 181, 297, 212, 360
-0.985581, 73, 1, 136, 375
-0.985587, 349, 281, 380, 344
-0.985608, 273, 249, 304, 312
-0.985655, 297, 97, 328, 160
-0.985679, 361, 65, 392, 192
-0.985699, 49, 49, 176, 176
-0.9857, 25, 129, 88, 375
-0.985721, 161, 209, 288, 272
-0.985737, 401, 145, 432, 208
-0.985744, 129, 97, 192, 224
-0.985776, 105, 249, 168, 280
-0.985906, 85, 1, 116, 128
-0.985945, 161, 289, 224, 320
-0.986025, 145, 265, 208, 296
-0.986034, 241, 281, 272, 344
-0.986072, 393, 81, 424, 144
-0.986093, 189, 249, 220, 312
-0.986126, 193, 1, 256, 375
-0.986155, 49, 233, 112, 296
-0.986206, 109, 137, 140, 200
-0.986223, 321, 305, 352, 368
-0.98624, 305, 289, 368, 352
-0.986245, 193, 321, 256, 352
-0.986255, 257, 265, 288, 328
-0.986264, 441, 113, 472, 240
-0.986291, 353, 265, 480, 328
-0.98638, 433, 33, 496, 288
-0.986428, 385, 49, 416, 176
-0.986463, 393, 1, 456, 32
-0.986468, 145, 329, 208, 360
-0.986501, 145, 241, 272, 304
-0.986568, 341, 241, 372, 368
-0.986605, 241, 153, 368, 216
-0.986644, 417, 121, 448, 184
-0.986708, 193, 129, 256, 375
-0.98672, 329, 265, 392, 328
-0.986739, 201, 241, 232, 368
-0.986772, 101, 161, 132, 224
-0.986786, 329, 137, 392, 168
-0.986812, 345, 65, 376, 192
-0.98683, 441, 169, 472, 232
-0.986834, 409, 57, 472, 120
-0.986834, 417, 169, 448, 232
-0.986836, 1, 209, 32, 272
-0.986864, 129, 137, 160, 200
-0.986865, 217, 201, 280, 264
-0.98688, 201, 305, 264, 336
-0.986891, 317, 129, 348, 256
-0.986923, 393, 49, 424, 112
-0.986932, 285, 241, 316, 304
-0.986932, 369, 165, 432, 196
-0.986939, 381, 65, 412, 128
-0.987066, 273, 201, 336, 264
-0.987142, 329, 1, 392, 375
-0.9872, 97, 185, 224, 248
-0.987254, 305, 313, 336, 375
-0.987275, 269, 281, 300, 344
-0.987278, 397, 1, 428, 64
-0.987283, 193, 269, 256, 300
-0.987291, 201, 25, 264, 88
-0.987297, 85, 265, 116, 328
-0.987298, 457, 89, 488, 152
-0.987301, 153, 317, 216, 348
-0.98731, 329, 73, 392, 136
-0.987315, 429, 1, 460, 64
-0.987315, 269, 225, 300, 288
-0.987324, 41, 273, 104, 336
-0.987363, 361, 281, 392, 344
-0.987395, 149, 177, 180, 304
-0.987401, 121, 169, 184, 232
-0.987418, 97, 121, 128, 184
-0.987421, 385, 169, 416, 232
-0.987432, 293, 313, 324, 375
-0.987464, 1, 241, 64, 304
-0.987466, 81, 269, 144, 300
-0.987551, 125, 97, 156, 160
-0.987561, 9, 137, 72, 200
-0.987575, 81, 241, 112, 368
-0.987604, 273, 297, 336, 328
-0.987604, 245, 241, 276, 368
-0.987616, 389, 145, 420, 272
-0.987641, 233, 1, 296, 64
-0.987642, 69, 113, 100, 176
-0.987655, 137, 17, 200, 80
-0.987666, 217, 329, 280, 360
-0.987706, 169, 329, 232, 360
-0.987723, 429, 97, 460, 224
-0.987726, 217, 1, 280, 256
-0.987772, 137, 345, 200, 375
-0.987814, 361, 185, 424, 248
-0.987829, 121, 105, 184, 168
-0.987832, 1, 49, 256, 176
-0.987851, 377, 89, 408, 152
-0.987853, 449, 121, 480, 184
-0.987863, 121, 281, 184, 312
-0.987888, 445, 97, 476, 160
-0.987911, 73, 225, 104, 288
-0.987918, 33, 281, 288, 344
-0.987944, 65, 113, 96, 240
-0.988043, 289, 257, 416, 320
-0.988056, 417, 145, 448, 208
-0.988057, 297, 157, 360, 188
-0.988057, 97, 185, 160, 216
-0.988086, 1, 273, 128, 336
-0.988119, 461, 129, 492, 192
-0.988129, 33, 49, 96, 176
-0.988185, 429, 105, 460, 168
-0.98819, 297, 145, 328, 208
-0.988207, 29, 225, 60, 288
-0.988209, 109, 1, 140, 128
-0.988213, 425, 217, 488, 280
-0.988221, 129, 249, 192, 280
-0.988239, 461, 153, 492, 216
-0.988244, 265, 97, 328, 160
-0.988249, 81, 89, 144, 120
-0.988264, 209, 105, 336, 168
-0.98831, 161, 301, 224, 332
-0.988328, 81, 313, 112, 375
-0.988374, 305, 169, 368, 200
-0.988389, 341, 257, 372, 320
-0.988405, 353, 113, 384, 176
-0.988427, 105, 305, 136, 368
-0.988448, 65, 1, 96, 128
-0.98847, 249, 309, 312, 340
-0.988604, 257, 1, 384, 128
-0.98864, 241, 225, 368, 288
-0.988666, 213, 241, 244, 368
-0.988674, 177, 209, 240, 272
-0.988675, 169, 273, 232, 304
-0.98873, 81, 129, 208, 192
-0.988731, 429, 137, 460, 200
-0.988748, 121, 261, 184, 292
-0.9888, 409, 1, 472, 256
-0.988826, 329, 173, 392, 204
-0.988836, 409, 193, 472, 256
-0.988844, 73, 273, 104, 336
-0.988853, 9, 1, 72, 128
-0.988854, 145, 1, 176, 64
-0.988867, 113, 9, 176, 72
-0.988894, 333, 177, 364, 240
-0.988896, 253, 289, 284, 352
-0.988905, 317, 257, 348, 320
-0.988907, 305, 1, 368, 375
-0.988915, 33, 305, 288, 368
-0.988949, 113, 237, 176, 268
-0.988972, 433, 193, 464, 256
-0.988997, 425, 57, 456, 120
-0.989003, 417, 97, 448, 160
-0.989006, 317, 225, 348, 352
-0.989043, 81, 65, 144, 128
-0.989089, 329, 241, 392, 304
-0.989093, 313, 273, 376, 304
-0.989109, 233, 257, 264, 320
-0.98911, 297, 241, 328, 368
-0.989115, 177, 217, 208, 280
-0.98912, 405, 97, 436, 224
-0.989141, 165, 273, 196, 336
-0.989144, 85, 225, 116, 288
-0.989161, 329, 73, 360, 136
-0.989165, 41, 225, 72, 288
-0.989171, 241, 161, 304, 224
-0.989172, 1, 313, 128, 375
-0.989186, 185, 341, 248, 372
-0.98919, 1, 265, 500, 328
-0.989193, 209, 1, 336, 64
-0.989217, 353, 141, 416, 172
-0.989242, 57, 129, 88, 192
-0.989251, 33, 137, 96, 200
-0.989258, 353, 289, 416, 352
-0.98929, 209, 137, 272, 200
-0.989342, 33, 81, 160, 144
-0.989342, 369, 153, 432, 184
-0.989381, 229, 281, 260, 344
-0.989391, 5, 185, 36, 248
-0.989394, 137, 137, 200, 200
-0.989437, 273, 185, 400, 248
-0.989531, 169, 17, 232, 80
-0.989532, 305, 133, 368, 164
-0.989571, 217, 1, 280, 375
-0.989587, 265, 33, 328, 288
-0.989606, 161, 253, 224, 284
-0.989659, 241, 193, 304, 256
-0.989715, 1, 129, 64, 375
-0.989776, 97, 205, 160, 236
-0.98978, 49, 161, 112, 224
-0.989846, 289, 285, 352, 316
-0.989878, 105, 221, 168, 252
-0.989951, 225, 241, 256, 368
-0.989962, 161, 341, 224, 372
-0.989982, 97, 105, 224, 168
-0.990005, 65, 205, 128, 236
-0.990016, 73, 229, 136, 260
-0.990104, 385, 53, 448, 84
-0.990111, 193, 65, 320, 192
-0.990119, 1, 241, 128, 304
-0.99013, 401, 1, 464, 375
-0.990132, 369, 1, 432, 32
-0.990149, 241, 321, 304, 352
-0.990319, 105, 297, 168, 328
-0.990329, 137, 233, 200, 264
-0.990357, 129, 265, 384, 328
-0.990363, 57, 49, 120, 176
-0.990371, 397, 49, 428, 176
-0.990403, 289, 313, 416, 375
-0.990434, 201, 1, 264, 64
-0.990446, 53, 129, 84, 256
-0.990509, 385, 177, 448, 240
-0.990515, 233, 281, 296, 312
-0.990523, 209, 281, 272, 312
-0.990637, 1, 241, 256, 304
-0.99065, 193, 1, 448, 64
-0.990675, 393, 153, 456, 184
-0.990678, 25, 9, 88, 72
-0.990678, 41, 113, 104, 176
-0.990707, 337, 293, 400, 324
-0.990757, 1, 289, 500, 352
-0.9908, 181, 193, 212, 320
-0.991044, 65, 125, 128, 156
-0.991052, 385, 37, 448, 68
-0.99108, 225, 137, 480, 200
-0.99121, 113, 249, 144, 280
-0.991234, 313, 201, 376, 264
-0.991238, 81, 281, 144, 312
-0.991245, 133, 245, 164, 276
-0.991253, 349, 193, 380, 320
-0.991269, 457, 193, 488, 320
-0.991287, 209, 341, 272, 372
-0.991308, 465, 129, 496, 256
-0.991346, 81, 257, 144, 288
-0.99136, 265, 169, 328, 200
-0.991364, 281, 193, 312, 320
-0.991392, 129, 17, 256, 80
-0.991403, 381, 153, 412, 184
-0.991446, 385, 141, 448, 172
-0.9915, 113, 269, 144, 300
-0.991507, 337, 193, 464, 256
-0.991514, 273, 329, 336, 360
-0.991516, 361, 177, 392, 304
-0.991524, 365, 1, 396, 128
-0.991532, 89, 121, 152, 152
-0.991596, 49, 1, 112, 375
-0.991617, 1, 161, 128, 224
-0.991635, 281, 1, 344, 375
-0.991647, 409, 25, 472, 88
-0.991649, 89, 17, 152, 80
-0.991718, 393, 101, 456, 132
-0.991727, 169, 193, 200, 320
-0.99173, 393, 17, 456, 48
-0.991755, 225, 177, 352, 240
-0.99177, 353, 209, 416, 272
-0.991787, 81, 17, 208, 80
-0.991793, 145, 193, 208, 256
-0.991798, 281, 125, 344, 156
-0.991821, 129, 257, 160, 288
-0.991856, 249, 269, 312, 300
-0.991954, 1, 233, 500, 296
-0.992009, 81, 81, 208, 144
-0.99201, 97, 241, 352, 304
-0.992026, 401, 1, 432, 32
-0.992037, 393, 117, 456, 148
-0.992038, 345, 157, 376, 188
-0.992065, 205, 313, 236, 344
-0.992069, 197, 329, 228, 360
-0.99208, 377, 129, 440, 160
-0.992094, 313, 81, 376, 112
-0.992181, 121, 241, 136, 304
-0.992221, 65, 17, 128, 80
-0.992221, 313, 313, 376, 375
-0.992223, 429, 145, 460, 272
-0.992225, 361, 157, 392, 188
-0.992229, 161, 137, 288, 200
-0.99225, 289, 145, 352, 176
-0.992256, 257, 341, 320, 372
-0.992261, 225, 297, 480, 360
-0.992317, 333, 157, 364, 188
-0.992321, 129, 305, 192, 336
-0.992337, 357, 137, 388, 168
-0.992349, 401, 233, 464, 296
-0.992371, 81, 245, 144, 276
-0.992381, 433, 281, 496, 344
-0.992383, 113, 289, 240, 320
-0.992401, 353, 13, 416, 44
-0.992407, 81, 193, 112, 320
-0.992434, 329, 49, 392, 112
-0.992442, 81, 317, 144, 348
-0.992449, 1, 1, 500, 64
-0.992471, 137, 221, 200, 252
-0.992485, 225, 309, 288, 340
-0.992489, 73, 193, 136, 224
-0.992524, 125, 269, 156, 300
-0.992537, 225, 321, 256, 352
-0.992546, 305, 157, 432, 188
-0.992558, 377, 141, 408, 172
-0.992563, 101, 257, 132, 288
-0.992575, 113, 237, 144, 268
-0.992579, 153, 325, 184, 356
-0.992604, 281, 1, 344, 128
-0.99268, 181, 269, 212, 300
-0.992688, 49, 137, 112, 168
-0.992692, 165, 301, 196, 332
-0.992695, 161, 341, 192, 372
-0.992717, 345, 281, 408, 312
-0.992718, 153, 253, 184, 284
-0.99272, 305, 17, 368, 144
-0.992726, 333, 137, 364, 168
-0.992741, 265, 145, 296, 272
-0.992761, 355, 137, 370, 200
-0.992763, 169, 241, 232, 272
-0.992765, 113, 181, 144, 212
-0.992777, 145, 233, 176, 264
-0.992784, 409, 273, 472, 336
-0.992793, 201, 269, 232, 300
-0.992797, 129, 305, 384, 368
-0.992816, 313, 149, 344, 180
-0.992849, 145, 277, 208, 308
-0.99285, 25, 1, 88, 375
-0.992866, 49, 341, 112, 372
-0.992866, 433, 49, 496, 112
-0.992868, 285, 113, 316, 240
-0.992876, 115, 257, 130, 320
-0.992879, 173, 325, 204, 356
-0.992893, 131, 257, 146, 320
-0.9929, 201, 293, 264, 324
-0.9929, 165, 253, 196, 284
-0.992907, 385, 65, 448, 96
-0.992911, 425, 133, 488, 164
-0.992915, 445, 65, 476, 192
-0.992917, 1, 1, 64, 256
-0.992917, 317, 133, 348, 164
-0.992928, 417, 1, 480, 32
-0.99293, 125, 289, 156, 320
-0.992953, 81, 305, 144, 336
-0.992955, 345, 1, 408, 32
-0.992971, 321, 305, 384, 336
-0.992983, 313, 161, 344, 192
-0.992986, 213, 301, 244, 332
-0.992992, 101, 193, 132, 224
-0.993003, 1, 221, 64, 252
-0.993005, 347, 145, 362, 208
-0.993005, 389, 1, 420, 32
-0.993007, 297, 125, 328, 156
-0.993016, 297, 317, 360, 348
-0.993024, 131, 233, 146, 296
-0.993034, 65, 217, 128, 248
-0.993039, 305, 137, 432, 168
-0.993045, 345, 81, 408, 112
-0.993056, 185, 345, 216, 375
-0.99306, 289, 293, 320, 324
-0.993061, 393, 133, 424, 164
-0.993065, 89, 313, 120, 344
-0.993067, 125, 185, 156, 216
-0.993076, 241, 329, 272, 360
-0.993076, 409, 177, 472, 208
-0.993079, 409, 165, 472, 196
-0.993081, 5, 177, 36, 304
-0.993088, 97, 245, 224, 276
-0.993102, 81, 257, 208, 288
-0.993103, 41, 1, 72, 128
-0.993112, 241, 237, 304, 268
-0.993116, 125, 233, 156, 264
-0.993122, 289, 181, 352, 212
-0.993123, 261, 313, 292, 344
-0.99313, 1, 209, 500, 272
-0.993143, 41, 329, 104, 360
-0.993146, 161, 313, 192, 344
-0.993148, 345, 137, 376, 168
-0.993159, 181, 313, 212, 344
-0.993171, 113, 281, 144, 312
-0.993183, 101, 273, 132, 304
-0.993194, 153, 265, 184, 296
-0.993195, 385, 85, 448, 116
-0.993202, 365, 137, 380, 200
-0.993212, 425, 1, 488, 375
-0.993219, 345, 69, 408, 100
-0.993219, 257, 177, 500, 240
-0.993237, 113, 109, 144, 140
-0.993242, 377, 169, 408, 200
-0.993246, 129, 129, 384, 192
-0.993251, 49, 253, 112, 284
-0.993263, 293, 193, 324, 320
-0.993267, 261, 345, 292, 375
-0.993295, 365, 169, 396, 200
-0.993299, 277, 301, 308, 332
-0.993301, 113, 297, 144, 328
-0.993308, 301, 145, 332, 176
-0.993318, 333, 301, 364, 332
-0.993331, 389, 165, 420, 196
-0.993341, 285, 333, 316, 364
-0.993342, 265, 145, 328, 176
-0.993342, 341, 169, 372, 200
-0.99335, 129, 209, 160, 240
-0.993355, 273, 253, 336, 284
-0.993378, 339, 129, 354, 192
-0.993379, 101, 229, 132, 260
-0.993381, 301, 173, 332, 204
-0.993385, 353, 289, 384, 320
-0.993387, 101, 305, 132, 336
-0.993398, 337, 241, 464, 304
-0.993405, 325, 177, 356, 304
-0.99342, 273, 337, 304, 368
-0.993425, 425, 49, 456, 176
-0.993425, 89, 257, 120, 288
-0.993428, 169, 289, 200, 320
-0.993432, 321, 309, 352, 340
-0.993436, 241, 309, 272, 340
-0.993442, 217, 341, 248, 372
-0.993451, 409, 145, 440, 272
-0.993462, 145, 337, 176, 368
-0.993472, 301, 285, 332, 316
-0.993475, 385, 177, 448, 208
-0.993484, 89, 133, 152, 164
-0.993486, 249, 297, 312, 328
-0.993487, 405, 149, 436, 180
-0.99349, 1, 1, 64, 375
-0.99349, 65, 293, 128, 324
-0.993508, 41, 309, 104, 340
-0.99351, 97, 85, 128, 116
-0.993514, 305, 321, 336, 352
-0.993545, 125, 197, 156, 228
-0.993549, 177, 241, 208, 272
-0.993552, 193, 281, 224, 312
-0.993559, 325, 169, 356, 200
-0.993569, 145, 305, 272, 336
-0.99357, 257, 81, 500, 144
-0.993572, 113, 273, 240, 304
-0.993588, 101, 217, 132, 248
-0.993593, 211, 297, 226, 360
-0.993596, 113, 325, 176, 356
-0.993598, 1, 209, 64, 240
-0.993599, 177, 321, 304, 352
-0.993606, 329, 265, 360, 296
-0.99362, 357, 181, 388, 212
-0.993628, 173, 337, 204, 368
-0.993632, 121, 133, 152, 164
-0.993642, 381, 69, 412, 100
-0.993647, 413, 1, 444, 32
-0.993649, 353, 29, 416, 60
-0.993649, 229, 309, 260, 340
-0.993654, 433, 209, 496, 240
-0.99366, 1, 105, 128, 168
-0.993666, 133, 221, 164, 252
-0.993667, 77, 205, 108, 236
-0.993669, 393, 1, 408, 64
-0.99367, 89, 201, 120, 232
-0.993681, 33, 201, 96, 232
-0.993687, 417, 117, 448, 148
-0.993689, 141, 257, 172, 288
-0.993709, 73, 101, 136, 132
-0.993709, 397, 121, 428, 152
-0.993712, 193, 193, 224, 320
-0.993714, 137, 281, 168, 312
-0.993721, 401, 21, 432, 52
-0.993723, 137, 241, 152, 304
-0.993725, 381, 41, 412, 72
-0.993744, 129, 317, 256, 348
-0.993747, 121, 17, 152, 144
-0.99376, 397, 57, 428, 88
-0.993765, 145, 241, 160, 304
-0.993768, 9, 245, 72, 276
-0.993774, 129, 293, 192, 324
-0.993779, 193, 293, 224, 324
-0.993782, 205, 313, 220, 375
-0.993787, 85, 89, 116, 120
-0.993791, 373, 177, 404, 304
-0.993799, 41, 213, 104, 244
-0.993807, 269, 233, 300, 264
-0.993811, 353, 93, 416, 124
-0.993817, 373, 137, 388, 200
-0.993832, 81, 313, 208, 344
-0.993834, 281, 253, 312, 284
-0.993844, 17, 9, 144, 72
-0.993848, 149, 205, 180, 236
-0.993849, 257, 265, 288, 296
-0.99385, 413, 177, 444, 208
-0.993859, 313, 177, 344, 208
-0.993863, 421, 165, 452, 196
-0.993873, 461, 201, 492, 232
-0.993875, 249, 277, 280, 308
-0.993877, 101, 125, 132, 156
-0.993886, 73, 125, 104, 156
-0.993892, 125, 265, 140, 328
-0.993898, 181, 281, 212, 312
-0.993899, 345, 45, 408, 76
-0.9939, 381, 129, 412, 160
-0.993911, 253, 325, 284, 356
-0.993912, 441, 1, 472, 32
-0.993913, 149, 277, 180, 308
-0.993918, 177, 281, 304, 312
-0.993923, 289, 165, 320, 196
-0.993945, 289, 217, 416, 280
-0.993959, 241, 33, 304, 288
-0.99396, 113, 137, 176, 168
-0.993963, 237, 277, 268, 308
-0.99397, 257, 157, 320, 188
-0.993973, 181, 253, 212, 284
-0.993975, 353, 177, 416, 208
-0.993979, 393, 137, 408, 200
-0.993979, 445, 181, 476, 212
-0.993984, 393, 109, 424, 140
-0.993993, 5, 217, 36, 248
-0.993995, 289, 169, 416, 200
-0.993996, 401, 161, 432, 192
-0.993996, 433, 165, 464, 196
-0.994, 393, 37, 424, 68
-0.99401, 113, 193, 144, 224
-0.994011, 377, 1, 408, 32
-0.994015, 145, 333, 272, 364
-0.99403, 433, 157, 496, 188
-0.994041, 429, 105, 460, 136
-0.994046, 453, 113, 484, 240
-0.994053, 185, 333, 216, 364
-0.994069, 53, 1, 84, 128
-0.994083, 331, 129, 346, 192
-0.994101, 41, 225, 104, 256
-0.994102, 353, 129, 416, 160
-0.994128, 297, 93, 360, 124
-0.994128, 57, 265, 120, 296
-0.99413, 433, 93, 496, 124
-0.994132, 209, 201, 336, 264
-0.994133, 193, 309, 320, 340
-0.994159, 65, 301, 192, 332
-0.994161, 49, 161, 176, 224
-0.994183, 65, 209, 320, 272
-0.994204, 417, 113, 480, 144
-0.994212, 105, 341, 168, 372
-0.994239, 209, 1, 240, 128
-0.99425, 297, 193, 360, 224
-0.994253, 137, 209, 200, 240
-0.994262, 205, 265, 220, 328
-0.99433, 147, 217, 162, 280
-0.994346, 465, 81, 496, 208
-0.994346, 1, 113, 500, 176
-0.9944, 257, 273, 500, 336
-0.994402, 149, 129, 180, 256
-0.994443, 257, 293, 384, 324
-0.994473, 65, 269, 192, 300
-0.994497, 257, 105, 500, 168
-0.994531, 387, 145, 402, 208
-0.994541, 307, 121, 322, 184
-0.994562, 167, 305, 182, 368
-0.994585, 221, 1, 252, 128
-0.994602, 353, 153, 480, 184
-0.994605, 379, 145, 394, 208
-0.994615, 313, 177, 344, 304
-0.994619, 257, 193, 288, 320
-0.994632, 161, 313, 176, 375
-0.994658, 193, 293, 320, 324
-0.994685, 115, 233, 130, 296
-0.994708, 257, 1, 320, 375
-0.994718, 289, 89, 416, 120
-0.994733, 1, 137, 500, 200
-0.994745, 25, 129, 56, 256
-0.99476, 271, 305, 286, 368
-0.994785, 81, 341, 208, 372
-0.994797, 109, 257, 124, 320
-0.994805, 269, 193, 300, 320
-0.994807, 85, 129, 116, 256
-0.994832, 317, 129, 332, 192
-0.994837, 325, 129, 340, 192
-0.99484, 265, 313, 280, 375
-0.994847, 17, 241, 144, 272
-0.994853, 117, 281, 132, 344
-0.994865, 241, 305, 368, 336
-0.994891, 337, 153, 352, 216
-0.994895, 277, 305, 292, 368
-0.994905, 49, 177, 80, 304
-0.994908, 123, 97, 138, 160
-0.994948, 257, 157, 384, 188
-0.99498, 125, 169, 140, 232
-0.994987, 197, 1, 228, 128
-0.995014, 245, 129, 276, 256
-0.995026, 441, 1, 472, 128
-0.995027, 9, 65, 72, 192
-0.995048, 173, 289, 188, 352
-0.995071, 369, 61, 496, 92
-0.995109, 337, 173, 464, 204
-0.995116, 287, 297, 302, 360
-0.995118, 289, 125, 416, 156
-0.995121, 409, 49, 440, 176
-0.995129, 257, 141, 384, 172
-0.99513, 129, 345, 256, 375
-0.995147, 181, 1, 212, 128
-0.995155, 151, 249, 166, 312
-0.995177, 229, 313, 244, 375
-0.995192, 33, 253, 160, 284
-0.995194, 259, 313, 274, 375
-0.9952, 441, 161, 472, 288
-0.995207, 49, 205, 176, 236
-0.995221, 193, 25, 448, 88
-0.995251, 469, 177, 500, 304
-0.995251, 177, 313, 192, 375
-0.995281, 65, 233, 192, 264
-0.995297, 369, 1, 496, 32
-0.995301, 161, 1, 192, 128
-0.995322, 369, 129, 496, 160
-0.995361, 123, 289, 138, 352
-0.995377, 155, 225, 170, 288
-0.995395, 301, 105, 316, 168
-0.995408, 65, 325, 192, 356
-0.995409, 141, 209, 156, 272
-0.99542, 225, 193, 256, 320
-0.995441, 321, 297, 448, 328
-0.995453, 193, 265, 320, 296
-0.995484, 17, 229, 144, 260
-0.995493, 1, 313, 500, 375
-0.995493, 307, 97, 322, 160
-0.99552, 1, 25, 500, 88
-0.995521, 49, 285, 176, 316
-0.995532, 157, 257, 172, 320
-0.995536, 417, 97, 448, 224
-0.995559, 357, 161, 372, 224
-0.995561, 93, 313, 108, 375
-0.995564, 29, 209, 60, 336
-0.995565, 1, 169, 500, 232
-0.995596, 199, 273, 214, 336
-0.995609, 251, 313, 266, 375
-0.995614, 305, 1, 432, 32
-0.995617, 161, 241, 288, 272
-0.995639, 65, 185, 320, 248
-0.995646, 369, 37, 496, 68
-0.995655, 1, 209, 128, 240
-0.995665, 329, 153, 344, 216
-0.995674, 399, 121, 414, 184
-0.995676, 369, 13, 496, 44
-0.995694, 121, 217, 136, 280
-0.995697, 369, 297, 496, 360
-0.995716, 353, 241, 384, 368
-0.995734, 305, 77, 432, 108
-0.99575, 399, 145, 414, 208
-0.995758, 363, 161, 378, 224
-0.995779, 107, 217, 122, 280
-0.995788, 163, 249, 178, 312
-0.995791, 337, 193, 368, 320
-0.995824, 373, 161, 388, 224
-0.995844, 241, 269, 368, 300
-0.995859, 273, 281, 400, 312
-0.995866, 115, 177, 130, 240
-0.995878, 293, 289, 308, 352
-0.995884, 305, 169, 320, 232
-0.995902, 129, 257, 256, 288
-0.995905, 337, 217, 464, 280
-0.995907, 97, 161, 224, 224
-0.995917, 369, 97, 496, 128
-0.995933, 235, 313, 250, 375
-0.995935, 155, 313, 170, 375
-0.995938, 353, 141, 480, 172
-0.995948, 225, 129, 352, 160
-0.995979, 141, 1, 172, 128
-0.995986, 187, 265, 202, 328
-0.995987, 1, 89, 500, 152
-0.995989, 197, 241, 212, 304
-0.995994, 97, 105, 352, 168
-0.996, 211, 265, 226, 328
-0.996002, 299, 289, 314, 352
-0.996029, 257, 201, 500, 264
-0.996031, 369, 77, 496, 108
-0.996047, 257, 233, 500, 296
-0.996106, 369, 49, 496, 80
-0.996123, 49, 125, 176, 156
-0.996124, 205, 289, 220, 352
-0.996139, 257, 17, 320, 144
-0.996182, 171, 241, 186, 304
-0.996199, 179, 289, 194, 352
-0.996216, 69, 225, 100, 352
-0.996259, 417, 1, 432, 64
-0.996274, 347, 121, 362, 184
-0.996299, 353, 1, 384, 128
-0.996303, 307, 145, 322, 208
-0.996313, 379, 169, 394, 232
-0.996341, 285, 65, 316, 192
-0.996351, 117, 89, 132, 152
-0.996354, 369, 117, 496, 148
-0.996361, 177, 345, 304, 375
-0.996373, 241, 317, 368, 348
-0.996407, 145, 177, 272, 240
-0.99641, 177, 249, 192, 312
-0.99641, 131, 177, 146, 240
-0.996412, 123, 193, 138, 256
-0.996413, 141, 265, 156, 328
-0.996417, 217, 297, 232, 360
-0.996445, 101, 305, 116, 368
-0.996446, 311, 281, 326, 344
-0.996453, 403, 25, 418, 88
-0.996456, 1, 121, 256, 184
-0.996493, 103, 185, 118, 248
-0.99651, 49, 217, 176, 248
-0.996527, 161, 217, 416, 280
-0.996532, 81, 193, 208, 224
-0.99654, 111, 297, 126, 360
-0.996542, 225, 281, 352, 312
-0.996554, 125, 241, 140, 272
-0.99656, 305, 13, 432, 44
-0.996568, 325, 273, 340, 336
-0.996575, 369, 25, 496, 56
-0.99658, 223, 313, 238, 375
-0.996586, 131, 209, 146, 272
-0.996611, 289, 113, 416, 144
-0.996619, 385, 1, 416, 256
-0.996622, 113, 201, 128, 264
-0.996629, 305, 289, 320, 352
-0.996631, 131, 281, 146, 344
-0.996634, 389, 65, 404, 128
-0.996637, 81, 97, 96, 160
-0.996648, 33, 97, 160, 128
-0.99665, 219, 265, 234, 328
-0.996668, 243, 313, 258, 375
-0.996674, 279, 225, 294, 288
-0.996682, 193, 333, 320, 364
-0.996693, 347, 169, 362, 232
-0.996696, 167, 309, 182, 340
-0.996701, 395, 25, 410, 88
-0.996704, 139, 241, 154, 272
-0.996718, 185, 297, 200, 360
-0.996727, 17, 273, 144, 304
-0.996735, 129, 153, 384, 216
-0.996752, 317, 281, 332, 344
-0.996754, 119, 245, 134, 276
-0.996754, 109, 81, 124, 144
-0.996755, 441, 209, 472, 336
-0.996756, 323, 153, 338, 216
-0.996764, 397, 57, 412, 120
-0.996771, 313, 89, 328, 152
-0.9968, 311, 169, 326, 232
-0.996804, 147, 193, 162, 256
-0.996807, 345, 265, 360, 328
-0.996813, 125, 129, 140, 192
-0.996832, 301, 129, 316, 192
-0.996839, 131, 105, 146, 168
-0.996851, 125, 269, 140, 300
-0.99686, 331, 265, 346, 328
-0.996866, 177, 25, 304, 88
-0.996869, 257, 337, 384, 368
-0.996879, 1, 57, 128, 120
-0.996879, 133, 253, 148, 284
-0.996893, 337, 257, 352, 320
-0.996901, 193, 265, 208, 328
-0.996906, 199, 313, 214, 375
-0.996913, 273, 181, 400, 212
-0.996926, 141, 177, 156, 240
-0.996933, 321, 313, 336, 375
-0.996938, 103, 265, 118, 328
-0.996938, 289, 317, 416, 348
-0.99694, 369, 185, 496, 216
-0.996941, 121, 129, 152, 375
-0.996958, 101, 209, 116, 272
-0.996964, 97, 217, 224, 248
-0.996969, 217, 81, 280, 208
-0.996989, 349, 157, 364, 188
-0.997007, 339, 297, 354, 360
-0.997016, 289, 101, 416, 132
-0.997022, 351, 289, 366, 352
-0.997025, 373, 1, 404, 256
-0.997026, 305, 313, 320, 375
-0.997027, 305, 25, 432, 56
-0.997035, 33, 137, 160, 168
-0.997036, 1, 193, 128, 224
-0.997043, 97, 17, 352, 80
-0.997044, 337, 285, 464, 316
-0.997054, 465, 121, 480, 184
-0.997056, 429, 1, 444, 64
-0.99706, 1, 217, 16, 280
-0.997062, 103, 121, 118, 184
-0.997074, 333, 129, 364, 375
-0.997079, 361, 281, 376, 344
-0.997081, 93, 81, 108, 144
-0.997088, 145, 245, 160, 276
-0.997091, 71, 121, 86, 184
-0.997094, 329, 153, 344, 184
-0.997118, 463, 193, 478, 256
-0.997125, 257, 249, 384, 280
-0.997129, 121, 65, 152, 192
-0.997152, 289, 49, 416, 80
-0.997154, 377, 97, 408, 352
-0.997155, 175, 289, 190, 320
-0.997163, 133, 129, 164, 375
-0.997199, 337, 157, 352, 188
-0.997234, 129, 1, 160, 256
-0.997236, 109, 1, 140, 256
-0.997273, 225, 173, 352, 204
-0.997277, 385, 149, 400, 180
-0.997284, 393, 149, 408, 180
-0.997293, 361, 129, 392, 375
-0.9973, 119, 269, 134, 300
-0.997303, 237, 193, 268, 320
-0.997304, 361, 1, 392, 256
-0.997328, 1, 17, 256, 80
-0.997332, 153, 333, 168, 364
-0.997373, 163, 321, 178, 352
-0.997396, 125, 281, 140, 312
-0.997407, 213, 309, 228, 340
-0.997412, 365, 241, 396, 368
-0.997417, 119, 257, 134, 288
-0.997419, 131, 277, 146, 308
-0.997422, 303, 121, 318, 152
-0.997425, 93, 1, 124, 256
-0.997436, 77, 1, 108, 256
-0.997436, 225, 49, 480, 112
-0.997444, 203, 321, 218, 352
-0.997444, 397, 1, 428, 256
-0.997447, 233, 1, 264, 128
-0.997451, 305, 269, 432, 300
-0.997485, 117, 281, 132, 312
-0.997497, 345, 65, 376, 320
-0.997498, 109, 261, 124, 292
-0.9975, 375, 149, 390, 180
-0.997506, 289, 37, 416, 68
-0.997517, 17, 85, 144, 116
-0.997531, 373, 137, 388, 168
-0.997539, 207, 289, 222, 320
-0.997557, 81, 137, 208, 168
-0.997572, 9, 129, 40, 256
-0.997582, 187, 345, 202, 375
-0.997584, 33, 313, 160, 344
-0.997585, 395, 1, 410, 32
-0.997589, 241, 237, 368, 268
-0.997589, 301, 129, 332, 375
-0.997589, 305, 169, 320, 200
-0.99761, 317, 129, 348, 375
-0.997614, 113, 233, 240, 264
-0.997617, 37, 129, 68, 256
-0.997617, 65, 85, 192, 116
-0.997627, 353, 269, 480, 300
-0.997643, 321, 65, 448, 96
-0.997656, 381, 169, 396, 200
-0.997656, 49, 109, 176, 140
-0.997658, 405, 1, 420, 32
-0.99766, 145, 233, 160, 264
-0.99767, 241, 329, 272, 344
-0.997671, 101, 255, 132, 270
-0.997671, 109, 97, 140, 352
-0.997674, 417, 117, 448, 132
-0.997676, 373, 137, 404, 152
-0.997683, 133, 223, 164, 238
-0.997689, 1, 337, 128, 368
-0.99769, 149, 257, 164, 288
-0.997698, 153, 225, 184, 240
-0.997703, 321, 315, 352, 330
-0.997705, 389, 97, 420, 352
-0.997708, 231, 317, 246, 348
-0.997711, 337, 139, 368, 154
-0.997712, 199, 333, 214, 364
-0.997713, 149, 245, 180, 260
-0.997714, 1, 325, 128, 356
-0.997719, 261, 271, 292, 286
-0.997721, 113, 109, 144, 124
-0.997727, 359, 157, 374, 188
-0.997728, 329, 269, 360, 284
-0.997736, 131, 237, 146, 268
-0.997738, 121, 177, 136, 208
-0.997739, 175, 313, 190, 344
-0.99774, 393, 125, 424, 140
-0.99774, 209, 269, 240, 284
-0.997741, 323, 133, 338, 164
-0.997748, 213, 301, 244, 316
-0.997751, 333, 165, 364, 180
-0.997753, 401, 161, 432, 176
-0.997754, 185, 287, 216, 302
-0.997757, 165, 297, 196, 312
-0.99776, 357, 181, 388, 196
-0.997773, 205, 269, 220, 300
-0.997776, 397, 133, 412, 164
-0.997776, 77, 205, 108, 220
-0.997781, 353, 201, 480, 232
-0.997783, 153, 81, 216, 208
-0.997787, 373, 161, 388, 192
-0.997788, 413, 1, 428, 32
-0.99779, 161, 213, 288, 244
-0.997793, 341, 301, 372, 316
-0.997794, 273, 293, 304, 308
-0.997797, 177, 335, 208, 350
-0.997802, 111, 273, 126, 304
-0.997803, 215, 297, 230, 328
-0.997807, 365, 157, 380, 188
-0.997814, 385, 3, 416, 18
-0.997814, 167, 253, 182, 284
-0.997815, 169, 293, 184, 324
-0.997822, 357, 153, 388, 168
-0.997824, 173, 247, 204, 262
-0.997829, 221, 1, 252, 256
-0.997833, 309, 125, 324, 156
-0.997846, 209, 17, 336, 48
-0.997849, 297, 329, 328, 344
-0.997852, 371, 177, 386, 208
-0.997855, 261, 317, 292, 332
-0.997856, 225, 129, 256, 256
-0.997858, 1, 289, 128, 320
-0.997864, 273, 341, 304, 356
-0.997869, 309, 165, 340, 180
-0.99787, 113, 249, 128, 280
-0.997871, 173, 245, 188, 276
-0.997872, 209, 141, 336, 172
-0.997878, 177, 253, 304, 284
-0.997886, 429, 193, 460, 320
-0.997887, 165, 263, 196, 278
-0.997893, 393, 131, 424, 146
-0.997894, 101, 239, 132, 254
-0.997896, 185, 351, 216, 366
-0.9979, 389, 43, 420, 58
-0.9979, 345, 137, 360, 168
-0.997901, 313, 177, 344, 192
-0.997902, 205, 177, 236, 304
-0.997903, 169, 321, 184, 352
-0.997912, 333, 307, 364, 322
-0.997913, 381, 51, 412, 66
-0.997915, 125, 293, 140, 324
-0.997921, 69, 97, 100, 352
-0.997923, 127, 181, 142, 212
-0.997925, 237, 281, 268, 296
-0.99793, 273, 193, 400, 224
-0.997941, 145, 1, 176, 256
-0.997941, 137, 281, 152, 312
-0.997947, 313, 133, 344, 148
-0.997948, 289, 129, 320, 375
-0.997953, 159, 261, 174, 292
-0.997953, 119, 233, 134, 264
-0.997953, 273, 309, 304, 324
-0.997954, 209, 161, 336, 192
-0.997955, 17, 177, 144, 208
-0.997955, 131, 265, 146, 296
-0.997956, 123, 97, 138, 128
-0.997958, 151, 233, 166, 264
-0.997962, 367, 137, 382, 168
-0.99797, 165, 1, 196, 256
-0.99797, 265, 347, 296, 362
-0.997976, 209, 117, 336, 148
-0.997977, 105, 287, 136, 302
-0.997981, 117, 299, 148, 314
-0.997983, 337, 175, 368, 190
-0.997985, 199, 273, 214, 304
-0.997991, 185, 1, 216, 256
-0.997995, 343, 157, 358, 188
-0.997998, 131, 289, 146, 320
-0.998002, 97, 199, 128, 214
-0.998002, 123, 193, 138, 224
-0.998003, 177, 229, 304, 260
-0.998012, 125, 237, 156, 252
-0.998012, 325, 33, 356, 288
-0.998013, 209, 65, 336, 128
-0.998018, 285, 335, 316, 350
-0.998028, 257, 221, 384, 252
-0.99803, 401, 7, 432, 22
-0.998031, 335, 137, 350, 168
-0.998033, 205, 1, 236, 256
-0.998033, 153, 129, 184, 375
-0.998034, 193, 341, 208, 372
-0.998037, 315, 129, 330, 160
-0.998038, 189, 345, 220, 360
-0.998047, 129, 285, 160, 300
-0.99805, 225, 321, 256, 336
-0.998051, 41, 1, 72, 256
-0.998053, 309, 151, 340, 166
-0.99806, 253, 353, 284, 368
-0.998061, 393, 41, 408, 72
-0.998062, 155, 249, 170, 280
-0.998062, 369, 153, 400, 168
-0.998065, 125, 257, 140, 288
-0.998078, 353, 173, 368, 204
-0.998078, 361, 165, 392, 180
-0.998086, 177, 329, 192, 360
-0.998094, 429, 177, 460, 192
-0.998096, 357, 137, 372, 168
-0.998101, 223, 325, 238, 356
-0.998103, 129, 211, 160, 226
-0.998104, 297, 293, 328, 308
-0.99811, 287, 301, 302, 332
-0.998111, 279, 305, 294, 336
-0.998113, 181, 309, 196, 340
-0.998117, 211, 265, 226, 296
-0.998119, 281, 303, 312, 318
-0.998122, 329, 137, 344, 168
-0.998122, 311, 173, 326, 204
-0.998127, 145, 13, 272, 44
-0.998128, 393, 143, 424, 158
-0.998129, 165, 345, 180, 375
-0.998133, 115, 181, 130, 212
-0.998138, 193, 273, 208, 304
-0.998139, 53, 1, 84, 256
-0.99814, 133, 181, 148, 212
-0.998141, 269, 313, 284, 344
-0.998144, 169, 341, 200, 356
-0.998146, 165, 253, 196, 268
-0.998146, 145, 263, 176, 278
-0.998149, 93, 317, 108, 348
-0.998151, 241, 209, 368, 240
-0.998153, 457, 33, 488, 160
-0.998154, 351, 137, 366, 168
-0.998155, 393, 137, 424, 152
-0.998157, 207, 333, 222, 364
-0.998157, 397, 165, 412, 196
-0.998158, 105, 189, 136, 204
-0.99816, 369, 179, 400, 194
-0.998161, 159, 333, 174, 364
-0.998161, 125, 187, 156, 202
-0.998167, 309, 33, 340, 288
-0.998168, 149, 251, 180, 266
-0.998169, 17, 193, 48, 320
-0.998178, 241, 359, 272, 374
-0.998181, 321, 167, 352, 182
-0.998188, 297, 293, 312, 324
-0.998202, 65, 1, 96, 256
-0.998204, 119, 301, 134, 332
-0.998211, 321, 189, 448, 220
-0.998213, 181, 325, 212, 340
-0.998213, 113, 233, 128, 264
-0.998215, 153, 205, 168, 236
-0.998216, 143, 257, 158, 288
-0.998217, 119, 109, 134, 140
-0.998217, 349, 159, 380, 174
-0.998221, 337, 169, 352, 200
-0.998224, 145, 217, 160, 248
-0.998224, 293, 173, 324, 188
-0.998227, 353, 213, 480, 244
-0.998233, 391, 65, 406, 96
-0.998236, 113, 239, 144, 254
-0.998237, 237, 319, 268, 334
-0.998241, 169, 129, 200, 375
-0.998241, 391, 137, 406, 168
-0.998248, 1, 65, 500, 128
-0.998248, 113, 181, 144, 196
-0.998262, 209, 5, 336, 36
-0.998263, 147, 337, 162, 368
-0.998263, 193, 339, 224, 354
-0.998268, 157, 321, 172, 352
-0.998273, 335, 305, 350, 336
-0.998274, 129, 1, 256, 32
-0.998275, 129, 25, 256, 56
-0.998278, 113, 225, 128, 352
-0.998289, 165, 303, 196, 318
-0.99829, 189, 129, 220, 375
-0.998294, 85, 93, 100, 124
-0.998299, 399, 153, 414, 184
-0.998305, 125, 273, 156, 288
-0.998311, 181, 357, 212, 372
-0.998312, 301, 109, 316, 140
-0.998312, 373, 143, 404, 158
-0.998314, 357, 291, 388, 306
-0.998316, 379, 137, 394, 168
-0.998317, 129, 225, 144, 352
-0.998317, 97, 109, 224, 140
-0.998318, 329, 165, 344, 196
-0.998321, 193, 81, 256, 208
-0.998322, 393, 169, 424, 184
-0.998324, 263, 317, 278, 348
-0.998325, 399, 121, 414, 152
-0.998327, 213, 307, 244, 322
-0.998328, 179, 245, 194, 276
-0.99833, 359, 289, 374, 320
-0.998333, 1, 301, 128, 332
-0.998339, 97, 97, 128, 352
-0.998343, 257, 129, 288, 375
-0.998351, 325, 313, 340, 344
-0.998352, 101, 273, 132, 288
-0.998355, 101, 309, 116, 340
-0.998359, 165, 129, 196, 256
-0.998362, 393, 1, 456, 16
-0.998366, 241, 317, 256, 348
-0.998369, 413, 1, 444, 16
-0.99837, 101, 267, 132, 282
-0.998371, 103, 193, 118, 224
-0.998379, 419, 1, 434, 32
-0.998383, 363, 177, 378, 208
-0.998391, 201, 285, 216, 316
-0.998391, 337, 161, 400, 176
-0.998393, 269, 345, 284, 375
-0.998394, 125, 133, 140, 164
-0.998395, 145, 137, 272, 168
-0.998396, 153, 321, 216, 336
-0.998396, 275, 341, 290, 372
-0.998399, 277, 261, 292, 292
-0.998416, 353, 293, 368, 324
-0.998418, 181, 281, 212, 296
-0.998418, 171, 337, 186, 368
-0.998424, 165, 309, 196, 324
-0.998425, 381, 163, 412, 178
-0.998426, 161, 305, 224, 320
-0.998432, 133, 265, 164, 280
-0.998434, 161, 343, 224, 358
-0.998439, 193, 323, 256, 338
-0.99844, 337, 159, 368, 174
-0.998445, 353, 155, 416, 170
-0.998447, 105, 279, 136, 294
-0.998451, 193, 329, 256, 344
-0.998451, 105, 245, 168, 260
-0.998455, 369, 171, 432, 186
-0.998455, 153, 327, 216, 342
-0.998456, 305, 173, 368, 188
-0.998457, 89, 267, 120, 282
-0.998459, 145, 333, 208, 348
-0.99846, 193, 273, 256, 288
-0.998461, 129, 249, 192, 264
-0.998465, 137, 347, 200, 362
-0.998469, 161, 321, 192, 336
-0.998471, 193, 317, 256, 332
-0.998471, 281, 301, 344, 316
-0.998473, 177, 273, 208, 288
-0.998477, 337, 167, 400, 182
-0.998479, 73, 271, 136, 286
-0.99848, 169, 299, 232, 314
-0.998482, 277, 241, 292, 368
-0.998483, 161, 289, 224, 304
-0.998487, 205, 129, 236, 375
-0.998488, 123, 241, 138, 368
-0.998489, 105, 251, 168, 266
-0.998491, 329, 141, 392, 156
-0.998491, 145, 271, 208, 286
-0.998491, 125, 293, 156, 308
-0.998492, 273, 307, 336, 322
-0.998492, 297, 167, 360, 182
-0.998494, 97, 85, 128, 100
-0.998494, 289, 295, 352, 310
-0.998495, 137, 341, 200, 356
-0.998496, 121, 287, 184, 302
-0.998496, 147, 225, 162, 352
-0.998501, 249, 323, 312, 338
-0.998501, 81, 277, 144, 292
-0.998502, 81, 87, 144, 102
-0.998503, 169, 337, 232, 352
-0.998505, 89, 201, 152, 216
-0.998507, 297, 155, 360, 170
-0.998508, 97, 193, 160, 208
-0.998508, 369, 165, 432, 180
-0.998511, 233, 331, 296, 346
-0.998512, 357, 141, 388, 156
-0.998512, 345, 295, 408, 310
-0.998513, 53, 129, 84, 375
-0.998513, 105, 261, 168, 276
-0.998514, 107, 209, 122, 336
-0.998514, 113, 299, 176, 314
-0.998515, 385, 7, 448, 22
-0.998517, 265, 313, 328, 328
-0.99852, 105, 217, 168, 232
-0.99852, 193, 279, 256, 294
-0.998521, 161, 261, 224, 276
-0.998521, 201, 307, 264, 322
-0.998521, 161, 315, 224, 330
-0.998522, 161, 283, 224, 298
-0.998522, 297, 137, 360, 152
-0.998523, 129, 259, 192, 274
-0.998524, 377, 159, 440, 174
-0.998525, 65, 213, 128, 228
-0.998526, 329, 173, 392, 188
-0.998526, 209, 345, 272, 360
-0.998527, 361, 1, 424, 16
-0.998528, 113, 271, 176, 286
-0.998529, 81, 283, 144, 298
-0.998531, 121, 293, 184, 308
-0.998533, 129, 281, 192, 296
-0.998533, 297, 289, 360, 304
-0.998533, 137, 353, 200, 368
-0.998534, 129, 241, 192, 256
-0.998535, 289, 131, 352, 146
-0.998535, 313, 279, 376, 294
-0.998535, 97, 207, 160, 222
-0.998536, 377, 153, 440, 168
-0.998536, 153, 277, 216, 292
-0.998536, 105, 281, 168, 296
-0.998538, 105, 223, 168, 238
-0.998539, 217, 321, 280, 336
-0.99854, 97, 261, 128, 276
-0.99854, 73, 291, 136, 306
-0.998542, 73, 93, 136, 108
-0.998544, 265, 171, 328, 186
-0.998546, 113, 245, 144, 260
-0.998547, 425, 129, 456, 375
-0.998547, 321, 155, 384, 170
-0.998547, 441, 33, 472, 288
-0.998548, 97, 205, 224, 236
-0.998548, 369, 177, 432, 192
-0.998549, 73, 207, 136, 222
-0.998549, 329, 149, 392, 164
-0.99855, 321, 83, 384, 98
-0.99855, 193, 285, 256, 300
-0.99855, 337, 181, 400, 196
-0.998554, 193, 353, 256, 368
-0.998555, 385, 43, 448, 58
-0.998555, 129, 235, 192, 250
-0.998555, 73, 265, 136, 280
-0.998556, 197, 271, 228, 286
-0.998557, 393, 19, 456, 34
-0.998557, 217, 339, 280, 354
-0.998559, 73, 237, 136, 252
-0.998559, 393, 109, 456, 124
-0.998559, 369, 139, 432, 154
-0.998559, 185, 343, 248, 358
-0.998561, 393, 117, 456, 132
-0.998562, 73, 231, 136, 246
-0.998562, 97, 239, 160, 254
-0.998563, 305, 161, 368, 176
-0.998563, 137, 265, 200, 280
-0.998564, 305, 179, 368, 194
-0.998566, 385, 57, 448, 72
-0.998566, 97, 187, 160, 202
-0.998568, 409, 1, 440, 256
-0.998568, 129, 323, 192, 338
-0.998569, 353, 13, 416, 28
-0.99857, 429, 1, 460, 256
-0.99857, 209, 301, 272, 316
-0.99857, 409, 177, 472, 192
-0.998572, 155, 241, 170, 368
-0.998573, 137, 305, 200, 320
-0.998573, 97, 121, 224, 152
-0.998573, 193, 335, 256, 350
-0.998573, 385, 51, 448, 66
-0.998573, 185, 359, 248, 374
-0.998574, 353, 149, 416, 164
-0.998576, 393, 25, 456, 40
-0.998576, 393, 123, 456, 138
-0.998577, 65, 297, 128, 312
-0.998577, 265, 295, 328, 310
-0.998578, 377, 145, 440, 160
-0.998579, 233, 361, 296, 375
-0.99858, 321, 273, 384, 288
-0.99858, 393, 101, 456, 116
-0.99858, 1, 225, 64, 240
-0.99858, 249, 351, 312, 366
-0.99858, 393, 13, 456, 28
-0.99858, 81, 99, 144, 114
-0.998582, 65, 219, 128, 234
-0.998583, 81, 181, 208, 212
-0.998583, 225, 287, 288, 302
-0.998583, 161, 249, 224, 264
-0.998584, 353, 7, 416, 22
-0.998585, 249, 285, 312, 300
-0.998585, 65, 201, 128, 216
-0.998586, 393, 165, 456, 180
-0.998587, 281, 333, 344, 348
-0.998587, 105, 305, 168, 320
-0.998596, 301, 129, 332, 144
-0.998597, 1, 113, 128, 144
-0.998598, 127, 177, 142, 304
-0.998598, 383, 129, 398, 256
-0.998618, 441, 129, 472, 375
-0.998629, 469, 97, 500, 352
-0.998649, 65, 21, 192, 52
-0.998649, 365, 129, 380, 256
-0.998651, 405, 129, 436, 375
-0.998656, 161, 347, 192, 362
-0.998662, 257, 1, 384, 64
-0.998664, 157, 331, 188, 346
-0.998667, 237, 129, 268, 375
-0.998671, 137, 225, 152, 352
-0.998672, 353, 257, 480, 288
-0.998675, 41, 225, 72, 352
-0.998691, 309, 97, 324, 224
-0.998702, 85, 129, 116, 375
-0.998715, 225, 327, 256, 342
-0.998734, 353, 129, 368, 256
-0.998736, 49, 149, 176, 180
-0.998757, 233, 1, 264, 256
-0.998765, 121, 161, 136, 288
-0.998777, 377, 129, 392, 256
-0.998781, 359, 129, 374, 256
-0.998787, 269, 129, 300, 375
-0.998795, 201, 327, 232, 342
-0.998811, 221, 129, 252, 375
-0.998815, 377, 241, 408, 368
-0.998828, 1, 125, 128, 156
-0.998833, 453, 33, 484, 288
-0.998835, 347, 129, 362, 256
-0.998839, 321, 229, 448, 260
-0.998843, 41, 129, 72, 375
-0.998845, 371, 129, 386, 256
-0.998861, 333, 113, 348, 240
-0.998863, 117, 285, 148, 300
-0.99887, 175, 241, 190, 368
-0.998877, 137, 247, 168, 262
-0.998886, 213, 129, 244, 256
-0.998895, 139, 177, 154, 304
-0.998896, 393, 129, 408, 256
-0.998901, 113, 267, 144, 282
-0.998904, 129, 73, 384, 136
-0.998911, 361, 159, 392, 174
-0.998932, 381, 171, 412, 186
-0.998944, 153, 257, 184, 272
-0.998948, 305, 245, 432, 276
-0.99895, 207, 241, 222, 368
-0.998954, 209, 313, 240, 328
-0.998964, 369, 305, 496, 336
-0.998967, 161, 185, 416, 248
-0.998971, 315, 97, 330, 224
-0.998972, 453, 129, 484, 375
-0.99898, 29, 1, 60, 256
-0.998983, 49, 165, 176, 196
-0.998985, 17, 17, 144, 48
-0.999009, 297, 33, 328, 288
-0.999059, 135, 129, 150, 256
-0.999059, 283, 241, 298, 368
-0.999075, 115, 177, 130, 304
-0.999075, 341, 129, 356, 256
-0.99908, 145, 177, 160, 304
-0.999081, 29, 129, 60, 375
-0.999086, 381, 149, 412, 164
-0.9991, 149, 339, 180, 354
-0.999107, 393, 1, 408, 128
-0.999112, 169, 241, 184, 368
-0.999122, 413, 1, 428, 128
-0.999127, 97, 97, 224, 128
-0.99914, 107, 161, 122, 288
-0.999143, 197, 333, 228, 348
-0.999159, 117, 279, 148, 294
-0.999162, 129, 113, 144, 240
-0.99917, 33, 145, 288, 208
-0.999176, 337, 241, 352, 368
-0.999181, 325, 113, 340, 240
-0.999188, 291, 241, 306, 368
-0.999193, 1, 97, 256, 160
-0.999196, 401, 33, 416, 160
-0.9992, 399, 113, 414, 240
-0.999204, 129, 193, 256, 224
-0.999208, 389, 49, 404, 176
-0.999208, 423, 1, 438, 128
-0.999218, 197, 129, 228, 256
-0.999219, 109, 261, 140, 276
-0.99922, 305, 257, 432, 288
-0.99923, 101, 241, 116, 368
-0.999242, 303, 113, 318, 240
-0.999245, 323, 65, 338, 192
-0.999249, 121, 81, 136, 208
-0.999252, 389, 241, 420, 368
-0.999259, 429, 1, 444, 128
-0.99926, 13, 129, 44, 375
-0.99927, 129, 259, 160, 274
-0.999279, 281, 33, 312, 288
-0.999286, 1, 129, 32, 375
-0.999302, 465, 1, 496, 256
-0.999304, 337, 65, 352, 192
-0.999306, 151, 177, 166, 304
-0.999318, 111, 65, 126, 192
-0.999337, 325, 157, 356, 172
-0.999341, 271, 241, 286, 368
-0.999349, 161, 225, 176, 352
-0.999349, 111, 1, 126, 128
-0.999362, 141, 129, 156, 256
-0.999366, 205, 321, 236, 336
-0.99937, 343, 241, 358, 368
-0.999372, 439, 1, 454, 128
-0.999373, 113, 273, 144, 288
-0.999396, 189, 241, 204, 368
-0.999397, 101, 1, 116, 128
-0.999418, 257, 25, 384, 88
-0.999422, 331, 241, 346, 368
-0.999427, 309, 145, 324, 272
-0.999443, 93, 1, 108, 128
-0.99945, 395, 49, 410, 176
-0.99945, 99, 177, 114, 304
-0.999456, 115, 113, 130, 240
-0.999476, 181, 241, 196, 368
-0.999477, 133, 177, 148, 304
-0.99948, 383, 81, 398, 208
-0.999485, 195, 225, 210, 352
-0.999494, 71, 113, 86, 240
-0.99951, 373, 65, 388, 192
-0.999516, 87, 1, 102, 128
-0.999519, 349, 241, 364, 368
-0.999537, 407, 97, 422, 224
-0.999546, 331, 65, 346, 192
-0.999551, 451, 113, 466, 240
-0.999551, 105, 65, 120, 192
-0.999552, 95, 65, 110, 192
-0.999556, 445, 1, 460, 128
-0.999558, 349, 65, 364, 192
-0.999562, 69, 177, 100, 304
-0.999576, 355, 81, 370, 208
-0.999583, 219, 241, 234, 368
-0.999586, 261, 241, 276, 368
-0.999589, 343, 65, 358, 192
-0.999611, 121, 1, 136, 128
-0.999617, 367, 81, 382, 208
-0.999622, 217, 301, 232, 316
-0.999623, 361, 161, 376, 176
-0.999623, 129, 183, 144, 198
-0.999623, 331, 311, 346, 326
-0.999624, 391, 67, 406, 82
-0.999624, 367, 141, 382, 156
-0.999625, 193, 341, 208, 356
-0.999625, 201, 285, 216, 300
-0.999626, 175, 307, 190, 322
-0.999626, 109, 307, 124, 322
-0.999626, 155, 229, 170, 244
-0.999626, 151, 207, 166, 222
-0.999627, 281, 341, 296, 356
-0.999627, 125, 261, 140, 276
-0.999627, 397, 137, 412, 152
-0.999628, 349, 299, 364, 314
-0.999629, 267, 315, 282, 330
-0.999629, 323, 317, 338, 332
-0.999629, 153, 341, 168, 356
-0.999629, 95, 241, 110, 368
-0.999629, 343, 303, 358, 318
-0.999631, 145, 219, 160, 234
-0.999631, 141, 287, 156, 302
-0.999632, 103, 311, 118, 326
-0.999632, 271, 347, 286, 362
-0.999632, 163, 257, 178, 272
-0.999633, 147, 245, 162, 260
-0.999633, 295, 117, 310, 132
-0.999633, 353, 173, 368, 188
-0.999633, 185, 355, 200, 370
-0.999634, 383, 157, 398, 172
-0.999635, 107, 271, 122, 286
-0.999635, 361, 291, 376, 306
-0.999637, 209, 291, 224, 306
-0.999637, 125, 269, 140, 284
-0.999637, 177, 301, 192, 316
-0.999637, 211, 333, 226, 348
-0.999638, 165, 347, 180, 362
-0.999638, 263, 351, 278, 366
-0.999639, 157, 263, 172, 278
-0.99964, 393, 43, 408, 58
-0.99964, 373, 141, 388, 156
-0.99964, 275, 309, 290, 324
-0.99964, 395, 145, 410, 160
-0.999641, 393, 3, 408, 18
-0.999642, 253, 357, 268, 372
-0.999642, 395, 49, 410, 64
-0.999642, 297, 241, 312, 368
-0.999644, 131, 267, 146, 282
-0.999645, 281, 305, 296, 320
-0.999645, 399, 167, 414, 182
-0.999647, 119, 277, 134, 292
-0.999647, 347, 165, 362, 180
-0.999648, 169, 253, 184, 268
-0.999649, 379, 173, 394, 188
-0.999649, 329, 167, 344, 182
-0.999649, 337, 307, 352, 322
-0.99965, 387, 145, 402, 160
-0.99965, 177, 287, 192, 302
-0.99965, 265, 33, 296, 288
-0.999651, 201, 273, 216, 288
-0.999652, 287, 301, 302, 316
-0.999652, 125, 255, 140, 270
-0.999653, 143, 257, 158, 272
-0.999653, 175, 315, 190, 330
-0.999653, 109, 259, 124, 274
-0.999654, 187, 271, 202, 286
-0.999655, 119, 301, 134, 316
-0.999656, 245, 361, 260, 375
-0.999656, 119, 261, 134, 276
-0.999656, 117, 239, 132, 254
-0.999657, 123, 241, 138, 256
-0.999658, 135, 285, 150, 300
-0.999658, 375, 167, 390, 182
-0.99966, 295, 295, 310, 310
-0.999661, 205, 323, 220, 338
-0.999661, 337, 173, 352, 188
-0.999661, 361, 65, 376, 192
-0.999663, 335, 165, 350, 180
-0.999664, 145, 65, 272, 192
-0.999665, 199, 335, 214, 350
-0.999665, 193, 275, 208, 290
-0.999667, 281, 193, 296, 320
-0.999668, 371, 179, 386, 194
-0.999669, 175, 247, 190, 262
-0.999672, 211, 313, 226, 328
-0.999675, 123, 179, 138, 194
-0.999675, 169, 321, 184, 336
-0.99968, 151, 263, 166, 278
-0.999682, 123, 289, 138, 304
-0.999682, 129, 287, 144, 302
-0.999683, 165, 331, 180, 346
-0.999685, 117, 249, 132, 264
-0.999686, 349, 159, 364, 174
-0.99969, 371, 157, 386, 172
-0.999691, 129, 295, 144, 310
-0.999696, 303, 125, 318, 140
-0.999697, 415, 1, 430, 16
-0.999698, 163, 323, 178, 338
-0.999699, 319, 241, 334, 368
-0.9997, 153, 335, 168, 350
-0.9997, 129, 247, 144, 262
-0.9997, 215, 307, 230, 322
-0.999703, 171, 301, 186, 316
-0.999703, 189, 349, 204, 364
-0.999704, 155, 257, 170, 272
-0.999705, 113, 271, 128, 286
-0.999707, 339, 159, 354, 174
-0.999707, 407, 1, 422, 128
-0.999712, 131, 261, 146, 276
-0.999712, 407, 1, 422, 16
-0.999712, 115, 255, 130, 270
-0.999714, 445, 97, 460, 224
-0.999715, 377, 151, 392, 166
-0.999715, 147, 251, 162, 266
-0.999718, 133, 255, 148, 270
-0.99972, 175, 293, 190, 308
-0.999721, 167, 313, 182, 328
-0.999723, 201, 241, 216, 368
-0.999723, 387, 151, 402, 166
-0.999724, 109, 265, 124, 280
-0.999724, 305, 171, 320, 186
-0.999725, 119, 269, 134, 284
-0.999727, 71, 1, 86, 128
-0.999727, 427, 129, 442, 256
-0.999727, 395, 153, 410, 168
-0.99973, 119, 283, 134, 298
-0.999734, 231, 323, 246, 338
-0.999735, 329, 155, 344, 170
-0.999736, 109, 113, 124, 240
-0.999736, 169, 307, 184, 322
-0.999742, 149, 257, 164, 272
-0.999744, 203, 329, 218, 344
-0.999744, 325, 241, 340, 368
-0.999746, 459, 113, 474, 240
-0.999747, 113, 277, 128, 292
-0.999749, 159, 331, 174, 346
-0.999749, 147, 129, 162, 256
-0.999754, 135, 241, 150, 256
-0.999765, 287, 193, 302, 320
-0.999765, 141, 243, 156, 258
-0.999767, 379, 1, 394, 128
-0.999767, 249, 241, 264, 368
-0.999771, 401, 1, 416, 16
-0.999778, 89, 241, 104, 368
-0.999782, 465, 113, 480, 240
-0.999788, 125, 275, 140, 290
-0.999799, 123, 247, 138, 262
-0.9998, 129, 281, 144, 296
-0.999808, 103, 113, 118, 240
-0.999814, 137, 249, 152, 264
-0.999819, 451, 49, 466, 176
-0.999825, 249, 33, 280, 288
-0.999834, 81, 1, 96, 128
-0.999834, 313, 241, 328, 368
-0.99985, 77, 97, 92, 224
-0.999852, 237, 241, 252, 368
-0.999854, 437, 49, 452, 176
-0.999856, 439, 129, 454, 256
-0.999857, 419, 97, 434, 224
-0.99986, 129, 241, 144, 256
-0.999867, 213, 241, 228, 368
-0.999868, 335, 161, 350, 288
-0.999869, 175, 193, 190, 320
-0.999881, 93, 193, 108, 320
-0.999884, 373, 1, 388, 128
-0.999891, 485, 81, 500, 208
-0.999898, 431, 49, 446, 176
-0.999898, 255, 241, 270, 368
-0.999899, 369, 177, 384, 304
-0.999903, 65, 129, 80, 256
-0.999905, 297, 97, 312, 224
-0.999907, 477, 65, 492, 192
-0.999909, 305, 241, 320, 368
-0.99991, 355, 193, 370, 320
-0.999913, 1, 177, 16, 304
-0.999914, 13, 33, 44, 288
-0.999925, 89, 65, 104, 192
-0.999925, 323, 177, 338, 304
-0.999926, 445, 145, 460, 272
-1.00004, 1, 33, 32, 288
-1.00006, 97, 57, 224, 120
-1.00025, 381, 155, 412, 170
-1.00028, 397, 1, 428, 16
-1.00032, 125, 243, 156, 258
-1.0004, 113, 251, 144, 266
-1.0006, 133, 253, 164, 268
-1.0007, 145, 113, 272, 176
-1.00142, 33, 73, 288, 136
-1.00143, 129, 49, 384, 112
-1.00211, 33, 41, 288, 104
-1.00255, 17, 33, 144, 96
-1.00379, 129, 81, 256, 144
-1.00451, 49, 57, 176, 120
-1.00731, 161, 57, 288, 120
