1878
-0.283346, 1, 1, 500, 332
-0.340621, 1, 1, 500, 256
-0.367745, 225, 1, 480, 332
-0.406259, 129, 1, 384, 332
-0.542727, 33, 1, 288, 332
-0.594846, 65, 1, 320, 256
-0.604168, 161, 1, 416, 256
-0.630088, 257, 33, 500, 288
-0.799003, 225, 1, 352, 332
-0.838438, 209, 1, 336, 256
-0.850512, 305, 1, 432, 332
-0.853099, 33, 1, 160, 332
-0.854153, 49, 1, 176, 256
-0.864155, 177, 1, 304, 332
-0.866605, 257, 1, 384, 256
-0.867203, 353, 1, 480, 332
-0.870569, 305, 33, 432, 288
-0.87681, 145, 65, 272, 320
-0.882321, 97, 33, 224, 288
-0.887661, 1, 161, 500, 288
-0.889704, 353, 33, 480, 288
-0.890445, 1, 33, 500, 160
-0.891852, 1, 1, 128, 256
-0.89285, 1, 209, 500, 332
-0.895115, 129, 1, 256, 332
-0.896561, 1, 161, 256, 288
-0.897267, 81, 1, 208, 332
-0.897513, 1, 113, 500, 240
-0.906607, 97, 161, 352, 288
-0.910963, 33, 113, 288, 240
-0.911641, 225, 33, 480, 160
-0.925929, 193, 209, 448, 332
-0.926607, 1, 33, 256, 160
-0.929926, 129, 97, 384, 224
-0.930411, 193, 161, 320, 288
-0.93218, 97, 209, 352, 332
-0.93336, 241, 33, 368, 160
-0.933461, 1, 161, 128, 288
-0.93547, 129, 17, 384, 144
-0.935724, 49, 113, 176, 240
-0.937976, 129, 113, 256, 240
-0.939443, 225, 161, 480, 288
-0.93982, 89, 113, 152, 240
-0.939983, 1, 209, 256, 332
-0.942931, 153, 129, 216, 256
-0.943359, 49, 145, 112, 272
-0.944356, 145, 161, 272, 288
-0.944493, 241, 177, 304, 304
-0.944755, 33, 1, 160, 128
-0.945955, 193, 129, 256, 256
-0.946283, 97, 161, 224, 288
-0.94658, 129, 145, 192, 272
-0.946668, 241, 177, 368, 304
-0.94788, 49, 161, 176, 288
-0.949215, 337, 49, 464, 176
-0.949472, 177, 113, 304, 240
-0.950251, 361, 49, 424, 176
-0.950398, 281, 193, 344, 320
-0.95095, 233, 185, 296, 248
-0.951419, 81, 177, 144, 304
-0.951713, 289, 33, 416, 160
-0.952284, 217, 177, 280, 304
-0.953029, 113, 65, 240, 192
-0.953063, 265, 33, 328, 160
-0.954021, 305, 33, 368, 160
-0.954766, 105, 161, 168, 288
-0.954967, 153, 177, 216, 304
-0.955093, 185, 81, 248, 208
-0.956419, 185, 177, 248, 304
-0.956812, 65, 97, 128, 224
-0.957308, 129, 81, 192, 208
-0.95739, 193, 177, 256, 240
-0.957953, 401, 65, 464, 192
-0.957999, 1, 49, 128, 176
-0.958386, 33, 193, 96, 320
-0.959175, 217, 129, 280, 256
-0.959189, 89, 121, 152, 184
-0.959413, 177, 17, 304, 144
-0.959424, 289, 193, 416, 320
-0.959539, 1, 209, 128, 332
-0.959567, 225, 113, 480, 240
-0.959849, 49, 209, 176, 332
-0.959913, 9, 33, 72, 160
-0.959979, 129, 1, 256, 128
-0.960447, 49, 153, 112, 216
-0.960708, 361, 49, 424, 112
-0.961198, 41, 185, 104, 248
-0.961493, 265, 193, 328, 256
-0.961538, 425, 65, 488, 192
-0.96168, 193, 209, 320, 332
-0.962059, 65, 65, 192, 192
-0.962515, 233, 49, 296, 176
-0.962558, 161, 137, 224, 200
-0.962683, 193, 145, 256, 208
-0.963137, 145, 209, 272, 332
-0.963548, 65, 121, 128, 184
-0.963898, 209, 1, 272, 128
-0.96392, 73, 1, 136, 128
-0.964146, 9, 81, 72, 208
-0.964459, 273, 41, 336, 104
-0.964498, 329, 49, 392, 176
-0.964763, 297, 33, 360, 96
-0.96486, 97, 209, 224, 332
-0.965162, 241, 129, 368, 256
-0.965316, 33, 33, 96, 160
-0.965572, 81, 201, 144, 264
-0.965626, 105, 49, 168, 176
-0.965724, 153, 81, 216, 208
-0.96622, 25, 145, 88, 272
-0.966233, 41, 97, 104, 224
-0.966629, 73, 169, 136, 232
-0.966666, 217, 161, 280, 224
-0.966726, 1, 41, 64, 104
-0.96691, 401, 73, 464, 136
-0.967112, 153, 209, 216, 272
-0.96716, 129, 193, 192, 320
-0.967586, 177, 65, 304, 192
-0.967624, 129, 209, 192, 272
-0.967836, 57, 193, 120, 320
-0.967843, 289, 145, 416, 272
-0.967962, 137, 185, 200, 248
-0.968196, 193, 201, 256, 264
-0.968253, 1, 97, 128, 224
-0.968305, 33, 209, 96, 272
-0.968344, 129, 33, 192, 160
-0.96837, 321, 209, 384, 332
-0.968535, 281, 217, 344, 280
-0.968588, 129, 153, 192, 216
-0.968744, 105, 145, 168, 208
-0.968865, 193, 113, 256, 176
-0.969308, 193, 193, 320, 256
-0.969551, 41, 105, 104, 168
-0.969721, 105, 1, 168, 128
-0.969823, 241, 33, 368, 96
-0.970035, 185, 33, 248, 160
-0.970065, 161, 185, 224, 248
-0.970092, 249, 33, 312, 96
-0.97014, 337, 209, 464, 332
-0.970361, 129, 121, 256, 184
-0.970373, 233, 1, 296, 256
-0.970483, 61, 145, 92, 272
-0.970494, 265, 145, 328, 272
-0.970647, 161, 161, 224, 224
-0.970746, 293, 193, 324, 320
-0.970862, 105, 225, 168, 288
-0.971095, 177, 169, 304, 232
-0.971128, 97, 177, 160, 240
-0.971135, 225, 81, 352, 208
-0.971198, 41, 49, 104, 112
-0.971321, 17, 169, 80, 232
-0.971348, 33, 153, 160, 216
-0.971401, 193, 89, 256, 152
-0.971488, 81, 225, 144, 288
-0.971767, 9, 193, 72, 320
-0.97185, 201, 65, 264, 320
-0.971857, 257, 1, 320, 256
-0.971905, 129, 113, 192, 176
-0.971918, 105, 209, 168, 332
-0.972084, 209, 81, 272, 208
-0.972116, 433, 73, 496, 136
-0.972216, 305, 145, 368, 272
-0.972311, 65, 217, 192, 280
-0.972395, 305, 1, 368, 256
-0.972466, 249, 177, 280, 304
-0.972468, 81, 145, 144, 208
-0.972497, 17, 177, 144, 240
-0.972611, 49, 129, 176, 192
-0.972787, 241, 217, 304, 280
-0.972862, 177, 225, 240, 288
-0.972874, 105, 1, 168, 256
-0.973106, 225, 73, 288, 136
-0.97312, 305, 49, 432, 112
-0.973294, 361, 209, 424, 332
-0.973456, 25, 145, 88, 208
-0.973497, 153, 145, 184, 272
-0.973528, 409, 249, 472, 312
-0.973663, 57, 225, 120, 288
-0.97381, 185, 113, 216, 240
-0.973915, 73, 17, 136, 80
-0.973917, 105, 41, 168, 104
-0.973958, 113, 97, 144, 224
-0.973967, 65, 185, 192, 248
-0.973985, 129, 233, 192, 296
-0.974027, 241, 193, 368, 256
-0.974167, 129, 145, 256, 208
-0.974653, 225, 25, 288, 88
-0.974667, 433, 209, 496, 332
-0.974856, 369, 33, 432, 288
-0.974907, 225, 129, 288, 192
-0.974955, 41, 73, 104, 136
-0.974992, 281, 1, 344, 256
-0.9751, 105, 201, 168, 264
-0.975233, 101, 177, 132, 304
-0.97526, 321, 209, 384, 272
-0.975405, 49, 145, 80, 272
-0.975407, 65, 89, 128, 152
-0.975433, 269, 177, 300, 304
-0.975641, 25, 25, 88, 88
-0.975776, 141, 161, 172, 288
-0.975801, 289, 193, 352, 256
-0.975848, 65, 49, 128, 176
-0.976018, 153, 233, 216, 296
-0.976159, 329, 33, 392, 288
-0.976383, 241, 129, 304, 256
-0.97646, 65, 1, 128, 256
-0.976487, 1, 209, 128, 272
-0.976538, 81, 17, 208, 144
-0.976566, 17, 89, 80, 152
-0.976672, 257, 169, 320, 232
-0.976721, 209, 233, 272, 296
-0.976774, 329, 41, 392, 104
-0.976846, 281, 193, 312, 320
-0.976992, 165, 161, 196, 288
-0.977021, 385, 209, 448, 332
-0.977088, 61, 145, 92, 208
-0.977101, 113, 209, 240, 272
-0.977168, 81, 153, 208, 216
-0.977338, 117, 177, 148, 304
-0.977421, 385, 249, 448, 312
-0.97766, 33, 241, 96, 304
-0.977715, 1, 145, 64, 272
-0.977742, 185, 65, 248, 128
-0.977792, 29, 33, 60, 160
-0.977998, 89, 89, 152, 152
-0.97816, 225, 97, 288, 160
-0.978187, 329, 161, 392, 288
-0.978368, 65, 41, 128, 104
-0.978397, 1, 33, 64, 288
-0.978464, 137, 89, 200, 152
-0.97852, 209, 121, 336, 184
-0.978586, 369, 1, 496, 128
-0.978634, 49, 25, 176, 88
-0.97875, 281, 193, 312, 256
-0.978904, 281, 241, 344, 304
-0.978905, 41, 33, 72, 160
-0.978969, 337, 161, 464, 288
-0.978971, 129, 41, 192, 104
-0.978998, 349, 49, 380, 176
-0.979005, 177, 217, 304, 280
-0.979123, 317, 17, 348, 144
-0.979155, 425, 273, 488, 332
-0.979161, 109, 121, 140, 184
-0.979239, 177, 249, 240, 312
-0.979289, 161, 1, 224, 256
-0.979324, 417, 33, 480, 288
-0.979332, 289, 217, 416, 280
-0.97941, 277, 33, 308, 96
-0.979437, 81, 177, 112, 304
-0.979496, 81, 113, 112, 240
-0.979597, 465, 65, 496, 192
-0.979611, 129, 65, 192, 320
-0.979692, 225, 217, 352, 280
-0.979698, 129, 129, 160, 256
-0.97974, 297, 1, 360, 332
-0.979769, 197, 161, 228, 288
-0.979797, 233, 1, 296, 332
-0.9798, 241, 185, 272, 248
-0.979807, 237, 177, 268, 304
-0.979854, 141, 209, 172, 272
-0.979876, 113, 185, 240, 248
-0.979945, 353, 1, 416, 332
-0.980066, 401, 17, 464, 144
-0.980107, 333, 33, 364, 160
-0.980256, 9, 273, 72, 332
-0.980276, 185, 121, 216, 184
-0.980308, 241, 1, 304, 128
-0.980329, 225, 129, 256, 256
-0.980338, 281, 17, 312, 144
-0.980348, 97, 9, 160, 72
-0.980384, 361, 233, 424, 296
-0.980432, 153, 65, 216, 128
-0.98048, 1, 17, 64, 80
-0.980488, 25, 1, 88, 64
-0.980524, 169, 113, 232, 176
-0.980533, 89, 193, 120, 256
-0.980558, 225, 49, 288, 112
-0.980645, 433, 49, 464, 176
-0.980704, 433, 17, 496, 144
-0.98072, 1, 65, 64, 128
-0.980773, 385, 49, 448, 112
-0.980795, 361, 49, 392, 176
-0.980802, 217, 209, 280, 272
-0.980805, 101, 177, 132, 240
-0.98082, 397, 49, 428, 176
-0.980828, 13, 33, 44, 96
-0.980844, 13, 33, 44, 160
-0.980867, 337, 65, 400, 128
-0.980907, 81, 113, 112, 176
-0.980988, 249, 249, 312, 312
-0.980991, 185, 161, 216, 288
-0.981021, 297, 209, 328, 272
-0.981029, 257, 1, 320, 332
-0.981055, 401, 273, 464, 332
-0.981056, 297, 97, 360, 224
-0.981077, 9, 225, 72, 288
-0.981166, 393, 33, 456, 288
-0.981248, 161, 17, 224, 144
-0.981258, 193, 25, 320, 88
-0.981338, 33, 265, 96, 328
-0.981391, 201, 25, 264, 88
-0.981394, 129, 233, 256, 296
-0.981398, 269, 201, 300, 264
-0.981455, 305, 33, 336, 160
-0.981471, 257, 17, 288, 144
-0.981501, 101, 113, 132, 240
-0.981521, 41, 169, 72, 232
-0.981542, 1, 41, 128, 104
-0.981617, 313, 25, 344, 88
-0.981618, 257, 177, 288, 240
-0.981619, 305, 193, 336, 320
-0.981672, 269, 33, 300, 160
-0.981674, 129, 89, 256, 152
-0.981712, 329, 265, 392, 328
-0.98173, 145, 17, 272, 80
-0.981771, 429, 65, 460, 128
-0.981815, 173, 113, 204, 240
-0.981852, 333, 41, 364, 104
-0.981857, 369, 273, 432, 332
-0.982043, 337, 1, 400, 128
-0.982109, 369, 97, 496, 224
-0.982167, 381, 33, 412, 160
-0.98219, 361, 1, 424, 128
-0.982192, 413, 73, 444, 136
-0.982207, 81, 89, 208, 152
-0.982338, 293, 33, 324, 160
-0.98234, 33, 105, 160, 168
-0.982344, 153, 153, 184, 216
-0.982387, 25, 33, 56, 96
-0.982513, 185, 185, 216, 248
-0.98252, 153, 209, 184, 272
-0.982584, 81, 249, 144, 312
-0.982595, 413, 65, 444, 192
-0.982596, 57, 97, 88, 224
-0.9826, 221, 161, 252, 224
-0.982603, 409, 49, 472, 112
-0.982632, 257, 33, 288, 96
-0.982655, 397, 57, 428, 120
-0.98268, 65, 185, 96, 248
-0.98271, 101, 201, 132, 264
-0.98272, 381, 49, 412, 112
-0.982743, 65, 65, 128, 128
-0.98275, 377, 73, 440, 136
-0.982775, 249, 57, 312, 120
-0.982807, 1, 17, 32, 144
-0.982848, 33, 1, 96, 256
-0.982926, 129, 81, 160, 208
-0.982947, 121, 209, 152, 272
-0.982974, 269, 177, 300, 240
-0.983003, 165, 153, 196, 216
-0.983036, 185, 217, 216, 280
-0.983073, 465, 73, 496, 136
-0.98311, 209, 145, 336, 208
-0.983217, 353, 57, 480, 120
-0.983248, 433, 49, 496, 112
-0.98326, 61, 105, 92, 168
-0.983283, 217, 1, 248, 128
-0.983382, 245, 161, 276, 224
-0.983422, 209, 65, 336, 128
-0.983469, 297, 41, 328, 104
-0.983477, 37, 41, 68, 104
-0.983494, 125, 177, 156, 240
-0.983573, 81, 217, 112, 280
-0.983603, 205, 185, 236, 248
-0.983615, 129, 177, 160, 304
-0.983617, 305, 169, 368, 232
-0.983643, 161, 233, 192, 296
-0.983644, 201, 1, 264, 332
-0.983668, 133, 153, 164, 216
-0.983745, 157, 185, 188, 248
-0.983823, 17, 233, 144, 296
-0.983827, 9, 193, 72, 256
-0.983893, 81, 161, 112, 224
-0.983908, 141, 49, 172, 176
-0.983917, 273, 17, 336, 80
-0.98396, 353, 57, 384, 120
-0.983975, 265, 97, 328, 224
-0.983977, 201, 81, 232, 208
-0.983983, 173, 225, 204, 288
-0.984058, 309, 209, 340, 272
-0.984086, 369, 209, 432, 272
-0.984088, 169, 185, 200, 248
-0.984124, 169, 89, 232, 152
-0.984138, 1, 41, 32, 104
-0.984231, 433, 233, 496, 296
-0.984346, 133, 33, 164, 96
-0.984364, 49, 49, 80, 112
-0.984378, 105, 249, 168, 312
-0.984383, 21, 177, 52, 240
-0.984435, 377, 1, 440, 332
-0.98446, 77, 193, 108, 256
-0.98447, 57, 249, 120, 312
-0.984482, 413, 249, 444, 312
-0.984538, 41, 193, 72, 320
-0.984663, 197, 225, 228, 288
-0.984666, 425, 249, 456, 312
-0.984668, 301, 185, 332, 248
-0.984675, 41, 1, 104, 332
-0.984689, 321, 97, 448, 224
-0.984765, 125, 129, 156, 192
-0.98482, 321, 1, 384, 332
-0.984864, 229, 193, 260, 256
-0.984865, 441, 73, 472, 136
-0.984884, 453, 65, 484, 192
-0.984899, 141, 177, 172, 240
-0.984972, 49, 145, 80, 208
-0.984994, 217, 65, 248, 128
-0.985052, 81, 137, 112, 200
-0.985057, 365, 57, 396, 120
-0.985059, 153, 257, 216, 320
-0.985092, 61, 41, 92, 104
-0.985119, 1, 9, 128, 72
-0.985151, 225, 257, 288, 320
-0.985201, 305, 57, 368, 120
-0.985227, 185, 161, 216, 224
-0.985249, 453, 73, 484, 136
-0.985258, 93, 225, 124, 288
-0.985305, 17, 121, 80, 184
-0.98531, 305, 273, 368, 332
-0.985313, 209, 97, 336, 160
-0.985317, 409, 209, 472, 332
-0.985323, 145, 97, 176, 224
-0.985373, 333, 193, 364, 320
-0.98539, 145, 41, 176, 104
-0.985391, 89, 89, 120, 152
-0.985391, 225, 169, 352, 232
-0.985404, 353, 233, 480, 296
-0.985421, 89, 65, 152, 128
-0.985431, 313, 233, 376, 296
-0.985434, 105, 225, 136, 288
-0.985506, 233, 189, 296, 220
-0.985509, 37, 201, 68, 264
-0.985522, 113, 41, 240, 104
-0.985551, 69, 81, 100, 144
-0.985596, 65, 1, 192, 64
-0.985602, 289, 193, 416, 256
-0.985606, 229, 81, 260, 208
-0.985622, 109, 49, 140, 176
-0.985641, 329, 97, 392, 224
-0.985698, 333, 201, 364, 264
-0.985711, 281, 217, 312, 280
-0.985809, 49, 65, 176, 128
-0.985852, 149, 233, 180, 296
-0.985855, 69, 217, 100, 280
-0.985891, 285, 145, 316, 272
-0.985904, 121, 33, 152, 160
-0.985913, 273, 169, 400, 232
-0.985919, 237, 73, 268, 136
-0.985954, 49, 89, 80, 152
-0.985965, 237, 17, 268, 144
-0.986061, 65, 241, 96, 304
-0.986162, 153, 33, 216, 96
-0.986179, 193, 1, 256, 64
-0.986201, 113, 177, 144, 240
-0.986201, 401, 225, 464, 288
-0.986335, 45, 97, 76, 224
-0.986376, 245, 33, 276, 96
-0.986482, 225, 241, 352, 304
-0.986491, 25, 65, 56, 128
-0.986499, 73, 33, 104, 96
-0.986518, 49, 193, 80, 256
-0.986522, 329, 185, 392, 248
-0.986526, 221, 89, 252, 152
-0.986533, 321, 217, 352, 280
-0.986544, 437, 249, 468, 312
-0.98663, 9, 1, 72, 332
-0.986638, 329, 145, 392, 208
-0.986684, 49, 157, 112, 188
-0.986696, 221, 9, 252, 72
-0.986729, 1, 65, 128, 128
-0.986763, 265, 225, 296, 288
-0.986818, 253, 217, 284, 280
-0.986821, 53, 33, 84, 160
-0.986836, 345, 209, 408, 272
-0.986851, 221, 137, 252, 200
-0.986863, 97, 121, 128, 184
-0.986948, 361, 57, 424, 88
-0.986965, 341, 65, 372, 128
-0.986965, 369, 265, 496, 328
-0.986986, 137, 1, 200, 332
-0.986987, 237, 233, 268, 296
-0.987042, 173, 121, 204, 184
-0.98708, 37, 65, 68, 128
-0.987082, 97, 1, 160, 332
-0.987082, 121, 25, 152, 88
-0.987154, 321, 49, 352, 112
-0.987177, 217, 233, 248, 296
-0.987178, 129, 65, 256, 128
-0.987179, 193, 173, 256, 204
-0.987203, 281, 273, 344, 332
-0.987221, 25, 209, 56, 272
-0.987247, 1, 161, 256, 224
-0.987257, 273, 209, 336, 240
-0.987266, 201, 153, 232, 216
-0.987271, 41, 233, 72, 296
-0.987279, 433, 273, 464, 332
-0.987288, 125, 233, 156, 296
-0.987296, 81, 1, 112, 128
-0.987307, 233, 161, 264, 224
-0.987309, 353, 161, 416, 288
-0.987359, 29, 209, 60, 332
-0.987384, 385, 161, 448, 288
-0.987392, 177, 249, 208, 312
-0.987394, 121, 65, 184, 128
-0.987401, 121, 57, 152, 120
-0.987403, 109, 145, 140, 208
-0.987419, 201, 89, 232, 152
-0.987427, 353, 185, 384, 248
-0.987448, 405, 273, 436, 332
-0.987472, 89, 125, 152, 156
-0.987481, 81, 9, 112, 72
-0.987494, 309, 233, 340, 296
-0.987525, 153, 181, 216, 212
-0.987531, 357, 265, 388, 328
-0.987534, 109, 89, 140, 152
-0.987548, 25, 153, 56, 216
-0.98755, 289, 37, 352, 68
-0.987552, 13, 273, 44, 332
-0.987555, 289, 25, 416, 88
-0.987562, 65, 249, 192, 312
-0.987602, 97, 17, 128, 80
-0.987626, 77, 241, 108, 304
-0.987628, 113, 89, 176, 152
-0.987637, 233, 121, 264, 184
-0.987644, 377, 273, 408, 332
-0.987733, 249, 129, 280, 256
-0.987751, 9, 249, 72, 312
-0.987797, 233, 25, 264, 88
-0.987806, 237, 129, 268, 256
-0.987828, 165, 89, 196, 152
-0.98785, 49, 17, 112, 80
-0.987887, 57, 1, 88, 64
-0.987887, 201, 129, 232, 192
-0.987921, 53, 241, 84, 304
-0.987939, 373, 233, 404, 296
-0.988053, 433, 1, 496, 332
-0.988055, 49, 169, 112, 200
-0.988094, 401, 73, 464, 104
-0.988126, 225, 209, 256, 332
-0.988147, 65, 1, 128, 332
-0.988157, 241, 265, 368, 328
-0.98821, 73, 177, 136, 208
-0.988217, 177, 241, 304, 304
-0.988304, 217, 65, 248, 192
-0.988338, 257, 145, 320, 208
-0.988357, 129, 185, 192, 216
-0.988385, 161, 97, 192, 224
-0.988405, 257, 57, 384, 120
-0.98841, 193, 153, 256, 184
-0.988419, 353, 193, 384, 320
-0.988481, 257, 197, 320, 228
-0.988501, 321, 81, 448, 144
-0.988517, 33, 145, 64, 272
-0.988533, 49, 185, 112, 216
-0.988577, 321, 121, 384, 184
-0.988635, 329, 17, 392, 80
-0.988697, 153, 193, 184, 320
-0.988701, 69, 33, 100, 160
-0.988708, 9, 165, 72, 196
-0.988715, 129, 257, 192, 320
-0.988719, 185, 65, 216, 192
-0.988796, 173, 65, 204, 192
-0.988828, 201, 265, 264, 328
-0.98891, 281, 169, 344, 232
-0.988923, 65, 137, 128, 168
-0.988927, 129, 133, 192, 164
-0.988937, 73, 273, 136, 332
-0.988945, 1, 193, 256, 256
-0.989005, 169, 1, 232, 332
-0.989049, 93, 1, 124, 128
-0.989055, 193, 185, 256, 216
-0.989095, 145, 201, 208, 232
-0.989128, 153, 153, 216, 184
-0.98915, 21, 161, 52, 288
-0.989162, 409, 1, 472, 332
-0.9892, 89, 137, 152, 168
-0.989211, 265, 41, 328, 72
-0.989245, 193, 133, 256, 164
-0.98926, 113, 197, 176, 228
-0.989301, 193, 197, 256, 228
-0.98934, 269, 129, 300, 256
-0.989385, 49, 109, 112, 140
-0.989458, 1, 217, 500, 280
-0.989472, 189, 209, 220, 332
-0.989605, 369, 81, 496, 144
-0.989687, 273, 105, 400, 168
-0.989696, 33, 89, 288, 152
-0.989702, 161, 209, 416, 272
-0.989814, 81, 213, 144, 244
-0.989859, 129, 257, 256, 320
-0.989892, 153, 125, 216, 156
-0.989905, 41, 197, 104, 228
-0.989925, 209, 177, 240, 304
-0.989966, 217, 169, 280, 200
-0.990012, 433, 113, 496, 240
-0.990016, 233, 201, 296, 232
-0.990053, 161, 141, 224, 172
-0.990099, 1, 257, 128, 320
-0.990103, 241, 65, 272, 192
-0.990132, 65, 121, 128, 152
-0.990189, 97, 161, 352, 224
-0.990252, 353, 193, 480, 256
-0.990252, 273, 81, 400, 208
-0.990272, 97, 181, 160, 212
-0.990436, 129, 233, 192, 264
-0.990442, 129, 121, 192, 152
-0.990489, 105, 233, 168, 264
-0.99052, 81, 229, 144, 260
-0.990558, 321, 273, 448, 332
-0.990561, 105, 149, 168, 180
-0.990628, 69, 193, 100, 320
-0.990657, 81, 165, 144, 196
-0.990672, 69, 97, 100, 224
-0.990683, 1, 65, 32, 192
-0.990691, 305, 213, 368, 244
-0.990749, 193, 117, 256, 148
-0.99079, 89, 197, 152, 228
-0.990854, 281, 193, 344, 224
-0.990863, 9, 177, 72, 208
-0.990874, 225, 49, 480, 112
-0.990877, 33, 81, 64, 208
-0.990962, 41, 241, 104, 272
-0.990972, 169, 241, 232, 272
-0.990998, 377, 209, 408, 332
-0.991055, 97, 185, 352, 248
-0.991068, 129, 145, 192, 176
-0.991087, 1, 41, 64, 72
-0.991096, 1, 41, 500, 104
-0.991108, 129, 157, 192, 188
-0.991116, 9, 129, 40, 256
-0.991122, 317, 161, 348, 288
-0.99113, 321, 45, 384, 76
-0.99122, 353, 33, 480, 96
-0.991232, 425, 69, 488, 100
-0.991291, 353, 97, 416, 224
-0.991336, 161, 217, 224, 248
-0.99134, 173, 209, 204, 332
-0.991385, 281, 221, 344, 252
-0.991388, 33, 121, 288, 184
-0.991419, 225, 81, 288, 112
-0.991432, 33, 209, 96, 240
-0.991438, 225, 33, 288, 64
-0.991614, 193, 1, 320, 64
-0.991645, 265, 181, 328, 212
-0.991654, 225, 121, 288, 152
-0.991678, 97, 49, 128, 176
-0.991712, 241, 217, 304, 248
-0.991751, 105, 169, 168, 200
-0.991884, 113, 221, 176, 252
-0.99189, 161, 229, 224, 260
-0.99195, 81, 245, 144, 276
-0.991999, 105, 37, 168, 68
-0.992003, 1, 129, 128, 192
-0.992018, 73, 153, 136, 184
-0.99208, 25, 153, 88, 184
-0.992106, 73, 29, 136, 60
-0.992109, 61, 149, 92, 180
-0.992134, 281, 201, 312, 232
-0.992166, 393, 61, 456, 92
-0.992186, 433, 81, 496, 112
-0.992191, 29, 169, 60, 200
-0.992222, 225, 141, 288, 172
-0.992347, 169, 193, 232, 224
-0.992386, 161, 165, 224, 196
-0.992388, 329, 209, 392, 240
-0.992425, 25, 101, 88, 132
-0.992427, 317, 33, 348, 64
-0.992433, 337, 61, 400, 92
-0.992443, 241, 177, 304, 208
-0.992472, 213, 129, 244, 256
-0.992474, 429, 69, 460, 100
-0.992476, 293, 209, 324, 240
-0.992485, 21, 37, 52, 68
-0.99249, 157, 49, 188, 176
-0.992498, 377, 97, 440, 224
-0.992505, 305, 213, 336, 244
-0.992515, 305, 37, 336, 68
-0.992516, 297, 145, 328, 272
-0.992526, 377, 281, 440, 312
-0.992567, 1, 185, 500, 248
-0.992603, 269, 197, 300, 228
-0.992607, 185, 125, 216, 156
-0.992614, 105, 245, 168, 276
-0.99266, 185, 185, 216, 216
-0.992664, 121, 209, 184, 240
-0.992665, 109, 181, 140, 212
-0.992706, 9, 89, 72, 120
-0.99271, 1, 121, 500, 184
-0.992729, 305, 241, 432, 304
-0.992741, 313, 57, 376, 88
-0.992744, 425, 261, 488, 292
-0.992756, 281, 37, 312, 68
-0.992757, 49, 85, 112, 116
-0.992761, 9, 245, 72, 276
-0.992799, 109, 125, 140, 156
-0.992805, 401, 249, 464, 280
-0.992813, 409, 293, 472, 324
-0.992864, 161, 25, 416, 88
-0.992877, 249, 189, 280, 220
-0.992904, 465, 77, 496, 108
-0.992907, 1, 225, 256, 288
-0.992954, 305, 197, 368, 228
-0.992975, 141, 185, 172, 216
-0.99299, 293, 197, 324, 228
-0.993016, 53, 193, 84, 320
-0.993028, 105, 1, 136, 128
-0.993032, 125, 197, 156, 228
-0.993048, 185, 89, 248, 120
-0.993051, 273, 213, 304, 244
-0.993052, 65, 109, 96, 140
-0.993068, 273, 233, 336, 264
-0.993073, 133, 233, 164, 264
-0.993076, 9, 189, 72, 220
-0.993076, 41, 165, 72, 196
-0.993078, 25, 37, 88, 68
-0.993083, 453, 81, 484, 112
-0.993085, 97, 181, 128, 212
-0.993105, 93, 201, 124, 232
-0.993112, 33, 25, 288, 88
-0.993122, 381, 49, 412, 80
-0.99313, 41, 189, 72, 220
-0.993155, 33, 1, 288, 64
-0.993158, 81, 213, 112, 244
-0.993181, 221, 173, 252, 204
-0.993183, 81, 113, 112, 144
-0.993187, 129, 185, 160, 216
-0.993191, 329, 41, 360, 72
-0.993191, 417, 73, 448, 104
-0.993195, 185, 73, 248, 104
-0.993204, 57, 225, 120, 256
-0.99322, 225, 157, 288, 188
-0.993221, 209, 237, 272, 268
-0.993225, 429, 257, 460, 288
-0.993255, 193, 265, 320, 328
-0.993268, 173, 185, 204, 216
-0.99327, 237, 189, 268, 220
-0.993275, 269, 41, 300, 72
-0.993295, 153, 225, 184, 256
-0.993314, 433, 161, 496, 288
-0.993323, 97, 245, 128, 276
-0.99334, 81, 65, 112, 192
-0.993342, 291, 193, 306, 256
-0.993355, 397, 61, 428, 92
-0.993362, 141, 197, 172, 228
-0.993375, 165, 229, 196, 260
-0.993392, 1, 33, 32, 64
-0.993399, 61, 181, 92, 212
-0.993412, 393, 269, 456, 300
-0.993421, 157, 241, 188, 272
-0.993424, 317, 217, 348, 248
-0.993427, 117, 37, 148, 68
-0.993433, 157, 185, 188, 216
-0.993454, 333, 209, 364, 240
-0.993459, 21, 181, 52, 212
-0.993466, 137, 217, 168, 248
-0.993467, 81, 185, 112, 216
-0.993473, 113, 233, 144, 264
-0.993475, 145, 237, 176, 268
-0.993476, 81, 157, 112, 188
-0.993479, 41, 45, 72, 76
-0.993479, 433, 249, 496, 280
-0.993482, 105, 193, 136, 224
-0.993484, 61, 161, 92, 192
-0.993493, 153, 197, 184, 228
-0.993498, 197, 185, 228, 216
-0.993499, 233, 69, 296, 100
-0.993507, 341, 49, 372, 80
-0.993509, 185, 213, 216, 244
-0.993521, 73, 41, 136, 72
-0.993522, 73, 109, 136, 140
-0.993525, 1, 89, 500, 152
-0.993536, 97, 225, 128, 256
-0.99355, 121, 125, 152, 156
-0.99355, 129, 141, 256, 172
-0.993551, 57, 213, 120, 244
-0.993556, 313, 33, 376, 64
-0.993562, 257, 45, 384, 76
-0.993563, 181, 201, 212, 232
-0.993576, 193, 197, 320, 228
-0.993578, 157, 153, 188, 184
-0.99358, 269, 181, 300, 212
-0.993608, 185, 137, 216, 168
-0.993624, 33, 65, 288, 128
-0.99363, 81, 169, 112, 200
-0.993646, 81, 141, 112, 172
-0.993647, 253, 33, 284, 64
-0.993651, 401, 85, 464, 116
-0.993661, 197, 241, 228, 272
-0.993661, 121, 217, 152, 248
-0.993665, 349, 65, 380, 96
-0.993665, 169, 197, 200, 228
-0.993679, 293, 41, 324, 72
-0.993681, 9, 169, 40, 200
-0.993682, 141, 209, 172, 332
-0.993688, 41, 177, 72, 208
-0.993702, 245, 177, 276, 208
-0.993718, 137, 221, 200, 252
-0.993721, 85, 225, 116, 256
-0.993728, 109, 169, 140, 200
-0.993732, 441, 73, 472, 104
-0.993732, 377, 237, 440, 268
-0.993735, 33, 49, 96, 80
-0.993742, 421, 245, 452, 276
-0.993746, 309, 229, 340, 260
-0.993751, 45, 101, 76, 132
-0.993755, 129, 129, 256, 160
-0.993757, 109, 221, 140, 252
-0.993772, 41, 125, 104, 156
-0.993786, 345, 261, 408, 292
-0.993788, 365, 57, 396, 88
-0.993796, 33, 221, 96, 252
-0.993802, 181, 241, 212, 272
-0.993802, 177, 1, 240, 32
-0.993812, 181, 229, 212, 260
-0.993813, 225, 97, 288, 128
-0.993818, 137, 145, 168, 176
-0.99382, 329, 61, 360, 92
-0.993822, 69, 193, 100, 224
-0.993842, 237, 201, 268, 232
-0.993846, 405, 241, 436, 272
-0.993846, 1, 17, 500, 80
-0.993852, 417, 61, 448, 92
-0.993853, 89, 125, 120, 156
-0.993858, 153, 209, 184, 240
-0.993858, 185, 149, 216, 180
-0.993865, 41, 153, 72, 184
-0.993866, 93, 213, 124, 244
-0.993867, 217, 73, 248, 104
-0.993868, 13, 81, 44, 208
-0.99387, 257, 209, 500, 272
-0.993881, 169, 241, 200, 272
-0.993885, 185, 221, 248, 252
-0.993886, 345, 97, 376, 224
-0.993892, 129, 165, 160, 196
-0.993893, 33, 25, 96, 56
-0.993908, 33, 201, 64, 232
-0.993909, 281, 189, 312, 220
-0.993915, 49, 89, 80, 120
-0.993919, 113, 205, 144, 236
-0.993933, 185, 173, 216, 204
-0.993937, 233, 165, 264, 196
-0.993948, 225, 145, 256, 176
-0.993951, 405, 73, 436, 104
-0.993953, 209, 237, 240, 268
-0.993965, 157, 173, 188, 204
-0.993965, 17, 177, 144, 208
-0.993982, 289, 49, 352, 80
-0.993983, 165, 217, 196, 248
-0.993989, 117, 245, 148, 276
-0.99399, 249, 241, 280, 272
-0.993998, 289, 237, 320, 268
-0.994001, 245, 177, 260, 240
-0.994007, 89, 21, 120, 52
-0.994012, 17, 189, 144, 220
-0.994015, 353, 225, 416, 256
-0.994016, 129, 245, 192, 276
-0.994018, 77, 125, 108, 156
-0.994021, 241, 37, 272, 68
-0.994027, 261, 221, 292, 252
-0.994034, 285, 221, 316, 252
-0.994034, 225, 109, 288, 140
-0.99404, 65, 125, 96, 156
-0.994042, 197, 197, 228, 228
-0.994049, 305, 197, 336, 228
-0.99405, 221, 237, 252, 268
-0.994054, 93, 257, 124, 288
-0.994055, 193, 225, 224, 256
-0.994058, 317, 209, 348, 332
-0.994065, 65, 1, 128, 32
-0.994093, 73, 17, 136, 48
-0.99413, 17, 233, 80, 264
-0.99413, 401, 233, 464, 264
-0.994165, 185, 17, 248, 48
-0.994206, 329, 145, 360, 272
-0.994207, 369, 69, 432, 100
-0.994208, 249, 241, 312, 272
-0.994244, 17, 77, 80, 108
-0.994279, 193, 209, 256, 240
-0.994283, 17, 141, 80, 172
-0.994285, 413, 17, 444, 144
-0.994305, 33, 265, 96, 296
-0.994308, 285, 33, 300, 96
-0.994322, 177, 173, 304, 204
-0.994329, 1, 241, 500, 304
-0.99433, 129, 121, 384, 184
-0.994355, 401, 113, 464, 240
-0.994359, 241, 9, 368, 72
-0.99436, 349, 145, 380, 272
-0.994361, 173, 153, 188, 216
-0.994369, 193, 185, 448, 248
-0.994377, 305, 53, 432, 84
-0.994412, 225, 241, 480, 304
-0.994415, 129, 153, 256, 184
-0.994423, 365, 193, 396, 320
-0.994445, 283, 193, 298, 256
-0.994471, 97, 185, 224, 216
-0.994537, 409, 161, 472, 288
-0.994543, 193, 81, 448, 144
-0.994551, 273, 81, 400, 144
-0.994562, 257, 205, 384, 236
-0.994651, 17, 165, 144, 196
-0.994686, 9, 177, 40, 304
-0.994713, 257, 145, 384, 208
-0.994717, 1, 65, 500, 128
-0.994775, 333, 81, 364, 208
-0.994815, 267, 177, 282, 240
-0.99483, 97, 197, 224, 228
-0.994831, 27, 33, 42, 96
-0.994891, 161, 185, 288, 216
-0.994903, 1, 249, 256, 312
-0.994924, 65, 157, 192, 188
-0.99494, 299, 193, 314, 256
-0.994974, 173, 209, 188, 272
-0.994976, 49, 145, 176, 176
-0.994987, 275, 41, 290, 104
-0.995027, 65, 217, 192, 248
-0.99503, 257, 185, 272, 248
-0.995045, 63, 145, 78, 208
-0.995054, 401, 209, 432, 332
-0.995067, 81, 233, 208, 264
-0.995094, 91, 201, 106, 264
-0.995094, 1, 161, 500, 224
-0.995115, 177, 129, 192, 192
-0.995116, 97, 233, 352, 296
-0.995118, 145, 209, 160, 272
-0.995142, 109, 121, 124, 184
-0.995159, 321, 105, 448, 168
-0.99517, 337, 129, 464, 192
-0.995216, 425, 193, 456, 320
-0.995236, 257, 65, 288, 192
-0.995274, 209, 209, 336, 240
-0.995278, 45, 161, 60, 224
-0.995285, 277, 201, 292, 264
-0.99529, 33, 37, 160, 68
-0.9953, 313, 33, 328, 96
-0.9953, 357, 57, 372, 120
-0.995314, 137, 129, 152, 192
-0.995316, 129, 49, 384, 112
-0.995386, 469, 17, 500, 144
-0.995387, 121, 209, 136, 272
-0.995391, 69, 145, 84, 208
-0.995394, 33, 125, 160, 156
-0.995414, 17, 225, 144, 256
-0.995446, 55, 161, 70, 224
-0.995458, 195, 121, 210, 184
-0.995468, 339, 41, 354, 104
-0.995477, 315, 209, 330, 272
-0.995508, 159, 161, 174, 224
-0.995524, 151, 209, 166, 272
-0.995529, 83, 217, 98, 280
-0.995538, 349, 1, 380, 128
-0.995548, 21, 33, 36, 96
-0.995566, 291, 33, 306, 96
-0.9956, 165, 209, 180, 272
-0.995618, 485, 65, 500, 128
-0.995629, 129, 225, 256, 256
-0.995641, 3, 33, 18, 96
-0.995641, 393, 1, 424, 128
-0.995648, 83, 113, 98, 176
-0.99565, 35, 177, 50, 240
-0.995668, 467, 73, 482, 136
-0.995678, 33, 201, 160, 232
-0.995695, 145, 241, 272, 272
-0.995701, 75, 137, 90, 200
-0.995703, 1, 241, 128, 272
-0.995713, 209, 157, 336, 188
-0.995721, 209, 141, 336, 172
-0.995721, 189, 225, 204, 288
-0.995724, 65, 273, 192, 332
-0.995727, 39, 41, 54, 104
-0.995728, 185, 17, 216, 144
-0.995729, 101, 169, 116, 232
-0.995732, 165, 177, 180, 240
-0.995743, 267, 33, 282, 96
-0.995785, 173, 185, 188, 248
-0.995787, 197, 217, 212, 280
-0.995812, 385, 41, 400, 104
-0.995818, 277, 177, 292, 240
-0.99583, 319, 33, 334, 96
-0.995835, 425, 73, 440, 136
-0.995843, 103, 225, 118, 288
-0.995845, 435, 65, 450, 128
-0.995855, 161, 213, 288, 244
-0.995861, 183, 225, 198, 288
-0.995873, 187, 121, 202, 184
-0.995873, 147, 153, 162, 216
-0.995878, 165, 153, 180, 216
-0.995888, 153, 161, 168, 224
-0.995899, 305, 209, 320, 272
-0.995899, 337, 65, 464, 96
-0.995906, 33, 33, 48, 96
-0.995914, 89, 225, 104, 288
-0.99592, 139, 209, 154, 272
-0.99592, 99, 121, 114, 184
-0.995927, 321, 209, 336, 272
-0.995939, 209, 129, 336, 160
-0.995943, 409, 57, 424, 120
-0.995946, 129, 165, 256, 196
-0.99595, 131, 225, 146, 288
-0.995955, 77, 113, 92, 176
-0.995956, 257, 57, 384, 88
-0.995961, 479, 73, 494, 136
-0.995979, 47, 41, 62, 104
-0.99598, 159, 209, 174, 272
-0.995993, 257, 273, 500, 332
-0.995996, 63, 49, 78, 112
-0.996011, 17, 213, 144, 244
-0.996044, 297, 41, 312, 104
-0.996046, 1, 109, 128, 140
-0.99605, 271, 201, 286, 264
-0.996056, 251, 193, 266, 256
-0.996087, 199, 177, 214, 240
-0.996092, 113, 201, 128, 264
-0.996096, 239, 201, 254, 264
-0.996099, 273, 33, 400, 64
-0.996111, 169, 233, 184, 296
-0.996119, 129, 121, 144, 184
-0.99612, 65, 245, 192, 276
-0.996121, 155, 185, 170, 248
-0.996138, 305, 221, 432, 252
-0.996141, 391, 41, 406, 104
-0.996142, 205, 185, 220, 248
-0.996144, 225, 33, 352, 64
-0.996146, 105, 201, 120, 264
-0.996147, 445, 17, 476, 144
-0.99615, 93, 121, 108, 184
-0.99616, 303, 41, 318, 104
-0.996162, 329, 25, 344, 88
-0.996163, 371, 57, 386, 120
-0.996168, 71, 105, 86, 168
-0.996191, 209, 97, 336, 128
-0.996195, 83, 193, 98, 256
-0.996199, 193, 145, 448, 208
-0.996199, 113, 177, 128, 240
-0.996219, 65, 173, 192, 204
-0.996233, 429, 257, 444, 320
-0.996247, 65, 105, 80, 168
-0.996248, 361, 1, 392, 128
-0.996261, 43, 185, 58, 248
-0.996266, 461, 73, 476, 136
-0.996281, 127, 185, 142, 248
-0.996281, 97, 225, 112, 288
-0.996306, 289, 217, 304, 280
-0.996322, 281, 1, 312, 256
-0.996323, 149, 185, 164, 248
-0.996325, 53, 49, 68, 112
-0.996329, 183, 169, 198, 232
-0.996334, 175, 233, 190, 296
-0.996349, 345, 41, 360, 104
-0.996349, 99, 201, 114, 264
-0.996417, 39, 209, 54, 272
-0.996419, 81, 133, 208, 164
-0.996426, 337, 169, 464, 232
-0.996435, 415, 73, 430, 136
-0.996443, 245, 1, 276, 256
-0.996463, 119, 177, 134, 240
-0.996464, 397, 49, 412, 112
-0.996467, 365, 65, 380, 128
-0.99648, 9, 33, 24, 96
-0.996486, 109, 225, 124, 288
-0.996488, 439, 249, 454, 312
-0.996492, 133, 185, 148, 248
-0.996496, 447, 73, 462, 136
-0.996506, 273, 233, 400, 264
-0.996519, 261, 1, 292, 256
-0.996541, 403, 57, 418, 120
-0.996544, 141, 153, 156, 216
-0.996551, 219, 1, 234, 64
-0.996559, 147, 33, 162, 96
-0.99656, 317, 113, 348, 240
-0.996571, 123, 121, 138, 184
-0.996574, 15, 41, 30, 104
-0.996581, 233, 161, 248, 224
-0.996583, 209, 185, 336, 216
-0.996632, 261, 33, 276, 96
-0.99664, 233, 73, 248, 136
-0.996643, 121, 25, 136, 88
-0.996655, 257, 193, 384, 224
-0.996684, 441, 65, 456, 128
-0.996684, 179, 201, 194, 264
-0.996688, 81, 89, 96, 152
-0.996692, 329, 1, 360, 256
-0.996707, 69, 81, 84, 144
-0.996718, 129, 89, 256, 120
-0.996721, 193, 237, 320, 268
-0.996724, 295, 217, 310, 280
-0.996729, 155, 233, 170, 296
-0.996734, 245, 33, 260, 96
-0.996737, 209, 117, 336, 148
-0.996743, 239, 81, 254, 144
-0.996744, 257, 181, 384, 212
-0.996767, 225, 1, 256, 256
-0.996769, 257, 217, 384, 248
-0.99679, 81, 121, 208, 152
-0.996791, 149, 1, 180, 128
-0.996797, 113, 213, 240, 244
-0.996804, 145, 197, 272, 228
-0.996812, 17, 21, 144, 52
-0.996813, 309, 1, 340, 256
-0.996847, 201, 33, 232, 160
-0.996899, 209, 45, 336, 76
-0.997013, 353, 53, 480, 84
-0.997017, 161, 33, 288, 64
-0.997033, 297, 1, 328, 256
-0.997034, 389, 209, 420, 332
-0.99704, 369, 269, 496, 300
-0.99704, 129, 117, 256, 148
-0.99706, 341, 33, 372, 288
-0.997097, 177, 225, 304, 256
-0.997116, 1, 153, 128, 184
-0.997118, 465, 33, 496, 288
-0.997121, 1, 273, 256, 332
-0.997169, 33, 85, 160, 116
-0.997172, 365, 33, 396, 288
-0.997193, 113, 253, 240, 284
-0.997195, 13, 1, 44, 256
-0.997217, 1, 273, 500, 332
-0.99722, 369, 77, 496, 108
-0.997226, 49, 257, 176, 288
-0.997238, 425, 33, 456, 288
-0.997239, 65, 21, 192, 52
-0.997262, 289, 265, 416, 296
-0.997265, 377, 1, 408, 256
-0.997271, 81, 45, 208, 76
-0.997293, 457, 17, 488, 144
-0.997301, 137, 1, 168, 256
-0.997303, 177, 65, 304, 96
-0.997307, 397, 33, 428, 288
-0.997313, 117, 1, 148, 256
-0.997323, 283, 201, 298, 232
-0.997337, 353, 33, 384, 288
-0.997343, 17, 49, 144, 80
-0.99736, 1, 69, 128, 100
-0.997381, 205, 65, 236, 320
-0.997394, 209, 77, 336, 108
-0.997433, 33, 1, 64, 256
-0.997435, 353, 253, 480, 284
-0.997442, 133, 1, 164, 128
-0.997469, 285, 37, 300, 68
-0.997481, 457, 209, 488, 332
-0.997513, 353, 237, 480, 268
-0.997514, 243, 189, 258, 220
-0.997519, 269, 245, 300, 260
-0.997521, 1, 33, 32, 48
-0.997528, 169, 187, 200, 202
-0.997531, 485, 69, 500, 100
-0.997533, 185, 179, 216, 194
-0.997534, 185, 221, 216, 236
-0.997537, 17, 167, 48, 182
-0.99754, 315, 213, 330, 244
-0.99754, 97, 245, 128, 260
-0.997551, 441, 75, 472, 90
-0.997551, 101, 199, 132, 214
-0.997553, 295, 201, 310, 232
-0.997558, 285, 239, 316, 254
-0.997562, 225, 31, 256, 46
-0.997563, 125, 243, 156, 258
-0.997563, 81, 109, 208, 140
-0.997568, 13, 201, 44, 216
-0.997578, 437, 209, 468, 332
-0.997588, 41, 101, 72, 116
-0.997592, 61, 147, 92, 162
-0.997594, 421, 247, 452, 262
-0.997602, 161, 273, 416, 332
-0.997607, 81, 1, 112, 256
-0.997613, 349, 59, 380, 74
-0.997614, 129, 73, 256, 104
-0.997624, 141, 157, 172, 172
-0.997626, 161, 205, 192, 220
-0.99763, 17, 47, 48, 62
-0.997632, 53, 169, 68, 200
-0.997649, 273, 35, 304, 50
-0.99765, 221, 177, 252, 192
-0.997657, 65, 111, 96, 126
-0.997658, 1, 173, 32, 188
-0.997661, 129, 207, 160, 222
-0.997664, 137, 183, 168, 198
-0.997668, 437, 81, 468, 96
-0.997668, 157, 161, 188, 176
-0.99767, 307, 209, 322, 240
-0.997672, 361, 65, 392, 80
-0.997676, 161, 65, 192, 320
-0.997676, 453, 33, 484, 288
-0.997678, 313, 37, 328, 68
-0.997679, 185, 163, 216, 178
-0.997684, 49, 193, 80, 208
-0.997686, 45, 1, 76, 256
-0.99769, 121, 217, 152, 232
-0.997696, 137, 217, 168, 232
-0.997696, 27, 37, 42, 68
-0.997697, 65, 179, 96, 194
-0.997697, 301, 37, 332, 52
-0.997701, 225, 113, 480, 176
-0.997704, 149, 1, 180, 256
-0.997707, 289, 201, 304, 232
-0.99771, 429, 255, 460, 270
-0.997713, 185, 149, 216, 164
-0.997719, 161, 1, 416, 64
-0.997726, 429, 69, 460, 84
-0.997729, 177, 197, 208, 212
-0.997736, 339, 45, 354, 76
-0.997737, 45, 173, 60, 204
-0.997737, 241, 215, 272, 230
-0.997739, 7, 141, 22, 172
-0.997739, 305, 201, 432, 232
-0.997741, 81, 159, 112, 174
-0.997744, 333, 55, 364, 70
-0.997746, 105, 33, 136, 288
-0.997749, 85, 191, 116, 206
-0.99775, 309, 233, 340, 248
-0.997751, 117, 43, 148, 58
-0.997753, 61, 165, 92, 180
-0.997755, 89, 213, 104, 244
-0.997758, 185, 143, 216, 158
-0.99776, 333, 211, 364, 226
-0.99776, 137, 195, 168, 210
-0.997761, 101, 119, 132, 134
-0.997762, 329, 33, 344, 64
-0.997765, 125, 131, 156, 146
-0.99777, 225, 149, 256, 164
-0.997774, 105, 209, 136, 224
-0.997774, 149, 197, 180, 212
-0.997777, 273, 41, 288, 72
-0.997788, 225, 169, 352, 200
-0.997792, 185, 135, 216, 150
-0.997796, 337, 285, 464, 316
-0.997797, 437, 33, 468, 288
-0.9978, 185, 1, 216, 256
-0.997806, 413, 33, 444, 288
-0.997808, 129, 105, 256, 136
-0.997811, 467, 77, 482, 108
-0.99783, 277, 201, 292, 232
-0.99783, 181, 215, 212, 230
-0.99783, 81, 1, 208, 32
-0.997831, 125, 199, 156, 214
-0.997833, 81, 179, 112, 194
-0.997836, 301, 205, 316, 236
-0.997836, 41, 201, 72, 216
-0.997837, 161, 53, 288, 84
-0.997838, 63, 149, 78, 180
-0.997847, 195, 125, 210, 156
-0.997849, 319, 29, 334, 60
-0.99785, 333, 47, 364, 62
-0.997852, 265, 189, 296, 204
-0.997853, 265, 43, 296, 58
-0.997859, 37, 41, 52, 72
-0.997862, 61, 127, 92, 142
-0.997865, 133, 233, 148, 264
-0.997869, 413, 67, 444, 82
-0.997874, 413, 81, 444, 96
-0.99788, 177, 145, 192, 176
-0.997882, 81, 173, 112, 188
-0.997882, 105, 193, 136, 208
-0.997883, 181, 205, 212, 220
-0.997894, 321, 217, 336, 248
-0.997901, 295, 41, 310, 72
-0.997904, 153, 185, 168, 216
-0.997905, 29, 185, 60, 200
-0.997908, 145, 17, 272, 48
-0.997908, 203, 185, 218, 216
-0.997909, 293, 213, 308, 244
-0.997909, 133, 185, 148, 216
-0.997917, 209, 21, 336, 52
-0.997918, 49, 151, 80, 166
-0.997919, 87, 113, 102, 144
-0.997919, 77, 115, 108, 130
-0.997919, 13, 173, 44, 188
-0.99792, 151, 233, 166, 264
-0.997922, 185, 157, 216, 172
-0.997927, 225, 277, 352, 308
-0.997929, 187, 125, 202, 156
-0.997931, 241, 245, 368, 276
-0.997938, 81, 165, 112, 180
-0.99794, 69, 149, 84, 180
-0.997951, 245, 177, 260, 208
-0.997954, 57, 33, 88, 288
-0.997954, 255, 185, 270, 216
-0.997956, 257, 25, 500, 88
-0.997957, 61, 159, 92, 174
-0.997961, 173, 17, 204, 144
-0.997963, 353, 61, 368, 92
-0.997966, 337, 61, 368, 76
-0.997968, 181, 181, 196, 212
-0.99797, 53, 189, 68, 220
-0.997974, 253, 37, 284, 52
-0.997975, 407, 65, 422, 96
-0.997983, 469, 75, 500, 90
-0.997983, 41, 171, 72, 186
-0.997988, 117, 209, 148, 224
-0.99799, 141, 211, 172, 226
-0.997991, 41, 47, 72, 62
-0.997994, 437, 69, 452, 100
-0.997998, 189, 187, 220, 202
-0.998006, 287, 213, 302, 244
-0.998007, 121, 125, 152, 140
-0.998012, 93, 209, 124, 224
-0.998022, 129, 197, 144, 228
-0.998042, 321, 81, 448, 112
-0.998049, 349, 65, 380, 80
-0.998049, 153, 211, 184, 226
-0.99805, 81, 151, 112, 166
-0.998056, 281, 97, 312, 224
-0.998061, 1, 97, 128, 128
-0.998062, 141, 233, 156, 264
-0.998062, 285, 199, 316, 214
-0.998064, 253, 215, 284, 230
-0.998065, 325, 45, 340, 76
-0.998065, 119, 181, 134, 212
-0.998072, 93, 1, 124, 256
-0.998075, 275, 181, 290, 212
-0.998077, 173, 185, 188, 216
-0.99808, 187, 185, 202, 216
-0.99808, 347, 49, 362, 80
-0.998094, 195, 189, 210, 220
-0.998095, 1, 5, 128, 36
-0.998098, 321, 41, 448, 72
-0.998108, 111, 185, 126, 216
-0.998111, 121, 217, 136, 248
-0.998111, 97, 265, 224, 296
-0.998116, 161, 241, 176, 272
-0.998117, 165, 197, 196, 212
-0.998118, 157, 229, 172, 260
-0.998119, 1, 253, 128, 284
-0.998124, 179, 125, 194, 156
-0.998128, 285, 215, 316, 230
-0.99813, 359, 61, 374, 92
-0.998134, 105, 181, 120, 212
-0.998138, 1, 39, 32, 54
-0.998146, 73, 109, 88, 140
-0.998146, 33, 169, 48, 200
-0.998146, 127, 233, 142, 264
-0.998147, 137, 149, 152, 180
-0.998154, 267, 185, 282, 216
-0.998156, 57, 149, 72, 180
-0.998165, 173, 221, 188, 252
-0.998166, 239, 81, 254, 112
-0.998173, 297, 43, 328, 58
-0.998174, 165, 229, 180, 260
-0.998177, 381, 53, 412, 68
-0.998178, 9, 37, 24, 68
-0.998179, 297, 97, 328, 224
-0.998182, 155, 197, 170, 228
-0.998183, 303, 45, 318, 76
-0.998183, 79, 109, 94, 140
-0.998185, 147, 185, 162, 216
-0.998185, 289, 277, 416, 308
-0.998188, 29, 171, 60, 186
-0.998189, 241, 197, 272, 212
-0.99819, 131, 221, 146, 252
-0.998196, 369, 105, 496, 168
-0.998197, 165, 181, 180, 212
-0.998201, 21, 41, 36, 72
-0.998207, 125, 181, 140, 212
-0.998211, 143, 217, 158, 248
-0.998216, 109, 125, 124, 156
-0.998221, 177, 157, 192, 188
-0.998221, 425, 77, 440, 108
-0.998221, 39, 169, 54, 200
-0.998221, 41, 187, 72, 202
-0.998224, 239, 201, 254, 232
-0.998224, 189, 195, 220, 210
-0.998226, 273, 195, 304, 210
-0.998228, 69, 1, 100, 256
-0.998238, 61, 185, 92, 200
-0.998241, 43, 41, 58, 72
-0.998244, 3, 37, 18, 68
-0.998248, 289, 189, 304, 220
-0.99825, 75, 153, 90, 184
-0.99825, 309, 215, 340, 230
-0.998251, 257, 177, 272, 304
-0.998252, 139, 185, 154, 216
-0.998253, 335, 33, 350, 64
-0.998254, 1, 265, 128, 296
-0.998258, 461, 81, 476, 112
-0.998261, 413, 75, 444, 90
-0.998263, 59, 181, 74, 212
-0.998263, 429, 75, 460, 90
-0.998266, 95, 205, 110, 236
-0.998271, 245, 33, 260, 64
-0.998275, 27, 173, 42, 204
-0.998276, 137, 137, 152, 168
-0.998277, 135, 197, 150, 228
-0.998278, 123, 125, 138, 156
-0.998278, 209, 241, 224, 272
-0.998284, 177, 129, 192, 256
-0.998288, 257, 153, 384, 184
-0.998293, 83, 217, 98, 248
-0.998296, 163, 197, 178, 228
-0.998297, 261, 173, 276, 204
-0.998302, 279, 213, 294, 244
-0.998304, 269, 197, 284, 228
-0.998309, 121, 229, 136, 260
-0.998309, 451, 81, 466, 112
-0.998315, 439, 249, 454, 280
-0.998316, 401, 53, 416, 84
-0.998316, 377, 57, 392, 88
-0.998321, 199, 213, 214, 244
-0.998322, 165, 125, 196, 140
-0.998322, 383, 45, 398, 76
-0.998325, 105, 245, 120, 276
-0.998325, 431, 69, 446, 100
-0.998328, 35, 181, 50, 212
-0.998329, 235, 21, 250, 52
-0.99833, 47, 193, 62, 224
-0.998335, 153, 209, 168, 240
-0.998341, 115, 233, 130, 264
-0.998343, 413, 209, 444, 332
-0.998344, 193, 261, 320, 292
-0.998345, 361, 145, 392, 272
-0.998345, 153, 125, 184, 140
-0.998351, 121, 197, 136, 228
-0.998352, 413, 69, 428, 100
-0.998353, 85, 189, 100, 220
-0.998358, 225, 9, 240, 40
-0.998359, 193, 249, 320, 280
-0.99836, 251, 169, 266, 200
-0.998362, 285, 207, 316, 222
-0.998363, 93, 117, 108, 148
-0.998365, 173, 1, 204, 256
-0.998367, 171, 233, 186, 264
-0.998369, 479, 73, 494, 104
-0.99837, 119, 37, 134, 68
-0.998373, 1, 1, 32, 256
-0.998377, 55, 101, 70, 132
-0.998378, 65, 109, 80, 140
-0.998378, 247, 161, 262, 288
-0.998386, 295, 193, 310, 320
-0.998386, 179, 229, 194, 260
-0.998398, 245, 185, 276, 200
-0.998414, 81, 73, 208, 104
-0.998418, 129, 125, 192, 140
-0.998419, 289, 41, 352, 56
-0.99842, 89, 185, 120, 200
-0.998425, 273, 203, 304, 218
-0.998429, 241, 265, 368, 296
-0.998432, 49, 153, 112, 168
-0.99844, 289, 193, 304, 320
-0.998443, 401, 75, 464, 90
-0.998445, 289, 253, 416, 284
-0.998447, 283, 193, 298, 320
-0.998448, 153, 125, 216, 140
-0.998458, 109, 185, 140, 200
-0.998459, 129, 131, 192, 146
-0.998462, 89, 125, 152, 140
-0.998464, 89, 133, 152, 148
-0.99847, 361, 61, 424, 76
-0.998471, 305, 215, 368, 230
-0.998474, 193, 157, 256, 172
-0.998474, 257, 89, 384, 120
-0.998475, 273, 217, 336, 232
-0.998479, 49, 163, 112, 178
-0.998479, 193, 163, 256, 178
-0.99848, 305, 193, 320, 320
-0.998481, 233, 197, 296, 212
-0.998482, 65, 125, 128, 140
-0.998482, 41, 183, 104, 198
-0.998483, 193, 133, 256, 148
-0.998485, 89, 141, 152, 156
-0.998488, 193, 139, 256, 154
-0.998488, 41, 171, 104, 186
-0.998488, 193, 151, 256, 166
-0.998492, 113, 61, 240, 92
-0.998493, 33, 177, 96, 192
-0.998497, 65, 179, 128, 194
-0.998497, 193, 127, 256, 142
-0.998498, 9, 179, 72, 194
-0.998498, 263, 177, 278, 304
-0.9985, 249, 41, 312, 56
-0.9985, 153, 199, 216, 214
-0.998502, 89, 119, 152, 134
-0.998503, 129, 147, 192, 162
-0.998505, 89, 149, 152, 164
-0.998506, 233, 189, 296, 204
-0.998506, 129, 137, 192, 152
-0.998508, 193, 181, 256, 196
-0.998508, 181, 125, 212, 140
-0.998508, 49, 113, 112, 128
-0.998509, 185, 197, 248, 212
-0.99851, 401, 81, 464, 96
-0.998511, 1, 41, 64, 56
-0.998511, 193, 145, 256, 160
-0.998514, 161, 155, 224, 170
-0.998517, 129, 197, 192, 212
-0.998517, 65, 135, 128, 150
-0.998518, 281, 209, 344, 224
-0.998519, 289, 35, 352, 50
-0.998519, 85, 215, 116, 230
-0.998519, 193, 169, 256, 184
-0.998521, 49, 189, 112, 204
-0.998521, 193, 203, 256, 218
-0.998521, 153, 209, 216, 224
-0.998524, 73, 185, 136, 200
-0.998525, 201, 175, 264, 190
-0.998528, 401, 69, 464, 84
-0.998529, 257, 205, 320, 220
-0.998529, 65, 147, 128, 162
-0.998531, 233, 203, 296, 218
-0.998532, 89, 155, 152, 170
-0.998536, 153, 161, 216, 176
-0.998536, 81, 215, 144, 230
-0.998537, 297, 47, 360, 62
-0.998538, 225, 173, 288, 188
-0.998539, 73, 161, 136, 176
-0.998539, 321, 55, 384, 70
-0.998539, 33, 41, 96, 56
-0.998539, 169, 149, 232, 164
-0.99854, 129, 155, 192, 170
-0.99854, 193, 187, 256, 202
-0.99854, 89, 119, 120, 134
-0.998541, 81, 193, 144, 208
-0.998541, 113, 43, 176, 58
-0.998544, 153, 185, 216, 200
-0.998545, 25, 203, 56, 218
-0.998546, 25, 153, 88, 168
-0.998546, 73, 35, 136, 50
-0.998547, 257, 191, 320, 206
-0.998548, 65, 145, 80, 272
-0.998548, 73, 173, 136, 188
-0.998549, 49, 199, 112, 214
-0.998551, 257, 47, 320, 62
-0.998551, 433, 83, 496, 98
-0.998551, 9, 187, 72, 202
-0.998551, 281, 223, 344, 238
-0.998552, 233, 215, 296, 230
-0.998552, 113, 185, 176, 200
-0.998553, 73, 43, 136, 58
-0.998553, 9, 169, 72, 184
-0.998554, 193, 121, 256, 136
-0.998555, 257, 73, 384, 104
-0.998556, 97, 207, 160, 222
-0.998556, 161, 131, 224, 146
-0.998556, 161, 175, 224, 190
-0.998557, 225, 127, 288, 142
-0.998559, 33, 219, 96, 234
-0.99856, 169, 143, 232, 158
-0.998562, 257, 197, 320, 212
-0.998563, 425, 73, 488, 88
-0.998563, 113, 243, 176, 258
-0.998563, 161, 137, 224, 152
-0.998566, 105, 197, 168, 212
-0.998566, 65, 119, 128, 134
-0.998567, 145, 191, 208, 206
-0.998567, 145, 217, 208, 232
-0.998568, 361, 55, 424, 70
-0.998569, 369, 67, 432, 82
-0.998569, 105, 163, 168, 178
-0.998569, 281, 199, 344, 214
-0.99857, 49, 241, 112, 256
-0.998571, 281, 235, 344, 250
-0.998571, 73, 167, 136, 182
-0.998571, 33, 209, 96, 224
-0.998572, 109, 113, 124, 240
-0.998572, 393, 257, 456, 272
-0.998573, 329, 49, 392, 64
-0.998573, 225, 165, 288, 180
-0.998574, 233, 77, 296, 92
-0.998574, 121, 209, 184, 224
-0.998574, 257, 211, 320, 226
-0.998575, 225, 121, 288, 136
-0.998577, 313, 37, 376, 52
-0.998577, 65, 141, 128, 156
-0.998578, 9, 193, 72, 208
-0.998579, 253, 193, 284, 208
-0.998579, 33, 35, 96, 50
-0.998582, 81, 125, 112, 140
-0.998583, 81, 245, 144, 260
-0.998583, 185, 251, 248, 266
-0.998583, 305, 61, 368, 76
-0.998584, 225, 141, 288, 156
-0.998585, 129, 1, 256, 32
-0.998586, 33, 49, 96, 64
-0.998586, 187, 113, 202, 240
-0.998587, 377, 83, 440, 98
-0.998587, 225, 39, 288, 54
-0.998587, 225, 157, 288, 172
-0.998587, 369, 75, 432, 90
-0.998588, 305, 209, 368, 224
-0.998588, 169, 225, 232, 240
-0.998591, 193, 209, 256, 224
-0.998593, 25, 233, 88, 248
-0.998593, 41, 119, 104, 134
-0.998593, 73, 221, 136, 236
-0.99862, 49, 269, 176, 300
-0.998633, 369, 297, 496, 328
-0.998635, 289, 297, 416, 328
-0.99866, 321, 45, 352, 60
-0.998709, 21, 41, 52, 56
-0.998715, 105, 161, 120, 288
-0.998715, 273, 217, 304, 232
-0.99872, 53, 161, 68, 288
-0.998726, 353, 225, 480, 256
-0.998732, 133, 129, 148, 256
-0.99874, 169, 145, 184, 272
-0.998758, 461, 81, 492, 96
-0.998767, 117, 177, 132, 304
-0.998773, 277, 177, 292, 304
-0.998778, 321, 149, 448, 180
-0.998789, 65, 97, 192, 128
-0.998789, 273, 169, 400, 200
-0.998821, 161, 273, 288, 304
-0.998824, 1, 137, 128, 168
-0.998828, 113, 33, 240, 64
-0.998836, 71, 145, 86, 272
-0.99884, 133, 125, 164, 140
-0.998851, 121, 97, 136, 224
-0.998854, 285, 17, 300, 144
-0.998881, 153, 145, 168, 272
-0.998886, 195, 97, 210, 224
-0.998892, 1, 17, 16, 144
-0.998896, 131, 177, 146, 304
-0.998904, 321, 65, 352, 192
-0.998908, 273, 109, 400, 140
-0.998909, 271, 33, 286, 160
-0.998923, 147, 145, 162, 272
-0.998936, 345, 33, 360, 160
-0.998948, 65, 57, 192, 88
-0.998949, 357, 49, 372, 176
-0.998949, 183, 161, 198, 288
-0.99895, 227, 1, 242, 128
-0.99895, 39, 33, 54, 160
-0.998951, 257, 129, 384, 160
-0.998961, 353, 209, 480, 240
-0.998965, 163, 145, 178, 272
-0.998979, 269, 177, 284, 304
-0.998979, 59, 145, 74, 272
-0.998993, 297, 211, 328, 226
-0.999001, 305, 33, 320, 160
-0.999002, 465, 65, 480, 192
-0.999008, 479, 65, 494, 192
-0.999015, 209, 289, 336, 320
-0.999018, 351, 49, 366, 176
-0.999031, 469, 161, 500, 288
-0.999035, 319, 17, 334, 144
-0.999038, 45, 33, 60, 160
-0.999042, 407, 49, 422, 176
-0.999046, 363, 49, 378, 176
-0.999046, 435, 49, 450, 176
-0.999047, 485, 49, 500, 176
-0.999048, 21, 17, 36, 144
-0.999057, 203, 161, 218, 288
-0.999065, 329, 17, 344, 144
-0.999074, 125, 177, 140, 304
-0.999075, 141, 129, 156, 256
-0.999081, 109, 125, 140, 140
-0.999084, 49, 297, 176, 328
-0.999085, 311, 33, 326, 160
-0.999086, 77, 145, 92, 272
-0.99909, 15, 17, 30, 144
-0.999091, 427, 65, 442, 192
-0.999098, 41, 181, 72, 196
-0.999099, 99, 97, 114, 224
-0.999111, 115, 97, 130, 224
-0.999117, 317, 35, 348, 50
-0.999119, 277, 33, 292, 160
-0.999123, 337, 137, 464, 168
-0.999132, 111, 177, 126, 304
-0.999135, 139, 193, 154, 320
-0.999136, 295, 33, 310, 160
-0.999138, 121, 49, 136, 176
-0.99914, 241, 161, 256, 288
-0.999148, 383, 33, 398, 160
-0.999157, 99, 161, 114, 288
-0.999167, 451, 65, 466, 192
-0.999172, 321, 113, 448, 144
-0.999185, 61, 153, 92, 168
-0.99919, 189, 177, 204, 304
-0.999191, 53, 33, 68, 160
-0.999202, 371, 49, 386, 176
-0.999206, 129, 65, 144, 192
-0.99921, 61, 97, 76, 224
-0.999211, 471, 65, 486, 192
-0.99922, 261, 17, 276, 144
-0.999223, 55, 97, 70, 224
-0.999231, 29, 177, 60, 192
-0.999233, 181, 81, 196, 208
-0.999234, 47, 177, 62, 304
-0.999235, 127, 113, 142, 240
-0.999235, 445, 65, 460, 192
-0.999248, 85, 177, 100, 304
-0.999249, 1, 293, 128, 324
-0.999251, 29, 17, 44, 144
-0.999253, 257, 141, 384, 172
-0.999264, 337, 93, 464, 124
-0.999266, 93, 97, 108, 224
-0.999266, 413, 65, 428, 192
-0.999282, 401, 49, 416, 176
-0.999289, 9, 17, 24, 144
-0.99929, 335, 17, 350, 144
-0.999291, 309, 45, 340, 60
-0.999299, 69, 97, 84, 224
-0.999303, 311, 193, 326, 320
-0.999305, 171, 97, 186, 224
-0.999312, 75, 97, 90, 224
-0.99932, 197, 177, 212, 304
-0.999332, 421, 65, 436, 192
-0.999337, 135, 81, 150, 208
-0.99934, 395, 33, 410, 160
-0.999351, 377, 49, 392, 176
-0.999352, 233, 1, 248, 128
-0.999352, 177, 177, 192, 304
-0.999355, 295, 145, 310, 272
-0.999358, 209, 9, 336, 40
-0.999382, 85, 113, 100, 240
-0.999383, 251, 209, 266, 332
-0.999388, 237, 81, 252, 208
-0.9994, 247, 17, 262, 144
-0.999413, 241, 17, 256, 144
-0.999421, 143, 49, 158, 176
-0.999442, 95, 1, 110, 128
-0.999449, 281, 41, 312, 56
-0.999452, 207, 81, 222, 208
-0.999461, 459, 65, 474, 192
-0.999465, 253, 17, 268, 144
-0.999467, 321, 169, 448, 200
-0.999472, 115, 49, 130, 176
-0.999473, 237, 209, 252, 332
-0.999481, 389, 33, 404, 160
-0.999491, 231, 97, 246, 224
-0.999518, 225, 301, 352, 332
-0.999527, 145, 193, 160, 320
-0.999536, 113, 277, 240, 308
-0.999543, 245, 209, 260, 332
-0.999545, 287, 145, 302, 272
-0.999546, 349, 193, 364, 320
-0.999551, 41, 193, 56, 320
-0.999552, 189, 65, 204, 192
-0.999555, 253, 129, 268, 256
-0.999563, 61, 33, 76, 160
-0.999566, 149, 97, 164, 224
-0.99957, 169, 193, 184, 320
-0.999577, 1, 277, 128, 308
-0.999578, 103, 209, 118, 332
-0.999579, 243, 65, 258, 192
-0.999597, 153, 193, 168, 320
-0.999601, 245, 213, 260, 228
-0.999601, 223, 15, 238, 30
-0.999601, 483, 81, 498, 96
-0.999601, 179, 139, 194, 154
-0.999601, 11, 37, 26, 52
-0.999602, 131, 223, 146, 238
-0.999603, 183, 181, 198, 196
-0.999604, 261, 185, 276, 200
-0.999604, 345, 49, 360, 64
-0.999604, 455, 81, 470, 96
-0.999604, 303, 203, 318, 218
-0.999604, 281, 41, 296, 56
-0.999605, 179, 219, 194, 234
-0.999605, 185, 193, 200, 208
-0.999606, 99, 151, 114, 166
-0.999606, 349, 55, 364, 70
-0.999606, 237, 31, 252, 46
-0.999607, 137, 151, 152, 166
-0.999607, 249, 41, 264, 56
-0.999607, 363, 65, 378, 80
-0.999608, 177, 147, 192, 162
-0.999608, 145, 209, 160, 224
-0.999608, 253, 193, 268, 208
-0.999608, 425, 79, 440, 94
-0.999608, 337, 41, 352, 56
-0.999608, 409, 71, 424, 86
-0.999609, 233, 205, 248, 220
-0.999609, 257, 215, 272, 230
-0.999609, 161, 209, 176, 224
-0.99961, 417, 75, 432, 90
-0.999611, 55, 103, 70, 118
-0.999611, 435, 71, 450, 86
-0.999611, 129, 199, 144, 214
-0.999612, 405, 63, 420, 78
-0.999612, 23, 173, 38, 188
-0.999613, 117, 185, 132, 200
-0.999613, 323, 217, 338, 232
-0.999613, 95, 21, 110, 36
-0.999614, 163, 199, 178, 214
-0.999614, 91, 115, 106, 130
-0.999614, 273, 219, 288, 234
-0.999615, 241, 81, 256, 96
-0.999616, 275, 201, 290, 216
-0.999616, 339, 47, 354, 62
-0.999616, 183, 199, 198, 214
-0.999617, 47, 197, 62, 212
-0.999617, 177, 131, 192, 146
-0.999617, 321, 49, 336, 64
-0.999618, 197, 215, 212, 230
-0.999618, 231, 131, 246, 146
-0.999619, 177, 159, 192, 174
-0.999619, 91, 193, 106, 320
-0.99962, 143, 119, 158, 134
-0.99962, 43, 47, 58, 62
-0.99962, 303, 49, 318, 64
-0.999621, 13, 141, 28, 156
-0.999621, 245, 35, 260, 50
-0.999622, 159, 193, 174, 320
-0.999624, 3, 37, 18, 52
-0.999626, 105, 181, 120, 196
-0.999626, 485, 73, 500, 88
-0.999627, 61, 151, 76, 166
-0.999628, 241, 201, 256, 216
-0.999628, 187, 125, 202, 140
-0.999628, 157, 125, 172, 140
-0.99963, 303, 217, 318, 232
-0.999631, 263, 129, 278, 256
-0.999631, 75, 153, 90, 168
-0.999631, 33, 181, 48, 196
-0.999632, 285, 197, 300, 212
-0.999633, 61, 185, 76, 200
-0.999633, 11, 43, 26, 58
-0.999635, 105, 119, 120, 134
-0.999635, 99, 123, 114, 138
-0.999635, 289, 205, 304, 220
-0.999636, 17, 173, 32, 188
-0.999637, 117, 209, 132, 224
-0.999637, 199, 221, 214, 236
-0.999637, 167, 209, 182, 224
-0.999638, 43, 171, 58, 186
-0.999639, 203, 187, 218, 202
-0.999639, 149, 125, 164, 140
-0.999642, 321, 35, 336, 50
-0.999642, 5, 43, 20, 58
-0.999643, 29, 203, 44, 218
-0.999643, 195, 125, 210, 140
-0.999644, 329, 45, 344, 60
-0.999645, 85, 1, 100, 128
-0.999645, 61, 193, 76, 320
-0.999645, 49, 179, 64, 194
-0.999647, 29, 175, 44, 190
-0.999647, 19, 45, 34, 60
-0.999647, 301, 145, 316, 272
-0.999648, 33, 169, 48, 184
-0.999648, 125, 125, 140, 140
-0.999649, 295, 201, 310, 216
-0.99965, 179, 125, 194, 140
-0.99965, 155, 209, 170, 224
-0.999651, 167, 125, 182, 140
-0.999651, 35, 201, 50, 216
-0.999652, 357, 63, 372, 78
-0.999653, 245, 193, 260, 208
-0.999656, 19, 65, 34, 192
-0.999657, 275, 45, 290, 60
-0.999658, 111, 1, 126, 128
-0.99966, 143, 125, 158, 140
-0.999661, 75, 127, 90, 142
-0.999661, 131, 125, 146, 140
-0.999662, 317, 215, 332, 230
-0.999664, 323, 43, 338, 58
-0.999666, 177, 153, 192, 168
-0.999668, 109, 125, 124, 140
-0.99967, 295, 43, 310, 58
-0.99967, 67, 151, 82, 166
-0.999671, 133, 131, 148, 146
-0.999673, 263, 191, 278, 206
-0.999673, 43, 183, 58, 198
-0.999685, 87, 215, 102, 230
-0.999687, 29, 39, 44, 54
-0.999687, 467, 79, 482, 94
-0.999688, 297, 209, 312, 224
-0.999691, 255, 187, 270, 202
-0.999691, 289, 217, 304, 232
-0.999693, 305, 211, 320, 226
-0.999694, 43, 177, 58, 192
-0.999697, 99, 117, 114, 132
-0.999697, 35, 175, 50, 190
-0.999705, 53, 193, 68, 208
-0.999708, 173, 125, 188, 140
-0.999708, 37, 43, 52, 58
-0.999708, 311, 213, 326, 228
-0.999713, 245, 185, 260, 200
-0.999714, 137, 125, 152, 140
-0.999722, 279, 217, 294, 232
-0.999729, 55, 183, 70, 198
-0.99974, 287, 39, 302, 54
-0.999742, 429, 1, 460, 128
-0.999748, 7, 143, 22, 158
-0.999754, 313, 41, 328, 56
-0.999786, 357, 97, 388, 224
-0.999956, 305, 1, 432, 64
-1.00082, 377, 161, 408, 288
-1.00117, 469, 113, 500, 240
-1.00185, 257, 1, 500, 64
-1.0067, 369, 9, 496, 72
