1967
-0.431357, 1, 1, 500, 256
-0.503682, 1, 97, 500, 346
-0.590808, 257, 1, 500, 256
-0.594726, 1, 1, 256, 256
-0.662859, 257, 1, 500, 346
-0.670686, 1, 1, 500, 346
-0.697537, 1, 1, 256, 346
-0.712552, 161, 1, 416, 256
-0.72909, 161, 1, 416, 346
-0.76142, 129, 97, 384, 346
-0.772374, 257, 97, 500, 346
-0.800898, 1, 97, 256, 346
-0.859779, 1, 1, 128, 256
-0.864328, 369, 1, 496, 256
-0.882242, 273, 1, 400, 256
-0.887499, 225, 1, 352, 256
-0.888416, 369, 97, 496, 346
-0.900307, 177, 1, 304, 256
-0.900878, 49, 1, 176, 256
-0.904167, 1, 97, 128, 346
-0.904877, 129, 1, 256, 256
-0.905239, 321, 1, 448, 256
-0.907194, 1, 145, 500, 272
-0.910951, 305, 97, 432, 346
-0.911066, 241, 97, 368, 346
-0.911198, 1, 209, 500, 336
-0.914687, 161, 145, 416, 272
-0.91543, 369, 1, 496, 346
-0.917491, 257, 1, 500, 128
-0.918118, 1, 1, 500, 128
-0.919497, 1, 1, 256, 128
-0.920727, 241, 1, 368, 346
-0.923202, 129, 97, 256, 346
-0.923655, 257, 225, 500, 346
-0.926134, 257, 145, 500, 272
-0.932404, 161, 209, 416, 336
-0.93394, 81, 97, 208, 346
-0.934444, 337, 193, 400, 320
-0.936414, 193, 97, 320, 346
-0.938568, 1, 1, 128, 346
-0.939013, 273, 145, 400, 272
-0.939833, 369, 1, 496, 128
-0.940188, 321, 193, 448, 320
-0.941081, 1, 161, 256, 288
-0.941206, 361, 145, 424, 272
-0.941504, 289, 1, 416, 346
-0.941694, 1, 1, 128, 128
-0.946442, 313, 193, 376, 320
-0.947022, 273, 209, 400, 336
-0.947455, 193, 1, 320, 346
-0.948484, 225, 177, 352, 304
-0.949656, 305, 145, 368, 272
-0.950683, 369, 161, 496, 288
-0.951662, 9, 1, 72, 128
-0.951761, 329, 145, 392, 272
-0.951817, 161, 1, 416, 128
-0.952044, 329, 185, 392, 248
-0.952502, 313, 145, 376, 208
-0.952746, 425, 1, 488, 128
-0.953289, 225, 161, 288, 288
-0.954315, 321, 145, 448, 272
-0.954882, 1, 225, 256, 346
-0.954999, 361, 193, 424, 320
-0.956079, 361, 153, 424, 216
-0.956105, 49, 1, 176, 346
-0.957008, 161, 177, 288, 304
-0.957673, 145, 1, 272, 346
-0.957694, 1, 97, 500, 224
-0.957827, 257, 161, 320, 288
-0.957877, 201, 161, 264, 288
-0.958631, 289, 209, 352, 336
-0.959451, 1, 113, 256, 240
-0.959867, 225, 129, 352, 256
-0.960218, 289, 153, 352, 216
-0.960334, 201, 153, 264, 216
-0.961338, 365, 161, 396, 288
-0.961952, 161, 153, 224, 216
-0.962702, 337, 137, 400, 200
-0.96281, 281, 145, 344, 272
-0.962913, 225, 169, 288, 232
-0.963335, 1, 145, 128, 272
-0.963601, 305, 201, 368, 264
-0.964372, 209, 1, 336, 128
-0.964639, 249, 161, 312, 224
-0.964942, 353, 177, 416, 240
-0.965066, 353, 177, 384, 304
-0.965199, 113, 145, 240, 272
-0.96521, 369, 209, 496, 336
-0.965528, 65, 1, 192, 128
-0.965609, 97, 1, 224, 346
-0.96567, 161, 1, 288, 128
-0.965721, 369, 113, 496, 240
-0.965916, 289, 1, 416, 128
-0.966401, 113, 1, 240, 128
-0.966567, 257, 97, 500, 224
-0.967295, 1, 209, 128, 336
-0.967358, 161, 129, 288, 256
-0.967446, 385, 145, 448, 272
-0.967611, 289, 145, 416, 208
-0.96792, 265, 209, 328, 336
-0.968395, 265, 1, 328, 128
-0.968578, 161, 97, 416, 224
-0.969011, 305, 1, 368, 128
-0.969039, 217, 281, 280, 344
-0.969431, 321, 233, 384, 296
-0.969479, 161, 145, 224, 272
-0.969479, 193, 1, 256, 128
-0.969668, 137, 1, 200, 128
-0.969728, 89, 1, 152, 128
-0.969787, 41, 1, 104, 128
-0.969787, 65, 1, 128, 128
-0.969787, 113, 1, 176, 128
-0.969798, 241, 153, 368, 216
-0.97006, 185, 209, 248, 336
-0.970532, 241, 1, 304, 128
-0.970542, 345, 1, 408, 128
-0.970577, 225, 145, 288, 208
-0.970647, 193, 225, 320, 346
-0.970711, 217, 1, 280, 128
-0.970808, 329, 97, 392, 224
-0.9709, 161, 1, 224, 128
-0.971059, 209, 209, 272, 336
-0.971088, 377, 1, 440, 128
-0.971137, 377, 145, 408, 272
-0.971238, 145, 153, 272, 216
-0.971516, 401, 1, 464, 128
-0.971918, 425, 145, 488, 272
-0.971959, 329, 209, 392, 272
-0.972062, 233, 209, 296, 336
-0.972388, 365, 169, 396, 232
-0.972464, 1, 161, 64, 288
-0.972678, 273, 209, 336, 272
-0.972711, 341, 193, 372, 320
-0.97291, 145, 225, 272, 346
-0.97332, 193, 161, 320, 224
-0.973323, 257, 193, 384, 256
-0.973598, 325, 145, 356, 272
-0.97362, 137, 161, 200, 224
-0.973782, 257, 49, 500, 176
-0.973917, 9, 9, 72, 72
-0.974066, 65, 209, 192, 336
-0.974098, 297, 225, 360, 288
-0.97446, 1, 65, 256, 192
-0.974542, 201, 177, 264, 240
-0.974598, 425, 9, 488, 72
-0.974895, 361, 201, 424, 264
-0.974916, 305, 177, 368, 240
-0.974947, 305, 201, 432, 264
-0.974956, 9, 225, 72, 346
-0.975199, 9, 1, 72, 256
-0.975259, 353, 177, 384, 240
-0.975699, 329, 193, 360, 320
-0.975818, 193, 273, 256, 336
-0.975939, 425, 1, 488, 256
-0.976191, 329, 1, 392, 256
-0.976246, 321, 145, 352, 208
-0.976264, 385, 153, 448, 216
-0.976515, 161, 225, 224, 346
-0.976764, 241, 265, 304, 328
-0.976892, 369, 129, 432, 192
-0.976914, 433, 193, 496, 320
-0.977138, 273, 97, 400, 224
-0.977148, 1, 201, 64, 264
-0.97716, 17, 1, 48, 128
-0.977162, 81, 209, 144, 336
-0.977176, 337, 193, 368, 256
-0.977194, 129, 161, 192, 288
-0.977199, 369, 193, 496, 256
-0.977465, 369, 145, 400, 208
-0.9775, 453, 1, 484, 128
-0.977612, 377, 177, 440, 240
-0.977853, 265, 137, 328, 200
-0.978019, 281, 1, 344, 256
-0.978307, 329, 97, 392, 346
-0.978324, 1, 225, 64, 288
-0.978373, 289, 169, 416, 232
-0.978682, 341, 145, 372, 272
-0.978981, 73, 217, 136, 280
-0.97901, 57, 209, 120, 336
-0.979112, 233, 153, 264, 216
-0.979126, 1, 145, 64, 208
-0.979296, 213, 153, 244, 216
-0.979368, 113, 225, 176, 346
-0.979421, 365, 193, 396, 256
-0.979512, 369, 9, 496, 72
-0.97957, 273, 185, 336, 248
-0.979593, 337, 137, 368, 200
-0.979594, 169, 265, 232, 328
-0.979654, 253, 161, 284, 288
-0.979749, 113, 145, 176, 208
-0.979764, 217, 113, 280, 240
-0.979817, 361, 97, 424, 346
-0.979913, 349, 201, 380, 264
-0.979961, 381, 153, 412, 216
-0.979981, 1, 249, 64, 312
-0.980044, 137, 225, 200, 346
-0.980092, 385, 1, 448, 256
-0.980123, 209, 249, 272, 312
-0.980132, 33, 225, 96, 346
-0.980189, 1, 9, 128, 72
-0.980202, 289, 129, 352, 192
-0.980273, 253, 169, 284, 232
-0.980338, 177, 177, 240, 240
-0.980616, 197, 153, 228, 216
-0.980639, 221, 161, 252, 288
-0.980654, 1, 113, 64, 240
-0.980674, 425, 185, 488, 248
-0.980818, 325, 201, 356, 264
-0.980881, 345, 233, 408, 296
-0.981087, 241, 177, 272, 304
-0.981285, 353, 225, 384, 346
-0.981305, 337, 161, 464, 224
-0.981471, 313, 145, 344, 272
-0.981482, 309, 145, 340, 208
-0.981512, 257, 225, 384, 288
-0.981566, 305, 1, 368, 256
-0.981611, 337, 137, 464, 200
-0.981618, 241, 1, 304, 256
-0.981626, 185, 153, 216, 216
-0.98172, 341, 169, 372, 232
-0.981728, 365, 209, 396, 336
-0.981736, 97, 1, 160, 256
-0.981744, 49, 145, 176, 272
-0.98179, 313, 201, 344, 264
-0.981894, 41, 1, 104, 256
-0.982002, 225, 273, 256, 336
-0.982083, 193, 1, 256, 256
-0.982182, 209, 161, 240, 288
-0.982207, 137, 1, 200, 256
-0.98229, 169, 153, 200, 216
-0.982304, 305, 97, 368, 346
-0.982368, 329, 113, 392, 176
-0.982386, 49, 233, 112, 296
-0.982387, 353, 225, 384, 288
-0.9824, 217, 1, 280, 256
-0.98242, 41, 145, 104, 272
-0.982424, 381, 129, 412, 192
-0.982573, 169, 1, 232, 256
-0.982616, 73, 1, 136, 256
-0.982724, 193, 113, 256, 240
-0.98281, 357, 145, 388, 208
-0.982832, 137, 137, 200, 200
-0.982834, 305, 225, 432, 288
-0.982876, 157, 153, 188, 216
-0.982944, 97, 145, 224, 208
-0.983023, 353, 1, 416, 256
-0.983063, 265, 153, 296, 216
-0.983093, 49, 209, 112, 272
-0.983117, 309, 193, 340, 320
-0.98317, 277, 161, 308, 224
-0.983246, 145, 177, 272, 240
-0.983252, 241, 113, 304, 240
-0.983262, 289, 161, 320, 288
-0.983344, 245, 145, 276, 208
-0.983495, 289, 153, 320, 216
-0.983519, 341, 241, 372, 304
-0.983532, 377, 193, 408, 256
-0.98355, 425, 145, 488, 208
-0.98367, 105, 145, 168, 272
-0.983736, 241, 177, 272, 240
-0.983745, 161, 129, 224, 192
-0.983751, 321, 149, 384, 180
-0.983754, 233, 129, 264, 256
-0.983791, 309, 225, 340, 288
-0.983813, 1, 97, 128, 224
-0.983838, 321, 225, 352, 288
-0.983849, 389, 129, 420, 256
-0.983866, 89, 145, 152, 208
-0.983912, 249, 209, 312, 272
-0.983946, 325, 169, 356, 232
-0.98406, 401, 193, 464, 320
-0.984101, 229, 177, 260, 240
-0.984246, 217, 177, 248, 240
-0.98432, 1, 97, 64, 346
-0.984364, 25, 233, 88, 296
-0.984383, 377, 97, 440, 224
-0.984457, 185, 129, 248, 192
-0.984502, 369, 65, 496, 192
-0.984633, 245, 265, 276, 328
-0.984743, 369, 217, 400, 280
-0.984859, 453, 9, 484, 72
-0.98488, 193, 137, 320, 200
-0.984915, 337, 189, 400, 220
-0.984985, 193, 185, 320, 248
-0.985141, 17, 9, 48, 72
-0.985148, 185, 241, 248, 304
-0.985195, 1, 65, 64, 192
-0.985211, 85, 209, 116, 272
-0.985227, 365, 113, 396, 240
-0.9854, 1, 145, 128, 208
-0.985423, 177, 265, 304, 328
-0.985441, 249, 185, 312, 248
-0.985547, 269, 177, 300, 304
-0.985575, 205, 265, 236, 328
-0.985586, 257, 265, 288, 328
-0.985617, 49, 9, 112, 72
-0.985617, 73, 9, 136, 72
-0.985617, 97, 9, 160, 72
-0.985617, 121, 9, 184, 72
-0.985617, 145, 9, 208, 72
-0.985662, 1, 257, 128, 320
-0.985682, 145, 273, 208, 336
-0.985705, 281, 97, 344, 346
-0.985725, 313, 169, 344, 232
-0.985729, 81, 161, 144, 288
-0.985745, 33, 145, 96, 208
-0.985801, 293, 209, 324, 272
-0.985806, 337, 201, 400, 232
-0.985945, 169, 9, 232, 72
-0.985981, 313, 189, 376, 220
-0.985992, 161, 97, 224, 224
-0.986003, 161, 225, 224, 288
-0.986035, 1, 281, 64, 344
-0.986062, 301, 169, 332, 232
-0.98607, 209, 209, 336, 272
-0.986228, 217, 9, 280, 72
-0.986228, 281, 9, 344, 72
-0.986237, 205, 177, 236, 240
-0.986257, 1, 177, 64, 240
-0.986327, 257, 9, 320, 72
-0.986373, 193, 9, 256, 72
-0.986381, 265, 177, 296, 240
-0.986422, 273, 153, 336, 184
-0.986486, 1, 49, 500, 176
-0.986496, 241, 265, 368, 328
-0.986533, 297, 209, 328, 336
-0.986566, 233, 157, 296, 188
-0.986605, 297, 149, 360, 180
-0.986646, 81, 193, 144, 256
-0.98666, 205, 241, 236, 304
-0.986708, 305, 9, 368, 72
-0.986716, 433, 249, 496, 312
-0.986734, 425, 97, 488, 346
-0.986799, 289, 1, 320, 128
-0.986868, 1, 121, 64, 184
-0.986868, 297, 249, 360, 312
-0.986929, 425, 97, 488, 224
-0.986951, 281, 169, 344, 200
-0.987039, 457, 161, 488, 224
-0.987067, 265, 97, 328, 224
-0.987088, 313, 161, 376, 192
-0.987095, 289, 97, 352, 224
-0.987096, 281, 209, 312, 272
-0.987118, 369, 157, 432, 188
-0.987121, 353, 9, 416, 72
-0.987142, 277, 137, 308, 200
-0.987258, 81, 209, 112, 336
-0.987263, 445, 145, 476, 208
-0.987266, 401, 9, 464, 72
-0.987338, 265, 265, 328, 328
-0.987344, 129, 273, 256, 336
-0.98735, 321, 121, 352, 184
-0.987355, 65, 153, 128, 216
-0.987402, 357, 121, 388, 184
-0.98741, 41, 97, 104, 346
-0.987457, 329, 9, 392, 72
-0.987535, 157, 1, 188, 128
-0.987545, 241, 129, 368, 192
-0.98758, 309, 1, 340, 128
-0.987631, 225, 193, 288, 256
-0.987634, 145, 153, 176, 216
-0.987641, 377, 9, 440, 72
-0.987641, 225, 173, 288, 204
-0.987687, 217, 289, 280, 320
-0.987722, 329, 137, 392, 168
-0.987736, 313, 209, 376, 240
-0.987754, 257, 173, 320, 204
-0.98777, 269, 209, 300, 272
-0.987772, 45, 1, 76, 128
-0.987772, 57, 1, 88, 128
-0.987772, 69, 1, 100, 128
-0.987772, 81, 1, 112, 128
-0.987772, 93, 1, 124, 128
-0.987772, 105, 1, 136, 128
-0.987806, 377, 193, 408, 320
-0.987811, 33, 1, 64, 128
-0.987811, 117, 1, 148, 128
-0.987813, 257, 145, 500, 208
-0.987826, 161, 157, 224, 188
-0.987971, 145, 1, 176, 128
-0.987978, 45, 249, 76, 312
-0.987987, 193, 173, 256, 204
-0.987991, 105, 225, 168, 288
-0.988009, 129, 1, 160, 128
-0.988012, 49, 265, 112, 328
-0.988054, 393, 137, 424, 200
-0.988086, 169, 1, 200, 128
-0.988086, 225, 1, 256, 128
-0.988089, 289, 185, 320, 248
-0.988127, 337, 177, 400, 208
-0.988172, 33, 185, 96, 248
-0.988175, 237, 1, 268, 128
-0.988207, 277, 1, 308, 128
-0.988231, 13, 217, 44, 280
-0.98827, 57, 249, 88, 312
-0.988273, 289, 121, 416, 184
-0.988307, 73, 209, 104, 272
-0.988323, 185, 97, 248, 346
-0.988387, 301, 145, 332, 272
-0.988401, 197, 161, 228, 288
-0.988412, 181, 1, 212, 128
-0.988459, 13, 257, 44, 320
-0.988469, 433, 49, 496, 176
-0.988471, 189, 177, 220, 240
-0.988489, 321, 1, 352, 128
-0.988493, 321, 257, 384, 320
-0.988521, 197, 1, 228, 128
-0.988549, 209, 97, 272, 346
-0.988556, 417, 281, 480, 344
-0.988559, 213, 1, 244, 128
-0.988575, 273, 233, 336, 296
-0.988577, 161, 273, 192, 336
-0.988605, 49, 145, 176, 208
-0.988623, 13, 185, 44, 248
-0.988642, 265, 1, 296, 128
-0.988667, 65, 185, 96, 248
-0.988682, 17, 153, 48, 216
-0.988687, 377, 1, 408, 128
-0.988725, 349, 1, 380, 128
-0.988734, 277, 185, 308, 248
-0.988775, 1, 49, 128, 176
-0.988789, 161, 177, 192, 240
-0.988811, 129, 145, 160, 208
-0.988835, 441, 1, 472, 128
-0.988856, 209, 161, 272, 192
-0.988867, 201, 217, 264, 280
-0.988885, 361, 1, 392, 128
-0.9889, 217, 249, 248, 312
-0.988963, 209, 129, 240, 192
-0.988974, 1, 201, 128, 264
-0.988995, 333, 1, 364, 128
-0.989005, 65, 97, 128, 346
-0.989052, 345, 153, 408, 184
-0.989058, 121, 249, 184, 312
-0.989058, 97, 97, 160, 346
-0.989064, 433, 153, 464, 216
-0.989081, 225, 81, 352, 208
-0.989084, 249, 1, 280, 128
-0.989115, 433, 153, 496, 184
-0.989116, 385, 97, 448, 346
-0.989116, 397, 1, 428, 128
-0.989133, 25, 257, 88, 320
-0.989143, 369, 121, 400, 184
-0.989155, 421, 1, 452, 128
-0.989158, 453, 193, 484, 256
-0.989163, 145, 97, 208, 346
-0.989189, 193, 265, 224, 328
-0.989193, 409, 1, 440, 128
-0.989364, 73, 9, 104, 72
-0.989364, 85, 9, 116, 72
-0.989364, 97, 9, 128, 72
-0.989364, 109, 9, 140, 72
-0.989364, 121, 9, 152, 72
-0.989364, 133, 9, 164, 72
-0.989364, 177, 9, 208, 72
-0.989368, 49, 233, 176, 296
-0.989373, 13, 121, 44, 184
-0.989376, 389, 193, 420, 256
-0.989377, 177, 129, 208, 192
-0.989383, 145, 9, 176, 72
-0.989383, 165, 9, 196, 72
-0.989432, 1, 97, 64, 160
-0.989463, 61, 9, 92, 72
-0.989502, 49, 9, 80, 72
-0.989502, 189, 9, 220, 72
-0.989523, 193, 241, 224, 304
-0.98953, 29, 233, 60, 296
-0.989547, 217, 209, 248, 336
-0.989554, 93, 185, 124, 248
-0.989618, 257, 209, 500, 272
-0.989626, 69, 249, 100, 312
-0.98963, 113, 193, 176, 256
-0.989653, 309, 121, 340, 184
-0.989659, 433, 209, 496, 272
-0.98966, 329, 1, 392, 346
-0.989681, 161, 153, 416, 216
-0.9897, 137, 225, 200, 288
-0.9897, 285, 9, 316, 72
-0.989705, 409, 153, 440, 216
-0.98972, 265, 9, 296, 72
-0.989723, 29, 9, 60, 72
-0.989732, 33, 145, 64, 208
-0.989758, 233, 9, 264, 72
-0.989767, 297, 129, 328, 192
-0.989771, 193, 129, 224, 192
-0.989781, 301, 9, 332, 72
-0.9898, 201, 9, 232, 72
-0.9898, 213, 9, 244, 72
-0.989806, 221, 129, 252, 192
-0.989807, 233, 249, 264, 312
-0.989822, 313, 9, 344, 72
-0.989838, 253, 9, 284, 72
-0.989841, 121, 97, 184, 346
-0.98986, 257, 209, 288, 272
-0.989863, 173, 273, 204, 336
-0.989877, 441, 9, 472, 72
-0.989882, 329, 249, 360, 312
-0.989888, 369, 113, 496, 176
-0.989902, 433, 185, 464, 248
-0.989917, 101, 145, 132, 208
-0.989918, 337, 9, 368, 72
-0.989918, 349, 9, 380, 72
-0.989926, 337, 217, 368, 280
-0.989943, 353, 129, 384, 256
-0.989947, 457, 249, 488, 312
-0.989956, 177, 177, 208, 240
-0.98997, 249, 97, 312, 346
-0.989984, 169, 173, 232, 204
-0.989995, 1, 1, 64, 346
-0.990018, 325, 9, 356, 72
-0.990022, 337, 165, 400, 196
-0.990023, 457, 137, 488, 200
-0.990041, 93, 281, 124, 344
-0.990054, 289, 229, 352, 260
-0.990056, 361, 9, 392, 72
-0.990056, 429, 9, 460, 72
-0.990058, 361, 173, 424, 204
-0.990069, 241, 241, 304, 304
-0.990072, 149, 249, 180, 312
-0.990082, 369, 273, 496, 336
-0.990084, 1, 225, 128, 288
-0.990113, 225, 217, 288, 280
-0.990128, 121, 281, 184, 344
-0.990181, 401, 185, 464, 248
-0.990299, 97, 281, 160, 344
-0.990301, 1, 153, 64, 184
-0.990304, 97, 177, 224, 240
-0.990353, 193, 241, 320, 304
-0.990533, 1, 33, 64, 96
-0.990562, 113, 169, 176, 232
-0.990577, 241, 225, 272, 346
-0.990584, 361, 189, 424, 220
-0.990601, 153, 193, 216, 256
-0.99066, 285, 209, 316, 336
-0.990668, 13, 161, 44, 288
-0.990694, 393, 149, 456, 180
-0.990759, 321, 97, 448, 224
-0.990802, 369, 145, 432, 176
-0.990832, 49, 9, 176, 72
-0.990832, 97, 9, 224, 72
-0.990868, 145, 9, 272, 72
-0.990871, 129, 225, 256, 288
-0.990925, 1, 281, 128, 344
-0.990954, 65, 97, 192, 224
-0.99097, 13, 209, 44, 336
-0.991032, 361, 201, 424, 232
-0.991052, 145, 173, 208, 204
-0.991066, 1, 145, 256, 208
-0.991079, 321, 145, 352, 176
-0.991121, 225, 9, 352, 72
-0.991124, 273, 213, 336, 244
-0.991188, 433, 73, 496, 136
-0.991273, 361, 185, 392, 216
-0.991289, 1, 65, 64, 128
-0.991345, 129, 177, 384, 240
-0.991393, 145, 129, 272, 192
-0.991407, 393, 129, 456, 192
-0.991472, 129, 249, 256, 312
-0.991486, 265, 129, 296, 256
-0.99149, 365, 173, 396, 204
-0.991551, 9, 17, 72, 48
-0.991575, 201, 209, 232, 336
-0.991576, 433, 41, 496, 104
-0.991604, 25, 153, 88, 184
-0.99164, 363, 177, 378, 240
-0.991667, 357, 205, 388, 236
-0.99167, 273, 9, 400, 72
-0.991703, 361, 217, 424, 248
-0.991759, 425, 17, 488, 48
-0.991778, 209, 277, 272, 308
-0.991781, 365, 153, 396, 184
-0.991829, 305, 1, 368, 346
-0.99183, 409, 249, 472, 312
-0.991831, 229, 173, 260, 204
-0.991847, 313, 157, 344, 188
-0.991936, 225, 145, 288, 176
-0.991952, 289, 149, 416, 180
-0.991982, 333, 145, 364, 176
-0.991994, 437, 145, 468, 272
-0.992008, 277, 129, 308, 256
-0.992021, 113, 149, 176, 180
-0.992043, 341, 193, 372, 224
-0.992045, 375, 161, 390, 224
-0.992089, 369, 241, 496, 304
-0.992128, 385, 149, 416, 180
-0.992144, 1, 241, 64, 272
-0.992146, 313, 237, 376, 268
-0.992166, 73, 249, 136, 312
-0.992182, 281, 1, 344, 346
-0.992186, 297, 137, 360, 168
-0.992195, 261, 157, 292, 188
-0.992202, 433, 113, 496, 176
-0.992213, 417, 261, 480, 292
-0.992214, 289, 189, 352, 220
-0.992216, 25, 209, 88, 272
-0.992217, 69, 145, 100, 272
-0.992225, 257, 173, 288, 204
-0.992238, 137, 157, 200, 188
-0.992242, 257, 169, 500, 232
-0.992254, 321, 9, 448, 72
-0.992278, 245, 157, 276, 188
-0.992279, 353, 217, 480, 280
-0.9923, 273, 157, 304, 188
-0.992345, 49, 149, 112, 180
-0.992345, 377, 1, 440, 346
-0.992358, 369, 197, 400, 228
-0.992381, 273, 141, 336, 172
-0.992382, 313, 173, 376, 204
-0.992426, 41, 257, 104, 288
-0.992432, 289, 157, 320, 188
-0.992452, 369, 141, 400, 172
-0.992467, 377, 161, 408, 192
-0.99248, 161, 209, 416, 272
-0.992486, 301, 157, 332, 188
-0.992488, 433, 153, 464, 184
-0.992498, 185, 157, 248, 188
-0.99252, 1, 265, 64, 296
-0.992525, 1, 121, 128, 184
-0.992526, 325, 193, 356, 224
-0.992526, 113, 97, 176, 224
-0.992557, 369, 169, 384, 232
-0.992575, 457, 161, 488, 288
-0.992585, 1, 253, 64, 284
-0.992655, 65, 313, 128, 344
-0.992697, 425, 193, 488, 224
-0.992699, 177, 273, 240, 304
-0.992708, 373, 217, 404, 248
-0.992708, 253, 209, 284, 336
-0.99273, 257, 9, 500, 72
-0.992738, 297, 281, 360, 344
-0.992741, 161, 161, 192, 288
-0.992756, 241, 285, 304, 316
-0.992765, 173, 225, 204, 346
-0.992778, 157, 161, 188, 192
-0.992784, 197, 173, 228, 204
-0.992805, 289, 265, 416, 328
-0.99281, 229, 285, 260, 316
-0.992827, 349, 165, 380, 196
-0.992827, 73, 217, 136, 248
-0.992846, 249, 145, 312, 176
-0.992859, 325, 157, 356, 188
-0.992867, 257, 1, 320, 346
-0.992872, 245, 177, 276, 208
-0.992887, 445, 157, 476, 188
-0.99289, 345, 273, 408, 336
-0.992894, 433, 165, 496, 196
-0.992922, 145, 249, 208, 312
-0.992953, 369, 249, 432, 312
-0.992983, 345, 209, 376, 240
-0.992999, 221, 157, 252, 188
-0.993023, 379, 137, 394, 200
-0.993024, 341, 181, 372, 212
-0.993029, 297, 169, 328, 200
-0.993043, 113, 161, 176, 192
-0.993072, 217, 181, 248, 212
-0.993074, 241, 289, 272, 320
-0.993076, 409, 153, 440, 184
-0.99309, 305, 145, 336, 176
-0.993097, 225, 173, 352, 204
-0.993099, 325, 133, 356, 164
-0.993115, 381, 137, 412, 168
-0.99312, 1, 169, 128, 232
-0.993207, 309, 169, 340, 200
-0.993207, 409, 161, 472, 192
-0.993224, 209, 185, 272, 216
-0.993259, 193, 145, 256, 176
-0.993268, 345, 229, 408, 260
-0.993269, 173, 157, 204, 188
-0.993272, 285, 169, 316, 200
-0.993277, 269, 225, 300, 346
-0.993282, 241, 269, 304, 300
-0.993285, 1, 9, 256, 72
-0.993295, 337, 133, 368, 164
-0.993305, 273, 209, 400, 240
-0.993313, 81, 281, 208, 344
-0.993318, 233, 157, 264, 188
-0.993318, 145, 153, 272, 184
-0.99332, 331, 137, 346, 200
-0.993323, 317, 229, 348, 260
-0.993346, 457, 149, 488, 180
-0.993372, 85, 213, 116, 244
-0.993378, 357, 229, 388, 260
-0.993401, 289, 201, 352, 232
-0.993408, 425, 165, 456, 196
-0.993409, 329, 181, 360, 212
-0.993425, 417, 161, 448, 288
-0.993445, 421, 153, 452, 184
-0.993455, 293, 145, 324, 176
-0.993456, 269, 173, 300, 204
-0.993463, 245, 277, 276, 308
-0.993476, 241, 157, 368, 188
-0.99348, 217, 301, 280, 332
-0.993483, 349, 153, 380, 184
-0.993492, 257, 145, 288, 176
-0.993497, 381, 205, 412, 236
-0.993512, 209, 157, 240, 188
-0.993516, 393, 265, 456, 296
-0.993522, 301, 213, 332, 244
-0.993522, 93, 209, 124, 336
-0.993528, 289, 161, 416, 192
-0.99354, 73, 273, 136, 336
-0.99354, 341, 225, 372, 256
-0.993542, 313, 189, 344, 220
-0.993553, 317, 209, 348, 240
-0.993569, 153, 173, 184, 204
-0.993571, 173, 145, 204, 272
-0.993579, 341, 241, 372, 272
-0.99358, 333, 209, 364, 240
-0.993586, 17, 17, 48, 48
-0.993594, 21, 313, 52, 344
-0.993599, 1, 137, 64, 168
-0.993599, 241, 301, 304, 332
-0.9936, 181, 173, 212, 204
-0.993621, 361, 217, 392, 248
-0.993623, 249, 217, 312, 248
-0.993638, 41, 205, 104, 236
-0.99365, 433, 1, 496, 346
-0.993659, 137, 153, 168, 184
-0.993663, 337, 157, 368, 188
-0.993677, 453, 17, 484, 48
-0.993691, 53, 257, 84, 288
-0.993705, 285, 213, 316, 244
-0.99371, 345, 261, 408, 292
-0.993711, 381, 193, 412, 224
-0.993729, 377, 173, 408, 204
-0.99373, 213, 169, 244, 200
-0.993742, 17, 265, 48, 296
-0.993764, 321, 221, 384, 252
-0.993786, 369, 133, 432, 164
-0.993786, 25, 281, 88, 344
-0.993801, 389, 161, 420, 192
-0.993823, 1, 153, 500, 216
-0.993841, 221, 273, 252, 304
-0.993845, 233, 145, 264, 176
-0.99385, 363, 201, 378, 264
-0.993863, 213, 293, 244, 324
-0.993868, 245, 145, 276, 176
-0.99388, 185, 153, 216, 184
-0.993884, 185, 145, 216, 272
-0.993894, 41, 261, 72, 292
-0.993897, 65, 149, 96, 180
-0.993897, 1, 205, 64, 236
-0.993901, 277, 145, 308, 176
-0.993913, 25, 245, 88, 276
-0.993915, 53, 313, 84, 344
-0.993941, 289, 189, 416, 220
-0.993943, 57, 185, 120, 248
-0.993945, 401, 145, 432, 272
-0.993957, 121, 149, 152, 180
-0.993971, 341, 97, 372, 224
-0.993975, 329, 237, 360, 268
-0.993975, 1, 229, 64, 260
-0.993976, 205, 273, 236, 304
-0.993983, 13, 149, 44, 180
-0.993983, 165, 173, 196, 204
-0.993984, 387, 153, 402, 216
-0.993988, 197, 161, 228, 192
-0.99399, 101, 149, 132, 180
-0.993991, 157, 149, 188, 180
-0.993996, 149, 161, 180, 288
-0.994001, 197, 149, 228, 180
-0.994007, 425, 261, 456, 292
-0.994021, 235, 153, 250, 216
-0.994026, 189, 209, 220, 336
-0.994031, 357, 141, 388, 172
-0.994036, 337, 137, 352, 200
-0.994047, 225, 121, 288, 184
-0.994053, 413, 165, 444, 196
-0.994054, 325, 169, 356, 200
-0.994058, 385, 201, 448, 232
-0.994058, 325, 145, 340, 208
-0.994063, 113, 97, 240, 224
-0.994076, 93, 313, 124, 344
-0.99408, 105, 313, 168, 344
-0.994094, 193, 1, 256, 346
-0.994101, 249, 301, 280, 332
-0.994106, 353, 265, 384, 296
-0.994111, 313, 257, 376, 288
-0.994111, 413, 261, 444, 292
-0.994113, 37, 149, 68, 180
-0.994114, 141, 169, 172, 200
-0.994115, 343, 201, 358, 264
-0.994115, 13, 245, 44, 276
-0.994119, 457, 257, 488, 288
-0.99413, 457, 161, 488, 192
-0.99413, 433, 193, 464, 224
-0.994134, 229, 153, 244, 216
-0.994141, 49, 217, 112, 248
-0.994143, 49, 149, 80, 180
-0.99415, 389, 209, 420, 336
-0.99415, 337, 169, 368, 200
-0.994165, 457, 189, 488, 220
-0.994169, 253, 289, 284, 320
-0.994175, 41, 313, 72, 344
-0.994175, 261, 273, 292, 304
-0.994179, 81, 313, 112, 344
-0.994187, 25, 1, 88, 346
-0.994209, 1, 217, 64, 248
-0.994214, 445, 261, 476, 292
-0.994216, 201, 265, 264, 296
-0.994217, 9, 313, 72, 344
-0.99423, 33, 245, 64, 276
-0.994235, 457, 201, 488, 232
-0.994239, 65, 313, 96, 344
-0.994243, 329, 249, 360, 280
-0.994257, 385, 273, 448, 336
-0.994259, 207, 153, 222, 216
-0.994261, 169, 145, 232, 176
-0.994278, 379, 193, 394, 256
-0.994279, 333, 265, 364, 296
-0.994279, 13, 193, 44, 224
-0.99428, 1, 193, 64, 224
-0.994281, 393, 197, 424, 228
-0.994289, 121, 173, 184, 204
-0.994292, 357, 201, 372, 264
-0.994297, 233, 273, 264, 304
-0.994311, 173, 145, 204, 176
-0.994318, 305, 229, 336, 260
-0.994318, 229, 297, 260, 328
-0.994324, 369, 193, 496, 224
-0.994328, 193, 293, 256, 324
-0.994331, 369, 57, 496, 120
-0.994377, 193, 157, 320, 188
-0.994377, 1, 181, 64, 212
-0.994384, 157, 209, 188, 336
-0.994414, 65, 1, 128, 346
-0.99443, 353, 97, 416, 224
-0.994433, 321, 281, 384, 344
-0.994434, 265, 153, 280, 216
-0.994435, 213, 113, 244, 240
-0.994445, 305, 137, 432, 168
-0.994451, 433, 273, 496, 304
-0.994461, 217, 145, 232, 208
-0.994529, 73, 149, 136, 180
-0.99455, 433, 181, 496, 212
-0.994575, 433, 205, 496, 236
-0.994586, 225, 145, 352, 176
-0.994597, 1, 177, 500, 240
-0.994623, 369, 193, 384, 256
-0.994626, 381, 161, 396, 224
-0.994641, 65, 193, 96, 320
-0.994684, 1, 217, 500, 280
-0.994698, 1, 277, 64, 308
-0.994713, 113, 121, 176, 184
-0.994717, 259, 161, 274, 224
-0.994718, 369, 261, 432, 292
-0.994722, 41, 313, 104, 344
-0.994749, 353, 1, 416, 346
-0.994754, 385, 129, 400, 192
-0.994768, 1, 225, 256, 288
-0.994775, 337, 149, 464, 180
-0.994801, 137, 113, 200, 240
-0.994806, 241, 185, 304, 216
-0.994812, 357, 177, 372, 240
-0.994814, 201, 153, 216, 216
-0.994821, 1, 249, 256, 312
-0.99483, 321, 313, 384, 344
-0.994839, 349, 201, 364, 264
-0.994839, 243, 153, 258, 216
-0.994852, 229, 209, 260, 336
-0.994858, 257, 233, 500, 296
-0.994876, 145, 173, 272, 204
-0.994889, 223, 153, 238, 216
-0.994905, 217, 1, 280, 346
-0.994917, 369, 161, 496, 192
-0.994955, 171, 153, 186, 216
-0.994961, 113, 225, 144, 346
-0.994987, 161, 17, 224, 48
-0.994987, 265, 17, 328, 48
-0.994987, 93, 161, 124, 288
-0.995089, 195, 153, 210, 216
-0.995094, 153, 1, 216, 346
-0.995097, 335, 201, 350, 264
-0.995104, 1, 165, 64, 196
-0.995116, 33, 17, 96, 48
-0.99513, 185, 17, 248, 48
-0.995139, 369, 33, 496, 96
-0.995158, 249, 153, 264, 216
-0.995158, 1, 169, 256, 232
-0.995168, 337, 125, 400, 156
-0.995169, 177, 153, 192, 216
-0.995187, 129, 17, 192, 48
-0.99519, 315, 209, 330, 272
-0.995207, 241, 201, 304, 232
-0.995213, 213, 169, 228, 232
-0.995223, 265, 197, 328, 228
-0.995245, 233, 313, 296, 344
-0.995248, 369, 89, 496, 152
-0.995251, 401, 189, 464, 220
-0.995273, 57, 17, 120, 48
-0.995273, 81, 17, 144, 48
-0.995273, 105, 17, 168, 48
-0.995273, 241, 17, 304, 48
-0.995286, 217, 17, 280, 48
-0.9953, 289, 17, 352, 48
-0.995325, 337, 241, 400, 272
-0.995366, 319, 145, 334, 208
-0.995369, 189, 153, 204, 216
-0.99537, 321, 177, 448, 208
-0.995378, 289, 253, 352, 284
-0.99538, 145, 229, 208, 260
-0.995388, 201, 313, 264, 344
-0.995393, 113, 1, 176, 346
-0.995398, 161, 265, 416, 328
-0.995405, 337, 161, 352, 224
-0.99542, 249, 113, 280, 240
-0.995424, 89, 209, 104, 272
-0.995438, 177, 253, 240, 284
-0.995459, 137, 209, 168, 336
-0.995468, 185, 185, 248, 216
-0.995473, 257, 313, 320, 344
-0.995479, 165, 153, 180, 216
-0.995482, 369, 205, 496, 236
-0.995485, 329, 17, 392, 48
-0.995499, 369, 17, 432, 48
-0.995517, 177, 225, 240, 256
-0.995519, 327, 193, 342, 256
-0.995524, 331, 161, 346, 224
-0.995524, 369, 17, 496, 48
-0.995531, 433, 313, 496, 344
-0.99554, 321, 269, 384, 300
-0.995553, 433, 249, 496, 280
-0.995559, 177, 313, 240, 344
-0.995579, 357, 225, 372, 288
-0.995614, 65, 273, 320, 336
-0.995622, 373, 137, 388, 200
-0.995625, 209, 217, 336, 248
-0.995637, 241, 185, 368, 216
-0.99567, 177, 201, 240, 264
-0.995693, 73, 113, 136, 240
-0.995717, 183, 153, 198, 216
-0.995723, 363, 153, 378, 216
-0.995728, 321, 209, 336, 272
-0.995756, 1, 97, 128, 160
-0.995767, 1, 17, 128, 48
-0.995796, 351, 177, 366, 240
-0.995806, 271, 153, 286, 216
-0.995813, 13, 113, 44, 240
-0.995903, 291, 161, 306, 224
-0.995914, 335, 233, 350, 296
-0.995929, 53, 177, 84, 304
-0.995941, 343, 137, 358, 200
-0.995966, 337, 217, 464, 248
-0.99598, 349, 241, 364, 304
-0.995988, 159, 153, 174, 216
-0.995995, 385, 185, 400, 248
-0.995998, 301, 161, 316, 224
-0.996, 251, 177, 266, 240
-0.996015, 321, 201, 448, 232
-0.996017, 97, 161, 224, 192
-0.996032, 391, 129, 406, 192
-0.996044, 257, 225, 384, 256
-0.996089, 219, 177, 234, 240
-0.996136, 65, 129, 128, 192
-0.996157, 97, 201, 224, 264
-0.996164, 225, 177, 240, 240
-0.996195, 255, 273, 270, 336
-0.996239, 365, 225, 380, 288
-0.996294, 89, 1, 152, 346
-0.996311, 453, 209, 484, 336
-0.996329, 277, 153, 292, 216
-0.996332, 161, 129, 416, 192
-0.996347, 49, 149, 176, 180
-0.996389, 369, 173, 496, 204
-0.996401, 327, 217, 342, 280
-0.996441, 257, 121, 500, 184
-0.996445, 311, 145, 326, 208
-0.996478, 245, 177, 260, 240
-0.996491, 65, 257, 192, 320
-0.996497, 273, 173, 400, 204
-0.996532, 369, 137, 496, 168
-0.996534, 193, 285, 320, 316
-0.996536, 1, 41, 128, 104
-0.996541, 319, 185, 334, 248
-0.996551, 341, 233, 356, 296
-0.996553, 369, 261, 496, 292
-0.996577, 285, 161, 300, 224
-0.996613, 255, 137, 270, 200
-0.996638, 145, 273, 272, 304
-0.996641, 1, 257, 128, 288
-0.996646, 277, 177, 292, 240
-0.996647, 231, 177, 246, 240
-0.996647, 373, 217, 388, 280
-0.996677, 271, 177, 286, 240
-0.996683, 1, 65, 128, 128
-0.996705, 237, 273, 252, 336
-0.996706, 329, 149, 344, 180
-0.996707, 333, 137, 348, 168
-0.99671, 1, 193, 256, 256
-0.996713, 229, 265, 244, 328
-0.996718, 249, 265, 264, 328
-0.99672, 225, 273, 352, 304
-0.996738, 153, 153, 168, 216
-0.996749, 309, 209, 324, 272
-0.996762, 219, 265, 234, 328
-0.996767, 1, 149, 128, 180
-0.996781, 323, 149, 338, 180
-0.996833, 381, 157, 396, 188
-0.99684, 237, 177, 252, 240
-0.996867, 97, 249, 160, 312
-0.996871, 409, 1, 472, 346
-0.99688, 357, 153, 372, 216
-0.996893, 303, 201, 318, 264
-0.996911, 17, 9, 32, 72
-0.996929, 377, 169, 392, 200
-0.996936, 317, 153, 332, 184
-0.996944, 257, 257, 500, 320
-0.996951, 243, 281, 258, 344
-0.996959, 17, 1, 48, 256
-0.996967, 469, 9, 484, 72
-0.996992, 289, 105, 352, 168
-0.996998, 49, 193, 176, 256
-0.997012, 97, 173, 224, 204
-0.997019, 225, 105, 352, 168
-0.997039, 361, 1, 392, 256
-0.997064, 161, 81, 288, 208
-0.997081, 363, 205, 378, 236
-0.997108, 333, 97, 364, 346
-0.997117, 339, 137, 354, 168
-0.997121, 1, 313, 128, 344
-0.997132, 313, 185, 328, 248
-0.997141, 257, 237, 384, 268
-0.997142, 307, 169, 322, 232
-0.997143, 125, 209, 156, 336
-0.997172, 299, 137, 314, 200
-0.997177, 453, 1, 484, 256
-0.997187, 37, 225, 68, 346
-0.997201, 17, 281, 32, 344
-0.997224, 401, 97, 464, 224
-0.997231, 265, 157, 280, 188
-0.997246, 341, 1, 372, 256
-0.99726, 343, 169, 358, 232
-0.997265, 295, 201, 310, 264
-0.997268, 317, 1, 348, 256
-0.997269, 393, 153, 408, 216
-0.997274, 383, 137, 398, 168
-0.997285, 239, 173, 254, 204
-0.997317, 1, 225, 128, 256
-0.997326, 287, 201, 302, 264
-0.99733, 97, 149, 224, 180
-0.997331, 369, 97, 400, 346
-0.997338, 265, 265, 280, 328
-0.997341, 453, 113, 484, 240
-0.997358, 305, 233, 432, 264
-0.997375, 291, 137, 306, 200
-0.997375, 193, 193, 320, 224
-0.99739, 325, 169, 340, 232
-0.997396, 1, 213, 128, 244
-0.997403, 261, 173, 276, 204
-0.997409, 337, 189, 352, 220
-0.997413, 265, 177, 280, 240
-0.997419, 381, 201, 396, 232
-0.997436, 305, 157, 320, 188
-0.997436, 371, 149, 386, 180
-0.997442, 305, 97, 336, 224
-0.997443, 281, 201, 296, 264
-0.997455, 321, 269, 448, 300
-0.997464, 387, 153, 402, 184
-0.997469, 329, 189, 344, 220
-0.99747, 251, 161, 266, 192
-0.997471, 365, 177, 380, 208
-0.997475, 381, 97, 412, 346
-0.997487, 373, 145, 388, 272
-0.997495, 363, 189, 378, 220
-0.997503, 271, 153, 286, 184
-0.997505, 201, 129, 216, 192
-0.99751, 213, 265, 228, 328
-0.997529, 369, 273, 496, 304
-0.997542, 233, 173, 248, 204
-0.997543, 285, 137, 300, 200
-0.997556, 283, 161, 298, 192
-0.997556, 241, 197, 368, 228
-0.997563, 1, 241, 128, 272
-0.997563, 25, 97, 88, 224
-0.997563, 381, 193, 412, 208
-0.997564, 197, 151, 228, 166
-0.997572, 95, 201, 110, 264
-0.997574, 269, 177, 300, 192
-0.997574, 205, 185, 236, 200
-0.997576, 233, 157, 264, 172
-0.997582, 85, 215, 116, 230
-0.997583, 245, 159, 276, 174
-0.997589, 1, 121, 256, 184
-0.997593, 469, 153, 484, 216
-0.997595, 421, 197, 452, 212
-0.997595, 161, 241, 416, 304
-0.997596, 13, 325, 44, 340
-0.997598, 13, 157, 44, 172
-0.997603, 385, 215, 416, 230
-0.997603, 259, 157, 274, 188
-0.997604, 105, 161, 136, 288
-0.997609, 371, 177, 386, 208
-0.997612, 161, 9, 416, 72
-0.997619, 291, 157, 306, 188
-0.997623, 17, 249, 32, 312
-0.997633, 1, 193, 128, 224
-0.997634, 339, 153, 354, 184
-0.997642, 225, 151, 256, 166
-0.997643, 145, 153, 176, 168
-0.997644, 237, 157, 252, 188
-0.997654, 211, 173, 226, 204
-0.997654, 357, 149, 388, 164
-0.99766, 313, 205, 344, 220
-0.997662, 389, 1, 420, 256
-0.997664, 45, 155, 76, 170
-0.997664, 149, 175, 180, 190
-0.997665, 93, 319, 124, 334
-0.997673, 341, 245, 372, 260
-0.997686, 309, 195, 340, 210
-0.997689, 207, 177, 222, 240
-0.997696, 357, 201, 372, 232
-0.997699, 37, 325, 68, 340
-0.997704, 369, 197, 400, 212
-0.997704, 321, 139, 352, 154
-0.997714, 285, 217, 316, 232
-0.997716, 371, 189, 386, 220
-0.997719, 375, 205, 390, 236
-0.997719, 357, 189, 372, 220
-0.997723, 457, 191, 488, 206
-0.997727, 433, 193, 464, 208
-0.997729, 297, 157, 312, 188
-0.997734, 51, 249, 66, 312
-0.997744, 161, 161, 176, 192
-0.997745, 389, 167, 420, 182
-0.997745, 299, 169, 314, 200
-0.997751, 371, 161, 386, 192
-0.997752, 345, 165, 376, 180
-0.997759, 49, 161, 176, 192
-0.997762, 83, 209, 98, 272
-0.997763, 185, 157, 216, 172
-0.997764, 345, 97, 376, 346
-0.997765, 273, 257, 400, 288
-0.997768, 41, 265, 72, 280
-0.99777, 311, 161, 326, 192
-0.997773, 351, 145, 366, 208
-0.997781, 321, 97, 352, 346
-0.997792, 167, 157, 182, 188
-0.997792, 391, 193, 406, 256
-0.997793, 97, 229, 224, 260
-0.997793, 351, 193, 366, 224
-0.997794, 365, 161, 380, 192
-0.997803, 359, 225, 374, 256
-0.997805, 281, 173, 312, 188
-0.997808, 323, 161, 338, 192
-0.997817, 229, 297, 260, 312
-0.997817, 35, 145, 50, 208
-0.997818, 257, 163, 288, 178
-0.997819, 409, 163, 440, 178
-0.997826, 185, 179, 216, 194
-0.997826, 17, 267, 48, 282
-0.997828, 337, 231, 368, 246
-0.997831, 275, 201, 290, 264
-0.997831, 277, 161, 308, 176
-0.997833, 153, 167, 184, 182
-0.997833, 257, 281, 500, 344
-0.997835, 375, 217, 390, 248
-0.997839, 391, 141, 406, 172
-0.99784, 325, 121, 340, 184
-0.99784, 89, 209, 104, 240
-0.997841, 319, 233, 334, 296
-0.997841, 181, 1, 212, 256
-0.997842, 351, 209, 366, 240
-0.997842, 73, 1, 104, 256
-0.997844, 141, 169, 172, 184
-0.997852, 273, 173, 288, 204
-0.997854, 369, 201, 384, 232
-0.997859, 273, 1, 304, 256
-0.997861, 229, 285, 260, 300
-0.997862, 243, 161, 258, 192
-0.997862, 445, 153, 460, 216
-0.997869, 41, 121, 104, 184
-0.997871, 73, 249, 88, 312
-0.997873, 177, 151, 208, 166
-0.997877, 377, 1, 408, 256
-0.997881, 41, 1, 72, 256
-0.997887, 241, 291, 272, 306
-0.99789, 207, 129, 222, 192
-0.997894, 329, 165, 344, 196
-0.997897, 43, 241, 58, 304
-0.997905, 25, 281, 40, 344
-0.997907, 197, 157, 228, 172
-0.997908, 425, 169, 456, 184
-0.997911, 1, 129, 500, 192
-0.997911, 277, 161, 292, 192
-0.997911, 201, 1, 232, 256
-0.997912, 61, 1, 92, 256
-0.997912, 41, 145, 72, 272
-0.997917, 465, 1, 496, 128
-0.997922, 379, 145, 394, 272
-0.997922, 437, 153, 468, 168
-0.997927, 417, 153, 432, 216
-0.997928, 101, 1, 132, 256
-0.99793, 213, 293, 244, 308
-0.99793, 305, 137, 320, 200
-0.997935, 267, 173, 282, 204
-0.997937, 237, 129, 252, 192
-0.997939, 13, 65, 44, 192
-0.997942, 337, 145, 368, 160
-0.997942, 289, 113, 320, 240
-0.997943, 121, 1, 152, 256
-0.997944, 81, 221, 112, 236
-0.997945, 437, 153, 452, 184
-0.997946, 285, 1, 316, 256
-0.997947, 17, 225, 32, 288
-0.997947, 377, 145, 392, 176
-0.997947, 449, 153, 464, 184
-0.99795, 241, 151, 272, 166
-0.997951, 81, 145, 112, 272
-0.997953, 423, 153, 438, 184
-0.997954, 229, 157, 244, 188
-0.997956, 431, 157, 446, 188
-0.997957, 383, 189, 398, 220
-0.997958, 221, 157, 252, 172
-0.997958, 77, 329, 108, 344
-0.997964, 361, 177, 376, 304
-0.997968, 13, 151, 44, 166
-0.99797, 29, 1, 60, 256
-0.997972, 389, 161, 420, 176
-0.997972, 261, 1, 292, 256
-0.997974, 369, 203, 400, 218
-0.997974, 85, 1, 116, 256
-0.997974, 297, 1, 328, 256
-0.997977, 57, 153, 88, 168
-0.997981, 201, 177, 216, 240
-0.997981, 213, 1, 244, 256
-0.997984, 1, 273, 128, 304
-0.997988, 245, 1, 276, 256
-0.997992, 1, 265, 500, 328
-0.997995, 25, 145, 56, 272
-0.997998, 177, 141, 304, 172
-0.998, 81, 121, 208, 184
-0.998006, 321, 257, 448, 288
-0.998011, 177, 177, 192, 240
-0.998012, 357, 97, 388, 346
-0.998012, 57, 325, 88, 340
-0.998012, 367, 177, 382, 304
-0.998019, 385, 209, 400, 272
-0.998019, 329, 1, 360, 256
-0.99802, 153, 1, 184, 256
-0.998024, 305, 149, 336, 164
-0.998025, 65, 241, 80, 304
-0.998025, 421, 157, 452, 172
-0.998027, 137, 1, 168, 256
-0.998027, 127, 145, 142, 208
-0.998039, 229, 1, 260, 256
-0.998043, 251, 181, 266, 212
-0.998043, 165, 1, 196, 256
-0.998045, 25, 9, 40, 72
-0.998051, 57, 233, 72, 296
-0.998056, 5, 1, 36, 128
-0.998057, 1, 161, 128, 192
-0.998062, 195, 129, 210, 192
-0.998064, 241, 133, 368, 164
-0.998064, 251, 281, 266, 312
-0.998065, 441, 165, 472, 180
-0.998066, 243, 285, 258, 316
-0.998067, 357, 177, 372, 208
-0.99807, 147, 145, 162, 208
-0.99808, 437, 1, 468, 256
-0.9981, 173, 157, 188, 188
-0.998103, 33, 155, 64, 170
-0.998111, 245, 173, 260, 204
-0.998122, 145, 185, 272, 216
-0.998124, 421, 1, 452, 256
-0.998133, 321, 97, 352, 224
-0.998135, 197, 113, 228, 240
-0.998137, 311, 149, 326, 180
-0.998148, 221, 157, 236, 188
-0.998158, 81, 17, 208, 48
-0.99816, 405, 1, 436, 256
-0.998161, 307, 213, 322, 244
-0.998165, 373, 139, 404, 154
-0.998166, 145, 17, 272, 48
-0.998166, 293, 153, 324, 168
-0.998168, 161, 161, 192, 176
-0.998173, 377, 97, 408, 224
-0.998177, 25, 331, 56, 346
-0.998182, 245, 183, 276, 198
-0.998185, 1, 181, 128, 212
-0.998186, 369, 125, 496, 156
-0.998186, 353, 313, 480, 344
-0.998192, 345, 141, 360, 172
-0.998194, 25, 209, 56, 336
-0.998199, 145, 285, 272, 316
-0.998205, 55, 257, 70, 288
-0.998217, 425, 163, 456, 178
-0.998224, 355, 193, 370, 320
-0.998224, 347, 209, 362, 336
-0.998227, 323, 189, 338, 220
-0.99825, 227, 181, 242, 212
-0.99825, 239, 145, 254, 176
-0.998254, 53, 263, 84, 278
-0.998256, 415, 153, 430, 184
-0.998256, 317, 233, 348, 248
-0.998258, 273, 269, 400, 300
-0.998259, 209, 17, 336, 48
-0.998264, 425, 165, 440, 196
-0.998268, 353, 179, 384, 194
-0.998268, 455, 153, 470, 184
-0.998268, 205, 173, 220, 204
-0.998272, 387, 205, 402, 236
-0.998273, 221, 169, 236, 200
-0.998275, 161, 225, 288, 256
-0.998275, 145, 253, 272, 284
-0.998279, 335, 165, 350, 196
-0.99828, 457, 153, 488, 168
-0.99828, 359, 157, 374, 188
-0.99828, 195, 173, 210, 204
-0.998282, 327, 137, 342, 168
-0.998286, 43, 261, 58, 292
-0.99829, 279, 173, 294, 204
-0.998292, 225, 285, 240, 316
-0.998295, 317, 165, 332, 196
-0.998297, 23, 313, 38, 344
-0.998302, 225, 313, 352, 344
-0.998305, 173, 159, 204, 174
-0.998312, 155, 157, 170, 188
-0.998314, 443, 149, 458, 180
-0.998318, 241, 285, 272, 300
-0.998322, 333, 165, 364, 180
-0.998334, 297, 213, 312, 244
-0.998338, 281, 149, 296, 180
-0.998347, 335, 161, 350, 288
-0.998351, 49, 233, 176, 264
-0.998355, 329, 159, 392, 174
-0.998355, 329, 203, 360, 218
-0.99836, 305, 17, 432, 48
-0.998362, 333, 209, 348, 240
-0.998363, 17, 97, 48, 346
-0.998364, 325, 229, 340, 260
-0.998366, 337, 209, 400, 224
-0.998366, 257, 97, 500, 160
-0.998369, 89, 169, 152, 232
-0.998369, 341, 201, 356, 232
-0.998372, 251, 149, 266, 180
-0.998373, 317, 213, 332, 244
-0.998373, 81, 313, 208, 344
-0.998373, 245, 177, 276, 192
-0.998375, 65, 331, 96, 346
-0.998375, 353, 221, 368, 252
-0.998376, 293, 169, 308, 200
-0.998379, 345, 245, 360, 276
-0.99838, 245, 149, 260, 180
-0.998384, 329, 177, 344, 208
-0.998386, 257, 17, 384, 48
-0.998387, 155, 169, 170, 200
-0.998387, 305, 313, 432, 344
-0.998391, 217, 183, 248, 198
-0.998392, 181, 157, 196, 188
-0.998392, 353, 225, 384, 240
-0.998396, 93, 331, 124, 346
-0.998397, 305, 155, 368, 170
-0.998399, 337, 237, 352, 268
-0.9984, 251, 269, 266, 300
-0.998403, 337, 203, 400, 218
-0.998413, 201, 177, 264, 192
-0.998413, 225, 179, 288, 194
-0.998416, 273, 159, 336, 174
-0.998421, 337, 165, 400, 180
-0.998421, 115, 149, 130, 180
-0.998423, 281, 153, 344, 168
-0.998424, 321, 189, 384, 204
-0.998425, 313, 165, 376, 180
-0.998428, 257, 289, 272, 320
-0.99843, 189, 173, 204, 204
-0.998434, 461, 149, 476, 180
-0.998435, 329, 153, 392, 168
-0.998439, 369, 221, 384, 252
-0.99844, 233, 145, 248, 176
-0.998442, 337, 195, 400, 210
-0.998442, 225, 291, 256, 306
-0.998445, 75, 253, 90, 284
-0.998449, 49, 261, 176, 292
-0.99845, 65, 257, 80, 288
-0.99845, 409, 157, 440, 172
-0.998452, 49, 257, 64, 288
-0.998454, 369, 163, 432, 178
-0.998454, 17, 17, 32, 48
-0.998454, 147, 149, 162, 180
-0.99846, 183, 173, 198, 204
-0.998461, 321, 189, 352, 204
-0.998465, 249, 177, 312, 192
-0.998465, 361, 157, 424, 172
-0.998466, 221, 181, 236, 212
-0.998471, 305, 233, 368, 248
-0.998471, 209, 291, 272, 306
-0.998473, 161, 159, 224, 174
-0.998473, 313, 195, 376, 210
-0.998474, 345, 185, 376, 200
-0.998475, 429, 193, 460, 320
-0.998477, 165, 173, 180, 204
-0.998479, 187, 157, 202, 188
-0.998479, 177, 177, 192, 208
-0.998481, 393, 155, 456, 170
-0.998484, 353, 173, 384, 188
-0.998485, 145, 201, 272, 264
-0.998485, 169, 179, 232, 194
-0.998486, 381, 217, 396, 248
-0.998487, 313, 169, 344, 184
-0.99849, 1, 155, 64, 170
-0.99849, 325, 197, 356, 212
-0.99849, 65, 331, 128, 346
-0.998493, 393, 153, 408, 184
-0.998493, 201, 183, 264, 198
-0.998494, 307, 173, 322, 204
-0.998495, 313, 209, 376, 224
-0.998497, 361, 169, 424, 184
-0.998498, 329, 183, 392, 198
-0.998499, 249, 159, 312, 174
-0.998499, 193, 237, 320, 268
-0.998499, 433, 159, 496, 174
-0.998501, 313, 147, 376, 162
-0.998501, 331, 229, 346, 260
-0.998501, 17, 253, 32, 284
-0.998502, 313, 203, 376, 218
-0.998502, 33, 257, 48, 288
-0.998504, 341, 209, 356, 336
-0.998506, 277, 153, 308, 168
-0.998508, 321, 171, 384, 186
-0.99851, 293, 173, 324, 188
-0.998515, 257, 153, 320, 168
-0.998516, 345, 189, 408, 204
-0.998521, 9, 331, 72, 346
-0.998523, 289, 171, 352, 186
-0.998524, 353, 183, 416, 198
-0.998528, 233, 153, 296, 168
-0.998528, 217, 297, 280, 312
-0.99853, 385, 145, 400, 272
-0.998531, 33, 331, 96, 346
-0.998534, 369, 151, 432, 166
-0.998535, 329, 139, 392, 154
-0.998537, 425, 197, 488, 212
-0.99854, 33, 153, 96, 168
-0.998545, 289, 165, 352, 180
-0.998548, 201, 159, 264, 174
-0.998549, 289, 239, 352, 254
-0.998551, 369, 217, 432, 232
-0.998551, 425, 165, 488, 180
-0.998551, 25, 325, 88, 340
-0.998552, 193, 153, 256, 168
-0.998554, 353, 175, 416, 190
-0.998556, 281, 215, 344, 230
-0.998557, 361, 203, 424, 218
-0.998557, 265, 171, 328, 186
-0.998558, 25, 159, 88, 174
-0.99856, 225, 159, 288, 174
-0.998562, 1, 149, 64, 164
-0.998565, 105, 167, 168, 182
-0.998565, 337, 147, 400, 162
-0.998566, 361, 209, 424, 224
-0.998567, 341, 153, 372, 168
-0.998568, 233, 289, 296, 304
-0.998568, 417, 271, 480, 286
-0.998571, 153, 169, 216, 184
-0.998572, 433, 191, 496, 206
-0.998573, 1, 267, 64, 282
-0.998574, 161, 153, 224, 168
-0.998574, 289, 147, 352, 162
-0.998574, 65, 325, 128, 340
-0.998575, 329, 231, 392, 246
-0.998577, 377, 191, 440, 206
-0.998579, 249, 219, 312, 234
-0.998579, 105, 161, 168, 176
-0.998579, 89, 121, 152, 184
-0.99858, 377, 275, 440, 290
-0.99858, 229, 183, 260, 198
-0.99858, 369, 249, 496, 280
-0.998581, 209, 171, 272, 186
-0.998582, 137, 175, 200, 190
-0.998583, 201, 285, 264, 300
-0.998584, 321, 177, 384, 192
-0.998584, 9, 319, 72, 334
-0.998584, 225, 185, 288, 200
-0.998586, 289, 201, 352, 216
-0.998586, 329, 241, 392, 256
-0.998586, 1, 161, 64, 176
-0.998587, 425, 17, 488, 32
-0.998587, 9, 17, 72, 32
-0.998587, 353, 275, 416, 290
-0.998587, 393, 161, 456, 176
-0.998587, 273, 177, 336, 192
-0.998588, 361, 197, 424, 212
-0.998588, 177, 173, 240, 188
-0.998589, 289, 189, 352, 204
-0.998593, 433, 153, 496, 168
-0.998595, 25, 261, 88, 276
-0.998597, 145, 313, 272, 344
-0.998597, 105, 153, 168, 168
-0.998598, 65, 319, 128, 334
-0.998601, 137, 161, 200, 176
-0.998601, 65, 157, 128, 172
-0.998602, 265, 165, 328, 180
-0.998602, 9, 249, 72, 264
-0.998603, 25, 267, 88, 282
-0.998603, 137, 319, 200, 334
-0.998604, 73, 221, 136, 236
-0.998604, 321, 319, 384, 334
-0.998605, 385, 169, 448, 184
-0.998605, 257, 319, 320, 334
-0.998605, 233, 319, 296, 334
-0.998605, 201, 319, 264, 334
-0.998606, 57, 151, 120, 166
-0.998607, 89, 331, 152, 346
-0.998607, 1, 257, 64, 272
-0.998607, 129, 151, 192, 166
-0.998608, 353, 319, 416, 334
-0.998608, 89, 319, 152, 334
-0.998609, 209, 249, 272, 264
-0.998609, 361, 223, 424, 238
-0.998609, 401, 197, 464, 212
-0.99861, 49, 217, 112, 232
-0.99861, 177, 319, 240, 334
-0.998611, 105, 325, 168, 340
-0.998611, 1, 279, 64, 294
-0.998611, 281, 233, 344, 248
-0.998613, 1, 229, 64, 244
-0.998613, 1, 273, 64, 288
-0.998613, 433, 185, 496, 200
-0.998614, 417, 319, 480, 334
-0.998615, 369, 145, 432, 160
-0.998616, 289, 207, 352, 222
-0.998616, 113, 317, 176, 332
-0.998617, 353, 235, 416, 250
-0.998624, 381, 149, 412, 164
-0.998627, 325, 209, 356, 224
-0.998652, 373, 193, 388, 320
-0.998659, 241, 97, 272, 346
-0.998669, 369, 301, 496, 332
-0.998677, 193, 261, 320, 292
-0.998681, 453, 97, 484, 346
-0.998683, 365, 169, 396, 184
-0.998693, 333, 139, 364, 154
-0.998713, 377, 169, 408, 184
-0.99872, 417, 209, 448, 336
-0.998721, 1, 301, 128, 332
-0.998724, 1, 241, 500, 304
-0.998735, 453, 159, 484, 174
-0.998769, 97, 97, 128, 346
-0.998786, 257, 57, 500, 120
-0.998803, 437, 159, 468, 174
-0.99883, 209, 97, 240, 346
-0.998836, 289, 159, 320, 174
-0.998844, 373, 219, 404, 234
-0.998848, 181, 97, 212, 346
-0.998874, 369, 85, 496, 116
-0.998875, 261, 157, 292, 172
-0.998875, 53, 331, 84, 346
-0.998884, 121, 97, 152, 346
-0.998902, 193, 97, 224, 346
-0.998903, 37, 331, 68, 346
-0.998908, 1, 137, 128, 168
-0.998912, 41, 97, 72, 346
-0.998912, 341, 161, 356, 288
-0.998922, 61, 97, 92, 346
-0.998923, 221, 97, 252, 346
-0.998924, 209, 177, 240, 192
-0.99893, 81, 97, 112, 346
-0.998938, 49, 169, 176, 232
-0.998942, 5, 1, 36, 256
-0.998948, 193, 301, 320, 332
-0.998948, 121, 145, 152, 272
-0.998949, 369, 53, 496, 84
-0.998956, 29, 97, 60, 346
-0.998967, 309, 97, 340, 346
-0.998972, 305, 155, 336, 170
-0.998976, 337, 197, 368, 212
-0.999005, 149, 97, 180, 346
-0.999012, 251, 161, 266, 288
-0.999013, 325, 177, 340, 304
-0.999013, 277, 97, 308, 346
-0.999035, 17, 1, 32, 128
-0.999035, 469, 1, 484, 128
-0.999046, 329, 49, 392, 176
-0.999047, 65, 249, 192, 280
-0.999047, 313, 161, 328, 288
-0.999058, 335, 209, 350, 336
-0.999061, 369, 73, 496, 104
-0.999061, 297, 97, 328, 346
-0.999068, 169, 97, 200, 346
-0.999071, 349, 161, 364, 288
-0.999074, 393, 97, 424, 346
-0.999076, 465, 1, 496, 256
-0.999077, 109, 97, 140, 346
-0.99908, 319, 177, 334, 304
-0.999089, 221, 161, 236, 288
-0.999093, 369, 29, 496, 60
-0.999098, 1, 97, 32, 346
-0.999103, 385, 155, 416, 170
-0.999103, 369, 209, 400, 224
-0.999108, 329, 129, 344, 256
-0.999116, 369, 149, 400, 164
-0.999119, 379, 193, 394, 320
-0.999127, 369, 175, 400, 190
-0.999134, 357, 197, 388, 212
-0.999144, 369, 41, 496, 72
-0.999153, 213, 145, 228, 272
-0.999153, 49, 97, 112, 224
-0.999159, 137, 145, 168, 272
-0.999166, 261, 161, 276, 288
-0.999167, 257, 33, 500, 96
-0.999169, 133, 97, 164, 346
-0.999182, 337, 209, 368, 224
-0.99919, 227, 145, 242, 272
-0.999196, 363, 129, 378, 256
-0.9992, 81, 217, 208, 248
-0.999202, 369, 97, 496, 128
-0.999217, 253, 97, 284, 346
-0.999223, 245, 161, 260, 288
-0.999224, 323, 129, 338, 256
-0.999227, 97, 277, 224, 308
-0.99924, 1, 29, 128, 60
-0.999243, 235, 161, 250, 288
-0.999271, 357, 163, 388, 178
-0.999278, 305, 245, 432, 276
-0.999282, 429, 97, 460, 346
-0.999283, 309, 209, 324, 336
-0.999299, 265, 97, 296, 346
-0.999301, 391, 129, 406, 256
-0.999303, 193, 249, 320, 280
-0.999304, 257, 301, 384, 332
-0.999306, 177, 205, 304, 236
-0.999313, 353, 209, 384, 224
-0.99932, 267, 161, 282, 288
-0.999325, 301, 161, 316, 288
-0.99934, 65, 137, 192, 168
-0.999341, 1, 81, 128, 112
-0.999349, 413, 97, 444, 346
-0.999349, 1, 41, 128, 72
-0.999352, 357, 203, 388, 218
-0.999359, 1, 69, 128, 100
-0.999372, 197, 179, 228, 194
-0.999375, 457, 65, 488, 192
-0.999379, 291, 161, 306, 288
-0.999388, 241, 285, 368, 316
-0.999391, 307, 161, 322, 288
-0.999394, 273, 161, 288, 288
-0.999396, 413, 113, 444, 240
-0.9994, 441, 97, 472, 346
-0.999401, 377, 163, 408, 178
-0.999402, 97, 185, 224, 216
-0.999405, 341, 203, 372, 218
-0.999423, 369, 109, 496, 140
-0.999431, 49, 193, 176, 224
-0.999441, 365, 225, 380, 346
-0.999445, 369, 5, 496, 36
-0.999452, 1, 57, 128, 88
-0.999454, 25, 1, 40, 128
-0.999458, 337, 159, 368, 174
-0.999472, 1, 9, 500, 72
-0.99949, 301, 1, 316, 128
-0.999498, 257, 177, 288, 192
-0.9995, 341, 191, 372, 206
-0.999502, 257, 113, 320, 176
-0.999512, 207, 161, 222, 288
-0.999515, 465, 97, 496, 346
-0.999518, 305, 161, 336, 176
-0.999521, 369, 229, 496, 260
-0.999527, 1, 93, 128, 124
-0.999537, 33, 1, 48, 128
-0.999537, 39, 1, 54, 128
-0.999537, 45, 1, 60, 128
-0.999537, 51, 1, 66, 128
-0.999537, 73, 1, 88, 128
-0.999537, 79, 1, 94, 128
-0.999537, 85, 1, 100, 128
-0.999537, 91, 1, 106, 128
-0.999537, 97, 1, 112, 128
-0.999537, 103, 1, 118, 128
-0.999537, 109, 1, 124, 128
-0.999537, 115, 1, 130, 128
-0.999537, 121, 1, 136, 128
-0.999537, 161, 1, 176, 128
-0.999537, 167, 1, 182, 128
-0.999538, 309, 1, 324, 128
-0.99954, 61, 1, 76, 128
-0.99954, 67, 1, 82, 128
-0.99954, 127, 1, 142, 128
-0.99954, 173, 1, 188, 128
-0.999543, 141, 1, 156, 128
-0.999551, 385, 193, 400, 320
-0.999552, 233, 1, 248, 128
-0.999552, 135, 1, 150, 128
-0.999555, 155, 1, 170, 128
-0.999564, 49, 273, 176, 304
-0.999567, 461, 1, 476, 128
-0.99957, 147, 1, 162, 128
-0.999574, 315, 1, 330, 128
-0.999576, 203, 1, 218, 128
-0.999576, 197, 1, 212, 128
-0.999577, 1, 105, 128, 136
-0.999579, 293, 1, 308, 128
-0.999582, 227, 1, 242, 128
-0.999582, 243, 1, 258, 128
-0.999585, 179, 1, 194, 128
-0.999586, 355, 145, 370, 272
-0.999588, 249, 1, 264, 128
-0.999591, 187, 1, 202, 128
-0.999591, 323, 1, 338, 128
-0.999594, 279, 1, 294, 128
-0.999594, 1, 89, 256, 152
-0.9996, 379, 1, 394, 128
-0.999605, 303, 209, 318, 336
-0.999606, 305, 301, 432, 332
-0.999609, 351, 1, 366, 128
-0.999612, 357, 1, 372, 128
-0.999614, 377, 145, 392, 160
-0.999615, 93, 331, 108, 346
-0.999615, 267, 153, 282, 168
-0.999615, 287, 1, 302, 128
-0.999615, 321, 147, 336, 162
-0.999615, 311, 171, 326, 186
-0.999616, 323, 189, 338, 204
-0.999616, 39, 263, 54, 278
-0.999616, 461, 159, 476, 174
-0.999616, 381, 201, 396, 216
-0.999616, 345, 209, 360, 224
-0.999617, 305, 171, 320, 186
-0.999618, 351, 159, 366, 174
-0.999618, 363, 1, 378, 128
-0.999618, 273, 175, 288, 190
-0.999619, 243, 159, 258, 174
-0.999619, 431, 193, 446, 208
-0.99962, 279, 159, 294, 174
-0.99962, 221, 1, 236, 128
-0.999621, 255, 1, 270, 128
-0.999621, 235, 287, 250, 302
-0.999623, 229, 183, 244, 198
-0.999623, 199, 179, 214, 194
-0.999624, 153, 169, 168, 184
-0.999624, 303, 157, 318, 172
-0.999624, 423, 163, 438, 178
-0.999624, 33, 325, 48, 340
-0.999626, 243, 285, 258, 300
-0.999626, 341, 143, 356, 158
-0.999627, 395, 1, 410, 128
-0.999627, 199, 157, 214, 172
-0.999627, 63, 325, 78, 340
-0.999628, 345, 161, 360, 176
-0.999628, 231, 157, 246, 172
-0.999629, 291, 159, 306, 174
-0.999629, 449, 1, 464, 128
-0.999629, 455, 1, 470, 128
-0.999631, 245, 177, 260, 192
-0.999632, 325, 145, 356, 160
-0.999632, 461, 153, 476, 168
-0.999633, 369, 1, 384, 128
-0.999633, 389, 1, 404, 128
-0.999633, 389, 171, 404, 186
-0.999635, 345, 1, 360, 128
-0.999636, 251, 289, 266, 304
-0.999637, 339, 189, 354, 204
-0.999637, 267, 175, 282, 190
-0.999637, 357, 157, 372, 172
-0.999638, 237, 153, 252, 168
-0.999639, 305, 163, 320, 178
-0.999639, 159, 165, 174, 180
-0.999639, 441, 155, 456, 170
-0.999639, 289, 97, 416, 160
-0.999641, 329, 203, 344, 218
-0.999642, 269, 1, 284, 128
-0.999642, 435, 1, 450, 128
-0.999645, 343, 203, 358, 218
-0.999646, 351, 209, 366, 224
-0.999646, 45, 327, 60, 342
-0.999646, 25, 331, 40, 346
-0.999647, 209, 1, 224, 128
-0.999647, 405, 1, 420, 128
-0.999647, 441, 1, 456, 128
-0.999648, 339, 165, 354, 180
-0.999648, 333, 209, 348, 224
-0.999649, 373, 191, 388, 206
-0.999649, 37, 153, 52, 168
-0.999649, 251, 183, 266, 198
-0.99965, 423, 157, 438, 172
-0.999651, 449, 163, 464, 178
-0.999651, 383, 219, 398, 234
-0.999651, 355, 227, 370, 242
-0.999651, 325, 233, 340, 248
-0.999653, 333, 1, 348, 128
-0.999653, 429, 1, 444, 128
-0.999653, 1, 117, 128, 148
-0.999653, 367, 203, 382, 218
-0.999654, 261, 1, 276, 128
-0.999656, 369, 171, 384, 186
-0.999656, 205, 179, 220, 194
-0.999657, 383, 209, 398, 224
-0.999659, 357, 179, 372, 194
-0.99966, 169, 161, 184, 176
-0.99966, 391, 163, 406, 178
-0.99966, 363, 223, 378, 238
-0.999661, 327, 143, 342, 158
-0.999661, 217, 183, 232, 198
-0.999662, 281, 153, 296, 168
-0.999662, 215, 1, 230, 128
-0.999662, 339, 1, 354, 128
-0.999664, 377, 179, 392, 194
-0.999664, 373, 157, 388, 172
-0.999665, 263, 159, 278, 174
-0.999665, 37, 331, 52, 346
-0.999666, 53, 331, 68, 346
-0.999666, 223, 185, 238, 200
-0.999667, 337, 195, 352, 210
-0.999667, 311, 153, 326, 168
-0.999668, 371, 151, 386, 166
-0.999668, 339, 209, 354, 224
-0.999668, 411, 1, 426, 128
-0.999668, 417, 1, 432, 128
-0.999668, 423, 1, 438, 128
-0.999668, 67, 331, 82, 346
-0.999669, 433, 165, 448, 180
-0.999669, 449, 157, 464, 172
-0.999669, 335, 113, 350, 240
-0.999672, 373, 209, 388, 224
-0.999672, 391, 149, 406, 164
-0.999673, 365, 155, 396, 170
-0.999673, 355, 185, 370, 200
-0.999674, 299, 171, 314, 186
-0.999676, 455, 157, 470, 172
-0.99968, 365, 181, 396, 196
-0.99968, 251, 175, 266, 190
-0.999681, 367, 209, 382, 224
-0.999682, 343, 153, 358, 168
-0.999683, 375, 185, 390, 200
-0.999683, 329, 197, 344, 212
-0.999684, 357, 209, 372, 224
-0.999687, 223, 291, 238, 306
-0.99969, 99, 331, 114, 346
-0.99969, 329, 187, 344, 202
-0.999691, 375, 221, 390, 236
-0.999691, 319, 165, 334, 180
-0.999691, 73, 331, 88, 346
-0.999691, 285, 161, 300, 288
-0.999693, 383, 137, 398, 152
-0.999698, 367, 177, 382, 192
-0.999698, 89, 215, 104, 230
-0.999701, 93, 193, 108, 320
-0.999702, 233, 177, 248, 192
-0.999704, 339, 159, 354, 174
-0.999705, 371, 163, 386, 178
-0.999706, 311, 161, 326, 176
-0.999706, 383, 145, 398, 160
-0.999707, 19, 331, 34, 346
-0.999708, 353, 193, 368, 208
-0.999712, 105, 331, 120, 346
-0.999712, 353, 203, 368, 218
-0.999712, 87, 193, 102, 320
-0.999715, 325, 225, 340, 346
-0.999716, 261, 177, 276, 192
-0.999716, 221, 177, 236, 192
-0.999716, 273, 209, 288, 336
-0.999717, 381, 97, 396, 224
-0.999718, 361, 197, 376, 212
-0.999719, 285, 209, 300, 336
-0.999721, 377, 173, 392, 188
-0.999721, 239, 177, 254, 192
-0.999721, 387, 157, 402, 172
-0.999725, 165, 145, 180, 272
-0.99973, 337, 137, 352, 152
-0.999731, 113, 137, 240, 168
-0.999736, 273, 157, 288, 172
-0.999741, 329, 153, 344, 168
-0.999745, 321, 153, 336, 168
-0.999747, 359, 203, 374, 218
-0.999751, 361, 191, 392, 206
-0.999752, 325, 163, 340, 178
-0.999755, 1, 285, 128, 316
-0.999756, 211, 177, 226, 192
-0.999762, 365, 183, 380, 198
-0.999762, 319, 159, 334, 174
-0.999764, 171, 145, 186, 272
-0.999765, 381, 151, 396, 166
-0.999772, 331, 163, 346, 178
-0.999773, 361, 189, 376, 204
-0.999774, 129, 301, 256, 332
-0.999777, 379, 167, 394, 182
-0.999799, 229, 209, 244, 336
-0.999803, 1, 57, 256, 120
-0.999808, 429, 145, 444, 272
-0.999825, 53, 129, 84, 256
-0.999828, 335, 145, 350, 160
-0.999837, 381, 161, 396, 176
-0.999846, 1, 33, 256, 96
-0.999847, 257, 209, 272, 336
-0.999849, 201, 145, 216, 272
-0.99986, 215, 209, 230, 336
-0.999861, 239, 209, 254, 336
-0.999868, 291, 209, 306, 336
-0.999879, 297, 209, 312, 336
-0.999882, 279, 161, 294, 288
-0.999885, 353, 81, 384, 208
-0.999892, 279, 209, 294, 336
-0.999894, 317, 225, 332, 346
-0.999901, 263, 209, 278, 336
-0.999901, 161, 5, 288, 36
-0.999913, 97, 265, 224, 296
-0.999915, 229, 177, 260, 192
-0.999924, 317, 157, 348, 172
-0.999927, 65, 5, 192, 36
-0.999939, 249, 209, 264, 336
-0.999946, 397, 145, 412, 272
-0.999951, 65, 301, 192, 332
-0.999977, 289, 5, 416, 36
-0.999981, 317, 163, 348, 178
-0.999989, 49, 173, 176, 204
-0.999994, 209, 5, 336, 36
-1.00002, 113, 5, 240, 36
-1.00007, 129, 197, 256, 228
-1.00007, 321, 125, 448, 156
-1.00012, 1, 5, 128, 36
-1.00012, 369, 105, 432, 168
-1.00016, 369, 285, 496, 316
-1.00017, 405, 193, 436, 320
-1.00018, 81, 205, 208, 236
-1.00035, 81, 289, 208, 320
-1.00038, 321, 151, 352, 166
-1.00041, 129, 209, 256, 240
-1.00046, 225, 121, 352, 152
-1.00079, 289, 49, 352, 176
-1.00092, 273, 49, 400, 176
-1.00096, 469, 145, 500, 272
-1.00109, 169, 97, 200, 224
-1.00111, 365, 65, 396, 192
-1.00117, 1, 225, 32, 346
-1.00137, 129, 105, 384, 168
-1.00162, 185, 97, 216, 224
-1.00189, 441, 193, 472, 320
-1.00196, 425, 113, 456, 240
-1.00199, 1, 113, 32, 240
-1.00212, 225, 65, 288, 192
-1.00225, 193, 65, 256, 192
-1.00228, 53, 225, 84, 346
-1.00239, 265, 49, 328, 176
-1.00247, 1, 177, 32, 304
-1.00259, 1, 65, 32, 192
-1.00265, 225, 81, 352, 144
-1.00286, 137, 65, 200, 192
-1.00303, 353, 49, 416, 176
-1.00305, 289, 73, 416, 136
-1.00306, 161, 81, 416, 144
-1.00329, 161, 57, 416, 120
-1.00354, 161, 33, 416, 96
-1.00444, 161, 49, 416, 176
-1.00465, 1, 105, 500, 168
-1.0047, 81, 65, 144, 192
-1.00494, 409, 49, 472, 176
-1.00498, 145, 105, 272, 168
-1.00502, 209, 57, 336, 120
-1.00569, 289, 49, 416, 112
-1.00584, 1, 81, 500, 144
-1.00614, 113, 49, 176, 176
-1.00616, 385, 49, 448, 176
-1.0062, 1, 33, 500, 96
-1.00626, 193, 33, 320, 96
-1.00632, 145, 73, 272, 136
-1.0066, 1, 57, 500, 120
-1.00674, 97, 89, 224, 152
-1.00684, 145, 49, 272, 112
-1.00713, 97, 49, 224, 112
-1.00721, 49, 89, 176, 152
-1.00731, 49, 41, 176, 104
-1.00731, 49, 65, 176, 128
-1.0075, 57, 49, 120, 176
-1.00764, 33, 49, 96, 176
-1.00765, 81, 49, 208, 176
-1.00812, 241, 33, 368, 96
-1.00825, 169, 49, 232, 176
-1.00919, 321, 49, 448, 176
