1992
-0.436861, 1, 225, 375, 480
-0.484152, 1, 1, 375, 500
-0.53616, 1, 97, 375, 352
-0.56769, 129, 1, 375, 500
-0.62407, 1, 1, 375, 256
-0.650921, 1, 1, 256, 500
-0.70615, 129, 193, 375, 448
-0.732949, 33, 225, 288, 480
-0.752394, 129, 1, 375, 256
-0.754317, 1, 129, 256, 384
-0.816992, 129, 97, 375, 352
-0.893136, 1, 241, 375, 368
-0.893581, 161, 225, 288, 480
-0.897515, 225, 225, 352, 480
-0.897941, 145, 97, 272, 352
-0.900943, 1, 225, 128, 480
-0.907907, 225, 33, 352, 288
-0.911154, 241, 129, 368, 384
-0.912112, 225, 1, 352, 500
-0.912324, 1, 241, 256, 368
-0.914972, 97, 65, 224, 320
-0.915218, 177, 1, 304, 256
-0.915775, 1, 129, 128, 384
-0.917045, 33, 33, 288, 288
-0.917948, 177, 1, 304, 500
-0.92139, 1, 129, 375, 256
-0.922586, 129, 257, 375, 384
-0.92509, 113, 225, 240, 480
-0.931208, 129, 1, 256, 500
-0.93252, 1, 193, 375, 320
-0.932857, 65, 193, 192, 448
-0.933592, 1, 289, 375, 416
-0.936057, 1, 17, 375, 144
-0.936364, 1, 177, 64, 304
-0.937686, 129, 209, 375, 336
-0.937926, 49, 97, 176, 352
-0.937977, 129, 49, 375, 176
-0.939951, 1, 337, 375, 464
-0.940038, 1, 225, 128, 352
-0.941977, 1, 81, 375, 208
-0.944107, 265, 193, 328, 320
-0.94459, 1, 193, 256, 320
-0.945221, 161, 241, 288, 368
-0.945581, 49, 1, 176, 500
-0.945599, 193, 129, 320, 384
-0.945904, 81, 225, 208, 352
-0.947568, 1, 1, 128, 500
-0.948614, 225, 257, 352, 384
-0.948758, 233, 241, 296, 368
-0.94962, 129, 305, 375, 432
-0.950492, 1, 225, 64, 352
-0.951033, 33, 241, 96, 368
-0.951089, 81, 241, 144, 368
-0.951764, 1, 97, 256, 224
-0.953468, 161, 97, 224, 224
-0.953767, 281, 33, 344, 160
-0.954062, 177, 209, 240, 336
-0.954394, 225, 209, 352, 336
-0.954624, 129, 225, 192, 352
-0.954711, 1, 161, 128, 288
-0.955266, 257, 241, 320, 368
-0.955495, 105, 241, 168, 368
-0.955529, 289, 241, 352, 368
-0.955703, 193, 257, 256, 384
-0.955995, 33, 289, 288, 416
-0.956345, 233, 241, 296, 304
-0.956369, 153, 209, 216, 336
-0.956944, 169, 257, 232, 384
-0.957232, 97, 113, 352, 240
-0.957463, 169, 273, 232, 336
-0.958245, 97, 273, 224, 400
-0.958409, 145, 265, 208, 328
-0.959238, 281, 305, 344, 432
-0.95929, 193, 257, 256, 320
-0.959385, 257, 241, 320, 304
-0.960259, 57, 225, 120, 352
-0.960447, 137, 273, 200, 400
-0.960464, 1, 273, 128, 400
-0.960515, 1, 177, 64, 240
-0.960702, 313, 289, 375, 416
-0.961065, 1, 145, 256, 272
-0.961117, 25, 177, 88, 304
-0.961941, 113, 97, 240, 224
-0.962094, 241, 33, 368, 160
-0.962188, 257, 145, 320, 272
-0.962196, 177, 257, 304, 320
-0.96235, 233, 265, 296, 328
-0.963039, 273, 281, 336, 344
-0.963229, 129, 161, 375, 288
-0.963459, 281, 49, 344, 112
-0.963672, 289, 193, 352, 320
-0.9642, 297, 329, 360, 392
-0.96459, 305, 337, 368, 464
-0.964734, 49, 273, 176, 400
-0.964786, 1, 49, 256, 176
-0.964809, 297, 281, 360, 344
-0.965408, 145, 193, 272, 320
-0.965516, 193, 49, 320, 176
-0.965547, 17, 241, 80, 304
-0.965842, 161, 97, 224, 160
-0.965898, 129, 1, 375, 128
-0.966067, 129, 233, 192, 296
-0.966113, 241, 337, 368, 464
-0.966283, 57, 177, 120, 304
-0.967071, 193, 225, 256, 288
-0.967722, 257, 33, 320, 160
-0.967858, 49, 1, 176, 256
-0.9682, 25, 81, 88, 208
-0.968232, 153, 241, 216, 304
-0.968283, 225, 209, 288, 272
-0.968286, 297, 201, 360, 264
-0.96839, 177, 241, 208, 368
-0.968662, 105, 257, 168, 320
-0.968748, 33, 233, 160, 296
-0.969151, 17, 161, 48, 288
-0.969209, 129, 273, 256, 336
-0.969237, 289, 305, 352, 368
-0.969385, 1, 289, 64, 416
-0.969459, 265, 209, 328, 272
-0.969665, 305, 33, 368, 160
-0.969733, 225, 161, 288, 288
-0.969824, 1, 129, 64, 256
-0.969885, 97, 305, 160, 432
-0.970346, 137, 81, 200, 208
-0.970774, 129, 225, 256, 288
-0.970831, 41, 241, 104, 304
-0.971039, 33, 265, 96, 328
-0.971092, 193, 281, 256, 344
-0.971367, 161, 297, 224, 360
-0.971455, 97, 249, 224, 312
-0.971577, 1, 337, 256, 464
-0.971654, 145, 289, 272, 416
-0.971698, 281, 73, 344, 136
-0.97171, 177, 305, 240, 432
-0.971717, 17, 145, 80, 208
-0.972031, 129, 353, 375, 480
-0.972135, 169, 217, 232, 280
-0.972257, 1, 129, 64, 384
-0.972311, 1, 217, 64, 280
-0.972804, 1, 193, 32, 320
-0.973274, 201, 273, 232, 336
-0.973304, 81, 177, 144, 304
-0.973311, 73, 233, 136, 296
-0.973398, 41, 217, 104, 280
-0.973533, 281, 81, 344, 208
-0.973553, 161, 121, 224, 184
-0.973893, 1, 265, 64, 328
-0.973928, 293, 33, 324, 160
-0.974098, 121, 281, 184, 344
-0.97412, 173, 81, 204, 208
-0.974187, 29, 177, 60, 304
-0.974327, 177, 233, 304, 296
-0.97468, 105, 225, 168, 288
-0.974687, 313, 305, 375, 368
-0.974887, 241, 81, 368, 208
-0.974982, 137, 337, 200, 464
-0.975045, 273, 329, 336, 392
-0.975228, 257, 49, 320, 112
-0.975327, 185, 81, 248, 208
-0.975428, 65, 321, 192, 448
-0.975443, 257, 185, 320, 248
-0.97546, 177, 337, 240, 400
-0.975465, 33, 257, 160, 320
-0.975528, 201, 209, 264, 336
-0.975559, 313, 241, 375, 368
-0.97561, 25, 129, 88, 256
-0.975673, 25, 169, 88, 232
-0.975737, 305, 289, 336, 416
-0.97574, 273, 1, 336, 256
-0.975845, 257, 193, 320, 448
-0.975873, 225, 209, 352, 272
-0.97606, 241, 281, 368, 344
-0.976142, 225, 321, 352, 384
-0.976298, 169, 65, 232, 320
-0.976509, 73, 289, 136, 416
-0.976662, 17, 225, 48, 352
-0.976697, 297, 353, 360, 416
-0.976717, 165, 241, 196, 368
-0.976735, 33, 81, 96, 144
-0.976924, 129, 241, 160, 304
-0.976962, 317, 329, 348, 392
-0.976972, 9, 225, 72, 480
-0.976996, 305, 65, 368, 128
-0.977018, 105, 305, 168, 368
-0.977165, 65, 65, 192, 192
-0.977167, 137, 97, 200, 160
-0.977188, 185, 257, 216, 320
-0.977229, 225, 241, 352, 304
-0.977237, 265, 305, 328, 368
-0.977244, 49, 33, 112, 160
-0.977273, 93, 241, 124, 368
-0.977344, 261, 225, 292, 352
-0.977362, 177, 1, 304, 128
-0.977508, 65, 89, 128, 152
-0.977771, 325, 273, 356, 400
-0.97784, 217, 225, 280, 480
-0.977872, 33, 233, 64, 296
-0.977921, 129, 297, 256, 360
-0.977927, 201, 273, 232, 400
-0.977968, 81, 297, 208, 360
-0.978046, 81, 297, 144, 360
-0.978086, 81, 177, 208, 304
-0.978154, 81, 273, 208, 336
-0.978259, 321, 321, 352, 448
-0.978313, 161, 97, 288, 224
-0.978387, 177, 281, 208, 344
-0.978399, 293, 41, 324, 104
-0.978495, 257, 81, 320, 208
-0.978616, 41, 145, 104, 208
-0.978748, 17, 169, 48, 232
-0.978793, 237, 241, 268, 304
-0.978966, 173, 97, 204, 160
-0.97897, 289, 257, 320, 384
-0.978979, 1, 289, 64, 352
-0.979017, 33, 193, 96, 448
-0.979123, 81, 265, 144, 328
-0.97937, 225, 289, 288, 352
-0.979372, 237, 241, 268, 368
-0.979437, 1, 1, 128, 256
-0.979438, 317, 305, 348, 368
-0.979525, 245, 265, 276, 328
-0.979579, 137, 129, 200, 256
-0.979744, 1, 169, 128, 232
-0.979796, 49, 81, 112, 208
-0.979827, 309, 241, 340, 368
-0.979893, 177, 281, 304, 344
-0.979895, 249, 241, 280, 304
-0.979951, 5, 145, 36, 272
-0.979976, 241, 153, 304, 216
-0.979998, 289, 177, 320, 304
-0.980002, 129, 329, 192, 392
-0.980103, 1, 113, 128, 240
-0.980109, 225, 49, 352, 112
-0.980126, 25, 289, 88, 416
-0.980196, 185, 105, 248, 168
-0.980258, 297, 321, 328, 384
-0.980383, 81, 225, 208, 288
-0.980401, 285, 281, 316, 344
-0.980404, 97, 105, 224, 168
-0.980409, 273, 209, 304, 336
-0.980428, 145, 65, 208, 320
-0.980503, 149, 265, 180, 328
-0.980574, 21, 249, 52, 312
-0.980603, 169, 161, 232, 416
-0.980649, 165, 257, 196, 320
-0.980688, 105, 193, 168, 320
-0.980879, 261, 201, 292, 264
-0.980915, 281, 353, 344, 480
-0.981017, 305, 41, 368, 104
-0.981116, 225, 273, 256, 336
-0.981208, 197, 225, 228, 352
-0.98121, 305, 33, 336, 160
-0.981289, 129, 305, 192, 368
-0.981469, 105, 297, 136, 360
-0.981497, 21, 193, 52, 256
-0.981618, 113, 97, 176, 160
-0.981811, 145, 97, 272, 160
-0.981836, 297, 1, 360, 256
-0.981854, 249, 289, 312, 416
-0.981892, 177, 145, 304, 272
-0.981953, 41, 241, 72, 368
-0.981978, 273, 25, 336, 88
-0.98202, 17, 321, 144, 448
-0.982034, 33, 153, 64, 216
-0.982047, 261, 225, 292, 288
-0.982053, 13, 281, 44, 344
-0.982067, 193, 129, 256, 384
-0.982069, 297, 225, 360, 288
-0.982118, 305, 289, 336, 352
-0.982193, 265, 97, 328, 352
-0.98224, 281, 33, 312, 160
-0.982314, 49, 241, 80, 304
-0.982314, 1, 281, 128, 344
-0.982334, 205, 297, 236, 360
-0.982335, 273, 225, 304, 288
-0.982356, 249, 225, 280, 352
-0.98237, 117, 241, 148, 304
-0.982373, 313, 353, 344, 416
-0.98238, 193, 257, 256, 500
-0.982496, 289, 225, 352, 480
-0.982596, 17, 273, 48, 400
-0.9826, 197, 217, 228, 280
-0.982655, 129, 241, 160, 368
-0.982673, 221, 257, 252, 384
-0.982683, 257, 73, 320, 136
-0.982693, 33, 1, 288, 128
-0.982782, 193, 305, 256, 368
-0.982804, 25, 193, 88, 256
-0.982821, 1, 145, 128, 208
-0.982866, 137, 353, 200, 416
-0.982886, 161, 289, 192, 416
-0.982911, 65, 113, 192, 240
-0.98301, 329, 337, 360, 400
-0.983112, 245, 145, 276, 208
-0.983182, 185, 81, 216, 208
-0.983232, 5, 241, 36, 368
-0.983235, 17, 209, 144, 272
-0.983239, 145, 193, 208, 448
-0.983243, 129, 337, 256, 464
-0.983287, 177, 193, 208, 320
-0.983289, 241, 73, 368, 136
-0.983353, 185, 161, 248, 288
-0.98336, 81, 225, 144, 480
-0.983363, 41, 65, 72, 192
-0.983378, 265, 249, 296, 312
-0.983387, 185, 97, 216, 160
-0.983396, 145, 49, 272, 176
-0.983404, 13, 225, 44, 288
-0.983412, 217, 249, 248, 312
-0.983434, 109, 273, 140, 336
-0.983501, 5, 185, 36, 248
-0.983582, 117, 297, 148, 360
-0.983606, 153, 225, 184, 352
-0.98364, 213, 273, 244, 336
-0.983642, 297, 145, 360, 272
-0.983712, 189, 297, 220, 360
-0.983768, 137, 33, 200, 160
-0.983803, 89, 297, 120, 360
-0.983817, 33, 257, 64, 320
-0.983864, 145, 225, 176, 288
-0.983869, 169, 361, 232, 424
-0.983914, 105, 233, 136, 296
-0.983925, 33, 177, 64, 240
-0.983934, 185, 233, 216, 296
-0.983949, 309, 337, 340, 464
-0.98399, 149, 289, 180, 352
-0.983993, 61, 225, 92, 352
-0.984004, 25, 289, 88, 352
-0.984011, 313, 201, 344, 264
-0.984055, 173, 121, 204, 184
-0.98406, 161, 97, 192, 160
-0.984088, 177, 209, 304, 272
-0.984149, 89, 201, 152, 264
-0.984209, 257, 129, 320, 192
-0.984226, 89, 241, 120, 304
-0.98426, 225, 297, 256, 360
-0.984267, 241, 217, 272, 280
-0.984383, 193, 305, 320, 432
-0.984403, 293, 73, 324, 136
-0.984406, 161, 49, 224, 176
-0.98449, 49, 129, 112, 256
-0.984504, 21, 145, 52, 208
-0.98455, 161, 81, 192, 208
-0.984592, 249, 1, 312, 256
-0.984675, 97, 105, 128, 168
-0.984679, 281, 57, 312, 120
-0.9847, 281, 201, 312, 264
-0.984714, 297, 257, 360, 320
-0.984746, 29, 225, 60, 352
-0.984789, 185, 329, 216, 392
-0.984851, 177, 329, 304, 392
-0.984899, 73, 97, 136, 224
-0.98493, 305, 49, 336, 112
-0.984975, 81, 113, 144, 176
-0.985034, 41, 81, 72, 144
-0.985053, 113, 49, 176, 176
-0.985054, 293, 305, 324, 432
-0.985108, 97, 273, 128, 336
-0.985127, 173, 289, 204, 416
-0.985165, 137, 121, 200, 184
-0.985212, 129, 265, 160, 328
-0.985223, 185, 81, 248, 144
-0.985232, 57, 161, 120, 416
-0.98525, 153, 321, 216, 384
-0.985305, 113, 241, 144, 368
-0.985375, 49, 177, 112, 240
-0.985382, 1, 161, 32, 224
-0.985385, 217, 145, 280, 208
-0.985394, 165, 289, 196, 352
-0.985406, 73, 225, 104, 352
-0.985448, 45, 217, 76, 280
-0.985545, 213, 225, 244, 288
-0.985606, 305, 73, 336, 136
-0.985646, 169, 257, 232, 500
-0.985687, 201, 201, 264, 264
-0.985817, 161, 145, 224, 272
-0.985837, 57, 297, 120, 360
-0.985838, 145, 273, 208, 304
-0.985909, 17, 241, 80, 272
-0.985918, 25, 305, 56, 368
-0.98593, 1, 209, 32, 272
-0.985949, 185, 321, 216, 448
-0.985971, 313, 257, 375, 500
-0.986024, 129, 177, 192, 304
-0.986046, 233, 1, 296, 128
-0.98605, 5, 249, 36, 312
-0.986087, 305, 81, 368, 208
-0.986146, 329, 305, 360, 368
-0.98622, 45, 145, 76, 208
-0.986223, 129, 297, 160, 360
-0.986272, 89, 193, 120, 256
-0.986276, 137, 73, 200, 136
-0.986322, 193, 261, 256, 292
-0.986329, 41, 193, 72, 320
-0.986331, 225, 249, 288, 280
-0.986333, 77, 297, 108, 360
-0.986346, 301, 201, 332, 264
-0.986404, 241, 161, 368, 288
-0.986418, 25, 113, 56, 176
-0.986443, 341, 305, 372, 368
-0.986445, 145, 353, 272, 416
-0.986452, 9, 253, 72, 284
-0.986484, 297, 265, 328, 328
-0.986512, 241, 345, 368, 408
-0.986516, 105, 237, 168, 268
-0.986545, 169, 233, 200, 296
-0.986555, 217, 221, 280, 252
-0.986576, 301, 353, 332, 416
-0.986643, 169, 273, 232, 304
-0.986646, 217, 369, 280, 432
-0.986663, 333, 321, 364, 448
-0.98668, 61, 241, 92, 304
-0.986682, 253, 169, 284, 232
-0.986706, 225, 353, 288, 480
-0.986776, 77, 81, 108, 144
-0.986822, 1, 65, 128, 192
-0.986863, 65, 209, 128, 272
-0.986868, 341, 337, 372, 400
-0.98688, 1, 81, 64, 144
-0.98691, 225, 289, 288, 416
-0.986952, 81, 241, 144, 272
-0.986994, 305, 97, 368, 352
-0.987003, 273, 353, 336, 416
-0.987036, 45, 265, 76, 328
-0.9871, 297, 317, 360, 348
-0.987118, 29, 273, 60, 400
-0.987128, 325, 281, 356, 344
-0.987135, 145, 209, 208, 272
-0.987158, 145, 121, 272, 184
-0.987167, 177, 305, 304, 368
-0.987179, 157, 233, 188, 296
-0.987191, 249, 25, 312, 88
-0.987228, 301, 193, 332, 320
-0.987231, 169, 229, 232, 260
-0.98724, 197, 249, 228, 312
-0.987244, 1, 297, 32, 360
-0.987257, 197, 321, 228, 384
-0.987272, 177, 305, 208, 368
-0.987326, 281, 33, 312, 96
-0.987365, 129, 233, 192, 264
-0.987369, 161, 121, 192, 184
-0.987386, 237, 369, 268, 432
-0.987401, 57, 265, 120, 328
-0.987404, 257, 177, 288, 304
-0.987426, 257, 1, 320, 500
-0.987455, 33, 209, 64, 272
-0.987536, 133, 217, 164, 280
-0.987669, 201, 329, 264, 392
-0.987675, 329, 201, 360, 264
-0.987703, 281, 169, 344, 232
-0.98772, 25, 121, 88, 184
-0.987723, 137, 249, 200, 280
-0.987727, 269, 49, 300, 112
-0.987804, 297, 337, 360, 368
-0.987809, 161, 353, 224, 480
-0.987811, 317, 49, 348, 112
-0.987843, 233, 49, 296, 112
-0.987921, 257, 213, 320, 244
-0.987929, 285, 329, 316, 392
-0.987937, 185, 121, 216, 184
-0.987945, 269, 169, 300, 232
-0.987958, 69, 265, 100, 328
-0.987974, 25, 97, 88, 352
-0.987981, 225, 217, 256, 280
-0.988029, 81, 321, 208, 384
-0.988069, 337, 273, 368, 400
-0.988094, 213, 209, 244, 336
-0.988132, 345, 233, 375, 296
-0.988157, 153, 261, 216, 292
-0.988161, 177, 57, 304, 120
-0.988161, 325, 361, 356, 424
-0.988203, 217, 97, 280, 352
-0.988208, 1, 185, 64, 216
-0.988223, 281, 57, 344, 88
-0.988248, 153, 293, 216, 324
-0.988273, 81, 81, 208, 144
-0.988286, 333, 233, 364, 296
-0.988288, 41, 57, 104, 120
-0.98833, 257, 237, 320, 268
-0.988345, 189, 273, 220, 400
-0.988346, 41, 245, 104, 276
-0.988385, 213, 329, 244, 392
-0.988398, 225, 273, 288, 304
-0.988432, 169, 73, 200, 136
-0.988443, 201, 273, 264, 304
-0.988451, 85, 273, 116, 336
-0.988459, 25, 281, 56, 344
-0.988475, 121, 225, 184, 480
-0.988486, 109, 321, 140, 384
-0.988558, 1, 273, 32, 336
-0.988569, 317, 33, 348, 160
-0.988587, 81, 321, 144, 384
-0.988591, 297, 209, 360, 240
-0.988642, 309, 265, 340, 328
-0.98868, 37, 289, 68, 352
-0.988689, 73, 233, 104, 296
-0.988701, 193, 249, 256, 280
-0.988704, 105, 257, 168, 288
-0.988718, 9, 229, 72, 260
-0.988725, 145, 313, 176, 376
-0.988741, 165, 313, 196, 376
-0.988795, 273, 273, 304, 336
-0.988801, 89, 81, 120, 144
-0.988846, 97, 129, 160, 256
-0.988857, 1, 121, 64, 184
-0.988877, 185, 285, 248, 316
-0.988891, 193, 33, 256, 288
-0.98891, 49, 17, 176, 144
-0.98892, 33, 305, 160, 368
-0.988947, 29, 81, 60, 144
-0.988966, 13, 305, 44, 368
-0.988966, 161, 105, 224, 136
-0.989002, 173, 361, 204, 424
-0.989027, 89, 301, 152, 332
-0.989043, 149, 289, 180, 416
-0.989091, 1, 81, 64, 208
-0.989093, 77, 169, 108, 232
-0.989096, 281, 1, 344, 500
-0.989098, 57, 217, 88, 280
-0.989138, 217, 113, 280, 240
-0.989177, 65, 1, 128, 500
-0.989181, 1, 313, 64, 376
-0.989205, 17, 113, 48, 240
-0.989216, 65, 233, 320, 296
-0.989323, 233, 185, 296, 248
-0.989323, 185, 33, 248, 160
-0.98942, 113, 301, 176, 332
-0.989463, 297, 285, 360, 316
-0.989559, 81, 177, 112, 304
-0.989581, 85, 289, 116, 416
-0.98965, 153, 1, 216, 500
-0.989699, 41, 145, 72, 272
-0.989803, 33, 85, 96, 116
-0.989905, 265, 225, 328, 256
-0.989986, 257, 249, 320, 280
-0.989986, 1, 265, 64, 296
-0.990062, 193, 81, 320, 144
-0.990074, 65, 253, 128, 284
-0.990083, 177, 129, 208, 256
-0.990103, 209, 25, 336, 88
-0.990109, 1, 33, 64, 160
-0.990118, 273, 293, 336, 324
-0.990127, 41, 257, 104, 288
-0.990271, 225, 261, 288, 292
-0.990312, 193, 225, 256, 256
-0.990317, 161, 117, 224, 148
-0.990322, 289, 81, 320, 208
-0.990349, 177, 361, 240, 392
-0.990405, 177, 297, 240, 328
-0.990478, 1, 113, 128, 176
-0.990518, 29, 65, 60, 192
-0.990538, 1, 265, 375, 328
-0.990584, 257, 261, 320, 292
-0.990585, 281, 77, 344, 108
-0.990593, 129, 261, 192, 292
-0.990614, 1, 265, 256, 328
-0.990621, 33, 1, 96, 500
-0.990709, 113, 73, 176, 136
-0.990731, 97, 129, 224, 192
-0.990833, 225, 233, 288, 264
-0.990865, 217, 285, 280, 316
-0.990918, 121, 313, 184, 344
-0.990952, 17, 173, 80, 204
-0.990958, 49, 321, 112, 448
-0.990976, 93, 177, 124, 304
-0.991038, 193, 369, 256, 432
-0.991083, 305, 353, 368, 384
-0.99113, 165, 129, 196, 256
-0.991147, 1, 297, 64, 328
-0.991206, 193, 353, 256, 480
-0.991245, 101, 289, 132, 416
-0.991296, 301, 81, 332, 208
-0.99136, 217, 1, 280, 256
-0.991364, 137, 357, 200, 388
-0.991379, 313, 193, 375, 320
-0.991395, 33, 89, 160, 152
-0.991407, 241, 289, 304, 320
-0.99144, 201, 281, 232, 312
-0.991499, 41, 229, 104, 260
-0.991581, 161, 73, 224, 136
-0.991586, 241, 97, 304, 352
-0.991586, 265, 385, 328, 448
-0.991586, 265, 197, 328, 228
-0.991614, 317, 337, 348, 368
-0.991641, 273, 161, 304, 288
-0.991646, 81, 313, 144, 344
-0.991659, 113, 277, 176, 308
-0.991674, 9, 1, 72, 500
-0.991675, 185, 265, 216, 296
-0.991688, 57, 257, 120, 500
-0.991692, 241, 377, 304, 440
-0.991708, 265, 305, 328, 336
-0.991711, 121, 97, 184, 352
-0.991759, 141, 241, 172, 368
-0.99185, 33, 249, 64, 280
-0.991917, 97, 289, 352, 352
-0.991924, 273, 329, 336, 360
-0.991933, 333, 225, 364, 352
-0.991942, 249, 369, 312, 496
-0.991943, 25, 185, 88, 216
-0.991963, 233, 209, 296, 240
-0.992025, 73, 265, 136, 296
-0.992028, 193, 225, 224, 256
-0.992058, 225, 49, 288, 176
-0.99206, 161, 241, 224, 272
-0.992069, 249, 273, 312, 304
-0.992103, 49, 65, 112, 320
-0.992105, 305, 69, 368, 100
-0.992113, 297, 221, 360, 252
-0.992114, 297, 241, 360, 272
-0.992118, 129, 289, 192, 320
-0.99214, 269, 33, 300, 160
-0.992149, 233, 1, 296, 500
-0.992153, 17, 177, 48, 208
-0.992222, 129, 245, 160, 276
-0.992232, 93, 301, 124, 332
-0.992246, 261, 233, 292, 264
-0.992262, 173, 105, 204, 136
-0.992276, 177, 269, 304, 300
-0.992278, 185, 113, 248, 144
-0.99228, 273, 317, 336, 348
-0.99229, 1, 309, 64, 340
-0.992298, 1, 245, 128, 276
-0.992332, 5, 289, 36, 416
-0.992341, 41, 81, 72, 112
-0.992347, 241, 369, 368, 432
-0.992393, 97, 129, 160, 384
-0.992403, 113, 289, 144, 416
-0.992411, 1, 197, 64, 228
-0.992411, 113, 237, 144, 268
-0.992431, 313, 317, 344, 348
-0.992439, 313, 301, 375, 332
-0.992441, 113, 121, 176, 184
-0.992445, 17, 153, 80, 184
-0.992458, 1, 253, 32, 284
-0.99246, 57, 113, 120, 176
-0.992465, 97, 257, 352, 320
-0.992468, 17, 249, 48, 280
-0.992477, 245, 273, 276, 304
-0.992478, 53, 177, 84, 304
-0.99249, 293, 57, 324, 88
-0.992496, 233, 249, 264, 280
-0.992526, 209, 73, 272, 136
-0.992538, 233, 273, 264, 304
-0.992571, 73, 137, 136, 200
-0.992578, 53, 249, 84, 280
-0.992584, 149, 269, 180, 300
-0.992588, 273, 45, 336, 76
-0.992615, 181, 293, 212, 324
-0.992654, 245, 249, 276, 280
-0.992658, 205, 297, 236, 328
-0.992722, 297, 197, 360, 228
-0.992729, 1, 225, 375, 288
-0.992734, 129, 113, 192, 144
-0.992744, 185, 1, 248, 500
-0.992759, 253, 217, 284, 248
-0.992765, 105, 289, 168, 320
-0.992774, 305, 17, 368, 80
-0.992785, 145, 305, 208, 336
-0.992811, 281, 213, 312, 244
-0.992813, 1, 33, 64, 288
-0.992819, 21, 261, 52, 292
-0.992821, 301, 329, 332, 360
-0.992826, 1, 289, 256, 352
-0.992832, 117, 305, 148, 336
-0.992836, 121, 1, 184, 500
-0.992843, 185, 253, 216, 284
-0.992844, 169, 229, 200, 260
-0.992848, 201, 297, 264, 328
-0.992877, 221, 277, 252, 308
-0.992878, 17, 233, 48, 264
-0.992885, 213, 261, 244, 292
-0.992893, 161, 345, 224, 376
-0.992898, 305, 1, 368, 500
-0.992902, 49, 261, 80, 292
-0.992919, 101, 241, 132, 272
-0.992927, 33, 237, 64, 268
-0.992929, 1, 185, 32, 216
-0.992941, 209, 1, 272, 500
-0.992946, 181, 229, 212, 260
-0.992948, 241, 221, 272, 252
-0.992955, 313, 193, 344, 320
-0.992973, 169, 309, 232, 340
-0.992974, 141, 249, 172, 280
-0.992976, 137, 233, 168, 264
-0.992985, 105, 105, 168, 136
-0.992986, 289, 321, 320, 352
-0.992988, 97, 237, 224, 268
-0.992995, 25, 293, 88, 324
-0.992995, 53, 81, 84, 112
-0.992996, 129, 257, 160, 288
-0.992999, 329, 353, 360, 384
-0.993, 137, 101, 200, 132
-0.993011, 281, 225, 312, 256
-0.993019, 217, 377, 280, 408
-0.993019, 309, 353, 340, 384
-0.993031, 105, 301, 136, 332
-0.993041, 337, 205, 368, 236
-0.993044, 113, 249, 144, 280
-0.993058, 129, 209, 375, 272
-0.993068, 249, 61, 312, 92
-0.993073, 65, 297, 128, 328
-0.99308, 301, 285, 332, 316
-0.993091, 289, 281, 320, 312
-0.993117, 137, 345, 200, 376
-0.993118, 81, 309, 112, 340
-0.993132, 325, 205, 356, 236
-0.993135, 325, 317, 356, 348
-0.993142, 225, 289, 256, 320
-0.993143, 213, 249, 244, 280
-0.993152, 121, 1, 184, 256
-0.99316, 29, 129, 60, 256
-0.993175, 93, 257, 124, 288
-0.993181, 169, 257, 200, 288
-0.993183, 17, 301, 48, 332
-0.993184, 185, 337, 216, 368
-0.993187, 5, 297, 36, 328
-0.993191, 181, 349, 212, 380
-0.993192, 173, 121, 204, 152
-0.993201, 17, 193, 48, 224
-0.993224, 213, 221, 244, 252
-0.993228, 89, 65, 152, 128
-0.993235, 89, 241, 120, 272
-0.993236, 1, 241, 32, 272
-0.993244, 45, 145, 76, 176
-0.993245, 269, 213, 300, 244
-0.993273, 273, 245, 304, 276
-0.993278, 21, 289, 52, 320
-0.993285, 313, 209, 344, 240
-0.993287, 289, 305, 352, 336
-0.993302, 197, 269, 228, 300
-0.993306, 53, 81, 84, 208
-0.99331, 77, 245, 108, 276
-0.993324, 289, 201, 320, 232
-0.993331, 301, 317, 332, 348
-0.993332, 257, 181, 320, 212
-0.993332, 201, 249, 232, 280
-0.993338, 125, 233, 156, 264
-0.993344, 253, 205, 284, 236
-0.993356, 33, 121, 288, 184
-0.993382, 101, 113, 132, 144
-0.993384, 33, 185, 64, 216
-0.993387, 173, 281, 204, 312
-0.993398, 177, 257, 304, 288
-0.993403, 129, 301, 160, 332
-0.993417, 217, 237, 248, 268
-0.993438, 65, 345, 192, 408
-0.993447, 301, 209, 332, 240
-0.993456, 49, 173, 112, 204
-0.993459, 329, 329, 360, 360
-0.993487, 105, 337, 168, 400
-0.99349, 35, 249, 50, 312
-0.993492, 289, 293, 320, 324
-0.9935, 289, 309, 320, 340
-0.993501, 205, 309, 236, 340
-0.993503, 113, 265, 144, 296
-0.99353, 65, 253, 96, 284
-0.993535, 245, 153, 276, 184
-0.993537, 209, 121, 272, 184
-0.993542, 161, 269, 192, 300
-0.993551, 65, 93, 128, 124
-0.993552, 161, 229, 288, 260
-0.993553, 149, 233, 180, 264
-0.993564, 161, 145, 224, 208
-0.993573, 309, 305, 340, 336
-0.993577, 45, 229, 76, 260
-0.993586, 89, 177, 152, 240
-0.993589, 195, 257, 210, 320
-0.993594, 57, 237, 88, 268
-0.993602, 81, 285, 144, 316
-0.993616, 293, 77, 324, 108
-0.993616, 73, 49, 136, 176
-0.993624, 1, 285, 64, 316
-0.993628, 81, 249, 208, 280
-0.99364, 273, 345, 336, 376
-0.993654, 81, 297, 112, 328
-0.993655, 9, 285, 40, 316
-0.99366, 1, 229, 32, 260
-0.993669, 185, 281, 216, 312
-0.99367, 233, 261, 264, 292
-0.993672, 185, 57, 248, 120
-0.993686, 33, 265, 64, 296
-0.993688, 173, 269, 204, 300
-0.993689, 189, 113, 220, 144
-0.993696, 33, 157, 64, 188
-0.9937, 161, 341, 192, 372
-0.9937, 177, 257, 192, 320
-0.993708, 193, 293, 224, 324
-0.993716, 101, 313, 132, 344
-0.993733, 209, 365, 240, 396
-0.993735, 309, 73, 340, 104
-0.993742, 317, 365, 348, 396
-0.993744, 301, 241, 332, 272
-0.993748, 133, 289, 164, 320
-0.993755, 193, 237, 256, 268
-0.993755, 25, 161, 40, 224
-0.993756, 25, 269, 88, 300
-0.99378, 229, 221, 260, 252
-0.993781, 313, 177, 375, 240
-0.993783, 161, 93, 224, 124
-0.993785, 113, 297, 240, 328
-0.993789, 157, 257, 188, 288
-0.993791, 9, 85, 72, 116
-0.993795, 201, 329, 232, 360
-0.993811, 21, 165, 52, 196
-0.993813, 145, 289, 176, 320
-0.993818, 305, 57, 368, 88
-0.993819, 333, 337, 348, 400
-0.993824, 181, 97, 196, 160
-0.993825, 249, 261, 280, 292
-0.993835, 161, 109, 192, 140
-0.993836, 301, 341, 332, 372
-0.993844, 173, 93, 204, 124
-0.993845, 239, 249, 254, 312
-0.993847, 61, 265, 92, 296
-0.993848, 341, 329, 372, 360
-0.993861, 1, 173, 32, 204
-0.993872, 213, 273, 228, 336
-0.993874, 249, 73, 312, 104
-0.993879, 185, 241, 216, 272
-0.9939, 1, 289, 375, 352
-0.993907, 73, 113, 136, 144
-0.993918, 203, 265, 218, 328
-0.99394, 241, 157, 304, 188
-0.993945, 185, 161, 248, 224
-0.993951, 131, 241, 146, 304
-0.993955, 169, 33, 200, 160
-0.993976, 113, 273, 240, 304
-0.993988, 27, 249, 42, 312
-0.993995, 323, 321, 338, 384
-0.994019, 49, 157, 112, 188
-0.994035, 33, 305, 96, 336
-0.994041, 257, 241, 272, 304
-0.994068, 165, 193, 196, 320
-0.994079, 273, 257, 304, 384
-0.994085, 17, 217, 80, 248
-0.99409, 297, 377, 360, 440
-0.994111, 273, 281, 336, 312
-0.994175, 89, 89, 152, 152
-0.994177, 129, 257, 256, 288
-0.994183, 49, 141, 112, 172
-0.994184, 237, 193, 268, 320
-0.994212, 161, 333, 224, 364
-0.994224, 129, 313, 375, 376
-0.994231, 177, 353, 304, 480
-0.994253, 187, 265, 202, 328
-0.994263, 257, 145, 320, 176
-0.994268, 41, 281, 104, 312
-0.994273, 49, 261, 176, 292
-0.99428, 297, 365, 360, 396
-0.994281, 65, 229, 128, 260
-0.994309, 129, 145, 256, 272
-0.99431, 329, 313, 344, 376
-0.994319, 137, 221, 200, 252
-0.994333, 185, 101, 248, 132
-0.994344, 49, 73, 112, 104
-0.994357, 193, 309, 256, 340
-0.994366, 33, 313, 96, 376
-0.994376, 161, 145, 288, 208
-0.994387, 161, 129, 224, 160
-0.994395, 31, 169, 46, 232
-0.9944, 193, 369, 320, 432
-0.994416, 225, 329, 352, 360
-0.994441, 305, 45, 368, 76
-0.994444, 97, 285, 224, 316
-0.99451, 249, 49, 312, 80
-0.994524, 49, 237, 176, 268
-0.994585, 225, 185, 352, 248
-0.99461, 201, 365, 264, 396
-0.99464, 41, 233, 56, 296
-0.994659, 277, 81, 308, 208
-0.994679, 171, 249, 186, 312
-0.994681, 251, 241, 266, 304
-0.994709, 241, 313, 304, 376
-0.994726, 81, 345, 144, 408
-0.99474, 199, 289, 214, 352
-0.994757, 225, 365, 288, 396
-0.994801, 69, 177, 100, 304
-0.994812, 113, 201, 176, 264
-0.994814, 315, 329, 330, 392
-0.994829, 129, 201, 256, 264
-0.994875, 271, 193, 286, 256
-0.994881, 1, 233, 128, 264
-0.994882, 273, 1, 336, 64
-0.994904, 161, 281, 288, 312
-0.994915, 19, 169, 34, 232
-0.994917, 21, 241, 36, 304
-0.994929, 129, 49, 375, 112
-0.994931, 129, 289, 160, 416
-0.994935, 273, 357, 336, 388
-0.99494, 245, 241, 260, 304
-0.994946, 241, 213, 368, 244
-0.994952, 89, 1, 152, 500
-0.994954, 137, 125, 200, 156
-0.994973, 47, 233, 62, 296
-0.994995, 111, 105, 126, 168
-0.995037, 175, 97, 190, 160
-0.995042, 297, 273, 360, 304
-0.995067, 187, 97, 202, 160
-0.995075, 137, 233, 152, 296
-0.995079, 1, 81, 256, 144
-0.995085, 297, 49, 312, 112
-0.995094, 241, 57, 368, 88
-0.995103, 281, 305, 312, 432
-0.995103, 179, 233, 194, 296
-0.995114, 49, 113, 176, 176
-0.995129, 219, 281, 234, 344
-0.995137, 297, 281, 312, 344
-0.99515, 249, 273, 280, 400
-0.99515, 225, 345, 288, 408
-0.995156, 17, 141, 80, 172
-0.995165, 1, 181, 128, 212
-0.995175, 31, 281, 46, 344
-0.995179, 39, 145, 54, 208
-0.995191, 73, 337, 136, 464
-0.995208, 27, 193, 42, 256
-0.995231, 153, 369, 216, 400
-0.995243, 251, 265, 266, 328
-0.995245, 281, 145, 344, 208
-0.99527, 73, 65, 136, 320
-0.995275, 115, 297, 130, 360
-0.995281, 149, 65, 180, 192
-0.995284, 307, 313, 322, 376
-0.995288, 129, 73, 375, 136
-0.995295, 197, 81, 228, 208
-0.99534, 117, 193, 148, 320
-0.995344, 245, 145, 276, 272
-0.995373, 187, 241, 202, 304
-0.995378, 245, 265, 260, 328
-0.995392, 19, 273, 34, 336
-0.995401, 241, 317, 368, 348
-0.995404, 305, 49, 320, 112
-0.99542, 177, 241, 304, 272
-0.995438, 225, 249, 352, 280
-0.995472, 193, 289, 208, 352
-0.995481, 97, 345, 352, 408
-0.995504, 1, 261, 128, 292
-0.995519, 15, 249, 30, 312
-0.99552, 73, 289, 104, 416
-0.995524, 263, 233, 278, 296
-0.995535, 177, 217, 304, 248
-0.995541, 97, 97, 352, 160
-0.995542, 129, 321, 256, 384
-0.995565, 149, 273, 164, 336
-0.995572, 161, 257, 176, 320
-0.995572, 53, 249, 68, 312
-0.99558, 225, 261, 352, 292
-0.995581, 269, 249, 284, 312
-0.995589, 307, 289, 322, 352
-0.995599, 109, 297, 124, 360
-0.995624, 37, 113, 52, 176
-0.995625, 105, 249, 120, 312
-0.995631, 1, 297, 128, 328
-0.995635, 221, 305, 236, 368
-0.995654, 177, 169, 304, 232
-0.995721, 37, 169, 52, 232
-0.995748, 41, 81, 56, 144
-0.995783, 25, 217, 40, 280
-0.995825, 153, 249, 168, 312
-0.995827, 111, 273, 126, 336
-0.995856, 261, 265, 276, 328
-0.995872, 241, 293, 368, 324
-0.995901, 291, 281, 306, 344
-0.995902, 265, 177, 280, 240
-0.995915, 97, 105, 224, 136
-0.995921, 261, 153, 276, 216
-0.99593, 275, 225, 290, 288
-0.995935, 265, 201, 280, 264
-0.995977, 305, 209, 320, 272
-0.99598, 161, 305, 288, 336
-0.995986, 65, 297, 192, 328
-0.995991, 229, 273, 244, 336
-0.996023, 37, 289, 52, 352
-0.996032, 241, 69, 368, 100
-0.996059, 309, 73, 324, 136
-0.996076, 25, 281, 40, 344
-0.996091, 193, 97, 208, 160
-0.996106, 177, 293, 304, 324
-0.996107, 49, 137, 176, 200
-0.996116, 187, 289, 202, 352
-0.996121, 57, 321, 120, 384
-0.996132, 139, 257, 154, 320
-0.996137, 315, 353, 330, 416
-0.996147, 97, 17, 224, 144
-0.99617, 65, 201, 192, 264
-0.996176, 35, 225, 50, 288
-0.996182, 9, 265, 24, 328
-0.996184, 97, 353, 160, 480
-0.99622, 169, 97, 184, 160
-0.996224, 199, 313, 214, 376
-0.996226, 335, 305, 350, 368
-0.996229, 177, 121, 192, 184
-0.996258, 175, 329, 190, 392
-0.996268, 311, 49, 326, 112
-0.996277, 255, 145, 270, 208
-0.996278, 301, 305, 316, 368
-0.996287, 239, 273, 254, 336
-0.996309, 1, 241, 16, 304
-0.996313, 339, 337, 354, 400
-0.996325, 291, 57, 306, 120
-0.996328, 321, 297, 336, 360
-0.996334, 21, 193, 36, 256
-0.996337, 183, 121, 198, 184
-0.99637, 289, 129, 320, 256
-0.996372, 147, 249, 162, 312
-0.996377, 49, 281, 176, 312
-0.996379, 65, 313, 192, 344
-0.996381, 181, 289, 196, 352
-0.996388, 33, 313, 288, 376
-0.996394, 137, 193, 168, 320
-0.996395, 117, 273, 132, 336
-0.996404, 33, 193, 48, 256
-0.996406, 1, 169, 128, 200
-0.996406, 91, 297, 106, 360
-0.996408, 85, 81, 116, 208
-0.996416, 1, 49, 64, 112
-0.996418, 257, 217, 272, 280
-0.996445, 45, 145, 60, 208
-0.996448, 145, 105, 272, 136
-0.99645, 249, 345, 312, 408
-0.99646, 205, 297, 220, 360
-0.996461, 105, 105, 120, 168
-0.996463, 211, 217, 226, 280
-0.996494, 97, 33, 160, 288
-0.996498, 309, 337, 324, 400
-0.996501, 201, 305, 264, 432
-0.996519, 139, 281, 154, 344
-0.99652, 145, 377, 208, 440
-0.996524, 97, 145, 160, 208
-0.996549, 315, 201, 330, 264
-0.996552, 169, 273, 184, 336
-0.996578, 113, 309, 240, 340
-0.996589, 105, 193, 136, 320
-0.996589, 321, 353, 336, 416
-0.996595, 33, 145, 48, 208
-0.996597, 109, 225, 124, 288
-0.996611, 225, 273, 352, 304
-0.996612, 7, 241, 22, 304
-0.996614, 161, 33, 288, 96
-0.996624, 201, 233, 216, 296
-0.996625, 155, 225, 170, 288
-0.996627, 209, 229, 336, 260
-0.996632, 41, 257, 56, 320
-0.996634, 17, 297, 32, 360
-0.99664, 301, 329, 316, 392
-0.996641, 227, 233, 242, 296
-0.996652, 17, 329, 144, 392
-0.996654, 101, 297, 116, 360
-0.996663, 315, 289, 330, 352
-0.996676, 297, 73, 312, 136
-0.996691, 121, 297, 136, 360
-0.99671, 93, 129, 124, 256
-0.996714, 167, 225, 182, 288
-0.996717, 129, 361, 256, 392
-0.996731, 293, 1, 324, 256
-0.996732, 99, 233, 114, 296
-0.996743, 59, 241, 74, 304
-0.996743, 127, 289, 142, 352
-0.996747, 125, 265, 140, 328
-0.99675, 241, 345, 368, 376
-0.996752, 181, 33, 212, 160
-0.996756, 81, 369, 208, 496
-0.99676, 129, 121, 256, 152
-0.996795, 227, 297, 242, 360
-0.996821, 65, 65, 128, 128
-0.996836, 327, 361, 342, 424
-0.996852, 159, 297, 174, 360
-0.99686, 155, 273, 170, 336
-0.996907, 21, 129, 52, 384
-0.996946, 169, 65, 200, 320
-0.996965, 1, 157, 128, 188
-0.996972, 225, 305, 352, 336
-0.996978, 1, 145, 256, 208
-0.996993, 193, 53, 320, 84
-0.997007, 197, 177, 228, 304
-0.99707, 1, 161, 32, 416
-0.997072, 25, 177, 40, 208
-0.997081, 17, 313, 144, 344
-0.997082, 49, 221, 176, 252
-0.997115, 241, 81, 368, 112
-0.997165, 23, 293, 38, 324
-0.997198, 305, 89, 368, 152
-0.997202, 33, 201, 288, 264
-0.997204, 129, 25, 375, 88
-0.99721, 169, 185, 232, 248
-0.99721, 211, 281, 226, 312
-0.997211, 225, 161, 352, 224
-0.997223, 17, 225, 48, 480
-0.99729, 131, 253, 146, 284
-0.997298, 53, 81, 68, 112
-0.997304, 65, 57, 192, 120
-0.997314, 97, 153, 352, 216
-0.997315, 331, 333, 346, 364
-0.99732, 113, 225, 240, 256
-0.997321, 305, 1, 336, 256
-0.997337, 241, 45, 368, 76
-0.997344, 245, 225, 276, 480
-0.997347, 115, 301, 130, 332
-0.997354, 201, 269, 216, 300
-0.997358, 33, 249, 48, 280
-0.997407, 129, 237, 144, 268
-0.997425, 301, 317, 316, 348
-0.997462, 33, 129, 64, 384
-0.997476, 181, 65, 212, 320
-0.99749, 193, 65, 320, 96
-0.997513, 281, 1, 312, 256
-0.997518, 267, 233, 282, 264
-0.997519, 217, 285, 232, 316
-0.997531, 1, 193, 128, 224
-0.99756, 247, 273, 262, 304
-0.997565, 191, 285, 206, 316
-0.997577, 107, 249, 122, 280
-0.997588, 195, 261, 210, 292
-0.997588, 305, 257, 336, 500
-0.997588, 33, 293, 48, 324
-0.997589, 129, 301, 144, 332
-0.997595, 109, 305, 124, 336
-0.997597, 1, 313, 375, 376
-0.997602, 171, 257, 186, 288
-0.997605, 1, 177, 256, 240
-0.997608, 201, 297, 216, 328
-0.997622, 45, 241, 60, 272
-0.997632, 327, 317, 342, 348
-0.997632, 325, 337, 340, 368
-0.997639, 45, 193, 76, 448
-0.99764, 219, 297, 234, 328
-0.997644, 19, 249, 34, 280
-0.997646, 241, 365, 368, 396
-0.997653, 13, 293, 28, 324
-0.997654, 181, 257, 196, 288
-0.997661, 257, 193, 288, 448
-0.997663, 177, 117, 304, 148
-0.997666, 27, 257, 42, 288
-0.997667, 141, 245, 156, 276
-0.99768, 259, 249, 274, 280
-0.997688, 81, 177, 208, 240
-0.997714, 99, 241, 114, 272
-0.997727, 193, 345, 320, 376
-0.997729, 307, 321, 322, 352
-0.99773, 81, 117, 208, 148
-0.99774, 107, 109, 122, 140
-0.997741, 179, 237, 194, 268
-0.997758, 239, 253, 254, 284
-0.997759, 303, 289, 318, 320
-0.997765, 47, 81, 62, 112
-0.997769, 55, 253, 70, 284
-0.997773, 39, 249, 54, 280
-0.997773, 121, 305, 136, 336
-0.997775, 1, 253, 16, 284
-0.997784, 93, 301, 108, 332
-0.997795, 237, 265, 252, 296
-0.997812, 25, 305, 40, 336
-0.99782, 195, 337, 210, 368
-0.997824, 99, 301, 114, 332
-0.997826, 29, 225, 60, 480
-0.99783, 257, 213, 272, 244
-0.997839, 173, 161, 204, 416
-0.997853, 25, 245, 40, 276
-0.997853, 237, 277, 252, 308
-0.99786, 227, 249, 242, 280
-0.997872, 189, 265, 204, 296
-0.997876, 307, 209, 322, 240
-0.997877, 55, 141, 70, 172
-0.997877, 187, 229, 202, 260
-0.99788, 255, 153, 270, 184
-0.997881, 207, 269, 222, 300
-0.997888, 225, 225, 256, 480
-0.997888, 215, 229, 230, 260
-0.99789, 295, 281, 310, 312
-0.997896, 225, 209, 256, 336
-0.997909, 3, 293, 18, 324
-0.99791, 65, 253, 80, 284
-0.997919, 179, 105, 194, 136
-0.997931, 41, 85, 56, 116
-0.997934, 295, 213, 310, 244
-0.997942, 339, 205, 354, 236
-0.997943, 227, 289, 242, 320
-0.997945, 87, 301, 102, 332
-0.99795, 1, 221, 128, 252
-0.997954, 49, 253, 64, 284
-0.997961, 203, 281, 218, 312
-0.997967, 97, 93, 224, 124
-0.99797, 145, 233, 160, 264
-0.997977, 269, 193, 300, 448
-0.997982, 135, 241, 150, 272
-0.997983, 181, 277, 196, 308
-0.997985, 203, 225, 218, 256
-0.997989, 177, 329, 304, 360
-0.99799, 109, 225, 140, 480
-0.997997, 57, 255, 88, 270
-0.997998, 29, 155, 60, 170
-0.998, 273, 249, 288, 280
-0.998001, 97, 191, 128, 206
-0.998003, 85, 251, 116, 266
-0.998007, 301, 247, 332, 262
-0.998008, 289, 319, 320, 334
-0.998012, 213, 273, 244, 288
-0.998016, 295, 201, 310, 232
-0.998018, 261, 229, 292, 244
-0.99802, 17, 193, 48, 208
-0.99802, 157, 65, 188, 320
-0.998021, 33, 141, 160, 172
-0.998023, 23, 193, 38, 224
-0.998023, 21, 261, 36, 292
-0.998024, 303, 233, 318, 264
-0.998025, 309, 355, 340, 370
-0.998026, 267, 213, 282, 244
-0.998026, 201, 253, 216, 284
-0.998032, 213, 287, 244, 302
-0.998033, 49, 105, 176, 136
-0.998035, 33, 305, 48, 336
-0.998035, 149, 273, 164, 304
-0.998038, 337, 333, 352, 364
-0.99804, 187, 253, 202, 284
-0.998042, 261, 169, 276, 200
-0.998042, 341, 345, 372, 360
-0.998046, 17, 187, 48, 202
-0.998047, 23, 233, 38, 264
-0.998049, 273, 225, 288, 256
-0.998055, 303, 333, 318, 364
-0.998058, 217, 297, 248, 312
-0.998059, 55, 241, 70, 272
-0.998059, 137, 257, 152, 288
-0.998062, 149, 313, 180, 328
-0.998063, 301, 221, 316, 252
-0.998065, 15, 261, 30, 292
-0.998069, 289, 293, 320, 308
-0.998075, 331, 357, 346, 388
-0.998076, 275, 213, 290, 244
-0.998083, 59, 81, 74, 112
-0.998088, 53, 267, 84, 282
-0.998089, 261, 157, 276, 188
-0.998095, 195, 225, 210, 256
-0.998095, 181, 337, 212, 352
-0.998097, 189, 297, 204, 328
-0.9981, 307, 221, 322, 252
-0.998101, 313, 329, 328, 360
-0.998103, 115, 313, 130, 344
-0.998104, 121, 245, 152, 260
-0.998104, 123, 237, 138, 268
-0.998104, 261, 247, 292, 262
-0.998107, 309, 285, 324, 316
-0.998112, 201, 291, 232, 306
-0.998112, 173, 113, 204, 128
-0.998113, 41, 91, 72, 106
-0.998114, 313, 209, 328, 240
-0.998117, 1, 285, 128, 316
-0.998117, 241, 201, 368, 232
-0.998124, 93, 183, 124, 198
-0.998124, 113, 109, 128, 140
-0.998124, 195, 273, 210, 304
-0.998126, 25, 281, 40, 312
-0.998128, 49, 141, 64, 172
-0.998132, 311, 309, 326, 340
-0.998135, 213, 369, 244, 384
-0.998136, 193, 129, 224, 384
-0.998137, 319, 337, 334, 368
-0.998141, 175, 269, 190, 300
-0.998141, 33, 81, 160, 112
-0.998141, 253, 273, 268, 304
-0.998142, 237, 221, 252, 252
-0.998143, 15, 281, 30, 312
-0.998143, 305, 197, 320, 228
-0.998144, 177, 93, 304, 124
-0.998147, 317, 1, 348, 256
-0.998151, 289, 313, 320, 328
-0.998154, 209, 225, 224, 256
-0.998156, 201, 353, 216, 384
-0.998157, 101, 317, 132, 332
-0.998158, 339, 345, 354, 376
-0.99816, 185, 299, 216, 314
-0.998168, 5, 193, 36, 208
-0.998174, 5, 257, 36, 500
-0.998174, 49, 345, 176, 376
-0.998175, 289, 285, 320, 300
-0.99818, 301, 209, 316, 240
-0.99818, 107, 261, 122, 292
-0.99818, 333, 205, 348, 236
-0.998182, 177, 349, 192, 380
-0.998183, 267, 185, 282, 216
-0.998186, 15, 173, 30, 204
-0.998187, 73, 97, 104, 224
-0.99819, 153, 225, 184, 480
-0.998192, 345, 205, 360, 236
-0.998194, 9, 261, 24, 292
-0.9982, 285, 213, 300, 244
-0.9982, 19, 305, 34, 336
-0.998204, 117, 309, 148, 324
-0.998207, 195, 297, 210, 328
-0.998223, 193, 377, 320, 408
-0.998224, 233, 265, 264, 280
-0.998237, 21, 299, 52, 314
-0.998242, 57, 225, 88, 480
-0.998262, 5, 307, 36, 322
-0.998269, 97, 325, 224, 356
-0.998274, 145, 349, 272, 380
-0.998276, 129, 303, 160, 318
-0.998289, 213, 227, 244, 242
-0.998291, 289, 97, 320, 352
-0.998315, 1, 65, 32, 320
-0.998322, 337, 243, 368, 258
-0.998338, 277, 97, 308, 352
-0.998344, 93, 225, 124, 480
-0.998347, 153, 235, 184, 250
-0.998349, 293, 59, 324, 74
-0.998356, 293, 331, 324, 346
-0.998356, 97, 369, 224, 432
-0.998359, 277, 247, 308, 262
-0.998363, 189, 225, 220, 480
-0.998367, 57, 241, 88, 256
-0.998369, 173, 257, 204, 272
-0.998369, 289, 325, 320, 340
-0.998375, 173, 263, 204, 278
-0.998375, 321, 349, 352, 364
-0.998379, 193, 41, 320, 72
-0.998382, 97, 337, 224, 368
-0.998392, 17, 309, 48, 324
-0.998392, 205, 311, 236, 326
-0.998394, 225, 253, 288, 268
-0.998398, 21, 293, 52, 308
-0.9984, 185, 257, 248, 272
-0.998403, 25, 239, 56, 254
-0.998407, 325, 319, 356, 334
-0.998411, 33, 87, 96, 102
-0.998411, 317, 371, 348, 386
-0.998411, 1, 337, 256, 400
-0.998411, 101, 115, 132, 130
-0.998416, 169, 275, 232, 290
-0.998419, 33, 57, 288, 120
-0.99842, 9, 247, 72, 262
-0.998422, 145, 271, 208, 286
-0.99843, 41, 247, 104, 262
-0.998432, 97, 243, 160, 258
-0.998436, 1, 253, 64, 268
-0.99844, 113, 311, 176, 326
-0.998444, 205, 305, 236, 320
-0.998445, 201, 273, 264, 288
-0.998447, 33, 247, 64, 262
-0.99845, 137, 277, 200, 292
-0.99845, 129, 225, 160, 480
-0.998455, 81, 303, 144, 318
-0.998457, 9, 241, 72, 256
-0.998457, 137, 235, 200, 250
-0.998459, 177, 231, 240, 246
-0.998459, 257, 215, 320, 230
-0.99846, 9, 183, 72, 198
-0.99846, 1, 263, 64, 278
-0.998464, 181, 241, 196, 368
-0.998465, 185, 285, 248, 300
-0.998465, 37, 233, 68, 248
-0.998466, 129, 257, 192, 272
-0.998469, 81, 313, 112, 328
-0.998469, 25, 1, 88, 256
-0.998472, 309, 211, 340, 226
-0.998474, 73, 243, 136, 258
-0.998474, 41, 239, 104, 254
-0.998476, 153, 265, 216, 280
-0.998478, 313, 331, 344, 346
-0.998479, 297, 341, 360, 356
-0.99848, 81, 249, 144, 264
-0.998483, 209, 223, 272, 238
-0.998483, 105, 263, 168, 278
-0.998483, 281, 213, 344, 228
-0.998484, 313, 209, 375, 224
-0.998485, 1, 193, 64, 208
-0.998486, 197, 235, 228, 250
-0.998486, 209, 279, 272, 294
-0.998487, 201, 225, 232, 480
-0.998488, 281, 59, 344, 74
-0.998488, 233, 221, 296, 236
-0.998491, 225, 263, 288, 278
-0.998492, 93, 263, 124, 278
-0.998493, 113, 237, 176, 252
-0.998494, 41, 267, 104, 282
-0.998495, 153, 111, 216, 126
-0.998495, 25, 145, 40, 272
-0.998496, 9, 233, 72, 248
-0.998497, 25, 255, 88, 270
-0.998498, 289, 333, 352, 348
-0.998501, 257, 243, 320, 258
-0.998501, 89, 309, 152, 324
-0.998501, 269, 1, 300, 256
-0.998501, 185, 295, 248, 310
-0.998504, 341, 207, 372, 222
-0.998504, 117, 259, 148, 274
-0.998505, 137, 251, 200, 266
-0.998506, 113, 305, 176, 320
-0.998509, 145, 283, 208, 298
-0.998511, 241, 377, 368, 408
-0.998511, 305, 347, 368, 362
-0.998515, 289, 315, 352, 330
-0.998517, 177, 269, 240, 284
-0.998518, 161, 119, 224, 134
-0.998519, 305, 245, 368, 260
-0.99852, 269, 217, 300, 232
-0.998521, 217, 285, 280, 300
-0.998522, 81, 315, 144, 330
-0.998523, 217, 229, 280, 244
-0.998523, 301, 291, 332, 306
-0.998525, 265, 235, 328, 250
-0.998526, 137, 241, 200, 256
-0.998527, 73, 265, 136, 280
-0.998528, 169, 361, 232, 376
-0.998528, 225, 269, 288, 284
-0.998529, 253, 211, 284, 226
-0.998529, 273, 65, 336, 80
-0.998529, 25, 157, 88, 172
-0.99853, 1, 269, 64, 284
-0.99853, 257, 209, 320, 224
-0.99853, 161, 257, 224, 272
-0.998531, 305, 353, 368, 368
-0.998531, 289, 327, 352, 342
-0.998531, 265, 249, 328, 264
-0.998531, 161, 299, 224, 314
-0.998533, 245, 129, 276, 384
-0.998534, 33, 261, 96, 276
-0.998534, 193, 263, 256, 278
-0.998535, 129, 359, 192, 374
-0.998535, 161, 105, 224, 120
-0.998536, 17, 227, 80, 242
-0.998538, 105, 257, 168, 272
-0.998539, 281, 77, 344, 92
-0.998539, 257, 229, 320, 244
-0.998539, 105, 281, 168, 296
-0.998539, 105, 253, 136, 268
-0.99854, 169, 237, 232, 252
-0.998541, 113, 275, 176, 290
-0.998541, 289, 193, 320, 448
-0.998542, 323, 305, 338, 432
-0.998543, 185, 307, 248, 322
-0.998544, 281, 71, 344, 86
-0.998544, 101, 311, 132, 326
-0.998544, 161, 355, 224, 370
-0.998545, 289, 321, 352, 336
-0.998546, 273, 305, 336, 320
-0.998548, 193, 251, 256, 266
-0.998551, 129, 263, 192, 278
-0.998552, 265, 285, 328, 300
-0.998552, 217, 375, 280, 390
-0.998552, 33, 177, 96, 192
-0.998553, 297, 289, 360, 304
-0.998554, 1, 199, 64, 214
-0.998555, 145, 305, 208, 320
-0.998555, 153, 293, 216, 308
-0.998555, 257, 223, 320, 238
-0.998556, 185, 301, 248, 316
-0.998557, 225, 211, 288, 226
-0.998559, 145, 367, 208, 382
-0.998559, 233, 247, 296, 262
-0.998559, 249, 291, 312, 306
-0.998559, 9, 177, 72, 192
-0.998562, 331, 273, 346, 400
-0.998563, 153, 229, 216, 244
-0.998563, 1, 307, 64, 322
-0.998564, 177, 367, 240, 382
-0.998564, 33, 307, 96, 322
-0.998565, 241, 275, 304, 290
-0.998566, 265, 255, 328, 270
-0.998567, 105, 249, 168, 264
-0.998569, 185, 225, 248, 240
-0.99857, 113, 113, 176, 128
-0.99857, 17, 125, 80, 140
-0.99857, 129, 319, 192, 334
-0.998573, 41, 183, 104, 198
-0.998573, 305, 217, 368, 232
-0.998573, 105, 317, 168, 332
-0.998573, 1, 293, 64, 308
-0.998574, 297, 283, 360, 298
-0.998574, 97, 303, 128, 318
-0.998575, 161, 125, 224, 140
-0.998575, 257, 267, 320, 282
-0.998576, 161, 315, 224, 330
-0.998576, 41, 233, 104, 248
-0.998577, 265, 311, 328, 326
-0.998577, 161, 249, 224, 264
-0.998578, 281, 207, 344, 222
-0.998578, 73, 115, 136, 130
-0.998578, 257, 203, 320, 218
-0.998579, 305, 73, 368, 88
-0.99858, 217, 235, 280, 250
-0.998581, 321, 343, 352, 358
-0.998582, 129, 119, 192, 134
-0.998582, 1, 313, 64, 328
-0.998583, 49, 261, 80, 276
-0.998591, 1, 41, 375, 104
-0.998594, 329, 355, 360, 370
-0.998605, 183, 81, 198, 208
-0.99861, 269, 177, 284, 304
-0.998611, 17, 247, 48, 262
-0.998617, 325, 209, 356, 224
-0.99863, 181, 349, 212, 364
-0.99863, 117, 303, 148, 318
-0.998632, 133, 261, 164, 276
-0.998635, 193, 33, 224, 288
-0.998636, 105, 259, 136, 274
-0.998651, 177, 289, 192, 416
-0.998657, 15, 225, 30, 352
-0.998663, 45, 253, 76, 268
-0.998663, 173, 257, 204, 500
-0.998666, 233, 253, 264, 268
-0.998671, 199, 273, 214, 400
-0.998678, 197, 255, 228, 270
-0.998682, 41, 155, 72, 170
-0.998686, 33, 161, 48, 288
-0.998692, 177, 317, 304, 348
-0.998693, 177, 81, 192, 208
-0.998696, 197, 299, 228, 314
-0.998697, 305, 177, 320, 304
-0.998703, 213, 257, 244, 500
-0.998704, 157, 271, 188, 286
-0.998704, 233, 275, 264, 290
-0.998714, 161, 337, 192, 464
-0.998715, 225, 285, 256, 300
-0.998717, 21, 225, 36, 352
-0.998721, 27, 193, 42, 320
-0.998722, 165, 233, 196, 248
-0.998726, 57, 247, 88, 262
-0.998726, 107, 241, 122, 368
-0.998727, 37, 241, 52, 368
-0.998735, 213, 279, 244, 294
-0.998738, 33, 123, 64, 138
-0.998739, 221, 129, 252, 384
-0.99874, 29, 261, 60, 276
-0.998743, 45, 241, 76, 256
-0.998746, 301, 97, 332, 352
-0.998746, 97, 349, 224, 380
-0.998748, 321, 257, 352, 500
-0.99875, 193, 77, 320, 108
-0.998752, 307, 33, 322, 160
-0.998752, 233, 289, 264, 416
-0.998757, 1, 353, 64, 480
-0.998765, 267, 225, 282, 352
-0.998789, 1, 153, 375, 216
-0.998789, 133, 247, 164, 262
-0.998802, 261, 241, 292, 256
-0.998802, 113, 133, 240, 164
-0.998803, 1, 259, 32, 274
-0.998804, 193, 273, 224, 288
-0.998804, 313, 365, 344, 380
-0.998815, 295, 33, 310, 160
-0.998819, 5, 247, 36, 262
-0.998819, 249, 251, 280, 266
-0.99882, 193, 205, 320, 236
-0.998823, 17, 161, 32, 288
-0.998828, 129, 373, 256, 404
-0.998831, 213, 225, 228, 352
-0.998857, 189, 129, 220, 256
-0.998859, 301, 33, 316, 160
-0.998863, 175, 225, 190, 352
-0.998863, 61, 129, 92, 384
-0.998864, 289, 213, 320, 228
-0.998884, 177, 361, 304, 392
-0.998887, 167, 257, 182, 384
-0.9989, 1, 193, 16, 320
-0.998908, 73, 161, 104, 416
-0.998909, 89, 129, 120, 384
-0.998921, 253, 219, 284, 234
-0.998921, 129, 73, 256, 136
-0.998924, 209, 65, 240, 192
-0.998926, 265, 97, 296, 352
-0.998933, 239, 241, 254, 368
-0.998937, 97, 213, 224, 244
-0.998939, 299, 193, 314, 320
-0.998942, 259, 225, 274, 352
-0.998944, 141, 257, 172, 500
-0.998947, 45, 97, 76, 352
-0.998952, 189, 81, 204, 208
-0.998952, 241, 33, 368, 64
-0.998957, 173, 337, 204, 464
-0.998965, 333, 225, 364, 480
-0.998966, 197, 285, 228, 300
-0.99897, 313, 33, 328, 160
-0.998978, 141, 237, 172, 252
-0.998984, 301, 257, 316, 384
-0.998998, 137, 255, 168, 270
-0.999, 31, 273, 46, 400
-0.999002, 1, 205, 128, 236
-0.999004, 187, 241, 202, 368
-0.999011, 233, 223, 264, 238
-0.999013, 311, 273, 326, 400
-0.999028, 205, 257, 220, 384
-0.999034, 245, 275, 276, 290
-0.999043, 133, 129, 164, 384
-0.999047, 329, 321, 344, 448
-0.999052, 261, 273, 292, 400
-0.999055, 1, 121, 128, 152
-0.999057, 345, 225, 375, 480
-0.999066, 105, 129, 136, 384
-0.999074, 131, 241, 146, 368
-0.999076, 173, 107, 204, 122
-0.999086, 85, 305, 116, 320
-0.999089, 149, 257, 164, 384
-0.999104, 43, 225, 58, 352
-0.999115, 189, 321, 204, 448
-0.999119, 49, 93, 176, 124
-0.99912, 121, 239, 152, 254
-0.999125, 25, 337, 88, 464
-0.999126, 273, 225, 288, 352
-0.999131, 141, 241, 156, 368
-0.999137, 21, 321, 52, 448
-0.999138, 261, 235, 292, 250
-0.999139, 129, 121, 375, 184
-0.999148, 145, 33, 176, 288
-0.999153, 209, 393, 336, 456
-0.999155, 145, 337, 176, 464
-0.999157, 209, 393, 336, 424
-0.999164, 17, 261, 48, 276
-0.999165, 171, 81, 186, 208
-0.999168, 233, 129, 264, 384
-0.999169, 185, 257, 216, 272
-0.99918, 329, 1, 360, 256
-0.999181, 189, 193, 204, 320
-0.999192, 289, 33, 304, 160
-0.999204, 181, 231, 212, 246
-0.999208, 1, 325, 128, 356
-0.999211, 69, 257, 100, 500
-0.999219, 205, 129, 236, 384
-0.999228, 205, 33, 236, 288
-0.999234, 105, 247, 136, 262
-0.999238, 233, 257, 248, 384
-0.999241, 313, 97, 344, 352
-0.999244, 1, 241, 16, 368
-0.999247, 125, 253, 156, 268
-0.99925, 305, 145, 336, 272
-0.999251, 17, 181, 48, 196
-0.999255, 99, 241, 114, 368
-0.99926, 113, 1, 176, 128
-0.999262, 213, 255, 244, 270
-0.99928, 9, 241, 24, 368
-0.999285, 167, 305, 182, 432
-0.999288, 197, 229, 228, 244
-0.999294, 183, 289, 198, 416
-0.999297, 81, 365, 208, 396
-0.999298, 113, 241, 128, 368
-0.999313, 25, 273, 40, 400
-0.999316, 317, 289, 332, 416
-0.999317, 193, 257, 208, 384
-0.999321, 249, 225, 264, 352
-0.999323, 39, 161, 54, 288
-0.999326, 145, 129, 176, 384
-0.999337, 309, 313, 340, 328
-0.999349, 339, 273, 354, 400
-0.999352, 109, 241, 140, 256
-0.999354, 279, 193, 294, 320
-0.999358, 249, 33, 280, 288
-0.999365, 329, 17, 360, 144
-0.999382, 183, 193, 198, 320
-0.99939, 161, 161, 288, 192
-0.999392, 217, 273, 232, 400
-0.999396, 51, 209, 66, 336
-0.99941, 75, 225, 90, 352
-0.999419, 217, 33, 248, 288
-0.999422, 323, 257, 338, 384
-0.999434, 97, 81, 224, 112
-0.999437, 317, 337, 332, 464
-0.999439, 33, 33, 64, 288
-0.999442, 193, 105, 320, 136
-0.999445, 209, 1, 336, 64
-0.999449, 49, 333, 176, 364
-0.999449, 53, 85, 84, 100
-0.999453, 225, 137, 352, 200
-0.999456, 195, 81, 210, 208
-0.999472, 319, 33, 334, 160
-0.999472, 17, 273, 32, 400
-0.999476, 41, 65, 56, 192
-0.999481, 81, 257, 112, 500
-0.999486, 1, 337, 128, 368
-0.999505, 117, 129, 148, 384
-0.999505, 11, 145, 26, 272
-0.999507, 45, 177, 60, 304
-0.99952, 49, 129, 176, 160
-0.999521, 317, 337, 348, 352
-0.999524, 175, 337, 190, 464
-0.999528, 311, 177, 326, 304
-0.999529, 21, 33, 52, 288
-0.99953, 335, 321, 350, 448
-0.999531, 1, 273, 128, 304
-0.999532, 45, 247, 76, 262
-0.999534, 53, 65, 68, 192
-0.99954, 85, 245, 116, 260
-0.999545, 181, 269, 212, 284
-0.999563, 323, 353, 338, 480
-0.999573, 37, 289, 52, 416
-0.999573, 207, 209, 222, 336
-0.999577, 47, 49, 62, 176
-0.999578, 177, 129, 304, 160
-0.999583, 195, 209, 210, 336
-0.999586, 223, 273, 238, 400
-0.999591, 73, 65, 104, 320
-0.999594, 93, 241, 108, 368
-0.999601, 161, 289, 176, 416
-0.999603, 145, 205, 272, 236
-0.999612, 213, 161, 244, 288
-0.999615, 227, 225, 242, 352
-0.999617, 237, 1, 268, 256
-0.999629, 317, 241, 332, 368
-0.999633, 259, 273, 274, 400
-0.999635, 179, 129, 194, 256
-0.999639, 93, 161, 108, 288
-0.999639, 65, 377, 320, 440
-0.99964, 155, 225, 170, 352
-0.999643, 85, 33, 116, 288
-0.999645, 193, 105, 320, 168
-0.999646, 63, 209, 78, 336
-0.999649, 283, 33, 298, 160
-0.999649, 15, 305, 30, 320
-0.999649, 105, 305, 120, 320
-0.999649, 179, 251, 194, 266
-0.99965, 311, 225, 326, 352
-0.99965, 341, 129, 372, 384
-0.99965, 13, 297, 28, 312
-0.99965, 43, 263, 58, 278
-0.999651, 303, 241, 318, 256
-0.999651, 265, 209, 280, 224
-0.999651, 175, 231, 190, 246
-0.999652, 309, 211, 324, 226
-0.999652, 141, 237, 156, 252
-0.999653, 299, 219, 314, 234
-0.999654, 195, 345, 210, 360
-0.999654, 351, 243, 366, 258
-0.999655, 249, 221, 264, 236
-0.999655, 327, 367, 342, 382
-0.999656, 95, 177, 110, 192
-0.999656, 235, 273, 250, 288
-0.999657, 55, 259, 70, 274
-0.999657, 309, 321, 324, 448
-0.999657, 225, 307, 240, 322
-0.999658, 199, 301, 214, 316
-0.999658, 195, 295, 210, 310
-0.999658, 103, 113, 118, 128
-0.999659, 309, 369, 324, 384
-0.999659, 19, 247, 34, 262
-0.99966, 45, 155, 60, 170
-0.999662, 257, 209, 272, 224
-0.999662, 1, 177, 375, 240
-0.999662, 329, 97, 360, 352
-0.999663, 163, 315, 178, 330
-0.999663, 105, 243, 120, 258
-0.999664, 147, 255, 162, 270
-0.999664, 25, 181, 40, 196
-0.999665, 309, 315, 324, 330
-0.999666, 323, 335, 338, 350
-0.999666, 329, 317, 344, 332
-0.999666, 45, 239, 60, 254
-0.999667, 129, 337, 160, 464
-0.999667, 115, 241, 130, 256
-0.999668, 61, 247, 76, 262
-0.999668, 99, 305, 114, 320
-0.999669, 341, 207, 356, 222
-0.999669, 213, 281, 228, 296
-0.999669, 273, 217, 288, 232
-0.99967, 31, 261, 46, 276
-0.99967, 345, 243, 360, 258
-0.99967, 33, 69, 160, 100
-0.99967, 237, 223, 252, 238
-0.99967, 267, 219, 282, 234
-0.999671, 111, 311, 126, 326
-0.999671, 237, 253, 252, 268
-0.999671, 339, 353, 354, 368
-0.999672, 333, 355, 348, 370
-0.999673, 221, 253, 236, 268
-0.999673, 225, 289, 240, 304
-0.999673, 301, 313, 316, 328
-0.999673, 39, 121, 54, 136
-0.999674, 309, 331, 324, 346
-0.999674, 33, 299, 48, 314
-0.999675, 305, 337, 320, 352
-0.999675, 211, 255, 226, 270
-0.999678, 119, 313, 134, 328
-0.999678, 303, 291, 318, 306
-0.999679, 1, 299, 16, 314
-0.999679, 161, 241, 176, 368
-0.99968, 199, 255, 214, 270
-0.999682, 259, 251, 274, 266
-0.999683, 207, 233, 222, 248
-0.999683, 23, 293, 38, 308
-0.999683, 1, 293, 16, 308
-0.999683, 57, 241, 72, 256
-0.999684, 309, 289, 324, 304
-0.999684, 171, 263, 186, 278
-0.999685, 125, 239, 140, 254
-0.999685, 213, 227, 228, 242
-0.999687, 25, 301, 40, 316
-0.999687, 147, 237, 162, 252
-0.999688, 131, 247, 146, 262
-0.999689, 109, 249, 124, 264
-0.999692, 195, 261, 210, 276
-0.999693, 227, 253, 242, 268
-0.999694, 39, 255, 54, 270
-0.999695, 21, 253, 36, 268
-0.999695, 121, 305, 136, 320
-0.999697, 95, 183, 110, 198
-0.999697, 37, 261, 52, 276
-0.999697, 87, 309, 102, 324
-0.999698, 131, 259, 146, 274
-0.999698, 9, 251, 24, 266
-0.999698, 1, 263, 16, 278
-0.999698, 201, 209, 216, 336
-0.999699, 139, 257, 154, 272
-0.999701, 131, 239, 146, 254
-0.999701, 39, 155, 54, 170
-0.999703, 191, 229, 206, 244
-0.999703, 21, 307, 36, 322
-0.999704, 237, 279, 252, 294
-0.999704, 45, 245, 60, 260
-0.999705, 57, 241, 72, 368
-0.999706, 7, 193, 22, 320
-0.999707, 245, 275, 260, 290
-0.999708, 299, 81, 314, 208
-0.999708, 207, 273, 222, 288
-0.999709, 47, 253, 62, 268
-0.999709, 19, 261, 34, 276
-0.99971, 285, 193, 300, 320
-0.999711, 1, 253, 32, 268
-0.999711, 293, 225, 308, 352
-0.999711, 119, 257, 134, 384
-0.999712, 37, 249, 52, 264
-0.999713, 197, 229, 212, 244
-0.999713, 197, 267, 212, 282
-0.999714, 51, 239, 66, 254
-0.999715, 27, 253, 42, 268
-0.999715, 295, 145, 310, 272
-0.999715, 337, 225, 352, 352
-0.999716, 33, 307, 48, 322
-0.999716, 17, 253, 48, 268
-0.999716, 303, 213, 318, 228
-0.999717, 5, 145, 20, 272
-0.999718, 253, 153, 268, 168
-0.999719, 129, 301, 144, 316
-0.999719, 111, 305, 126, 320
-0.999721, 91, 303, 106, 318
-0.999721, 109, 113, 124, 128
-0.999722, 99, 243, 114, 258
-0.999725, 33, 293, 48, 308
-0.999726, 189, 265, 204, 280
-0.999728, 181, 231, 196, 246
-0.999728, 1, 249, 16, 264
-0.999729, 333, 341, 348, 356
-0.999729, 341, 1, 372, 256
-0.999732, 161, 149, 288, 180
-0.999737, 181, 259, 196, 274
-0.999737, 201, 273, 216, 288
-0.999737, 301, 319, 316, 334
-0.999738, 131, 253, 146, 268
-0.999738, 47, 85, 62, 100
-0.999738, 165, 81, 180, 208
-0.99974, 329, 335, 344, 350
-0.999742, 15, 253, 30, 268
-0.999743, 219, 299, 234, 314
-0.999743, 87, 257, 102, 384
-0.999747, 133, 33, 164, 288
-0.999747, 207, 227, 222, 242
-0.999749, 279, 241, 294, 368
-0.999749, 55, 247, 70, 262
-0.99975, 209, 153, 336, 184
-0.999754, 1, 345, 375, 408
-0.999755, 207, 279, 222, 294
-0.99976, 53, 85, 68, 100
-0.999761, 109, 289, 124, 416
-0.999762, 193, 279, 224, 294
-0.999767, 41, 87, 56, 102
-0.999768, 169, 209, 184, 336
-0.99977, 241, 93, 368, 124
-0.999774, 105, 33, 136, 288
-0.999774, 11, 289, 26, 416
-0.999776, 33, 255, 48, 270
-0.999777, 25, 259, 40, 274
-0.999782, 189, 257, 204, 272
-0.999795, 215, 287, 230, 302
-0.999795, 103, 193, 118, 320
-0.9998, 303, 305, 318, 432
-0.999802, 125, 241, 140, 368
-0.999807, 87, 209, 102, 336
-0.999811, 1, 113, 375, 176
-0.999812, 193, 29, 320, 60
-0.999813, 211, 273, 226, 400
-0.999813, 49, 257, 64, 384
-0.999817, 33, 253, 64, 268
-0.999821, 329, 225, 344, 352
-0.999824, 293, 273, 308, 400
-0.999831, 1, 109, 128, 140
-0.999838, 89, 1, 152, 128
-0.999839, 313, 81, 344, 208
-0.999842, 81, 209, 96, 336
-0.999843, 305, 81, 320, 208
-0.999848, 19, 113, 34, 240
-0.999849, 185, 129, 200, 256
-0.99985, 289, 81, 304, 208
-0.999851, 43, 273, 58, 400
-0.999851, 149, 305, 164, 432
-0.999853, 345, 289, 360, 416
-0.999861, 35, 113, 50, 240
-0.999861, 41, 85, 72, 100
-0.999867, 263, 145, 278, 272
-0.999878, 61, 273, 92, 400
-0.999885, 195, 321, 210, 448
-0.999902, 1, 369, 128, 496
-0.999913, 87, 161, 102, 288
-0.999931, 61, 33, 92, 288
-0.999961, 1, 93, 128, 124
-0.999971, 81, 189, 208, 220
-1, 129, 185, 375, 248
-1.00001, 121, 1, 152, 256
-1.00002, 297, 353, 328, 480
-1.00002, 209, 169, 336, 200
-1.00004, 241, 189, 368, 220
-1.00004, 241, 21, 368, 52
-1.0001, 161, 389, 288, 420
-1.00014, 33, 361, 160, 392
-1.00018, 45, 1, 76, 256
-1.00019, 193, 33, 224, 160
-1.00019, 345, 225, 375, 352
-1.00026, 161, 1, 224, 128
-1.00028, 193, 193, 320, 224
-1.00028, 113, 145, 240, 176
-1.00029, 49, 169, 176, 200
-1.00036, 1, 97, 32, 224
-1.00038, 49, 377, 176, 408
-1.0004, 65, 153, 192, 184
-1.00041, 129, 401, 256, 432
-1.00041, 145, 81, 272, 112
-1.00043, 161, 393, 288, 456
-1.00045, 197, 321, 228, 448
-1.00045, 225, 113, 256, 240
-1.00047, 1, 369, 375, 432
-1.00052, 49, 209, 176, 240
-1.00052, 1, 349, 128, 380
-1.00052, 33, 33, 288, 96
-1.00054, 41, 289, 72, 416
-1.00059, 241, 405, 368, 436
-1.00059, 177, 413, 304, 444
-1.0006, 113, 389, 240, 420
-1.00062, 97, 69, 224, 100
-1.00064, 97, 153, 224, 216
-1.00065, 241, 141, 368, 172
-1.00068, 41, 17, 72, 144
-1.00068, 153, 129, 184, 256
-1.00069, 345, 321, 375, 448
-1.0007, 145, 61, 272, 92
-1.00071, 97, 1, 352, 64
-1.00074, 241, 105, 368, 136
-1.00077, 1, 385, 128, 416
-1.00077, 241, 9, 368, 40
-1.00078, 1, 81, 375, 144
-1.0008, 225, 425, 352, 456
-1.0008, 113, 157, 240, 188
-1.00084, 161, 173, 288, 204
-1.00086, 33, 53, 160, 84
-1.00091, 105, 97, 136, 224
-1.00093, 221, 305, 252, 432
-1.00097, 49, 369, 112, 496
-1.00102, 1, 377, 128, 440
-1.00106, 209, 1, 272, 128
-1.00108, 149, 177, 180, 304
-1.00113, 157, 17, 188, 144
-1.00119, 1, 201, 375, 264
-1.00119, 97, 401, 352, 464
-1.00121, 25, 33, 88, 160
-1.00128, 61, 33, 92, 160
-1.00142, 1, 17, 375, 80
-1.0016, 53, 129, 84, 256
-1.00177, 329, 65, 360, 192
-1.00178, 229, 65, 260, 192
-1.00183, 257, 33, 288, 160
-1.00189, 241, 97, 368, 160
-1.00198, 225, 417, 352, 480
-1.00203, 17, 353, 144, 416
-1.00204, 1, 401, 256, 464
-1.00212, 113, 49, 240, 112
-1.00214, 161, 9, 288, 72
-1.00232, 1, 425, 256, 488
-1.00235, 17, 57, 144, 120
-1.00243, 113, 393, 240, 456
-1.00252, 129, 425, 375, 488
-1.00275, 1, 9, 256, 72
-1.00305, 49, 401, 176, 464
-1.00307, 1, 401, 375, 464
-1.0033, 177, 417, 304, 480
-1.00345, 65, 425, 192, 488
-1.00371, 1, 401, 128, 464
-1.00379, 49, 377, 176, 440
-1.00448, 129, 177, 256, 240
-1.00461, 113, 433, 240, 496
-1.0049, 1, 425, 375, 488
-1.005, 113, 25, 240, 88
-1.00517, 1, 425, 128, 488
-1.00527, 97, 1, 224, 64
-1.00534, 49, 33, 176, 96
-1.00542, 1, 33, 128, 96
-1.0056, 49, 9, 176, 72
-1.00619, 1, 1, 128, 128
-1.0068, 1, 1, 128, 64
