1972
-0.0435935, 1, 1, 500, 375
-0.270223, 1, 1, 500, 256
-0.297161, 33, 1, 288, 375
-0.347813, 161, 1, 416, 375
-0.417325, 1, 129, 500, 375
-0.464188, 257, 1, 500, 375
-0.50518, 129, 1, 384, 256
-0.545047, 33, 97, 288, 352
-0.560336, 129, 129, 384, 375
-0.609645, 225, 33, 480, 288
-0.615216, 257, 129, 500, 375
-0.67285, 33, 1, 288, 256
-0.819107, 145, 1, 272, 375
-0.822485, 97, 129, 224, 375
-0.829552, 225, 1, 352, 375
-0.83086, 65, 1, 192, 375
-0.832305, 161, 1, 288, 256
-0.8395, 33, 97, 160, 352
-0.84643, 145, 129, 272, 375
-0.846653, 305, 1, 432, 375
-0.847698, 17, 1, 144, 375
-0.858419, 353, 129, 480, 375
-0.862223, 209, 129, 336, 375
-0.863592, 1, 33, 500, 160
-0.868117, 241, 33, 368, 288
-0.86944, 321, 33, 448, 288
-0.873482, 113, 33, 240, 288
-0.880052, 353, 1, 480, 375
-0.887802, 65, 1, 192, 256
-0.889957, 273, 129, 400, 375
-0.896791, 369, 33, 496, 288
-0.902334, 1, 209, 500, 336
-0.902971, 1, 113, 500, 240
-0.907797, 65, 225, 320, 352
-0.911273, 65, 129, 320, 256
-0.914436, 17, 1, 144, 256
-0.917085, 161, 17, 416, 144
-0.917483, 113, 177, 240, 304
-0.919415, 161, 193, 416, 320
-0.920943, 33, 49, 288, 176
-0.922285, 1, 161, 500, 288
-0.924064, 97, 129, 224, 256
-0.924186, 161, 145, 416, 272
-0.924305, 33, 177, 288, 304
-0.926425, 49, 129, 176, 256
-0.928998, 177, 209, 304, 336
-0.930652, 257, 145, 500, 272
-0.931225, 257, 193, 500, 320
-0.931926, 257, 49, 500, 176
-0.932681, 161, 145, 288, 272
-0.934419, 113, 225, 240, 352
-0.935132, 97, 129, 160, 256
-0.937194, 225, 209, 288, 336
-0.937526, 193, 1, 320, 128
-0.939211, 177, 225, 240, 352
-0.93922, 201, 209, 264, 336
-0.939583, 321, 193, 448, 320
-0.940647, 225, 97, 480, 224
-0.941012, 353, 145, 480, 272
-0.941047, 225, 241, 480, 368
-0.941876, 241, 129, 368, 256
-0.942115, 65, 177, 192, 304
-0.942444, 121, 177, 184, 304
-0.942611, 265, 129, 328, 256
-0.943019, 65, 113, 128, 240
-0.943249, 97, 209, 160, 336
-0.943459, 225, 145, 288, 272
-0.944539, 65, 225, 192, 352
-0.944788, 161, 129, 224, 256
-0.945111, 65, 1, 320, 128
-0.946193, 417, 161, 480, 288
-0.946321, 1, 129, 128, 256
-0.946492, 361, 225, 424, 352
-0.947039, 209, 1, 272, 128
-0.949066, 233, 1, 296, 128
-0.951215, 121, 225, 184, 352
-0.951306, 265, 177, 328, 304
-0.951589, 241, 177, 368, 304
-0.951854, 305, 49, 432, 176
-0.952109, 225, 145, 288, 208
-0.952264, 49, 81, 176, 208
-0.952388, 305, 241, 432, 368
-0.952444, 401, 241, 464, 368
-0.952751, 161, 145, 224, 208
-0.953465, 321, 97, 448, 224
-0.953983, 209, 25, 272, 88
-0.954002, 33, 129, 96, 256
-0.954327, 305, 193, 368, 320
-0.954561, 17, 177, 144, 304
-0.955154, 97, 145, 160, 208
-0.955727, 65, 65, 128, 192
-0.955775, 169, 257, 232, 320
-0.956038, 1, 81, 128, 208
-0.956336, 241, 241, 368, 368
-0.956864, 257, 1, 500, 128
-0.957235, 241, 17, 368, 144
-0.957358, 65, 33, 192, 160
-0.957396, 65, 161, 128, 288
-0.958486, 361, 177, 424, 304
-0.958767, 153, 241, 216, 368
-0.958791, 305, 145, 368, 272
-0.958803, 361, 281, 424, 344
-0.958834, 145, 97, 272, 224
-0.958868, 305, 145, 432, 272
-0.958883, 273, 33, 336, 160
-0.958895, 121, 129, 184, 256
-0.959117, 201, 225, 264, 288
-0.959458, 297, 49, 360, 176
-0.959588, 369, 225, 496, 352
-0.959844, 185, 17, 248, 144
-0.96001, 265, 185, 328, 248
-0.960096, 1, 145, 64, 272
-0.960322, 65, 137, 128, 200
-0.960526, 385, 81, 448, 208
-0.960923, 265, 145, 328, 208
-0.96116, 129, 49, 192, 176
-0.961348, 361, 241, 424, 304
-0.961464, 385, 265, 448, 328
-0.961481, 201, 145, 264, 272
-0.961616, 33, 65, 96, 192
-0.961633, 417, 169, 480, 232
-0.961878, 129, 81, 384, 208
-0.96208, 129, 249, 192, 312
-0.962198, 417, 97, 480, 224
-0.962369, 113, 49, 240, 176
-0.962506, 153, 177, 216, 304
-0.96257, 257, 33, 320, 96
-0.962604, 113, 241, 240, 304
-0.962606, 385, 145, 448, 272
-0.963212, 233, 17, 296, 80
-0.963414, 337, 225, 400, 352
-0.963578, 145, 1, 272, 128
-0.964253, 209, 289, 272, 352
-0.964371, 225, 225, 288, 288
-0.964697, 113, 193, 240, 256
-0.964806, 97, 217, 160, 280
-0.964956, 297, 161, 360, 224
-0.965137, 109, 129, 140, 256
-0.965159, 97, 185, 160, 248
-0.965779, 113, 265, 240, 328
-0.965801, 193, 265, 256, 328
-0.96617, 225, 185, 288, 248
-0.966207, 361, 305, 424, 368
-0.96668, 41, 153, 104, 216
-0.966763, 225, 97, 288, 224
-0.966933, 369, 97, 496, 224
-0.967043, 161, 145, 288, 208
-0.967226, 425, 241, 488, 368
-0.967299, 17, 241, 144, 368
-0.967378, 193, 193, 256, 256
-0.967404, 121, 225, 184, 288
-0.967414, 337, 273, 400, 336
-0.967499, 193, 25, 320, 88
-0.967627, 97, 145, 224, 208
-0.968027, 177, 177, 240, 304
-0.968139, 417, 241, 480, 304
-0.968354, 9, 97, 72, 224
-0.96836, 161, 49, 224, 176
-0.968414, 305, 193, 368, 256
-0.968571, 65, 209, 128, 336
-0.968593, 109, 209, 140, 336
-0.968747, 185, 129, 248, 192
-0.968815, 121, 185, 184, 248
-0.968884, 289, 1, 416, 128
-0.96899, 65, 65, 128, 320
-0.969108, 33, 145, 160, 208
-0.969119, 393, 241, 456, 304
-0.969217, 129, 129, 192, 375
-0.969232, 225, 129, 288, 375
-0.969426, 429, 161, 460, 288
-0.969507, 265, 81, 328, 208
-0.969508, 225, 1, 288, 256
-0.969525, 65, 177, 128, 240
-0.969526, 33, 225, 96, 352
-0.969579, 249, 225, 312, 352
-0.969739, 417, 201, 480, 264
-0.96984, 89, 33, 152, 160
-0.96984, 353, 49, 416, 176
-0.970032, 177, 49, 304, 176
-0.970034, 129, 137, 192, 200
-0.970055, 161, 209, 224, 272
-0.9701, 233, 209, 264, 336
-0.970109, 241, 273, 304, 336
-0.970158, 313, 241, 376, 368
-0.970206, 169, 281, 232, 344
-0.970252, 193, 225, 320, 288
-0.970474, 281, 33, 344, 96
-0.971119, 185, 129, 248, 375
-0.971165, 353, 49, 480, 176
-0.971356, 153, 129, 216, 375
-0.971372, 361, 209, 424, 272
-0.971477, 185, 97, 248, 224
-0.971659, 81, 49, 144, 112
-0.971688, 321, 49, 384, 176
-0.971697, 121, 129, 152, 256
-0.97176, 17, 129, 80, 375
-0.971812, 97, 129, 160, 375
-0.971829, 393, 193, 456, 320
-0.971851, 449, 161, 480, 288
-0.972026, 265, 129, 328, 375
-0.972057, 65, 113, 128, 176
-0.972084, 249, 209, 312, 272
-0.972154, 177, 233, 240, 296
-0.972166, 321, 169, 384, 232
-0.97229, 377, 65, 440, 128
-0.972301, 425, 49, 488, 176
-0.972315, 241, 1, 272, 128
-0.972637, 321, 145, 384, 208
-0.972669, 9, 161, 72, 224
-0.972685, 185, 33, 248, 288
-0.97271, 377, 129, 440, 192
-0.972844, 161, 257, 288, 320
-0.973038, 65, 201, 128, 264
-0.973057, 265, 121, 328, 184
-0.973121, 401, 129, 464, 375
-0.973124, 121, 193, 152, 320
-0.973125, 297, 57, 360, 120
-0.973206, 129, 169, 256, 232
-0.973303, 265, 33, 328, 288
-0.973347, 9, 257, 72, 320
-0.973412, 65, 73, 128, 136
-0.973442, 305, 1, 368, 128
-0.9737, 217, 265, 280, 328
-0.973715, 209, 225, 240, 352
-0.973755, 321, 57, 384, 120
-0.973941, 337, 249, 400, 312
-0.973996, 377, 33, 440, 288
-0.97404, 321, 193, 448, 256
-0.974048, 97, 257, 160, 320
-0.974264, 257, 65, 384, 192
-0.974266, 337, 241, 464, 304
-0.974383, 209, 145, 336, 208
-0.974499, 65, 49, 192, 112
-0.974504, 153, 169, 216, 232
-0.974523, 321, 65, 448, 128
-0.974588, 185, 41, 248, 104
-0.974605, 49, 193, 176, 256
-0.974657, 425, 129, 488, 375
-0.974881, 97, 217, 224, 280
-0.974895, 217, 313, 280, 375
-0.974975, 425, 273, 488, 336
-0.97502, 377, 185, 440, 248
-0.975096, 241, 265, 368, 328
-0.975187, 33, 73, 96, 136
-0.975189, 81, 169, 208, 232
-0.975296, 161, 1, 224, 128
-0.975438, 249, 209, 280, 336
-0.975561, 313, 33, 376, 288
-0.975577, 129, 33, 192, 288
-0.975628, 229, 129, 260, 256
-0.975699, 193, 225, 224, 352
-0.975723, 469, 161, 500, 288
-0.975783, 153, 233, 216, 296
-0.975815, 209, 1, 272, 64
-0.975857, 241, 209, 368, 272
-0.975915, 253, 145, 284, 272
-0.975934, 9, 241, 72, 368
-0.976149, 337, 169, 464, 232
-0.976163, 265, 257, 328, 320
-0.976274, 313, 265, 376, 328
-0.976334, 41, 97, 104, 352
-0.976356, 201, 177, 232, 304
-0.976454, 53, 145, 84, 272
-0.976457, 385, 281, 416, 344
-0.976498, 145, 217, 272, 280
-0.976498, 289, 257, 416, 320
-0.976518, 33, 121, 96, 184
-0.976557, 385, 297, 448, 360
-0.976624, 261, 209, 292, 336
-0.976685, 361, 129, 424, 256
-0.976739, 381, 241, 412, 368
-0.976764, 225, 121, 288, 184
-0.976782, 353, 265, 480, 328
-0.976882, 329, 129, 392, 256
-0.976885, 193, 161, 256, 224
-0.976897, 33, 217, 160, 280
-0.97697, 97, 81, 160, 208
-0.977021, 33, 177, 96, 304
-0.977041, 129, 113, 192, 176
-0.977069, 409, 241, 440, 368
-0.977175, 385, 161, 448, 224
-0.977265, 377, 33, 440, 160
-0.977283, 181, 145, 212, 208
-0.977288, 393, 241, 424, 368
-0.977326, 221, 17, 252, 144
-0.97733, 305, 161, 336, 288
-0.977404, 185, 257, 216, 320
-0.977461, 221, 193, 252, 320
-0.977522, 241, 169, 368, 232
-0.977559, 393, 89, 456, 152
-0.977599, 305, 97, 368, 224
-0.977664, 49, 121, 176, 184
-0.977679, 185, 17, 248, 80
-0.977731, 237, 17, 268, 80
-0.977735, 305, 217, 368, 280
-0.977762, 305, 129, 368, 375
-0.977878, 17, 169, 144, 232
-0.977923, 369, 209, 400, 336
-0.977942, 213, 25, 244, 88
-0.978015, 117, 217, 148, 280
-0.97802, 177, 281, 304, 344
-0.978117, 169, 129, 200, 256
-0.978126, 65, 257, 192, 320
-0.978149, 425, 33, 488, 288
-0.978156, 393, 257, 424, 320
-0.978156, 241, 33, 368, 96
-0.978193, 241, 49, 304, 176
-0.978194, 373, 281, 404, 344
-0.978201, 161, 193, 288, 256
-0.978332, 133, 209, 164, 336
-0.978356, 161, 57, 224, 120
-0.978395, 97, 33, 160, 288
-0.978453, 141, 161, 172, 288
-0.978464, 161, 33, 224, 288
-0.97851, 429, 169, 460, 232
-0.97852, 257, 25, 288, 88
-0.97855, 321, 137, 448, 200
-0.978583, 417, 97, 480, 160
-0.97878, 109, 145, 140, 208
-0.97879, 137, 49, 200, 112
-0.978802, 253, 145, 284, 208
-0.978887, 353, 217, 480, 280
-0.978895, 213, 289, 244, 352
-0.978918, 53, 153, 84, 216
-0.978935, 193, 313, 256, 375
-0.978957, 433, 65, 496, 128
-0.979036, 289, 233, 416, 296
-0.97908, 345, 65, 408, 128
-0.97918, 225, 25, 256, 88
-0.979184, 89, 113, 152, 176
-0.979222, 161, 121, 224, 184
-0.97926, 193, 97, 320, 224
-0.979309, 1, 121, 128, 184
-0.979327, 65, 281, 128, 344
-0.979428, 281, 225, 344, 352
-0.979442, 33, 249, 96, 312
-0.979513, 465, 169, 496, 232
-0.979646, 337, 33, 400, 288
-0.979647, 365, 249, 396, 312
-0.979674, 165, 145, 196, 208
-0.979738, 17, 33, 144, 160
-0.979743, 257, 1, 288, 128
-0.979811, 65, 17, 128, 144
-0.979838, 409, 257, 440, 320
-0.979878, 181, 225, 212, 352
-0.979927, 161, 209, 192, 336
-0.979935, 233, 41, 296, 104
-0.980087, 305, 241, 368, 304
-0.980088, 381, 305, 412, 368
-0.980093, 269, 1, 300, 128
-0.980094, 269, 25, 300, 88
-0.980111, 25, 281, 88, 344
-0.980138, 401, 33, 464, 288
-0.980161, 273, 1, 336, 375
-0.980193, 41, 177, 104, 240
-0.980194, 121, 145, 152, 208
-0.98021, 273, 57, 336, 120
-0.98022, 105, 217, 136, 280
-0.980277, 313, 153, 344, 216
-0.980439, 313, 1, 376, 375
-0.980463, 273, 233, 336, 296
-0.980521, 1, 73, 128, 136
-0.980528, 429, 81, 460, 208
-0.980546, 289, 1, 352, 256
-0.980555, 73, 1, 136, 375
-0.980645, 197, 249, 228, 312
-0.980718, 233, 217, 264, 280
-0.980726, 169, 1, 232, 375
-0.980756, 33, 97, 96, 160
-0.980833, 121, 161, 184, 224
-0.980848, 337, 177, 400, 304
-0.980887, 177, 169, 304, 232
-0.980914, 221, 201, 252, 264
-0.980927, 225, 1, 288, 375
-0.980956, 201, 1, 264, 375
-0.980963, 425, 241, 456, 304
-0.981064, 321, 129, 352, 256
-0.981072, 345, 177, 408, 240
-0.981077, 57, 249, 120, 312
-0.981135, 221, 241, 252, 368
-0.981183, 129, 1, 192, 375
-0.981212, 273, 209, 336, 272
-0.981294, 113, 49, 176, 112
-0.981298, 9, 193, 72, 320
-0.981398, 417, 137, 480, 200
-0.981434, 89, 177, 120, 304
-0.981493, 181, 113, 212, 240
-0.981508, 177, 49, 304, 112
-0.981606, 209, 225, 240, 288
-0.981635, 385, 217, 448, 280
-0.981698, 245, 225, 276, 288
-0.981737, 249, 1, 280, 64
-0.981761, 129, 273, 192, 336
-0.981773, 89, 185, 120, 248
-0.981775, 361, 129, 424, 375
-0.98181, 281, 33, 312, 96
-0.981848, 417, 177, 448, 304
-0.98185, 209, 265, 240, 328
-0.981854, 229, 145, 260, 208
-0.981912, 109, 257, 140, 320
-0.981939, 73, 97, 104, 224
-0.981952, 381, 257, 412, 320
-0.981953, 17, 145, 48, 272
-0.981981, 141, 209, 172, 272
-0.981986, 305, 281, 432, 344
-0.981998, 153, 241, 184, 304
-0.982071, 49, 73, 176, 136
-0.982211, 257, 129, 384, 192
-0.982214, 197, 273, 228, 336
-0.982315, 41, 129, 72, 256
-0.982315, 361, 273, 392, 336
-0.982447, 65, 145, 96, 272
-0.982476, 201, 185, 232, 248
-0.982479, 301, 153, 332, 216
-0.982556, 141, 241, 172, 304
-0.982599, 289, 17, 320, 144
-0.982713, 441, 169, 472, 232
-0.982738, 453, 169, 484, 232
-0.982775, 73, 65, 104, 128
-0.982859, 257, 57, 384, 120
-0.982895, 9, 137, 72, 200
-0.982896, 409, 81, 440, 208
-0.982927, 345, 129, 408, 192
-0.982937, 113, 121, 240, 184
-0.983057, 289, 265, 352, 328
-0.98308, 5, 145, 36, 272
-0.983122, 441, 257, 472, 320
-0.983139, 305, 121, 368, 184
-0.983153, 161, 121, 288, 184
-0.983222, 145, 177, 176, 240
-0.98323, 113, 49, 240, 112
-0.983233, 5, 153, 36, 216
-0.983268, 273, 161, 304, 288
-0.98331, 417, 169, 448, 232
-0.983316, 173, 257, 204, 320
-0.983322, 397, 281, 428, 344
-0.983347, 145, 25, 272, 88
-0.983348, 245, 289, 276, 352
-0.983441, 305, 185, 336, 248
-0.983478, 85, 49, 116, 112
-0.98353, 169, 305, 232, 368
-0.983557, 261, 217, 292, 280
-0.983557, 289, 9, 352, 72
-0.983563, 105, 185, 136, 248
-0.983621, 17, 265, 48, 328
-0.983621, 57, 81, 88, 208
-0.983627, 349, 265, 380, 328
-0.983643, 441, 209, 472, 336
-0.983651, 145, 129, 176, 192
-0.983795, 429, 217, 460, 280
-0.983802, 241, 129, 272, 256
-0.983807, 357, 241, 388, 368
-0.983839, 1, 113, 64, 176
-0.983839, 241, 241, 368, 304
-0.983864, 429, 89, 460, 152
-0.983894, 469, 257, 500, 320
-0.983908, 409, 81, 440, 144
-0.983922, 329, 1, 392, 128
-0.983928, 401, 233, 432, 296
-0.983929, 57, 49, 120, 112
-0.983981, 65, 153, 96, 216
-0.984003, 17, 33, 80, 288
-0.984057, 389, 233, 420, 296
-0.984057, 241, 249, 304, 312
-0.984095, 73, 129, 104, 192
-0.984117, 41, 153, 72, 216
-0.984133, 373, 161, 404, 288
-0.984154, 309, 57, 340, 120
-0.984181, 229, 313, 260, 375
-0.984185, 457, 265, 488, 328
-0.984213, 369, 137, 496, 200
-0.984231, 393, 305, 424, 368
-0.984252, 321, 177, 352, 304
-0.98427, 25, 153, 56, 216
-0.984294, 401, 65, 464, 128
-0.984305, 313, 49, 344, 176
-0.984307, 201, 49, 232, 112
-0.98432, 253, 265, 284, 328
-0.984352, 121, 241, 152, 304
-0.984402, 257, 9, 320, 72
-0.984417, 305, 209, 336, 272
-0.984488, 233, 193, 264, 256
-0.984554, 49, 97, 176, 160
-0.984595, 337, 89, 464, 152
-0.984609, 241, 145, 272, 208
-0.984635, 321, 177, 352, 240
-0.984681, 449, 209, 480, 272
-0.984682, 361, 153, 424, 216
-0.984699, 225, 153, 288, 184
-0.984732, 249, 1, 312, 375
-0.98475, 429, 209, 460, 336
-0.984774, 61, 73, 92, 136
-0.984775, 425, 273, 456, 336
-0.984801, 89, 281, 152, 344
-0.984858, 321, 57, 352, 120
-0.984863, 185, 49, 216, 176
-0.984912, 153, 89, 216, 152
-0.984956, 217, 29, 280, 60
-0.984959, 145, 153, 176, 216
-0.984969, 329, 201, 392, 264
-0.984977, 197, 305, 228, 368
-0.984987, 309, 209, 340, 336
-0.984994, 413, 233, 444, 296
-0.985008, 89, 161, 120, 224
-0.985012, 105, 1, 168, 375
-0.985056, 469, 233, 500, 296
-0.98506, 273, 193, 304, 256
-0.985078, 337, 1, 400, 375
-0.985118, 465, 241, 496, 368
-0.98512, 213, 145, 244, 272
-0.985152, 329, 129, 392, 375
-0.985159, 333, 57, 364, 120
-0.985212, 409, 209, 440, 272
-0.98528, 453, 241, 484, 304
-0.985281, 293, 177, 324, 240
-0.985308, 49, 1, 112, 375
-0.985309, 429, 193, 460, 256
-0.985353, 373, 225, 404, 288
-0.985362, 373, 129, 404, 192
-0.985377, 293, 33, 324, 96
-0.985377, 389, 193, 420, 320
-0.985391, 349, 65, 380, 128
-0.985436, 253, 121, 284, 184
-0.985436, 425, 1, 488, 375
-0.985437, 193, 105, 256, 168
-0.985466, 17, 241, 144, 304
-0.98547, 161, 25, 224, 88
-0.985491, 65, 225, 128, 288
-0.985541, 181, 121, 212, 184
-0.985542, 197, 225, 228, 288
-0.985545, 145, 49, 176, 176
-0.98556, 145, 209, 176, 336
-0.985572, 373, 185, 404, 248
-0.985589, 369, 193, 496, 256
-0.985621, 385, 1, 448, 375
-0.985661, 37, 257, 68, 320
-0.985703, 89, 129, 120, 256
-0.985714, 121, 265, 152, 328
-0.98574, 221, 225, 252, 288
-0.985751, 401, 17, 464, 144
-0.985784, 29, 145, 60, 272
-0.985808, 137, 265, 168, 328
-0.985808, 293, 177, 324, 304
-0.985837, 189, 57, 220, 120
-0.985839, 321, 129, 352, 192
-0.985841, 281, 81, 344, 144
-0.985845, 33, 17, 96, 144
-0.985892, 361, 317, 424, 348
-0.985933, 209, 161, 240, 224
-0.98595, 337, 225, 400, 288
-0.98596, 409, 129, 440, 192
-0.985962, 205, 17, 236, 144
-0.985971, 5, 265, 36, 328
-0.985976, 469, 193, 500, 256
-0.98602, 313, 33, 376, 96
-0.986033, 357, 161, 388, 288
-0.986085, 193, 145, 224, 208
-0.986091, 125, 121, 156, 184
-0.986092, 301, 49, 332, 176
-0.9861, 361, 65, 392, 128
-0.986102, 357, 177, 388, 240
-0.986137, 169, 49, 200, 112
-0.986147, 225, 1, 352, 64
-0.986147, 273, 161, 304, 224
-0.986151, 17, 185, 80, 248
-0.986161, 325, 153, 356, 216
-0.986164, 397, 65, 428, 128
-0.986192, 125, 193, 156, 256
-0.986223, 353, 241, 384, 304
-0.986286, 85, 137, 116, 200
-0.986292, 409, 313, 440, 375
-0.986325, 97, 149, 160, 180
-0.986343, 161, 1, 224, 64
-0.98637, 1, 281, 64, 344
-0.986427, 289, 161, 416, 224
-0.986444, 273, 1, 304, 64
-0.986448, 385, 269, 448, 300
-0.986469, 153, 149, 216, 180
-0.986472, 365, 305, 396, 368
-0.986475, 17, 281, 144, 344
-0.98649, 177, 313, 304, 375
-0.986542, 225, 1, 256, 64
-0.986584, 373, 113, 404, 240
-0.98665, 169, 261, 232, 292
-0.986738, 97, 225, 128, 352
-0.986869, 169, 277, 232, 308
-0.986927, 241, 33, 304, 64
-0.986941, 321, 113, 448, 176
-0.98697, 401, 257, 464, 288
-0.986976, 145, 113, 176, 240
-0.987133, 65, 153, 128, 184
-0.987155, 189, 177, 220, 304
-0.987174, 361, 241, 424, 272
-0.987211, 121, 241, 152, 368
-0.987232, 241, 313, 304, 375
-0.98727, 121, 81, 152, 208
-0.987274, 73, 193, 104, 320
-0.987377, 41, 217, 104, 280
-0.987399, 201, 225, 264, 256
-0.987417, 273, 153, 336, 184
-0.987448, 337, 1, 464, 128
-0.987464, 361, 273, 424, 304
-0.987514, 129, 257, 192, 288
-0.987555, 401, 193, 432, 320
-0.987608, 353, 49, 384, 176
-0.987638, 453, 225, 484, 352
-0.987726, 1, 49, 500, 112
-0.987747, 361, 1, 424, 375
-0.987875, 305, 89, 368, 152
-0.987885, 41, 1, 104, 256
-0.98789, 225, 225, 288, 256
-0.987971, 281, 189, 344, 220
-0.988137, 65, 145, 320, 208
-0.98815, 325, 49, 356, 176
-0.988245, 361, 305, 424, 336
-0.988266, 21, 241, 52, 368
-0.988294, 393, 49, 424, 176
-0.988396, 17, 1, 80, 375
-0.988396, 217, 49, 280, 176
-0.988652, 353, 257, 416, 288
-0.98877, 321, 1, 352, 128
-0.988824, 193, 209, 256, 240
-0.988849, 157, 49, 188, 176
-0.988928, 265, 165, 328, 196
-0.988939, 257, 45, 320, 76
-0.988974, 205, 97, 236, 224
-0.989002, 293, 129, 324, 256
-0.989142, 61, 193, 92, 320
-0.98919, 97, 181, 160, 212
-0.989213, 77, 33, 108, 160
-0.98923, 129, 245, 192, 276
-0.989233, 417, 173, 480, 204
-0.989285, 201, 281, 264, 312
-0.9893, 65, 141, 128, 172
-0.989318, 161, 41, 416, 104
-0.989336, 321, 197, 384, 228
-0.989367, 373, 49, 404, 176
-0.989368, 121, 225, 184, 256
-0.989423, 81, 53, 144, 84
-0.989433, 113, 297, 240, 360
-0.989441, 97, 221, 160, 252
-0.98945, 409, 129, 440, 256
-0.98947, 249, 21, 312, 52
-0.989472, 9, 241, 40, 368
-0.989522, 201, 17, 264, 48
-0.989558, 417, 201, 480, 232
-0.989563, 169, 49, 200, 176
-0.989566, 361, 289, 424, 320
-0.989589, 273, 113, 304, 240
-0.989646, 201, 45, 264, 76
-0.989677, 121, 213, 184, 244
-0.989746, 121, 141, 184, 172
-0.989767, 1, 193, 128, 256
-0.989769, 361, 229, 424, 260
-0.989783, 225, 189, 288, 220
-0.989832, 185, 141, 248, 172
-0.989849, 225, 213, 288, 244
-0.989859, 97, 169, 160, 200
-0.989869, 253, 81, 284, 208
-0.989888, 161, 233, 224, 264
-0.989892, 425, 261, 488, 292
-0.989899, 65, 77, 128, 108
-0.989903, 393, 145, 424, 272
-0.989904, 1, 49, 64, 176
-0.989965, 353, 1, 416, 128
-0.989976, 345, 209, 376, 336
-0.989992, 45, 65, 76, 192
-0.990062, 201, 237, 264, 268
-0.990073, 297, 169, 360, 200
-0.990078, 161, 221, 224, 252
-0.990094, 321, 185, 384, 216
-0.9901, 433, 273, 496, 304
-0.990117, 265, 177, 328, 208
-0.990118, 97, 197, 160, 228
-0.990132, 29, 97, 60, 224
-0.990178, 193, 197, 256, 228
-0.990181, 209, 121, 336, 184
-0.990194, 25, 161, 88, 192
-0.990204, 161, 245, 224, 276
-0.990207, 41, 241, 72, 368
-0.990265, 161, 225, 416, 288
-0.990266, 17, 97, 48, 224
-0.990279, 97, 249, 352, 312
-0.990296, 313, 277, 376, 308
-0.990315, 121, 201, 184, 232
-0.990323, 265, 213, 328, 244
-0.990364, 65, 169, 128, 200
-0.990383, 113, 33, 144, 160
-0.990404, 97, 233, 160, 264
-0.990436, 265, 201, 328, 232
-0.990445, 361, 217, 424, 248
-0.99048, 361, 69, 424, 100
-0.990518, 113, 269, 176, 300
-0.990527, 193, 129, 224, 256
-0.990537, 145, 1, 272, 64
-0.990551, 65, 193, 128, 224
-0.990557, 41, 193, 72, 320
-0.990623, 193, 249, 256, 280
-0.990631, 225, 165, 288, 196
-0.990645, 417, 213, 480, 244
-0.990655, 209, 301, 272, 332
-0.990665, 225, 129, 480, 192
-0.990682, 217, 201, 280, 232
-0.990742, 377, 257, 440, 288
-0.990878, 297, 157, 360, 188
-0.990879, 65, 181, 128, 212
-0.990879, 313, 65, 376, 96
-0.990909, 89, 273, 152, 304
-0.99092, 1, 161, 64, 192
-0.990936, 33, 121, 288, 184
-0.990941, 77, 145, 108, 272
-0.99095, 369, 113, 496, 176
-0.990998, 109, 81, 140, 208
-0.991003, 377, 197, 440, 228
-0.991032, 65, 281, 192, 344
-0.991034, 1, 225, 256, 288
-0.991086, 209, 269, 272, 300
-0.991125, 265, 141, 328, 172
-0.991131, 385, 317, 448, 348
-0.991136, 273, 105, 400, 168
-0.991152, 361, 329, 424, 360
-0.991163, 17, 77, 80, 108
-0.991201, 33, 57, 288, 120
-0.991207, 217, 321, 280, 352
-0.991213, 185, 1, 216, 128
-0.991235, 337, 33, 368, 160
-0.991269, 257, 189, 320, 220
-0.991294, 133, 49, 164, 176
-0.991304, 85, 81, 116, 208
-0.991319, 97, 209, 160, 240
-0.991324, 157, 161, 188, 288
-0.991336, 305, 113, 336, 240
-0.991384, 65, 205, 128, 236
-0.991394, 385, 97, 448, 128
-0.99141, 97, 97, 224, 160
-0.991421, 377, 133, 440, 164
-0.991436, 241, 25, 272, 56
-0.991488, 385, 245, 448, 276
-0.991501, 161, 197, 224, 228
-0.991506, 225, 141, 288, 172
-0.99151, 29, 193, 60, 320
-0.991513, 97, 25, 224, 88
-0.991541, 409, 273, 472, 304
-0.991543, 321, 261, 384, 292
-0.991543, 417, 241, 480, 272
-0.991573, 161, 209, 224, 240
-0.991586, 273, 273, 336, 304
-0.99164, 225, 29, 256, 60
-0.99167, 73, 129, 136, 160
-0.991682, 249, 225, 312, 256
-0.991685, 217, 337, 280, 368
-0.991698, 65, 273, 320, 336
-0.991711, 301, 1, 332, 128
-0.991719, 41, 197, 104, 228
-0.991721, 121, 1, 184, 128
-0.991743, 153, 297, 216, 328
-0.991753, 97, 245, 160, 276
-0.99177, 193, 33, 320, 64
-0.991781, 137, 269, 200, 300
-0.991793, 113, 265, 240, 296
-0.991794, 161, 57, 224, 88
-0.991796, 277, 41, 308, 72
-0.991852, 153, 185, 216, 216
-0.991858, 261, 33, 292, 64
-0.991886, 321, 173, 384, 204
-0.991922, 317, 153, 332, 216
-0.991946, 373, 293, 404, 324
-0.991997, 249, 281, 312, 312
-0.992019, 257, 153, 500, 216
-0.992022, 161, 153, 416, 216
-0.992061, 321, 153, 384, 184
-0.992062, 65, 201, 320, 264
-0.992075, 93, 33, 124, 160
-0.992086, 337, 285, 400, 316
-0.992104, 193, 45, 320, 76
-0.992115, 205, 277, 236, 308
-0.992133, 385, 329, 448, 360
-0.992146, 337, 273, 400, 304
-0.992156, 105, 53, 168, 84
-0.992171, 233, 45, 296, 76
-0.992187, 281, 53, 344, 84
-0.992188, 181, 149, 212, 180
-0.992192, 393, 269, 424, 300
-0.992198, 161, 161, 224, 192
-0.99221, 129, 153, 192, 184
-0.992212, 177, 17, 240, 48
-0.992221, 65, 281, 128, 312
-0.992232, 209, 265, 224, 328
-0.992235, 253, 153, 284, 184
-0.992287, 233, 225, 264, 256
-0.992294, 273, 33, 336, 64
-0.992301, 385, 289, 416, 320
-0.992321, 177, 289, 240, 320
-0.992339, 385, 157, 448, 188
-0.992348, 273, 261, 336, 292
-0.992354, 221, 41, 252, 72
-0.99236, 289, 41, 320, 72
-0.992362, 345, 161, 376, 288
-0.992363, 241, 37, 272, 68
-0.992375, 369, 313, 496, 375
-0.992376, 153, 173, 216, 204
-0.992388, 321, 305, 448, 368
-0.992397, 305, 209, 368, 240
-0.992417, 189, 257, 220, 288
-0.992423, 121, 189, 184, 220
-0.992423, 1, 97, 128, 160
-0.992462, 109, 145, 140, 176
-0.992479, 169, 149, 200, 180
-0.992494, 225, 17, 256, 48
-0.992496, 133, 113, 164, 240
-0.992496, 129, 53, 192, 84
-0.992522, 33, 117, 96, 148
-0.992526, 217, 285, 248, 316
-0.992536, 229, 149, 260, 180
-0.992546, 377, 309, 408, 340
-0.99255, 185, 157, 248, 188
-0.992573, 405, 265, 436, 296
-0.992575, 321, 241, 352, 368
-0.992592, 425, 257, 456, 288
-0.992606, 213, 229, 244, 260
-0.992609, 257, 209, 500, 272
-0.992629, 117, 221, 148, 252
-0.992634, 189, 277, 220, 308
-0.992638, 393, 257, 424, 288
-0.992646, 161, 149, 288, 180
-0.992667, 177, 97, 304, 160
-0.992669, 65, 177, 320, 240
-0.992682, 429, 173, 460, 204
-0.992692, 251, 1, 266, 64
-0.99271, 1, 129, 500, 192
-0.992748, 257, 225, 288, 256
-0.99276, 121, 149, 152, 180
-0.992769, 177, 261, 208, 292
-0.992777, 205, 289, 236, 320
-0.99278, 81, 277, 208, 308
-0.992785, 353, 113, 384, 240
-0.992808, 365, 249, 396, 280
-0.992813, 217, 205, 248, 236
-0.992837, 17, 49, 144, 112
-0.992843, 273, 29, 304, 60
-0.992897, 69, 77, 100, 108
-0.992911, 257, 57, 500, 120
-0.992928, 105, 213, 136, 244
-0.992948, 253, 21, 284, 52
-0.99295, 85, 53, 116, 84
-0.99295, 157, 285, 188, 316
-0.992958, 217, 217, 248, 248
-0.992963, 161, 245, 192, 276
-0.99297, 109, 273, 140, 304
-0.992978, 57, 241, 88, 368
-0.992988, 273, 81, 400, 144
-0.993022, 57, 161, 88, 192
-0.993031, 305, 157, 336, 188
-0.993031, 145, 181, 176, 212
-0.993034, 397, 69, 428, 100
-0.993044, 365, 321, 396, 352
-0.993078, 97, 149, 224, 180
-0.993087, 209, 49, 240, 80
-0.993092, 389, 305, 420, 336
-0.993093, 469, 113, 500, 240
-0.993114, 441, 265, 472, 296
-0.993142, 213, 29, 244, 60
-0.993148, 399, 273, 414, 336
-0.993153, 265, 49, 296, 176
-0.993163, 189, 57, 220, 88
-0.993166, 469, 177, 500, 208
-0.993166, 201, 201, 232, 232
-0.993183, 217, 305, 248, 336
-0.993191, 305, 181, 336, 212
-0.993193, 113, 241, 240, 272
-0.993196, 409, 277, 440, 308
-0.993199, 201, 213, 232, 244
-0.993206, 1, 249, 256, 312
-0.993206, 273, 9, 400, 72
-0.993211, 85, 177, 116, 208
-0.993213, 469, 269, 500, 300
-0.993215, 141, 233, 172, 264
-0.993217, 369, 281, 400, 312
-0.993227, 161, 297, 192, 328
-0.993238, 333, 65, 364, 96
-0.99324, 5, 153, 36, 184
-0.993267, 121, 233, 152, 264
-0.993273, 1, 73, 500, 136
-0.993278, 141, 221, 172, 252
-0.993285, 293, 53, 324, 84
-0.993307, 393, 241, 424, 272
-0.993309, 177, 277, 208, 308
-0.993312, 373, 205, 404, 236
-0.993314, 229, 201, 244, 264
-0.993324, 89, 189, 120, 220
-0.993337, 225, 321, 256, 352
-0.993342, 257, 273, 500, 336
-0.993347, 205, 301, 236, 332
-0.99335, 353, 261, 384, 292
-0.993363, 271, 25, 286, 88
-0.993378, 453, 213, 484, 244
-0.993382, 381, 321, 412, 352
-0.993398, 393, 317, 424, 348
-0.993399, 195, 145, 210, 208
-0.993408, 321, 161, 352, 192
-0.993409, 305, 209, 336, 240
-0.993419, 141, 265, 172, 296
-0.99342, 209, 189, 240, 220
-0.993421, 89, 161, 120, 192
-0.993422, 449, 249, 480, 280
-0.993423, 241, 149, 272, 180
-0.993423, 429, 205, 460, 236
-0.993427, 457, 269, 488, 300
-0.993427, 229, 345, 260, 375
-0.993427, 357, 181, 388, 212
-0.993429, 457, 173, 488, 204
-0.993431, 305, 197, 336, 228
-0.993441, 409, 249, 440, 280
-0.993446, 449, 197, 480, 228
-0.993447, 381, 269, 412, 300
-0.993457, 121, 269, 152, 300
-0.993466, 429, 277, 460, 308
-0.993475, 201, 241, 232, 272
-0.993485, 145, 169, 176, 200
-0.99349, 293, 29, 324, 60
-0.993501, 17, 265, 48, 296
-0.993513, 1, 273, 500, 336
-0.993515, 305, 169, 336, 200
-0.993519, 387, 281, 402, 344
-0.993526, 49, 149, 176, 180
-0.993527, 313, 61, 344, 92
-0.993534, 441, 173, 472, 204
-0.99355, 161, 261, 192, 292
-0.993552, 417, 93, 448, 124
-0.993552, 229, 213, 260, 244
-0.993557, 245, 229, 276, 260
-0.99356, 141, 245, 172, 276
-0.993561, 117, 209, 148, 240
-0.993561, 209, 17, 240, 48
-0.993562, 21, 165, 52, 196
-0.993566, 305, 33, 432, 96
-0.993575, 321, 205, 352, 236
-0.99359, 41, 165, 72, 196
-0.993601, 305, 261, 336, 292
-0.993604, 49, 197, 80, 228
-0.993608, 113, 225, 240, 256
-0.993612, 73, 153, 104, 184
-0.993613, 89, 201, 120, 232
-0.993614, 425, 245, 456, 276
-0.993624, 77, 109, 108, 140
-0.993634, 145, 197, 176, 228
-0.99364, 429, 105, 460, 136
-0.993641, 205, 265, 236, 296
-0.993643, 105, 201, 136, 232
-0.993657, 349, 277, 380, 308
-0.993681, 161, 261, 288, 292
-0.993684, 349, 65, 380, 96
-0.993687, 469, 257, 500, 288
-0.993691, 417, 173, 448, 204
-0.993694, 409, 321, 440, 352
-0.993694, 201, 229, 232, 260
-0.993789, 81, 165, 208, 196
-0.993791, 5, 81, 36, 208
-0.993828, 111, 217, 126, 280
-0.993831, 161, 289, 288, 320
-0.993838, 209, 289, 224, 352
-0.993867, 257, 289, 384, 352
-0.993923, 245, 17, 260, 80
-0.993951, 225, 17, 240, 80
-0.993965, 225, 249, 480, 312
-0.993971, 369, 261, 496, 292
-0.993997, 369, 65, 496, 128
-0.993999, 161, 201, 416, 264
-0.994038, 441, 65, 472, 192
-0.994054, 81, 193, 208, 224
-0.994085, 129, 277, 256, 308
-0.994086, 145, 189, 272, 220
-0.994093, 133, 225, 148, 288
-0.994146, 393, 265, 408, 328
-0.994155, 431, 169, 446, 232
-0.994158, 177, 229, 304, 260
-0.994227, 69, 153, 84, 216
-0.994238, 97, 73, 224, 136
-0.994241, 203, 233, 218, 296
-0.994245, 111, 145, 126, 208
-0.994285, 169, 145, 184, 208
-0.994289, 65, 181, 192, 212
-0.994312, 65, 53, 192, 84
-0.994378, 1, 185, 500, 248
-0.994405, 113, 253, 240, 284
-0.994423, 375, 273, 390, 336
-0.994437, 73, 241, 104, 368
-0.994458, 261, 225, 276, 288
-0.994473, 135, 145, 150, 208
-0.994515, 177, 249, 304, 280
-0.994525, 1, 161, 128, 192
-0.994544, 267, 217, 282, 280
-0.994556, 265, 145, 280, 208
-0.994567, 127, 217, 142, 280
-0.994577, 1, 193, 32, 320
-0.994577, 353, 201, 480, 232
-0.99464, 367, 249, 382, 312
-0.994641, 453, 113, 484, 240
-0.994644, 1, 97, 500, 160
-0.994645, 241, 277, 368, 308
-0.994659, 33, 97, 288, 160
-0.994665, 305, 269, 432, 300
-0.994714, 145, 213, 272, 244
-0.994732, 65, 33, 320, 96
-0.994748, 161, 273, 416, 336
-0.99476, 223, 201, 238, 264
-0.994762, 289, 33, 304, 96
-0.994764, 369, 289, 496, 352
-0.994791, 161, 169, 288, 200
-0.994802, 365, 273, 380, 336
-0.994815, 485, 177, 500, 240
-0.994838, 225, 105, 480, 168
-0.994842, 241, 81, 272, 208
-0.994849, 209, 153, 336, 184
-0.994864, 403, 297, 418, 360
-0.994881, 321, 189, 448, 220
-0.994896, 259, 25, 274, 88
-0.994905, 333, 145, 364, 272
-0.994909, 295, 33, 310, 96
-0.994932, 237, 217, 252, 280
-0.994943, 193, 21, 320, 52
-0.994951, 129, 121, 384, 184
-0.994973, 97, 81, 128, 208
-0.994987, 475, 169, 490, 232
-0.994987, 197, 257, 212, 320
-0.994995, 121, 217, 136, 280
-0.995008, 233, 145, 248, 208
-0.995024, 241, 217, 368, 248
-0.995071, 203, 281, 218, 344
-0.995097, 273, 209, 304, 336
-0.995099, 1, 77, 128, 108
-0.995117, 321, 213, 448, 244
-0.995131, 353, 41, 480, 104
-0.995137, 317, 209, 332, 272
-0.995149, 33, 217, 160, 248
-0.995158, 219, 281, 234, 344
-0.995171, 305, 69, 432, 100
-0.995173, 81, 137, 208, 168
-0.995187, 145, 201, 272, 232
-0.995194, 289, 257, 416, 288
-0.995195, 353, 233, 480, 264
-0.995202, 161, 177, 416, 240
-0.995236, 297, 225, 328, 352
-0.995247, 179, 257, 194, 320
-0.995252, 1, 141, 128, 172
-0.995263, 49, 77, 176, 108
-0.995267, 85, 241, 116, 368
-0.995268, 247, 225, 262, 288
-0.995272, 443, 169, 458, 232
-0.995273, 241, 197, 368, 228
-0.995275, 17, 181, 144, 212
-0.995288, 21, 257, 36, 320
-0.995301, 441, 113, 472, 240
-0.99532, 97, 205, 224, 236
-0.995356, 265, 265, 280, 328
-0.995372, 257, 81, 500, 144
-0.995372, 241, 185, 368, 216
-0.995405, 369, 173, 496, 204
-0.995414, 101, 185, 116, 248
-0.995415, 257, 25, 500, 88
-0.995424, 457, 169, 472, 232
-0.995433, 13, 153, 28, 216
-0.995434, 209, 233, 224, 296
-0.995437, 277, 25, 292, 88
-0.995441, 161, 17, 416, 80
-0.995453, 65, 249, 192, 280
-0.995455, 55, 153, 70, 216
-0.995461, 69, 89, 84, 152
-0.995485, 407, 241, 422, 304
-0.995514, 203, 209, 218, 272
-0.995524, 185, 257, 200, 320
-0.995535, 177, 273, 304, 304
-0.995536, 421, 81, 436, 144
-0.995544, 191, 257, 206, 320
-0.995561, 369, 273, 496, 304
-0.995563, 241, 41, 368, 72
-0.995566, 183, 145, 198, 208
-0.995568, 321, 157, 448, 188
-0.995584, 337, 249, 464, 280
-0.995593, 49, 229, 176, 260
-0.995606, 387, 257, 402, 320
-0.995622, 467, 169, 482, 232
-0.995628, 431, 97, 446, 160
-0.995632, 215, 41, 230, 104
-0.995668, 115, 265, 130, 328
-0.995713, 239, 25, 254, 88
-0.995726, 205, 185, 220, 248
-0.995738, 113, 129, 144, 375
-0.995744, 255, 225, 270, 288
-0.995751, 257, 61, 384, 92
-0.995758, 283, 33, 298, 96
-0.995768, 449, 257, 464, 320
-0.995788, 255, 273, 270, 336
-0.995793, 173, 249, 188, 312
-0.995795, 231, 25, 246, 88
-0.995803, 3, 145, 18, 208
-0.995819, 121, 257, 136, 320
-0.99582, 241, 173, 368, 204
-0.995823, 469, 265, 484, 328
-0.995824, 321, 133, 448, 164
-0.995827, 1, 153, 500, 216
-0.995829, 65, 117, 192, 148
-0.995836, 177, 73, 304, 136
-0.995843, 383, 209, 398, 272
-0.995863, 177, 145, 192, 208
-0.995882, 409, 265, 424, 328
-0.995887, 77, 73, 92, 136
-0.995887, 289, 201, 416, 232
-0.995888, 289, 229, 416, 260
-0.995931, 249, 129, 280, 375
-0.995939, 217, 225, 232, 288
-0.995943, 225, 81, 352, 144
-0.995957, 19, 153, 34, 216
-0.995958, 451, 169, 466, 232
-0.995967, 203, 257, 218, 320
-0.995983, 77, 129, 92, 192
-0.995984, 87, 49, 102, 112
-0.996003, 275, 153, 290, 216
-0.996005, 109, 193, 124, 256
-0.996007, 317, 177, 332, 240
-0.996014, 305, 281, 432, 312
-0.996034, 209, 49, 224, 112
-0.996062, 241, 265, 368, 296
-0.996076, 49, 205, 176, 236
-0.996093, 165, 241, 180, 304
-0.996098, 255, 145, 270, 208
-0.996099, 437, 169, 452, 232
-0.996102, 41, 257, 56, 320
-0.996108, 435, 273, 450, 336
-0.996125, 241, 141, 368, 172
-0.996139, 189, 145, 204, 208
-0.996174, 253, 1, 284, 256
-0.996186, 239, 313, 254, 375
-0.996192, 63, 153, 78, 216
-0.996207, 321, 93, 448, 124
-0.996219, 249, 145, 264, 208
-0.996224, 479, 249, 494, 312
-0.996226, 393, 241, 408, 304
-0.99623, 249, 273, 264, 336
-0.996241, 367, 161, 382, 224
-0.996263, 401, 233, 416, 296
-0.99627, 233, 129, 264, 375
-0.996275, 327, 193, 342, 256
-0.996276, 39, 153, 54, 216
-0.996281, 241, 229, 368, 260
-0.99629, 49, 265, 176, 296
-0.996306, 133, 273, 148, 336
-0.996317, 117, 145, 132, 208
-0.996322, 161, 137, 288, 168
-0.996325, 17, 285, 144, 316
-0.99633, 305, 49, 320, 112
-0.996339, 125, 129, 156, 375
-0.996339, 211, 313, 226, 375
-0.996358, 33, 129, 160, 160
-0.996363, 359, 257, 374, 320
-0.996364, 193, 205, 320, 236
-0.996378, 275, 193, 290, 256
-0.99638, 113, 177, 240, 208
-0.99638, 217, 305, 232, 368
-0.996387, 335, 65, 350, 128
-0.99639, 253, 25, 268, 88
-0.996392, 429, 241, 444, 304
-0.996393, 265, 33, 280, 96
-0.996444, 227, 177, 242, 240
-0.996468, 49, 65, 176, 96
-0.996468, 33, 161, 48, 224
-0.996473, 241, 253, 368, 284
-0.996479, 205, 161, 220, 224
-0.996499, 113, 57, 240, 88
-0.996504, 221, 129, 252, 375
-0.996505, 313, 57, 328, 120
-0.996518, 25, 129, 56, 375
-0.996519, 167, 281, 182, 344
-0.99654, 243, 145, 258, 208
-0.996559, 375, 313, 390, 375
-0.996563, 321, 145, 448, 176
-0.996569, 25, 161, 40, 224
-0.99657, 443, 241, 458, 304
-0.99658, 109, 169, 124, 232
-0.996604, 311, 153, 326, 216
-0.996615, 377, 201, 392, 264
-0.996617, 395, 297, 410, 360
-0.996617, 101, 137, 116, 200
-0.996635, 129, 41, 256, 72
-0.996645, 165, 129, 196, 375
-0.996674, 273, 241, 400, 272
-0.996683, 145, 25, 272, 56
-0.996685, 233, 1, 264, 256
-0.996708, 5, 129, 36, 375
-0.996728, 429, 129, 460, 375
-0.99676, 257, 185, 500, 248
-0.996767, 321, 169, 448, 200
-0.996816, 337, 81, 464, 112
-0.996819, 49, 89, 176, 120
-0.996825, 227, 29, 242, 60
-0.996835, 33, 9, 288, 72
-0.996843, 189, 129, 220, 375
-0.996843, 315, 153, 330, 184
-0.996853, 53, 129, 84, 375
-0.996866, 217, 1, 248, 256
-0.996866, 281, 1, 312, 256
-0.996876, 17, 193, 144, 224
-0.996881, 405, 33, 436, 288
-0.996906, 193, 189, 320, 220
-0.99695, 121, 33, 152, 288
-0.996966, 395, 269, 410, 300
-0.996969, 449, 129, 480, 375
-0.996973, 113, 297, 240, 328
-0.997001, 369, 213, 496, 244
-0.997008, 271, 33, 286, 64
-0.997009, 177, 129, 208, 375
-0.997016, 289, 37, 304, 68
-0.997021, 41, 129, 72, 375
-0.997029, 109, 33, 140, 288
-0.997049, 251, 21, 266, 52
-0.99705, 101, 129, 132, 375
-0.997065, 1, 25, 500, 88
-0.997107, 137, 129, 168, 375
-0.997113, 229, 205, 244, 236
-0.997114, 265, 129, 296, 375
-0.997132, 65, 129, 96, 375
-0.997148, 177, 301, 304, 332
-0.997166, 209, 273, 224, 304
-0.997208, 417, 129, 448, 375
-0.997209, 353, 329, 480, 360
-0.997213, 469, 129, 500, 375
-0.997215, 177, 321, 304, 352
-0.997233, 387, 289, 402, 320
-0.997262, 369, 153, 496, 184
-0.99727, 369, 185, 496, 216
-0.997296, 81, 33, 112, 288
-0.997304, 49, 101, 176, 132
-0.997306, 297, 33, 328, 288
-0.997307, 301, 129, 332, 375
-0.997311, 277, 41, 292, 72
-0.997335, 321, 1, 352, 256
-0.99734, 97, 1, 224, 64
-0.997348, 161, 65, 416, 128
-0.997365, 313, 129, 344, 375
-0.997377, 141, 33, 172, 288
-0.99738, 205, 33, 236, 288
-0.997381, 381, 205, 396, 236
-0.997383, 209, 285, 224, 316
-0.997384, 195, 149, 210, 180
-0.997384, 257, 161, 384, 192
-0.997385, 93, 33, 124, 288
-0.997395, 265, 153, 280, 184
-0.997406, 217, 281, 232, 312
-0.997409, 17, 117, 144, 148
-0.997413, 173, 33, 204, 288
-0.997421, 129, 13, 256, 44
-0.997423, 201, 129, 232, 375
-0.997423, 1, 269, 128, 300
-0.997439, 321, 121, 448, 152
-0.99744, 245, 25, 260, 56
-0.997459, 377, 33, 408, 288
-0.997485, 239, 225, 254, 256
-0.997485, 187, 261, 202, 292
-0.997496, 113, 145, 128, 176
-0.997503, 209, 301, 224, 332
-0.997511, 365, 261, 380, 292
-0.997513, 265, 1, 296, 256
-0.997533, 121, 269, 136, 300
-0.997537, 353, 33, 384, 288
-0.997543, 295, 37, 310, 68
-0.997543, 193, 1, 224, 256
-0.99756, 267, 225, 282, 256
-0.997565, 171, 149, 186, 180
-0.997569, 233, 149, 248, 180
-0.997584, 431, 173, 446, 204
-0.997593, 167, 245, 182, 276
-0.997606, 131, 221, 146, 252
-0.997607, 1, 97, 128, 128
-0.997612, 89, 129, 120, 375
-0.997613, 283, 41, 298, 72
-0.997619, 321, 105, 448, 136
-0.997639, 165, 289, 180, 320
-0.997645, 121, 217, 136, 248
-0.997646, 375, 321, 390, 352
-0.997676, 433, 33, 464, 288
-0.997681, 375, 281, 390, 312
-0.997688, 261, 229, 276, 260
-0.997694, 69, 161, 84, 192
-0.997695, 257, 29, 384, 60
-0.997711, 369, 129, 400, 375
-0.997711, 471, 269, 486, 300
-0.997713, 389, 257, 404, 288
-0.997714, 49, 33, 80, 288
-0.997722, 445, 257, 460, 288
-0.997722, 215, 269, 230, 300
-0.99773, 401, 265, 416, 296
-0.99774, 203, 281, 218, 312
-0.997768, 353, 69, 480, 100
-0.99777, 227, 17, 242, 48
-0.997773, 237, 37, 252, 68
-0.997783, 389, 33, 420, 288
-0.997784, 401, 297, 416, 328
-0.997796, 309, 33, 340, 288
-0.997801, 193, 313, 448, 375
-0.997803, 317, 217, 332, 248
-0.997803, 181, 261, 196, 292
-0.997822, 153, 33, 184, 288
-0.997825, 211, 233, 226, 264
-0.997832, 135, 149, 150, 180
-0.997848, 375, 309, 390, 340
-0.997854, 333, 33, 364, 288
-0.997858, 321, 313, 448, 344
-0.99788, 87, 53, 102, 84
-0.997884, 451, 269, 466, 300
-0.997885, 257, 33, 272, 64
-0.997887, 265, 37, 280, 68
-0.997892, 243, 37, 258, 68
-0.997893, 423, 265, 438, 296
-0.997896, 221, 225, 236, 256
-0.997899, 439, 261, 454, 292
-0.997905, 435, 277, 450, 308
-0.997908, 483, 189, 498, 220
-0.997913, 479, 173, 494, 204
-0.997922, 113, 273, 128, 304
-0.997923, 195, 257, 210, 288
-0.997925, 485, 173, 500, 204
-0.997932, 111, 221, 126, 252
-0.997933, 1, 233, 500, 296
-0.997934, 239, 317, 254, 348
-0.997937, 225, 281, 240, 312
-0.997937, 317, 145, 332, 272
-0.997938, 247, 229, 262, 260
-0.997938, 193, 217, 320, 248
-0.997943, 111, 129, 126, 256
-0.99795, 239, 25, 254, 56
-0.99795, 289, 49, 304, 80
-0.997955, 177, 5, 304, 36
-0.997962, 449, 33, 480, 288
-0.997966, 241, 13, 368, 44
-0.997975, 229, 217, 244, 248
-0.997984, 365, 273, 380, 304
-0.997989, 43, 201, 58, 232
-0.997991, 209, 57, 336, 88
-0.997994, 167, 277, 182, 308
-0.997995, 369, 251, 400, 266
-0.997997, 449, 175, 480, 190
-0.997998, 305, 197, 336, 212
-0.997999, 21, 261, 36, 292
-0.998, 233, 345, 248, 375
-0.998002, 253, 271, 284, 286
-0.998006, 173, 245, 188, 276
-0.998011, 317, 197, 332, 228
-0.998015, 409, 329, 440, 344
-0.998015, 457, 269, 488, 284
-0.998016, 309, 165, 340, 180
-0.998019, 407, 261, 422, 292
-0.99802, 209, 345, 336, 375
-0.998022, 229, 351, 260, 366
-0.998022, 241, 153, 272, 168
-0.998025, 217, 317, 248, 332
-0.99803, 321, 293, 448, 324
-0.998033, 449, 255, 480, 270
-0.998033, 1, 297, 500, 360
-0.998034, 473, 177, 488, 208
-0.998037, 277, 29, 292, 60
-0.998037, 145, 193, 176, 208
-0.998038, 389, 305, 420, 320
-0.998038, 161, 247, 192, 262
-0.99804, 393, 263, 424, 278
-0.998041, 203, 225, 218, 256
-0.998044, 75, 77, 90, 108
-0.998044, 429, 281, 460, 296
-0.998044, 447, 209, 462, 240
-0.998046, 357, 273, 372, 304
-0.998048, 89, 185, 120, 200
-0.998056, 369, 93, 496, 124
-0.998057, 197, 281, 212, 312
-0.998057, 251, 9, 266, 40
-0.99806, 369, 133, 496, 164
-0.99806, 145, 243, 176, 258
-0.998063, 85, 191, 116, 206
-0.998063, 449, 199, 480, 214
-0.998065, 313, 65, 344, 80
-0.998066, 133, 209, 148, 336
-0.998066, 141, 269, 172, 284
-0.998069, 241, 231, 272, 246
-0.998069, 205, 301, 236, 316
-0.99807, 161, 125, 288, 156
-0.998075, 121, 231, 152, 246
-0.998076, 261, 209, 276, 336
-0.998076, 295, 49, 310, 80
-0.998077, 7, 153, 22, 184
-0.998079, 89, 283, 120, 298
-0.998081, 457, 197, 472, 228
-0.998081, 363, 285, 378, 316
-0.998082, 141, 227, 172, 242
-0.998084, 367, 249, 382, 280
-0.998085, 33, 291, 64, 306
-0.998085, 259, 265, 274, 296
-0.998085, 403, 313, 418, 344
-0.998088, 305, 191, 336, 206
-0.99809, 465, 175, 496, 190
-0.998092, 65, 161, 96, 176
-0.998097, 293, 57, 324, 72
-0.9981, 399, 285, 414, 316
-0.998101, 365, 33, 396, 288
-0.998104, 219, 309, 234, 340
-0.998109, 121, 267, 152, 282
-0.998111, 15, 157, 30, 188
-0.998111, 321, 161, 352, 176
-0.998113, 375, 293, 390, 324
-0.998114, 421, 263, 452, 278
-0.998115, 211, 321, 226, 352
-0.99812, 221, 17, 236, 48
-0.998121, 203, 57, 218, 88
-0.998123, 211, 49, 226, 80
-0.998131, 441, 277, 472, 292
-0.998131, 407, 273, 422, 304
-0.998131, 217, 285, 248, 300
-0.998138, 161, 255, 192, 270
-0.998138, 381, 275, 412, 290
-0.99814, 405, 279, 436, 294
-0.998141, 431, 109, 446, 140
-0.998151, 153, 129, 184, 375
-0.998152, 413, 273, 428, 304
-0.998153, 257, 21, 272, 52
-0.998153, 277, 97, 308, 352
-0.998156, 417, 261, 432, 292
-0.99816, 305, 57, 432, 88
-0.99816, 105, 277, 136, 292
-0.998163, 437, 173, 452, 204
-0.998164, 181, 149, 196, 180
-0.998172, 393, 255, 424, 270
-0.998172, 255, 229, 270, 260
-0.998173, 375, 205, 390, 236
-0.998174, 417, 33, 448, 288
-0.998175, 411, 69, 426, 100
-0.998176, 201, 209, 232, 224
-0.998177, 219, 41, 234, 72
-0.998179, 201, 203, 232, 218
-0.99818, 353, 129, 384, 375
-0.998181, 429, 257, 444, 288
-0.998185, 225, 313, 352, 375
-0.998185, 203, 213, 218, 244
-0.998185, 425, 1, 488, 128
-0.998186, 111, 209, 126, 336
-0.99819, 449, 213, 480, 228
-0.99819, 245, 149, 260, 180
-0.998191, 397, 325, 428, 340
-0.998194, 317, 165, 332, 196
-0.998198, 203, 269, 218, 300
-0.9982, 267, 209, 282, 336
-0.998205, 129, 275, 160, 290
-0.998213, 59, 161, 74, 192
-0.998214, 49, 201, 64, 232
-0.998215, 119, 145, 134, 176
-0.998216, 479, 273, 494, 304
-0.998216, 65, 77, 80, 108
-0.998218, 327, 165, 342, 196
-0.998219, 239, 149, 254, 180
-0.998221, 111, 209, 126, 240
-0.998222, 161, 261, 192, 276
-0.998223, 265, 49, 296, 64
-0.998224, 141, 235, 172, 250
-0.998225, 217, 207, 248, 222
-0.998225, 485, 277, 500, 308
-0.998229, 225, 41, 240, 72
-0.99823, 205, 185, 220, 216
-0.998238, 229, 357, 260, 372
-0.998239, 265, 281, 280, 312
-0.99824, 373, 257, 404, 272
-0.998244, 449, 261, 480, 276
-0.998249, 429, 207, 460, 222
-0.998251, 173, 265, 204, 280
-0.998254, 81, 53, 112, 68
-0.998256, 257, 23, 288, 38
-0.998256, 209, 51, 240, 66
-0.998258, 1, 205, 128, 236
-0.998268, 253, 359, 284, 374
-0.998278, 65, 313, 320, 375
-0.998282, 69, 33, 100, 288
-0.998286, 393, 275, 424, 290
-0.998289, 469, 269, 500, 284
-0.998293, 469, 275, 500, 290
-0.998294, 141, 279, 172, 294
-0.998294, 127, 209, 142, 336
-0.998296, 205, 307, 236, 322
-0.998297, 119, 209, 134, 336
-0.9983, 141, 249, 172, 264
-0.998302, 37, 33, 68, 288
-0.998302, 425, 275, 456, 290
-0.998305, 1, 257, 128, 288
-0.998315, 45, 203, 76, 218
-0.998327, 385, 285, 416, 300
-0.998331, 325, 129, 356, 375
-0.998335, 213, 209, 228, 336
-0.998352, 17, 245, 144, 276
-0.998365, 397, 319, 428, 334
-0.998366, 353, 273, 384, 288
-0.998374, 405, 129, 436, 375
-0.998374, 369, 317, 496, 348
-0.998375, 399, 241, 414, 368
-0.998381, 237, 209, 252, 336
-0.998392, 129, 97, 384, 160
-0.998395, 225, 153, 288, 168
-0.998398, 217, 219, 248, 234
-0.9984, 113, 309, 240, 340
-0.998408, 453, 279, 484, 294
-0.998408, 69, 79, 100, 94
-0.998414, 469, 33, 500, 288
-0.998416, 209, 35, 272, 50
-0.998418, 361, 325, 424, 340
-0.998419, 217, 229, 280, 244
-0.998419, 381, 129, 412, 375
-0.998427, 17, 53, 144, 84
-0.998429, 361, 277, 424, 292
-0.998431, 105, 149, 168, 164
-0.998432, 385, 271, 448, 286
-0.998433, 153, 151, 216, 166
-0.99844, 217, 41, 280, 56
-0.998441, 361, 319, 424, 334
-0.998447, 397, 331, 428, 346
-0.99845, 65, 157, 128, 172
-0.998455, 169, 279, 232, 294
-0.998456, 241, 289, 368, 320
-0.998458, 241, 41, 304, 56
-0.998458, 353, 271, 416, 286
-0.998458, 25, 33, 56, 288
-0.99846, 227, 1, 242, 128
-0.99846, 309, 157, 340, 172
-0.998461, 361, 289, 424, 304
-0.998463, 161, 247, 224, 262
-0.998465, 265, 153, 328, 168
-0.998467, 281, 191, 344, 206
-0.998468, 361, 247, 424, 262
-0.99847, 169, 273, 232, 288
-0.998472, 209, 23, 272, 38
-0.998473, 281, 197, 344, 212
-0.998473, 193, 285, 256, 300
-0.998473, 361, 283, 424, 298
-0.998476, 105, 213, 136, 228
-0.998476, 193, 273, 224, 288
-0.998477, 217, 225, 248, 240
-0.998477, 361, 313, 424, 328
-0.998479, 193, 223, 256, 238
-0.998479, 249, 47, 312, 62
-0.998481, 67, 145, 82, 272
-0.998482, 129, 259, 192, 274
-0.998483, 425, 257, 456, 272
-0.998486, 217, 285, 280, 300
-0.998486, 129, 275, 192, 290
-0.998487, 321, 281, 384, 296
-0.998488, 249, 35, 312, 50
-0.99849, 169, 285, 232, 300
-0.99849, 193, 207, 256, 222
-0.998491, 241, 25, 304, 40
-0.998492, 393, 257, 456, 272
-0.998494, 369, 73, 432, 88
-0.998495, 377, 319, 408, 334
-0.998495, 201, 51, 264, 66
-0.998496, 265, 161, 328, 176
-0.998498, 241, 359, 304, 374
-0.998498, 417, 211, 480, 226
-0.998499, 169, 261, 232, 276
-0.998501, 121, 243, 184, 258
-0.998502, 205, 273, 236, 288
-0.998502, 361, 253, 424, 268
-0.998503, 281, 185, 344, 200
-0.998503, 281, 167, 344, 182
-0.998504, 201, 237, 264, 252
-0.998504, 317, 193, 332, 320
-0.998504, 97, 275, 160, 290
-0.998504, 321, 275, 384, 290
-0.998505, 41, 161, 104, 176
-0.998505, 225, 209, 288, 224
-0.998505, 217, 29, 280, 44
-0.998506, 81, 55, 144, 70
-0.998506, 193, 229, 256, 244
-0.998507, 135, 129, 150, 256
-0.998507, 121, 249, 184, 264
-0.998509, 247, 1, 262, 128
-0.998509, 97, 175, 160, 190
-0.998509, 121, 217, 184, 232
-0.998509, 193, 213, 256, 228
-0.998509, 97, 183, 160, 198
-0.99851, 361, 303, 424, 318
-0.998511, 305, 193, 368, 208
-0.998511, 361, 331, 424, 346
-0.998512, 217, 223, 280, 238
-0.998512, 425, 279, 488, 294
-0.998512, 161, 241, 224, 256
-0.998512, 121, 231, 184, 246
-0.998512, 417, 271, 480, 286
-0.998513, 401, 327, 464, 342
-0.998513, 77, 129, 108, 375
-0.998514, 321, 199, 384, 214
-0.998515, 225, 159, 288, 174
-0.998515, 361, 241, 424, 256
-0.998516, 97, 221, 160, 236
-0.998517, 401, 281, 464, 296
-0.998517, 401, 249, 464, 264
-0.998519, 161, 253, 224, 268
-0.998519, 265, 173, 328, 188
-0.998519, 225, 203, 288, 218
-0.998519, 369, 121, 496, 152
-0.99852, 65, 163, 128, 178
-0.99852, 65, 169, 128, 184
-0.99852, 361, 297, 424, 312
-0.998521, 193, 149, 256, 164
-0.998521, 25, 293, 88, 308
-0.998522, 17, 165, 80, 180
-0.998522, 377, 265, 440, 280
-0.998524, 225, 197, 288, 212
-0.998525, 97, 155, 160, 170
-0.998525, 121, 237, 184, 252
-0.998526, 257, 227, 320, 242
-0.998526, 321, 187, 384, 202
-0.998526, 217, 355, 280, 370
-0.998526, 273, 41, 336, 56
-0.998526, 129, 145, 192, 160
-0.998527, 433, 175, 496, 190
-0.998527, 209, 17, 272, 32
-0.998528, 225, 215, 288, 230
-0.998528, 65, 151, 128, 166
-0.998529, 393, 129, 424, 375
-0.998529, 97, 161, 160, 176
-0.99853, 257, 53, 320, 68
-0.99853, 361, 229, 424, 244
-0.998531, 97, 199, 160, 214
-0.998531, 97, 189, 160, 204
-0.998531, 129, 269, 192, 284
-0.998532, 161, 235, 224, 250
-0.998532, 297, 161, 360, 176
-0.998533, 273, 275, 336, 290
-0.998536, 201, 279, 264, 294
-0.998536, 65, 177, 128, 192
-0.998537, 185, 23, 248, 38
-0.998537, 97, 167, 160, 182
-0.998537, 97, 207, 160, 222
-0.998537, 401, 265, 464, 280
-0.998538, 65, 183, 128, 198
-0.998538, 249, 281, 312, 296
-0.998539, 121, 223, 184, 238
-0.99854, 65, 191, 128, 206
-0.998541, 225, 167, 288, 182
-0.998541, 65, 145, 128, 160
-0.998541, 265, 203, 328, 218
-0.998542, 217, 349, 280, 364
-0.998542, 57, 79, 120, 94
-0.998542, 225, 191, 288, 206
-0.998542, 255, 209, 270, 336
-0.998543, 97, 235, 160, 250
-0.998543, 385, 321, 448, 336
-0.998544, 321, 69, 384, 84
-0.998545, 193, 255, 256, 270
-0.998545, 169, 267, 232, 282
-0.998545, 193, 201, 256, 216
-0.998545, 377, 205, 440, 220
-0.998546, 217, 321, 280, 336
-0.998546, 89, 281, 152, 296
-0.998549, 225, 21, 256, 36
-0.998553, 417, 97, 448, 112
-0.998566, 397, 73, 428, 88
-0.99857, 257, 31, 288, 46
-0.998574, 233, 129, 248, 256
-0.998576, 253, 227, 284, 242
-0.998579, 385, 299, 416, 314
-0.998582, 205, 177, 220, 304
-0.998584, 377, 313, 408, 328
-0.998602, 225, 241, 352, 272
-0.998602, 461, 161, 476, 288
-0.99861, 145, 345, 272, 375
-0.998624, 365, 329, 396, 344
-0.998624, 431, 161, 446, 288
-0.998635, 205, 225, 220, 352
-0.998636, 117, 129, 132, 256
-0.998644, 405, 265, 436, 280
-0.998652, 227, 177, 242, 304
-0.99867, 271, 1, 286, 128
-0.998675, 161, 297, 192, 312
-0.998676, 353, 57, 480, 88
-0.998692, 341, 129, 372, 375
-0.998706, 247, 209, 262, 336
-0.998711, 413, 273, 444, 288
-0.998712, 365, 285, 396, 300
-0.998712, 377, 305, 408, 320
-0.998716, 241, 23, 272, 38
-0.998721, 185, 279, 216, 294
-0.998735, 381, 325, 412, 340
-0.998745, 257, 309, 384, 340
-0.998751, 265, 145, 280, 272
-0.998768, 161, 57, 288, 88
-0.998772, 241, 85, 368, 116
-0.998774, 229, 153, 260, 168
-0.998774, 369, 105, 496, 136
-0.998774, 253, 153, 284, 168
-0.998789, 169, 129, 184, 256
-0.998789, 451, 161, 466, 288
-0.998792, 273, 129, 400, 160
-0.998794, 9, 33, 40, 288
-0.998798, 265, 43, 296, 58
-0.998798, 113, 69, 240, 100
-0.9988, 249, 41, 280, 56
-0.9988, 209, 129, 336, 160
-0.998801, 169, 151, 200, 166
-0.998803, 205, 287, 236, 302
-0.998805, 125, 129, 140, 256
-0.998823, 225, 225, 240, 352
-0.99883, 97, 81, 224, 112
-0.998853, 477, 161, 492, 288
-0.998858, 189, 261, 220, 276
-0.998883, 277, 1, 292, 128
-0.998884, 441, 161, 456, 288
-0.998894, 221, 47, 252, 62
-0.998902, 425, 173, 456, 188
-0.998914, 193, 129, 208, 256
-0.998918, 219, 209, 234, 336
-0.998921, 257, 1, 272, 128
-0.998932, 105, 193, 120, 320
-0.998938, 365, 241, 380, 368
-0.998945, 485, 161, 500, 288
-0.998952, 241, 1, 256, 128
-0.998962, 197, 279, 228, 294
-0.998976, 323, 193, 338, 320
-0.998986, 277, 47, 308, 62
-0.998997, 69, 81, 84, 208
-0.998999, 289, 129, 320, 375
-0.998999, 121, 149, 152, 164
-0.999001, 109, 149, 140, 164
-0.999001, 213, 231, 244, 246
-0.999009, 109, 221, 140, 236
-0.999017, 393, 241, 408, 368
-0.999035, 469, 161, 484, 288
-0.999038, 77, 113, 92, 240
-0.99905, 221, 1, 236, 128
-0.999052, 181, 151, 212, 166
-0.999052, 241, 29, 272, 44
-0.999084, 139, 209, 154, 336
-0.999092, 7, 129, 22, 256
-0.999094, 209, 295, 240, 310
-0.999096, 385, 291, 416, 306
-0.999097, 143, 161, 158, 288
-0.999104, 371, 241, 386, 368
-0.999114, 13, 145, 28, 272
-0.999119, 431, 97, 446, 224
-0.99912, 409, 241, 424, 368
-0.999147, 311, 161, 326, 288
-0.999157, 275, 129, 290, 256
-0.999163, 419, 81, 434, 208
-0.999164, 469, 241, 484, 368
-0.999204, 229, 229, 260, 244
-0.999205, 199, 225, 214, 352
-0.999207, 61, 145, 76, 272
-0.999216, 399, 193, 414, 320
-0.999216, 231, 225, 246, 352
-0.999218, 225, 27, 256, 42
-0.999224, 295, 17, 310, 144
-0.999225, 19, 145, 34, 272
-0.999225, 53, 161, 84, 176
-0.999235, 245, 129, 260, 256
-0.999243, 205, 129, 220, 256
-0.999246, 373, 295, 404, 310
-0.999247, 239, 129, 254, 256
-0.999251, 445, 209, 460, 336
-0.999253, 167, 193, 182, 320
-0.999261, 257, 129, 272, 256
-0.999262, 273, 35, 304, 50
-0.999272, 275, 177, 290, 304
-0.99928, 195, 49, 210, 176
-0.999293, 53, 145, 68, 272
-0.999307, 105, 145, 120, 272
-0.999317, 375, 193, 390, 320
-0.999335, 31, 145, 46, 272
-0.999338, 175, 225, 190, 352
-0.999339, 1, 129, 16, 256
-0.999361, 39, 145, 54, 272
-0.999361, 241, 35, 272, 50
-0.999362, 251, 129, 266, 256
-0.999362, 233, 43, 264, 58
-0.999363, 227, 129, 242, 256
-0.999374, 203, 49, 218, 176
-0.999397, 117, 273, 148, 288
-0.999398, 323, 49, 338, 176
-0.999399, 451, 225, 466, 352
-0.999401, 221, 41, 252, 56
-0.999407, 99, 129, 114, 256
-0.999412, 45, 145, 60, 272
-0.999429, 387, 225, 402, 352
-0.999434, 135, 81, 150, 208
-0.999439, 323, 145, 338, 272
-0.999445, 321, 241, 336, 368
-0.999446, 215, 161, 230, 288
-0.999456, 21, 241, 36, 368
-0.999466, 199, 177, 214, 304
-0.999476, 209, 33, 224, 160
-0.999487, 233, 17, 248, 144
-0.999491, 189, 49, 204, 176
-0.999494, 175, 129, 190, 256
-0.999499, 435, 241, 450, 368
-0.999507, 313, 49, 328, 176
-0.999525, 425, 97, 440, 224
-0.999525, 359, 177, 374, 304
-0.999531, 257, 1, 500, 64
-0.999537, 273, 313, 400, 375
-0.999537, 317, 97, 332, 224
-0.99954, 25, 145, 40, 272
-0.999551, 359, 241, 374, 368
-0.999555, 99, 177, 114, 304
-0.99956, 417, 177, 432, 304
-0.999569, 199, 1, 214, 128
-0.999582, 425, 241, 440, 368
-0.999593, 479, 209, 494, 336
-0.999595, 147, 49, 162, 176
-0.9996, 175, 49, 190, 176
-0.999602, 199, 129, 214, 256
-0.999605, 77, 65, 92, 192
-0.999607, 265, 17, 280, 144
-0.999611, 169, 49, 184, 176
-0.999612, 363, 49, 378, 176
-0.999619, 185, 225, 200, 352
-0.999626, 331, 49, 346, 176
-0.999631, 425, 161, 440, 288
-0.999633, 393, 193, 408, 320
-0.999633, 405, 321, 420, 336
-0.999634, 171, 295, 186, 310
-0.999634, 471, 269, 486, 284
-0.999635, 183, 49, 198, 176
-0.999635, 253, 289, 268, 304
-0.999636, 433, 97, 448, 112
-0.999636, 437, 173, 452, 188
-0.999637, 387, 297, 402, 312
-0.999638, 73, 159, 88, 174
-0.999638, 247, 231, 262, 246
-0.999638, 15, 159, 30, 174
-0.999638, 39, 291, 54, 306
-0.999639, 401, 301, 416, 316
-0.999639, 217, 319, 232, 334
-0.999641, 229, 215, 244, 230
-0.999641, 189, 273, 204, 288
-0.999641, 481, 283, 496, 298
-0.999642, 77, 225, 92, 352
-0.999643, 129, 279, 144, 294
-0.999643, 63, 65, 78, 192
-0.999644, 161, 49, 176, 176
-0.999644, 375, 299, 390, 314
-0.999645, 319, 219, 334, 234
-0.999645, 317, 209, 332, 224
-0.999645, 479, 277, 494, 292
-0.999645, 245, 25, 260, 40
-0.999645, 431, 111, 446, 126
-0.999646, 483, 175, 498, 190
-0.999647, 203, 231, 218, 246
-0.999648, 405, 281, 420, 296
-0.999648, 267, 359, 282, 374
-0.999648, 467, 211, 482, 226
-0.999649, 375, 309, 390, 324
-0.999649, 159, 281, 174, 296
-0.99965, 365, 129, 380, 256
-0.99965, 169, 283, 184, 298
-0.99965, 413, 275, 428, 290
-0.99965, 85, 53, 100, 68
-0.999651, 179, 265, 194, 280
-0.999651, 393, 49, 408, 176
-0.999652, 111, 211, 126, 226
-0.999652, 271, 31, 286, 46
-0.999652, 181, 113, 196, 240
-0.999652, 221, 21, 236, 36
-0.999653, 209, 311, 224, 326
-0.999655, 369, 329, 384, 344
-0.999655, 265, 43, 280, 58
-0.999659, 227, 231, 242, 246
-0.999659, 203, 313, 218, 328
-0.999659, 415, 329, 430, 344
-0.999659, 365, 259, 380, 274
-0.99966, 253, 25, 268, 40
-0.999661, 365, 275, 380, 290
-0.999663, 187, 263, 202, 278
-0.999663, 411, 73, 426, 88
-0.999663, 109, 221, 124, 236
-0.999663, 375, 205, 390, 220
-0.999663, 481, 191, 496, 206
-0.999664, 223, 283, 238, 298
-0.999664, 333, 1, 348, 128
-0.999664, 417, 265, 432, 280
-0.999665, 71, 79, 86, 94
-0.999665, 411, 65, 426, 192
-0.999665, 423, 275, 438, 290
-0.999665, 209, 299, 224, 314
-0.999665, 237, 31, 252, 46
-0.999666, 173, 247, 188, 262
-0.999666, 193, 225, 208, 352
-0.999667, 135, 149, 150, 164
-0.999667, 21, 263, 36, 278
-0.999667, 133, 229, 148, 244
-0.999669, 127, 273, 142, 288
-0.999669, 231, 359, 246, 374
-0.999671, 259, 231, 274, 246
-0.999671, 121, 219, 136, 234
-0.999672, 403, 271, 418, 286
-0.999673, 375, 329, 390, 344
-0.999674, 233, 153, 248, 168
-0.999674, 259, 39, 274, 54
-0.999675, 213, 279, 228, 294
-0.999676, 251, 1, 266, 16
-0.999679, 277, 37, 292, 52
-0.999683, 265, 155, 280, 170
-0.999683, 129, 223, 144, 238
-0.999683, 229, 221, 244, 236
-0.999683, 375, 321, 390, 336
-0.999683, 237, 319, 252, 334
-0.999684, 471, 275, 486, 290
-0.999685, 115, 221, 130, 236
-0.999685, 169, 289, 184, 304
-0.999685, 395, 275, 410, 290
-0.999686, 445, 259, 460, 274
-0.999687, 357, 275, 372, 290
-0.999687, 227, 41, 242, 56
-0.999688, 47, 203, 62, 218
-0.999689, 67, 161, 82, 176
-0.99969, 367, 283, 382, 298
-0.999692, 247, 33, 262, 48
-0.999694, 171, 151, 186, 166
-0.999696, 135, 277, 150, 292
-0.999699, 391, 259, 406, 274
-0.9997, 113, 149, 128, 164
-0.999702, 227, 203, 242, 218
-0.999702, 437, 279, 452, 294
-0.999703, 271, 43, 286, 58
-0.999704, 237, 37, 252, 52
-0.999706, 227, 29, 242, 44
-0.999706, 1, 209, 500, 272
-0.999707, 217, 285, 232, 300
-0.999707, 209, 273, 224, 288
-0.999707, 57, 163, 72, 178
-0.999708, 245, 39, 260, 54
-0.999708, 165, 295, 180, 310
-0.999711, 209, 291, 224, 306
-0.999712, 291, 37, 306, 52
-0.999712, 287, 51, 302, 66
-0.999712, 121, 271, 136, 286
-0.999712, 265, 227, 280, 242
-0.999713, 115, 275, 130, 290
-0.999714, 167, 247, 182, 262
-0.999716, 201, 281, 216, 296
-0.999718, 195, 151, 210, 166
-0.999719, 221, 227, 236, 242
-0.99972, 237, 43, 252, 58
-0.99972, 431, 173, 446, 188
-0.999721, 209, 285, 224, 300
-0.999724, 209, 305, 224, 320
-0.999728, 381, 207, 396, 222
-0.999729, 229, 209, 244, 224
-0.99973, 277, 49, 292, 64
-0.999738, 239, 227, 254, 242
-0.999738, 295, 47, 310, 62
-0.999744, 269, 37, 284, 52
-0.999745, 249, 19, 264, 34
-0.999746, 207, 279, 222, 294
-0.999748, 285, 45, 300, 60
-0.999757, 385, 291, 400, 306
-0.999758, 279, 43, 294, 58
-0.999774, 261, 37, 292, 52
-0.999777, 397, 269, 412, 284
-0.999788, 227, 35, 242, 50
-0.999792, 315, 155, 330, 170
-0.999959, 393, 269, 424, 284
-0.999999, 9, 1, 72, 128
-1.00005, 225, 35, 256, 50
-1.00045, 277, 41, 308, 56
-1.00081, 1, 17, 128, 80
-1.00233, 49, 25, 176, 88
-1.00236, 1, 1, 500, 64
-1.00295, 321, 9, 448, 72
-1.0032, 65, 305, 192, 368
-1.00327, 1, 305, 128, 368
-1.00413, 369, 17, 496, 80
-1.0065, 49, 1, 176, 64
