1883
-0.475075, 1, 65, 500, 320
-0.580629, 1, 1, 500, 333
-0.584397, 1, 1, 256, 333
-0.634635, 1, 65, 256, 320
-0.643498, 129, 1, 384, 333
-0.690155, 129, 65, 384, 320
-0.737702, 225, 1, 480, 333
-0.831033, 225, 65, 480, 320
-0.859821, 81, 65, 208, 320
-0.874103, 1, 65, 128, 320
-0.883838, 161, 65, 288, 320
-0.884267, 1, 209, 500, 333
-0.887687, 1, 129, 256, 256
-0.890302, 1, 161, 500, 288
-0.900174, 81, 1, 208, 333
-0.902529, 129, 177, 384, 304
-0.910019, 17, 1, 144, 333
-0.911189, 209, 65, 336, 320
-0.916894, 177, 1, 304, 333
-0.916991, 1, 113, 500, 240
-0.917791, 33, 209, 288, 333
-0.920394, 225, 193, 480, 320
-0.920479, 97, 129, 352, 256
-0.923527, 81, 209, 208, 333
-0.925068, 145, 177, 272, 304
-0.927772, 113, 209, 176, 333
-0.929359, 81, 129, 208, 256
-0.929702, 17, 129, 144, 256
-0.930176, 193, 209, 320, 333
-0.930707, 161, 209, 224, 333
-0.931611, 241, 193, 368, 320
-0.933284, 281, 193, 344, 320
-0.933308, 129, 129, 256, 256
-0.936247, 257, 65, 384, 320
-0.936715, 137, 209, 200, 333
-0.937351, 169, 129, 232, 256
-0.938092, 225, 193, 288, 320
-0.938575, 129, 1, 256, 333
-0.938698, 257, 145, 500, 272
-0.938874, 89, 209, 152, 333
-0.939752, 225, 1, 352, 333
-0.941473, 257, 209, 320, 333
-0.941944, 281, 129, 344, 256
-0.942999, 241, 145, 368, 272
-0.943012, 137, 129, 200, 256
-0.943097, 337, 65, 464, 320
-0.943384, 81, 129, 144, 256
-0.944508, 1, 209, 128, 333
-0.94553, 113, 129, 176, 256
-0.946584, 161, 233, 224, 296
-0.947196, 305, 161, 368, 288
-0.947385, 97, 241, 160, 304
-0.947504, 17, 113, 80, 240
-0.947544, 193, 161, 320, 288
-0.947689, 193, 145, 256, 272
-0.94806, 57, 145, 120, 272
-0.948417, 137, 273, 200, 333
-0.949296, 81, 129, 144, 192
-0.950102, 225, 193, 288, 256
-0.950546, 105, 217, 168, 280
-0.951307, 113, 265, 176, 328
-0.951523, 305, 209, 368, 333
-0.951571, 25, 129, 88, 192
-0.951616, 169, 193, 232, 256
-0.951754, 233, 217, 296, 280
-0.952464, 177, 161, 240, 224
-0.953024, 169, 265, 232, 328
-0.953244, 201, 249, 264, 312
-0.9538, 1, 65, 500, 192
-0.953973, 257, 249, 320, 312
-0.954094, 225, 249, 288, 312
-0.954328, 129, 129, 192, 192
-0.954451, 129, 241, 192, 304
-0.954891, 201, 209, 264, 333
-0.954999, 89, 265, 152, 328
-0.955333, 161, 137, 224, 200
-0.955422, 193, 113, 320, 240
-0.955741, 1, 81, 256, 208
-0.956115, 273, 177, 336, 240
-0.956226, 201, 225, 264, 288
-0.957093, 281, 209, 344, 272
-0.957253, 65, 273, 192, 333
-0.957374, 257, 161, 320, 288
-0.957505, 17, 129, 144, 192
-0.957574, 249, 185, 312, 248
-0.957851, 129, 201, 192, 264
-0.957979, 257, 225, 320, 288
-0.959927, 165, 209, 196, 333
-0.960986, 257, 273, 320, 333
-0.961601, 201, 169, 264, 232
-0.96164, 177, 177, 304, 240
-0.961644, 81, 241, 208, 304
-0.961697, 97, 81, 352, 208
-0.962345, 121, 153, 184, 216
-0.962786, 273, 1, 400, 333
-0.962821, 145, 169, 208, 232
-0.96376, 57, 265, 120, 328
-0.964265, 105, 129, 168, 192
-0.964595, 289, 161, 416, 288
-0.965282, 49, 129, 112, 192
-0.965381, 433, 193, 496, 320
-0.965516, 281, 233, 344, 296
-0.966035, 353, 1, 480, 333
-0.966319, 177, 161, 208, 288
-0.966393, 97, 137, 224, 200
-0.966837, 313, 169, 376, 232
-0.966924, 297, 257, 360, 320
-0.967024, 177, 209, 208, 333
-0.967028, 329, 161, 392, 288
-0.967034, 41, 97, 104, 224
-0.967088, 145, 201, 272, 264
-0.96736, 269, 209, 300, 333
-0.967513, 161, 257, 288, 320
-0.967522, 289, 209, 416, 333
-0.96758, 285, 177, 316, 304
-0.967797, 113, 273, 240, 333
-0.967815, 117, 209, 148, 333
-0.968036, 309, 193, 340, 320
-0.968045, 1, 1, 500, 128
-0.968191, 337, 209, 400, 333
-0.968381, 257, 185, 384, 248
-0.968589, 233, 145, 296, 272
-0.968766, 185, 137, 248, 200
-0.96894, 193, 97, 448, 224
-0.969053, 201, 193, 264, 256
-0.969063, 17, 265, 144, 328
-0.969227, 281, 137, 344, 200
-0.969313, 257, 209, 288, 333
-0.969393, 257, 113, 320, 240
-0.969795, 129, 169, 256, 232
-0.969851, 93, 129, 124, 256
-0.969873, 193, 233, 320, 296
-0.969983, 81, 81, 208, 208
-0.970037, 241, 257, 368, 320
-0.970167, 305, 113, 368, 240
-0.970347, 209, 201, 336, 264
-0.970446, 297, 113, 328, 240
-0.970452, 225, 273, 288, 333
-0.970464, 241, 177, 272, 304
-0.970582, 321, 249, 384, 312
-0.970864, 49, 193, 112, 320
-0.971058, 193, 273, 256, 333
-0.971099, 73, 161, 136, 224
-0.971207, 149, 209, 180, 333
-0.971249, 161, 65, 224, 320
-0.971353, 97, 161, 160, 224
-0.971433, 337, 209, 464, 333
-0.971515, 105, 209, 136, 333
-0.971571, 157, 129, 188, 256
-0.97206, 33, 81, 160, 208
-0.972126, 193, 129, 224, 256
-0.972171, 97, 217, 224, 280
-0.972191, 193, 97, 256, 224
-0.972594, 73, 185, 136, 248
-0.973275, 81, 161, 208, 224
-0.973451, 305, 193, 368, 256
-0.973486, 129, 209, 160, 333
-0.973778, 321, 193, 352, 320
-0.97386, 169, 209, 200, 272
-0.973952, 225, 153, 352, 216
-0.974035, 1, 209, 64, 333
-0.974331, 121, 65, 184, 320
-0.974429, 169, 113, 200, 240
-0.974433, 169, 265, 200, 328
-0.97446, 9, 273, 72, 333
-0.974503, 37, 113, 68, 240
-0.974508, 81, 217, 144, 280
-0.974519, 189, 177, 220, 304
-0.974542, 161, 233, 192, 296
-0.974662, 57, 113, 88, 240
-0.974731, 97, 249, 128, 312
-0.974751, 237, 193, 268, 256
-0.974786, 145, 81, 208, 208
-0.974868, 145, 225, 272, 288
-0.974897, 305, 145, 368, 208
-0.975095, 145, 129, 176, 256
-0.975147, 105, 129, 136, 192
-0.975182, 117, 217, 148, 280
-0.975261, 285, 193, 316, 256
-0.975262, 1, 145, 64, 208
-0.97534, 321, 273, 384, 333
-0.975367, 153, 257, 184, 320
-0.975591, 269, 209, 300, 272
-0.975614, 309, 129, 340, 256
-0.975747, 73, 241, 136, 304
-0.976054, 225, 169, 288, 232
-0.976191, 97, 65, 160, 320
-0.976197, 169, 81, 232, 208
-0.97632, 269, 233, 300, 296
-0.976348, 105, 113, 136, 240
-0.976482, 257, 209, 288, 272
-0.976675, 145, 137, 272, 200
-0.976781, 49, 153, 112, 216
-0.976796, 213, 217, 244, 280
-0.976803, 97, 273, 128, 333
-0.976817, 173, 137, 204, 200
-0.97683, 181, 257, 212, 320
-0.97687, 73, 81, 136, 208
-0.976885, 305, 185, 336, 248
-0.976925, 97, 193, 224, 256
-0.976986, 249, 161, 312, 224
-0.977008, 181, 209, 212, 272
-0.977063, 177, 161, 208, 224
-0.977131, 433, 209, 496, 272
-0.97733, 201, 249, 232, 312
-0.977486, 305, 217, 368, 280
-0.977496, 69, 113, 100, 240
-0.97757, 297, 129, 328, 192
-0.977681, 257, 185, 288, 248
-0.977714, 173, 185, 204, 248
-0.977743, 129, 129, 160, 256
-0.977822, 93, 129, 124, 192
-0.977923, 213, 145, 244, 272
-0.978034, 193, 65, 256, 320
-0.978244, 193, 137, 224, 200
-0.978279, 257, 249, 288, 312
-0.978284, 173, 233, 204, 296
-0.978314, 69, 129, 100, 192
-0.978325, 105, 81, 168, 208
-0.978608, 49, 65, 112, 320
-0.978637, 157, 169, 188, 232
-0.978682, 141, 265, 172, 328
-0.978696, 137, 129, 168, 192
-0.978696, 245, 257, 276, 320
-0.978697, 281, 217, 312, 280
-0.978705, 25, 65, 88, 320
-0.978742, 29, 129, 60, 192
-0.978765, 181, 113, 212, 240
-0.978767, 273, 161, 304, 288
-0.978811, 117, 129, 148, 256
-0.978838, 1, 241, 128, 304
-0.978858, 297, 161, 328, 288
-0.978913, 17, 217, 144, 280
-0.978915, 129, 273, 160, 333
-0.978998, 185, 233, 216, 296
-0.979057, 269, 257, 300, 320
-0.979108, 109, 241, 140, 304
-0.97912, 241, 233, 368, 296
-0.979427, 285, 249, 316, 312
-0.979436, 233, 217, 264, 280
-0.979461, 337, 161, 464, 288
-0.979493, 213, 241, 244, 304
-0.979559, 141, 233, 172, 296
-0.979686, 81, 129, 112, 192
-0.979724, 297, 209, 328, 333
-0.9798, 225, 177, 256, 240
-0.979869, 117, 129, 148, 192
-0.979908, 117, 161, 148, 224
-0.979942, 417, 265, 480, 328
-0.979997, 105, 193, 168, 256
-0.979999, 197, 225, 228, 288
-0.980198, 85, 265, 116, 328
-0.980231, 25, 129, 56, 256
-0.980259, 49, 121, 80, 184
-0.980395, 25, 209, 88, 333
-0.980413, 117, 265, 148, 328
-0.980483, 333, 161, 364, 288
-0.980503, 17, 177, 144, 240
-0.980529, 201, 273, 232, 333
-0.980572, 269, 185, 300, 248
-0.980695, 105, 217, 136, 280
-0.980804, 49, 177, 112, 240
-0.980828, 161, 137, 192, 200
-0.980856, 193, 169, 224, 232
-0.980891, 325, 273, 356, 333
-0.980922, 73, 65, 136, 320
-0.98095, 33, 153, 160, 216
-0.980983, 209, 209, 240, 333
-0.981064, 193, 129, 320, 192
-0.981236, 209, 145, 272, 208
-0.981272, 149, 129, 180, 192
-0.981289, 57, 209, 120, 272
-0.981317, 309, 145, 340, 208
-0.981355, 213, 169, 244, 232
-0.981378, 261, 161, 292, 288
-0.981507, 221, 209, 252, 333
-0.981552, 401, 209, 464, 333
-0.981586, 193, 193, 224, 256
-0.981653, 141, 209, 172, 272
-0.981655, 321, 233, 352, 296
-0.981717, 289, 113, 416, 240
-0.981882, 345, 209, 376, 333
-0.981966, 129, 225, 160, 288
-0.981985, 237, 169, 268, 232
-0.982043, 217, 65, 280, 320
-0.982062, 245, 217, 276, 280
-0.982101, 49, 105, 112, 168
-0.982159, 293, 169, 324, 232
-0.982183, 329, 225, 392, 288
-0.982304, 281, 65, 344, 320
-0.982304, 345, 233, 376, 296
-0.982408, 285, 129, 316, 256
-0.982548, 193, 65, 320, 192
-0.982556, 157, 209, 188, 272
-0.982578, 321, 209, 352, 272
-0.982588, 257, 209, 384, 272
-0.982665, 321, 145, 352, 272
-0.982672, 273, 161, 400, 224
-0.982875, 361, 209, 424, 333
-0.982993, 89, 289, 152, 320
-0.983017, 233, 241, 264, 304
-0.983074, 129, 249, 160, 312
-0.983076, 73, 153, 104, 216
-0.983116, 289, 273, 416, 333
-0.983284, 93, 153, 124, 216
-0.98329, 301, 217, 332, 280
-0.983441, 217, 97, 280, 224
-0.983472, 321, 153, 352, 216
-0.983552, 281, 169, 312, 232
-0.983775, 177, 213, 240, 244
-0.984051, 249, 65, 312, 320
-0.984153, 81, 177, 112, 304
-0.984245, 73, 105, 136, 168
-0.984252, 61, 153, 92, 216
-0.984337, 229, 161, 260, 288
-0.984343, 217, 265, 248, 328
-0.984354, 161, 113, 224, 176
-0.984469, 317, 185, 348, 248
-0.984477, 25, 209, 88, 272
-0.984618, 281, 273, 312, 333
-0.984631, 153, 257, 216, 288
-0.984689, 9, 161, 72, 288
-0.984747, 105, 161, 136, 224
-0.984801, 129, 81, 256, 208
-0.984801, 209, 137, 240, 200
-0.984842, 337, 161, 368, 224
-0.984852, 353, 161, 416, 288
-0.984954, 81, 301, 144, 332
-0.985018, 433, 233, 496, 296
-0.985018, 121, 301, 184, 332
-0.98507, 213, 193, 244, 256
-0.98508, 257, 273, 288, 333
-0.985114, 161, 201, 224, 232
-0.985144, 93, 209, 124, 333
-0.985145, 1, 153, 32, 216
-0.985184, 97, 113, 224, 176
-0.985185, 89, 245, 152, 276
-0.985235, 233, 205, 296, 236
-0.985256, 333, 249, 364, 312
-0.985286, 85, 241, 116, 304
-0.985291, 121, 213, 184, 244
-0.985306, 305, 65, 368, 320
-0.985325, 1, 145, 32, 272
-0.985338, 1, 65, 64, 320
-0.98536, 265, 213, 328, 244
-0.98542, 121, 193, 152, 256
-0.985471, 109, 193, 140, 256
-0.985504, 273, 181, 336, 212
-0.985531, 129, 153, 160, 216
-0.985551, 233, 265, 264, 328
-0.985642, 305, 241, 336, 304
-0.985661, 17, 145, 48, 208
-0.985713, 81, 113, 112, 240
-0.985788, 41, 273, 72, 333
-0.985817, 137, 281, 200, 312
-0.985876, 445, 273, 476, 333
-0.985884, 153, 301, 216, 332
-0.98597, 469, 201, 500, 264
-0.986023, 449, 193, 480, 320
-0.986065, 153, 161, 216, 192
-0.986074, 433, 145, 496, 272
-0.986093, 33, 129, 96, 160
-0.986161, 161, 285, 224, 316
-0.986174, 193, 261, 256, 292
-0.986193, 105, 233, 168, 264
-0.986199, 309, 121, 340, 184
-0.986245, 105, 161, 136, 288
-0.986249, 285, 137, 316, 200
-0.986265, 89, 257, 152, 288
-0.986276, 17, 293, 80, 324
-0.986382, 193, 173, 256, 204
-0.986384, 337, 273, 368, 333
-0.986391, 449, 209, 480, 272
-0.986439, 1, 273, 32, 333
-0.986444, 465, 193, 496, 320
-0.986449, 113, 157, 176, 188
-0.9865, 257, 261, 320, 292
-0.98651, 257, 161, 288, 224
-0.986544, 1, 121, 64, 184
-0.986586, 433, 249, 464, 312
-0.986603, 81, 137, 144, 168
-0.986659, 9, 65, 72, 192
-0.986659, 209, 209, 272, 240
-0.986659, 241, 233, 304, 264
-0.986697, 153, 237, 216, 268
-0.986782, 113, 289, 176, 320
-0.986853, 129, 257, 192, 288
-0.986879, 25, 273, 56, 333
-0.986899, 1, 249, 64, 312
-0.986958, 65, 241, 320, 304
-0.986961, 45, 145, 76, 208
-0.986988, 1, 129, 256, 192
-0.987017, 17, 177, 80, 240
-0.987128, 249, 185, 312, 216
-0.987197, 129, 241, 192, 272
-0.987212, 161, 225, 224, 256
-0.987222, 353, 273, 416, 333
-0.987242, 333, 185, 364, 248
-0.987257, 1, 129, 32, 192
-0.987287, 137, 201, 200, 232
-0.987421, 273, 137, 400, 200
-0.98745, 313, 265, 344, 328
-0.987474, 33, 265, 288, 328
-0.987567, 217, 173, 280, 204
-0.987573, 225, 249, 288, 280
-0.987606, 49, 241, 112, 304
-0.987685, 289, 249, 416, 312
-0.987716, 113, 269, 176, 300
-0.987794, 265, 201, 328, 232
-0.987828, 269, 161, 300, 224
-0.987856, 217, 261, 280, 292
-0.987872, 129, 225, 192, 256
-0.987886, 225, 189, 288, 220
-0.987935, 73, 149, 136, 180
-0.987949, 97, 105, 160, 168
-0.987981, 89, 277, 152, 308
-0.987982, 333, 225, 364, 288
-0.987999, 201, 245, 264, 276
-0.988005, 225, 145, 256, 208
-0.988019, 57, 297, 120, 328
-0.988027, 13, 145, 44, 272
-0.988151, 161, 273, 224, 304
-0.988158, 85, 177, 116, 240
-0.988177, 445, 249, 476, 312
-0.988179, 293, 273, 324, 333
-0.988244, 33, 273, 96, 333
-0.988342, 137, 269, 200, 300
-0.988367, 105, 133, 168, 164
-0.988377, 297, 113, 360, 176
-0.988416, 25, 141, 88, 172
-0.988451, 145, 169, 176, 232
-0.988497, 257, 273, 320, 304
-0.988538, 185, 113, 216, 176
-0.988553, 249, 249, 312, 280
-0.988554, 129, 273, 384, 333
-0.988661, 201, 221, 264, 252
-0.988694, 97, 193, 128, 256
-0.988728, 65, 177, 96, 240
-0.988769, 241, 221, 304, 252
-0.988851, 337, 241, 464, 304
-0.988859, 249, 137, 312, 200
-0.98887, 49, 285, 112, 316
-0.988871, 85, 105, 116, 168
-0.988874, 273, 225, 336, 256
-0.988994, 333, 209, 364, 333
-0.989084, 313, 177, 376, 208
-0.989102, 73, 105, 104, 168
-0.989116, 73, 1, 136, 333
-0.989167, 1, 161, 256, 224
-0.98917, 169, 1, 232, 333
-0.989221, 173, 113, 204, 176
-0.989232, 113, 1, 176, 333
-0.989256, 117, 105, 148, 168
-0.989257, 193, 161, 256, 192
-0.989336, 33, 105, 160, 168
-0.989357, 297, 273, 360, 304
-0.989359, 409, 233, 472, 296
-0.989372, 281, 237, 344, 268
-0.989388, 105, 105, 136, 168
-0.989391, 177, 185, 240, 216
-0.989421, 297, 261, 360, 292
-0.989426, 225, 273, 288, 304
-0.989435, 153, 213, 216, 244
-0.989482, 425, 273, 456, 333
-0.989497, 273, 113, 336, 176
-0.989513, 97, 145, 352, 208
-0.989516, 209, 233, 272, 264
-0.989529, 169, 137, 232, 168
-0.989553, 393, 161, 456, 288
-0.989593, 17, 121, 48, 184
-0.989619, 185, 273, 248, 304
-0.989647, 281, 81, 344, 208
-0.989684, 45, 209, 76, 272
-0.98976, 157, 105, 188, 168
-0.989779, 241, 97, 368, 224
-0.989831, 137, 1, 200, 333
-0.989866, 349, 209, 380, 272
-0.98989, 61, 105, 92, 168
-0.98994, 177, 241, 240, 272
-0.99008, 65, 273, 128, 304
-0.990083, 161, 209, 416, 272
-0.990098, 273, 133, 336, 164
-0.990125, 49, 1, 112, 333
-0.990142, 205, 97, 236, 224
-0.990161, 25, 153, 88, 216
-0.990269, 289, 201, 352, 232
-0.990302, 297, 225, 360, 256
-0.990303, 129, 169, 384, 232
-0.990322, 49, 49, 112, 176
-0.99034, 329, 193, 392, 256
-0.990416, 49, 149, 112, 180
-0.990422, 129, 105, 192, 168
-0.990452, 337, 209, 464, 272
-0.990456, 1, 201, 64, 264
-0.990529, 289, 165, 352, 196
-0.990582, 89, 221, 152, 252
-0.990599, 201, 185, 264, 216
-0.990689, 1, 97, 32, 224
-0.990722, 337, 265, 464, 328
-0.990756, 81, 125, 144, 156
-0.990759, 145, 137, 208, 168
-0.990799, 185, 201, 248, 232
-0.990808, 57, 137, 120, 168
-0.990862, 249, 173, 312, 204
-0.990866, 321, 245, 384, 276
-0.990919, 169, 289, 200, 320
-0.990938, 113, 201, 176, 232
-0.990979, 1, 281, 64, 312
-0.990983, 49, 297, 176, 328
-0.990994, 29, 209, 60, 333
-0.991091, 121, 145, 184, 176
-0.991153, 337, 185, 464, 248
-0.991159, 353, 217, 416, 280
-0.991172, 65, 257, 128, 288
-0.991225, 329, 65, 392, 320
-0.991244, 337, 113, 464, 240
-0.991278, 297, 129, 328, 160
-0.991342, 81, 285, 208, 316
-0.991354, 137, 177, 200, 208
-0.991387, 61, 161, 92, 288
-0.991413, 137, 189, 200, 220
-0.991434, 97, 245, 128, 276
-0.991452, 97, 289, 128, 320
-0.991462, 297, 249, 360, 280
-0.991464, 65, 217, 320, 280
-0.991471, 257, 185, 500, 248
-0.991472, 349, 161, 380, 288
-0.991485, 81, 161, 144, 192
-0.991487, 313, 189, 376, 220
-0.991495, 269, 213, 300, 244
-0.991541, 161, 249, 416, 312
-0.991576, 401, 209, 464, 272
-0.991592, 89, 301, 120, 332
-0.991657, 161, 253, 192, 284
-0.991658, 173, 201, 204, 232
-0.99171, 213, 217, 244, 248
-0.991735, 129, 289, 160, 320
-0.991744, 261, 265, 292, 296
-0.991757, 301, 177, 332, 208
-0.99177, 269, 233, 300, 264
-0.991771, 165, 161, 196, 192
-0.991772, 17, 1, 80, 333
-0.991786, 257, 213, 288, 244
-0.991786, 25, 105, 88, 168
-0.991789, 17, 133, 144, 164
-0.991804, 65, 273, 192, 304
-0.991824, 225, 113, 256, 240
-0.991832, 57, 125, 120, 156
-0.991843, 181, 269, 212, 300
-0.991871, 99, 249, 114, 312
-0.991875, 165, 301, 196, 332
-0.991891, 273, 249, 336, 280
-0.991909, 169, 217, 200, 248
-0.99191, 165, 233, 180, 296
-0.991911, 1, 297, 128, 328
-0.991937, 93, 261, 124, 292
-0.991941, 169, 277, 200, 308
-0.991944, 281, 209, 312, 240
-0.991988, 181, 285, 212, 316
-0.992012, 13, 97, 44, 224
-0.992017, 117, 157, 148, 188
-0.992028, 97, 297, 224, 328
-0.992029, 177, 185, 192, 248
-0.992036, 149, 273, 180, 304
-0.99205, 113, 293, 144, 324
-0.992057, 177, 165, 208, 196
-0.992068, 165, 233, 196, 264
-0.992073, 237, 189, 268, 220
-0.992113, 129, 301, 160, 332
-0.992114, 321, 257, 384, 288
-0.992137, 117, 217, 148, 248
-0.992142, 289, 213, 352, 244
-0.992151, 193, 281, 224, 312
-0.992153, 175, 217, 190, 280
-0.992155, 101, 277, 132, 308
-0.992158, 169, 173, 232, 204
-0.992176, 177, 297, 240, 328
-0.992177, 111, 129, 126, 192
-0.992226, 249, 269, 280, 300
-0.992233, 17, 297, 48, 328
-0.992244, 297, 1, 360, 333
-0.992244, 169, 265, 200, 296
-0.99226, 177, 177, 304, 208
-0.99228, 1, 145, 64, 176
-0.992299, 321, 269, 384, 300
-0.99231, 33, 285, 160, 316
-0.992311, 81, 241, 208, 272
-0.992343, 329, 113, 392, 240
-0.992344, 249, 129, 280, 256
-0.992352, 205, 165, 236, 196
-0.992353, 241, 209, 272, 240
-0.992383, 281, 221, 312, 252
-0.992409, 281, 185, 312, 216
-0.992415, 293, 189, 324, 220
-0.992416, 257, 201, 288, 232
-0.99243, 241, 173, 272, 204
-0.992441, 141, 289, 172, 320
-0.992443, 257, 181, 288, 212
-0.99246, 109, 137, 140, 168
-0.992487, 273, 273, 304, 304
-0.992499, 249, 185, 264, 248
-0.99251, 41, 289, 72, 320
-0.992515, 201, 241, 232, 272
-0.992522, 141, 237, 172, 268
-0.992528, 149, 253, 180, 284
-0.992528, 81, 209, 144, 240
-0.992532, 1, 185, 256, 248
-0.992536, 225, 213, 256, 244
-0.992538, 153, 205, 184, 236
-0.992552, 185, 217, 216, 248
-0.992554, 273, 253, 304, 284
-0.99257, 81, 233, 144, 264
-0.99257, 225, 173, 256, 204
-0.992571, 193, 261, 224, 292
-0.992581, 257, 249, 500, 312
-0.992584, 161, 177, 192, 208
-0.992589, 1, 297, 32, 328
-0.99259, 321, 229, 352, 260
-0.992592, 121, 129, 136, 192
-0.992592, 225, 1, 288, 333
-0.992611, 145, 165, 272, 196
-0.99262, 109, 241, 140, 272
-0.992622, 185, 249, 216, 280
-0.992644, 433, 185, 496, 248
-0.992645, 185, 237, 216, 268
-0.992653, 65, 181, 128, 212
-0.992663, 297, 285, 360, 316
-0.992664, 289, 153, 352, 184
-0.992671, 145, 301, 176, 332
-0.992673, 301, 209, 332, 240
-0.992701, 45, 125, 76, 156
-0.992712, 177, 273, 304, 304
-0.992716, 61, 129, 92, 160
-0.992729, 185, 197, 216, 228
-0.992734, 273, 113, 304, 240
-0.992743, 33, 129, 64, 160
-0.992744, 181, 301, 212, 332
-0.992744, 217, 261, 248, 292
-0.992756, 29, 293, 60, 324
-0.992769, 89, 129, 120, 160
-0.992801, 313, 165, 376, 196
-0.992801, 113, 169, 176, 200
-0.992802, 97, 145, 128, 176
-0.992806, 9, 129, 72, 160
-0.992819, 237, 265, 268, 296
-0.992823, 257, 253, 288, 284
-0.992831, 205, 261, 236, 292
-0.99284, 277, 197, 308, 228
-0.992846, 309, 197, 340, 228
-0.992853, 1, 145, 128, 176
-0.992856, 5, 209, 36, 333
-0.992869, 89, 273, 120, 304
-0.992906, 177, 137, 192, 200
-0.992916, 257, 225, 288, 256
-0.992922, 121, 217, 136, 280
-0.992926, 77, 129, 108, 160
-0.992928, 101, 125, 132, 156
-0.992929, 193, 133, 224, 164
-0.992931, 329, 281, 360, 312
-0.992948, 209, 121, 272, 184
-0.992952, 305, 141, 336, 172
-0.992963, 161, 197, 288, 228
-0.992967, 105, 221, 136, 252
-0.992979, 321, 289, 384, 320
-0.992989, 181, 181, 212, 212
-0.993014, 157, 221, 188, 252
-0.993024, 101, 301, 132, 332
-0.993036, 153, 237, 184, 268
-0.993053, 245, 253, 276, 284
-0.993078, 65, 245, 128, 276
-0.993083, 353, 249, 416, 312
-0.993087, 129, 225, 160, 256
-0.993089, 145, 257, 272, 288
-0.993094, 345, 241, 376, 272
-0.993109, 181, 209, 196, 272
-0.993116, 313, 65, 376, 192
-0.993121, 313, 181, 344, 212
-0.993132, 173, 245, 204, 276
-0.993141, 241, 269, 368, 300
-0.993152, 77, 141, 108, 172
-0.993153, 129, 285, 256, 316
-0.993154, 169, 189, 200, 220
-0.993157, 45, 301, 76, 332
-0.993158, 185, 113, 248, 176
-0.993161, 205, 229, 236, 260
-0.99317, 129, 153, 160, 184
-0.993171, 433, 65, 496, 320
-0.993172, 205, 249, 220, 312
-0.993174, 325, 249, 356, 280
-0.993175, 177, 137, 208, 168
-0.993195, 109, 261, 140, 292
-0.9932, 237, 233, 268, 264
-0.993203, 285, 265, 316, 296
-0.993205, 81, 197, 144, 228
-0.993217, 279, 217, 294, 280
-0.993221, 49, 165, 112, 196
-0.993223, 201, 213, 232, 244
-0.993225, 211, 241, 226, 304
-0.993229, 97, 137, 224, 168
-0.993231, 117, 229, 148, 260
-0.993234, 149, 133, 180, 164
-0.993241, 113, 273, 144, 304
-0.993247, 425, 265, 488, 296
-0.993247, 97, 161, 224, 192
-0.99325, 433, 265, 464, 296
-0.993254, 285, 253, 316, 284
-0.993257, 317, 293, 348, 324
-0.993258, 1, 249, 500, 312
-0.993261, 295, 185, 310, 248
-0.993262, 217, 229, 248, 260
-0.993275, 171, 161, 186, 224
-0.993279, 153, 285, 184, 316
-0.99328, 325, 261, 356, 292
-0.99329, 173, 265, 188, 328
-0.993299, 97, 129, 112, 192
-0.993301, 141, 225, 172, 256
-0.993306, 301, 221, 332, 252
-0.993309, 285, 173, 316, 204
-0.993316, 317, 165, 348, 196
-0.993333, 65, 145, 96, 176
-0.993335, 221, 245, 252, 276
-0.993339, 433, 253, 496, 284
-0.993343, 433, 205, 496, 236
-0.993343, 237, 221, 268, 252
-0.993345, 137, 253, 168, 284
-0.993354, 301, 177, 316, 240
-0.993356, 257, 241, 288, 272
-0.993361, 313, 209, 344, 240
-0.993365, 265, 257, 280, 320
-0.993367, 197, 177, 228, 208
-0.993372, 97, 157, 128, 188
-0.993379, 121, 133, 152, 164
-0.993384, 109, 197, 140, 228
-0.993384, 177, 149, 240, 180
-0.993385, 297, 125, 360, 156
-0.993395, 183, 137, 198, 200
-0.993399, 81, 257, 112, 288
-0.993474, 313, 213, 376, 244
-0.993498, 81, 261, 208, 292
-0.993501, 185, 161, 200, 224
-0.993511, 49, 157, 176, 188
-0.993528, 141, 81, 172, 208
-0.993568, 285, 209, 300, 272
-0.99358, 183, 185, 198, 248
-0.993631, 185, 285, 248, 316
-0.993656, 337, 161, 400, 224
-0.993674, 437, 209, 468, 333
-0.993687, 297, 297, 360, 328
-0.993705, 107, 273, 122, 333
-0.993718, 241, 193, 368, 224
-0.993724, 89, 129, 104, 192
-0.993738, 113, 233, 128, 296
-0.993757, 271, 209, 286, 272
-0.993781, 157, 249, 172, 312
-0.9938, 1, 261, 128, 292
-0.993805, 249, 113, 312, 176
-0.993806, 257, 1, 320, 333
-0.99381, 105, 241, 120, 304
-0.993816, 129, 81, 160, 208
-0.993821, 271, 241, 286, 304
-0.993834, 261, 209, 276, 272
-0.993834, 185, 273, 200, 333
-0.993864, 193, 241, 320, 272
-0.993868, 409, 281, 472, 312
-0.99387, 313, 201, 376, 232
-0.993874, 199, 265, 214, 328
-0.993878, 137, 265, 152, 328
-0.993887, 49, 145, 176, 176
-0.993905, 257, 289, 320, 320
-0.993943, 249, 65, 312, 192
-0.99396, 219, 209, 234, 272
-0.99397, 283, 241, 298, 304
-0.993997, 169, 137, 184, 200
-0.994002, 103, 129, 118, 192
-0.994016, 179, 161, 194, 224
-0.994019, 193, 273, 208, 333
-0.994041, 1, 177, 500, 240
-0.994042, 393, 273, 456, 333
-0.994061, 161, 125, 224, 156
-0.994077, 129, 217, 256, 248
-0.994104, 297, 137, 360, 168
-0.994134, 257, 225, 500, 288
-0.994147, 89, 173, 152, 204
-0.994187, 1, 273, 128, 304
-0.994191, 281, 185, 296, 248
-0.994197, 225, 285, 288, 316
-0.994205, 191, 137, 206, 200
-0.994209, 257, 161, 320, 192
-0.994236, 201, 1, 264, 333
-0.994241, 193, 97, 320, 160
-0.99425, 73, 129, 88, 192
-0.994262, 297, 129, 312, 192
-0.994269, 129, 229, 256, 260
-0.994281, 65, 221, 128, 252
-0.994298, 315, 129, 330, 192
-0.994317, 313, 169, 328, 232
-0.994322, 409, 65, 472, 320
-0.994322, 259, 257, 274, 320
-0.994353, 189, 201, 204, 264
-0.994354, 45, 161, 76, 288
-0.994355, 241, 257, 368, 288
-0.994368, 191, 161, 206, 224
-0.994444, 131, 129, 146, 192
-0.994448, 145, 273, 160, 333
-0.994453, 129, 273, 144, 333
-0.994453, 165, 169, 180, 232
-0.994465, 129, 125, 192, 156
-0.994481, 81, 229, 208, 260
-0.994506, 225, 181, 352, 212
-0.994529, 193, 209, 320, 240
-0.994536, 213, 217, 228, 280
-0.994575, 169, 209, 184, 272
-0.994578, 25, 233, 88, 296
-0.99459, 1, 201, 500, 264
-0.994591, 183, 233, 198, 296
-0.994609, 49, 65, 80, 192
-0.994612, 193, 225, 320, 256
-0.994625, 233, 177, 248, 240
-0.994628, 253, 257, 268, 320
-0.994642, 113, 273, 240, 304
-0.994649, 197, 241, 212, 304
-0.994655, 321, 185, 336, 248
-0.994669, 161, 273, 176, 333
-0.994694, 207, 129, 222, 192
-0.994713, 353, 65, 416, 320
-0.994716, 239, 193, 254, 256
-0.994726, 289, 113, 416, 176
-0.99476, 113, 189, 176, 220
-0.994762, 193, 253, 320, 284
-0.994764, 321, 97, 352, 224
-0.994776, 243, 169, 258, 232
-0.994795, 17, 217, 144, 248
-0.9948, 225, 161, 288, 192
-0.994804, 123, 265, 138, 328
-0.994812, 93, 257, 108, 320
-0.994827, 25, 213, 88, 244
-0.994838, 225, 273, 480, 333
-0.994842, 61, 129, 76, 192
-0.994844, 153, 81, 184, 208
-0.99485, 293, 209, 308, 272
-0.994866, 255, 185, 270, 248
-0.994874, 225, 209, 240, 272
-0.994912, 275, 265, 290, 328
-0.994915, 261, 177, 276, 240
-0.994927, 179, 273, 194, 333
-0.994932, 129, 177, 256, 208
-0.994948, 167, 257, 182, 320
-0.994955, 67, 121, 82, 184
-0.994963, 1, 225, 500, 288
-0.994965, 361, 193, 392, 320
-0.994991, 303, 121, 318, 184
-0.994992, 197, 137, 212, 200
-0.995001, 83, 129, 98, 192
-0.995015, 139, 129, 154, 192
-0.995015, 153, 129, 168, 192
-0.995033, 177, 241, 192, 304
-0.995065, 207, 217, 222, 280
-0.995083, 309, 121, 324, 184
-0.995093, 133, 217, 148, 280
-0.995197, 215, 161, 230, 224
-0.9952, 335, 249, 350, 312
-0.995218, 113, 205, 240, 236
-0.995236, 33, 129, 48, 192
-0.995242, 353, 185, 416, 248
-0.995244, 163, 137, 178, 200
-0.995265, 65, 173, 192, 204
-0.995268, 51, 121, 66, 184
-0.995276, 1, 137, 500, 200
-0.995281, 225, 161, 480, 224
-0.995283, 225, 165, 352, 196
-0.9953, 237, 217, 252, 280
-0.99531, 267, 185, 282, 248
-0.99532, 115, 209, 130, 272
-0.995343, 323, 153, 338, 216
-0.995356, 115, 257, 130, 320
-0.995377, 113, 153, 128, 216
-0.995401, 275, 185, 290, 248
-0.995428, 287, 185, 302, 248
-0.995435, 101, 273, 116, 333
-0.995437, 1, 273, 500, 333
-0.995437, 129, 241, 256, 272
-0.995452, 113, 149, 240, 180
-0.995458, 195, 193, 210, 256
-0.995471, 117, 81, 148, 208
-0.995486, 401, 185, 464, 248
-0.995489, 241, 205, 368, 236
-0.995499, 81, 217, 208, 248
-0.995545, 145, 301, 272, 332
-0.995575, 143, 249, 158, 312
-0.995581, 17, 249, 144, 280
-0.995651, 87, 153, 102, 216
-0.99567, 157, 225, 172, 288
-0.99567, 307, 169, 322, 232
-0.995674, 433, 161, 496, 224
-0.995681, 231, 217, 246, 280
-0.995702, 225, 241, 240, 304
-0.995706, 191, 249, 206, 312
-0.995708, 321, 1, 384, 333
-0.995711, 145, 129, 160, 192
-0.995714, 121, 161, 136, 224
-0.99574, 299, 209, 314, 272
-0.995751, 219, 233, 234, 296
-0.995753, 259, 233, 274, 296
-0.995757, 177, 285, 304, 316
-0.995765, 81, 193, 208, 224
-0.995771, 193, 81, 224, 208
-0.995777, 221, 161, 236, 224
-0.995799, 205, 273, 220, 333
-0.995811, 247, 209, 262, 272
-0.995814, 227, 169, 242, 232
-0.995817, 17, 229, 144, 260
-0.995828, 151, 233, 166, 296
-0.995833, 129, 153, 144, 216
-0.995859, 127, 233, 142, 296
-0.995867, 309, 193, 324, 256
-0.99588, 289, 241, 304, 304
-0.995898, 327, 193, 342, 256
-0.995907, 201, 217, 216, 280
-0.995913, 209, 141, 336, 172
-0.996014, 273, 177, 400, 208
-0.996043, 129, 121, 384, 184
-0.996059, 347, 241, 362, 304
-0.99606, 197, 161, 212, 224
-0.996082, 323, 225, 338, 288
-0.996098, 333, 273, 348, 333
-0.996106, 301, 153, 316, 216
-0.99611, 293, 153, 308, 216
-0.996117, 289, 285, 416, 316
-0.996117, 143, 225, 158, 288
-0.996118, 255, 209, 270, 272
-0.996139, 17, 205, 144, 236
-0.996219, 193, 153, 320, 184
-0.99624, 241, 217, 368, 248
-0.996265, 81, 125, 208, 156
-0.996277, 241, 241, 368, 272
-0.99628, 17, 209, 48, 333
-0.996422, 41, 209, 72, 333
-0.996461, 1, 121, 128, 152
-0.996662, 99, 249, 114, 280
-0.99667, 175, 197, 190, 228
-0.996703, 241, 229, 368, 260
-0.996715, 321, 161, 448, 224
-0.996721, 433, 1, 496, 333
-0.996721, 241, 281, 368, 312
-0.996727, 193, 129, 320, 160
-0.996737, 353, 113, 416, 240
-0.996774, 289, 273, 416, 304
-0.996783, 283, 213, 298, 244
-0.996792, 265, 265, 280, 296
-0.996814, 17, 181, 144, 212
-0.996836, 145, 137, 272, 168
-0.996866, 175, 221, 190, 252
-0.996867, 257, 1, 500, 128
-0.996879, 385, 65, 448, 320
-0.996891, 111, 241, 126, 272
-0.996898, 81, 65, 112, 192
-0.996946, 307, 125, 322, 156
-0.996966, 301, 181, 316, 212
-0.996998, 171, 289, 186, 320
-0.997002, 101, 261, 116, 292
-0.997003, 163, 253, 178, 284
-0.997009, 181, 217, 196, 248
-0.997017, 1, 97, 64, 160
-0.997039, 17, 193, 144, 224
-0.997046, 177, 65, 208, 320
-0.99706, 97, 293, 112, 324
-0.99706, 289, 253, 416, 284
-0.997108, 91, 301, 106, 332
-0.997115, 121, 221, 136, 252
-0.997117, 299, 129, 314, 160
-0.997118, 1, 157, 128, 188
-0.997144, 249, 189, 264, 220
-0.997149, 161, 33, 416, 160
-0.99715, 145, 65, 176, 320
-0.997155, 273, 129, 400, 160
-0.997168, 65, 205, 192, 236
-0.997171, 181, 285, 196, 316
-0.997179, 113, 65, 144, 320
-0.997193, 277, 217, 292, 248
-0.997204, 195, 285, 210, 316
-0.997206, 123, 297, 138, 328
-0.99721, 275, 229, 290, 260
-0.997217, 197, 65, 228, 320
-0.997232, 269, 209, 284, 240
-0.997253, 189, 269, 204, 300
-0.997259, 113, 157, 128, 188
-0.997261, 291, 201, 306, 232
-0.997276, 103, 129, 118, 160
-0.997287, 217, 209, 232, 240
-0.997287, 377, 249, 440, 312
-0.997334, 183, 205, 198, 236
-0.997352, 117, 293, 132, 324
-0.997365, 131, 153, 146, 184
-0.997375, 289, 189, 416, 220
-0.997376, 345, 1, 408, 333
-0.997403, 181, 189, 196, 220
-0.997422, 165, 65, 196, 320
-0.997432, 105, 245, 120, 276
-0.997454, 353, 249, 480, 280
-0.997456, 135, 289, 150, 320
-0.997465, 173, 209, 188, 333
-0.997467, 163, 241, 178, 272
-0.997469, 85, 65, 116, 320
-0.997472, 203, 261, 218, 292
-0.997481, 23, 297, 38, 328
-0.997489, 101, 65, 132, 320
-0.99749, 275, 205, 290, 236
-0.997492, 193, 165, 208, 196
-0.997501, 93, 81, 124, 208
-0.997503, 71, 129, 86, 160
-0.997516, 97, 137, 112, 168
-0.99752, 177, 273, 192, 304
-0.997527, 209, 257, 224, 288
-0.997529, 171, 233, 186, 264
-0.99753, 241, 153, 368, 184
-0.997539, 109, 133, 124, 164
-0.99754, 25, 81, 56, 208
-0.99755, 109, 145, 124, 176
-0.997556, 119, 233, 134, 264
-0.997556, 141, 289, 156, 320
-0.997559, 165, 161, 180, 192
-0.997563, 129, 297, 144, 328
-0.997572, 243, 173, 258, 204
-0.997572, 301, 193, 316, 224
-0.997581, 229, 217, 244, 248
-0.997593, 59, 133, 74, 164
-0.997595, 119, 129, 134, 160
-0.997596, 89, 137, 104, 168
-0.997598, 57, 65, 88, 320
-0.997598, 37, 65, 68, 320
-0.9976, 111, 289, 126, 320
-0.997602, 187, 217, 202, 248
-0.997606, 279, 193, 294, 224
-0.997611, 293, 185, 308, 216
-0.997621, 179, 161, 194, 192
-0.997623, 283, 253, 298, 284
-0.997625, 125, 65, 156, 320
-0.997637, 187, 165, 202, 196
-0.997647, 261, 277, 276, 308
-0.997648, 191, 297, 206, 328
-0.99766, 115, 221, 130, 252
-0.997665, 17, 301, 32, 332
-0.997671, 315, 137, 330, 168
-0.997689, 177, 233, 192, 264
-0.997702, 175, 181, 190, 212
-0.997707, 103, 273, 118, 304
-0.997709, 319, 181, 334, 212
-0.99771, 201, 245, 216, 276
-0.997712, 87, 149, 102, 180
-0.997717, 163, 277, 178, 308
-0.997722, 321, 121, 384, 184
-0.997723, 119, 141, 134, 172
-0.997724, 71, 145, 86, 176
-0.997724, 309, 177, 324, 208
-0.997733, 129, 137, 144, 168
-0.997736, 175, 209, 190, 240
-0.997745, 125, 153, 140, 184
-0.997747, 337, 277, 464, 308
-0.997748, 161, 301, 176, 332
-0.997756, 183, 301, 198, 332
-0.997766, 155, 257, 170, 288
-0.997769, 83, 137, 98, 168
-0.997776, 205, 129, 220, 160
-0.997782, 99, 149, 114, 180
-0.997794, 201, 273, 216, 304
-0.997798, 171, 161, 186, 192
-0.997798, 167, 177, 182, 208
-0.997801, 127, 213, 142, 244
-0.997802, 253, 261, 268, 292
-0.997802, 145, 113, 272, 176
-0.997803, 313, 125, 328, 156
-0.997804, 117, 209, 132, 333
-0.997809, 271, 245, 286, 276
-0.997824, 5, 297, 20, 328
-0.997825, 103, 301, 118, 332
-0.99783, 353, 261, 480, 292
-0.997832, 251, 205, 266, 236
-0.997852, 93, 125, 108, 156
-0.997854, 169, 257, 184, 288
-0.99786, 209, 65, 240, 320
-0.997864, 237, 173, 252, 204
-0.997865, 37, 129, 52, 160
-0.997866, 203, 165, 218, 196
-0.99787, 37, 293, 52, 324
-0.997876, 177, 161, 192, 288
-0.997877, 49, 289, 64, 320
-0.997879, 49, 125, 64, 156
-0.997882, 257, 197, 272, 228
-0.997893, 185, 177, 200, 208
-0.997896, 183, 129, 198, 256
-0.997898, 191, 197, 206, 228
-0.997898, 195, 265, 210, 296
-0.9979, 209, 225, 224, 256
-0.997907, 119, 153, 134, 184
-0.99791, 313, 197, 328, 228
-0.997911, 237, 213, 252, 244
-0.997914, 259, 265, 274, 296
-0.997917, 263, 213, 278, 244
-0.997921, 43, 289, 58, 320
-0.997922, 1, 169, 128, 200
-0.997925, 147, 293, 162, 324
-0.997927, 271, 261, 286, 292
-0.997928, 301, 65, 332, 320
-0.997928, 29, 297, 44, 328
-0.99793, 207, 237, 222, 268
-0.997931, 179, 209, 194, 333
-0.997945, 335, 253, 350, 284
-0.997948, 165, 209, 180, 240
-0.997963, 119, 209, 134, 240
-0.997971, 65, 129, 80, 160
-0.997976, 185, 137, 200, 168
-0.997978, 109, 225, 124, 256
-0.99798, 95, 261, 110, 292
-0.997985, 401, 1, 464, 333
-0.997987, 287, 185, 302, 216
-0.997992, 377, 1, 440, 333
-0.998, 319, 225, 334, 256
-0.998005, 285, 237, 300, 268
-0.998015, 25, 65, 56, 320
-0.998018, 69, 65, 100, 320
-0.998082, 125, 209, 140, 333
-0.998082, 271, 209, 286, 333
-0.998145, 33, 105, 288, 168
-0.998154, 261, 209, 276, 333
-0.998184, 353, 237, 480, 268
-0.998206, 289, 65, 320, 320
-0.998226, 229, 65, 260, 320
-0.998247, 281, 209, 296, 333
-0.998258, 305, 65, 432, 192
-0.998259, 369, 161, 496, 224
-0.998282, 273, 297, 400, 328
-0.998294, 165, 209, 180, 333
-0.998301, 291, 193, 306, 320
-0.998329, 257, 49, 500, 176
-0.998346, 97, 129, 112, 256
-0.998357, 89, 295, 152, 310
-0.99837, 89, 301, 152, 316
-0.998372, 137, 309, 200, 324
-0.998372, 321, 227, 352, 242
-0.998375, 329, 279, 360, 294
-0.998375, 237, 237, 268, 252
-0.998376, 313, 169, 344, 184
-0.998376, 257, 141, 384, 172
-0.998381, 73, 129, 88, 256
-0.998381, 181, 209, 212, 224
-0.998382, 177, 215, 240, 230
-0.998383, 121, 293, 184, 308
-0.998387, 205, 167, 236, 182
-0.998389, 153, 167, 216, 182
-0.998396, 193, 171, 256, 186
-0.998398, 241, 207, 304, 222
-0.9984, 17, 295, 80, 310
-0.998401, 325, 193, 340, 320
-0.998402, 161, 277, 224, 292
-0.998403, 105, 225, 136, 240
-0.998407, 241, 269, 272, 284
-0.998407, 109, 317, 140, 332
-0.998411, 297, 199, 328, 214
-0.998411, 273, 165, 400, 196
-0.998417, 81, 309, 144, 324
-0.998419, 113, 313, 176, 328
-0.99842, 137, 287, 200, 302
-0.998421, 145, 259, 208, 274
-0.998422, 89, 249, 152, 264
-0.998424, 117, 233, 148, 248
-0.998425, 93, 145, 124, 160
-0.998426, 129, 221, 192, 236
-0.998426, 89, 289, 152, 304
-0.998428, 289, 181, 352, 196
-0.998428, 225, 215, 288, 230
-0.998428, 265, 215, 328, 230
-0.99843, 189, 145, 204, 272
-0.998431, 153, 265, 216, 280
-0.998432, 121, 303, 184, 318
-0.998432, 181, 311, 212, 326
-0.998432, 197, 281, 228, 296
-0.998433, 233, 235, 296, 250
-0.998433, 161, 293, 224, 308
-0.998435, 193, 289, 224, 304
-0.998435, 81, 261, 144, 276
-0.998436, 137, 315, 200, 330
-0.998437, 25, 131, 88, 146
-0.998438, 145, 273, 176, 288
-0.998438, 161, 283, 224, 298
-0.998439, 201, 265, 232, 280
-0.998439, 63, 113, 78, 240
-0.99844, 161, 221, 224, 236
-0.99844, 193, 261, 256, 276
-0.998443, 105, 237, 168, 252
-0.998443, 161, 203, 224, 218
-0.998444, 169, 129, 184, 256
-0.998445, 145, 303, 208, 318
-0.998447, 131, 209, 146, 333
-0.998447, 225, 179, 288, 194
-0.998447, 105, 135, 168, 150
-0.998448, 49, 295, 112, 310
-0.998449, 105, 261, 168, 276
-0.998449, 89, 255, 152, 270
-0.99845, 137, 201, 200, 216
-0.998452, 337, 213, 464, 244
-0.998452, 209, 267, 272, 282
-0.998454, 121, 227, 184, 242
-0.998455, 129, 241, 192, 256
-0.998457, 105, 243, 168, 258
-0.998457, 49, 317, 112, 332
-0.998457, 169, 259, 232, 274
-0.998457, 241, 243, 304, 258
-0.99846, 301, 209, 332, 224
-0.99846, 25, 147, 88, 162
-0.99846, 169, 253, 232, 268
-0.998461, 265, 183, 328, 198
-0.998461, 81, 317, 144, 332
-0.998461, 121, 215, 184, 230
-0.998461, 137, 275, 200, 290
-0.998462, 137, 209, 200, 224
-0.998462, 141, 265, 172, 280
-0.998462, 185, 237, 216, 252
-0.998463, 73, 149, 136, 164
-0.998465, 201, 215, 264, 230
-0.998465, 249, 197, 312, 212
-0.998465, 265, 209, 328, 224
-0.998465, 257, 269, 320, 284
-0.998467, 153, 235, 216, 250
-0.998469, 113, 161, 176, 176
-0.998475, 305, 151, 336, 166
-0.998476, 169, 177, 232, 192
-0.998476, 17, 301, 48, 316
-0.998476, 297, 277, 360, 292
-0.998477, 225, 293, 352, 324
-0.998477, 257, 235, 320, 250
-0.998478, 161, 141, 224, 156
-0.998479, 225, 261, 288, 276
-0.99848, 89, 157, 152, 172
-0.998481, 65, 135, 128, 150
-0.998482, 185, 183, 248, 198
-0.998482, 49, 289, 112, 304
-0.998483, 97, 227, 160, 242
-0.998484, 233, 181, 264, 196
-0.998484, 225, 275, 288, 290
-0.998485, 289, 209, 352, 224
-0.998485, 89, 281, 152, 296
-0.998486, 193, 177, 256, 192
-0.998487, 161, 271, 224, 286
-0.998487, 49, 141, 112, 156
-0.998487, 469, 129, 500, 256
-0.998487, 181, 179, 212, 194
-0.998487, 201, 275, 264, 290
-0.998488, 225, 195, 288, 210
-0.998488, 161, 209, 224, 224
-0.998488, 153, 227, 216, 242
-0.99849, 9, 301, 72, 316
-0.998491, 89, 267, 152, 282
-0.998491, 161, 313, 224, 328
-0.998493, 121, 255, 184, 270
-0.998493, 225, 249, 288, 264
-0.998493, 207, 113, 222, 240
-0.998494, 233, 189, 296, 204
-0.998494, 249, 259, 312, 274
-0.998496, 105, 221, 168, 236
-0.998496, 265, 203, 328, 218
-0.998497, 233, 223, 296, 238
-0.998498, 185, 267, 248, 282
-0.998499, 121, 155, 184, 170
-0.998499, 249, 277, 312, 292
-0.998502, 185, 221, 248, 236
-0.998504, 225, 229, 288, 244
-0.998504, 159, 209, 174, 333
-0.998504, 129, 233, 192, 248
-0.998504, 13, 65, 44, 320
-0.998504, 161, 285, 192, 300
-0.998504, 129, 135, 192, 150
-0.998505, 265, 227, 328, 242
-0.998505, 193, 229, 256, 244
-0.998505, 49, 301, 112, 316
-0.998506, 269, 225, 300, 240
-0.998507, 217, 207, 280, 222
-0.998507, 209, 243, 272, 258
-0.998508, 129, 265, 192, 280
-0.998509, 313, 179, 376, 194
-0.998511, 209, 255, 272, 270
-0.998511, 73, 129, 136, 144
-0.998513, 289, 241, 416, 272
-0.998513, 273, 189, 336, 204
-0.998513, 249, 249, 312, 264
-0.998514, 113, 171, 176, 186
-0.998514, 129, 281, 192, 296
-0.998515, 161, 197, 224, 212
-0.998515, 153, 215, 216, 230
-0.998515, 273, 221, 336, 236
-0.99852, 297, 271, 360, 286
-0.99852, 173, 231, 204, 246
-0.99852, 153, 241, 216, 256
-0.998521, 313, 187, 376, 202
-0.998521, 281, 131, 344, 146
-0.998522, 1, 65, 32, 320
-0.998522, 25, 139, 88, 154
-0.998522, 193, 165, 256, 180
-0.998524, 265, 243, 328, 258
-0.998524, 105, 273, 168, 288
-0.998526, 113, 203, 176, 218
-0.998527, 49, 149, 112, 164
-0.998528, 233, 269, 296, 284
-0.998528, 315, 129, 330, 256
-0.998531, 17, 317, 80, 332
-0.998532, 209, 235, 272, 250
-0.998532, 209, 221, 272, 236
-0.998533, 225, 173, 288, 188
-0.998534, 169, 247, 232, 262
-0.998534, 113, 249, 176, 264
-0.998539, 103, 113, 118, 240
-0.998541, 305, 187, 336, 202
-0.998543, 255, 193, 270, 320
-0.99855, 125, 301, 156, 316
-0.998556, 69, 143, 100, 158
-0.998561, 299, 113, 314, 240
-0.998562, 257, 225, 288, 240
-0.998569, 111, 209, 126, 333
-0.998571, 317, 65, 348, 320
-0.998575, 277, 257, 308, 272
-0.998575, 189, 215, 220, 230
-0.998585, 257, 257, 288, 272
-0.998586, 163, 129, 178, 256
-0.998587, 113, 129, 128, 256
-0.998604, 69, 137, 100, 152
-0.998614, 193, 137, 224, 152
-0.998614, 353, 293, 480, 324
-0.998626, 273, 277, 304, 292
-0.998645, 37, 129, 68, 144
-0.998655, 225, 175, 256, 190
-0.998656, 353, 201, 480, 232
-0.998659, 277, 191, 308, 206
-0.998668, 97, 317, 128, 332
-0.998678, 141, 135, 172, 150
-0.998684, 181, 291, 212, 306
-0.998685, 177, 265, 208, 280
-0.998687, 289, 205, 320, 220
-0.998688, 77, 149, 108, 164
-0.99869, 123, 129, 138, 256
-0.998697, 245, 263, 276, 278
-0.998703, 257, 205, 288, 220
-0.998707, 109, 311, 140, 326
-0.99871, 113, 241, 144, 256
-0.998718, 105, 65, 136, 192
-0.998726, 177, 113, 192, 240
-0.998729, 293, 193, 324, 208
-0.998732, 1, 301, 32, 316
-0.998737, 329, 65, 360, 320
-0.998741, 181, 167, 212, 182
-0.998747, 89, 129, 104, 256
-0.998757, 153, 209, 184, 224
-0.998759, 185, 223, 216, 238
-0.998762, 51, 113, 66, 240
-0.99877, 257, 137, 500, 200
-0.998775, 211, 209, 226, 333
-0.998784, 297, 177, 312, 304
-0.998791, 269, 65, 300, 320
-0.998793, 195, 129, 210, 256
-0.998801, 323, 145, 338, 272
-0.998805, 257, 65, 288, 320
-0.998807, 185, 193, 200, 320
-0.998817, 169, 279, 200, 294
-0.998818, 237, 193, 268, 208
-0.998828, 165, 273, 196, 288
-0.998842, 113, 295, 144, 310
-0.998843, 81, 143, 112, 158
-0.998848, 137, 129, 152, 256
-0.99885, 281, 223, 312, 238
-0.998853, 181, 275, 212, 290
-0.998861, 145, 307, 176, 322
-0.998867, 149, 285, 180, 300
-0.998868, 165, 297, 196, 312
-0.998868, 353, 225, 480, 256
-0.998874, 101, 243, 132, 258
-0.998877, 105, 209, 120, 333
-0.998883, 247, 177, 262, 304
-0.998883, 129, 129, 144, 256
-0.998886, 309, 145, 324, 272
-0.99889, 185, 201, 216, 216
-0.998891, 289, 153, 416, 184
-0.998898, 93, 257, 124, 272
-0.998906, 117, 157, 148, 172
-0.998912, 257, 211, 288, 226
-0.99892, 25, 295, 56, 310
-0.998922, 143, 209, 158, 333
-0.998926, 201, 129, 216, 256
-0.99893, 191, 193, 206, 320
-0.99893, 79, 129, 94, 256
-0.998942, 277, 205, 308, 220
-0.998951, 237, 275, 268, 290
-0.998951, 185, 317, 216, 332
-0.998951, 125, 315, 156, 330
-0.998954, 213, 225, 244, 240
-0.998954, 269, 241, 300, 256
-0.998966, 41, 113, 56, 240
-0.998968, 117, 163, 148, 178
-0.99897, 225, 215, 256, 230
-0.998971, 169, 199, 200, 214
-0.998974, 257, 185, 288, 200
-0.998984, 315, 177, 330, 304
-0.998988, 257, 275, 288, 290
-0.998993, 57, 113, 72, 240
-0.998999, 241, 65, 272, 320
-0.999012, 155, 113, 170, 240
-0.999016, 149, 301, 180, 316
-0.999025, 145, 129, 160, 256
-0.999028, 217, 145, 232, 272
-0.999028, 321, 173, 448, 204
-0.999044, 205, 259, 236, 274
-0.999053, 129, 307, 160, 322
-0.999061, 345, 65, 376, 320
-0.999063, 97, 281, 128, 296
-0.999064, 89, 129, 120, 144
-0.999064, 269, 263, 300, 278
-0.999076, 189, 267, 220, 282
-0.999086, 285, 217, 316, 232
-0.999088, 333, 209, 348, 333
-0.999094, 303, 209, 318, 333
-0.999098, 337, 189, 464, 220
-0.999107, 161, 263, 192, 278
-0.999107, 145, 313, 176, 328
-0.999113, 257, 89, 320, 152
-0.999126, 237, 177, 252, 304
-0.99913, 165, 163, 196, 178
-0.99913, 297, 65, 328, 192
-0.999131, 165, 303, 196, 318
-0.999133, 269, 161, 284, 288
-0.999135, 309, 193, 324, 320
-0.999142, 117, 219, 148, 234
-0.999142, 285, 185, 316, 200
-0.999155, 303, 161, 318, 288
-0.999161, 209, 117, 336, 148
-0.999166, 201, 177, 216, 304
-0.99917, 165, 237, 196, 252
-0.999172, 257, 219, 288, 234
-0.999172, 93, 271, 124, 286
-0.999176, 283, 161, 298, 288
-0.999184, 185, 283, 216, 298
-0.999185, 37, 293, 68, 308
-0.999186, 169, 315, 200, 330
-0.999192, 107, 161, 122, 288
-0.999196, 77, 317, 108, 332
-0.999197, 373, 209, 404, 333
-0.999198, 453, 193, 468, 320
-0.99921, 285, 211, 316, 226
-0.99922, 151, 193, 166, 320
-0.999244, 289, 201, 416, 232
-0.999252, 291, 145, 306, 272
-0.999258, 165, 65, 196, 192
-0.999259, 35, 113, 50, 240
-0.999261, 129, 291, 160, 306
-0.999266, 105, 135, 136, 150
-0.999274, 335, 161, 350, 288
-0.999281, 269, 235, 300, 250
-0.999304, 345, 137, 408, 200
-0.999308, 97, 249, 128, 264
-0.999314, 257, 269, 288, 284
-0.999322, 231, 177, 246, 304
-0.999325, 269, 219, 300, 234
-0.999327, 241, 211, 272, 226
-0.999327, 213, 219, 244, 234
-0.999334, 65, 317, 96, 332
-0.999334, 173, 221, 204, 236
-0.999341, 357, 65, 388, 320
-0.999346, 261, 161, 276, 288
-0.99935, 33, 33, 288, 160
-0.999354, 91, 177, 106, 304
-0.99936, 223, 145, 238, 272
-0.999367, 213, 213, 244, 228
-0.999372, 165, 309, 196, 324
-0.999372, 137, 209, 152, 333
-0.999378, 483, 177, 498, 304
-0.999394, 301, 135, 332, 150
-0.999399, 309, 97, 324, 224
-0.999406, 99, 209, 114, 333
-0.999416, 469, 65, 500, 320
-0.999436, 269, 211, 300, 226
-0.999441, 129, 125, 256, 156
-0.999447, 453, 65, 484, 320
-0.999452, 15, 145, 30, 272
-0.999463, 1, 113, 500, 176
-0.999469, 357, 161, 372, 288
-0.999473, 37, 65, 68, 192
-0.999479, 97, 287, 128, 302
-0.99948, 275, 161, 290, 288
-0.999483, 27, 129, 42, 256
-0.999488, 225, 209, 240, 333
-0.999524, 93, 265, 124, 280
-0.99953, 363, 193, 378, 320
-0.999533, 169, 209, 200, 224
-0.999552, 289, 213, 416, 244
-0.999562, 349, 209, 364, 333
-0.999578, 157, 257, 188, 272
-0.999606, 341, 161, 356, 288
-0.999607, 351, 161, 366, 288
-0.999619, 339, 209, 354, 333
-0.99963, 189, 97, 204, 224
-0.999631, 217, 193, 232, 320
-0.999648, 289, 229, 416, 260
-0.999649, 21, 145, 36, 272
-0.999653, 9, 145, 24, 272
-0.999655, 189, 317, 204, 332
-0.999655, 295, 217, 310, 232
-0.999656, 101, 273, 116, 288
-0.999657, 273, 223, 288, 238
-0.999658, 313, 135, 328, 150
-0.999658, 201, 277, 216, 292
-0.999658, 111, 235, 126, 250
-0.999659, 113, 129, 128, 144
-0.999659, 249, 183, 264, 198
-0.999659, 235, 185, 250, 200
-0.999659, 401, 113, 464, 240
-0.999659, 121, 233, 136, 248
-0.99966, 125, 297, 140, 312
-0.99966, 295, 141, 310, 156
-0.99966, 171, 161, 186, 176
-0.999661, 175, 183, 190, 198
-0.999661, 123, 317, 138, 332
-0.999662, 143, 291, 158, 306
-0.999662, 189, 285, 204, 300
-0.999662, 109, 149, 124, 164
-0.999662, 177, 263, 192, 278
-0.999663, 161, 311, 176, 326
-0.999663, 147, 311, 162, 326
-0.999663, 97, 151, 112, 166
-0.999664, 101, 291, 116, 306
-0.999664, 175, 279, 190, 294
-0.999664, 283, 189, 298, 204
-0.999665, 93, 301, 124, 316
-0.999665, 293, 211, 308, 226
-0.999666, 189, 293, 204, 308
-0.999667, 187, 203, 202, 218
-0.999667, 181, 309, 196, 324
-0.999667, 287, 213, 302, 228
-0.999668, 197, 267, 212, 282
-0.999668, 277, 189, 292, 204
-0.999668, 165, 167, 180, 182
-0.99967, 299, 183, 314, 198
-0.999671, 97, 293, 128, 308
-0.999671, 185, 193, 200, 208
-0.999671, 251, 207, 266, 222
-0.999673, 103, 137, 118, 152
-0.999673, 301, 201, 316, 216
-0.999673, 131, 313, 146, 328
-0.999673, 69, 81, 84, 208
-0.999674, 133, 293, 148, 308
-0.999674, 183, 291, 198, 306
-0.999675, 95, 303, 110, 318
-0.999676, 101, 131, 116, 146
-0.999676, 237, 175, 268, 190
-0.999677, 73, 145, 88, 160
-0.999677, 207, 259, 222, 274
-0.999678, 39, 131, 54, 146
-0.999678, 173, 209, 188, 224
-0.999678, 125, 161, 140, 176
-0.999679, 123, 135, 138, 150
-0.99968, 289, 117, 416, 148
-0.999681, 311, 179, 326, 194
-0.999682, 91, 317, 106, 332
-0.999682, 265, 211, 280, 226
-0.999682, 191, 267, 206, 282
-0.999683, 101, 317, 116, 332
-0.999685, 305, 181, 320, 196
-0.999687, 301, 193, 316, 208
-0.999687, 247, 171, 262, 186
-0.999687, 279, 207, 294, 222
-0.999687, 195, 289, 210, 304
-0.999688, 329, 145, 344, 272
-0.999689, 187, 165, 202, 180
-0.999689, 5, 297, 20, 312
-0.999689, 103, 143, 118, 158
-0.999691, 181, 317, 196, 332
-0.999691, 179, 285, 194, 300
-0.999691, 183, 209, 198, 224
-0.999692, 155, 315, 170, 330
-0.999693, 199, 283, 214, 298
-0.999693, 315, 141, 330, 156
-0.999693, 261, 271, 276, 286
-0.999693, 93, 129, 108, 144
-0.999697, 3, 129, 18, 256
-0.999697, 97, 145, 112, 160
-0.999697, 237, 215, 252, 230
-0.999699, 281, 213, 296, 228
-0.9997, 233, 129, 248, 256
-0.999701, 119, 157, 134, 172
-0.999701, 125, 215, 140, 230
-0.999702, 155, 133, 170, 148
-0.999703, 155, 265, 170, 280
-0.999703, 175, 203, 190, 218
-0.999703, 273, 209, 288, 224
-0.999704, 181, 163, 196, 178
-0.999706, 205, 135, 220, 150
-0.999706, 115, 167, 130, 182
-0.999706, 113, 157, 128, 172
-0.999707, 229, 219, 244, 234
-0.999707, 95, 135, 110, 150
-0.999708, 171, 235, 186, 250
-0.999708, 39, 293, 54, 308
-0.999709, 121, 309, 136, 324
-0.99971, 299, 129, 314, 144
-0.999711, 233, 179, 248, 194
-0.999713, 195, 317, 210, 332
-0.999714, 187, 217, 202, 232
-0.999714, 21, 299, 36, 314
-0.999715, 83, 145, 98, 160
-0.999716, 247, 191, 262, 206
-0.999716, 307, 127, 322, 142
-0.999716, 291, 205, 306, 220
-0.999717, 433, 65, 464, 320
-0.999719, 121, 239, 136, 254
-0.999721, 299, 135, 314, 150
-0.999723, 181, 301, 196, 316
-0.999724, 181, 219, 196, 234
-0.999726, 275, 233, 290, 248
-0.999727, 117, 135, 132, 150
-0.999728, 111, 135, 126, 150
-0.999729, 89, 143, 104, 158
-0.999733, 261, 277, 276, 292
-0.999733, 267, 267, 282, 282
-0.999735, 119, 223, 134, 238
-0.999735, 107, 245, 122, 260
-0.999736, 253, 145, 268, 272
-0.999736, 89, 309, 104, 324
-0.999737, 245, 177, 260, 192
-0.999738, 1, 225, 64, 288
-0.999741, 275, 217, 290, 232
-0.999742, 171, 295, 186, 310
-0.999743, 131, 155, 146, 170
-0.999743, 177, 231, 192, 246
-0.999744, 195, 169, 210, 184
-0.999748, 459, 193, 474, 320
-0.999753, 285, 219, 300, 234
-0.999757, 179, 197, 194, 212
-0.999763, 467, 193, 482, 320
-0.999763, 163, 255, 178, 270
-0.999765, 81, 317, 96, 332
-0.999766, 65, 161, 80, 288
-0.999769, 477, 193, 492, 320
-0.999772, 113, 243, 128, 258
-0.999772, 239, 175, 254, 190
-0.999772, 355, 209, 370, 333
-0.999773, 173, 285, 204, 300
-0.999773, 217, 213, 232, 228
-0.999774, 305, 141, 432, 172
-0.999774, 175, 215, 190, 230
-0.999778, 101, 247, 116, 262
-0.99978, 97, 297, 112, 312
-0.999781, 99, 263, 114, 278
-0.999791, 177, 225, 192, 240
-0.999796, 85, 177, 100, 304
-0.999802, 97, 255, 112, 270
-0.999809, 207, 161, 222, 288
-0.999825, 245, 129, 260, 256
-0.999839, 301, 181, 332, 196
-0.999848, 157, 161, 172, 288
-0.999859, 81, 81, 96, 208
-0.999859, 89, 81, 104, 208
-0.999867, 169, 291, 200, 306
-0.999896, 369, 65, 400, 320
-0.999907, 17, 97, 32, 224
-0.999914, 447, 209, 462, 333
-0.999916, 237, 113, 268, 240
-0.999926, 109, 81, 124, 208
-0.999947, 405, 65, 436, 320
-0.99995, 239, 129, 254, 256
-0.999977, 183, 81, 198, 208
-0.999985, 45, 209, 60, 333
-0.999996, 421, 65, 452, 320
-1.00001, 213, 97, 228, 224
-1.00003, 125, 81, 140, 208
-1.00004, 117, 81, 132, 208
-1.00005, 169, 81, 184, 208
-1.00006, 219, 97, 234, 224
-1.00008, 55, 161, 70, 288
-1.00009, 131, 81, 146, 208
-1.00009, 297, 129, 328, 144
-1.00009, 385, 65, 416, 320
-1.00009, 61, 65, 76, 192
-1.0001, 169, 215, 200, 230
-1.0001, 195, 81, 210, 208
-1.00013, 137, 81, 152, 208
-1.00014, 75, 81, 90, 208
-1.00015, 33, 209, 48, 333
-1.00016, 161, 81, 176, 208
-1.00017, 293, 97, 308, 224
-1.00018, 11, 97, 26, 224
-1.00018, 143, 81, 158, 208
-1.00019, 201, 81, 216, 208
-1.00019, 49, 113, 176, 144
-1.0002, 225, 97, 240, 224
-1.00021, 25, 209, 40, 333
-1.00021, 149, 81, 164, 208
-1.00024, 1, 209, 16, 333
-1.00043, 341, 113, 372, 240
-1.0005, 113, 113, 240, 144
-1.00052, 321, 137, 448, 200
-1.00054, 69, 65, 100, 192
-1.0007, 369, 177, 496, 208
-1.00073, 337, 161, 464, 192
-1.00075, 161, 97, 416, 160
-1.00081, 193, 105, 320, 136
-1.00087, 181, 65, 212, 192
-1.00094, 309, 81, 340, 208
-1.00107, 69, 209, 100, 333
-1.0011, 425, 177, 456, 304
-1.00121, 433, 97, 496, 224
-1.00133, 369, 81, 496, 112
-1.00134, 369, 57, 496, 88
-1.00136, 1, 109, 128, 140
-1.00137, 369, 29, 496, 60
-1.00138, 369, 5, 496, 36
-1.00138, 369, 137, 496, 168
-1.00138, 201, 49, 264, 176
-1.00143, 369, 117, 496, 148
-1.00144, 369, 17, 496, 48
-1.00145, 369, 41, 496, 72
-1.00145, 369, 97, 496, 128
-1.0015, 369, 69, 496, 100
-1.00153, 361, 161, 424, 224
-1.00153, 277, 65, 308, 192
-1.00153, 353, 149, 480, 180
-1.00156, 273, 105, 400, 136
-1.0016, 321, 129, 448, 160
-1.00161, 33, 97, 160, 128
-1.00162, 113, 97, 240, 128
-1.00165, 321, 21, 448, 52
-1.00166, 321, 41, 448, 72
-1.00166, 321, 53, 448, 84
-1.00167, 321, 69, 448, 100
-1.00174, 321, 93, 448, 124
-1.00175, 321, 5, 448, 36
-1.00176, 113, 85, 240, 116
-1.00178, 273, 73, 400, 104
-1.0018, 209, 93, 336, 124
-1.00181, 225, 1, 352, 32
-1.00181, 273, 1, 400, 32
-1.00181, 209, 77, 336, 108
-1.00181, 321, 81, 448, 112
-1.00182, 177, 65, 304, 96
-1.00182, 257, 85, 384, 116
-1.00192, 361, 145, 392, 272
-1.00203, 257, 113, 500, 176
-1.00209, 257, 41, 500, 104
-1.00209, 257, 73, 500, 136
-1.00216, 305, 89, 368, 152
-1.00218, 225, 17, 480, 80
-1.00242, 453, 145, 484, 272
-1.00253, 377, 185, 440, 248
-1.00273, 169, 33, 232, 160
-1.00276, 161, 73, 416, 136
-1.00281, 161, 41, 416, 104
-1.00286, 377, 217, 440, 280
-1.00288, 97, 89, 224, 152
-1.00306, 153, 89, 216, 152
-1.00312, 129, 17, 384, 80
-1.00321, 401, 161, 464, 224
-1.00323, 261, 113, 292, 240
-1.00324, 1, 73, 256, 136
-1.00324, 53, 209, 84, 333
-1.00337, 65, 41, 320, 104
-1.00344, 49, 81, 112, 144
-1.00353, 265, 1, 328, 128
-1.00362, 33, 17, 288, 80
-1.00367, 433, 137, 496, 200
-1.00373, 209, 97, 272, 160
-1.00373, 241, 113, 368, 176
-1.00376, 1, 89, 500, 152
-1.00387, 1, 1, 500, 64
-1.00395, 1, 49, 500, 112
-1.00403, 1, 25, 500, 88
-1.00406, 377, 113, 440, 240
-1.00406, 121, 33, 184, 160
-1.00427, 289, 89, 416, 152
-1.00434, 177, 89, 240, 152
-1.00436, 17, 17, 80, 144
-1.00442, 373, 161, 404, 288
-1.00458, 405, 177, 436, 304
-1.00466, 17, 73, 144, 136
-1.00474, 225, 73, 352, 136
-1.00477, 89, 33, 152, 160
-1.00493, 281, 89, 344, 152
-1.00499, 369, 65, 496, 128
-1.005, 385, 177, 416, 304
-1.00502, 17, 33, 144, 160
-1.00513, 265, 65, 328, 128
-1.00516, 369, 1, 496, 64
-1.00527, 17, 73, 80, 136
-1.00534, 369, 137, 496, 200
-1.00535, 369, 33, 496, 96
-1.00537, 353, 97, 384, 224
-1.00538, 337, 113, 464, 176
-1.00539, 145, 33, 208, 160
-1.0054, 437, 161, 468, 288
-1.00554, 73, 65, 136, 128
-1.00557, 369, 1, 496, 128
-1.0056, 369, 89, 496, 152
-1.00587, 145, 65, 208, 128
-1.00588, 217, 65, 248, 192
-1.00593, 169, 65, 232, 128
-1.00596, 393, 137, 456, 200
-1.00607, 321, 1, 448, 64
-1.00615, 425, 97, 488, 160
-1.00625, 369, 65, 432, 192
-1.00626, 289, 1, 352, 128
-1.00627, 13, 49, 44, 176
-1.00638, 417, 57, 480, 120
-1.0064, 129, 33, 256, 160
-1.00641, 113, 65, 240, 128
-1.00648, 377, 57, 440, 120
-1.00648, 401, 81, 464, 144
-1.00649, 145, 89, 272, 152
-1.00651, 321, 41, 448, 104
-1.00665, 353, 113, 416, 176
-1.00667, 385, 25, 448, 88
-1.00667, 425, 33, 488, 96
-1.00667, 345, 65, 408, 192
-1.00671, 377, 1, 440, 64
-1.00673, 409, 1, 472, 128
-1.0068, 385, 105, 448, 168
-1.00681, 409, 65, 472, 192
-1.00681, 193, 49, 256, 112
-1.00686, 297, 65, 360, 128
-1.00688, 425, 129, 456, 256
-1.00692, 201, 1, 264, 128
-1.00693, 225, 17, 352, 144
-1.00694, 193, 1, 320, 64
-1.00695, 321, 65, 448, 128
-1.00697, 205, 49, 236, 176
-1.00698, 321, 1, 384, 128
-1.00698, 377, 1, 440, 128
-1.00698, 369, 49, 496, 176
-1.00703, 433, 1, 496, 128
-1.00704, 321, 1, 448, 128
-1.00713, 225, 25, 352, 88
-1.00713, 273, 25, 400, 88
-1.00716, 257, 1, 384, 64
-1.0072, 161, 49, 288, 112
-1.00726, 1, 49, 32, 176
-1.00731, 33, 1, 160, 64
-1.00731, 81, 1, 208, 64
-1.00731, 129, 17, 256, 80
-1.00731, 17, 25, 144, 88
-1.00731, 65, 25, 192, 88
-1.00731, 177, 25, 304, 88
-1.00731, 113, 41, 240, 104
-1.00731, 1, 49, 128, 112
-1.00731, 49, 49, 176, 112
-1.00731, 273, 49, 400, 112
-1.00734, 345, 17, 408, 144
-1.00743, 241, 17, 304, 144
-1.00746, 209, 49, 336, 112
-1.00769, 81, 33, 208, 160
-1.00771, 93, 33, 124, 160
-1.0079, 433, 49, 496, 176
-1.008, 249, 81, 280, 208
-1.00825, 441, 113, 472, 240
-1.00826, 273, 17, 400, 144
-1.00854, 25, 33, 56, 160
-1.00869, 397, 129, 428, 256
-1.00872, 133, 33, 164, 160
-1.00897, 385, 129, 416, 256
-1.00936, 409, 129, 440, 256
-1.00939, 41, 1, 104, 128
-1.00942, 373, 113, 404, 240
-1.00951, 229, 65, 260, 192
-1.00959, 297, 1, 328, 128
-1.00976, 337, 49, 368, 176
-1.00979, 121, 33, 152, 160
-1.00993, 265, 65, 296, 192
-1.01006, 65, 1, 128, 128
-1.01043, 321, 49, 352, 176
-1.01045, 281, 17, 312, 144
-1.01053, 145, 33, 176, 160
-1.01069, 469, 81, 500, 208
-1.01083, 309, 17, 340, 144
-1.01107, 49, 17, 80, 144
-1.01115, 197, 1, 228, 128
-1.01119, 177, 1, 304, 128
-1.01142, 385, 81, 416, 208
-1.01153, 5, 1, 36, 128
-1.01156, 169, 1, 200, 128
-1.01177, 37, 1, 68, 128
-1.0118, 469, 1, 500, 128
-1.01181, 409, 81, 440, 208
