1965
-0.306292, 1, 1, 500, 357
-0.343361, 1, 1, 500, 256
-0.384143, 129, 1, 384, 357
-0.433514, 1, 1, 256, 357
-0.479028, 1, 97, 500, 352
-0.485508, 257, 1, 500, 357
-0.562087, 1, 1, 256, 256
-0.661439, 97, 1, 352, 256
-0.681149, 1, 97, 256, 352
-0.68432, 225, 1, 480, 256
-0.731535, 129, 97, 384, 352
-0.749375, 225, 97, 480, 352
-0.828062, 161, 1, 288, 357
-0.830844, 1, 1, 128, 256
-0.843848, 49, 33, 176, 288
-0.845922, 225, 1, 352, 357
-0.847028, 113, 1, 240, 357
-0.849344, 369, 1, 496, 357
-0.852917, 49, 1, 176, 357
-0.860488, 97, 1, 224, 256
-0.861095, 113, 97, 240, 352
-0.866382, 369, 1, 496, 256
-0.869607, 209, 1, 336, 256
-0.86967, 289, 1, 416, 357
-0.875942, 177, 97, 304, 352
-0.876594, 1, 1, 128, 357
-0.880968, 161, 1, 288, 256
-0.881734, 1, 97, 128, 352
-0.885557, 1, 17, 500, 144
-0.888989, 321, 1, 448, 256
-0.895179, 273, 1, 400, 256
-0.900099, 1, 65, 500, 192
-0.900189, 369, 97, 496, 352
-0.905819, 1, 145, 256, 272
-0.906383, 1, 1, 256, 128
-0.908436, 1, 193, 500, 320
-0.910278, 225, 97, 352, 352
-0.914788, 369, 1, 496, 128
-0.914921, 1, 97, 256, 224
-0.915174, 273, 97, 400, 352
-0.919397, 97, 177, 352, 304
-0.920676, 225, 17, 480, 144
-0.922152, 97, 17, 352, 144
-0.92245, 17, 81, 144, 208
-0.927189, 97, 129, 224, 256
-0.928394, 321, 97, 448, 352
-0.929362, 97, 65, 352, 192
-0.930341, 1, 225, 256, 352
-0.930493, 49, 129, 176, 256
-0.931384, 1, 1, 128, 128
-0.932005, 433, 1, 496, 128
-0.933438, 1, 129, 500, 256
-0.933573, 89, 81, 152, 208
-0.933659, 113, 177, 240, 304
-0.934774, 169, 177, 232, 304
-0.935675, 97, 81, 224, 208
-0.939829, 81, 1, 208, 128
-0.940078, 105, 129, 168, 256
-0.940634, 145, 145, 208, 272
-0.94106, 209, 17, 336, 144
-0.941698, 321, 17, 448, 144
-0.944104, 1, 49, 256, 176
-0.944467, 129, 113, 384, 240
-0.945882, 97, 1, 160, 128
-0.946265, 369, 65, 496, 192
-0.947306, 65, 81, 128, 208
-0.947623, 73, 129, 136, 256
-0.947659, 169, 169, 232, 232
-0.94767, 17, 65, 80, 192
-0.947719, 1, 177, 128, 304
-0.948025, 9, 1, 72, 128
-0.948129, 129, 225, 384, 352
-0.94845, 233, 1, 296, 128
-0.948812, 129, 1, 256, 128
-0.949084, 385, 1, 448, 128
-0.949606, 33, 1, 96, 128
-0.949669, 201, 1, 264, 128
-0.949707, 65, 225, 192, 352
-0.950049, 145, 1, 208, 128
-0.950191, 161, 177, 288, 304
-0.950568, 161, 113, 288, 240
-0.950828, 57, 1, 120, 128
-0.951686, 361, 1, 424, 128
-0.951802, 113, 225, 240, 352
-0.951891, 1, 129, 128, 256
-0.951907, 257, 33, 384, 160
-0.952287, 265, 17, 328, 144
-0.953043, 193, 161, 448, 288
-0.953129, 1, 225, 128, 352
-0.953547, 65, 177, 192, 304
-0.95399, 121, 225, 184, 352
-0.954512, 329, 17, 392, 144
-0.954553, 121, 137, 184, 200
-0.954687, 177, 1, 240, 128
-0.9547, 193, 65, 448, 192
-0.955244, 41, 97, 104, 224
-0.955482, 97, 145, 160, 208
-0.955733, 129, 81, 192, 208
-0.955967, 225, 177, 352, 304
-0.956371, 113, 177, 176, 304
-0.956835, 433, 9, 496, 72
-0.956981, 193, 177, 256, 304
-0.957355, 1, 225, 64, 352
-0.957933, 433, 49, 496, 176
-0.957968, 409, 1, 472, 128
-0.958885, 169, 273, 232, 336
-0.959099, 305, 17, 368, 144
-0.959137, 17, 113, 80, 240
-0.959151, 145, 169, 208, 232
-0.959545, 193, 185, 256, 248
-0.959687, 225, 185, 288, 248
-0.960139, 145, 193, 208, 320
-0.960143, 73, 97, 136, 160
-0.960419, 121, 1, 184, 128
-0.960724, 369, 225, 496, 352
-0.961635, 121, 169, 184, 232
-0.961695, 1, 177, 64, 304
-0.962553, 433, 65, 496, 128
-0.962795, 233, 161, 296, 288
-0.962944, 129, 249, 192, 312
-0.963297, 169, 129, 232, 256
-0.963425, 1, 57, 64, 120
-0.963589, 97, 105, 160, 168
-0.964206, 89, 193, 152, 320
-0.964306, 1, 289, 64, 352
-0.964601, 9, 81, 72, 144
-0.964825, 169, 297, 232, 357
-0.965151, 369, 161, 496, 288
-0.96554, 193, 273, 256, 336
-0.965781, 217, 297, 280, 357
-0.965997, 177, 225, 304, 352
-0.966052, 193, 161, 224, 288
-0.966101, 201, 225, 264, 352
-0.966269, 193, 65, 320, 192
-0.966277, 73, 1, 136, 256
-0.966285, 165, 129, 196, 256
-0.96639, 433, 129, 496, 256
-0.96643, 33, 97, 160, 160
-0.966462, 193, 297, 256, 357
-0.966591, 193, 129, 256, 256
-0.966792, 177, 225, 240, 352
-0.96683, 65, 193, 128, 320
-0.966842, 433, 225, 496, 352
-0.96693, 113, 185, 240, 248
-0.966977, 89, 9, 152, 72
-0.967083, 113, 137, 240, 200
-0.967354, 97, 81, 128, 208
-0.967581, 113, 225, 176, 288
-0.96768, 461, 1, 492, 128
-0.967723, 65, 185, 128, 248
-0.967776, 57, 129, 120, 192
-0.967822, 33, 97, 96, 160
-0.967955, 209, 129, 336, 256
-0.96809, 225, 225, 480, 352
-0.968189, 145, 145, 208, 208
-0.968204, 81, 209, 144, 272
-0.968332, 257, 177, 320, 304
-0.968618, 233, 49, 296, 176
-0.96867, 57, 73, 120, 136
-0.96873, 109, 81, 140, 208
-0.96886, 1, 1, 64, 256
-0.968925, 1, 105, 64, 168
-0.968963, 133, 129, 164, 256
-0.969289, 369, 1, 496, 64
-0.96939, 65, 153, 192, 216
-0.96951, 177, 209, 240, 272
-0.969573, 281, 57, 344, 120
-0.969824, 233, 17, 296, 80
-0.970032, 369, 113, 496, 240
-0.970259, 41, 1, 104, 256
-0.970379, 257, 25, 320, 88
-0.970442, 153, 241, 216, 304
-0.970539, 153, 201, 216, 264
-0.970617, 145, 49, 272, 176
-0.97063, 1, 129, 128, 192
-0.970867, 433, 41, 496, 104
-0.970886, 169, 81, 232, 208
-0.971068, 161, 65, 224, 128
-0.971085, 33, 121, 96, 184
-0.971294, 1, 225, 64, 288
-0.971401, 249, 185, 312, 248
-0.971475, 89, 1, 120, 128
-0.971511, 181, 129, 212, 256
-0.971665, 1, 185, 128, 248
-0.97168, 161, 169, 288, 232
-0.971683, 113, 1, 176, 256
-0.971687, 249, 1, 280, 128
-0.971806, 1, 17, 64, 80
-0.971814, 305, 65, 432, 192
-0.971928, 121, 97, 152, 224
-0.972006, 81, 97, 144, 352
-0.972025, 165, 177, 196, 304
-0.972071, 153, 145, 184, 272
-0.972147, 1, 169, 64, 232
-0.972153, 37, 1, 68, 128
-0.972171, 337, 25, 400, 88
-0.972185, 145, 289, 208, 352
-0.972191, 41, 49, 104, 176
-0.972225, 49, 129, 176, 192
-0.972268, 369, 17, 432, 80
-0.972304, 313, 25, 376, 88
-0.972365, 257, 113, 500, 240
-0.972408, 297, 65, 360, 192
-0.972462, 113, 161, 240, 224
-0.972582, 217, 65, 280, 128
-0.972586, 313, 49, 376, 112
-0.972906, 225, 225, 352, 352
-0.972999, 209, 161, 272, 224
-0.973342, 33, 17, 96, 80
-0.973441, 193, 81, 256, 208
-0.973543, 145, 9, 208, 72
-0.973728, 33, 65, 96, 128
-0.973737, 361, 49, 424, 176
-0.973778, 77, 1, 108, 128
-0.973816, 409, 49, 472, 176
-0.973885, 33, 161, 96, 288
-0.973913, 241, 81, 368, 208
-0.974261, 5, 65, 36, 192
-0.974287, 433, 177, 496, 304
-0.974314, 113, 297, 240, 357
-0.974331, 257, 65, 320, 192
-0.974395, 201, 185, 232, 248
-0.974458, 25, 209, 88, 272
-0.974464, 61, 81, 92, 208
-0.974489, 129, 193, 192, 256
-0.974499, 33, 177, 96, 240
-0.974504, 213, 193, 244, 320
-0.974521, 85, 81, 116, 208
-0.974639, 1, 193, 64, 256
-0.974794, 201, 17, 264, 80
-0.974873, 385, 1, 416, 128
-0.974982, 209, 25, 336, 88
-0.975089, 97, 169, 160, 232
-0.975181, 401, 1, 432, 128
-0.975201, 121, 113, 184, 176
-0.975235, 369, 81, 496, 144
-0.975324, 101, 1, 132, 128
-0.97546, 73, 153, 136, 216
-0.975513, 433, 297, 496, 357
-0.975547, 1, 265, 64, 328
-0.975556, 105, 97, 168, 352
-0.975597, 1, 145, 64, 208
-0.975714, 169, 169, 200, 232
-0.975746, 1, 297, 128, 357
-0.975764, 133, 137, 164, 200
-0.975872, 169, 97, 232, 352
-0.975878, 393, 9, 456, 72
-0.975984, 17, 1, 48, 128
-0.975987, 217, 265, 280, 328
-0.975994, 109, 129, 140, 256
-0.976001, 57, 17, 120, 80
-0.976005, 217, 113, 280, 240
-0.976118, 445, 1, 476, 128
-0.976253, 117, 1, 148, 128
-0.976265, 177, 177, 208, 304
-0.976299, 1, 73, 128, 136
-0.97633, 177, 17, 240, 80
-0.97635, 73, 97, 104, 224
-0.976358, 129, 73, 192, 136
-0.976366, 1, 97, 64, 352
-0.976371, 169, 1, 200, 128
-0.976474, 289, 33, 352, 96
-0.976503, 433, 153, 496, 216
-0.976559, 197, 113, 228, 240
-0.976566, 209, 209, 272, 272
-0.976591, 185, 177, 216, 240
-0.976604, 145, 209, 272, 272
-0.976615, 461, 1, 492, 64
-0.976664, 237, 1, 268, 128
-0.976688, 337, 65, 400, 192
-0.976703, 1, 209, 32, 336
-0.976717, 421, 1, 452, 128
-0.976719, 273, 129, 336, 256
-0.976735, 261, 1, 292, 128
-0.97674, 433, 273, 496, 336
-0.97677, 273, 145, 400, 272
-0.976891, 341, 17, 372, 144
-0.976955, 385, 49, 448, 176
-0.976977, 113, 105, 240, 168
-0.976986, 121, 145, 152, 272
-0.977093, 89, 129, 120, 256
-0.977218, 37, 81, 68, 144
-0.977271, 373, 1, 404, 128
-0.977289, 65, 1, 96, 128
-0.977326, 209, 65, 336, 128
-0.977346, 241, 65, 304, 128
-0.977358, 193, 249, 256, 312
-0.977384, 265, 1, 328, 256
-0.977411, 89, 233, 152, 296
-0.977522, 369, 49, 496, 112
-0.977553, 205, 1, 236, 128
-0.977589, 25, 297, 88, 357
-0.977595, 433, 97, 496, 160
-0.977616, 233, 161, 296, 224
-0.977706, 25, 225, 88, 352
-0.977721, 5, 1, 36, 128
-0.977886, 109, 97, 140, 160
-0.977901, 209, 273, 336, 336
-0.977901, 157, 1, 188, 128
-0.977914, 5, 73, 36, 136
-0.977934, 153, 161, 184, 224
-0.977972, 393, 57, 456, 120
-0.977976, 241, 281, 304, 344
-0.978083, 97, 73, 224, 136
-0.97813, 329, 1, 392, 256
-0.978271, 17, 49, 48, 176
-0.978313, 129, 265, 256, 328
-0.978368, 49, 65, 80, 192
-0.978371, 433, 1, 496, 256
-0.978477, 193, 193, 320, 256
-0.978515, 209, 1, 272, 256
-0.978524, 433, 233, 496, 296
-0.978585, 145, 193, 176, 320
-0.978672, 49, 1, 80, 128
-0.978694, 357, 17, 388, 144
-0.978703, 33, 209, 160, 272
-0.978716, 181, 1, 212, 128
-0.978744, 49, 297, 112, 357
-0.978769, 129, 1, 160, 128
-0.978805, 113, 9, 176, 72
-0.978812, 193, 297, 224, 357
-0.978878, 161, 297, 288, 357
-0.978958, 321, 17, 448, 80
-0.979005, 281, 297, 344, 357
-0.979027, 137, 1, 200, 256
-0.979046, 433, 129, 496, 192
-0.979089, 221, 193, 252, 256
-0.97914, 337, 57, 400, 120
-0.979155, 193, 57, 256, 120
-0.979218, 37, 65, 68, 192
-0.97937, 17, 73, 48, 136
-0.97937, 145, 81, 176, 208
-0.979391, 233, 1, 296, 256
-0.979396, 121, 137, 152, 200
-0.979553, 301, 17, 332, 144
-0.979647, 297, 1, 360, 256
-0.97966, 65, 233, 192, 296
-0.9797, 25, 41, 88, 104
-0.9797, 433, 1, 464, 128
-0.979707, 65, 97, 96, 160
-0.979761, 49, 217, 112, 280
-0.979827, 1, 17, 128, 80
-0.979861, 161, 57, 288, 120
-0.979864, 193, 97, 256, 352
-0.979969, 177, 1, 240, 256
-0.980003, 273, 57, 400, 120
-0.980236, 257, 185, 288, 248
-0.980375, 221, 297, 252, 357
-0.980391, 121, 273, 184, 336
-0.980402, 33, 97, 96, 352
-0.980426, 1, 161, 128, 224
-0.980429, 169, 145, 232, 208
-0.980444, 97, 257, 160, 320
-0.98057, 209, 297, 336, 357
-0.980579, 433, 177, 496, 240
-0.980587, 145, 121, 208, 184
-0.980606, 133, 297, 164, 357
-0.980611, 273, 81, 336, 144
-0.980644, 73, 297, 136, 357
-0.980644, 49, 73, 176, 136
-0.98065, 257, 33, 384, 96
-0.980715, 85, 81, 116, 144
-0.980787, 273, 177, 336, 240
-0.980841, 129, 97, 192, 352
-0.980848, 65, 185, 192, 248
-0.980866, 89, 137, 120, 200
-0.980871, 157, 241, 188, 304
-0.980878, 225, 97, 288, 352
-0.980896, 109, 145, 140, 208
-0.98092, 321, 49, 448, 112
-0.980961, 305, 297, 368, 357
-0.981047, 177, 145, 304, 208
-0.981062, 25, 265, 88, 328
-0.981071, 369, 289, 496, 352
-0.981098, 433, 201, 496, 264
-0.981116, 121, 113, 152, 176
-0.981154, 197, 161, 228, 224
-0.981189, 233, 185, 264, 248
-0.981253, 145, 129, 176, 192
-0.981267, 1, 297, 32, 357
-0.981322, 53, 97, 84, 160
-0.981378, 369, 1, 432, 256
-0.981417, 329, 297, 392, 357
-0.981454, 209, 257, 240, 320
-0.981461, 313, 73, 376, 136
-0.981517, 225, 225, 288, 352
-0.981529, 241, 177, 368, 240
-0.981568, 225, 17, 256, 144
-0.981598, 73, 129, 104, 192
-0.981614, 177, 1, 240, 357
-0.981625, 173, 297, 204, 357
-0.98165, 209, 297, 240, 357
-0.981657, 289, 17, 320, 144
-0.981712, 145, 233, 176, 296
-0.981717, 145, 297, 176, 357
-0.981759, 141, 1, 172, 128
-0.981797, 337, 225, 400, 352
-0.981859, 105, 297, 168, 357
-0.981917, 65, 257, 128, 320
-0.981975, 17, 41, 48, 104
-0.981978, 369, 49, 432, 112
-0.982001, 1, 249, 32, 312
-0.982029, 161, 225, 192, 352
-0.982078, 129, 225, 160, 288
-0.982178, 121, 9, 152, 72
-0.982202, 81, 17, 208, 80
-0.982229, 169, 145, 200, 208
-0.982229, 173, 193, 204, 256
-0.982238, 149, 185, 180, 248
-0.9823, 85, 105, 116, 168
-0.98232, 1, 145, 32, 208
-0.982328, 173, 257, 204, 320
-0.982335, 249, 97, 312, 352
-0.982343, 185, 153, 216, 216
-0.982362, 105, 201, 168, 264
-0.982439, 129, 1, 192, 357
-0.982456, 1, 1, 64, 357
-0.982456, 221, 265, 252, 328
-0.982647, 241, 209, 304, 272
-0.982679, 201, 209, 232, 336
-0.982709, 189, 273, 220, 336
-0.982719, 181, 65, 212, 128
-0.98275, 273, 225, 400, 352
-0.982755, 273, 97, 336, 352
-0.982767, 97, 105, 128, 168
-0.982847, 5, 49, 36, 112
-0.982854, 105, 65, 168, 128
-0.982866, 129, 9, 256, 72
-0.9829, 313, 33, 344, 160
-0.982918, 273, 17, 304, 144
-0.982963, 169, 41, 232, 104
-0.983038, 81, 1, 144, 357
-0.983047, 309, 57, 340, 120
-0.983066, 189, 201, 220, 264
-0.983096, 133, 177, 164, 304
-0.983133, 117, 217, 148, 280
-0.983156, 185, 81, 248, 144
-0.983176, 1, 129, 32, 256
-0.983197, 57, 97, 120, 352
-0.983198, 97, 193, 128, 256
-0.98324, 433, 97, 496, 352
-0.983248, 369, 25, 496, 88
-0.983268, 129, 169, 160, 232
-0.983301, 209, 217, 240, 280
-0.983309, 289, 1, 352, 357
-0.983436, 341, 25, 372, 88
-0.98345, 37, 113, 68, 176
-0.98347, 157, 297, 188, 357
-0.983557, 321, 49, 352, 112
-0.983591, 369, 249, 496, 312
-0.983596, 161, 265, 192, 328
-0.983643, 1, 273, 32, 336
-0.983663, 237, 65, 268, 128
-0.983671, 69, 9, 100, 72
-0.98372, 53, 121, 84, 184
-0.983738, 97, 9, 128, 72
-0.983766, 209, 129, 240, 256
-0.983767, 121, 33, 184, 96
-0.983781, 61, 73, 92, 136
-0.983786, 81, 65, 144, 128
-0.983841, 133, 81, 164, 208
-0.983924, 213, 169, 244, 232
-0.983937, 5, 105, 36, 168
-0.983968, 257, 161, 288, 224
-0.98402, 225, 189, 288, 220
-0.984113, 49, 73, 80, 136
-0.984122, 25, 153, 88, 216
-0.984137, 465, 65, 496, 192
-0.984137, 1, 225, 32, 288
-0.984146, 305, 33, 336, 96
-0.984155, 145, 257, 176, 320
-0.984199, 1, 185, 32, 248
-0.984211, 353, 297, 416, 357
-0.984265, 433, 1, 496, 357
-0.984273, 133, 249, 164, 312
-0.9843, 5, 17, 36, 80
-0.984307, 421, 1, 452, 64
-0.984315, 1, 265, 128, 328
-0.984326, 249, 65, 280, 128
-0.984335, 17, 105, 48, 168
-0.984367, 229, 225, 260, 352
-0.984386, 269, 25, 300, 88
-0.984389, 465, 129, 496, 192
-0.984389, 77, 185, 108, 248
-0.98445, 209, 1, 272, 357
-0.984451, 177, 17, 208, 80
-0.984455, 129, 241, 256, 304
-0.984472, 161, 193, 192, 256
-0.984479, 177, 89, 304, 152
-0.984484, 161, 177, 224, 208
-0.984499, 29, 57, 60, 120
-0.984529, 145, 105, 176, 168
-0.98455, 409, 1, 440, 64
-0.984556, 201, 57, 232, 120
-0.984582, 257, 161, 288, 288
-0.984611, 133, 113, 164, 176
-0.984629, 241, 89, 304, 152
-0.98464, 373, 17, 404, 80
-0.984665, 41, 241, 104, 304
-0.984669, 289, 33, 320, 96
-0.984728, 97, 193, 128, 320
-0.984745, 233, 257, 264, 320
-0.984749, 393, 1, 456, 256
-0.984811, 281, 177, 344, 304
-0.984855, 269, 177, 300, 240
-0.98486, 241, 153, 368, 216
-0.984868, 245, 17, 276, 80
-0.984907, 21, 297, 52, 357
-0.98492, 309, 297, 340, 357
-0.984922, 217, 65, 248, 128
-0.984966, 465, 65, 496, 128
-0.985005, 313, 1, 376, 357
-0.985055, 201, 17, 232, 80
-0.985132, 73, 49, 104, 176
-0.985144, 245, 297, 276, 357
-0.985154, 369, 161, 496, 224
-0.985165, 369, 217, 496, 280
-0.985185, 445, 9, 476, 72
-0.985188, 25, 1, 88, 357
-0.985197, 181, 81, 212, 208
-0.985197, 53, 129, 84, 256
-0.985212, 237, 161, 268, 224
-0.985259, 257, 17, 288, 80
-0.985266, 241, 113, 304, 240
-0.985268, 109, 9, 140, 72
-0.985286, 353, 17, 384, 80
-0.985304, 1, 41, 128, 104
-0.985316, 161, 65, 192, 128
-0.985337, 157, 137, 188, 200
-0.985339, 289, 9, 352, 72
-0.985356, 153, 89, 216, 152
-0.985373, 97, 145, 160, 176
-0.985383, 85, 57, 116, 120
-0.985398, 49, 297, 176, 357
-0.985418, 97, 209, 224, 272
-0.985452, 261, 65, 292, 128
-0.985475, 233, 297, 264, 357
-0.985506, 385, 17, 416, 80
-0.985506, 109, 121, 140, 184
-0.985509, 193, 17, 224, 144
-0.985541, 57, 177, 88, 240
-0.985562, 329, 25, 360, 88
-0.985562, 465, 89, 496, 152
-0.98559, 461, 297, 492, 357
-0.98559, 341, 49, 372, 112
-0.985645, 461, 41, 492, 104
-0.985752, 217, 17, 248, 80
-0.985846, 377, 297, 440, 357
-0.985854, 97, 65, 128, 128
-0.985858, 45, 169, 76, 232
-0.985864, 261, 297, 292, 357
-0.98589, 229, 25, 260, 88
-0.985906, 401, 297, 464, 357
-0.985936, 305, 193, 368, 320
-0.985997, 437, 65, 468, 128
-0.98608, 49, 297, 80, 357
-0.986089, 33, 297, 64, 357
-0.986102, 305, 297, 432, 357
-0.986109, 49, 17, 80, 80
-0.986121, 169, 121, 232, 184
-0.986134, 201, 89, 232, 152
-0.98614, 101, 217, 132, 280
-0.98616, 185, 121, 216, 184
-0.986175, 77, 145, 108, 272
-0.986179, 161, 81, 192, 208
-0.986194, 233, 129, 296, 192
-0.986239, 257, 1, 320, 357
-0.986245, 369, 113, 496, 176
-0.986246, 25, 113, 56, 240
-0.986317, 209, 89, 272, 152
-0.986352, 145, 161, 208, 192
-0.98637, 305, 257, 368, 320
-0.986379, 105, 1, 168, 357
-0.986391, 325, 17, 356, 144
-0.986397, 129, 33, 256, 96
-0.986511, 201, 65, 232, 192
-0.986522, 265, 113, 328, 176
-0.986682, 393, 33, 456, 96
-0.986687, 369, 185, 496, 248
-0.986732, 321, 225, 448, 352
-0.986733, 173, 225, 204, 352
-0.986757, 121, 157, 184, 188
-0.986764, 65, 49, 192, 112
-0.986904, 265, 273, 328, 336
-0.986953, 57, 1, 120, 357
-0.98698, 225, 145, 256, 272
-0.987024, 433, 9, 496, 40
-0.987049, 189, 209, 220, 336
-0.987055, 121, 169, 184, 200
-0.987096, 217, 81, 248, 208
-0.987103, 1, 161, 256, 224
-0.987142, 121, 49, 152, 176
-0.987155, 121, 145, 184, 176
-0.987164, 465, 113, 496, 240
-0.987218, 393, 81, 456, 144
-0.987229, 245, 49, 276, 176
-0.987234, 201, 197, 264, 228
-0.987281, 153, 1, 216, 357
-0.987285, 217, 41, 280, 104
-0.987327, 241, 193, 272, 320
-0.987345, 109, 193, 140, 320
-0.987449, 81, 257, 208, 320
-0.987465, 257, 297, 384, 357
-0.987473, 217, 241, 280, 304
-0.987585, 433, 65, 496, 96
-0.9876, 121, 193, 152, 320
-0.987628, 177, 113, 304, 176
-0.987867, 133, 225, 164, 352
-0.987899, 161, 277, 224, 308
-0.987919, 297, 97, 360, 352
-0.987928, 385, 225, 448, 352
-0.988004, 121, 133, 184, 164
-0.988047, 281, 225, 344, 352
-0.988214, 257, 225, 320, 352
-0.988232, 401, 1, 464, 357
-0.98831, 273, 81, 400, 144
-0.988365, 1, 105, 64, 136
-0.988369, 185, 185, 248, 216
-0.988394, 1, 241, 128, 304
-0.988458, 345, 1, 408, 357
-0.988468, 429, 65, 460, 192
-0.988473, 129, 181, 192, 212
-0.988592, 369, 137, 496, 200
-0.988671, 193, 173, 256, 204
-0.988747, 225, 89, 352, 152
-0.988859, 225, 121, 352, 184
-0.988885, 1, 165, 64, 196
-0.988952, 13, 113, 44, 240
-0.988962, 361, 225, 424, 352
-0.989074, 233, 1, 296, 357
-0.989085, 137, 253, 200, 284
-0.989274, 313, 81, 344, 208
-0.989342, 57, 85, 120, 116
-0.989386, 41, 97, 104, 128
-0.989413, 257, 49, 288, 176
-0.989426, 233, 21, 296, 52
-0.98943, 241, 177, 304, 208
-0.989434, 217, 325, 280, 356
-0.989447, 1, 313, 64, 344
-0.989452, 41, 113, 72, 240
-0.989456, 345, 177, 408, 304
-0.989535, 121, 321, 184, 352
-0.989547, 33, 185, 288, 248
-0.989629, 273, 9, 400, 72
-0.989711, 193, 217, 320, 280
-0.989713, 1, 285, 64, 316
-0.989718, 161, 289, 224, 320
-0.98974, 313, 321, 376, 352
-0.98978, 1, 145, 64, 176
-0.98979, 137, 281, 200, 312
-0.98983, 193, 313, 256, 344
-0.989916, 89, 157, 152, 188
-0.989981, 177, 265, 240, 296
-0.989995, 321, 89, 448, 152
-0.990046, 89, 213, 152, 244
-0.990071, 333, 65, 364, 192
-0.990096, 169, 165, 232, 196
-0.990133, 97, 101, 160, 132
-0.990149, 329, 97, 392, 352
-0.990237, 73, 137, 136, 168
-0.990264, 433, 53, 496, 84
-0.990268, 121, 237, 184, 268
-0.990275, 193, 281, 256, 312
-0.990282, 465, 193, 496, 320
-0.990334, 225, 205, 288, 236
-0.990353, 321, 129, 448, 256
-0.990372, 1, 197, 64, 228
-0.990396, 241, 201, 368, 264
-0.990417, 1, 61, 64, 92
-0.990433, 25, 117, 88, 148
-0.990475, 65, 201, 128, 232
-0.990506, 249, 205, 312, 236
-0.990557, 17, 81, 80, 112
-0.990596, 353, 97, 416, 352
-0.990613, 49, 189, 112, 220
-0.990685, 49, 133, 112, 164
-0.990699, 13, 193, 44, 320
-0.990763, 273, 177, 304, 304
-0.990796, 233, 281, 296, 312
-0.99081, 369, 1, 432, 357
-0.990811, 337, 321, 400, 352
-0.99084, 357, 65, 388, 192
-0.99084, 77, 193, 108, 320
-0.990843, 33, 97, 288, 160
-0.990861, 33, 121, 288, 184
-0.990873, 193, 301, 256, 332
-0.990961, 433, 77, 496, 108
-0.990973, 89, 113, 152, 144
-0.991006, 193, 325, 256, 356
-0.991021, 381, 49, 412, 176
-0.991063, 1, 177, 64, 208
-0.991179, 257, 25, 500, 88
-0.991203, 89, 17, 152, 48
-0.991233, 129, 269, 192, 300
-0.991236, 73, 101, 136, 132
-0.991282, 433, 89, 496, 120
-0.991284, 1, 225, 64, 256
-0.991312, 257, 57, 500, 120
-0.991317, 161, 301, 224, 332
-0.991326, 433, 261, 496, 292
-0.991356, 289, 161, 416, 224
-0.991365, 25, 177, 88, 208
-0.991414, 97, 249, 160, 280
-0.991418, 201, 217, 264, 248
-0.991427, 377, 97, 440, 352
-0.99143, 161, 205, 224, 236
-0.991452, 217, 301, 280, 332
-0.991462, 161, 317, 224, 348
-0.991485, 33, 73, 288, 136
-0.991506, 369, 49, 400, 176
-0.991527, 113, 213, 176, 244
-0.99153, 29, 193, 60, 320
-0.991533, 301, 65, 332, 192
-0.991607, 237, 189, 268, 220
-0.991637, 145, 193, 208, 224
-0.991652, 25, 217, 88, 248
-0.991679, 193, 17, 256, 48
-0.991693, 265, 189, 328, 220
-0.9917, 89, 125, 152, 156
-0.991725, 129, 293, 192, 324
-0.991732, 201, 189, 232, 220
-0.991739, 97, 161, 352, 224
-0.991757, 137, 309, 200, 340
-0.991757, 185, 181, 216, 212
-0.991762, 409, 97, 472, 224
-0.991767, 433, 105, 496, 136
-0.991767, 161, 69, 224, 100
-0.991775, 121, 225, 184, 256
-0.991784, 1, 301, 64, 332
-0.991795, 265, 317, 328, 348
-0.9918, 1, 21, 64, 52
-0.991834, 129, 137, 160, 168
-0.991853, 1, 81, 500, 144
-0.991872, 377, 97, 440, 224
-0.991875, 161, 185, 288, 216
-0.991889, 169, 173, 200, 204
-0.99189, 433, 313, 496, 344
-0.991904, 17, 93, 80, 124
-0.991906, 241, 321, 304, 352
-0.991909, 441, 49, 472, 176
-0.99194, 433, 273, 496, 304
-0.991945, 201, 269, 264, 300
-0.991973, 289, 325, 352, 356
-0.991978, 217, 177, 280, 208
-0.991979, 81, 89, 144, 120
-0.99198, 1, 253, 64, 284
-0.991986, 237, 145, 268, 272
-0.991996, 265, 33, 328, 64
-0.992016, 65, 213, 128, 244
-0.992038, 433, 41, 496, 72
-0.992038, 257, 205, 288, 236
-0.992041, 97, 169, 160, 200
-0.992053, 193, 157, 256, 188
-0.992069, 49, 177, 112, 208
-0.992086, 1, 325, 64, 356
-0.992097, 313, 305, 376, 336
-0.992137, 1, 273, 64, 304
-0.992138, 143, 145, 158, 208
-0.992148, 65, 17, 320, 80
-0.992161, 81, 225, 144, 256
-0.992187, 113, 149, 144, 180
-0.992212, 297, 49, 360, 80
-0.992258, 173, 161, 204, 192
-0.99226, 221, 193, 252, 224
-0.992279, 133, 153, 164, 184
-0.992282, 1, 49, 64, 80
-0.992307, 25, 325, 88, 356
-0.99232, 433, 125, 496, 156
-0.992389, 181, 193, 212, 224
-0.992396, 133, 137, 148, 200
-0.99242, 161, 249, 224, 280
-0.992425, 5, 77, 36, 108
-0.992435, 313, 145, 376, 272
-0.992444, 1, 241, 64, 272
-0.99245, 433, 153, 496, 184
-0.992475, 141, 133, 172, 164
-0.992483, 157, 181, 188, 212
-0.9925, 213, 313, 244, 344
-0.992504, 105, 101, 136, 132
-0.992536, 461, 9, 492, 40
-0.992546, 257, 113, 288, 240
-0.992555, 25, 189, 88, 220
-0.992569, 325, 161, 356, 288
-0.99258, 433, 241, 496, 272
-0.992605, 361, 325, 424, 356
-0.992614, 73, 133, 104, 164
-0.992617, 433, 289, 496, 320
-0.992619, 345, 65, 376, 192
-0.992629, 1, 133, 64, 164
-0.99265, 433, 301, 496, 332
-0.992667, 189, 169, 220, 200
-0.992712, 85, 137, 116, 168
-0.992718, 257, 189, 288, 220
-0.992725, 113, 137, 240, 168
-0.992733, 189, 205, 220, 236
-0.992768, 145, 149, 208, 180
-0.992776, 145, 237, 208, 268
-0.992783, 409, 69, 472, 100
-0.992785, 233, 65, 264, 192
-0.992789, 57, 73, 120, 104
-0.992798, 153, 13, 216, 44
-0.992801, 97, 313, 160, 344
-0.992804, 149, 157, 180, 188
-0.992805, 433, 225, 496, 256
-0.99281, 25, 277, 88, 308
-0.992824, 221, 181, 252, 212
-0.992825, 433, 21, 496, 52
-0.992829, 57, 17, 120, 48
-0.99283, 209, 177, 240, 208
-0.992832, 1, 289, 32, 320
-0.992861, 41, 289, 104, 320
-0.992861, 89, 325, 152, 356
-0.992868, 241, 65, 304, 96
-0.992876, 1, 213, 64, 244
-0.992877, 97, 153, 224, 184
-0.992885, 145, 181, 176, 212
-0.992885, 1, 117, 64, 148
-0.992906, 17, 73, 48, 104
-0.992919, 169, 185, 200, 216
-0.992927, 81, 93, 112, 124
-0.992928, 13, 101, 44, 132
-0.992937, 249, 17, 280, 48
-0.992953, 201, 317, 232, 348
-0.992955, 101, 213, 132, 244
-0.992957, 245, 205, 276, 236
-0.992964, 225, 1, 352, 64
-0.992966, 369, 13, 496, 44
-0.992968, 221, 325, 252, 356
-0.992972, 205, 201, 236, 232
-0.99298, 209, 217, 240, 248
-0.992989, 77, 77, 108, 108
-0.992993, 1, 97, 32, 128
-0.992996, 217, 261, 248, 292
-0.992999, 177, 1, 304, 64
-0.993015, 149, 169, 180, 200
-0.993028, 217, 205, 248, 236
-0.993031, 161, 65, 416, 128
-0.993033, 181, 285, 212, 316
-0.993033, 153, 241, 184, 272
-0.993041, 33, 297, 288, 357
-0.993058, 161, 153, 176, 216
-0.993059, 129, 165, 160, 196
-0.99306, 1, 249, 32, 280
-0.993062, 1, 317, 32, 348
-0.993069, 97, 145, 128, 176
-0.99307, 1, 273, 32, 304
-0.993084, 53, 121, 84, 152
-0.993085, 57, 177, 88, 304
-0.993111, 149, 265, 180, 296
-0.993115, 169, 149, 200, 180
-0.993123, 5, 65, 36, 96
-0.99313, 325, 317, 356, 348
-0.993136, 1, 161, 32, 192
-0.993165, 77, 65, 108, 96
-0.993167, 37, 113, 68, 144
-0.993168, 161, 277, 192, 308
-0.993171, 1, 141, 32, 172
-0.993176, 161, 265, 192, 296
-0.993191, 113, 213, 144, 244
-0.993196, 169, 197, 200, 228
-0.993198, 89, 81, 120, 112
-0.9932, 257, 177, 288, 208
-0.993204, 1, 301, 32, 332
-0.99323, 171, 169, 186, 232
-0.993233, 1, 185, 32, 216
-0.993238, 207, 185, 222, 248
-0.993249, 153, 141, 184, 172
-0.993264, 189, 317, 220, 348
-0.993266, 161, 297, 416, 357
-0.993277, 133, 229, 164, 260
-0.993278, 1, 173, 32, 204
-0.993284, 123, 145, 138, 208
-0.993286, 201, 109, 232, 140
-0.993286, 149, 153, 164, 216
-0.993291, 133, 313, 164, 344
-0.993302, 1, 261, 32, 292
-0.993303, 197, 177, 212, 240
-0.993314, 69, 89, 100, 120
-0.993316, 337, 317, 368, 348
-0.993339, 129, 125, 160, 156
-0.993347, 181, 265, 212, 296
-0.993365, 117, 137, 148, 168
-0.993388, 97, 197, 128, 228
-0.993394, 189, 157, 220, 188
-0.993395, 129, 273, 384, 336
-0.993396, 285, 317, 316, 348
-0.993399, 1, 225, 32, 256
-0.993405, 217, 289, 248, 320
-0.993409, 205, 17, 236, 48
-0.993412, 189, 69, 220, 100
-0.993415, 17, 181, 48, 212
-0.993425, 237, 265, 268, 296
-0.993425, 185, 297, 216, 328
-0.993425, 237, 177, 268, 208
-0.993426, 141, 253, 172, 284
-0.993431, 153, 317, 184, 348
-0.993439, 177, 249, 304, 312
-0.993445, 117, 117, 148, 148
-0.993448, 25, 105, 56, 136
-0.993451, 465, 105, 496, 136
-0.993453, 89, 17, 120, 48
-0.993457, 117, 13, 148, 44
-0.993461, 273, 201, 304, 232
-0.993461, 161, 161, 192, 192
-0.993467, 241, 281, 272, 312
-0.99347, 353, 325, 384, 356
-0.993471, 465, 145, 496, 176
-0.993476, 33, 97, 160, 128
-0.993476, 1, 129, 32, 160
-0.993478, 1, 209, 32, 240
-0.99348, 441, 9, 472, 40
-0.993484, 121, 245, 152, 276
-0.993488, 61, 77, 92, 108
-0.993498, 179, 169, 194, 232
-0.993508, 437, 69, 468, 100
-0.993511, 93, 97, 124, 128
-0.993522, 233, 325, 264, 356
-0.993523, 181, 133, 212, 164
-0.993527, 33, 137, 160, 168
-0.993527, 465, 85, 496, 116
-0.993529, 465, 65, 496, 96
-0.993531, 133, 177, 164, 208
-0.993531, 229, 205, 260, 236
-0.993539, 221, 277, 252, 308
-0.993541, 97, 181, 224, 212
-0.993545, 161, 25, 416, 88
-0.993547, 201, 281, 232, 312
-0.993556, 233, 313, 264, 344
-0.993556, 1, 237, 32, 268
-0.993557, 313, 325, 344, 356
-0.99357, 201, 61, 232, 92
-0.993581, 73, 17, 104, 48
-0.993583, 201, 161, 232, 192
-0.993585, 465, 133, 496, 164
-0.993599, 133, 325, 164, 356
-0.993612, 165, 249, 196, 280
-0.993635, 41, 193, 72, 320
-0.993643, 249, 325, 280, 356
-0.993644, 309, 313, 340, 344
-0.993646, 217, 249, 248, 280
-0.993658, 81, 189, 112, 220
-0.993661, 1, 57, 500, 120
-0.993718, 129, 169, 256, 200
-0.993719, 81, 165, 208, 196
-0.993726, 393, 49, 424, 176
-0.993735, 203, 49, 218, 112
-0.993789, 477, 1, 492, 64
-0.993794, 155, 161, 170, 224
-0.994, 33, 241, 288, 304
-0.994002, 129, 201, 384, 264
-0.994033, 273, 265, 400, 328
-0.994046, 409, 49, 440, 176
-0.994079, 161, 201, 288, 232
-0.994095, 189, 177, 204, 240
-0.994127, 161, 321, 288, 352
-0.994155, 199, 297, 214, 357
-0.994161, 49, 149, 176, 180
-0.994162, 209, 297, 224, 357
-0.994167, 213, 185, 228, 248
-0.994191, 165, 185, 180, 248
-0.994207, 275, 177, 290, 240
-0.994222, 65, 225, 96, 352
-0.99427, 1, 221, 128, 252
-0.994306, 327, 97, 342, 160
-0.994378, 1, 273, 256, 336
-0.994379, 113, 305, 240, 336
-0.994392, 209, 181, 336, 212
-0.994393, 161, 157, 288, 188
-0.994429, 139, 121, 154, 184
-0.99448, 221, 257, 236, 320
-0.994527, 205, 81, 220, 144
-0.994562, 33, 117, 160, 148
-0.994564, 273, 105, 400, 168
-0.994591, 1, 189, 128, 220
-0.994596, 113, 197, 240, 228
-0.994603, 203, 273, 218, 336
-0.994607, 7, 73, 22, 136
-0.994662, 209, 205, 336, 236
-0.994668, 281, 65, 312, 192
-0.99467, 33, 165, 160, 196
-0.994676, 215, 217, 230, 280
-0.994699, 89, 65, 104, 128
-0.994706, 281, 129, 312, 256
-0.99474, 1, 105, 500, 168
-0.994773, 129, 89, 384, 152
-0.994792, 7, 161, 22, 224
-0.994795, 205, 17, 220, 80
-0.994807, 77, 97, 92, 160
-0.994808, 29, 73, 44, 136
-0.994831, 113, 97, 128, 160
-0.994852, 209, 49, 224, 112
-0.994854, 133, 161, 148, 224
-0.994883, 221, 297, 236, 357
-0.994883, 97, 317, 224, 348
-0.994887, 81, 249, 208, 280
-0.994895, 67, 97, 82, 160
-0.994897, 17, 73, 32, 136
-0.9949, 113, 109, 240, 140
-0.994911, 323, 57, 338, 120
-0.994917, 207, 105, 222, 168
-0.995006, 329, 129, 344, 192
-0.995009, 369, 77, 496, 108
-0.995025, 183, 265, 198, 328
-0.995029, 99, 105, 114, 168
-0.99504, 7, 297, 22, 357
-0.995041, 231, 193, 246, 256
-0.995043, 147, 121, 162, 184
-0.995062, 201, 201, 216, 264
-0.995072, 139, 169, 154, 232
-0.99508, 369, 61, 496, 92
-0.995092, 51, 81, 66, 144
-0.995109, 1, 17, 500, 80
-0.995136, 191, 265, 206, 328
-0.995145, 95, 73, 110, 136
-0.995153, 127, 121, 142, 184
-0.995172, 79, 129, 94, 192
-0.995179, 37, 81, 52, 144
-0.99521, 221, 193, 236, 256
-0.995218, 113, 213, 240, 244
-0.99522, 401, 97, 464, 352
-0.995231, 97, 125, 224, 156
-0.995236, 167, 145, 182, 208
-0.995245, 95, 137, 110, 200
-0.995246, 193, 289, 208, 352
-0.995269, 107, 137, 122, 200
-0.995285, 1, 185, 500, 248
-0.995296, 289, 185, 416, 248
-0.995319, 59, 97, 74, 160
-0.995342, 155, 137, 170, 200
-0.995347, 471, 1, 486, 64
-0.995356, 333, 41, 348, 104
-0.99536, 1, 313, 128, 344
-0.995387, 145, 261, 272, 292
-0.995388, 193, 17, 208, 80
-0.995392, 157, 241, 172, 304
-0.995395, 49, 225, 176, 256
-0.995401, 369, 89, 496, 120
-0.995406, 211, 273, 226, 336
-0.995413, 147, 177, 162, 240
-0.995423, 231, 297, 246, 357
-0.995426, 173, 257, 188, 320
-0.995427, 129, 245, 256, 276
-0.995462, 1, 209, 256, 272
-0.995467, 401, 177, 464, 304
-0.995469, 269, 129, 300, 256
-0.99547, 167, 249, 182, 312
-0.995481, 175, 193, 190, 256
-0.995515, 1, 297, 500, 357
-0.995515, 209, 313, 336, 344
-0.995516, 101, 137, 116, 200
-0.99552, 161, 273, 288, 304
-0.995534, 129, 113, 384, 176
-0.995552, 345, 225, 376, 352
-0.995564, 177, 21, 304, 52
-0.995568, 97, 1, 128, 256
-0.995583, 113, 281, 240, 312
-0.995587, 197, 265, 212, 328
-0.995589, 409, 225, 472, 352
-0.995594, 1, 209, 500, 272
-0.995603, 67, 121, 82, 184
-0.995608, 97, 261, 224, 292
-0.995609, 131, 217, 146, 280
-0.995653, 211, 81, 226, 144
-0.995659, 129, 137, 384, 200
-0.995688, 121, 97, 136, 160
-0.995694, 289, 325, 416, 356
-0.995696, 33, 49, 48, 112
-0.995698, 7, 233, 22, 296
-0.995713, 193, 169, 448, 232
-0.995718, 89, 129, 104, 192
-0.99572, 423, 1, 438, 64
-0.995726, 247, 177, 262, 240
-0.995731, 85, 105, 100, 168
-0.995743, 197, 153, 212, 216
-0.995744, 53, 225, 84, 352
-0.995745, 97, 9, 112, 72
-0.995751, 143, 225, 158, 288
-0.995751, 91, 97, 106, 160
-0.99578, 185, 153, 200, 216
-0.995783, 119, 209, 134, 272
-0.995797, 369, 313, 496, 344
-0.995799, 49, 113, 64, 176
-0.99581, 225, 89, 480, 152
-0.995819, 133, 113, 148, 176
-0.995819, 7, 97, 22, 160
-0.995826, 173, 145, 188, 208
-0.995828, 123, 1, 138, 64
-0.995844, 345, 129, 408, 256
-0.995846, 65, 237, 192, 268
-0.995856, 269, 81, 300, 208
-0.995857, 23, 73, 38, 136
-0.995858, 231, 257, 246, 320
-0.995869, 27, 49, 42, 112
-0.995871, 105, 113, 120, 176
-0.99588, 9, 49, 24, 112
-0.995895, 195, 57, 210, 120
-0.99591, 177, 289, 304, 320
-0.99594, 85, 17, 100, 80
-0.995945, 259, 281, 274, 344
-0.995983, 215, 17, 230, 80
-0.995983, 209, 209, 224, 272
-0.995984, 273, 241, 400, 304
-0.995985, 269, 177, 284, 240
-0.995994, 1, 205, 128, 236
-0.995997, 245, 97, 276, 224
-0.995999, 161, 69, 288, 100
-0.996, 343, 25, 358, 88
-0.99602, 141, 297, 156, 357
-0.996028, 175, 297, 190, 357
-0.996031, 149, 233, 164, 296
-0.996078, 317, 225, 348, 352
-0.996079, 321, 273, 448, 336
-0.996082, 465, 1, 480, 64
-0.996083, 329, 73, 344, 136
-0.996094, 255, 193, 270, 256
-0.996102, 377, 161, 440, 288
-0.99611, 195, 201, 210, 264
-0.996122, 213, 105, 228, 168
-0.996129, 45, 81, 60, 144
-0.996139, 7, 185, 22, 248
-0.996147, 207, 153, 222, 216
-0.996156, 1, 257, 128, 288
-0.996161, 37, 1, 68, 256
-0.996161, 49, 177, 176, 208
-0.996164, 369, 49, 496, 80
-0.996166, 333, 113, 364, 240
-0.996166, 133, 9, 148, 72
-0.996169, 19, 49, 34, 112
-0.99618, 299, 25, 314, 88
-0.996181, 49, 265, 176, 296
-0.996183, 179, 145, 194, 208
-0.99619, 321, 81, 336, 144
-0.996199, 199, 81, 214, 144
-0.996199, 69, 1, 100, 256
-0.996215, 113, 145, 128, 208
-0.996217, 251, 65, 266, 128
-0.99622, 237, 193, 252, 256
-0.996221, 369, 269, 496, 300
-0.996226, 363, 17, 378, 80
-0.996229, 215, 297, 230, 357
-0.996231, 369, 297, 496, 328
-0.996239, 221, 217, 236, 280
-0.996246, 7, 273, 22, 336
-0.996257, 345, 297, 360, 357
-0.996265, 177, 217, 304, 248
-0.996281, 5, 121, 20, 184
-0.996284, 113, 1, 144, 256
-0.996287, 225, 25, 352, 56
-0.996292, 369, 257, 496, 288
-0.996294, 209, 325, 336, 356
-0.996296, 177, 121, 304, 152
-0.996298, 1, 233, 128, 264
-0.99633, 209, 37, 336, 68
-0.99633, 17, 85, 144, 116
-0.996347, 177, 169, 304, 200
-0.996382, 1, 129, 500, 192
-0.996396, 1, 249, 500, 312
-0.996398, 129, 293, 256, 324
-0.996412, 1, 281, 128, 312
-0.99652, 97, 97, 224, 128
-0.996556, 209, 61, 336, 92
-0.996575, 81, 13, 208, 44
-0.996596, 1, 245, 128, 276
-0.996598, 1, 17, 128, 48
-0.996598, 225, 149, 352, 180
-0.996601, 137, 137, 152, 168
-0.996611, 49, 1, 80, 256
-0.996619, 9, 1, 40, 256
-0.996646, 369, 241, 496, 272
-0.996647, 369, 285, 496, 316
-0.996657, 1, 177, 128, 208
-0.99666, 101, 97, 132, 352
-0.996664, 165, 177, 180, 208
-0.996668, 273, 313, 400, 344
-0.996681, 225, 257, 480, 320
-0.99669, 161, 137, 288, 168
-0.996692, 143, 165, 158, 196
-0.996698, 97, 85, 224, 116
-0.996708, 241, 193, 368, 224
-0.996739, 1, 325, 128, 356
-0.99678, 369, 101, 496, 132
-0.996785, 321, 177, 448, 304
-0.996789, 177, 301, 304, 332
-0.996792, 85, 1, 116, 256
-0.996807, 321, 25, 448, 56
-0.996811, 1, 61, 128, 92
-0.996823, 151, 169, 166, 200
-0.996831, 369, 221, 496, 252
-0.996847, 1, 293, 128, 324
-0.996848, 177, 109, 304, 140
-0.996854, 129, 1, 160, 256
-0.99689, 181, 185, 196, 216
-0.996893, 201, 97, 232, 352
-0.996905, 171, 173, 186, 204
-0.99694, 369, 173, 496, 204
-0.996956, 369, 185, 496, 216
-0.996958, 195, 181, 210, 212
-0.99697, 121, 97, 152, 352
-0.99697, 133, 149, 148, 180
-0.996971, 369, 197, 496, 228
-0.996974, 225, 241, 352, 304
-0.996982, 225, 301, 352, 332
-0.996985, 313, 161, 344, 288
-0.996988, 49, 209, 176, 240
-0.99699, 369, 117, 496, 148
-0.996994, 1, 41, 128, 72
-0.997015, 257, 57, 384, 88
-0.997056, 241, 165, 368, 196
-0.997056, 369, 209, 496, 240
-0.997073, 65, 193, 192, 224
-0.997081, 369, 37, 496, 68
-0.997088, 201, 1, 232, 256
-0.997102, 129, 25, 256, 56
-0.997108, 161, 165, 176, 196
-0.997123, 127, 141, 142, 172
-0.997126, 209, 49, 336, 80
-0.99713, 141, 1, 172, 256
-0.997133, 49, 321, 176, 352
-0.997159, 369, 157, 496, 188
-0.997194, 1, 269, 128, 300
-0.997198, 369, 325, 496, 356
-0.99721, 143, 133, 158, 164
-0.997223, 193, 261, 320, 292
-0.997228, 181, 97, 212, 352
-0.997248, 205, 37, 220, 68
-0.997256, 369, 25, 496, 56
-0.997271, 297, 1, 328, 256
-0.997279, 153, 157, 168, 188
-0.99731, 257, 297, 500, 357
-0.997311, 369, 133, 496, 164
-0.997312, 145, 153, 160, 184
-0.997319, 253, 1, 284, 256
-0.997334, 49, 277, 176, 308
-0.997352, 253, 97, 284, 352
-0.99736, 25, 1, 56, 256
-0.997361, 177, 1, 208, 256
-0.997363, 341, 1, 372, 256
-0.997364, 289, 137, 416, 200
-0.997365, 49, 73, 176, 104
-0.99739, 465, 1, 496, 256
-0.997404, 173, 161, 188, 192
-0.997418, 161, 57, 288, 88
-0.997432, 183, 173, 198, 204
-0.997436, 137, 161, 152, 192
-0.997441, 1, 161, 500, 224
-0.997443, 225, 281, 352, 312
-0.997451, 153, 97, 184, 352
-0.997457, 121, 149, 136, 180
-0.997457, 89, 97, 120, 352
-0.997467, 189, 1, 220, 256
-0.997476, 33, 49, 288, 112
-0.997478, 265, 1, 296, 256
-0.997478, 115, 97, 130, 128
-0.997487, 177, 97, 304, 128
-0.997488, 129, 13, 256, 44
-0.997494, 203, 57, 218, 88
-0.997502, 157, 1, 188, 256
-0.997502, 249, 185, 264, 216
-0.997503, 171, 185, 186, 216
-0.99751, 289, 45, 416, 76
-0.997516, 329, 129, 344, 160
-0.997529, 101, 141, 116, 172
-0.997532, 1, 97, 32, 352
-0.997537, 209, 137, 336, 168
-0.997538, 329, 1, 360, 256
-0.997552, 97, 73, 224, 104
-0.997563, 273, 29, 400, 60
-0.997582, 213, 1, 244, 256
-0.997587, 233, 1, 264, 256
-0.997591, 189, 193, 204, 224
-0.997606, 329, 141, 344, 172
-0.997609, 227, 185, 242, 216
-0.997609, 137, 97, 168, 352
-0.997612, 257, 205, 384, 236
-0.997614, 207, 105, 222, 136
-0.99762, 201, 197, 216, 228
-0.997621, 369, 145, 496, 176
-0.997627, 285, 1, 316, 256
-0.997632, 225, 321, 240, 352
-0.997633, 259, 201, 274, 232
-0.997633, 5, 173, 20, 204
-0.997639, 195, 193, 210, 224
-0.99765, 277, 189, 292, 220
-0.997657, 239, 185, 254, 216
-0.997658, 241, 105, 368, 136
-0.997664, 329, 117, 344, 148
-0.997664, 213, 317, 228, 348
-0.997674, 221, 253, 236, 284
-0.997677, 257, 121, 500, 184
-0.997681, 231, 261, 246, 292
-0.997682, 7, 65, 22, 96
-0.997696, 159, 177, 174, 208
-0.997708, 97, 225, 224, 256
-0.997712, 207, 185, 222, 216
-0.997719, 1, 153, 128, 184
-0.99772, 453, 49, 484, 176
-0.997727, 321, 61, 448, 92
-0.997727, 81, 293, 208, 324
-0.997733, 321, 309, 448, 340
-0.997745, 233, 97, 264, 352
-0.997746, 165, 97, 196, 352
-0.997753, 205, 69, 220, 100
-0.997757, 233, 193, 248, 224
-0.997767, 139, 149, 154, 180
-0.997769, 207, 313, 222, 344
-0.997791, 219, 317, 234, 348
-0.997795, 165, 149, 180, 180
-0.997798, 235, 277, 250, 308
-0.997807, 199, 169, 214, 200
-0.99781, 161, 1, 416, 64
-0.997817, 273, 201, 288, 232
-0.99782, 251, 205, 266, 236
-0.997824, 135, 125, 150, 156
-0.997824, 257, 13, 384, 44
-0.997831, 95, 93, 110, 124
-0.997831, 111, 145, 126, 176
-0.997831, 205, 89, 220, 120
-0.99784, 131, 317, 146, 348
-0.997843, 477, 1, 492, 128
-0.997847, 7, 93, 22, 124
-0.99785, 277, 97, 308, 352
-0.99785, 155, 161, 170, 288
-0.997864, 181, 161, 196, 192
-0.997867, 309, 1, 340, 256
-0.997871, 477, 9, 492, 40
-0.997877, 7, 185, 22, 216
-0.99788, 161, 81, 288, 112
-0.997886, 137, 173, 152, 204
-0.997901, 95, 137, 110, 168
-0.997902, 369, 1, 400, 256
-0.997906, 197, 69, 212, 100
-0.99791, 183, 281, 198, 312
-0.997917, 163, 189, 178, 220
-0.997932, 75, 129, 90, 160
-0.997938, 161, 317, 176, 348
-0.99794, 5, 81, 20, 112
-0.997947, 235, 325, 250, 356
-0.997966, 169, 273, 184, 304
-0.997967, 209, 49, 224, 80
-0.997969, 85, 133, 100, 164
-0.997972, 163, 265, 178, 296
-0.997973, 225, 117, 352, 148
-0.997978, 289, 177, 416, 208
-0.99798, 73, 97, 104, 352
-0.997986, 11, 161, 26, 192
-0.997987, 233, 181, 248, 212
-0.99799, 169, 325, 184, 356
-0.997993, 227, 205, 242, 236
-0.997998, 265, 97, 296, 352
-0.997999, 65, 61, 192, 92
-0.998003, 461, 97, 492, 352
-0.998019, 189, 165, 204, 196
-0.998019, 279, 201, 294, 232
-0.99802, 149, 145, 164, 272
-0.998021, 85, 93, 100, 124
-0.998022, 5, 161, 20, 192
-0.998023, 19, 101, 34, 132
-0.998023, 195, 161, 210, 288
-0.998029, 27, 65, 42, 96
-0.998029, 381, 1, 412, 256
-0.998031, 49, 117, 64, 148
-0.998033, 243, 281, 258, 312
-0.998033, 201, 209, 216, 240
-0.998035, 267, 205, 282, 236
-0.998038, 205, 33, 220, 160
-0.998041, 7, 225, 22, 256
-0.998041, 203, 25, 218, 56
-0.998041, 357, 1, 388, 256
-0.998042, 7, 317, 22, 348
-0.998045, 257, 213, 288, 228
-0.998048, 329, 329, 360, 344
-0.998048, 177, 281, 192, 312
-0.998049, 221, 185, 252, 200
-0.998052, 89, 81, 104, 112
-0.998053, 1, 315, 32, 330
-0.998053, 465, 109, 496, 124
-0.998053, 325, 93, 340, 124
-0.998054, 225, 77, 352, 108
-0.998056, 177, 331, 208, 346
-0.998057, 205, 117, 220, 148
-0.998057, 243, 197, 258, 228
-0.99806, 1, 271, 32, 286
-0.998062, 69, 125, 84, 156
-0.998064, 437, 69, 468, 84
-0.998065, 13, 73, 28, 104
-0.998066, 187, 265, 202, 296
-0.998066, 149, 189, 180, 204
-0.998069, 205, 301, 220, 332
-0.99807, 105, 113, 136, 128
-0.998072, 111, 221, 126, 252
-0.998076, 201, 113, 232, 128
-0.998078, 201, 185, 216, 216
-0.998078, 349, 317, 364, 348
-0.998082, 37, 109, 52, 140
-0.998084, 101, 143, 132, 158
-0.998085, 191, 289, 206, 320
-0.998085, 177, 299, 208, 314
-0.998085, 189, 181, 204, 212
-0.998088, 61, 129, 92, 144
-0.998089, 105, 107, 136, 122
-0.998091, 41, 115, 72, 130
-0.998093, 195, 205, 210, 236
-0.998093, 207, 213, 222, 244
-0.998094, 95, 69, 110, 100
-0.998096, 1, 257, 32, 272
-0.998096, 53, 97, 84, 352
-0.9981, 157, 329, 188, 344
-0.998101, 25, 335, 56, 350
-0.998104, 5, 85, 36, 100
-0.998105, 129, 45, 256, 76
-0.998106, 221, 213, 236, 244
-0.998106, 129, 253, 160, 268
-0.998108, 151, 129, 166, 160
-0.998112, 397, 1, 428, 256
-0.998112, 161, 145, 176, 272
-0.998112, 465, 81, 496, 96
-0.998116, 355, 321, 370, 352
-0.99812, 169, 161, 200, 176
-0.998122, 211, 173, 226, 204
-0.998122, 169, 133, 200, 148
-0.998123, 327, 153, 342, 184
-0.998126, 163, 133, 178, 164
-0.998127, 1, 73, 128, 104
-0.998129, 155, 253, 170, 284
-0.998129, 111, 81, 126, 208
-0.998129, 143, 145, 158, 272
-0.998131, 159, 153, 174, 184
-0.998132, 137, 317, 152, 348
-0.99814, 1, 243, 32, 258
-0.998141, 477, 81, 492, 112
-0.998141, 145, 271, 176, 286
-0.998142, 189, 145, 204, 272
-0.998146, 153, 335, 184, 350
-0.998147, 153, 185, 168, 216
-0.998151, 145, 145, 176, 160
-0.998153, 145, 301, 160, 332
-0.998158, 131, 285, 146, 316
-0.998159, 241, 265, 256, 296
-0.99816, 329, 105, 344, 136
-0.998161, 257, 1, 500, 64
-0.998163, 95, 17, 110, 48
-0.998163, 145, 177, 160, 208
-0.998163, 175, 325, 190, 356
-0.998167, 183, 197, 198, 228
-0.99817, 179, 129, 194, 256
-0.99817, 63, 125, 78, 156
-0.998171, 277, 201, 308, 216
-0.998173, 129, 121, 144, 152
-0.998176, 1, 207, 32, 222
-0.998176, 173, 291, 204, 306
-0.998183, 357, 225, 388, 352
-0.998189, 209, 335, 240, 350
-0.998194, 1, 235, 32, 250
-0.998197, 189, 207, 220, 222
-0.998206, 257, 179, 288, 194
-0.998206, 133, 327, 164, 342
-0.998207, 217, 271, 248, 286
-0.998211, 157, 271, 188, 286
-0.998211, 33, 97, 64, 352
-0.998214, 429, 1, 460, 256
-0.998214, 209, 217, 240, 232
-0.998215, 225, 217, 352, 248
-0.998218, 205, 207, 236, 222
-0.998222, 201, 175, 232, 190
-0.998222, 217, 315, 248, 330
-0.998225, 99, 1, 114, 128
-0.998237, 229, 281, 260, 296
-0.998238, 129, 225, 384, 288
-0.998239, 213, 97, 244, 352
-0.998246, 157, 265, 188, 280
-0.998247, 1, 327, 32, 342
-0.998251, 29, 109, 60, 124
-0.998261, 157, 281, 188, 296
-0.998263, 1, 185, 32, 200
-0.998278, 105, 81, 120, 208
-0.998278, 201, 161, 216, 288
-0.998279, 205, 201, 236, 216
-0.998284, 313, 331, 344, 346
-0.998289, 203, 113, 218, 240
-0.998291, 169, 155, 200, 170
-0.998292, 1, 291, 32, 306
-0.998296, 119, 81, 134, 208
-0.998297, 169, 161, 184, 288
-0.998303, 189, 293, 220, 308
-0.998304, 141, 261, 172, 276
-0.998306, 41, 121, 72, 136
-0.998313, 225, 193, 480, 256
-0.998317, 201, 319, 232, 334
-0.998321, 197, 311, 228, 326
-0.998329, 1, 301, 32, 316
-0.998335, 389, 1, 404, 128
-0.998337, 1, 213, 32, 228
-0.998338, 1, 251, 32, 266
-0.998339, 95, 81, 110, 208
-0.998344, 1, 169, 32, 184
-0.998348, 251, 1, 266, 128
-0.998354, 321, 249, 448, 312
-0.998359, 125, 97, 140, 224
-0.998363, 21, 97, 52, 352
-0.998382, 153, 179, 216, 194
-0.998387, 249, 19, 280, 34
-0.998387, 137, 171, 200, 186
-0.998388, 5, 69, 36, 84
-0.998388, 245, 185, 276, 200
-0.998388, 165, 195, 196, 210
-0.998396, 121, 159, 184, 174
-0.998398, 265, 1, 280, 128
-0.998404, 1, 149, 32, 164
-0.998407, 217, 187, 280, 202
-0.99841, 245, 211, 276, 226
-0.998412, 133, 163, 164, 178
-0.998412, 157, 159, 188, 174
-0.998415, 217, 197, 280, 212
-0.998419, 1, 163, 32, 178
-0.998421, 129, 153, 192, 168
-0.998425, 257, 191, 288, 206
-0.998432, 69, 81, 84, 208
-0.998434, 241, 189, 304, 204
-0.998436, 205, 327, 236, 342
-0.998436, 81, 145, 144, 160
-0.998438, 269, 183, 300, 198
-0.998441, 1, 155, 32, 170
-0.998442, 201, 193, 232, 208
-0.998442, 201, 207, 264, 222
-0.998443, 177, 195, 240, 210
-0.998443, 161, 173, 224, 188
-0.998444, 257, 199, 288, 214
-0.998449, 209, 181, 240, 196
-0.99845, 225, 205, 288, 220
-0.998454, 433, 65, 496, 80
-0.998456, 121, 145, 184, 160
-0.998457, 433, 71, 496, 86
-0.998457, 77, 77, 108, 92
-0.998459, 113, 143, 144, 158
-0.99846, 329, 97, 360, 352
-0.99846, 97, 151, 160, 166
-0.998461, 215, 177, 230, 304
-0.998462, 433, 11, 496, 26
-0.998463, 113, 169, 176, 184
-0.998464, 121, 179, 184, 194
-0.998466, 129, 135, 192, 150
-0.998467, 313, 97, 344, 352
-0.998469, 179, 177, 194, 304
-0.998473, 135, 129, 150, 256
-0.998473, 145, 163, 208, 178
-0.998477, 89, 139, 152, 154
-0.998478, 465, 69, 496, 84
-0.998482, 97, 157, 160, 172
-0.998483, 193, 185, 256, 200
-0.998485, 1, 179, 64, 194
-0.998486, 49, 137, 112, 152
-0.998488, 193, 201, 256, 216
-0.99849, 1, 171, 64, 186
-0.99849, 1, 105, 64, 120
-0.998491, 249, 209, 312, 224
-0.998492, 217, 329, 280, 344
-0.998494, 433, 59, 496, 74
-0.998495, 241, 183, 304, 198
-0.998495, 193, 327, 256, 342
-0.998499, 193, 331, 224, 346
-0.9985, 177, 279, 240, 294
-0.998502, 73, 99, 136, 114
-0.998505, 113, 331, 176, 346
-0.998505, 1, 111, 64, 126
-0.998506, 1, 327, 64, 342
-0.998509, 1, 289, 64, 304
-0.99851, 321, 331, 384, 346
-0.998514, 193, 305, 256, 320
-0.998514, 217, 213, 280, 228
-0.998515, 129, 261, 192, 276
-0.998516, 193, 177, 256, 192
-0.998516, 241, 195, 304, 210
-0.99852, 25, 125, 88, 140
-0.998521, 233, 23, 296, 38
-0.998521, 169, 167, 232, 182
-0.998522, 169, 331, 232, 346
-0.998523, 137, 129, 200, 144
-0.998523, 89, 163, 152, 178
-0.998523, 201, 287, 264, 302
-0.998525, 153, 275, 216, 290
-0.998525, 1, 57, 64, 72
-0.998528, 1, 103, 32, 118
-0.998529, 169, 289, 232, 304
-0.99853, 137, 281, 200, 296
-0.99853, 153, 157, 216, 172
-0.99853, 161, 263, 224, 278
-0.998531, 1, 283, 64, 298
-0.998532, 113, 237, 176, 252
-0.998532, 201, 299, 264, 314
-0.998532, 145, 183, 176, 198
-0.998533, 1, 185, 64, 200
-0.998533, 169, 189, 232, 204
-0.998533, 33, 131, 96, 146
-0.998534, 217, 181, 280, 196
-0.998534, 433, 53, 496, 68
-0.998536, 269, 207, 300, 222
-0.998537, 1, 65, 64, 80
-0.998537, 161, 301, 224, 316
-0.998537, 73, 211, 136, 226
-0.998537, 1, 195, 64, 210
-0.998538, 249, 203, 312, 218
-0.998539, 185, 271, 248, 286
-0.99854, 1, 149, 64, 164
-0.998541, 105, 229, 168, 244
-0.998541, 225, 145, 480, 208
-0.998541, 89, 19, 152, 34
-0.998542, 1, 301, 64, 316
-0.998542, 81, 217, 144, 232
-0.998544, 285, 177, 316, 304
-0.998544, 1, 315, 64, 330
-0.998544, 57, 93, 120, 108
-0.998545, 193, 213, 256, 228
-0.998545, 289, 331, 352, 346
-0.998546, 1, 295, 64, 310
-0.998546, 85, 139, 116, 154
-0.998546, 209, 319, 272, 334
-0.998546, 97, 257, 160, 272
-0.998547, 193, 333, 256, 348
-0.998547, 1, 201, 64, 216
-0.998547, 129, 273, 192, 288
-0.998547, 105, 103, 168, 118
-0.998547, 25, 179, 88, 194
-0.998548, 9, 89, 72, 104
-0.998548, 403, 1, 418, 128
-0.998548, 181, 137, 212, 152
-0.998548, 1, 165, 64, 180
-0.998549, 181, 161, 212, 176
-0.998549, 17, 335, 80, 350
-0.99855, 201, 23, 264, 38
-0.99855, 1, 257, 64, 272
-0.998551, 145, 335, 208, 350
-0.998551, 121, 185, 184, 200
-0.998551, 129, 249, 192, 264
-0.998551, 433, 89, 496, 104
-0.998552, 121, 243, 184, 258
-0.998552, 105, 217, 168, 232
-0.998552, 1, 117, 64, 132
-0.998552, 63, 81, 78, 208
-0.998553, 173, 285, 204, 300
-0.998553, 89, 133, 152, 148
-0.998554, 41, 335, 104, 350
-0.998554, 1, 179, 32, 194
-0.998554, 433, 81, 496, 96
-0.998554, 65, 261, 128, 276
-0.998554, 137, 267, 200, 282
-0.998555, 57, 79, 120, 94
-0.998556, 1, 157, 64, 172
-0.998556, 145, 287, 208, 302
-0.998556, 25, 101, 88, 116
-0.998556, 353, 329, 416, 344
-0.998556, 41, 85, 104, 100
-0.998556, 241, 329, 304, 344
-0.998557, 81, 337, 144, 352
-0.998557, 1, 309, 64, 324
-0.998557, 433, 263, 496, 278
-0.998557, 177, 295, 240, 310
-0.998558, 433, 275, 496, 290
-0.998558, 17, 73, 48, 88
-0.998558, 105, 265, 168, 280
-0.998558, 1, 277, 32, 292
-0.998559, 57, 143, 120, 158
-0.998559, 1, 143, 64, 158
-0.998559, 1, 251, 64, 266
-0.99856, 33, 197, 96, 212
-0.99856, 185, 321, 248, 336
-0.998561, 73, 105, 136, 120
-0.998561, 121, 325, 184, 340
-0.998561, 145, 327, 208, 342
-0.998561, 1, 135, 64, 150
-0.998561, 281, 59, 344, 74
-0.998561, 321, 113, 448, 176
-0.998564, 187, 1, 202, 128
-0.998571, 185, 169, 216, 184
-0.998577, 87, 1, 102, 128
-0.998585, 169, 185, 200, 200
-0.998587, 1, 285, 32, 300
-0.998587, 189, 303, 220, 318
-0.998589, 157, 173, 188, 188
-0.99859, 207, 177, 222, 304
-0.998591, 237, 191, 268, 206
-0.998595, 77, 81, 92, 208
-0.998597, 89, 145, 120, 160
-0.998601, 109, 1, 124, 128
-0.99861, 289, 97, 320, 352
-0.998618, 257, 1, 272, 128
-0.998621, 129, 249, 384, 312
-0.998621, 117, 1, 132, 128
-0.998643, 145, 153, 176, 168
-0.998646, 195, 17, 210, 144
-0.998647, 337, 177, 368, 304
-0.998648, 451, 1, 466, 128
-0.998654, 7, 209, 22, 336
-0.998661, 49, 1, 64, 128
-0.998665, 409, 1, 424, 128
-0.998673, 221, 193, 236, 320
-0.998682, 461, 11, 492, 26
-0.998686, 55, 1, 70, 128
-0.998708, 157, 151, 188, 166
-0.998709, 225, 205, 256, 220
-0.99871, 105, 129, 120, 256
-0.99872, 209, 113, 224, 240
-0.998749, 89, 97, 104, 224
-0.998756, 229, 211, 260, 226
-0.998757, 423, 1, 438, 128
-0.99876, 417, 1, 448, 256
-0.998761, 73, 135, 104, 150
-0.998763, 341, 97, 372, 352
-0.998765, 39, 1, 54, 128
-0.998766, 219, 1, 234, 128
-0.998785, 7, 161, 22, 288
-0.99879, 443, 1, 458, 128
-0.998791, 211, 1, 226, 128
-0.998791, 395, 1, 410, 128
-0.998809, 429, 1, 444, 128
-0.998811, 33, 65, 48, 192
-0.998814, 127, 1, 142, 128
-0.998821, 245, 1, 260, 128
-0.998826, 119, 129, 134, 256
-0.99883, 157, 183, 188, 198
-0.998832, 93, 1, 108, 128
-0.998842, 133, 1, 148, 128
-0.998843, 301, 97, 332, 352
-0.998844, 353, 17, 368, 144
-0.99885, 189, 193, 204, 320
-0.998852, 417, 1, 432, 128
-0.998853, 361, 17, 376, 144
-0.998853, 173, 1, 188, 128
-0.998856, 237, 199, 268, 214
-0.998858, 111, 129, 126, 256
-0.998862, 95, 129, 110, 256
-0.998887, 261, 225, 292, 352
-0.998888, 161, 167, 192, 182
-0.998891, 89, 49, 104, 176
-0.998895, 383, 1, 398, 128
-0.998898, 161, 193, 176, 320
-0.998901, 143, 1, 158, 128
-0.998903, 133, 139, 164, 154
-0.998915, 61, 1, 76, 128
-0.998918, 133, 81, 148, 208
-0.998918, 27, 33, 42, 160
-0.99892, 441, 1, 472, 256
-0.998922, 221, 197, 252, 212
-0.998929, 189, 175, 220, 190
-0.998938, 327, 81, 342, 208
-0.998946, 53, 65, 68, 192
-0.998947, 13, 1, 28, 128
-0.99895, 83, 81, 98, 208
-0.998952, 69, 1, 84, 128
-0.998952, 197, 113, 212, 240
-0.998953, 5, 79, 36, 94
-0.99896, 29, 115, 60, 130
-0.998967, 307, 17, 322, 144
-0.998982, 377, 1, 392, 128
-0.998983, 127, 145, 142, 272
-0.998988, 271, 1, 286, 128
-0.998989, 347, 17, 362, 144
-0.998993, 457, 1, 472, 128
-0.998996, 81, 1, 96, 128
-0.998996, 21, 81, 36, 208
-0.999001, 453, 1, 484, 256
-0.999002, 471, 1, 486, 128
-0.999008, 163, 1, 178, 128
-0.999016, 7, 65, 22, 192
-0.999017, 321, 217, 448, 280
-0.999021, 215, 129, 230, 256
-0.999027, 463, 1, 478, 128
-0.999031, 225, 329, 256, 344
-0.999034, 335, 17, 350, 144
-0.999035, 371, 17, 386, 144
-0.999042, 365, 97, 396, 352
-0.999042, 237, 205, 268, 220
-0.999048, 39, 65, 54, 192
-0.999055, 167, 225, 182, 352
-0.999056, 167, 113, 182, 240
-0.999063, 75, 1, 90, 128
-0.999064, 189, 183, 220, 198
-0.999064, 173, 113, 188, 240
-0.999067, 157, 97, 172, 224
-0.99907, 143, 97, 158, 224
-0.999077, 341, 17, 356, 144
-0.999083, 313, 17, 328, 144
-0.999084, 181, 193, 212, 208
-0.999095, 435, 1, 450, 128
-0.999104, 239, 17, 254, 144
-0.999108, 229, 17, 244, 144
-0.999115, 281, 17, 296, 144
-0.999116, 135, 177, 150, 304
-0.999116, 1, 273, 500, 336
-0.999121, 1, 97, 32, 112
-0.999134, 217, 261, 248, 276
-0.999137, 173, 167, 204, 182
-0.99914, 21, 1, 36, 128
-0.999151, 149, 97, 164, 224
-0.999156, 83, 129, 98, 256
-0.999157, 327, 33, 342, 160
-0.999157, 233, 209, 248, 336
-0.999158, 7, 17, 22, 144
-0.99918, 157, 1, 172, 128
-0.999184, 181, 1, 196, 128
-0.999185, 137, 133, 168, 148
-0.999191, 7, 113, 22, 240
-0.999215, 295, 17, 310, 144
-0.99922, 227, 193, 242, 320
-0.999233, 301, 17, 316, 144
-0.999234, 353, 97, 384, 352
-0.999235, 405, 97, 436, 352
-0.999236, 71, 129, 86, 256
-0.999248, 33, 113, 48, 240
-0.999256, 33, 17, 48, 144
-0.999267, 211, 65, 226, 192
-0.999269, 377, 97, 408, 352
-0.999281, 17, 109, 48, 124
-0.999283, 239, 209, 254, 336
-0.999292, 179, 225, 194, 352
-0.999292, 147, 225, 162, 352
-0.999294, 257, 207, 288, 222
-0.999294, 61, 129, 76, 256
-0.999321, 195, 65, 210, 192
-0.999325, 389, 97, 420, 352
-0.99935, 319, 33, 334, 160
-0.999356, 333, 81, 348, 208
-0.999379, 293, 225, 324, 352
-0.99945, 173, 177, 204, 192
-0.999469, 297, 129, 328, 256
-0.999474, 233, 185, 264, 200
-0.999517, 257, 185, 288, 200
-0.999593, 417, 97, 448, 352
-0.999619, 205, 187, 236, 202
-0.999621, 113, 149, 144, 164
-0.999655, 13, 165, 28, 180
-0.999656, 145, 181, 160, 196
-0.999656, 11, 77, 26, 92
-0.999657, 345, 317, 360, 332
-0.999658, 47, 117, 62, 132
-0.999658, 237, 281, 252, 296
-0.999658, 115, 149, 130, 164
-0.999659, 93, 215, 108, 230
-0.99966, 81, 133, 96, 148
-0.99966, 155, 311, 170, 326
-0.99966, 95, 77, 110, 92
-0.99966, 223, 197, 238, 212
-0.99966, 109, 265, 124, 280
-0.99966, 329, 63, 344, 78
-0.999661, 209, 315, 224, 330
-0.999661, 177, 155, 192, 170
-0.999661, 95, 141, 110, 156
-0.999662, 183, 291, 198, 306
-0.999662, 329, 99, 344, 114
-0.999662, 49, 177, 64, 192
-0.999663, 167, 149, 182, 164
-0.999663, 109, 229, 124, 244
-0.999664, 7, 233, 22, 248
-0.999665, 243, 185, 258, 200
-0.999665, 181, 281, 196, 296
-0.999665, 203, 213, 218, 228
-0.999666, 123, 145, 138, 160
-0.999666, 265, 185, 280, 200
-0.999666, 175, 331, 190, 346
-0.999666, 121, 239, 136, 254
-0.999666, 249, 201, 264, 216
-0.999666, 209, 43, 224, 58
-0.999669, 199, 67, 214, 82
-0.999669, 209, 305, 224, 320
-0.99967, 231, 263, 246, 278
-0.99967, 279, 203, 294, 218
-0.99967, 205, 177, 220, 192
-0.999671, 195, 195, 210, 210
-0.999674, 133, 249, 148, 264
-0.999674, 169, 327, 184, 342
-0.999675, 239, 207, 254, 222
-0.999675, 151, 265, 166, 280
-0.999676, 365, 329, 380, 344
-0.999677, 135, 291, 150, 306
-0.999677, 33, 111, 48, 126
-0.999677, 205, 85, 220, 100
-0.999679, 109, 147, 124, 162
-0.99968, 7, 187, 22, 202
-0.99968, 207, 101, 222, 116
-0.999681, 207, 115, 222, 130
-0.999682, 133, 155, 164, 170
-0.999682, 245, 211, 260, 226
-0.999683, 143, 173, 158, 188
-0.999684, 139, 145, 154, 160
-0.999684, 217, 187, 232, 202
-0.999685, 165, 321, 180, 336
-0.999685, 225, 185, 240, 200
-0.999686, 259, 185, 274, 200
-0.999686, 149, 305, 164, 320
-0.999686, 231, 279, 246, 294
-0.999688, 235, 327, 250, 342
-0.99969, 329, 125, 344, 140
-0.99969, 155, 159, 170, 174
-0.99969, 221, 259, 236, 274
-0.999692, 251, 209, 266, 224
-0.999694, 195, 189, 210, 204
-0.999694, 237, 187, 252, 202
-0.999695, 147, 153, 162, 168
-0.999696, 5, 169, 20, 184
-0.999696, 11, 177, 26, 192
-0.999696, 145, 133, 160, 148
-0.999697, 207, 107, 222, 122
-0.999697, 329, 131, 344, 146
-0.999697, 89, 137, 104, 152
-0.999697, 327, 153, 342, 168
-0.999699, 205, 37, 220, 52
-0.999699, 171, 187, 186, 202
-0.999702, 259, 207, 274, 222
-0.999702, 5, 181, 20, 196
-0.999702, 203, 309, 218, 324
-0.999703, 209, 187, 224, 202
-0.999704, 199, 175, 214, 190
-0.999705, 229, 197, 244, 212
-0.999706, 207, 95, 222, 110
-0.999706, 101, 143, 116, 158
-0.999706, 225, 191, 256, 206
-0.999707, 189, 297, 204, 312
-0.999707, 175, 285, 190, 300
-0.999708, 273, 207, 288, 222
-0.999709, 165, 163, 180, 178
-0.999709, 151, 177, 166, 192
-0.999709, 215, 319, 230, 334
-0.99971, 205, 67, 220, 82
-0.999712, 191, 171, 206, 186
-0.999712, 205, 55, 220, 70
-0.999713, 161, 273, 176, 288
-0.999713, 145, 259, 160, 274
-0.999713, 223, 327, 238, 342
-0.999714, 7, 93, 22, 108
-0.999715, 329, 143, 344, 158
-0.999715, 175, 167, 190, 182
-0.999718, 249, 189, 264, 204
-0.999723, 185, 171, 200, 186
-0.999725, 229, 331, 244, 346
-0.999728, 203, 43, 218, 58
-0.999729, 153, 165, 168, 180
-0.999729, 5, 175, 20, 190
-0.99973, 445, 97, 476, 352
-0.99973, 137, 163, 152, 178
-0.999731, 181, 191, 196, 206
-0.999734, 23, 105, 38, 120
-0.999739, 205, 61, 220, 76
-0.99974, 123, 151, 138, 166
-0.999741, 139, 151, 154, 166
-0.999742, 7, 71, 22, 86
-0.999743, 203, 49, 218, 64
-0.999745, 329, 137, 344, 152
-0.999747, 139, 135, 154, 150
-0.999751, 155, 171, 170, 186
-0.999756, 173, 181, 188, 196
-0.999758, 161, 179, 176, 194
-0.99976, 133, 153, 148, 168
-0.999766, 273, 183, 288, 198
-0.999766, 145, 161, 160, 176
-0.999778, 133, 141, 148, 156
-0.999781, 225, 233, 480, 296
-0.999781, 185, 185, 200, 200
-0.999795, 161, 169, 176, 184
-0.999796, 195, 181, 210, 196
-0.999808, 145, 167, 160, 182
-0.999811, 171, 173, 186, 188
-0.999818, 181, 177, 196, 192
-0.999823, 227, 191, 242, 206
-0.999833, 129, 147, 144, 162
-0.999944, 433, 97, 464, 352
-1.00023, 125, 145, 156, 160
