1941
-0.216535, 1, 1, 500, 375
-0.256341, 1, 1, 256, 375
-0.264667, 97, 1, 352, 375
-0.367716, 1, 1, 500, 256
-0.380817, 225, 1, 480, 375
-0.389036, 1, 129, 500, 375
-0.471569, 225, 65, 480, 320
-0.477165, 1, 65, 256, 320
-0.556022, 97, 97, 352, 352
-0.581869, 97, 1, 352, 256
-0.788042, 33, 1, 160, 375
-0.806398, 81, 1, 208, 375
-0.81667, 97, 33, 224, 288
-0.821653, 257, 65, 384, 320
-0.826284, 353, 1, 480, 375
-0.831111, 1, 1, 128, 256
-0.833019, 129, 1, 256, 375
-0.833201, 273, 1, 400, 375
-0.838177, 225, 1, 352, 375
-0.840715, 369, 33, 496, 288
-0.841453, 305, 129, 432, 375
-0.844657, 33, 97, 160, 352
-0.845417, 209, 129, 336, 375
-0.850768, 161, 97, 288, 352
-0.860451, 1, 177, 500, 304
-0.862411, 1, 1, 500, 128
-0.863152, 177, 1, 304, 375
-0.864045, 209, 33, 336, 288
-0.864291, 353, 129, 480, 375
-0.866395, 49, 1, 176, 256
-0.872138, 321, 33, 448, 288
-0.872275, 113, 129, 240, 375
-0.878993, 161, 1, 288, 256
-0.879709, 1, 225, 500, 352
-0.882894, 1, 49, 500, 176
-0.887068, 1, 129, 500, 256
-0.893628, 1, 1, 256, 128
-0.893728, 97, 81, 352, 208
-0.894851, 257, 209, 500, 336
-0.895146, 193, 97, 448, 224
-0.900776, 97, 177, 352, 304
-0.901173, 97, 33, 352, 160
-0.907157, 1, 65, 256, 192
-0.907869, 65, 129, 320, 256
-0.908479, 193, 161, 448, 288
-0.91026, 97, 241, 352, 368
-0.911474, 1, 177, 256, 304
-0.914324, 257, 49, 500, 176
-0.916127, 17, 209, 144, 336
-0.92377, 225, 161, 352, 288
-0.924538, 241, 65, 368, 192
-0.925373, 97, 49, 224, 176
-0.925422, 33, 49, 160, 176
-0.926309, 337, 209, 464, 336
-0.926731, 353, 161, 480, 288
-0.927398, 273, 113, 400, 240
-0.927439, 225, 113, 352, 240
-0.928669, 17, 1, 144, 128
-0.928699, 289, 193, 416, 320
-0.929337, 345, 193, 408, 320
-0.930795, 241, 241, 368, 368
-0.931283, 177, 81, 304, 208
-0.931828, 177, 161, 304, 288
-0.931845, 313, 97, 376, 224
-0.933084, 97, 1, 224, 128
-0.933102, 1, 225, 256, 352
-0.933133, 337, 145, 400, 272
-0.933173, 97, 97, 224, 224
-0.934396, 73, 177, 136, 304
-0.934462, 385, 161, 448, 288
-0.935671, 33, 161, 160, 288
-0.935791, 337, 113, 464, 240
-0.935889, 217, 113, 280, 240
-0.936451, 193, 129, 256, 256
-0.936862, 145, 1, 272, 128
-0.937394, 241, 81, 304, 208
-0.937504, 297, 161, 360, 288
-0.937584, 369, 65, 496, 192
-0.938541, 233, 161, 296, 288
-0.938711, 81, 129, 144, 256
-0.938889, 1, 97, 128, 224
-0.939493, 113, 161, 240, 288
-0.939987, 33, 177, 96, 304
-0.940483, 73, 49, 136, 176
-0.940744, 105, 81, 168, 208
-0.942183, 385, 81, 448, 208
-0.942262, 289, 65, 352, 192
-0.942346, 193, 1, 448, 128
-0.943557, 273, 129, 336, 256
-0.944007, 337, 153, 400, 216
-0.944613, 321, 1, 448, 128
-0.94505, 17, 33, 80, 160
-0.945492, 105, 33, 168, 160
-0.945694, 353, 97, 416, 224
-0.946042, 145, 49, 208, 176
-0.946582, 57, 113, 120, 240
-0.946728, 425, 177, 488, 304
-0.947321, 57, 1, 120, 128
-0.947607, 273, 17, 400, 144
-0.947633, 433, 49, 496, 176
-0.948099, 193, 1, 320, 128
-0.948839, 385, 225, 448, 352
-0.949088, 177, 1, 240, 128
-0.949688, 281, 1, 344, 128
-0.949926, 425, 97, 488, 224
-0.950078, 297, 89, 360, 152
-0.950095, 193, 241, 320, 368
-0.950355, 49, 113, 176, 240
-0.950959, 201, 153, 264, 216
-0.950989, 49, 49, 112, 176
-0.951183, 265, 81, 328, 208
-0.951212, 73, 225, 136, 352
-0.95179, 209, 177, 272, 304
-0.951888, 41, 225, 104, 352
-0.951894, 129, 1, 192, 128
-0.951922, 65, 209, 192, 336
-0.952, 249, 81, 312, 144
-0.952252, 361, 145, 424, 272
-0.95231, 73, 233, 136, 296
-0.952392, 409, 169, 472, 232
-0.952469, 257, 161, 320, 224
-0.9525, 249, 241, 312, 368
-0.952565, 233, 169, 296, 232
-0.952876, 321, 65, 448, 192
-0.952877, 201, 33, 264, 160
-0.952915, 33, 209, 96, 272
-0.95294, 153, 1, 216, 128
-0.95313, 297, 113, 360, 176
-0.953311, 185, 81, 248, 208
-0.953323, 153, 97, 216, 224
-0.953396, 385, 169, 448, 232
-0.953431, 289, 241, 416, 368
-0.953461, 369, 17, 496, 144
-0.953558, 337, 105, 400, 168
-0.953732, 273, 177, 336, 304
-0.953823, 105, 129, 168, 256
-0.954012, 401, 33, 464, 160
-0.954084, 345, 217, 408, 280
-0.954398, 305, 177, 368, 240
-0.954719, 273, 73, 336, 136
-0.955429, 281, 185, 344, 248
-0.955457, 9, 81, 72, 208
-0.955599, 81, 1, 144, 128
-0.95568, 337, 129, 400, 192
-0.955787, 313, 49, 376, 176
-0.9558, 209, 225, 272, 352
-0.956155, 169, 161, 232, 288
-0.956343, 409, 225, 472, 352
-0.956415, 89, 137, 152, 200
-0.956521, 105, 113, 168, 176
-0.956755, 337, 33, 400, 160
-0.957026, 1, 177, 64, 304
-0.957265, 65, 81, 128, 144
-0.957453, 281, 161, 344, 224
-0.957694, 257, 137, 320, 200
-0.958298, 257, 33, 320, 160
-0.958554, 385, 81, 448, 144
-0.958831, 145, 209, 272, 336
-0.95887, 385, 193, 448, 256
-0.959006, 217, 129, 280, 192
-0.95902, 193, 177, 256, 240
-0.959361, 81, 201, 144, 264
-0.959406, 297, 57, 360, 120
-0.959974, 433, 105, 496, 168
-0.960117, 33, 97, 96, 224
-0.960172, 409, 265, 472, 328
-0.960618, 241, 81, 368, 144
-0.9607, 409, 41, 472, 104
-0.96085, 321, 193, 384, 320
-0.960976, 193, 1, 256, 64
-0.960987, 17, 209, 144, 272
-0.96101, 369, 177, 496, 240
-0.961039, 385, 233, 448, 296
-0.961628, 345, 177, 408, 240
-0.961732, 1, 1, 64, 64
-0.961787, 33, 241, 160, 304
-0.961814, 113, 65, 176, 128
-0.961855, 257, 161, 384, 224
-0.961911, 57, 169, 120, 232
-0.961923, 209, 161, 336, 224
-0.961925, 377, 281, 440, 344
-0.962036, 305, 201, 368, 264
-0.962056, 313, 1, 376, 128
-0.962104, 233, 249, 296, 312
-0.96228, 33, 1, 96, 64
-0.962326, 409, 193, 472, 256
-0.962415, 153, 57, 216, 120
-0.962447, 9, 33, 72, 96
-0.962851, 97, 57, 224, 120
-0.963258, 321, 81, 384, 144
-0.963267, 221, 129, 252, 256
-0.963289, 81, 177, 144, 240
-0.963362, 33, 185, 96, 248
-0.963447, 93, 145, 124, 272
-0.963519, 425, 65, 488, 128
-0.963719, 57, 121, 120, 184
-0.963736, 25, 233, 88, 296
-0.963901, 17, 225, 80, 352
-0.963926, 129, 145, 192, 272
-0.964011, 345, 241, 408, 304
-0.964104, 273, 185, 400, 248
-0.9643, 33, 185, 160, 248
-0.964417, 153, 153, 216, 216
-0.964453, 33, 73, 160, 136
-0.964569, 369, 145, 432, 208
-0.964696, 433, 225, 496, 352
-0.964787, 49, 249, 112, 312
-0.964816, 169, 177, 232, 240
-0.964852, 129, 169, 192, 232
-0.964946, 185, 129, 248, 192
-0.965052, 301, 81, 332, 208
-0.965081, 1, 1, 128, 64
-0.965412, 337, 241, 400, 368
-0.965546, 193, 185, 320, 248
-0.965618, 89, 65, 152, 128
-0.965956, 369, 257, 496, 320
-0.966553, 321, 233, 448, 296
-0.96672, 369, 113, 400, 240
-0.966849, 385, 257, 448, 320
-0.9669, 401, 145, 464, 208
-0.966956, 369, 89, 496, 152
-0.967066, 321, 81, 352, 208
-0.967206, 33, 49, 96, 112
-0.967315, 377, 97, 440, 352
-0.967396, 113, 49, 144, 176
-0.967409, 25, 81, 88, 144
-0.967433, 97, 41, 160, 104
-0.967487, 9, 129, 72, 256
-0.967544, 297, 137, 360, 200
-0.967694, 233, 33, 296, 160
-0.967704, 337, 65, 400, 320
-0.967723, 257, 105, 320, 168
-0.967801, 357, 145, 388, 272
-0.967831, 329, 177, 360, 304
-0.967918, 245, 97, 276, 224
-0.967957, 321, 153, 448, 216
-0.96798, 241, 129, 368, 192
-0.96814, 73, 129, 136, 375
-0.968284, 249, 129, 312, 375
-0.968303, 433, 177, 496, 240
-0.96832, 249, 289, 312, 352
-0.968475, 313, 97, 376, 352
-0.968486, 257, 185, 320, 248
-0.968552, 85, 49, 116, 176
-0.968715, 297, 209, 360, 336
-0.968732, 5, 1, 36, 128
-0.968754, 257, 105, 384, 168
-0.96876, 373, 209, 404, 336
-0.968921, 105, 161, 168, 224
-0.969043, 17, 25, 144, 88
-0.969133, 193, 89, 256, 152
-0.969158, 113, 177, 240, 240
-0.969172, 369, 281, 496, 344
-0.969187, 25, 1, 56, 128
-0.969203, 145, 153, 272, 216
-0.969288, 129, 41, 192, 104
-0.969346, 377, 305, 440, 368
-0.969414, 377, 161, 408, 288
-0.969671, 425, 33, 488, 288
-0.969673, 273, 65, 336, 320
-0.969691, 369, 113, 432, 176
-0.969747, 177, 153, 240, 216
-0.969835, 209, 97, 272, 352
-0.969855, 105, 33, 168, 288
-0.969855, 9, 169, 72, 232
-0.969906, 281, 209, 344, 272
-0.969923, 57, 193, 120, 256
-0.969935, 233, 193, 296, 256
-0.969974, 33, 49, 160, 112
-0.970006, 193, 97, 320, 160
-0.970017, 73, 41, 136, 104
-0.970036, 201, 233, 264, 296
-0.970097, 425, 241, 488, 304
-0.970112, 97, 113, 224, 176
-0.970162, 273, 49, 336, 112
-0.970167, 361, 241, 424, 368
-0.970244, 113, 97, 144, 224
-0.970246, 225, 105, 288, 168
-0.970263, 1, 65, 64, 128
-0.970278, 297, 33, 360, 96
-0.970365, 293, 129, 324, 256
-0.970444, 225, 193, 256, 320
-0.970551, 305, 1, 368, 256
-0.970601, 113, 17, 176, 80
-0.970623, 361, 1, 424, 128
-0.97066, 337, 201, 464, 264
-0.970667, 273, 241, 336, 368
-0.970736, 113, 209, 176, 336
-0.970739, 273, 289, 336, 352
-0.970898, 417, 297, 480, 360
-0.971005, 121, 137, 184, 200
-0.971021, 457, 33, 488, 160
-0.971058, 337, 313, 400, 375
-0.971085, 273, 313, 336, 375
-0.971089, 145, 121, 208, 184
-0.971145, 209, 257, 272, 320
-0.971175, 81, 33, 144, 288
-0.971273, 65, 1, 128, 64
-0.971287, 297, 273, 360, 336
-0.971421, 321, 177, 448, 240
-0.971447, 233, 225, 296, 288
-0.971447, 345, 289, 408, 352
-0.971543, 17, 65, 80, 320
-0.971638, 221, 145, 252, 208
-0.971657, 33, 113, 96, 176
-0.971664, 153, 1, 216, 64
-0.971696, 409, 89, 472, 152
-0.97177, 361, 89, 424, 152
-0.971869, 225, 233, 352, 296
-0.972067, 381, 97, 412, 224
-0.972218, 49, 113, 176, 176
-0.972284, 193, 129, 320, 192
-0.972339, 129, 1, 192, 256
-0.972399, 433, 145, 464, 272
-0.972507, 393, 161, 424, 288
-0.972579, 65, 145, 128, 208
-0.972591, 385, 57, 448, 120
-0.972671, 265, 249, 328, 312
-0.972844, 97, 49, 128, 176
-0.972915, 97, 153, 224, 216
-0.972924, 345, 97, 376, 224
-0.972952, 145, 1, 272, 64
-0.973098, 41, 25, 104, 88
-0.973116, 321, 17, 352, 144
-0.973143, 129, 97, 192, 224
-0.973159, 113, 89, 176, 152
-0.973248, 97, 1, 128, 128
-0.973268, 241, 313, 304, 375
-0.973308, 337, 49, 400, 112
-0.97343, 97, 89, 224, 152
-0.97346, 241, 177, 272, 304
-0.973662, 125, 49, 156, 176
-0.973686, 33, 265, 160, 328
-0.973693, 433, 97, 464, 224
-0.973712, 361, 49, 424, 176
-0.973724, 81, 105, 144, 168
-0.973728, 57, 1, 120, 256
-0.973751, 113, 225, 176, 288
-0.973771, 241, 33, 368, 96
-0.97379, 349, 193, 380, 320
-0.973854, 217, 49, 280, 112
-0.973897, 301, 177, 332, 304
-0.973975, 33, 209, 64, 336
-0.973991, 193, 73, 320, 136
-0.974029, 25, 257, 88, 320
-0.974058, 177, 41, 304, 104
-0.974177, 425, 1, 488, 128
-0.974243, 153, 81, 216, 144
-0.974286, 241, 49, 304, 112
-0.974313, 329, 9, 392, 72
-0.974327, 401, 65, 464, 320
-0.974398, 289, 273, 416, 336
-0.9745, 69, 113, 100, 240
-0.974581, 265, 65, 296, 192
-0.974583, 369, 233, 496, 296
-0.974691, 81, 33, 208, 96
-0.97478, 181, 1, 212, 128
-0.974804, 289, 129, 416, 192
-0.974883, 345, 265, 408, 328
-0.974952, 333, 129, 364, 256
-0.975059, 41, 33, 72, 160
-0.975066, 241, 297, 368, 360
-0.975089, 97, 137, 128, 200
-0.975166, 225, 265, 352, 328
-0.975187, 289, 41, 416, 104
-0.975187, 145, 105, 272, 168
-0.975202, 193, 201, 256, 264
-0.975245, 337, 129, 464, 192
-0.97528, 437, 169, 468, 232
-0.975438, 233, 33, 296, 288
-0.975528, 433, 201, 496, 264
-0.975595, 297, 1, 360, 64
-0.975608, 261, 145, 292, 272
-0.97561, 289, 1, 320, 128
-0.975664, 321, 89, 448, 152
-0.975677, 289, 297, 416, 360
-0.975757, 297, 297, 360, 360
-0.975826, 293, 169, 324, 232
-0.97583, 125, 1, 156, 128
-0.975856, 309, 33, 340, 160
-0.975912, 93, 185, 124, 248
-0.975917, 281, 177, 312, 304
-0.976006, 369, 305, 496, 368
-0.97617, 313, 161, 344, 288
-0.97621, 397, 169, 428, 232
-0.976213, 69, 193, 100, 320
-0.976235, 153, 33, 216, 288
-0.976344, 209, 145, 240, 272
-0.976433, 41, 145, 104, 208
-0.976449, 309, 177, 340, 240
-0.976453, 233, 25, 296, 88
-0.976458, 421, 81, 452, 208
-0.97647, 25, 17, 56, 80
-0.976479, 425, 145, 488, 208
-0.976516, 285, 49, 316, 176
-0.976527, 257, 217, 320, 280
-0.976598, 105, 201, 168, 264
-0.976601, 305, 81, 336, 144
-0.976616, 145, 65, 272, 128
-0.976638, 1, 193, 64, 256
-0.97667, 113, 1, 144, 128
-0.976727, 97, 201, 224, 264
-0.976744, 273, 209, 400, 272
-0.976849, 97, 65, 128, 128
-0.976871, 5, 17, 36, 80
-0.976886, 49, 137, 176, 200
-0.976984, 409, 145, 440, 272
-0.97699, 393, 241, 424, 368
-0.977076, 369, 1, 432, 64
-0.977108, 1, 97, 128, 160
-0.97718, 73, 1, 104, 128
-0.977225, 1, 153, 128, 216
-0.977259, 137, 81, 168, 208
-0.977288, 185, 33, 248, 96
-0.977308, 193, 1, 224, 128
-0.977312, 65, 49, 96, 176
-0.977343, 333, 193, 364, 256
-0.977406, 33, 1, 96, 375
-0.977431, 433, 129, 496, 375
-0.977494, 453, 193, 484, 320
-0.977502, 393, 81, 424, 208
-0.977636, 321, 1, 448, 64
-0.977654, 281, 129, 312, 256
-0.977692, 377, 217, 408, 280
-0.977728, 185, 209, 248, 336
-0.977769, 49, 97, 112, 352
-0.977792, 341, 33, 372, 160
-0.977818, 245, 225, 276, 352
-0.977858, 289, 65, 416, 128
-0.977906, 49, 1, 176, 64
-0.977916, 321, 81, 352, 144
-0.97793, 209, 281, 272, 344
-0.977941, 321, 169, 352, 232
-0.977953, 1, 65, 32, 192
-0.977983, 237, 185, 268, 248
-0.978048, 341, 97, 372, 160
-0.978053, 345, 145, 376, 272
-0.978054, 117, 105, 148, 168
-0.978074, 265, 153, 296, 216
-0.978074, 381, 193, 412, 256
-0.978111, 417, 17, 480, 80
-0.978128, 117, 65, 148, 128
-0.978265, 177, 49, 208, 176
-0.978276, 281, 73, 312, 136
-0.978287, 9, 1, 72, 375
-0.978406, 253, 89, 284, 152
-0.978419, 249, 49, 280, 176
-0.978518, 145, 129, 272, 192
-0.978645, 49, 161, 176, 224
-0.978779, 225, 209, 352, 272
-0.978826, 81, 1, 144, 375
-0.978856, 81, 113, 112, 240
-0.978868, 373, 137, 404, 200
-0.978873, 345, 153, 376, 216
-0.978875, 37, 1, 68, 64
-0.978881, 33, 233, 64, 296
-0.978917, 369, 65, 496, 128
-0.979139, 233, 1, 296, 375
-0.979147, 297, 193, 328, 256
-0.979316, 145, 249, 272, 312
-0.979321, 129, 113, 160, 176
-0.979337, 193, 1, 320, 64
-0.979339, 281, 185, 312, 248
-0.979403, 165, 33, 196, 160
-0.979413, 57, 193, 88, 320
-0.979514, 209, 1, 240, 128
-0.979536, 385, 1, 448, 375
-0.979589, 233, 113, 264, 240
-0.979611, 349, 129, 380, 192
-0.979615, 361, 121, 392, 184
-0.979685, 277, 137, 308, 200
-0.979792, 289, 121, 320, 184
-0.979801, 197, 161, 228, 288
-0.979814, 293, 73, 324, 136
-0.979834, 113, 145, 144, 272
-0.979863, 317, 57, 348, 120
-0.979865, 113, 41, 144, 104
-0.979881, 245, 241, 276, 304
-0.979898, 113, 1, 176, 375
-0.979949, 69, 169, 100, 232
-0.979968, 321, 105, 352, 168
-0.979975, 85, 153, 116, 216
-0.980039, 457, 49, 488, 112
-0.980068, 53, 33, 84, 160
-0.980088, 65, 241, 96, 304
-0.980092, 401, 233, 432, 296
-0.980114, 309, 201, 340, 264
-0.980117, 185, 65, 248, 320
-0.980154, 413, 169, 444, 232
-0.980211, 237, 105, 268, 168
-0.980226, 41, 209, 72, 272
-0.980276, 425, 1, 488, 375
-0.980301, 357, 97, 388, 224
-0.980317, 13, 177, 44, 304
-0.980353, 301, 273, 332, 336
-0.980387, 453, 289, 484, 352
-0.98041, 113, 129, 176, 375
-0.980423, 469, 1, 500, 128
-0.980451, 361, 193, 392, 320
-0.980454, 377, 161, 408, 224
-0.980465, 145, 145, 176, 208
-0.980474, 325, 33, 356, 96
-0.980487, 153, 1, 216, 375
-0.98056, 145, 33, 176, 160
-0.980583, 17, 129, 48, 256
-0.980593, 81, 193, 112, 320
-0.980611, 57, 241, 88, 368
-0.980638, 117, 129, 148, 192
-0.980647, 57, 201, 88, 264
-0.980652, 137, 73, 168, 136
-0.980655, 53, 1, 84, 64
-0.980658, 289, 1, 352, 375
-0.980665, 173, 49, 204, 112
-0.980694, 377, 1, 440, 256
-0.980715, 25, 41, 56, 104
-0.980739, 453, 73, 484, 136
-0.98074, 369, 65, 400, 192
-0.980786, 213, 169, 244, 232
-0.98087, 301, 105, 332, 168
-0.980872, 241, 1, 368, 64
-0.980939, 41, 49, 72, 112
-0.980952, 241, 153, 272, 216
-0.980969, 201, 97, 232, 224
-0.980971, 333, 169, 364, 232
-0.98103, 277, 225, 308, 352
-0.981039, 381, 97, 412, 160
-0.981152, 301, 145, 332, 208
-0.981164, 445, 81, 476, 208
-0.981175, 285, 289, 316, 352
-0.981224, 41, 161, 72, 288
-0.981242, 17, 193, 48, 256
-0.981253, 73, 121, 104, 184
-0.981272, 225, 225, 256, 288
-0.981316, 77, 241, 108, 304
-0.981333, 97, 1, 224, 64
-0.981345, 345, 1, 408, 375
-0.981373, 245, 129, 276, 192
-0.981386, 421, 89, 452, 152
-0.981386, 465, 177, 496, 304
-0.981436, 305, 57, 336, 120
-0.981442, 361, 201, 392, 264
-0.981514, 225, 1, 256, 64
-0.98156, 421, 177, 452, 304
-0.981575, 409, 73, 440, 136
-0.981598, 209, 1, 272, 256
-0.981635, 113, 161, 144, 224
-0.981702, 25, 49, 56, 176
-0.981745, 41, 185, 72, 248
-0.981824, 265, 1, 328, 375
-0.981862, 241, 57, 368, 120
-0.982063, 465, 273, 496, 336
-0.982117, 321, 193, 352, 256
-0.982139, 81, 225, 208, 288
-0.982161, 185, 1, 216, 64
-0.98217, 369, 153, 496, 216
-0.982187, 281, 217, 312, 280
-0.98219, 1, 129, 128, 192
-0.982268, 69, 49, 100, 112
-0.982315, 269, 73, 300, 136
-0.982337, 57, 1, 120, 375
-0.982383, 201, 177, 232, 240
-0.982385, 57, 73, 88, 136
-0.982393, 337, 73, 368, 136
-0.98243, 97, 97, 128, 224
-0.98244, 417, 193, 448, 256
-0.98247, 77, 217, 108, 280
-0.982482, 433, 145, 464, 208
-0.982495, 97, 193, 128, 320
-0.982532, 405, 65, 436, 192
-0.982574, 393, 193, 424, 256
-0.982576, 445, 145, 476, 272
-0.982589, 69, 193, 100, 256
-0.982623, 225, 249, 256, 312
-0.982636, 273, 233, 400, 296
-0.982645, 361, 169, 392, 232
-0.982648, 133, 41, 164, 104
-0.982697, 85, 65, 116, 128
-0.982698, 221, 201, 252, 264
-0.982699, 157, 41, 188, 104
-0.982723, 429, 57, 460, 120
-0.982766, 205, 1, 236, 64
-0.98281, 53, 257, 84, 320
-0.982811, 333, 81, 364, 208
-0.982827, 429, 17, 460, 144
-0.982849, 289, 145, 320, 208
-0.982878, 337, 241, 368, 368
-0.982934, 13, 41, 44, 104
-0.982938, 253, 169, 284, 232
-0.982953, 97, 225, 128, 288
-0.983013, 425, 241, 456, 368
-0.983054, 233, 33, 264, 160
-0.983066, 441, 97, 472, 160
-0.983096, 277, 1, 308, 128
-0.983123, 85, 1, 116, 128
-0.983244, 97, 161, 128, 224
-0.983244, 45, 241, 76, 368
-0.983267, 393, 281, 424, 344
-0.983306, 397, 257, 428, 320
-0.983318, 53, 49, 84, 112
-0.983321, 161, 281, 288, 344
-0.98336, 53, 81, 84, 208
-0.983392, 317, 209, 348, 336
-0.983396, 393, 89, 424, 152
-0.983399, 249, 265, 280, 328
-0.983406, 65, 1, 96, 64
-0.983425, 345, 193, 376, 256
-0.983485, 337, 173, 400, 204
-0.983497, 13, 81, 44, 208
-0.983502, 145, 1, 176, 64
-0.983514, 409, 49, 440, 112
-0.983522, 29, 177, 60, 240
-0.983578, 301, 305, 332, 368
-0.983627, 417, 33, 448, 160
-0.983632, 381, 241, 412, 304
-0.983649, 373, 313, 404, 375
-0.983657, 81, 193, 112, 256
-0.98368, 141, 121, 172, 184
-0.983719, 105, 89, 136, 152
-0.983796, 353, 97, 384, 160
-0.983823, 433, 193, 464, 320
-0.983863, 401, 145, 432, 208
-0.983889, 185, 57, 216, 120
-0.983892, 105, 113, 136, 176
-0.983922, 125, 97, 156, 224
-0.983924, 249, 49, 280, 112
-0.984011, 161, 225, 288, 288
-0.984271, 217, 153, 280, 184
-0.984433, 369, 165, 432, 196
-0.984463, 297, 97, 360, 128
-0.98448, 209, 1, 272, 375
-0.984485, 41, 209, 104, 240
-0.984571, 145, 201, 272, 264
-0.98463, 361, 1, 392, 128
-0.984669, 469, 113, 500, 240
-0.984712, 337, 157, 400, 188
-0.984829, 377, 177, 440, 208
-0.984886, 385, 89, 448, 120
-0.984932, 185, 177, 248, 208
-0.984968, 369, 41, 496, 104
-0.985015, 189, 113, 220, 240
-0.985206, 73, 245, 136, 276
-0.985327, 281, 185, 344, 216
-0.985335, 257, 241, 288, 368
-0.985356, 369, 1, 496, 64
-0.985383, 145, 193, 208, 320
-0.985408, 305, 205, 368, 236
-0.98545, 393, 165, 456, 196
-0.985508, 273, 213, 336, 244
-0.98559, 233, 241, 264, 368
-0.985603, 377, 293, 440, 324
-0.985674, 265, 77, 328, 108
-0.985739, 353, 221, 416, 252
-0.985752, 321, 1, 384, 375
-0.98582, 65, 189, 128, 220
-0.985906, 297, 225, 328, 352
-0.985909, 345, 233, 408, 264
-0.985976, 417, 181, 480, 212
-0.986064, 233, 173, 296, 204
-0.98623, 49, 177, 112, 208
-0.986283, 161, 129, 224, 375
-0.986316, 105, 65, 168, 96
-0.986416, 313, 165, 376, 196
-0.986417, 385, 193, 448, 224
-0.986465, 257, 165, 320, 196
-0.986473, 153, 173, 216, 204
-0.986478, 1, 177, 500, 240
-0.986484, 337, 105, 400, 136
-0.986548, 17, 185, 80, 216
-0.986571, 41, 197, 104, 228
-0.986576, 209, 165, 272, 196
-0.986579, 145, 61, 208, 92
-0.986664, 337, 185, 400, 216
-0.986693, 1, 129, 32, 256
-0.986774, 233, 185, 296, 216
-0.986826, 1, 17, 64, 48
-0.986827, 425, 97, 488, 128
-0.986828, 297, 113, 360, 144
-0.986859, 1, 225, 500, 288
-0.98692, 421, 129, 452, 256
-0.986982, 193, 145, 256, 176
-0.98699, 177, 1, 240, 375
-0.987016, 297, 149, 360, 180
-0.987039, 73, 233, 136, 264
-0.987052, 297, 85, 360, 116
-0.987055, 33, 221, 96, 252
-0.987076, 29, 161, 60, 288
-0.987099, 1, 1, 500, 64
-0.987156, 209, 177, 272, 208
-0.987215, 329, 221, 392, 252
-0.98725, 441, 33, 472, 160
-0.987275, 97, 281, 224, 344
-0.987282, 181, 161, 212, 288
-0.987298, 241, 265, 304, 296
-0.987315, 425, 77, 488, 108
-0.987325, 73, 213, 136, 244
-0.987328, 25, 249, 88, 280
-0.987365, 145, 129, 176, 256
-0.987382, 69, 241, 100, 368
-0.987398, 289, 165, 352, 196
-0.987447, 273, 197, 336, 228
-0.987458, 241, 89, 304, 120
-0.98749, 289, 65, 352, 96
-0.987523, 257, 137, 320, 168
-0.987548, 113, 121, 176, 152
-0.987577, 385, 257, 448, 288
-0.987582, 129, 177, 192, 208
-0.987596, 129, 33, 256, 96
-0.987643, 65, 81, 320, 144
-0.98769, 97, 177, 352, 240
-0.987703, 81, 201, 144, 232
-0.987715, 405, 1, 436, 128
-0.98775, 121, 209, 152, 336
-0.987776, 257, 161, 500, 224
-0.987808, 385, 237, 448, 268
-0.987818, 97, 257, 224, 320
-0.987846, 193, 305, 320, 368
-0.987875, 337, 137, 400, 168
-0.987904, 225, 81, 480, 144
-0.987912, 337, 125, 400, 156
-0.98794, 405, 193, 436, 320
-0.987954, 21, 241, 52, 368
-0.987955, 65, 85, 128, 116
-0.987963, 81, 65, 144, 96
-0.988086, 25, 237, 88, 268
-0.988091, 225, 201, 480, 264
-0.988173, 313, 185, 376, 216
-0.988191, 1, 297, 500, 360
-0.988217, 113, 313, 240, 375
-0.988222, 73, 97, 136, 128
-0.988257, 369, 153, 432, 184
-0.988293, 161, 105, 416, 168
-0.988316, 245, 1, 276, 128
-0.988329, 201, 101, 264, 132
-0.988355, 97, 17, 352, 80
-0.988381, 193, 265, 448, 328
-0.988391, 105, 133, 168, 164
-0.988403, 189, 49, 220, 176
-0.988424, 1, 77, 64, 108
-0.98844, 89, 185, 152, 216
-0.98846, 361, 197, 424, 228
-0.988474, 409, 57, 472, 88
-0.988476, 257, 193, 288, 320
-0.988497, 265, 153, 328, 184
-0.988505, 305, 225, 368, 256
-0.98851, 409, 193, 472, 224
-0.988545, 225, 245, 288, 276
-0.988561, 17, 261, 80, 292
-0.988561, 349, 241, 380, 368
-0.988582, 109, 209, 140, 336
-0.988588, 1, 45, 64, 76
-0.988628, 65, 113, 320, 176
-0.988672, 457, 81, 488, 208
-0.988676, 401, 77, 464, 108
-0.988696, 1, 177, 256, 240
-0.988737, 385, 221, 448, 252
-0.988738, 193, 189, 256, 220
-0.988752, 1, 265, 500, 328
-0.988756, 433, 109, 496, 140
-0.988758, 193, 1, 256, 32
-0.988763, 261, 17, 292, 144
-0.988796, 33, 113, 96, 144
-0.988797, 97, 157, 160, 188
-0.988834, 377, 281, 440, 312
-0.988838, 217, 129, 280, 160
-0.988885, 329, 205, 392, 236
-0.988899, 377, 305, 440, 336
-0.98891, 249, 101, 312, 132
-0.988982, 289, 125, 352, 156
-0.989004, 193, 241, 448, 304
-0.989025, 73, 165, 136, 196
-0.989041, 33, 313, 160, 375
-0.989059, 209, 257, 272, 288
-0.989124, 37, 81, 68, 208
-0.989207, 457, 241, 488, 368
-0.989317, 217, 141, 280, 172
-0.989345, 273, 97, 336, 128
-0.989385, 97, 201, 352, 264
-0.989428, 273, 225, 336, 256
-0.989436, 337, 77, 400, 108
-0.989497, 409, 277, 472, 308
-0.989497, 161, 161, 224, 192
-0.989534, 425, 205, 488, 236
-0.98954, 393, 205, 456, 236
-0.989636, 33, 257, 288, 320
-0.989647, 241, 281, 304, 312
-0.989655, 97, 49, 352, 112
-0.989672, 153, 129, 216, 160
-0.98969, 433, 305, 496, 336
-0.989694, 97, 281, 352, 344
-0.989708, 113, 109, 176, 140
-0.989723, 1, 9, 256, 72
-0.989724, 1, 1, 64, 32
-0.989725, 57, 149, 120, 180
-0.98973, 73, 117, 136, 148
-0.989738, 185, 165, 248, 196
-0.989752, 1, 201, 500, 264
-0.989765, 97, 153, 352, 216
-0.989776, 9, 33, 72, 64
-0.989788, 105, 77, 168, 108
-0.989792, 329, 17, 392, 48
-0.98981, 345, 245, 408, 276
-0.989875, 113, 33, 176, 64
-0.989875, 153, 185, 216, 216
-0.989889, 249, 305, 312, 336
-0.98992, 1, 153, 500, 216
-0.989922, 289, 277, 352, 308
-0.989935, 393, 153, 456, 184
-0.98994, 305, 53, 368, 84
-0.990043, 385, 269, 448, 300
-0.990053, 369, 209, 432, 240
-0.990088, 1, 173, 64, 204
-0.990089, 113, 21, 176, 52
-0.990091, 409, 297, 472, 328
-0.990099, 369, 105, 432, 136
-0.990104, 49, 165, 112, 196
-0.990108, 33, 225, 288, 288
-0.99011, 89, 145, 152, 176
-0.990119, 233, 197, 296, 228
-0.990173, 33, 37, 96, 68
-0.990181, 409, 45, 472, 76
-0.990414, 225, 129, 480, 192
-0.990539, 33, 289, 160, 352
-0.990847, 225, 57, 480, 120
-0.990914, 1, 137, 256, 200
-0.990992, 1, 57, 256, 120
-0.99117, 17, 213, 144, 244
-0.991255, 97, 69, 224, 100
-0.991274, 113, 65, 144, 96
-0.991368, 257, 297, 500, 360
-0.991411, 437, 173, 468, 204
-0.99144, 321, 185, 352, 216
-0.991453, 5, 21, 36, 52
-0.991456, 397, 173, 428, 204
-0.991472, 381, 157, 412, 188
-0.991485, 1, 25, 500, 88
-0.991499, 17, 17, 48, 48
-0.991522, 137, 129, 200, 375
-0.991529, 1, 57, 500, 120
-0.991667, 17, 225, 144, 256
-0.991708, 341, 101, 372, 132
-0.991711, 17, 29, 48, 60
-0.991717, 1, 201, 256, 264
-0.99177, 225, 153, 256, 184
-0.99179, 97, 145, 128, 176
-0.991805, 193, 189, 320, 220
-0.991816, 93, 73, 124, 104
-0.991818, 377, 169, 408, 200
-0.991859, 93, 185, 124, 216
-0.991881, 69, 201, 100, 232
-0.991882, 17, 193, 144, 224
-0.991903, 241, 161, 368, 192
-0.991912, 33, 73, 160, 104
-0.99193, 21, 41, 52, 72
-0.991942, 365, 169, 396, 200
-0.991962, 381, 233, 412, 264
-0.991987, 1, 33, 256, 96
-0.992013, 349, 157, 380, 188
-0.992013, 17, 237, 144, 268
-0.992026, 361, 137, 392, 168
-0.992052, 369, 157, 400, 188
-0.992057, 369, 93, 496, 124
-0.992058, 317, 173, 348, 204
-0.992081, 97, 313, 352, 375
-0.992091, 389, 189, 420, 220
-0.992112, 281, 73, 312, 104
-0.992115, 293, 193, 324, 224
-0.992135, 193, 93, 320, 124
-0.992138, 301, 157, 332, 188
-0.992153, 265, 81, 296, 112
-0.992153, 217, 165, 248, 196
-0.992179, 113, 129, 144, 160
-0.992208, 85, 169, 116, 200
-0.992209, 321, 109, 352, 140
-0.992217, 317, 85, 348, 116
-0.992229, 305, 185, 336, 216
-0.992261, 233, 137, 248, 200
-0.992269, 289, 209, 320, 240
-0.992286, 5, 33, 36, 64
-0.992289, 305, 89, 336, 120
-0.992297, 409, 169, 440, 200
-0.992305, 173, 57, 204, 88
-0.99232, 101, 237, 132, 268
-0.992334, 393, 289, 424, 320
-0.992339, 257, 197, 384, 228
-0.992344, 241, 85, 368, 116
-0.992371, 341, 173, 372, 204
-0.992373, 69, 249, 100, 280
-0.992383, 273, 149, 400, 180
-0.99239, 249, 93, 280, 124
-0.99239, 357, 125, 388, 156
-0.992418, 237, 193, 268, 224
-0.992422, 361, 221, 392, 252
-0.992442, 29, 21, 60, 52
-0.992451, 237, 245, 268, 276
-0.992457, 421, 97, 452, 128
-0.992459, 301, 173, 332, 204
-0.992459, 57, 205, 88, 236
-0.992464, 301, 273, 332, 304
-0.992475, 257, 105, 500, 168
-0.992476, 1, 129, 500, 192
-0.992493, 225, 177, 352, 208
-0.992497, 289, 181, 320, 212
-0.992501, 321, 181, 448, 212
-0.992507, 149, 165, 180, 196
-0.992513, 319, 193, 334, 256
-0.992517, 313, 197, 344, 228
-0.99252, 395, 169, 410, 232
-0.992521, 389, 93, 420, 124
-0.992529, 285, 141, 316, 172
-0.992532, 317, 97, 348, 128
-0.992558, 273, 137, 400, 168
-0.992559, 309, 209, 340, 240
-0.992571, 305, 101, 336, 132
-0.992583, 97, 85, 128, 116
-0.99259, 325, 197, 356, 228
-0.992599, 321, 161, 448, 192
-0.992602, 69, 177, 100, 208
-0.992602, 97, 113, 224, 144
-0.992616, 453, 53, 484, 84
-0.992619, 329, 33, 360, 64
-0.992621, 133, 61, 164, 92
-0.992626, 333, 85, 364, 116
-0.992631, 165, 173, 196, 204
-0.992639, 401, 237, 432, 268
-0.992644, 293, 77, 324, 108
-0.992651, 269, 161, 300, 192
-0.992657, 117, 117, 148, 148
-0.992661, 317, 45, 348, 76
-0.992693, 409, 77, 440, 108
-0.992709, 185, 177, 216, 208
-0.992735, 341, 201, 372, 232
-0.992738, 397, 161, 428, 192
-0.992747, 369, 181, 496, 212
-0.992761, 225, 253, 256, 284
-0.992772, 81, 69, 112, 100
-0.992785, 113, 37, 144, 68
-0.992796, 393, 225, 424, 256
-0.992802, 381, 213, 412, 244
-0.992802, 145, 149, 176, 180
-0.992811, 421, 181, 452, 212
-0.992814, 277, 205, 308, 236
-0.992817, 81, 237, 112, 268
-0.992836, 69, 189, 100, 220
-0.99284, 301, 113, 332, 144
-0.992844, 373, 145, 404, 176
-0.992856, 453, 97, 484, 128
-0.992858, 17, 253, 144, 284
-0.99286, 45, 209, 76, 240
-0.992865, 17, 1, 48, 32
-0.992867, 373, 181, 404, 212
-0.992868, 449, 297, 480, 328
-0.992873, 417, 193, 448, 224
-0.99288, 329, 97, 360, 128
-0.992883, 213, 177, 244, 208
-0.992892, 241, 173, 272, 204
-0.992922, 369, 281, 496, 312
-0.992928, 261, 173, 292, 204
-0.992933, 45, 189, 76, 220
-0.992935, 333, 185, 364, 216
-0.992944, 281, 153, 312, 184
-0.992946, 469, 277, 500, 308
-0.99295, 225, 141, 256, 172
-0.992962, 349, 141, 380, 172
-0.992963, 277, 217, 308, 248
-0.992966, 289, 221, 320, 252
-0.99297, 29, 261, 60, 292
-0.992975, 133, 73, 164, 104
-0.992976, 5, 9, 36, 40
-0.99298, 65, 121, 96, 152
-0.99298, 245, 145, 276, 176
-0.992996, 369, 121, 400, 152
-0.993005, 153, 65, 184, 96
-0.993005, 9, 49, 40, 80
-0.993006, 21, 205, 52, 236
-0.993007, 245, 269, 276, 300
-0.993009, 273, 109, 400, 140
-0.99301, 321, 161, 352, 192
-0.993018, 61, 109, 92, 140
-0.993022, 121, 105, 152, 136
-0.993023, 33, 41, 64, 72
-0.993038, 319, 169, 334, 232
-0.993042, 117, 81, 148, 112
-0.993045, 437, 49, 468, 80
-0.993064, 317, 73, 348, 104
-0.99308, 229, 233, 260, 264
-0.993082, 441, 85, 472, 116
-0.993083, 289, 273, 320, 304
-0.99309, 373, 133, 404, 164
-0.993091, 89, 213, 120, 244
-0.993091, 305, 69, 336, 100
-0.993124, 337, 233, 464, 264
-0.993218, 225, 277, 352, 308
-0.993226, 313, 177, 328, 240
-0.99326, 113, 81, 240, 112
-0.993264, 331, 97, 346, 160
-0.993284, 97, 57, 224, 88
-0.99329, 313, 273, 328, 336
-0.99332, 393, 193, 408, 256
-0.993332, 321, 253, 448, 284
-0.993428, 289, 229, 416, 260
-0.993434, 17, 25, 144, 56
-0.993439, 291, 201, 306, 264
-0.99346, 193, 105, 320, 136
-0.993461, 29, 25, 44, 88
-0.99347, 369, 297, 496, 328
-0.99349, 193, 165, 320, 196
-0.993495, 33, 85, 160, 116
-0.993497, 273, 209, 400, 240
-0.993506, 177, 177, 304, 208
-0.993516, 109, 137, 124, 200
-0.993555, 225, 301, 352, 332
-0.993556, 137, 241, 200, 368
-0.993589, 121, 97, 136, 160
-0.993593, 1, 1, 128, 32
-0.993624, 113, 181, 240, 212
-0.993627, 273, 185, 400, 216
-0.993631, 99, 145, 114, 208
-0.993639, 289, 81, 416, 112
-0.993655, 369, 105, 496, 136
-0.993672, 369, 269, 496, 300
-0.993723, 1, 181, 128, 212
-0.993741, 337, 193, 464, 224
-0.993771, 369, 81, 496, 112
-0.993781, 49, 109, 176, 140
-0.993804, 33, 265, 160, 296
-0.993824, 145, 157, 272, 188
-0.993836, 329, 177, 344, 240
-0.993847, 93, 153, 108, 216
-0.993888, 393, 233, 408, 296
-0.993896, 17, 41, 144, 72
-0.993911, 17, 121, 144, 152
-0.993925, 225, 33, 480, 96
-0.993932, 273, 173, 400, 204
-0.993942, 369, 257, 496, 288
-0.993977, 241, 97, 368, 128
-0.99399, 293, 177, 308, 240
-0.994004, 93, 185, 108, 248
-0.994013, 289, 305, 416, 336
-0.994016, 97, 133, 224, 164
-0.994027, 35, 33, 50, 96
-0.994027, 299, 121, 314, 184
-0.994075, 251, 89, 266, 152
-0.994083, 241, 249, 256, 312
-0.994088, 97, 97, 224, 128
-0.994143, 113, 73, 128, 136
-0.994156, 21, 33, 36, 96
-0.994159, 381, 105, 396, 168
-0.994165, 17, 61, 144, 92
-0.994182, 97, 165, 224, 196
-0.99419, 337, 205, 464, 236
-0.994197, 383, 201, 398, 264
-0.994207, 401, 169, 416, 232
-0.994221, 289, 273, 416, 304
-0.994239, 33, 241, 48, 304
-0.994255, 145, 109, 272, 140
-0.994258, 225, 265, 352, 296
-0.99426, 17, 13, 144, 44
-0.994264, 241, 177, 256, 240
-0.994265, 311, 73, 326, 136
-0.994292, 343, 169, 358, 232
-0.994296, 105, 177, 120, 240
-0.994308, 307, 289, 322, 352
-0.994317, 31, 1, 46, 64
-0.99434, 115, 121, 130, 184
-0.994346, 193, 81, 320, 112
-0.994375, 371, 129, 386, 192
-0.994376, 177, 125, 304, 156
-0.994393, 49, 97, 176, 128
-0.994398, 321, 73, 336, 136
-0.994402, 65, 233, 192, 264
-0.994413, 225, 145, 352, 176
-0.994429, 21, 9, 36, 72
-0.994431, 225, 125, 352, 156
-0.994444, 209, 221, 336, 252
-0.994459, 225, 1, 480, 64
-0.994474, 395, 281, 410, 344
-0.99448, 369, 309, 496, 340
-0.994502, 87, 225, 102, 288
-0.994504, 259, 89, 274, 152
-0.994524, 337, 149, 464, 180
-0.994526, 15, 17, 30, 80
-0.994559, 335, 185, 350, 248
-0.99457, 65, 41, 192, 72
-0.99458, 225, 41, 352, 72
-0.994612, 177, 201, 304, 232
-0.994633, 65, 185, 192, 216
-0.994649, 317, 49, 332, 112
-0.994651, 461, 49, 476, 112
-0.994653, 231, 225, 246, 288
-0.994716, 289, 289, 304, 352
-0.994716, 177, 53, 304, 84
-0.994722, 61, 193, 76, 256
-0.994722, 145, 73, 160, 136
-0.994734, 97, 197, 224, 228
-0.994744, 301, 161, 316, 224
-0.994762, 39, 1, 54, 64
-0.994764, 241, 73, 368, 104
-0.994775, 337, 221, 464, 252
-0.994814, 313, 201, 328, 264
-0.994821, 81, 121, 96, 184
-0.994833, 243, 153, 258, 216
-0.994835, 461, 289, 476, 352
-0.994838, 273, 121, 400, 152
-0.994849, 451, 169, 466, 232
-0.994856, 283, 297, 298, 360
-0.994857, 139, 89, 154, 152
-0.994865, 1, 81, 500, 144
-0.99487, 221, 161, 236, 224
-0.994872, 253, 305, 268, 368
-0.994873, 83, 177, 98, 240
-0.994879, 369, 245, 496, 276
-0.99488, 369, 117, 496, 148
-0.994894, 349, 193, 364, 256
-0.994918, 321, 117, 448, 148
-0.994923, 293, 153, 308, 216
-0.994928, 45, 1, 60, 64
-0.99493, 161, 69, 288, 100
-0.994932, 435, 89, 450, 152
-0.994952, 145, 9, 272, 40
-0.994953, 225, 289, 352, 320
-0.994954, 321, 93, 448, 124
-0.99496, 237, 1, 252, 64
-0.994976, 289, 285, 416, 316
-0.994979, 299, 65, 314, 128
-0.994989, 343, 97, 358, 160
-0.994996, 241, 321, 368, 352
-0.994997, 385, 153, 400, 216
-0.995011, 97, 29, 224, 60
-0.995025, 33, 277, 160, 308
-0.995033, 81, 217, 96, 280
-0.995042, 155, 137, 170, 200
-0.995043, 441, 137, 456, 200
-0.995047, 369, 169, 496, 200
-0.995051, 379, 129, 394, 192
-0.995061, 65, 209, 192, 240
-0.995072, 311, 313, 326, 375
-0.995092, 41, 41, 56, 104
-0.995102, 297, 289, 312, 352
-0.995102, 289, 317, 416, 348
-0.995135, 441, 97, 456, 160
-0.995147, 293, 113, 308, 176
-0.995151, 225, 233, 352, 264
-0.995157, 363, 121, 378, 184
-0.995189, 97, 65, 112, 128
-0.995192, 41, 217, 56, 280
-0.995193, 67, 1, 82, 64
-0.995198, 285, 217, 300, 280
-0.9952, 49, 141, 176, 172
-0.995202, 325, 201, 340, 264
-0.995205, 139, 49, 154, 112
-0.995206, 287, 177, 302, 240
-0.995211, 65, 65, 80, 128
-0.995212, 447, 105, 462, 168
-0.995213, 445, 169, 460, 232
-0.995216, 321, 137, 448, 168
-0.995218, 49, 173, 176, 204
-0.99522, 5, 17, 20, 80
-0.995221, 241, 225, 256, 288
-0.995234, 385, 313, 400, 375
-0.995238, 429, 177, 444, 240
-0.995241, 1, 109, 128, 140
-0.99526, 181, 49, 196, 112
-0.995268, 87, 153, 102, 216
-0.995275, 47, 49, 62, 112
-0.995285, 403, 209, 418, 272
-0.99529, 321, 105, 448, 136
-0.995291, 71, 241, 86, 304
-0.995299, 261, 169, 276, 232
-0.99533, 57, 1, 72, 64
-0.995335, 253, 113, 268, 176
-0.995347, 467, 281, 482, 344
-0.99535, 369, 153, 384, 216
-0.995359, 349, 97, 364, 160
-0.995365, 251, 241, 266, 304
-0.995366, 305, 193, 320, 256
-0.995372, 65, 221, 192, 252
-0.995377, 337, 81, 352, 144
-0.995378, 259, 49, 274, 112
-0.995385, 177, 145, 304, 176
-0.99541, 247, 185, 262, 248
-0.995414, 351, 153, 366, 216
-0.995422, 275, 73, 290, 136
-0.995422, 227, 153, 242, 216
-0.995449, 145, 93, 272, 124
-0.995472, 269, 81, 284, 144
-0.995487, 447, 137, 462, 200
-0.995489, 455, 297, 470, 360
-0.99549, 309, 145, 324, 208
-0.995498, 345, 145, 360, 208
-0.995504, 1, 169, 128, 200
-0.99551, 225, 249, 352, 280
-0.995515, 3, 161, 18, 224
-0.995521, 127, 113, 142, 176
-0.995523, 455, 65, 470, 128
-0.995538, 343, 193, 358, 256
-0.995541, 29, 193, 44, 256
-0.995547, 421, 73, 436, 136
-0.995551, 387, 177, 402, 240
-0.995552, 129, 65, 144, 128
-0.99558, 91, 129, 106, 192
-0.995582, 175, 49, 190, 112
-0.995584, 215, 169, 230, 232
-0.995597, 143, 153, 158, 216
-0.995597, 285, 153, 300, 216
-0.995625, 1, 105, 500, 168
-0.995757, 49, 1, 176, 32
-0.995788, 65, 245, 192, 276
-0.995809, 177, 261, 304, 292
-0.99581, 225, 29, 352, 60
-0.995903, 241, 345, 368, 375
-0.995913, 289, 241, 416, 272
-0.995918, 93, 65, 124, 320
-0.995932, 453, 1, 484, 256
-0.996025, 65, 153, 192, 184
-0.996037, 225, 209, 352, 240
-0.996065, 193, 1, 320, 32
-0.996098, 129, 145, 256, 176
-0.996107, 113, 33, 144, 288
-0.996122, 113, 221, 240, 252
-0.996132, 161, 285, 288, 316
-0.996177, 321, 1, 448, 32
-0.996205, 289, 329, 416, 360
-0.996208, 145, 249, 272, 280
-0.996225, 373, 129, 404, 375
-0.996253, 97, 1, 224, 32
-0.996255, 145, 273, 272, 304
-0.996272, 221, 129, 252, 375
-0.996285, 321, 97, 352, 352
-0.996318, 241, 1, 368, 32
-0.996348, 369, 321, 496, 352
-0.996358, 305, 37, 432, 68
-0.996369, 81, 17, 208, 48
-0.996402, 129, 209, 256, 240
-0.996404, 253, 129, 284, 375
-0.996407, 361, 129, 392, 375
-0.996438, 321, 1, 352, 256
-0.996444, 341, 1, 372, 256
-0.996451, 369, 1, 496, 32
-0.996482, 29, 1, 60, 256
-0.996489, 133, 1, 164, 256
-0.996501, 241, 61, 368, 92
-0.996515, 17, 1, 48, 256
-0.996576, 321, 189, 336, 220
-0.996594, 1, 281, 256, 344
-0.996601, 241, 129, 272, 375
-0.996613, 417, 65, 448, 320
-0.99669, 161, 241, 224, 368
-0.996725, 297, 65, 328, 320
-0.996758, 65, 65, 96, 320
-0.996778, 433, 97, 464, 352
-0.996849, 153, 1, 184, 256
-0.996874, 81, 33, 112, 288
-0.996883, 387, 153, 402, 184
-0.996883, 269, 65, 300, 320
-0.996903, 315, 185, 330, 216
-0.996932, 309, 65, 340, 320
-0.996937, 323, 173, 338, 204
-0.996939, 315, 197, 330, 228
-0.996959, 1, 33, 32, 288
-0.996979, 393, 177, 408, 208
-0.996986, 361, 33, 392, 288
-0.997005, 45, 1, 76, 256
-0.997005, 327, 189, 342, 220
-0.997013, 469, 129, 500, 375
-0.997026, 393, 233, 408, 264
-0.997027, 29, 25, 44, 56
-0.997068, 333, 129, 364, 375
-0.997072, 369, 165, 384, 196
-0.997105, 391, 193, 406, 224
-0.997117, 409, 165, 424, 196
-0.997159, 21, 33, 36, 64
-0.997164, 117, 125, 132, 156
-0.99717, 65, 201, 80, 232
-0.997172, 303, 273, 318, 304
-0.99718, 465, 1, 496, 256
-0.997181, 285, 129, 316, 375
-0.997189, 385, 65, 416, 320
-0.997205, 109, 141, 124, 172
-0.997233, 231, 141, 246, 172
-0.997236, 173, 1, 204, 256
-0.997237, 295, 221, 310, 252
-0.997254, 105, 181, 120, 212
-0.997255, 349, 97, 380, 352
-0.997256, 81, 129, 112, 375
-0.997267, 113, 89, 128, 120
-0.997269, 291, 205, 306, 236
-0.997276, 445, 129, 476, 375
-0.997289, 373, 153, 388, 184
-0.997294, 451, 173, 466, 204
-0.997315, 315, 269, 330, 300
-0.997318, 19, 17, 34, 48
-0.997339, 161, 165, 176, 196
-0.99734, 295, 145, 310, 176
-0.997344, 241, 33, 272, 288
-0.997347, 37, 41, 52, 72
-0.997357, 209, 129, 240, 375
-0.997374, 83, 177, 98, 208
-0.997375, 397, 285, 412, 316
-0.997379, 333, 93, 348, 124
-0.997384, 9, 13, 24, 44
-0.997387, 281, 33, 312, 288
-0.99739, 373, 125, 388, 156
-0.997402, 333, 185, 348, 216
-0.997428, 405, 97, 436, 352
-0.997428, 415, 165, 430, 196
-0.997436, 425, 181, 440, 212
-0.997449, 93, 193, 108, 224
-0.997451, 393, 165, 408, 196
-0.997454, 53, 97, 84, 352
-0.997463, 305, 193, 320, 224
-0.997464, 95, 69, 110, 100
-0.997481, 399, 165, 414, 196
-0.997498, 105, 69, 120, 100
-0.997506, 379, 153, 394, 184
-0.997507, 429, 1, 460, 256
-0.997512, 123, 117, 138, 148
-0.997517, 327, 201, 342, 232
-0.997518, 37, 97, 68, 352
-0.99752, 343, 177, 358, 208
-0.997526, 321, 85, 336, 116
-0.997541, 379, 141, 394, 172
-0.997546, 321, 161, 336, 192
-0.997548, 321, 205, 336, 236
-0.997548, 229, 33, 260, 288
-0.997549, 245, 245, 260, 276
-0.997552, 31, 37, 46, 68
-0.99756, 381, 169, 396, 200
-0.997561, 463, 49, 478, 80
-0.997562, 291, 193, 306, 224
-0.997562, 103, 145, 118, 176
-0.997565, 93, 237, 108, 268
-0.997579, 383, 213, 398, 244
-0.997584, 17, 117, 32, 148
-0.997586, 403, 177, 418, 208
-0.997588, 17, 97, 48, 352
-0.99759, 169, 65, 184, 96
-0.997592, 311, 285, 326, 316
-0.9976, 243, 193, 258, 224
-0.997601, 91, 133, 106, 164
-0.997606, 83, 233, 98, 264
-0.997606, 431, 177, 446, 208
-0.997609, 341, 77, 356, 108
-0.997611, 395, 221, 410, 252
-0.997613, 43, 217, 58, 248
-0.99762, 151, 145, 166, 176
-0.997621, 311, 213, 326, 244
-0.997638, 285, 209, 300, 240
-0.997642, 435, 97, 450, 128
-0.997643, 387, 181, 402, 212
-0.997643, 315, 165, 330, 196
-0.997653, 83, 205, 98, 236
-0.997653, 241, 261, 256, 292
-0.997658, 15, 33, 30, 64
-0.997661, 345, 149, 360, 180
-0.997669, 373, 137, 388, 168
-0.99769, 441, 1, 472, 256
-0.997696, 1, 37, 16, 68
-0.997705, 383, 225, 398, 256
-0.997707, 339, 189, 354, 220
-0.997711, 399, 189, 414, 220
-0.997711, 71, 201, 86, 232
-0.997712, 219, 165, 234, 196
-0.997718, 249, 109, 264, 140
-0.99772, 237, 189, 252, 220
-0.997728, 7, 25, 22, 56
-0.997729, 29, 13, 44, 44
-0.997733, 59, 193, 74, 224
-0.997734, 71, 249, 86, 280
-0.997736, 375, 165, 390, 196
-0.997737, 267, 85, 282, 116
-0.997749, 457, 85, 472, 116
-0.99775, 309, 85, 324, 116
-0.997763, 107, 129, 122, 256
-0.997764, 275, 81, 290, 112
-0.997772, 137, 77, 152, 108
-0.997775, 349, 97, 364, 128
-0.997778, 157, 153, 172, 184
-0.997779, 295, 273, 310, 304
-0.997788, 357, 157, 372, 188
-0.997788, 307, 225, 322, 256
-0.997794, 129, 65, 144, 96
-0.997796, 193, 181, 208, 212
-0.997797, 109, 129, 140, 375
-0.9978, 121, 105, 136, 136
-0.997804, 311, 101, 326, 132
-0.997811, 67, 109, 82, 140
-0.997815, 289, 177, 304, 208
-0.997816, 1, 129, 32, 375
-0.997818, 437, 173, 452, 204
-0.997822, 301, 221, 316, 252
-0.997825, 241, 177, 256, 208
-0.997827, 287, 141, 302, 172
-0.997829, 311, 297, 326, 328
-0.997834, 147, 161, 162, 192
-0.997837, 91, 181, 106, 212
-0.997838, 327, 81, 342, 112
-0.997841, 341, 33, 356, 64
-0.997845, 209, 1, 224, 32
-0.997845, 309, 73, 324, 104
-0.997846, 43, 45, 58, 76
-0.997846, 139, 57, 154, 88
-0.997849, 297, 189, 312, 220
-0.997849, 323, 37, 338, 68
-0.997854, 403, 225, 418, 256
-0.997855, 299, 1, 314, 32
-0.997858, 321, 277, 336, 308
-0.997859, 1, 161, 16, 192
-0.997862, 393, 149, 408, 180
-0.997873, 101, 129, 116, 256
-0.997886, 241, 161, 256, 288
-0.997906, 393, 161, 408, 288
-0.997917, 257, 33, 288, 288
-0.998033, 185, 33, 216, 288
-0.998067, 233, 113, 248, 240
-0.998071, 405, 1, 436, 256
-0.998085, 457, 97, 488, 352
-0.998095, 193, 129, 224, 375
-0.998126, 197, 33, 228, 288
-0.998149, 19, 1, 34, 128
-0.998157, 111, 49, 126, 176
-0.998189, 295, 177, 310, 304
-0.99819, 125, 129, 156, 375
-0.998246, 373, 33, 404, 288
-0.998267, 119, 97, 134, 224
-0.998271, 149, 97, 180, 352
-0.99829, 323, 161, 338, 288
-0.998308, 137, 97, 168, 352
-0.998325, 227, 129, 242, 256
-0.998334, 337, 169, 400, 184
-0.998346, 369, 169, 432, 184
-0.998353, 377, 179, 440, 194
-0.998353, 95, 145, 110, 272
-0.998364, 41, 213, 104, 228
-0.998366, 217, 161, 280, 176
-0.998387, 241, 189, 304, 204
-0.998389, 273, 193, 336, 208
-0.99839, 49, 207, 112, 222
-0.998392, 73, 247, 136, 262
-0.998393, 297, 189, 360, 204
-0.998403, 337, 175, 400, 190
-0.998405, 297, 101, 360, 116
-0.998408, 113, 129, 128, 256
-0.998409, 377, 295, 440, 310
-0.99841, 209, 177, 272, 192
-0.998413, 273, 213, 336, 228
-0.998414, 257, 163, 320, 178
-0.998414, 385, 93, 448, 108
-0.998415, 391, 209, 406, 336
-0.998415, 337, 163, 400, 178
-0.998416, 193, 185, 256, 200
-0.998418, 313, 167, 376, 182
-0.998419, 217, 153, 280, 168
-0.99842, 343, 161, 358, 288
-0.99842, 273, 227, 336, 242
-0.998421, 73, 199, 136, 214
-0.998421, 133, 1, 148, 128
-0.998424, 385, 193, 448, 208
-0.998424, 153, 175, 216, 190
-0.998427, 329, 225, 392, 240
-0.998427, 125, 33, 140, 160
-0.998427, 337, 107, 400, 122
-0.998428, 417, 179, 480, 194
-0.998431, 393, 173, 456, 188
-0.998432, 297, 107, 360, 122
-0.998433, 265, 79, 328, 94
-0.998433, 49, 185, 112, 200
-0.998435, 329, 113, 392, 128
-0.998436, 377, 185, 440, 200
-0.998436, 33, 229, 96, 244
-0.998436, 105, 69, 168, 84
-0.998437, 315, 161, 330, 288
-0.998437, 73, 223, 136, 238
-0.998439, 201, 103, 264, 118
-0.998439, 185, 179, 248, 194
-0.99844, 313, 207, 376, 222
-0.99844, 297, 275, 360, 290
-0.99844, 217, 167, 280, 182
-0.99844, 337, 157, 400, 172
-0.998441, 193, 169, 256, 184
-0.998441, 25, 247, 88, 262
-0.998444, 73, 241, 136, 256
-0.998444, 233, 175, 296, 190
-0.998445, 73, 81, 136, 96
-0.998445, 361, 163, 424, 178
-0.998446, 193, 155, 256, 170
-0.998446, 425, 191, 488, 206
-0.998447, 377, 309, 440, 324
-0.998447, 73, 235, 136, 250
-0.998448, 281, 177, 344, 192
-0.998449, 17, 259, 80, 274
-0.998449, 393, 167, 456, 182
-0.99845, 345, 235, 408, 250
-0.998451, 289, 295, 352, 310
-0.998451, 425, 83, 488, 98
-0.998452, 297, 95, 360, 110
-0.998453, 281, 221, 344, 236
-0.998453, 33, 223, 96, 238
-0.998454, 377, 161, 392, 288
-0.998454, 81, 217, 144, 232
-0.998454, 385, 241, 448, 256
-0.998454, 257, 171, 320, 186
-0.998455, 41, 201, 104, 216
-0.998455, 129, 177, 192, 192
-0.998455, 249, 183, 312, 198
-0.998456, 73, 205, 136, 220
-0.998456, 273, 187, 336, 202
-0.998457, 297, 129, 312, 256
-0.998457, 145, 63, 208, 78
-0.998457, 425, 95, 488, 110
-0.998457, 425, 203, 488, 218
-0.998457, 289, 167, 352, 182
-0.998457, 383, 113, 398, 240
-0.998459, 377, 301, 440, 316
-0.99846, 337, 101, 400, 116
-0.998461, 353, 225, 416, 240
-0.998462, 297, 159, 360, 174
-0.998462, 345, 243, 408, 258
-0.998463, 409, 185, 472, 200
-0.998463, 385, 263, 448, 278
-0.998463, 241, 99, 304, 114
-0.998463, 73, 229, 136, 244
-0.998464, 313, 173, 376, 188
-0.998464, 377, 289, 440, 304
-0.998464, 311, 65, 326, 192
-0.998465, 17, 199, 80, 214
-0.998466, 249, 325, 312, 340
-0.998466, 193, 161, 256, 176
-0.998466, 401, 85, 464, 100
-0.998468, 257, 87, 320, 102
-0.998469, 281, 203, 344, 218
-0.99847, 337, 189, 400, 204
-0.998471, 217, 133, 280, 148
-0.998471, 17, 273, 80, 288
-0.998473, 105, 139, 168, 154
-0.998473, 17, 265, 80, 280
-0.998474, 1, 21, 64, 36
-0.998474, 385, 199, 448, 214
-0.998475, 113, 123, 176, 138
-0.998475, 241, 283, 304, 298
-0.998475, 297, 87, 360, 102
-0.998476, 225, 183, 288, 198
-0.998476, 81, 211, 144, 226
-0.998476, 425, 105, 488, 120
-0.998476, 117, 33, 132, 160
-0.998477, 201, 7, 264, 22
-0.998477, 337, 139, 400, 154
-0.998478, 329, 201, 392, 216
-0.998478, 25, 1, 40, 128
-0.998478, 39, 209, 54, 336
-0.998479, 385, 269, 448, 284
-0.998479, 9, 193, 72, 208
-0.99848, 305, 235, 368, 250
-0.99848, 297, 123, 360, 138
-0.99848, 241, 297, 304, 312
-0.99848, 337, 183, 400, 198
-0.998481, 153, 181, 216, 196
-0.998481, 33, 235, 96, 250
-0.998481, 145, 169, 208, 184
-0.998482, 73, 253, 136, 268
-0.998482, 297, 151, 360, 166
-0.998483, 65, 87, 128, 102
-0.998483, 65, 193, 128, 208
-0.998484, 193, 149, 256, 164
-0.998485, 73, 133, 136, 148
-0.998485, 249, 347, 312, 362
-0.998486, 1, 51, 64, 66
-0.998486, 273, 95, 336, 110
-0.998486, 73, 127, 136, 142
-0.998486, 385, 99, 448, 114
-0.998486, 297, 115, 360, 130
-0.998487, 89, 75, 152, 90
-0.998487, 89, 193, 152, 208
-0.998517, 323, 113, 338, 240
-0.998526, 247, 177, 262, 304
-0.998526, 181, 129, 212, 375
-0.998533, 319, 33, 334, 160
-0.998552, 257, 97, 272, 224
-0.998554, 447, 97, 462, 224
-0.998559, 33, 1, 48, 128
-0.998588, 447, 145, 462, 272
-0.998593, 321, 121, 352, 136
-0.9986, 463, 33, 478, 160
-0.9986, 97, 49, 112, 176
-0.998601, 365, 175, 396, 190
-0.998605, 117, 83, 148, 98
-0.998608, 97, 87, 128, 102
-0.998612, 287, 177, 302, 304
-0.998616, 97, 155, 128, 170
-0.998617, 241, 49, 272, 64
-0.99862, 329, 187, 360, 202
-0.99862, 329, 33, 360, 48
-0.998622, 253, 49, 268, 176
-0.998622, 89, 129, 104, 256
-0.99863, 161, 181, 192, 196
-0.998631, 209, 1, 240, 256
-0.998639, 193, 1, 208, 128
-0.998642, 389, 185, 420, 200
-0.998644, 105, 65, 120, 192
-0.998644, 277, 1, 308, 16
-0.998646, 69, 211, 100, 226
-0.998648, 249, 225, 264, 352
-0.998649, 81, 71, 112, 86
-0.998653, 329, 97, 360, 112
-0.998661, 325, 17, 340, 144
-0.998661, 305, 121, 336, 136
-0.998661, 429, 181, 460, 196
-0.998664, 281, 153, 312, 168
-0.998666, 73, 251, 104, 266
-0.998669, 457, 49, 472, 176
-0.99867, 141, 175, 172, 190
-0.998671, 333, 81, 348, 208
-0.998678, 303, 113, 318, 240
-0.99868, 441, 97, 456, 224
-0.998683, 83, 113, 98, 240
-0.998684, 39, 1, 54, 128
-0.998684, 217, 145, 232, 272
-0.998685, 29, 25, 60, 40
-0.998685, 435, 81, 450, 208
-0.998686, 289, 293, 320, 308
-0.998691, 85, 169, 116, 184
-0.998692, 297, 79, 328, 94
-0.998693, 133, 69, 164, 84
-0.998696, 17, 35, 48, 50
-0.998696, 233, 177, 248, 304
-0.998697, 289, 277, 320, 292
-0.998699, 367, 129, 382, 256
-0.9987, 377, 175, 408, 190
-0.998704, 285, 299, 316, 314
-0.998704, 361, 137, 392, 152
-0.998709, 299, 49, 314, 176
-0.998716, 365, 145, 396, 160
-0.99872, 263, 81, 278, 208
-0.998726, 457, 59, 488, 74
-0.998727, 373, 151, 404, 166
-0.998727, 385, 153, 416, 168
-0.998727, 137, 65, 152, 192
-0.998733, 73, 199, 104, 214
-0.998736, 333, 197, 364, 212
-0.99874, 237, 253, 268, 268
-0.998745, 13, 1, 28, 128
-0.998746, 345, 163, 376, 178
-0.998749, 301, 177, 332, 192
-0.998751, 77, 185, 108, 200
-0.998754, 397, 241, 412, 368
-0.998754, 93, 79, 124, 94
-0.998754, 325, 169, 356, 184
-0.998758, 229, 51, 260, 66
-0.998758, 241, 175, 272, 190
-0.998759, 453, 103, 484, 118
-0.998759, 349, 145, 364, 272
-0.998761, 131, 49, 146, 176
-0.998769, 391, 81, 406, 208
-0.998778, 297, 217, 328, 232
-0.998779, 305, 193, 336, 208
-0.998787, 253, 177, 268, 304
-0.998787, 305, 99, 336, 114
-0.998787, 291, 129, 306, 256
-0.998787, 385, 177, 400, 304
-0.998788, 399, 145, 414, 272
-0.998789, 301, 233, 332, 248
-0.998791, 293, 227, 324, 242
-0.998792, 33, 225, 48, 352
-0.998792, 145, 163, 176, 178
-0.998801, 381, 195, 412, 210
-0.998804, 1, 17, 16, 144
-0.998805, 331, 177, 346, 304
-0.998806, 97, 149, 128, 164
-0.998809, 401, 243, 432, 258
-0.998809, 61, 117, 92, 132
-0.998811, 405, 167, 436, 182
-0.998812, 309, 177, 324, 304
-0.998814, 113, 137, 144, 152
-0.998828, 203, 1, 218, 128
-0.998836, 111, 177, 126, 304
-0.998838, 17, 15, 48, 30
-0.998839, 255, 241, 270, 368
-0.99884, 343, 241, 358, 368
-0.998844, 91, 49, 106, 176
-0.998844, 351, 193, 366, 320
-0.998847, 289, 233, 320, 248
-0.998854, 377, 219, 408, 234
-0.998856, 373, 81, 388, 208
-0.998861, 281, 221, 312, 236
-0.998862, 357, 177, 372, 304
-0.99888, 341, 179, 372, 194
-0.998883, 5, 35, 36, 50
-0.998883, 23, 49, 38, 176
-0.998886, 59, 33, 74, 160
-0.998886, 265, 87, 296, 102
-0.998887, 281, 161, 312, 176
-0.998887, 371, 177, 386, 304
-0.998892, 373, 183, 404, 198
-0.998892, 259, 161, 274, 288
-0.998898, 89, 177, 104, 304
-0.998898, 103, 1, 118, 128
-0.998899, 73, 79, 104, 94
-0.998901, 453, 161, 468, 288
-0.998905, 321, 115, 352, 130
-0.998905, 381, 231, 412, 246
-0.998905, 323, 209, 338, 336
-0.998907, 237, 181, 268, 196
-0.998912, 17, 29, 48, 44
-0.998925, 343, 33, 358, 160
-0.998926, 67, 193, 82, 320
-0.998929, 289, 81, 304, 208
-0.998932, 81, 225, 96, 352
-0.998939, 77, 245, 108, 260
-0.998941, 69, 49, 84, 176
-0.998944, 337, 161, 352, 288
-0.998956, 1, 17, 32, 32
-0.998965, 441, 145, 456, 272
-0.998967, 139, 1, 154, 128
-0.998969, 263, 33, 278, 160
-0.99897, 317, 97, 332, 224
-0.99897, 297, 1, 312, 128
-0.998971, 181, 33, 196, 160
-0.998973, 241, 209, 256, 336
-0.998975, 343, 113, 358, 240
-0.998981, 187, 1, 202, 128
-0.998984, 113, 127, 144, 142
-0.998984, 75, 49, 90, 176
-0.998987, 317, 211, 348, 226
-0.998991, 209, 1, 224, 128
-0.998994, 245, 97, 260, 224
-0.998996, 149, 65, 164, 192
-0.998997, 285, 185, 316, 200
-0.998997, 429, 81, 444, 208
-0.998998, 321, 109, 352, 124
-0.999006, 305, 187, 336, 202
-0.999009, 81, 1, 96, 128
-0.999011, 305, 115, 336, 130
-0.999013, 45, 17, 60, 144
-0.999017, 143, 65, 158, 192
-0.999026, 185, 181, 216, 196
-0.999037, 91, 1, 106, 128
-0.999038, 281, 211, 312, 226
-0.999038, 435, 161, 450, 288
-0.999038, 61, 177, 76, 304
-0.999039, 269, 65, 284, 192
-0.999044, 97, 1, 112, 128
-0.999045, 89, 187, 120, 202
-0.999049, 317, 175, 348, 190
-0.999052, 81, 65, 96, 192
-0.999056, 101, 243, 132, 258
-0.999057, 283, 225, 298, 352
-0.999067, 397, 81, 412, 208
-0.999067, 305, 105, 336, 120
-0.999072, 133, 75, 164, 90
-0.999072, 283, 49, 298, 176
-0.999075, 161, 129, 192, 375
-0.999078, 317, 101, 348, 116
-0.999085, 81, 175, 112, 190
-0.999086, 165, 1, 180, 128
-0.99909, 333, 17, 348, 144
-0.999094, 427, 145, 442, 272
-0.999094, 361, 97, 376, 224
-0.999094, 379, 209, 394, 336
-0.999102, 75, 1, 90, 128
-0.999104, 211, 161, 226, 288
-0.999104, 365, 167, 396, 182
-0.999106, 121, 109, 152, 124
-0.999111, 301, 275, 332, 290
-0.999117, 315, 209, 330, 336
-0.999122, 59, 241, 74, 368
-0.999125, 393, 293, 424, 308
-0.999129, 345, 173, 376, 188
-0.99913, 51, 33, 66, 160
-0.99913, 237, 193, 268, 208
-0.999135, 293, 225, 308, 352
-0.999137, 303, 193, 318, 320
-0.999145, 361, 223, 392, 238
-0.999148, 53, 211, 84, 226
-0.999148, 325, 65, 340, 192
-0.99915, 469, 33, 484, 160
-0.99915, 73, 193, 88, 320
-0.999175, 393, 173, 424, 188
-0.999175, 393, 191, 424, 206
-0.999177, 101, 143, 132, 158
-0.999189, 305, 227, 336, 242
-0.999203, 373, 157, 404, 172
-0.999214, 221, 165, 252, 180
-0.999228, 225, 151, 256, 166
-0.999243, 377, 163, 408, 178
-0.999243, 297, 209, 328, 224
-0.999266, 153, 171, 184, 186
-0.999295, 293, 285, 324, 300
-0.999339, 313, 85, 344, 100
-0.999357, 357, 155, 388, 170
-0.999364, 225, 159, 256, 174
-0.999375, 301, 161, 332, 176
-0.999383, 393, 165, 424, 180
-0.999395, 305, 169, 336, 184
-0.999423, 281, 77, 312, 92
-0.99947, 341, 103, 372, 118
-0.999512, 393, 179, 424, 194
-0.999513, 309, 201, 340, 216
-0.999543, 93, 193, 124, 208
-0.999546, 321, 181, 352, 196
-0.999613, 17, 21, 48, 36
-0.999617, 5, 23, 36, 38
-0.999633, 1, 305, 256, 368
-0.999649, 321, 195, 352, 210
-0.999678, 309, 89, 324, 104
-0.999678, 321, 101, 336, 116
-0.999678, 349, 99, 364, 114
-0.999679, 317, 219, 332, 234
-0.999679, 315, 297, 330, 312
-0.99968, 297, 315, 312, 330
-0.99968, 247, 247, 262, 262
-0.999681, 113, 95, 128, 110
-0.999681, 57, 211, 72, 226
-0.999681, 47, 217, 62, 232
-0.999681, 379, 169, 394, 184
-0.999681, 455, 103, 470, 118
-0.999681, 85, 79, 100, 94
-0.999681, 91, 135, 106, 150
-0.999682, 341, 295, 356, 310
-0.999683, 289, 215, 304, 230
-0.999683, 401, 189, 416, 204
-0.999683, 63, 209, 78, 224
-0.999684, 307, 283, 322, 298
-0.999684, 155, 151, 170, 166
-0.999684, 245, 49, 260, 64
-0.999684, 29, 17, 44, 32
-0.999686, 83, 177, 98, 192
-0.999687, 313, 303, 328, 318
-0.999687, 301, 283, 316, 298
-0.999688, 347, 163, 362, 178
-0.999688, 9, 23, 24, 38
-0.999689, 323, 227, 338, 242
-0.999689, 299, 7, 314, 22
-0.999689, 329, 179, 344, 194
-0.99969, 295, 275, 310, 290
-0.99969, 105, 73, 120, 88
-0.999691, 31, 33, 46, 48
-0.999691, 295, 155, 310, 170
-0.999692, 309, 223, 324, 238
-0.999692, 405, 239, 420, 254
-0.999694, 299, 299, 314, 314
-0.999694, 325, 211, 340, 226
-0.999694, 297, 321, 312, 336
-0.999694, 289, 313, 304, 328
-0.999695, 313, 317, 328, 332
-0.999695, 373, 133, 388, 148
-0.999695, 145, 79, 160, 94
-0.999696, 381, 229, 396, 244
-0.999696, 293, 281, 308, 296
-0.999696, 339, 197, 354, 212
-0.999696, 39, 49, 54, 64
-0.999696, 405, 179, 420, 194
-0.999696, 289, 319, 304, 334
-0.999697, 239, 51, 254, 66
-0.999697, 321, 281, 336, 296
-0.999697, 117, 135, 132, 150
-0.999697, 243, 195, 258, 210
-0.999698, 19, 37, 34, 52
-0.999699, 297, 235, 312, 250
-0.9997, 325, 173, 340, 188
-0.9997, 405, 165, 420, 180
-0.999701, 137, 77, 152, 92
-0.999703, 367, 175, 382, 190
-0.999703, 297, 189, 312, 204
-0.999703, 385, 169, 400, 184
-0.999704, 111, 89, 126, 104
-0.999704, 291, 297, 306, 312
-0.999704, 7, 17, 22, 32
-0.999704, 463, 53, 478, 68
-0.999704, 291, 191, 306, 206
-0.999705, 299, 217, 314, 232
-0.999705, 81, 205, 96, 220
-0.999707, 29, 27, 44, 42
-0.999707, 431, 183, 446, 198
-0.999708, 65, 115, 80, 130
-0.999708, 395, 235, 410, 250
-0.999708, 293, 291, 308, 306
-0.999709, 319, 165, 334, 180
-0.999709, 391, 165, 406, 180
-0.99971, 157, 169, 172, 184
-0.999712, 91, 185, 106, 200
-0.999713, 287, 303, 302, 318
-0.999713, 19, 119, 34, 134
-0.999714, 161, 163, 176, 178
-0.999714, 423, 177, 438, 192
-0.999715, 319, 211, 334, 226
-0.999715, 229, 51, 244, 66
-0.999716, 93, 249, 108, 264
-0.999717, 413, 171, 428, 186
-0.999718, 393, 183, 408, 198
-0.999719, 297, 149, 312, 164
-0.99972, 73, 205, 88, 220
-0.999722, 33, 41, 48, 56
-0.999722, 19, 21, 34, 36
-0.999724, 109, 143, 124, 158
-0.999727, 95, 73, 110, 88
-0.999727, 317, 187, 332, 202
-0.999727, 303, 231, 318, 246
-0.99973, 309, 295, 324, 310
-0.999732, 93, 143, 108, 158
-0.999732, 113, 67, 144, 82
-0.999732, 397, 289, 412, 304
-0.999733, 313, 229, 328, 244
-0.999733, 233, 145, 248, 160
-0.999735, 313, 283, 328, 298
-0.999735, 407, 173, 422, 188
-0.999736, 303, 289, 318, 304
-0.999737, 303, 277, 318, 292
-0.999742, 319, 171, 334, 186
-0.999743, 291, 209, 306, 224
-0.999744, 311, 289, 326, 304
-0.999744, 325, 205, 340, 220
-0.99975, 327, 199, 342, 214
-0.99975, 163, 171, 178, 186
-0.99975, 399, 171, 414, 186
-0.999752, 317, 273, 332, 288
-0.999756, 333, 193, 348, 208
-0.99976, 301, 225, 316, 240
-0.999762, 293, 227, 308, 242
-0.999762, 291, 185, 306, 200
-0.999767, 67, 201, 82, 216
-0.999767, 311, 275, 326, 290
-0.999771, 329, 185, 344, 200
-0.999772, 371, 167, 386, 182
-0.999773, 313, 203, 328, 218
-0.999773, 393, 193, 408, 208
-0.999775, 313, 193, 328, 208
-0.999775, 395, 177, 410, 192
-0.999775, 319, 201, 334, 216
-0.999783, 103, 187, 118, 202
-0.999784, 323, 179, 338, 194
-0.999793, 285, 191, 316, 206
-0.999794, 25, 45, 56, 60
-0.999798, 327, 193, 342, 208
-0.999807, 319, 195, 334, 210
-0.999816, 451, 173, 466, 188
-0.999832, 323, 185, 338, 200
-0.999968, 317, 187, 348, 202
-1.00002, 93, 73, 124, 88
-1.00009, 69, 205, 100, 220
-1.0001, 437, 175, 468, 190
-1.00016, 381, 169, 412, 184
-1.00022, 405, 173, 436, 188
