1933
-0.600649, 1, 1, 500, 256
-0.622286, 1, 97, 500, 342
-0.661912, 1, 1, 500, 342
-0.689666, 65, 1, 320, 342
-0.72409, 225, 1, 480, 342
-0.791435, 97, 97, 352, 342
-0.791435, 225, 97, 480, 342
-0.815142, 33, 1, 288, 256
-0.842912, 257, 1, 500, 256
-0.886163, 1, 97, 256, 342
-0.920678, 161, 1, 416, 256
-0.922067, 241, 97, 368, 342
-0.924026, 161, 65, 288, 320
-0.92889, 161, 1, 288, 342
-0.929863, 1, 1, 500, 128
-0.930817, 1, 33, 128, 288
-0.93512, 369, 33, 496, 288
-0.938106, 1, 1, 128, 342
-0.939429, 1, 65, 500, 192
-0.939901, 369, 1, 496, 342
-0.940128, 241, 1, 368, 342
-0.940197, 257, 1, 384, 256
-0.94181, 49, 1, 176, 342
-0.942945, 49, 1, 176, 256
-0.94578, 113, 33, 240, 288
-0.946605, 65, 97, 192, 342
-0.948732, 225, 113, 480, 240
-0.948963, 1, 113, 500, 240
-0.951392, 97, 1, 224, 342
-0.953201, 209, 1, 336, 256
-0.95388, 321, 1, 448, 256
-0.954972, 321, 1, 448, 342
-0.95652, 225, 113, 288, 240
-0.957671, 65, 1, 320, 128
-0.957716, 1, 161, 500, 288
-0.957967, 225, 65, 480, 192
-0.959099, 65, 65, 320, 192
-0.959233, 217, 121, 280, 184
-0.960145, 97, 113, 352, 240
-0.961444, 289, 97, 416, 342
-0.96179, 1, 209, 500, 336
-0.964125, 1, 49, 128, 176
-0.964152, 161, 97, 288, 224
-0.965214, 241, 137, 304, 200
-0.965551, 249, 113, 312, 240
-0.96668, 241, 113, 368, 240
-0.967862, 161, 1, 416, 128
-0.968191, 201, 97, 264, 224
-0.969077, 9, 49, 72, 176
-0.969353, 249, 161, 312, 224
-0.970695, 369, 97, 496, 224
-0.971158, 161, 1, 288, 128
-0.971894, 9, 73, 72, 136
-0.972157, 241, 65, 368, 192
-0.972605, 1, 209, 128, 336
-0.973129, 1, 113, 256, 240
-0.973977, 241, 113, 304, 176
-0.974163, 97, 1, 224, 128
-0.974359, 249, 65, 312, 192
-0.975931, 161, 49, 288, 176
-0.976798, 209, 1, 272, 128
-0.976983, 9, 209, 72, 336
-0.977485, 369, 49, 496, 176
-0.977565, 253, 113, 284, 240
-0.97819, 425, 113, 488, 240
-0.978347, 49, 49, 112, 176
-0.978463, 253, 121, 284, 184
-0.978828, 1, 97, 128, 224
-0.97945, 185, 1, 248, 128
-0.979607, 237, 97, 268, 224
-0.979657, 237, 113, 268, 176
-0.979734, 129, 161, 384, 288
-0.979833, 193, 97, 256, 160
-0.979911, 265, 113, 296, 240
-0.980058, 81, 49, 208, 176
-0.980346, 97, 1, 160, 128
-0.980418, 241, 161, 304, 288
-0.980543, 49, 1, 176, 128
-0.980852, 217, 49, 280, 176
-0.980867, 193, 49, 256, 176
-0.98088, 249, 1, 312, 128
-0.981027, 257, 1, 500, 128
-0.981111, 225, 169, 288, 232
-0.981217, 57, 81, 120, 144
-0.981237, 369, 1, 496, 128
-0.98133, 209, 1, 336, 128
-0.981339, 353, 1, 416, 128
-0.981361, 121, 1, 184, 128
-0.981606, 425, 49, 488, 176
-0.981688, 329, 1, 392, 128
-0.98169, 9, 225, 72, 288
-0.981835, 273, 113, 336, 240
-0.981993, 1, 73, 128, 136
-0.982002, 253, 145, 284, 208
-0.982032, 177, 121, 304, 184
-0.982083, 145, 1, 208, 128
-0.982101, 217, 145, 280, 208
-0.982195, 193, 145, 320, 272
-0.982364, 1, 209, 256, 336
-0.982442, 425, 1, 488, 128
-0.982596, 265, 121, 328, 184
-0.98273, 249, 97, 312, 342
-0.982736, 273, 1, 400, 128
-0.982804, 193, 121, 256, 184
-0.982966, 65, 1, 128, 128
-0.98297, 217, 97, 280, 342
-0.982998, 305, 1, 368, 128
-0.98315, 289, 65, 416, 192
-0.983384, 81, 49, 144, 176
-0.983523, 9, 97, 72, 224
-0.983535, 369, 81, 432, 208
-0.983733, 25, 1, 88, 128
-0.983894, 337, 65, 400, 192
-0.983969, 273, 65, 336, 192
-0.984063, 297, 65, 360, 192
-0.984076, 265, 145, 296, 208
-0.984185, 33, 81, 96, 144
-0.984226, 233, 137, 264, 200
-0.984378, 9, 97, 72, 160
-0.984394, 225, 121, 352, 184
-0.984447, 289, 113, 416, 240
-0.984494, 249, 169, 280, 232
-0.984682, 241, 89, 304, 152
-0.984758, 281, 1, 344, 128
-0.984758, 393, 65, 456, 192
-0.984955, 217, 97, 280, 160
-0.985173, 385, 113, 448, 176
-0.985394, 1, 1, 128, 128
-0.985416, 361, 113, 424, 176
-0.985455, 425, 121, 488, 184
-0.985548, 273, 121, 304, 184
-0.985971, 161, 65, 224, 192
-0.985979, 81, 81, 144, 144
-0.98599, 9, 73, 40, 136
-0.986448, 57, 113, 120, 176
-0.98646, 369, 121, 496, 184
-0.986592, 337, 113, 400, 176
-0.986755, 321, 1, 448, 128
-0.986865, 33, 57, 96, 120
-0.986947, 225, 105, 256, 168
-0.98702, 9, 121, 72, 184
-0.987149, 9, 65, 72, 320
-0.987189, 1, 217, 128, 280
-0.987288, 33, 113, 96, 176
-0.987336, 9, 49, 72, 112
-0.987359, 21, 65, 52, 128
-0.987429, 65, 113, 128, 240
-0.987551, 145, 97, 272, 160
-0.987596, 209, 121, 272, 152
-0.987696, 105, 49, 168, 176
-0.987726, 249, 97, 280, 160
-0.987778, 257, 1, 320, 256
-0.987787, 209, 1, 272, 256
-0.988146, 65, 97, 192, 224
-0.988197, 13, 49, 44, 176
-0.988235, 89, 113, 152, 176
-0.988279, 9, 1, 72, 342
-0.988299, 237, 169, 268, 232
-0.988385, 65, 89, 96, 152
-0.988394, 145, 113, 208, 240
-0.988435, 345, 113, 408, 240
-0.988579, 49, 209, 112, 336
-0.988617, 237, 89, 268, 152
-0.988623, 393, 113, 456, 240
-0.988842, 241, 165, 304, 196
-0.988856, 85, 81, 116, 144
-0.988883, 1, 97, 128, 160
-0.988886, 193, 73, 256, 136
-0.988891, 145, 113, 208, 176
-0.988932, 49, 73, 176, 136
-0.988937, 97, 57, 160, 120
-0.98895, 169, 113, 232, 240
-0.988975, 9, 225, 40, 288
-0.988976, 1, 249, 64, 312
-0.988998, 313, 113, 376, 176
-0.989056, 9, 97, 40, 160
-0.989065, 57, 217, 120, 280
-0.989072, 425, 65, 488, 128
-0.989091, 261, 169, 292, 232
-0.989111, 425, 89, 488, 152
-0.989122, 377, 113, 408, 176
-0.989138, 1, 161, 64, 288
-0.98915, 145, 73, 208, 136
-0.989229, 273, 97, 336, 342
-0.989272, 49, 73, 80, 136
-0.989286, 137, 49, 200, 176
-0.989344, 129, 121, 256, 184
-0.989431, 277, 161, 308, 224
-0.989484, 1, 161, 128, 288
-0.989492, 33, 217, 96, 280
-0.989517, 121, 113, 184, 176
-0.989536, 365, 113, 396, 176
-0.989568, 33, 81, 64, 144
-0.989585, 201, 9, 232, 72
-0.989607, 217, 161, 280, 288
-0.989629, 65, 113, 96, 176
-0.989632, 241, 153, 304, 184
-0.989679, 185, 9, 248, 72
-0.989725, 145, 9, 208, 72
-0.989775, 337, 89, 400, 152
-0.989822, 249, 49, 280, 176
-0.989854, 349, 113, 380, 176
-0.989895, 413, 113, 444, 176
-0.989923, 329, 9, 392, 72
-0.989923, 257, 1, 320, 342
-0.989937, 193, 89, 224, 152
-0.989953, 389, 113, 420, 176
-0.989965, 313, 113, 376, 240
-0.990017, 97, 73, 128, 136
-0.990051, 369, 209, 496, 336
-0.990079, 289, 121, 352, 184
-0.990159, 169, 113, 232, 176
-0.99018, 425, 97, 488, 342
-0.990212, 209, 9, 272, 72
-0.990213, 53, 97, 84, 160
-0.990229, 213, 97, 244, 160
-0.990251, 425, 113, 456, 176
-0.990322, 401, 121, 432, 184
-0.990347, 9, 121, 40, 184
-0.990353, 321, 113, 448, 176
-0.990385, 285, 129, 316, 192
-0.990403, 273, 121, 400, 184
-0.990449, 41, 97, 104, 224
-0.99046, 81, 113, 112, 176
-0.990474, 225, 133, 288, 164
-0.990513, 369, 145, 496, 272
-0.99054, 233, 121, 296, 152
-0.990555, 105, 1, 168, 256
-0.990559, 177, 113, 208, 176
-0.99057, 169, 89, 232, 152
-0.990579, 129, 1, 192, 256
-0.990637, 241, 161, 368, 288
-0.990659, 21, 97, 52, 160
-0.990669, 97, 113, 160, 240
-0.990687, 385, 1, 448, 128
-0.990703, 333, 113, 364, 176
-0.990712, 93, 217, 124, 280
-0.990722, 121, 73, 184, 136
-0.990751, 69, 217, 100, 280
-0.990753, 81, 217, 144, 280
-0.990797, 113, 97, 240, 224
-0.9908, 165, 113, 196, 176
-0.990837, 73, 65, 104, 128
-0.99086, 93, 113, 124, 176
-0.990953, 149, 73, 180, 136
-0.990997, 369, 89, 432, 152
-0.991025, 213, 9, 244, 72
-0.99105, 129, 97, 192, 342
-0.991091, 33, 57, 64, 120
-0.991091, 65, 209, 192, 336
-0.991133, 109, 113, 140, 176
-0.991139, 53, 49, 84, 112
-0.991148, 57, 217, 88, 280
-0.991148, 81, 217, 112, 280
-0.991151, 45, 217, 76, 280
-0.991233, 153, 9, 184, 72
-0.991247, 1, 1, 64, 128
-0.991257, 9, 49, 40, 112
-0.991293, 53, 121, 84, 184
-0.991304, 81, 65, 144, 320
-0.99131, 437, 121, 468, 184
-0.991321, 353, 9, 416, 72
-0.99136, 1, 121, 128, 184
-0.991367, 205, 1, 236, 128
-0.991396, 321, 113, 352, 176
-0.991419, 425, 1, 488, 256
-0.991421, 461, 113, 492, 176
-0.991422, 361, 9, 392, 72
-0.99144, 353, 89, 384, 152
-0.991447, 225, 81, 256, 144
-0.991453, 177, 65, 240, 320
-0.991461, 257, 97, 384, 160
-0.991461, 189, 9, 220, 72
-0.99147, 205, 121, 236, 184
-0.991495, 153, 113, 184, 176
-0.991511, 105, 225, 136, 288
-0.991528, 173, 9, 204, 72
-0.991533, 37, 33, 68, 96
-0.991536, 233, 1, 296, 256
-0.991597, 57, 1, 120, 256
-0.991598, 9, 201, 72, 264
-0.991626, 105, 97, 168, 342
-0.991654, 73, 57, 136, 120
-0.991668, 97, 9, 224, 72
-0.991669, 37, 113, 68, 176
-0.991684, 29, 217, 60, 280
-0.9917, 201, 109, 264, 140
-0.991707, 297, 73, 360, 136
-0.991709, 73, 209, 136, 336
-0.99171, 189, 113, 220, 176
-0.991755, 305, 121, 336, 184
-0.991767, 409, 89, 440, 152
-0.991781, 121, 113, 184, 240
-0.991781, 433, 161, 496, 288
-0.991783, 369, 73, 496, 136
-0.991805, 33, 161, 288, 288
-0.991821, 269, 97, 300, 160
-0.991863, 369, 89, 400, 152
-0.99187, 249, 133, 312, 164
-0.99187, 125, 9, 156, 72
-0.991883, 341, 89, 372, 152
-0.991886, 153, 97, 216, 342
-0.991905, 65, 113, 192, 176
-0.991921, 205, 73, 236, 136
-0.991922, 9, 249, 40, 312
-0.991931, 289, 153, 320, 216
-0.991957, 297, 65, 360, 320
-0.991966, 461, 73, 492, 136
-0.99197, 133, 113, 164, 176
-0.991992, 121, 113, 152, 176
-0.992023, 397, 89, 428, 152
-0.992035, 225, 161, 352, 224
-0.992063, 257, 17, 288, 80
-0.992069, 9, 77, 72, 108
-0.992077, 273, 161, 336, 224
-0.992087, 165, 81, 196, 144
-0.992088, 449, 113, 480, 176
-0.99219, 105, 225, 168, 288
-0.992197, 97, 73, 224, 136
-0.992241, 9, 201, 40, 264
-0.992242, 209, 1, 272, 342
-0.992248, 249, 121, 280, 152
-0.992345, 25, 121, 56, 184
-0.992357, 257, 157, 288, 188
-0.992364, 245, 9, 276, 72
-0.992377, 249, 1, 280, 128
-0.992393, 113, 73, 144, 136
-0.992401, 177, 145, 304, 208
-0.992418, 385, 89, 416, 152
-0.992434, 105, 49, 136, 112
-0.992466, 33, 65, 96, 320
-0.992481, 329, 33, 392, 288
-0.992494, 97, 9, 160, 72
-0.992562, 325, 81, 356, 144
-0.992576, 105, 193, 168, 320
-0.992586, 33, 33, 96, 96
-0.992587, 353, 1, 416, 256
-0.992601, 153, 1, 216, 256
-0.992614, 309, 73, 340, 136
-0.992621, 93, 9, 124, 72
-0.99263, 125, 57, 156, 120
-0.992632, 233, 177, 296, 208
-0.992637, 309, 9, 340, 72
-0.992655, 177, 73, 208, 136
-0.992694, 433, 89, 464, 152
-0.992699, 201, 133, 264, 164
-0.992701, 349, 9, 380, 72
-0.992704, 461, 137, 492, 200
-0.992755, 9, 61, 72, 92
-0.992806, 57, 49, 88, 176
-0.992823, 225, 161, 480, 288
-0.992839, 125, 225, 156, 288
-0.992858, 113, 9, 144, 72
-0.992883, 233, 9, 264, 72
-0.9929, 249, 17, 312, 80
-0.992945, 245, 169, 276, 200
-0.992963, 269, 65, 300, 192
-0.992976, 137, 81, 168, 144
-0.992982, 57, 1, 120, 342
-0.992988, 249, 161, 280, 288
-0.993001, 177, 9, 304, 72
-0.993069, 237, 117, 268, 148
-0.993073, 373, 9, 404, 72
-0.993074, 253, 141, 284, 172
-0.993082, 285, 97, 316, 160
-0.993115, 141, 9, 172, 72
-0.993115, 333, 9, 364, 72
-0.993146, 65, 193, 96, 256
-0.993147, 221, 109, 252, 140
-0.993163, 385, 33, 448, 288
-0.993198, 285, 9, 316, 72
-0.993218, 369, 97, 496, 160
-0.99322, 177, 33, 208, 96
-0.993334, 273, 161, 336, 288
-0.993342, 121, 9, 184, 72
-0.993344, 1, 49, 128, 112
-0.993356, 257, 73, 288, 136
-0.993356, 401, 89, 464, 152
-0.993358, 425, 209, 488, 336
-0.99336, 217, 149, 280, 180
-0.993367, 421, 89, 452, 152
-0.993426, 297, 9, 360, 72
-0.993444, 125, 89, 156, 152
-0.993496, 97, 209, 352, 336
-0.993515, 9, 281, 40, 342
-0.993524, 53, 193, 84, 256
-0.993528, 265, 165, 328, 196
-0.993543, 89, 193, 120, 256
-0.993563, 77, 193, 108, 256
-0.993585, 417, 281, 448, 342
-0.993586, 261, 169, 292, 200
-0.993613, 353, 1, 416, 342
-0.993614, 57, 97, 120, 342
-0.993633, 213, 281, 244, 342
-0.993659, 301, 97, 332, 160
-0.993665, 429, 65, 460, 128
-0.99367, 233, 137, 264, 168
-0.99367, 25, 49, 56, 176
-0.993671, 1, 241, 128, 304
-0.993675, 273, 9, 304, 72
-0.993687, 293, 73, 324, 136
-0.993693, 77, 41, 108, 104
-0.993707, 269, 281, 300, 342
-0.99373, 237, 49, 268, 176
-0.993746, 189, 33, 220, 96
-0.993766, 225, 121, 256, 152
-0.993793, 297, 281, 328, 342
-0.993817, 145, 145, 272, 272
-0.99385, 285, 113, 316, 240
-0.993893, 265, 121, 328, 152
-0.993897, 321, 89, 448, 152
-0.993913, 269, 137, 300, 168
-0.993927, 117, 1, 148, 128
-0.993948, 17, 61, 48, 92
-0.993964, 225, 109, 288, 140
-0.993965, 273, 165, 304, 196
-0.993971, 9, 81, 40, 112
-0.993994, 269, 121, 300, 152
-0.994012, 233, 173, 264, 204
-0.994052, 233, 105, 264, 136
-0.994119, 425, 1, 488, 342
-0.994126, 217, 73, 280, 136
-0.99416, 9, 229, 72, 260
-0.994175, 105, 1, 168, 342
-0.994182, 237, 153, 268, 184
-0.994202, 193, 121, 448, 184
-0.994242, 57, 193, 120, 256
-0.994271, 161, 1, 224, 342
-0.994286, 137, 193, 200, 320
-0.99434, 329, 1, 392, 342
-0.994361, 385, 1, 448, 342
-0.994443, 9, 209, 40, 336
-0.994464, 9, 229, 40, 260
-0.994483, 381, 125, 412, 156
-0.99449, 353, 1, 384, 128
-0.994503, 61, 85, 92, 116
-0.994505, 97, 77, 128, 108
-0.994508, 1, 25, 128, 88
-0.99451, 141, 1, 172, 128
-0.994511, 77, 89, 108, 120
-0.994518, 425, 145, 488, 208
-0.994533, 269, 153, 300, 184
-0.994551, 21, 73, 52, 104
-0.994554, 281, 1, 344, 342
-0.994555, 413, 125, 444, 156
-0.994559, 49, 225, 176, 288
-0.994566, 265, 97, 328, 160
-0.99457, 77, 73, 108, 104
-0.994576, 369, 125, 400, 156
-0.99459, 361, 97, 424, 342
-0.994609, 393, 125, 424, 156
-0.994617, 285, 161, 316, 192
-0.994623, 209, 161, 272, 192
-0.994653, 249, 109, 280, 140
-0.994654, 205, 13, 236, 44
-0.994656, 53, 69, 84, 100
-0.994668, 73, 125, 104, 156
-0.99467, 425, 241, 488, 304
-0.994674, 9, 101, 40, 132
-0.994677, 247, 113, 262, 176
-0.994682, 49, 17, 176, 80
-0.994694, 29, 61, 60, 92
-0.994706, 209, 97, 336, 160
-0.994712, 245, 181, 276, 212
-0.99472, 357, 121, 388, 152
-0.994722, 133, 121, 164, 152
-0.99473, 425, 273, 488, 336
-0.994737, 81, 1, 144, 342
-0.994754, 61, 125, 92, 156
-0.994765, 1, 89, 64, 120
-0.994772, 425, 125, 456, 156
-0.994776, 85, 121, 116, 152
-0.994777, 101, 1, 132, 128
-0.994779, 259, 121, 274, 184
-0.994782, 341, 121, 372, 152
-0.994786, 425, 9, 488, 72
-0.994791, 97, 121, 352, 184
-0.994796, 201, 89, 232, 120
-0.994803, 161, 121, 192, 152
-0.994821, 65, 69, 96, 100
-0.994822, 9, 281, 72, 342
-0.994832, 213, 97, 244, 128
-0.994835, 9, 217, 40, 248
-0.994836, 189, 121, 220, 152
-0.994839, 177, 33, 208, 64
-0.994842, 325, 125, 356, 156
-0.994844, 145, 73, 272, 136
-0.994845, 45, 121, 76, 152
-0.994858, 173, 125, 204, 156
-0.994864, 185, 1, 248, 342
-0.994868, 37, 217, 68, 248
-0.994869, 105, 121, 136, 152
-0.994871, 153, 85, 184, 116
-0.994876, 253, 25, 284, 56
-0.994885, 197, 25, 228, 56
-0.994889, 49, 81, 80, 112
-0.994891, 117, 121, 148, 152
-0.994898, 65, 113, 96, 144
-0.994914, 97, 73, 160, 104
-0.994916, 9, 121, 40, 152
-0.994919, 237, 1, 268, 128
-0.994923, 137, 1, 200, 342
-0.99493, 461, 89, 492, 120
-0.994931, 201, 121, 232, 152
-0.994937, 33, 81, 64, 112
-0.994941, 313, 121, 344, 152
-0.99495, 21, 217, 52, 248
-0.994952, 113, 73, 144, 104
-0.994955, 33, 77, 96, 108
-0.994961, 413, 113, 444, 144
-0.994962, 149, 121, 180, 152
-0.994968, 5, 61, 36, 92
-0.994968, 49, 105, 80, 136
-0.994969, 273, 9, 336, 72
-0.994981, 57, 85, 120, 116
-0.994985, 93, 217, 124, 248
-0.994988, 61, 217, 92, 248
-0.994996, 225, 161, 256, 192
-0.995, 29, 121, 60, 152
-0.995005, 361, 125, 424, 156
-0.995009, 9, 49, 40, 80
-0.995011, 361, 13, 392, 44
-0.995012, 77, 101, 108, 132
-0.995015, 289, 121, 320, 152
-0.99502, 49, 221, 80, 252
-0.99502, 273, 281, 336, 342
-0.995023, 189, 85, 220, 116
-0.995027, 61, 101, 92, 132
-0.995031, 377, 113, 408, 144
-0.995038, 145, 13, 176, 44
-0.995039, 73, 217, 104, 248
-0.995041, 1, 101, 64, 132
-0.995043, 185, 121, 248, 152
-0.995048, 425, 113, 456, 144
-0.995059, 25, 161, 88, 288
-0.995059, 157, 73, 188, 104
-0.995065, 389, 113, 420, 144
-0.995067, 105, 221, 136, 252
-0.995069, 9, 249, 40, 280
-0.995073, 437, 121, 468, 152
-0.995079, 237, 13, 268, 44
-0.995081, 157, 13, 188, 44
-0.99509, 89, 89, 120, 120
-0.995103, 145, 73, 176, 104
-0.995105, 61, 229, 92, 260
-0.995122, 73, 73, 136, 104
-0.995125, 301, 121, 332, 152
-0.995129, 41, 69, 72, 100
-0.995133, 125, 65, 156, 96
-0.995133, 261, 109, 292, 140
-0.995139, 461, 77, 492, 108
-0.995145, 213, 121, 244, 152
-0.995146, 401, 113, 432, 144
-0.995157, 237, 93, 268, 124
-0.995167, 173, 13, 204, 44
-0.995179, 117, 109, 148, 140
-0.995186, 225, 209, 480, 336
-0.995188, 329, 113, 360, 144
-0.995188, 461, 117, 492, 148
-0.995193, 181, 73, 212, 104
-0.995194, 461, 101, 492, 132
-0.995194, 73, 121, 136, 152
-0.995194, 193, 13, 224, 44
-0.995196, 273, 73, 336, 136
-0.995211, 25, 229, 56, 260
-0.995217, 117, 221, 148, 252
-0.995218, 265, 313, 296, 342
-0.995219, 9, 137, 40, 168
-0.995221, 273, 177, 304, 208
-0.995225, 77, 61, 108, 92
-0.995228, 233, 1, 296, 342
-0.995231, 37, 101, 68, 132
-0.995237, 33, 1, 96, 342
-0.995241, 269, 33, 300, 64
-0.995241, 461, 133, 492, 164
-0.995249, 385, 125, 448, 156
-0.995252, 365, 109, 396, 140
-0.995254, 461, 145, 492, 176
-0.995257, 37, 229, 68, 260
-0.99526, 293, 313, 324, 342
-0.995266, 1, 177, 64, 240
-0.995271, 241, 25, 272, 56
-0.995271, 97, 309, 128, 340
-0.995272, 189, 37, 220, 68
-0.995273, 449, 121, 480, 152
-0.995274, 313, 77, 344, 108
-0.995274, 177, 85, 208, 116
-0.995279, 425, 121, 488, 152
-0.995285, 193, 97, 256, 128
-0.995334, 57, 25, 120, 88
-0.995341, 33, 193, 96, 256
-0.995364, 105, 121, 168, 152
-0.995401, 9, 217, 72, 248
-0.995418, 337, 125, 400, 156
-0.995479, 393, 281, 456, 342
-0.995487, 217, 1, 248, 128
-0.995525, 289, 97, 352, 160
-0.995532, 365, 1, 396, 128
-0.995603, 461, 113, 492, 240
-0.995616, 433, 217, 496, 280
-0.995627, 221, 49, 252, 176
-0.995631, 265, 145, 328, 176
-0.995633, 241, 113, 256, 176
-0.995639, 209, 173, 272, 204
-0.995702, 49, 49, 176, 112
-0.995704, 225, 97, 256, 224
-0.995725, 57, 161, 120, 288
-0.99573, 241, 281, 304, 342
-0.995736, 265, 129, 280, 192
-0.995738, 161, 121, 224, 152
-0.995745, 129, 1, 160, 128
-0.995759, 277, 161, 308, 288
-0.995761, 185, 33, 248, 96
-0.995771, 33, 65, 96, 96
-0.995789, 85, 65, 116, 192
-0.995796, 41, 125, 104, 156
-0.995817, 253, 145, 268, 208
-0.995883, 129, 121, 192, 152
-0.995901, 177, 125, 304, 156
-0.995921, 161, 281, 224, 342
-0.995928, 1, 193, 128, 256
-0.995959, 9, 121, 72, 152
-0.995982, 1, 81, 128, 112
-0.995991, 273, 9, 400, 72
-0.996008, 369, 257, 496, 320
-0.996025, 1, 281, 128, 342
-0.996051, 425, 41, 488, 104
-0.996064, 261, 161, 292, 288
-0.996098, 145, 81, 208, 112
-0.996104, 425, 93, 488, 124
-0.996119, 1, 249, 64, 280
-0.996127, 9, 113, 40, 240
-0.996156, 253, 113, 268, 176
-0.996166, 45, 49, 76, 176
-0.996184, 225, 125, 352, 156
-0.996219, 251, 169, 266, 232
-0.996219, 57, 61, 120, 92
-0.996257, 209, 13, 272, 44
-0.996263, 61, 125, 92, 140
-0.996264, 45, 95, 76, 110
-0.996265, 377, 325, 408, 340
-0.996265, 213, 115, 244, 130
-0.99627, 65, 221, 96, 236
-0.99627, 113, 221, 144, 236
-0.996277, 41, 101, 72, 116
-0.996278, 265, 37, 296, 52
-0.99628, 133, 123, 164, 138
-0.99628, 313, 121, 376, 152
-0.996281, 261, 325, 292, 340
-0.996283, 405, 327, 436, 342
-0.996283, 221, 167, 252, 182
-0.996286, 233, 179, 264, 194
-0.996286, 57, 325, 88, 340
-0.996287, 329, 125, 360, 140
-0.996291, 169, 29, 200, 44
-0.996291, 21, 219, 52, 234
-0.996293, 9, 251, 40, 266
-0.996299, 53, 221, 84, 236
-0.996302, 293, 325, 324, 340
-0.996303, 389, 323, 420, 338
-0.99631, 157, 325, 188, 340
-0.996313, 193, 1, 224, 128
-0.996315, 69, 69, 100, 84
-0.996321, 461, 81, 492, 96
-0.996323, 225, 161, 352, 192
-0.996327, 461, 153, 492, 168
-0.996328, 69, 75, 100, 90
-0.996328, 225, 31, 256, 46
-0.996329, 213, 99, 244, 114
-0.996329, 349, 125, 380, 140
-0.996331, 261, 1, 292, 128
-0.996332, 353, 13, 384, 28
-0.996333, 113, 33, 240, 96
-0.996337, 45, 33, 76, 48
-0.996338, 9, 219, 40, 234
-0.996341, 145, 13, 176, 28
-0.996343, 305, 1, 368, 342
-0.996344, 305, 325, 336, 340
-0.996346, 157, 79, 188, 94
-0.996347, 177, 13, 208, 28
-0.996348, 369, 319, 400, 334
-0.996353, 225, 73, 352, 136
-0.996356, 89, 85, 120, 100
-0.996363, 285, 159, 316, 174
-0.996364, 33, 83, 64, 98
-0.996368, 61, 101, 92, 116
-0.996368, 9, 117, 40, 132
-0.996373, 217, 25, 280, 56
-0.996374, 13, 73, 28, 136
-0.996381, 9, 109, 40, 124
-0.996381, 73, 125, 104, 140
-0.996384, 113, 75, 144, 90
-0.996384, 425, 125, 456, 140
-0.996387, 73, 227, 104, 242
-0.996393, 145, 81, 176, 96
-0.996395, 145, 13, 208, 44
-0.9964, 41, 217, 104, 248
-0.996401, 85, 123, 116, 138
-0.996403, 233, 107, 264, 122
-0.996409, 385, 113, 448, 144
-0.996411, 433, 81, 496, 112
-0.996412, 101, 221, 132, 236
-0.996413, 145, 325, 176, 340
-0.996418, 161, 33, 224, 96
-0.996428, 361, 125, 392, 140
-0.99643, 197, 325, 228, 340
-0.996432, 461, 93, 492, 108
-0.996433, 5, 69, 36, 84
-0.99644, 77, 221, 108, 236
-0.996446, 81, 71, 112, 86
-0.996454, 259, 161, 274, 224
-0.996455, 269, 177, 300, 192
-0.996455, 157, 13, 188, 28
-0.996456, 189, 91, 220, 106
-0.996467, 369, 49, 496, 112
-0.996486, 277, 129, 292, 192
-0.996498, 77, 81, 108, 96
-0.996498, 249, 109, 312, 140
-0.996512, 417, 327, 448, 342
-0.996513, 77, 89, 108, 104
-0.996516, 49, 77, 80, 92
-0.996518, 29, 67, 60, 82
-0.996523, 89, 221, 120, 236
-0.996537, 201, 13, 232, 28
-0.996541, 57, 101, 120, 132
-0.996541, 57, 69, 88, 84
-0.996543, 201, 31, 232, 46
-0.996544, 393, 125, 424, 140
-0.996573, 185, 25, 248, 56
-0.996573, 65, 217, 128, 248
-0.996578, 65, 87, 96, 102
-0.996581, 461, 87, 492, 102
-0.996581, 373, 125, 404, 140
-0.996595, 277, 1, 308, 128
-0.996596, 193, 85, 256, 116
-0.996603, 329, 13, 392, 44
-0.99661, 253, 29, 284, 44
-0.99661, 37, 75, 68, 90
-0.996615, 189, 65, 220, 192
-0.996615, 17, 69, 48, 84
-0.996616, 247, 137, 262, 200
-0.996625, 273, 153, 288, 216
-0.996631, 365, 13, 396, 28
-0.996632, 33, 97, 288, 160
-0.996636, 5, 63, 36, 78
-0.996636, 413, 125, 444, 140
-0.996647, 433, 293, 496, 324
-0.996651, 9, 75, 40, 90
-0.996651, 201, 91, 232, 106
-0.996651, 257, 117, 288, 132
-0.996652, 29, 61, 60, 76
-0.996661, 53, 83, 84, 98
-0.996665, 381, 81, 412, 208
-0.996669, 9, 87, 40, 102
-0.996676, 297, 281, 360, 342
-0.996684, 81, 85, 144, 116
-0.996693, 433, 169, 496, 232
-0.996719, 177, 35, 208, 50
-0.99672, 269, 131, 300, 146
-0.996725, 113, 209, 240, 336
-0.996732, 9, 229, 40, 244
-0.996732, 9, 57, 40, 72
-0.996733, 9, 99, 40, 114
-0.996739, 81, 193, 144, 256
-0.996741, 457, 327, 488, 342
-0.996742, 153, 1, 184, 128
-0.996753, 289, 121, 352, 152
-0.996762, 369, 129, 432, 256
-0.996763, 429, 327, 460, 342
-0.996765, 121, 77, 184, 108
-0.996771, 129, 217, 192, 280
-0.996776, 169, 13, 232, 44
-0.996804, 249, 17, 312, 48
-0.996807, 309, 1, 340, 128
-0.996815, 33, 101, 96, 132
-0.99684, 345, 113, 408, 144
-0.99685, 445, 327, 476, 342
-0.996853, 169, 65, 232, 128
-0.99687, 25, 49, 88, 80
-0.996872, 177, 109, 240, 140
-0.996875, 369, 9, 496, 72
-0.996884, 73, 1, 136, 64
-0.996905, 267, 153, 282, 216
-0.996908, 9, 93, 40, 108
-0.996916, 193, 145, 256, 208
-0.996916, 269, 145, 300, 160
-0.996935, 321, 281, 384, 342
-0.996941, 369, 65, 400, 192
-0.996942, 97, 77, 128, 92
-0.996952, 353, 13, 416, 44
-0.996965, 41, 113, 104, 144
-0.996988, 1, 121, 256, 184
-0.996995, 145, 113, 272, 144
-0.996997, 189, 35, 220, 50
-0.996998, 233, 97, 296, 128
-0.997, 273, 153, 304, 168
-0.997004, 369, 145, 496, 208
-0.99701, 21, 77, 52, 92
-0.997015, 121, 49, 184, 112
-0.997015, 401, 65, 464, 128
-0.997016, 89, 13, 152, 44
-0.997028, 97, 225, 160, 256
-0.997044, 89, 281, 152, 342
-0.997046, 41, 249, 104, 312
-0.997046, 33, 89, 96, 120
-0.997048, 297, 77, 360, 108
-0.99705, 101, 65, 132, 192
-0.997056, 33, 229, 96, 260
-0.997062, 425, 133, 488, 164
-0.99709, 9, 137, 72, 168
-0.997097, 265, 125, 296, 140
-0.9971, 241, 113, 272, 128
-0.997114, 105, 201, 168, 264
-0.997124, 433, 109, 496, 140
-0.997157, 1, 65, 256, 128
-0.997167, 49, 1, 112, 64
-0.99717, 105, 61, 168, 92
-0.997172, 285, 165, 316, 180
-0.997182, 237, 151, 268, 166
-0.997196, 193, 281, 256, 342
-0.99722, 9, 17, 72, 80
-0.997221, 1, 229, 128, 260
-0.997234, 237, 157, 268, 172
-0.997236, 209, 173, 336, 204
-0.997249, 425, 145, 488, 176
-0.99726, 221, 109, 252, 124
-0.997271, 245, 165, 276, 180
-0.997273, 85, 1, 116, 128
-0.997281, 425, 69, 488, 100
-0.997282, 269, 137, 300, 152
-0.997291, 233, 141, 264, 156
-0.997299, 81, 105, 144, 136
-0.997321, 9, 81, 40, 96
-0.997348, 113, 109, 176, 140
-0.997365, 129, 281, 192, 342
-0.997369, 161, 313, 224, 342
-0.997384, 253, 169, 268, 200
-0.997389, 313, 49, 376, 112
-0.997406, 27, 57, 42, 120
-0.997414, 81, 77, 208, 108
-0.997415, 1, 205, 64, 236
-0.99744, 217, 281, 280, 342
-0.99744, 369, 281, 496, 342
-0.997441, 33, 1, 64, 128
-0.997445, 113, 313, 176, 342
-0.997455, 1, 265, 64, 296
-0.997456, 17, 63, 48, 78
-0.997459, 461, 65, 492, 192
-0.997469, 57, 229, 120, 260
-0.997482, 137, 109, 200, 140
-0.997485, 257, 313, 320, 342
-0.997497, 401, 65, 432, 192
-0.997507, 229, 127, 260, 142
-0.997515, 253, 97, 284, 342
-0.997519, 9, 309, 72, 340
-0.997524, 233, 135, 264, 150
-0.997524, 345, 65, 376, 192
-0.997531, 177, 137, 304, 168
-0.997535, 169, 89, 232, 120
-0.997535, 433, 281, 496, 312
-0.997542, 273, 81, 336, 112
-0.997545, 321, 85, 384, 116
-0.997546, 283, 161, 298, 224
-0.997555, 1, 69, 128, 100
-0.997556, 1, 293, 64, 324
-0.997566, 257, 177, 320, 208
-0.997569, 153, 69, 216, 100
-0.99758, 177, 153, 304, 184
-0.997605, 235, 105, 250, 168
-0.997614, 265, 65, 296, 320
-0.997619, 289, 1, 320, 128
-0.99762, 433, 245, 496, 276
-0.997621, 225, 115, 256, 130
-0.997623, 113, 13, 176, 44
-0.997627, 13, 217, 28, 280
-0.997627, 433, 269, 496, 300
-0.997641, 425, 313, 488, 342
-0.997652, 245, 179, 276, 194
-0.997664, 67, 81, 82, 144
-0.997671, 201, 313, 264, 342
-0.99768, 425, 233, 488, 264
-0.997681, 1, 105, 128, 136
-0.997684, 271, 129, 286, 192
-0.997698, 225, 137, 352, 168
-0.997702, 75, 89, 90, 152
-0.997708, 433, 257, 496, 288
-0.997714, 269, 163, 300, 178
-0.997715, 233, 173, 264, 188
-0.99772, 239, 113, 254, 144
-0.997735, 369, 125, 496, 156
-0.997742, 161, 193, 224, 320
-0.997745, 245, 89, 260, 152
-0.997753, 361, 281, 424, 342
-0.997757, 233, 313, 296, 342
-0.99776, 247, 117, 262, 148
-0.997789, 1, 277, 64, 308
-0.99779, 257, 177, 288, 192
-0.99779, 11, 97, 26, 160
-0.997794, 247, 169, 262, 200
-0.997809, 73, 241, 136, 304
-0.997824, 377, 9, 440, 72
-0.997826, 161, 193, 288, 320
-0.99783, 129, 125, 256, 156
-0.997832, 253, 121, 268, 152
-0.997846, 221, 121, 252, 136
-0.997848, 1, 145, 64, 208
-0.997877, 425, 193, 488, 256
-0.997884, 145, 25, 208, 56
-0.997902, 121, 89, 184, 120
-0.997914, 97, 217, 224, 280
-0.997925, 41, 13, 104, 44
-0.997927, 305, 9, 368, 40
-0.997928, 1, 181, 64, 212
-0.997937, 201, 169, 264, 232
-0.997939, 169, 1, 200, 128
-0.997944, 245, 129, 260, 160
-0.997946, 145, 133, 208, 164
-0.99795, 277, 171, 308, 186
-0.997957, 257, 97, 500, 160
-0.997964, 409, 109, 472, 140
-0.99797, 41, 81, 56, 144
-0.997987, 281, 49, 312, 176
-0.997994, 369, 217, 496, 280
-0.997995, 281, 165, 296, 196
-0.997999, 65, 13, 128, 44
-0.998001, 225, 113, 352, 144
-0.998006, 257, 145, 500, 208
-0.998013, 137, 313, 200, 342
-0.998015, 255, 89, 270, 152
-0.998015, 357, 81, 388, 208
-0.998017, 169, 133, 232, 164
-0.998022, 433, 221, 496, 252
-0.998027, 65, 121, 192, 152
-0.998034, 73, 49, 104, 176
-0.998036, 193, 301, 256, 332
-0.998036, 33, 57, 48, 120
-0.998042, 421, 65, 452, 192
-0.998042, 377, 113, 392, 176
-0.998043, 369, 25, 432, 56
-0.998051, 249, 123, 280, 138
-0.998065, 433, 197, 496, 228
-0.998087, 121, 221, 184, 252
-0.998089, 1, 193, 64, 224
-0.998091, 233, 109, 248, 140
-0.998093, 145, 93, 208, 124
-0.998094, 387, 121, 402, 184
-0.998098, 305, 313, 368, 342
-0.998111, 181, 1, 212, 128
-0.998111, 301, 49, 332, 176
-0.998111, 371, 113, 386, 176
-0.998128, 121, 133, 184, 164
-0.998131, 241, 97, 272, 342
-0.998149, 21, 73, 36, 136
-0.998152, 177, 37, 240, 68
-0.998154, 259, 161, 274, 192
-0.998166, 265, 41, 328, 104
-0.998167, 401, 309, 464, 340
-0.998168, 177, 169, 304, 232
-0.998173, 265, 169, 296, 184
-0.998174, 41, 29, 104, 60
-0.998181, 261, 129, 276, 160
-0.998181, 321, 109, 384, 140
-0.998183, 393, 113, 408, 176
-0.998187, 75, 113, 90, 176
-0.99819, 425, 113, 440, 176
-0.99819, 369, 89, 432, 120
-0.99819, 273, 157, 288, 188
-0.998219, 321, 125, 448, 156
-0.998237, 105, 249, 168, 312
-0.998265, 61, 97, 76, 160
-0.998266, 361, 113, 376, 176
-0.998269, 51, 73, 66, 136
-0.998273, 289, 153, 304, 216
-0.998274, 273, 121, 400, 152
-0.998297, 355, 113, 370, 176
-0.998297, 73, 1, 104, 128
-0.998309, 419, 121, 434, 184
-0.998313, 369, 169, 496, 232
-0.998335, 201, 81, 216, 144
-0.99834, 35, 81, 50, 144
-0.99834, 161, 97, 416, 160
-0.998343, 177, 281, 304, 342
-0.998354, 473, 65, 488, 128
-0.998354, 93, 81, 108, 144
-0.998362, 259, 177, 274, 208
-0.998368, 27, 61, 42, 92
-0.998374, 253, 141, 284, 156
-0.998376, 81, 89, 96, 152
-0.998381, 13, 81, 28, 112
-0.998382, 1, 65, 32, 192
-0.998388, 329, 65, 360, 192
-0.998388, 289, 209, 416, 336
-0.998389, 97, 145, 352, 208
-0.99839, 239, 125, 254, 156
-0.998395, 273, 73, 400, 136
-0.998396, 201, 209, 264, 336
-0.9984, 249, 129, 280, 144
-0.998436, 241, 169, 304, 184
-0.99844, 283, 121, 298, 184
-0.998442, 249, 145, 264, 176
-0.998442, 267, 169, 282, 200
-0.998444, 253, 157, 268, 188
-0.998465, 59, 73, 74, 136
-0.998467, 81, 113, 96, 176
-0.998474, 209, 123, 272, 138
-0.998479, 413, 121, 428, 184
-0.998485, 161, 33, 288, 96
-0.998488, 369, 33, 432, 96
-0.998494, 369, 89, 496, 120
-0.998495, 431, 121, 446, 184
-0.998504, 183, 113, 198, 176
-0.998514, 217, 131, 280, 146
-0.998515, 99, 73, 114, 136
-0.998519, 69, 113, 84, 176
-0.998519, 399, 121, 414, 184
-0.998526, 49, 281, 176, 342
-0.998527, 1, 217, 128, 248
-0.998533, 203, 9, 218, 72
-0.998535, 235, 81, 250, 144
-0.998536, 241, 159, 304, 174
-0.998538, 253, 155, 284, 170
-0.998545, 241, 153, 304, 168
-0.998548, 241, 127, 304, 142
-0.998551, 241, 135, 304, 150
-0.998554, 233, 177, 296, 192
-0.998559, 291, 129, 306, 192
-0.99856, 233, 121, 296, 136
-0.998561, 201, 117, 264, 132
-0.998565, 275, 169, 290, 200
-0.998567, 349, 113, 364, 176
-0.998569, 225, 9, 352, 72
-0.99857, 241, 147, 304, 162
-0.998571, 229, 1, 260, 256
-0.998573, 87, 81, 102, 144
-0.998576, 241, 141, 304, 156
-0.998581, 217, 137, 280, 152
-0.998584, 13, 121, 28, 184
-0.998586, 313, 65, 344, 192
-0.998587, 217, 151, 280, 166
-0.998587, 253, 147, 284, 162
-0.998591, 9, 63, 72, 78
-0.998592, 9, 81, 72, 96
-0.998593, 217, 171, 280, 186
-0.998594, 265, 171, 328, 186
-0.998596, 407, 121, 422, 184
-0.998596, 145, 137, 208, 200
-0.998597, 177, 33, 304, 64
-0.998601, 9, 75, 72, 90
-0.998602, 81, 21, 208, 52
-0.998604, 153, 217, 216, 280
-0.998609, 63, 209, 78, 272
-0.998609, 209, 145, 272, 160
-0.998613, 177, 113, 192, 176
-0.99862, 193, 111, 256, 126
-0.998624, 1, 91, 64, 106
-0.998627, 265, 161, 328, 176
-0.998629, 217, 157, 280, 172
-0.998631, 97, 75, 160, 90
-0.998632, 49, 201, 176, 264
-0.998633, 1, 101, 64, 116
-0.998634, 265, 135, 328, 150
-0.998634, 233, 115, 296, 130
-0.99864, 371, 9, 386, 72
-0.998644, 57, 71, 120, 86
-0.998645, 9, 229, 72, 244
-0.998646, 33, 61, 48, 92
-0.998648, 73, 217, 88, 280
-0.998649, 33, 85, 96, 100
-0.998649, 209, 165, 272, 180
-0.99865, 193, 73, 448, 136
-0.998651, 57, 77, 120, 92
-0.998655, 265, 127, 328, 142
-0.998657, 265, 153, 328, 168
-0.998659, 185, 123, 248, 138
-0.998662, 101, 217, 116, 280
-0.998662, 9, 69, 72, 84
-0.998662, 33, 71, 96, 86
-0.998663, 209, 177, 272, 192
-0.998663, 193, 129, 256, 144
-0.998664, 257, 121, 320, 136
-0.998665, 57, 87, 120, 102
-0.998665, 33, 77, 96, 92
-0.998665, 425, 121, 488, 136
-0.998665, 185, 33, 248, 48
-0.998665, 257, 177, 320, 192
-0.998665, 17, 57, 80, 72
-0.998666, 265, 147, 328, 162
-0.998666, 73, 123, 136, 138
-0.998666, 433, 91, 496, 106
-0.998666, 377, 125, 440, 140
-0.99867, 1, 109, 64, 124
-0.998672, 73, 221, 136, 236
-0.998674, 401, 125, 464, 140
-0.998676, 225, 149, 352, 180
-0.998677, 287, 165, 302, 196
-0.998677, 1, 219, 64, 234
-0.998677, 425, 327, 488, 342
-0.998677, 385, 327, 448, 342
-0.998678, 353, 125, 416, 140
-0.998678, 329, 13, 392, 28
-0.998678, 217, 31, 280, 46
-0.99868, 265, 141, 328, 156
-0.998681, 81, 85, 144, 100
-0.998682, 425, 293, 488, 308
-0.998682, 1, 125, 128, 156
-0.998682, 9, 117, 72, 132
-0.998682, 9, 319, 72, 334
-0.998683, 49, 221, 112, 236
-0.998683, 1, 251, 64, 266
-0.998683, 33, 63, 96, 78
-0.998683, 433, 85, 496, 100
-0.998684, 97, 223, 160, 238
-0.998684, 425, 319, 488, 334
-0.998684, 73, 227, 136, 242
-0.998685, 185, 27, 248, 42
-0.998686, 145, 79, 208, 94
-0.998686, 305, 323, 368, 338
-0.998686, 433, 97, 496, 112
-0.998687, 49, 161, 176, 288
-0.998687, 1, 245, 64, 260
-0.998688, 129, 125, 192, 140
-0.998688, 217, 13, 280, 28
-0.998688, 353, 13, 416, 28
-0.998688, 153, 13, 216, 28
-0.998689, 217, 25, 280, 40
-0.99869, 425, 151, 488, 166
-0.99869, 153, 85, 216, 100
-0.99869, 169, 323, 232, 338
-0.99869, 273, 325, 336, 340
-0.99869, 145, 33, 208, 48
-0.99869, 329, 125, 392, 140
-0.99869, 193, 171, 256, 186
-0.998691, 105, 125, 168, 140
-0.998691, 267, 133, 282, 164
-0.998692, 209, 321, 272, 336
-0.998692, 473, 113, 488, 176
-0.998693, 425, 109, 488, 124
-0.998694, 9, 123, 72, 138
-0.998694, 177, 13, 240, 28
-0.998694, 49, 227, 112, 242
-0.998695, 185, 91, 248, 106
-0.998695, 25, 221, 88, 236
-0.998695, 1, 239, 64, 254
-0.998696, 129, 13, 192, 28
-0.998696, 113, 325, 176, 340
-0.998696, 257, 317, 320, 332
-0.998696, 57, 65, 120, 80
-0.998696, 137, 325, 200, 340
-0.998697, 1, 211, 64, 226
-0.998697, 49, 125, 112, 140
-0.998697, 161, 91, 224, 106
-0.998697, 345, 325, 408, 340
-0.998697, 185, 105, 248, 120
-0.998697, 193, 327, 256, 342
-0.998698, 433, 283, 496, 298
-0.998698, 105, 69, 168, 84
-0.998698, 329, 113, 344, 176
-0.998698, 241, 29, 304, 44
-0.998698, 313, 317, 376, 332
-0.998699, 121, 83, 184, 98
-0.998699, 433, 79, 496, 94
-0.9987, 285, 65, 316, 320
-0.9987, 433, 115, 496, 130
-0.9987, 81, 117, 144, 132
-0.9987, 89, 13, 152, 28
-0.998701, 161, 125, 224, 140
-0.998701, 425, 71, 488, 86
-0.998701, 425, 299, 488, 314
-0.998702, 297, 83, 360, 98
-0.998702, 41, 33, 104, 48
-0.998702, 249, 327, 312, 342
-0.998703, 25, 103, 88, 118
-0.998703, 9, 325, 72, 340
-0.998703, 107, 217, 122, 280
-0.998703, 425, 145, 488, 160
-0.998704, 145, 27, 208, 42
-0.998704, 49, 101, 112, 116
-0.998704, 1, 257, 64, 272
-0.998705, 237, 119, 268, 134
-0.998705, 161, 73, 176, 136
-0.998709, 271, 121, 286, 152
-0.998719, 269, 105, 284, 168
-0.998721, 29, 97, 44, 160
-0.998721, 171, 113, 186, 176
-0.998722, 341, 113, 356, 176
-0.998727, 169, 137, 232, 200
-0.99873, 13, 49, 28, 112
-0.998732, 267, 157, 282, 188
-0.998732, 97, 73, 352, 136
-0.998736, 1, 93, 128, 124
-0.998741, 401, 9, 464, 72
-0.998746, 377, 65, 440, 128
-0.998749, 365, 9, 380, 72
-0.998752, 53, 97, 68, 160
-0.998755, 87, 217, 102, 280
-0.998755, 65, 65, 192, 96
-0.998764, 341, 1, 372, 128
-0.998777, 229, 97, 244, 160
-0.99878, 261, 113, 276, 240
-0.998794, 3, 81, 18, 144
-0.998794, 81, 217, 96, 280
-0.998797, 17, 97, 32, 160
-0.998803, 233, 121, 248, 152
-0.998803, 1, 225, 256, 288
-0.998806, 97, 113, 112, 176
-0.998807, 223, 97, 238, 160
-0.998808, 215, 9, 230, 72
-0.998814, 253, 1, 284, 256
-0.998821, 207, 113, 222, 176
-0.998826, 207, 89, 222, 152
-0.998836, 209, 209, 336, 336
-0.998838, 275, 133, 290, 164
-0.998848, 93, 217, 108, 280
-0.998851, 437, 121, 452, 184
-0.998852, 165, 113, 180, 176
-0.998857, 51, 217, 66, 280
-0.998858, 73, 85, 88, 116
-0.99886, 23, 97, 38, 160
-0.998861, 227, 101, 242, 132
-0.998865, 9, 33, 40, 288
-0.99887, 241, 1, 272, 256
-0.998887, 31, 217, 46, 280
-0.998888, 49, 221, 176, 252
-0.99889, 11, 241, 26, 304
-0.998891, 117, 113, 132, 176
-0.998892, 21, 61, 36, 92
-0.998893, 13, 229, 28, 260
-0.998898, 243, 101, 258, 132
-0.998901, 273, 257, 336, 320
-0.998906, 191, 9, 206, 72
-0.998914, 189, 113, 204, 176
-0.998915, 335, 113, 350, 176
-0.998915, 369, 101, 496, 132
-0.998918, 369, 113, 496, 144
-0.998918, 57, 217, 72, 280
-0.998919, 1, 169, 128, 232
-0.99892, 79, 89, 94, 120
-0.998921, 191, 33, 206, 64
-0.998922, 47, 97, 62, 160
-0.998926, 357, 89, 372, 152
-0.998928, 197, 17, 212, 80
-0.99893, 253, 109, 268, 140
-0.998936, 259, 9, 274, 72
-0.998936, 45, 225, 60, 288
-0.998937, 245, 169, 260, 232
-0.998939, 241, 169, 256, 200
-0.998943, 445, 121, 460, 184
-0.99895, 387, 125, 402, 156
-0.998954, 107, 113, 122, 176
-0.998954, 255, 113, 270, 240
-0.998956, 85, 89, 100, 120
-0.998959, 393, 125, 408, 156
-0.998959, 37, 225, 52, 288
-0.998963, 369, 73, 496, 104
-0.998964, 313, 137, 376, 200
-0.998965, 381, 125, 396, 156
-0.998966, 235, 97, 250, 128
-0.998975, 345, 65, 408, 128
-0.998976, 87, 113, 102, 176
-0.998976, 323, 113, 338, 176
-0.99898, 21, 217, 36, 280
-0.99898, 11, 93, 26, 124
-0.998981, 417, 121, 432, 152
-0.998985, 1, 137, 128, 168
-0.998986, 161, 165, 288, 196
-0.998989, 249, 135, 280, 150
-0.998991, 157, 113, 172, 176
-0.998992, 257, 163, 288, 178
-0.998992, 123, 113, 138, 176
-0.998997, 367, 125, 382, 156
-0.999006, 63, 121, 78, 184
-0.999007, 259, 25, 274, 56
-0.999007, 315, 113, 330, 176
-0.99901, 263, 117, 278, 148
-0.999019, 261, 97, 276, 160
-0.99902, 155, 9, 170, 72
-0.99902, 133, 1, 164, 256
-0.999023, 461, 97, 492, 342
-0.999024, 251, 133, 266, 164
-0.999024, 321, 113, 448, 144
-0.999028, 13, 69, 28, 100
-0.999031, 377, 257, 440, 320
-0.999034, 369, 113, 400, 240
-0.999035, 359, 9, 374, 72
-0.999036, 369, 305, 496, 336
-0.999039, 399, 125, 414, 156
-0.999043, 209, 9, 224, 72
-0.999045, 39, 113, 54, 176
-0.999045, 275, 105, 290, 168
-0.99905, 115, 217, 130, 280
-0.99905, 259, 149, 274, 180
-0.99905, 21, 33, 52, 288
-0.999052, 355, 121, 370, 152
-0.99906, 215, 113, 230, 176
-0.999069, 423, 125, 438, 156
-0.999069, 97, 65, 128, 320
-0.99907, 419, 97, 434, 160
-0.99907, 373, 121, 388, 152
-0.999071, 217, 97, 248, 342
-0.999072, 297, 121, 312, 184
-0.999074, 69, 57, 84, 120
-0.999077, 265, 145, 280, 176
-0.999078, 167, 121, 182, 152
-0.999079, 383, 97, 398, 160
-0.99908, 59, 49, 74, 112
-0.999081, 371, 89, 386, 152
-0.999083, 51, 121, 66, 184
-0.999084, 129, 97, 256, 128
-0.999085, 361, 121, 376, 152
-0.999086, 305, 121, 320, 184
-0.99909, 75, 125, 90, 156
-0.999093, 105, 73, 120, 104
-0.999097, 457, 1, 488, 256
-0.999097, 177, 21, 304, 52
-0.9991, 121, 97, 152, 342
-0.999101, 249, 181, 264, 212
-0.999103, 369, 145, 496, 176
-0.999107, 277, 145, 292, 176
-0.999108, 81, 125, 96, 156
-0.99911, 221, 9, 236, 72
-0.999112, 49, 89, 176, 120
-0.999113, 409, 125, 424, 156
-0.999114, 369, 289, 496, 320
-0.999122, 67, 81, 82, 112
-0.999123, 249, 113, 264, 240
-0.999125, 429, 125, 444, 156
-0.999128, 157, 33, 188, 288
-0.999129, 69, 69, 84, 100
-0.999135, 41, 65, 72, 320
-0.999143, 173, 121, 188, 152
-0.999144, 61, 125, 76, 156
-0.999146, 349, 121, 364, 152
-0.999152, 217, 49, 280, 112
-0.999153, 321, 57, 448, 120
-0.999153, 67, 121, 82, 152
-0.999158, 229, 97, 260, 342
-0.99916, 365, 1, 396, 256
-0.999161, 23, 73, 38, 104
-0.999163, 81, 161, 144, 288
-0.999169, 137, 121, 152, 152
-0.999178, 341, 125, 356, 156
-0.999178, 11, 121, 26, 152
-0.999182, 113, 73, 128, 104
-0.999182, 13, 217, 28, 248
-0.999183, 13, 105, 28, 136
-0.999186, 109, 97, 140, 342
-0.999188, 113, 9, 240, 40
-0.999188, 331, 121, 346, 152
-0.99919, 203, 121, 218, 152
-0.99919, 1, 205, 128, 236
-0.999194, 145, 97, 176, 342
-0.999194, 55, 125, 70, 156
-0.999202, 325, 121, 340, 152
-0.999202, 115, 121, 130, 152
-0.999206, 179, 125, 194, 156
-0.99921, 109, 121, 124, 152
-0.999215, 25, 217, 40, 248
-0.999217, 107, 217, 122, 248
-0.999217, 63, 221, 78, 252
-0.999218, 219, 13, 234, 44
-0.999221, 69, 97, 100, 342
-0.999222, 99, 77, 114, 108
-0.999226, 165, 65, 196, 192
-0.999226, 205, 13, 220, 44
-0.999227, 79, 77, 94, 108
-0.999228, 475, 73, 490, 104
-0.999229, 129, 193, 192, 256
-0.99923, 3, 85, 18, 116
-0.999231, 193, 9, 448, 72
-0.999232, 203, 85, 218, 116
-0.999232, 201, 65, 232, 192
-0.999233, 271, 145, 286, 176
-0.999233, 33, 217, 48, 248
-0.999234, 53, 33, 84, 288
-0.999234, 75, 113, 90, 144
-0.999235, 47, 121, 62, 152
-0.999236, 185, 125, 200, 156
-0.999239, 113, 33, 240, 64
-0.999241, 87, 121, 102, 152
-0.999241, 435, 125, 450, 156
-0.999242, 123, 125, 138, 156
-0.999242, 69, 101, 84, 132
-0.999243, 227, 117, 242, 148
-0.999245, 85, 65, 116, 320
-0.999245, 51, 217, 66, 248
-0.999251, 197, 33, 212, 64
-0.999253, 131, 121, 146, 152
-0.999253, 89, 137, 152, 200
-0.999254, 159, 125, 174, 156
-0.999255, 177, 33, 208, 288
-0.999257, 91, 89, 106, 120
-0.999259, 271, 113, 286, 240
-0.999261, 205, 65, 236, 320
-0.999265, 55, 73, 70, 104
-0.999265, 195, 121, 210, 152
-0.999267, 189, 97, 220, 342
-0.99927, 425, 113, 440, 144
-0.99927, 285, 121, 300, 152
-0.99927, 317, 33, 348, 288
-0.999271, 365, 13, 380, 44
-0.999272, 39, 217, 54, 248
-0.999273, 145, 121, 160, 152
-0.999274, 57, 221, 72, 252
-0.999274, 43, 81, 58, 112
-0.999278, 49, 101, 176, 132
-0.99928, 69, 217, 84, 248
-0.999283, 1, 57, 128, 88
-0.999283, 113, 1, 144, 256
-0.999283, 211, 125, 226, 156
-0.999284, 161, 73, 176, 104
-0.999285, 79, 101, 94, 132
-0.999288, 279, 121, 294, 152
-0.999289, 19, 217, 34, 248
-0.999289, 61, 81, 76, 112
-0.99929, 151, 125, 166, 156
-0.99929, 11, 245, 26, 276
-0.999291, 385, 113, 400, 144
-0.999297, 63, 65, 78, 96
-0.999299, 247, 157, 262, 188
-0.999299, 133, 97, 164, 342
-0.999299, 121, 137, 184, 200
-0.999303, 1, 241, 128, 272
-0.999304, 129, 77, 256, 108
-0.999304, 75, 217, 90, 248
-0.999306, 291, 121, 306, 152
-0.999327, 353, 1, 384, 256
-0.999352, 341, 33, 372, 288
-0.999354, 329, 65, 360, 320
-0.999359, 369, 277, 496, 308
-0.999367, 417, 33, 448, 288
-0.99937, 405, 33, 436, 288
-0.999371, 189, 1, 220, 256
-0.99938, 297, 65, 328, 320
-0.999392, 321, 1, 352, 128
-0.999395, 1, 89, 500, 152
-0.999398, 381, 1, 412, 256
-0.999404, 457, 1, 488, 128
-0.999406, 245, 171, 276, 186
-0.999407, 145, 1, 176, 256
-0.999408, 369, 261, 496, 292
-0.999412, 65, 1, 96, 256
-0.999413, 429, 65, 460, 320
-0.999417, 65, 17, 320, 80
-0.999417, 445, 33, 476, 288
-0.999437, 401, 137, 464, 200
-0.999454, 389, 1, 420, 128
-0.999463, 97, 33, 160, 96
-0.999473, 129, 249, 192, 312
-0.99948, 157, 13, 172, 28
-0.99948, 11, 117, 26, 132
-0.99948, 161, 75, 176, 90
-0.99948, 265, 29, 280, 44
-0.999481, 11, 243, 26, 258
-0.999481, 59, 221, 74, 236
-0.999481, 59, 103, 74, 118
-0.999481, 147, 325, 162, 340
-0.999482, 247, 123, 262, 138
-0.999482, 81, 221, 96, 236
-0.999482, 375, 125, 390, 140
-0.999482, 13, 69, 28, 84
-0.999482, 55, 73, 70, 88
-0.999482, 401, 125, 416, 140
-0.999483, 475, 91, 490, 106
-0.999484, 81, 125, 96, 140
-0.999484, 429, 125, 444, 140
-0.999484, 423, 327, 438, 342
-0.999484, 111, 221, 126, 236
-0.999485, 207, 91, 222, 106
-0.999485, 11, 109, 26, 124
-0.999485, 65, 221, 80, 236
-0.999485, 357, 125, 372, 140
-0.999486, 11, 249, 26, 264
-0.999486, 475, 75, 490, 90
-0.999486, 3, 79, 18, 94
-0.999486, 227, 31, 242, 46
-0.999487, 265, 157, 280, 172
-0.999487, 87, 91, 102, 106
-0.999487, 395, 125, 410, 140
-0.999487, 283, 175, 298, 190
-0.999487, 253, 113, 268, 128
-0.999488, 367, 125, 382, 140
-0.999489, 87, 221, 102, 236
-0.999489, 101, 221, 116, 236
-0.999489, 169, 13, 184, 28
-0.999491, 1, 41, 256, 104
-0.999491, 225, 99, 240, 114
-0.999491, 45, 33, 60, 48
-0.999491, 217, 1, 248, 256
-0.999492, 69, 69, 84, 84
-0.999492, 205, 13, 220, 28
-0.999492, 475, 327, 490, 342
-0.999492, 3, 97, 18, 112
-0.999492, 369, 193, 496, 256
-0.999492, 365, 97, 396, 342
-0.999493, 243, 179, 258, 194
-0.999494, 109, 75, 124, 90
-0.999494, 93, 221, 108, 236
-0.999494, 1, 253, 128, 284
-0.999494, 389, 125, 404, 140
-0.999495, 253, 135, 268, 150
-0.999495, 243, 65, 258, 192
-0.999495, 17, 63, 32, 78
-0.999495, 211, 13, 226, 28
-0.999497, 373, 13, 388, 28
-0.999498, 81, 91, 96, 106
-0.999499, 9, 161, 40, 288
-0.9995, 423, 125, 438, 140
-0.9995, 71, 87, 86, 102
-0.9995, 369, 13, 496, 44
-0.9995, 255, 141, 270, 156
-0.999501, 381, 125, 396, 140
-0.999501, 201, 89, 216, 104
-0.999502, 23, 75, 38, 90
-0.999502, 17, 81, 32, 96
-0.999502, 3, 91, 18, 106
-0.999503, 393, 33, 424, 288
-0.999504, 473, 85, 488, 100
-0.999505, 3, 85, 18, 100
-0.999506, 417, 123, 432, 138
-0.999507, 469, 327, 484, 342
-0.999507, 237, 169, 252, 184
-0.999507, 33, 25, 160, 56
-0.999508, 447, 327, 462, 342
-0.99951, 261, 119, 276, 134
-0.99951, 453, 327, 468, 342
-0.999511, 265, 143, 280, 158
-0.999511, 61, 209, 92, 336
-0.999512, 103, 75, 118, 90
-0.999513, 259, 29, 274, 44
-0.999514, 459, 327, 474, 342
-0.999515, 35, 63, 50, 78
-0.999516, 13, 229, 28, 244
-0.999516, 191, 39, 206, 54
-0.999517, 257, 147, 272, 162
-0.999519, 273, 145, 288, 160
-0.99952, 249, 165, 264, 180
-0.99952, 353, 97, 384, 342
-0.999521, 431, 327, 446, 342
-0.999522, 11, 101, 26, 116
-0.999523, 289, 169, 304, 184
-0.999523, 367, 13, 382, 28
-0.999524, 273, 131, 288, 146
-0.999525, 275, 153, 290, 168
-0.999525, 433, 49, 464, 176
-0.999526, 337, 41, 400, 104
-0.999526, 441, 327, 456, 342
-0.999528, 259, 155, 274, 170
-0.999528, 13, 75, 28, 90
-0.99953, 267, 175, 282, 190
-0.999532, 269, 125, 284, 140
-0.999533, 241, 109, 256, 124
-0.999533, 249, 157, 264, 172
-0.999534, 393, 113, 424, 240
-0.999534, 11, 87, 26, 102
-0.999535, 11, 93, 26, 108
-0.999536, 273, 81, 400, 112
-0.999537, 117, 49, 148, 176
-0.999538, 273, 139, 288, 154
-0.999541, 261, 171, 276, 186
-0.999543, 153, 241, 216, 304
-0.999546, 197, 35, 212, 50
-0.999552, 369, 241, 496, 272
-0.999554, 189, 33, 204, 48
-0.999554, 255, 127, 270, 142
-0.999555, 287, 163, 302, 178
-0.999555, 265, 151, 280, 166
-0.99956, 227, 109, 242, 124
-0.999561, 249, 145, 264, 160
-0.999561, 233, 121, 248, 136
-0.999563, 23, 65, 38, 80
-0.999566, 263, 135, 278, 150
-0.999567, 257, 173, 384, 204
-0.999568, 271, 159, 286, 174
-0.999568, 249, 151, 264, 166
-0.999572, 193, 169, 448, 232
-0.999574, 49, 9, 176, 40
-0.999574, 1, 309, 128, 340
-0.999579, 233, 109, 248, 124
-0.999584, 437, 113, 468, 240
-0.999585, 247, 137, 262, 152
-0.999589, 277, 173, 292, 188
-0.99959, 11, 81, 26, 96
-0.999591, 255, 179, 270, 194
-0.999593, 273, 13, 400, 44
-0.999595, 245, 129, 260, 144
-0.999595, 233, 115, 248, 130
-0.999597, 97, 109, 224, 140
-0.999597, 29, 65, 44, 80
-0.999599, 259, 163, 274, 178
-0.999604, 239, 125, 254, 140
-0.999604, 249, 179, 264, 194
-0.999605, 263, 129, 278, 144
-0.99961, 261, 177, 276, 192
-0.999611, 243, 173, 258, 188
-0.999613, 239, 115, 254, 130
-0.999614, 267, 169, 282, 184
-0.999617, 241, 281, 368, 342
-0.999619, 253, 121, 268, 136
-0.999619, 25, 59, 40, 74
-0.999628, 381, 97, 412, 342
-0.999637, 345, 209, 408, 336
-0.999642, 277, 161, 292, 176
-0.999644, 161, 9, 288, 40
-0.999664, 273, 167, 288, 182
-0.999671, 259, 161, 274, 288
-0.999677, 369, 221, 496, 252
-0.999679, 225, 81, 352, 112
-0.999681, 57, 137, 120, 200
-0.999685, 257, 65, 272, 192
-0.999685, 255, 169, 270, 184
-0.999688, 245, 117, 260, 132
-0.999699, 283, 169, 298, 184
-0.999702, 97, 225, 224, 256
-0.999712, 21, 1, 52, 128
-0.999712, 13, 49, 28, 176
-0.999721, 1, 289, 128, 320
-0.999727, 273, 157, 400, 188
-0.999729, 277, 113, 292, 240
-0.999736, 145, 49, 176, 176
-0.999749, 249, 171, 264, 186
-0.999749, 129, 137, 256, 168
-0.99977, 97, 281, 224, 342
-0.999776, 1, 145, 128, 208
-0.999794, 369, 157, 496, 188
-0.999818, 265, 161, 280, 288
-0.999821, 329, 113, 360, 240
-0.999827, 205, 113, 236, 240
-0.999839, 215, 1, 230, 128
-0.999839, 225, 13, 352, 44
-0.999848, 469, 1, 500, 256
-0.999855, 49, 133, 176, 164
-0.99986, 241, 49, 368, 112
-0.999869, 19, 49, 34, 176
-0.999877, 113, 313, 240, 342
-0.999878, 49, 249, 176, 312
-0.999882, 289, 281, 416, 342
-0.999887, 255, 1, 270, 128
-0.99989, 129, 21, 256, 52
-0.999895, 321, 9, 448, 72
-0.999895, 369, 193, 496, 224
-0.999896, 241, 313, 368, 342
-0.999899, 273, 109, 400, 140
-0.999908, 263, 65, 278, 192
-0.999914, 25, 49, 40, 176
-0.999921, 193, 313, 320, 342
-0.999922, 261, 1, 276, 128
-0.999929, 225, 101, 352, 132
-0.999933, 289, 309, 416, 340
-0.999939, 125, 1, 140, 128
-0.99994, 177, 89, 304, 120
-0.999941, 367, 1, 382, 128
-0.999951, 1, 13, 128, 44
-0.999968, 283, 129, 298, 256
-0.999969, 1, 37, 128, 68
-0.999982, 1, 273, 128, 304
-0.999987, 13, 209, 28, 336
-0.999988, 1, 113, 500, 176
-0.999989, 369, 61, 496, 92
-0.999996, 251, 65, 266, 192
-0.999997, 369, 169, 496, 200
-0.999999, 369, 181, 496, 212
-1, 161, 65, 288, 96
-1.00001, 237, 97, 252, 224
-1.00001, 209, 1, 224, 128
-1.00002, 113, 65, 240, 96
-1.00003, 117, 1, 132, 128
-1.00003, 71, 49, 86, 176
-1.00004, 321, 89, 448, 120
-1.00005, 31, 49, 46, 176
-1.00008, 275, 65, 290, 192
-1.00008, 369, 209, 496, 240
-1.00009, 1, 173, 128, 204
-1.0001, 341, 113, 372, 240
-1.0001, 473, 113, 488, 240
-1.0001, 373, 1, 388, 128
-1.00011, 197, 1, 212, 128
-1.00011, 149, 1, 164, 128
-1.00012, 221, 1, 236, 128
-1.00012, 65, 49, 80, 176
-1.00012, 273, 133, 400, 164
-1.00012, 273, 1, 288, 128
-1.00013, 289, 113, 304, 240
-1.00013, 59, 49, 74, 176
-1.00014, 37, 49, 52, 176
-1.00014, 101, 1, 116, 128
-1.00014, 155, 1, 170, 128
-1.00015, 203, 1, 218, 128
-1.00015, 65, 309, 192, 340
-1.00015, 99, 65, 114, 192
-1.00015, 369, 49, 496, 80
-1.00016, 1, 193, 128, 224
-1.00018, 385, 81, 400, 208
-1.00018, 193, 297, 320, 328
-1.00018, 49, 209, 176, 240
-1.00018, 391, 81, 406, 208
-1.00019, 321, 9, 448, 40
-1.0002, 289, 1, 304, 128
-1.0002, 197, 65, 212, 192
-1.00021, 133, 1, 148, 128
-1.00021, 231, 49, 246, 176
-1.00021, 37, 1, 52, 128
-1.00022, 321, 101, 448, 132
-1.00022, 143, 1, 158, 128
-1.00022, 13, 97, 28, 224
-1.00022, 237, 145, 268, 272
-1.00023, 361, 1, 376, 128
-1.00023, 473, 65, 488, 192
-1.00023, 267, 1, 282, 128
-1.00024, 419, 81, 434, 208
-1.00024, 161, 1, 176, 128
-1.00024, 311, 1, 326, 128
-1.00025, 177, 101, 304, 132
-1.00025, 145, 293, 272, 324
-1.00025, 45, 49, 60, 176
-1.00026, 97, 169, 352, 232
-1.00026, 449, 113, 480, 240
-1.00026, 359, 65, 374, 192
-1.00026, 97, 41, 352, 104
-1.00027, 249, 1, 264, 128
-1.00027, 309, 49, 324, 176
-1.00027, 377, 65, 392, 192
-1.00027, 355, 1, 370, 128
-1.00027, 299, 49, 314, 176
-1.00027, 233, 1, 248, 128
-1.00028, 191, 1, 206, 128
-1.00028, 49, 53, 176, 84
-1.00028, 397, 81, 412, 208
-1.00029, 473, 1, 488, 128
-1.00029, 315, 65, 330, 192
-1.00029, 273, 289, 400, 320
-1.0003, 321, 289, 448, 320
-1.0003, 283, 49, 298, 176
-1.00031, 241, 1, 256, 128
-1.00031, 365, 81, 380, 208
-1.00031, 327, 65, 342, 192
-1.00031, 289, 49, 304, 176
-1.00032, 161, 177, 288, 208
-1.00032, 279, 1, 294, 128
-1.00032, 333, 49, 348, 176
-1.00033, 371, 65, 386, 192
-1.00033, 243, 113, 258, 240
-1.00033, 425, 65, 440, 192
-1.00034, 321, 65, 336, 192
-1.00034, 51, 49, 66, 176
-1.00034, 317, 1, 332, 128
-1.00034, 93, 49, 108, 176
-1.00034, 107, 1, 122, 128
-1.00034, 241, 25, 368, 56
-1.00035, 405, 65, 420, 192
-1.00035, 269, 65, 284, 192
-1.00035, 413, 81, 428, 208
-1.00035, 227, 1, 242, 128
-1.00035, 295, 1, 310, 128
-1.00036, 345, 65, 360, 192
-1.00036, 95, 1, 110, 128
-1.00037, 77, 65, 92, 192
-1.00037, 65, 289, 192, 320
-1.00037, 105, 65, 120, 192
-1.00037, 325, 1, 340, 128
-1.00037, 241, 301, 368, 332
-1.00037, 167, 1, 182, 128
-1.00038, 339, 1, 354, 128
-1.00038, 25, 209, 56, 336
-1.00039, 257, 257, 384, 320
-1.00039, 379, 1, 394, 128
-1.00039, 185, 1, 200, 128
-1.00039, 97, 213, 224, 244
-1.00041, 169, 65, 184, 192
-1.00041, 349, 1, 364, 128
-1.00042, 237, 49, 252, 176
-1.00042, 369, 29, 496, 60
-1.00042, 353, 65, 368, 192
-1.00042, 253, 161, 268, 288
-1.00042, 115, 49, 130, 176
-1.00042, 123, 49, 138, 176
-1.00043, 203, 65, 218, 192
-1.00043, 173, 1, 188, 128
-1.00043, 53, 113, 84, 240
-1.00043, 63, 209, 78, 336
-1.00044, 191, 65, 206, 192
-1.00044, 333, 1, 348, 128
-1.00044, 379, 113, 394, 240
-1.00044, 321, 137, 448, 168
-1.00045, 459, 113, 474, 240
-1.00045, 67, 1, 82, 128
-1.00045, 177, 49, 208, 176
-1.00045, 27, 209, 42, 336
-1.00045, 231, 113, 246, 240
-1.00045, 129, 65, 160, 192
-1.00045, 417, 113, 448, 240
-1.00045, 1, 161, 128, 192
-1.00046, 209, 69, 336, 100
-1.00046, 13, 161, 28, 288
-1.00047, 7, 65, 22, 192
-1.00047, 351, 113, 366, 240
-1.00047, 305, 1, 320, 128
-1.00047, 401, 1, 416, 128
-1.00047, 69, 209, 84, 336
-1.00048, 453, 113, 468, 240
-1.00048, 171, 113, 186, 240
-1.00048, 87, 49, 102, 176
-1.00048, 339, 49, 354, 176
-1.00049, 289, 253, 416, 284
-1.00049, 195, 113, 210, 240
-1.00049, 305, 277, 432, 308
-1.00049, 393, 1, 408, 128
-1.00049, 185, 65, 200, 192
-1.00049, 339, 113, 354, 240
-1.00049, 209, 81, 224, 208
-1.0005, 431, 97, 446, 224
-1.00051, 145, 113, 176, 240
-1.00051, 129, 153, 256, 184
-1.00052, 1, 149, 128, 180
-1.00055, 273, 93, 400, 124
-1.00055, 165, 113, 196, 240
-1.00057, 209, 285, 336, 316
-1.00061, 97, 45, 224, 76
-1.00061, 257, 69, 384, 100
-1.00061, 305, 25, 432, 56
-1.00063, 321, 73, 448, 104
-1.00063, 81, 137, 208, 200
-1.00064, 225, 281, 480, 342
-1.00065, 257, 37, 384, 68
-1.00066, 177, 113, 208, 240
-1.00069, 289, 265, 416, 296
-1.00069, 321, 61, 448, 92
-1.0007, 145, 281, 272, 312
-1.0007, 257, 277, 384, 308
-1.0007, 305, 37, 432, 68
-1.00071, 209, 253, 336, 284
-1.00071, 97, 281, 352, 342
-1.00072, 145, 221, 272, 252
-1.00074, 369, 1, 496, 32
-1.00077, 1, 201, 256, 264
-1.00082, 69, 113, 100, 240
-1.00087, 97, 209, 352, 272
-1.00089, 257, 49, 500, 112
-1.00089, 321, 33, 448, 96
-1.00093, 321, 257, 448, 320
-1.00098, 113, 241, 240, 304
-1.00098, 129, 113, 160, 240
-1.001, 377, 1, 408, 128
-1.00102, 1, 57, 500, 120
-1.00102, 53, 1, 84, 128
-1.00104, 297, 209, 360, 336
-1.00107, 41, 193, 72, 320
-1.00107, 1, 9, 500, 72
-1.0011, 1, 1, 128, 64
-1.0011, 233, 209, 296, 336
-1.00113, 313, 113, 344, 240
-1.00116, 33, 249, 288, 312
-1.00118, 193, 113, 224, 240
-1.00119, 257, 209, 320, 336
-1.0012, 145, 217, 272, 280
-1.0012, 297, 113, 328, 240
-1.00123, 1, 217, 500, 280
-1.00124, 1, 33, 500, 96
-1.00125, 405, 113, 436, 240
-1.00127, 85, 113, 116, 240
-1.00129, 1, 281, 256, 342
-1.0013, 185, 161, 248, 288
-1.00144, 321, 137, 448, 200
-1.00149, 85, 209, 116, 336
-1.00165, 225, 257, 480, 320
-1.0017, 73, 193, 104, 320
-1.00173, 129, 241, 384, 304
-1.00174, 97, 113, 128, 240
-1.00179, 401, 1, 432, 128
-1.00183, 401, 209, 464, 336
-1.00185, 101, 209, 132, 336
-1.00186, 97, 193, 224, 256
-1.0019, 449, 49, 480, 176
-1.0019, 193, 209, 448, 272
-1.00194, 9, 1, 40, 128
-1.00197, 417, 1, 448, 128
-1.00206, 21, 97, 52, 224
-1.00206, 321, 209, 384, 336
-1.0021, 1, 145, 256, 208
-1.0021, 41, 113, 72, 240
-1.00215, 161, 241, 288, 304
-1.00233, 209, 217, 336, 280
-1.00241, 113, 113, 144, 240
-1.00244, 437, 1, 468, 128
-1.00245, 461, 161, 492, 288
-1.00248, 145, 193, 272, 256
-1.00252, 1, 137, 500, 200
-1.00252, 273, 145, 400, 208
-1.00258, 257, 233, 500, 296
-1.00271, 97, 161, 224, 288
-1.00289, 149, 193, 180, 320
-1.00296, 1, 281, 500, 342
-1.00304, 369, 209, 432, 336
-1.00317, 409, 161, 472, 288
-1.00319, 113, 193, 144, 320
-1.00334, 1, 177, 256, 240
-1.00335, 209, 241, 336, 304
-1.00337, 1, 169, 500, 232
-1.00338, 209, 193, 336, 256
-1.00345, 1, 249, 500, 312
-1.0035, 1, 193, 500, 256
-1.00355, 129, 145, 256, 208
-1.00371, 49, 177, 176, 240
-1.00377, 53, 161, 84, 288
-1.00379, 321, 233, 448, 296
-1.00379, 337, 161, 400, 288
-1.00394, 461, 209, 492, 336
-1.00395, 161, 209, 192, 336
-1.00399, 305, 161, 368, 288
-1.00405, 273, 233, 400, 296
-1.00414, 257, 201, 384, 264
-1.00428, 353, 129, 384, 256
-1.00457, 173, 209, 204, 336
-1.00467, 381, 129, 412, 256
-1.00471, 25, 161, 56, 288
-1.00493, 125, 209, 156, 336
-1.00496, 305, 209, 432, 272
-1.00505, 305, 185, 432, 248
-1.00521, 137, 193, 168, 320
-1.00526, 97, 169, 224, 232
-1.0057, 469, 1, 500, 128
-1.0062, 221, 209, 252, 336
-1.00656, 205, 209, 236, 336
-1.00657, 93, 161, 124, 288
-1.00668, 125, 161, 156, 288
-1.00668, 321, 161, 448, 288
-1.00687, 249, 209, 280, 336
-1.00691, 321, 161, 448, 224
-1.00704, 161, 161, 192, 288
-1.00716, 185, 209, 216, 336
-1.00719, 293, 209, 324, 336
-1.00723, 329, 209, 360, 336
-1.0074, 261, 209, 292, 336
-1.00743, 281, 209, 312, 336
