1950
-0.245472, 1, 1, 500, 375
-0.307698, 1, 1, 500, 256
-0.501709, 1, 97, 500, 352
-0.540288, 33, 1, 288, 375
-0.561578, 193, 1, 448, 375
-0.598816, 65, 1, 320, 256
-0.660514, 193, 65, 448, 320
-0.667769, 33, 129, 288, 375
-0.867683, 129, 1, 256, 256
-0.869396, 1, 33, 500, 160
-0.869582, 97, 1, 224, 375
-0.877292, 209, 1, 336, 375
-0.88248, 193, 33, 320, 288
-0.883444, 1, 81, 500, 208
-0.88393, 49, 1, 176, 375
-0.892871, 113, 129, 240, 375
-0.894159, 177, 129, 304, 375
-0.89609, 65, 1, 192, 256
-0.899337, 305, 1, 432, 256
-0.900437, 49, 97, 176, 352
-0.90055, 1, 193, 500, 320
-0.910001, 1, 129, 500, 256
-0.910787, 145, 1, 272, 375
-0.917612, 369, 1, 496, 256
-0.917672, 1, 241, 500, 368
-0.918662, 305, 1, 432, 375
-0.919464, 257, 1, 384, 256
-0.919601, 1, 65, 128, 320
-0.922269, 1, 1, 128, 375
-0.924215, 369, 129, 496, 375
-0.925322, 97, 33, 352, 160
-0.92733, 257, 129, 384, 375
-0.928916, 353, 1, 480, 375
-0.928987, 305, 97, 432, 352
-0.933369, 193, 129, 448, 256
-0.935322, 33, 129, 288, 256
-0.935995, 1, 65, 256, 192
-0.936072, 193, 81, 448, 208
-0.937461, 257, 1, 384, 375
-0.937949, 33, 177, 288, 304
-0.938178, 97, 81, 352, 208
-0.940059, 193, 1, 448, 128
-0.942447, 193, 225, 448, 352
-0.942511, 113, 193, 240, 320
-0.94759, 97, 241, 352, 368
-0.950546, 145, 1, 272, 128
-0.951659, 129, 177, 384, 304
-0.952306, 129, 145, 256, 272
-0.954767, 209, 65, 336, 192
-0.956231, 225, 65, 288, 192
-0.956246, 145, 177, 208, 304
-0.956407, 193, 145, 320, 272
-0.956594, 193, 241, 320, 368
-0.957795, 1, 1, 256, 128
-0.958682, 49, 129, 176, 256
-0.958883, 33, 65, 160, 192
-0.958943, 177, 193, 304, 320
-0.959172, 145, 1, 208, 128
-0.95949, 241, 241, 368, 368
-0.960259, 225, 177, 480, 304
-0.961416, 177, 193, 240, 320
-0.961764, 249, 49, 312, 176
-0.963421, 113, 49, 240, 176
-0.963764, 289, 65, 416, 192
-0.964027, 353, 33, 416, 160
-0.964196, 113, 97, 240, 224
-0.96502, 97, 113, 160, 240
-0.965102, 49, 49, 112, 176
-0.96572, 233, 225, 296, 352
-0.965856, 273, 241, 336, 368
-0.966129, 153, 1, 216, 64
-0.966545, 97, 1, 224, 128
-0.966682, 217, 17, 280, 144
-0.966721, 289, 17, 416, 144
-0.967285, 345, 209, 408, 336
-0.967767, 201, 177, 264, 304
-0.967801, 185, 17, 248, 144
-0.967877, 289, 209, 416, 336
-0.968301, 185, 241, 248, 368
-0.968479, 225, 73, 288, 136
-0.968898, 1, 225, 256, 352
-0.968952, 89, 81, 152, 144
-0.969021, 97, 241, 224, 368
-0.969163, 225, 17, 352, 144
-0.969771, 249, 57, 312, 120
-0.96993, 89, 105, 152, 168
-0.969938, 105, 177, 168, 304
-0.970002, 305, 113, 432, 240
-0.970098, 145, 129, 208, 256
-0.970101, 121, 17, 184, 144
-0.970676, 177, 145, 240, 272
-0.971089, 153, 193, 216, 256
-0.971268, 353, 41, 416, 104
-0.971792, 65, 177, 192, 304
-0.97184, 337, 193, 464, 320
-0.972109, 369, 145, 496, 272
-0.972134, 89, 65, 152, 192
-0.972304, 105, 225, 168, 352
-0.972684, 217, 113, 280, 240
-0.973089, 369, 17, 496, 144
-0.97312, 41, 65, 104, 128
-0.973197, 297, 73, 360, 136
-0.973323, 345, 217, 408, 280
-0.973808, 97, 137, 160, 200
-0.974164, 257, 105, 320, 168
-0.974165, 385, 193, 448, 320
-0.974321, 209, 241, 272, 368
-0.974497, 217, 289, 280, 352
-0.974523, 377, 33, 440, 160
-0.974601, 41, 97, 104, 224
-0.974919, 297, 65, 360, 192
-0.975154, 1, 49, 64, 176
-0.975167, 377, 241, 440, 368
-0.975238, 273, 289, 336, 352
-0.975341, 353, 241, 480, 368
-0.975585, 313, 225, 376, 352
-0.976003, 25, 49, 88, 176
-0.976207, 353, 161, 416, 288
-0.976274, 241, 129, 368, 256
-0.97666, 273, 97, 336, 224
-0.976918, 209, 65, 336, 128
-0.977253, 65, 161, 128, 288
-0.977285, 329, 33, 392, 160
-0.977295, 49, 17, 176, 144
-0.977407, 177, 97, 240, 224
-0.977543, 393, 145, 456, 272
-0.977612, 217, 97, 280, 160
-0.977671, 129, 169, 256, 232
-0.977696, 49, 113, 112, 176
-0.977753, 273, 49, 336, 176
-0.977759, 177, 209, 240, 272
-0.977873, 121, 97, 184, 160
-0.977944, 161, 65, 288, 192
-0.977976, 209, 313, 272, 375
-0.977979, 145, 9, 272, 72
-0.977989, 137, 169, 200, 232
-0.978025, 57, 89, 120, 152
-0.978307, 129, 145, 256, 208
-0.978493, 97, 97, 160, 352
-0.978583, 289, 193, 352, 320
-0.978696, 81, 225, 144, 352
-0.978703, 129, 17, 192, 80
-0.978787, 129, 201, 256, 264
-0.978962, 33, 225, 160, 352
-0.979084, 89, 1, 152, 256
-0.979194, 329, 1, 392, 64
-0.979208, 73, 57, 136, 120
-0.979211, 121, 81, 184, 208
-0.979304, 161, 1, 192, 128
-0.979327, 57, 209, 120, 336
-0.97936, 201, 33, 264, 96
-0.979434, 33, 65, 160, 128
-0.979547, 353, 97, 416, 224
-0.979564, 217, 1, 280, 256
-0.97962, 177, 1, 240, 256
-0.979667, 361, 65, 424, 128
-0.979695, 89, 17, 152, 144
-0.979845, 161, 169, 224, 232
-0.979915, 393, 81, 456, 208
-0.980038, 233, 249, 296, 312
-0.980044, 305, 17, 368, 144
-0.980048, 97, 233, 160, 296
-0.980191, 137, 225, 200, 352
-0.980394, 265, 81, 328, 144
-0.980432, 289, 81, 416, 144
-0.980457, 137, 1, 200, 256
-0.980512, 225, 49, 288, 112
-0.98054, 241, 1, 304, 128
-0.980572, 121, 49, 184, 112
-0.980577, 193, 129, 256, 375
-0.980591, 65, 97, 128, 224
-0.980636, 369, 97, 496, 224
-0.980666, 265, 313, 328, 375
-0.980738, 161, 241, 224, 368
-0.980746, 161, 1, 192, 64
-0.980807, 145, 241, 272, 368
-0.980828, 289, 97, 352, 160
-0.980988, 337, 297, 400, 360
-0.981139, 241, 193, 368, 320
-0.981154, 345, 273, 408, 336
-0.981277, 329, 49, 392, 112
-0.98133, 1, 177, 128, 304
-0.981384, 217, 129, 280, 375
-0.981391, 361, 17, 424, 80
-0.981498, 1, 129, 128, 256
-0.981524, 121, 129, 184, 256
-0.981527, 1, 97, 64, 224
-0.98156, 185, 233, 248, 296
-0.981565, 185, 177, 248, 240
-0.98157, 345, 1, 408, 256
-0.981847, 193, 57, 256, 120
-0.981882, 205, 177, 236, 304
-0.981903, 201, 201, 264, 264
-0.98191, 385, 193, 448, 256
-0.982111, 73, 305, 136, 368
-0.982128, 65, 65, 128, 320
-0.982181, 265, 1, 328, 128
-0.982244, 193, 177, 224, 240
-0.982263, 113, 1, 176, 256
-0.982331, 257, 281, 384, 344
-0.982399, 381, 33, 412, 96
-0.982432, 241, 65, 304, 320
-0.982433, 153, 129, 216, 375
-0.982451, 73, 281, 136, 344
-0.982487, 185, 177, 216, 304
-0.98249, 129, 73, 192, 136
-0.982581, 113, 177, 176, 240
-0.982651, 233, 313, 296, 375
-0.982714, 377, 41, 440, 104
-0.982767, 113, 305, 176, 368
-0.982828, 185, 297, 248, 360
-0.982835, 9, 81, 72, 144
-0.982835, 377, 305, 440, 368
-0.982845, 177, 297, 304, 360
-0.982864, 241, 225, 304, 288
-0.982888, 289, 41, 416, 104
-0.982896, 225, 1, 256, 128
-0.982974, 41, 33, 104, 288
-0.982975, 169, 177, 200, 304
-0.98303, 117, 97, 148, 160
-0.983132, 377, 281, 440, 344
-0.983284, 209, 161, 272, 224
-0.98334, 25, 105, 88, 168
-0.983343, 9, 1, 72, 128
-0.983374, 257, 65, 288, 128
-0.983386, 209, 97, 336, 160
-0.983388, 49, 121, 176, 184
-0.983499, 137, 225, 200, 288
-0.98356, 145, 81, 208, 208
-0.983784, 201, 65, 264, 192
-0.9838, 209, 121, 336, 184
-0.983854, 273, 57, 336, 120
-0.983866, 129, 201, 192, 264
-0.98395, 249, 113, 312, 240
-0.983969, 233, 177, 296, 304
-0.983972, 337, 241, 400, 304
-0.984, 25, 241, 88, 368
-0.984032, 233, 65, 264, 192
-0.984061, 241, 281, 304, 344
-0.984078, 257, 49, 288, 176
-0.984086, 97, 57, 160, 120
-0.9841, 273, 265, 336, 328
-0.984122, 345, 225, 376, 288
-0.984129, 145, 185, 176, 248
-0.98416, 33, 97, 160, 160
-0.984233, 89, 161, 152, 224
-0.984255, 313, 289, 376, 352
-0.984271, 257, 193, 320, 320
-0.984289, 377, 1, 408, 128
-0.984295, 257, 305, 384, 368
-0.984347, 393, 161, 456, 224
-0.984385, 385, 217, 448, 280
-0.984471, 145, 177, 176, 304
-0.984524, 97, 57, 224, 120
-0.984618, 145, 25, 176, 88
-0.984687, 269, 313, 300, 375
-0.984698, 385, 113, 416, 240
-0.984734, 289, 161, 416, 288
-0.984774, 393, 105, 456, 168
-0.984824, 129, 105, 256, 168
-0.984846, 329, 81, 392, 208
-0.984903, 81, 185, 208, 248
-0.984943, 313, 145, 376, 272
-0.984948, 65, 209, 128, 272
-0.984974, 369, 25, 496, 88
-0.985104, 177, 33, 304, 96
-0.985264, 161, 233, 224, 296
-0.985307, 257, 257, 384, 320
-0.985326, 177, 249, 304, 312
-0.985368, 185, 257, 248, 320
-0.98539, 385, 57, 416, 120
-0.985394, 281, 241, 312, 368
-0.985414, 129, 33, 256, 96
-0.985435, 353, 193, 416, 256
-0.985438, 97, 257, 160, 320
-0.985501, 385, 129, 448, 375
-0.985519, 121, 129, 184, 375
-0.985523, 177, 97, 240, 160
-0.985556, 149, 1, 180, 128
-0.985561, 209, 1, 272, 64
-0.98557, 237, 73, 268, 136
-0.985607, 153, 25, 216, 88
-0.985607, 361, 121, 424, 184
-0.985618, 281, 273, 312, 336
-0.985639, 353, 129, 416, 375
-0.985703, 373, 1, 404, 64
-0.985711, 145, 145, 208, 208
-0.98573, 1, 1, 128, 128
-0.985749, 105, 201, 168, 264
-0.985757, 49, 161, 176, 224
-0.985803, 225, 1, 288, 375
-0.985806, 113, 65, 144, 128
-0.985867, 129, 97, 160, 160
-0.98587, 233, 17, 296, 80
-0.98589, 393, 137, 456, 200
-0.985904, 1, 105, 64, 168
-0.986003, 177, 25, 240, 88
-0.986027, 57, 1, 120, 128
-0.986029, 45, 73, 76, 136
-0.986038, 245, 65, 276, 192
-0.986071, 57, 145, 120, 208
-0.986109, 145, 297, 208, 360
-0.986118, 269, 97, 300, 160
-0.986177, 225, 81, 256, 144
-0.986179, 205, 209, 236, 272
-0.986229, 41, 1, 104, 375
-0.986238, 289, 97, 320, 160
-0.986263, 1, 241, 64, 368
-0.986314, 165, 193, 196, 256
-0.986349, 185, 201, 216, 264
-0.986381, 217, 41, 248, 104
-0.986385, 273, 49, 304, 176
-0.986392, 57, 249, 120, 312
-0.986417, 289, 1, 416, 64
-0.986423, 265, 33, 328, 288
-0.986458, 85, 105, 116, 168
-0.986487, 269, 57, 300, 120
-0.986489, 137, 33, 168, 160
-0.98653, 185, 1, 248, 64
-0.986568, 337, 81, 400, 144
-0.986589, 201, 25, 232, 88
-0.986592, 361, 97, 424, 160
-0.986606, 385, 129, 416, 192
-0.986607, 33, 273, 96, 336
-0.986624, 209, 249, 272, 312
-0.986648, 193, 185, 320, 248
-0.986673, 281, 73, 312, 136
-0.986698, 57, 65, 88, 128
-0.986699, 193, 273, 320, 336
-0.986713, 105, 1, 168, 64
-0.986724, 101, 73, 132, 136
-0.986725, 113, 1, 176, 375
-0.986759, 393, 81, 456, 144
-0.986788, 261, 209, 292, 336
-0.986819, 265, 33, 328, 96
-0.986859, 145, 209, 176, 272
-0.98689, 293, 65, 324, 128
-0.986904, 217, 121, 280, 184
-0.98697, 9, 193, 72, 320
-0.986995, 305, 233, 432, 296
-0.987041, 65, 1, 128, 375
-0.987073, 9, 273, 72, 336
-0.987136, 401, 17, 464, 144
-0.987179, 369, 161, 432, 224
-0.987221, 213, 185, 244, 248
-0.987307, 281, 241, 344, 304
-0.987416, 89, 65, 120, 128
-0.987471, 129, 81, 256, 144
-0.987523, 137, 161, 168, 224
-0.987529, 65, 185, 128, 248
-0.987531, 173, 1, 204, 64
-0.987533, 369, 241, 496, 304
-0.987536, 265, 225, 296, 288
-0.987628, 193, 145, 320, 208
-0.987658, 17, 33, 80, 288
-0.987658, 341, 209, 372, 336
-0.987713, 313, 313, 376, 375
-0.987714, 109, 313, 140, 375
-0.987774, 217, 161, 248, 288
-0.987856, 33, 193, 96, 320
-0.987867, 313, 241, 376, 304
-0.987932, 149, 161, 180, 224
-0.987935, 49, 41, 112, 104
-0.987955, 217, 297, 248, 360
-0.987961, 361, 217, 392, 280
-0.987963, 433, 225, 496, 352
-0.987972, 133, 33, 164, 96
-0.987978, 209, 97, 240, 160
-0.988032, 349, 289, 380, 352
-0.988043, 229, 1, 260, 64
-0.98808, 393, 193, 424, 256
-0.988086, 369, 1, 432, 256
-0.988092, 281, 145, 344, 272
-0.988129, 313, 73, 344, 136
-0.988132, 157, 177, 188, 304
-0.988143, 97, 9, 224, 72
-0.988148, 357, 41, 388, 104
-0.98815, 217, 161, 248, 224
-0.988152, 117, 65, 148, 192
-0.988181, 121, 137, 184, 200
-0.988215, 401, 49, 432, 112
-0.988243, 381, 313, 412, 375
-0.988258, 97, 289, 224, 352
-0.988276, 69, 81, 100, 144
-0.98828, 405, 177, 436, 240
-0.988304, 77, 57, 108, 120
-0.98834, 241, 49, 272, 112
-0.988383, 337, 273, 464, 336
-0.988384, 113, 281, 176, 344
-0.988402, 337, 57, 464, 120
-0.988435, 81, 97, 208, 160
-0.988449, 361, 1, 392, 64
-0.988454, 213, 17, 244, 144
-0.988539, 273, 33, 304, 96
-0.988562, 125, 57, 156, 120
-0.988571, 41, 97, 72, 160
-0.988588, 385, 65, 416, 192
-0.988615, 217, 1, 248, 64
-0.988638, 313, 25, 376, 88
-0.988638, 417, 161, 480, 288
-0.98865, 393, 17, 456, 80
-0.988674, 241, 1, 272, 128
-0.988728, 361, 289, 392, 352
-0.988737, 385, 105, 416, 168
-0.988765, 81, 241, 208, 304
-0.988853, 61, 41, 92, 104
-0.988866, 101, 233, 132, 296
-0.988882, 337, 297, 368, 360
-0.988897, 229, 105, 260, 168
-0.988903, 173, 1, 204, 128
-0.988913, 305, 129, 432, 192
-0.988914, 105, 113, 136, 176
-0.988994, 101, 49, 132, 112
-0.989007, 389, 233, 420, 296
-0.989016, 213, 249, 244, 312
-0.98902, 361, 265, 392, 328
-0.989023, 129, 313, 256, 375
-0.989036, 41, 305, 104, 368
-0.989054, 273, 129, 336, 375
-0.989075, 157, 25, 188, 88
-0.989085, 169, 1, 232, 375
-0.989106, 257, 89, 288, 152
-0.989151, 97, 281, 128, 344
-0.989164, 321, 313, 352, 375
-0.989183, 189, 249, 220, 312
-0.989186, 289, 249, 320, 312
-0.989224, 385, 241, 448, 304
-0.989224, 137, 257, 200, 320
-0.989237, 401, 25, 432, 88
-0.989254, 301, 97, 332, 160
-0.989343, 193, 225, 224, 288
-0.989344, 321, 1, 384, 256
-0.989359, 129, 313, 160, 375
-0.989373, 405, 105, 436, 168
-0.989384, 81, 33, 144, 96
-0.989437, 329, 81, 360, 144
-0.989453, 169, 169, 200, 232
-0.989502, 213, 241, 244, 368
-0.98952, 369, 49, 400, 112
-0.989521, 185, 153, 248, 216
-0.989532, 229, 33, 260, 96
-0.989533, 29, 89, 60, 152
-0.989538, 169, 49, 232, 112
-0.989544, 153, 17, 216, 48
-0.989544, 401, 241, 464, 368
-0.989561, 221, 113, 252, 240
-0.989599, 137, 73, 168, 136
-0.989607, 393, 1, 456, 256
-0.989638, 61, 49, 92, 176
-0.989646, 137, 1, 200, 375
-0.989741, 161, 49, 192, 112
-0.989744, 305, 201, 368, 264
-0.989751, 401, 305, 464, 368
-0.98976, 393, 193, 424, 320
-0.989768, 353, 1, 416, 375
-0.989779, 73, 113, 104, 176
-0.989821, 137, 137, 168, 200
-0.989828, 213, 65, 244, 128
-0.989867, 297, 65, 328, 192
-0.989883, 25, 145, 88, 272
-0.989898, 41, 225, 104, 288
-0.989905, 241, 233, 368, 296
-0.989914, 101, 137, 132, 200
-0.989926, 133, 185, 164, 248
-0.989951, 33, 201, 96, 264
-0.989975, 85, 249, 116, 312
-0.989993, 81, 33, 208, 96
-0.990006, 337, 209, 464, 272
-0.990022, 197, 153, 228, 216
-0.990027, 97, 305, 128, 368
-0.990029, 385, 153, 416, 216
-0.99003, 189, 25, 220, 88
-0.990061, 405, 153, 436, 216
-0.99007, 345, 33, 376, 96
-0.99007, 385, 81, 416, 144
-0.990079, 281, 217, 344, 280
-0.990084, 181, 177, 212, 240
-0.990087, 369, 25, 400, 88
-0.9901, 53, 105, 84, 168
-0.990116, 313, 129, 376, 375
-0.990116, 377, 177, 408, 240
-0.990121, 33, 305, 160, 368
-0.990135, 85, 145, 116, 208
-0.990186, 141, 1, 172, 64
-0.990188, 361, 241, 424, 304
-0.990202, 249, 1, 312, 375
-0.990247, 241, 313, 272, 375
-0.990267, 125, 121, 156, 184
-0.99027, 177, 297, 208, 360
-0.990282, 101, 209, 132, 272
-0.990301, 185, 121, 248, 184
-0.990321, 373, 201, 404, 264
-0.990324, 85, 217, 116, 280
-0.990326, 393, 1, 456, 375
-0.990328, 389, 289, 420, 352
-0.990334, 305, 297, 432, 360
-0.990343, 1, 105, 32, 168
-0.990358, 81, 209, 208, 272
-0.990375, 85, 33, 116, 96
-0.990376, 201, 49, 232, 112
-0.990391, 361, 313, 392, 375
-0.990427, 61, 281, 92, 344
-0.990434, 257, 41, 288, 104
-0.990475, 405, 129, 436, 192
-0.990505, 149, 297, 180, 360
-0.990508, 149, 49, 180, 112
-0.990545, 345, 169, 408, 232
-0.990568, 345, 57, 376, 120
-0.99058, 85, 177, 116, 240
-0.990583, 57, 69, 120, 100
-0.990601, 281, 297, 312, 360
-0.990626, 89, 1, 152, 375
-0.990628, 373, 265, 404, 328
-0.990629, 289, 105, 416, 168
-0.990638, 261, 249, 292, 312
-0.990649, 205, 305, 236, 368
-0.99066, 25, 129, 88, 375
-0.990661, 129, 225, 256, 288
-0.990707, 129, 113, 160, 240
-0.990876, 305, 1, 368, 64
-0.990888, 401, 49, 464, 112
-0.990905, 161, 57, 288, 120
-0.990945, 33, 1, 96, 128
-0.990946, 241, 41, 368, 104
-0.99099, 33, 249, 96, 312
-0.990991, 1, 81, 500, 144
-0.991069, 201, 225, 232, 352
-0.991073, 369, 97, 496, 160
-0.991081, 169, 73, 232, 136
-0.991154, 45, 65, 76, 192
-0.991179, 89, 97, 152, 128
-0.991191, 345, 229, 408, 260
-0.991195, 353, 45, 416, 76
-0.991225, 365, 1, 396, 128
-0.991229, 149, 129, 180, 256
-0.991265, 17, 305, 80, 368
-0.991277, 1, 57, 64, 120
-0.991333, 33, 177, 96, 240
-0.991347, 257, 61, 320, 92
-0.991393, 433, 313, 496, 375
-0.991395, 1, 129, 64, 192
-0.991442, 177, 225, 304, 288
-0.991458, 217, 97, 280, 128
-0.991489, 1, 41, 500, 104
-0.991532, 1, 121, 128, 184
-0.991608, 217, 345, 280, 375
-0.991614, 33, 9, 160, 72
-0.991614, 17, 225, 144, 288
-0.991725, 369, 185, 496, 248
-0.991763, 105, 209, 136, 336
-0.991765, 97, 97, 352, 160
-0.991781, 433, 1, 496, 128
-0.991807, 57, 109, 120, 140
-0.991867, 33, 41, 160, 104
-0.991867, 33, 185, 160, 248
-0.991903, 305, 153, 432, 216
-0.991911, 405, 145, 436, 272
-0.991946, 305, 185, 432, 248
-0.991953, 361, 209, 392, 336
-0.99196, 385, 241, 416, 368
-0.992087, 201, 1, 264, 375
-0.99211, 17, 273, 144, 336
-0.992175, 369, 313, 496, 375
-0.99218, 161, 197, 224, 228
-0.992186, 353, 1, 480, 64
-0.992199, 201, 33, 232, 160
-0.992305, 25, 105, 88, 136
-0.992338, 389, 17, 420, 144
-0.992373, 97, 57, 352, 120
-0.992401, 97, 145, 160, 176
-0.992415, 85, 81, 116, 208
-0.992416, 433, 113, 496, 240
-0.992444, 281, 1, 344, 375
-0.992466, 189, 129, 220, 256
-0.992468, 97, 265, 224, 328
-0.992488, 361, 61, 424, 92
-0.992492, 305, 85, 368, 116
-0.992558, 169, 185, 232, 216
-0.992585, 161, 1, 224, 32
-0.992607, 233, 73, 296, 104
-0.992621, 265, 325, 328, 356
-0.992627, 49, 97, 112, 128
-0.992641, 1, 93, 64, 124
-0.992647, 81, 69, 144, 100
-0.992658, 369, 161, 496, 224
-0.99266, 337, 241, 400, 272
-0.992777, 225, 309, 288, 340
-0.99279, 33, 73, 96, 104
-0.992799, 193, 81, 448, 144
-0.992835, 353, 33, 416, 64
-0.992848, 369, 121, 496, 184
-0.992906, 1, 145, 128, 208
-0.992908, 297, 1, 360, 256
-0.992938, 81, 85, 144, 116
-0.992955, 81, 109, 144, 140
-0.992982, 305, 1, 368, 375
-0.992985, 345, 217, 408, 248
-0.992988, 1, 161, 256, 224
-0.992988, 257, 341, 320, 372
-0.992992, 201, 53, 264, 84
-0.992996, 33, 249, 160, 312
-0.993013, 197, 185, 228, 216
-0.993021, 289, 97, 352, 128
-0.99304, 125, 1, 156, 128
-0.993066, 273, 293, 336, 324
-0.993067, 137, 197, 200, 228
-0.993116, 165, 5, 196, 36
-0.993145, 113, 65, 176, 96
-0.993162, 17, 1, 80, 375
-0.993262, 157, 21, 188, 52
-0.993278, 45, 73, 76, 104
-0.993288, 221, 101, 252, 132
-0.993294, 137, 177, 200, 208
-0.993299, 233, 277, 296, 308
-0.993334, 273, 321, 304, 352
-0.993342, 225, 241, 256, 368
-0.993348, 241, 241, 272, 368
-0.99335, 145, 193, 176, 224
-0.993368, 221, 65, 252, 192
-0.993382, 241, 17, 368, 80
-0.993386, 93, 225, 124, 352
-0.993394, 121, 341, 184, 372
-0.993394, 381, 45, 412, 76
-0.993399, 145, 29, 208, 60
-0.993405, 393, 197, 456, 228
-0.993413, 329, 241, 360, 368
-0.993416, 225, 329, 288, 360
-0.993428, 129, 1, 384, 64
-0.993453, 57, 69, 88, 100
-0.993463, 105, 65, 136, 192
-0.993467, 113, 65, 144, 96
-0.99349, 117, 101, 148, 132
-0.993493, 81, 57, 144, 88
-0.993513, 129, 89, 192, 120
-0.99352, 209, 81, 240, 208
-0.993532, 193, 41, 256, 72
-0.99356, 265, 337, 296, 368
-0.993563, 385, 65, 416, 96
-0.993572, 69, 65, 100, 96
-0.993585, 257, 1, 288, 128
-0.993587, 225, 109, 288, 140
-0.993623, 133, 161, 164, 288
-0.993637, 289, 209, 416, 272
-0.993641, 89, 113, 120, 144
-0.993643, 237, 77, 268, 108
-0.993644, 197, 201, 228, 232
-0.993692, 377, 33, 408, 64
-0.993696, 225, 85, 288, 116
-0.9937, 41, 105, 72, 136
-0.993708, 185, 1, 216, 128
-0.993728, 153, 209, 216, 240
-0.993733, 1, 105, 500, 168
-0.99374, 401, 177, 464, 208
-0.993776, 345, 233, 376, 264
-0.993781, 89, 133, 152, 164
-0.993805, 57, 121, 120, 152
-0.993816, 129, 105, 192, 136
-0.99382, 261, 65, 292, 96
-0.993832, 161, 137, 416, 200
-0.993839, 33, 201, 288, 264
-0.993856, 237, 65, 268, 96
-0.993867, 193, 1, 320, 64
-0.993877, 197, 213, 228, 244
-0.993882, 109, 77, 140, 108
-0.993889, 233, 297, 296, 328
-0.993901, 225, 57, 480, 120
-0.993902, 145, 273, 272, 336
-0.993908, 145, 181, 176, 212
-0.993914, 149, 33, 180, 64
-0.993929, 33, 137, 288, 200
-0.993933, 209, 109, 240, 140
-0.993942, 129, 105, 160, 136
-0.993948, 385, 217, 448, 248
-0.993964, 125, 61, 156, 92
-0.993975, 277, 97, 308, 224
-0.99399, 165, 197, 196, 228
-0.993993, 393, 57, 456, 88
-0.994011, 249, 69, 280, 100
-0.994012, 265, 109, 328, 140
-0.994031, 241, 209, 368, 272
-0.994031, 89, 101, 120, 132
-0.994046, 433, 129, 496, 375
-0.994062, 129, 89, 160, 120
-0.994081, 97, 161, 352, 224
-0.994089, 289, 105, 320, 136
-0.994128, 117, 89, 148, 120
-0.994133, 401, 53, 432, 84
-0.994136, 357, 225, 388, 256
-0.994141, 81, 333, 144, 364
-0.994144, 317, 81, 348, 112
-0.994145, 97, 173, 160, 204
-0.994149, 257, 297, 500, 360
-0.99415, 201, 29, 232, 60
-0.994151, 81, 65, 112, 96
-0.994168, 293, 69, 324, 100
-0.994176, 1, 145, 64, 272
-0.994177, 1, 17, 500, 80
-0.99418, 277, 305, 308, 336
-0.994181, 221, 33, 252, 64
-0.994186, 137, 33, 168, 64
-0.9942, 109, 337, 140, 368
-0.994226, 129, 5, 192, 36
-0.994229, 289, 73, 352, 104
-0.99423, 345, 21, 408, 52
-0.994241, 269, 109, 300, 140
-0.994245, 189, 225, 220, 352
-0.994245, 177, 197, 208, 228
-0.994245, 213, 209, 244, 240
-0.994246, 389, 133, 420, 164
-0.994246, 357, 45, 388, 76
-0.994251, 225, 65, 256, 96
-0.994253, 197, 173, 228, 204
-0.99426, 101, 233, 132, 264
-0.99426, 385, 121, 416, 152
-0.994262, 401, 197, 432, 228
-0.994273, 329, 1, 392, 32
-0.994275, 177, 213, 240, 244
-0.994278, 385, 77, 416, 108
-0.994279, 145, 213, 176, 244
-0.994283, 281, 61, 312, 92
-0.994286, 393, 229, 424, 260
-0.99429, 285, 281, 316, 312
-0.994294, 97, 73, 128, 104
-0.994295, 129, 77, 160, 108
-0.994297, 33, 77, 64, 108
-0.994302, 113, 117, 144, 148
-0.994302, 281, 293, 312, 324
-0.994314, 53, 113, 84, 144
-0.994322, 29, 65, 60, 192
-0.994346, 225, 225, 480, 288
-0.994351, 225, 57, 288, 88
-0.994357, 365, 5, 396, 36
-0.994362, 29, 93, 60, 124
-0.994366, 393, 217, 424, 248
-0.994368, 329, 317, 360, 348
-0.994372, 73, 49, 104, 176
-0.994376, 341, 245, 372, 276
-0.99439, 177, 13, 208, 44
-0.994398, 329, 1, 392, 375
-0.994399, 405, 181, 436, 212
-0.994407, 365, 65, 396, 96
-0.994415, 417, 65, 480, 192
-0.994416, 121, 37, 184, 68
-0.994416, 213, 185, 244, 216
-0.994418, 233, 93, 264, 124
-0.994418, 337, 309, 400, 340
-0.99442, 285, 265, 316, 296
-0.994421, 201, 41, 232, 72
-0.994426, 337, 81, 368, 112
-0.994427, 73, 113, 104, 144
-0.994436, 249, 237, 312, 268
-0.994437, 169, 129, 200, 256
-0.994439, 273, 281, 336, 312
-0.994439, 85, 137, 116, 168
-0.994453, 185, 209, 216, 240
-0.994461, 405, 133, 436, 164
-0.994462, 373, 21, 404, 52
-0.994464, 129, 49, 160, 80
-0.994468, 213, 53, 244, 84
-0.994469, 369, 197, 432, 228
-0.994474, 221, 297, 252, 328
-0.99449, 333, 81, 364, 208
-0.994491, 245, 345, 276, 375
-0.994494, 1, 169, 500, 232
-0.994496, 385, 109, 416, 140
-0.994496, 337, 57, 400, 88
-0.9945, 237, 49, 268, 80
-0.994501, 113, 317, 176, 348
-0.994504, 277, 97, 308, 128
-0.994507, 205, 97, 236, 128
-0.994509, 389, 265, 420, 296
-0.99451, 257, 93, 288, 124
-0.994514, 221, 113, 252, 144
-0.994515, 177, 1, 208, 32
-0.994517, 141, 93, 172, 124
-0.994526, 381, 337, 412, 368
-0.994528, 261, 277, 292, 308
-0.994529, 389, 149, 420, 180
-0.994531, 213, 197, 244, 228
-0.994535, 97, 161, 160, 192
-0.994537, 105, 105, 136, 136
-0.994542, 397, 41, 428, 72
-0.994543, 81, 293, 144, 324
-0.994546, 105, 93, 136, 124
-0.994546, 269, 225, 300, 256
-0.994547, 69, 97, 100, 128
-0.994548, 105, 133, 136, 164
-0.994551, 317, 313, 348, 344
-0.994551, 161, 169, 224, 200
-0.994552, 405, 153, 436, 184
-0.994555, 301, 97, 332, 128
-0.994559, 137, 137, 168, 168
-0.994567, 25, 65, 56, 96
-0.994569, 89, 289, 120, 320
-0.994574, 385, 309, 416, 340
-0.994575, 193, 65, 256, 96
-0.994575, 345, 293, 408, 324
-0.994575, 29, 105, 60, 136
-0.994579, 133, 173, 164, 204
-0.994579, 185, 185, 216, 216
-0.99458, 213, 321, 244, 352
-0.994584, 85, 245, 116, 276
-0.994584, 273, 49, 304, 80
-0.994584, 177, 237, 240, 268
-0.994586, 389, 29, 420, 60
-0.994589, 361, 281, 392, 312
-0.994592, 385, 97, 416, 128
-0.994592, 361, 345, 392, 375
-0.994595, 9, 113, 40, 144
-0.994601, 353, 341, 416, 372
-0.994602, 389, 253, 420, 284
-0.994604, 249, 333, 280, 364
-0.994604, 405, 165, 436, 196
-0.994605, 385, 29, 448, 60
-0.99461, 225, 1, 256, 32
-0.994615, 349, 293, 380, 324
-0.99463, 265, 313, 328, 344
-0.99463, 217, 145, 280, 176
-0.994637, 233, 265, 296, 296
-0.994638, 1, 145, 500, 208
-0.99464, 1, 105, 256, 168
-0.994641, 97, 33, 352, 96
-0.994644, 97, 121, 160, 152
-0.994654, 81, 345, 144, 375
-0.994663, 185, 305, 248, 336
-0.994676, 193, 105, 256, 136
-0.9947, 217, 41, 280, 72
-0.994704, 225, 25, 288, 56
-0.994708, 377, 305, 440, 336
-0.994741, 121, 329, 184, 360
-0.994744, 97, 249, 160, 280
-0.994773, 217, 121, 280, 152
-0.994784, 361, 177, 424, 208
-0.994815, 329, 45, 392, 76
-0.994819, 273, 269, 336, 300
-0.994828, 113, 1, 144, 128
-0.99483, 225, 69, 352, 100
-0.994835, 257, 97, 320, 128
-0.994843, 201, 173, 264, 204
-0.994858, 193, 257, 448, 320
-0.994861, 1, 61, 64, 92
-0.994863, 185, 89, 248, 120
-0.99487, 125, 241, 156, 368
-0.994881, 171, 1, 186, 64
-0.99489, 405, 17, 436, 144
-0.994898, 185, 225, 248, 256
-0.994912, 289, 61, 352, 92
-0.994913, 1, 105, 64, 136
-0.994928, 361, 125, 424, 156
-0.994935, 185, 201, 248, 232
-0.99494, 361, 73, 424, 104
-0.994943, 105, 185, 168, 216
-0.994956, 97, 237, 160, 268
-0.994974, 361, 165, 424, 196
-0.994981, 349, 33, 380, 160
-0.994984, 105, 301, 168, 332
-0.994988, 345, 257, 408, 288
-0.994988, 201, 317, 264, 348
-0.995, 209, 297, 272, 328
-0.995001, 131, 97, 146, 160
-0.99501, 137, 165, 200, 196
-0.995014, 129, 173, 256, 204
-0.995026, 1, 81, 32, 208
-0.99503, 337, 321, 400, 352
-0.995035, 113, 189, 240, 220
-0.995037, 393, 133, 456, 164
-0.995044, 285, 193, 316, 320
-0.995046, 265, 73, 328, 104
-0.99505, 385, 241, 448, 272
-0.995056, 145, 233, 208, 264
-0.995059, 129, 117, 192, 148
-0.995064, 33, 117, 96, 148
-0.995066, 73, 305, 136, 336
-0.995069, 193, 105, 448, 168
-0.995071, 377, 329, 440, 360
-0.995083, 97, 261, 160, 292
-0.995089, 185, 117, 248, 148
-0.995098, 41, 85, 104, 116
-0.995161, 121, 53, 184, 84
-0.995161, 49, 229, 112, 260
-0.995177, 57, 273, 120, 304
-0.995184, 65, 261, 128, 292
-0.995191, 185, 249, 248, 280
-0.995192, 209, 257, 272, 288
-0.995209, 241, 253, 304, 284
-0.99522, 159, 17, 174, 80
-0.995251, 285, 49, 316, 176
-0.995266, 409, 129, 472, 375
-0.995304, 33, 65, 160, 96
-0.99531, 97, 313, 352, 375
-0.995331, 273, 193, 304, 320
-0.995361, 1, 73, 256, 136
-0.995364, 129, 161, 256, 192
-0.99537, 193, 33, 448, 96
-0.995423, 85, 129, 116, 256
-0.995461, 369, 49, 400, 176
-0.995472, 1, 129, 64, 375
-0.995531, 391, 25, 406, 88
-0.995532, 269, 1, 300, 128
-0.99555, 41, 1, 72, 128
-0.99558, 1, 193, 500, 256
-0.995616, 433, 33, 496, 288
-0.995627, 85, 33, 116, 160
-0.995633, 73, 97, 104, 224
-0.995643, 165, 9, 180, 72
-0.995659, 129, 149, 256, 180
-0.995661, 145, 13, 272, 44
-0.995724, 241, 185, 368, 248
-0.995813, 145, 1, 272, 32
-0.995852, 305, 81, 432, 112
-0.995862, 17, 77, 144, 108
-0.995868, 289, 97, 416, 128
-0.995916, 65, 233, 320, 296
-0.99595, 209, 209, 224, 272
-0.995951, 257, 341, 384, 372
-0.995958, 33, 101, 160, 132
-0.99604, 401, 65, 432, 192
-0.996053, 279, 297, 294, 360
-0.996074, 223, 97, 238, 160
-0.996089, 129, 201, 256, 232
-0.996101, 129, 281, 384, 344
-0.99612, 209, 97, 336, 128
-0.996133, 153, 241, 184, 368
-0.996162, 1, 241, 500, 304
-0.996168, 241, 145, 368, 208
-0.996169, 201, 129, 232, 256
-0.996174, 207, 185, 222, 248
-0.996194, 129, 185, 384, 248
-0.996195, 151, 177, 166, 240
-0.996208, 225, 1, 480, 64
-0.996243, 355, 225, 370, 288
-0.996256, 177, 309, 304, 340
-0.996328, 193, 161, 448, 224
-0.996346, 417, 1, 480, 375
-0.99637, 201, 185, 216, 248
-0.996381, 225, 81, 352, 112
-0.996386, 161, 345, 288, 375
-0.996414, 129, 137, 256, 168
-0.996416, 1, 9, 256, 72
-0.996421, 33, 89, 160, 120
-0.996442, 123, 65, 138, 128
-0.996454, 153, 25, 168, 88
-0.996465, 257, 313, 384, 344
-0.996507, 397, 41, 412, 104
-0.996543, 269, 65, 284, 128
-0.996552, 125, 89, 140, 152
-0.996555, 177, 297, 304, 328
-0.996561, 289, 53, 416, 84
-0.996612, 177, 201, 304, 232
-0.996616, 97, 97, 112, 160
-0.996621, 101, 129, 132, 256
-0.996631, 285, 281, 300, 344
-0.996631, 97, 257, 352, 320
-0.996651, 257, 285, 384, 316
-0.996659, 49, 149, 176, 180
-0.99668, 399, 121, 414, 184
-0.996698, 121, 313, 136, 375
-0.996699, 129, 109, 256, 140
-0.996725, 129, 25, 256, 56
-0.996758, 97, 345, 224, 375
-0.996762, 257, 301, 384, 332
-0.996765, 261, 65, 276, 128
-0.996798, 379, 1, 394, 64
-0.996802, 1, 313, 500, 375
-0.996808, 157, 185, 172, 248
-0.996808, 401, 193, 416, 256
-0.996808, 33, 113, 160, 144
-0.996809, 137, 97, 152, 160
-0.996812, 273, 253, 400, 284
-0.996844, 137, 241, 168, 368
-0.996856, 49, 73, 64, 136
-0.996867, 273, 313, 288, 375
-0.99687, 217, 193, 232, 256
-0.996872, 225, 325, 352, 356
-0.996882, 117, 113, 148, 240
-0.996882, 289, 113, 320, 240
-0.996921, 101, 231, 132, 246
-0.996923, 169, 361, 200, 375
-0.99693, 281, 287, 312, 302
-0.996931, 233, 85, 264, 100
-0.996932, 137, 25, 168, 40
-0.996933, 217, 207, 248, 222
-0.996941, 213, 115, 244, 130
-0.996942, 49, 177, 176, 208
-0.996945, 393, 219, 424, 234
-0.996946, 385, 119, 416, 134
-0.996947, 225, 67, 256, 82
-0.996948, 385, 89, 416, 104
-0.996957, 397, 55, 428, 70
-0.996959, 369, 29, 496, 60
-0.996961, 239, 73, 254, 136
-0.996964, 389, 143, 420, 158
-0.996965, 29, 83, 60, 98
-0.996965, 277, 311, 308, 326
-0.996971, 65, 193, 192, 224
-0.996973, 197, 219, 228, 234
-0.996974, 361, 221, 392, 236
-0.996975, 213, 53, 244, 68
-0.996978, 393, 233, 424, 248
-0.996979, 329, 317, 360, 332
-0.996981, 357, 343, 388, 358
-0.996985, 113, 123, 144, 138
-0.996985, 109, 341, 140, 356
-0.996986, 405, 187, 436, 202
-0.996986, 213, 193, 244, 208
-0.996988, 401, 195, 432, 210
-0.996989, 101, 115, 132, 130
-0.996995, 73, 117, 104, 132
-0.996996, 145, 209, 176, 224
-0.996997, 133, 43, 164, 58
-0.996997, 361, 289, 392, 304
-0.997, 297, 77, 328, 92
-0.997004, 281, 299, 312, 314
-0.997007, 173, 197, 204, 212
-0.997008, 213, 35, 244, 50
-0.997009, 161, 333, 288, 364
-0.997015, 209, 103, 240, 118
-0.997026, 377, 345, 408, 360
-0.99704, 353, 45, 384, 60
-0.99704, 369, 295, 400, 310
-0.997044, 137, 35, 168, 50
-0.997047, 109, 109, 140, 124
-0.997051, 141, 101, 172, 116
-0.997052, 209, 213, 240, 228
-0.997057, 81, 65, 96, 128
-0.997059, 245, 349, 276, 364
-0.99706, 269, 113, 300, 128
-0.997072, 109, 335, 140, 350
-0.997087, 357, 1, 388, 16
-0.997087, 33, 103, 64, 118
-0.997089, 193, 153, 320, 184
-0.997089, 221, 47, 252, 62
-0.997092, 37, 75, 68, 90
-0.997095, 405, 141, 436, 156
-0.997095, 95, 121, 110, 184
-0.9971, 393, 225, 424, 240
-0.997107, 209, 345, 336, 375
-0.997109, 133, 109, 164, 124
-0.99711, 129, 97, 160, 112
-0.997111, 117, 65, 132, 128
-0.997114, 113, 81, 144, 96
-0.997118, 161, 45, 288, 76
-0.99712, 197, 27, 228, 42
-0.997122, 1, 217, 500, 280
-0.997128, 49, 165, 176, 196
-0.997129, 329, 81, 360, 96
-0.997129, 209, 121, 336, 152
-0.997129, 285, 281, 316, 296
-0.997131, 85, 145, 116, 160
-0.997134, 407, 177, 422, 240
-0.997138, 113, 53, 240, 84
-0.997142, 225, 97, 256, 112
-0.997148, 245, 341, 276, 356
-0.99715, 129, 91, 160, 106
-0.997153, 217, 61, 248, 76
-0.997165, 397, 61, 428, 76
-0.997166, 297, 71, 328, 86
-0.99717, 389, 29, 420, 44
-0.997175, 81, 69, 208, 100
-0.997181, 129, 85, 160, 100
-0.997182, 233, 1, 248, 64
-0.997182, 341, 247, 372, 262
-0.997189, 129, 125, 256, 156
-0.997196, 113, 89, 144, 104
-0.997196, 353, 233, 384, 248
-0.997196, 273, 265, 400, 296
-0.997198, 113, 93, 240, 124
-0.997202, 269, 107, 300, 122
-0.997204, 121, 71, 152, 86
-0.997205, 289, 65, 416, 96
-0.997207, 195, 193, 210, 256
-0.997209, 305, 149, 432, 180
-0.99721, 237, 77, 268, 92
-0.997212, 177, 17, 208, 32
-0.997224, 393, 35, 424, 50
-0.997227, 389, 135, 420, 150
-0.997232, 193, 109, 320, 140
-0.997233, 177, 321, 304, 352
-0.997234, 317, 17, 348, 144
-0.997236, 149, 37, 180, 52
-0.997238, 91, 97, 106, 160
-0.997245, 273, 321, 304, 336
-0.997246, 97, 67, 128, 82
-0.997252, 313, 89, 344, 104
-0.997256, 385, 25, 400, 88
-0.997258, 137, 183, 168, 198
-0.997259, 131, 73, 146, 136
-0.99726, 231, 89, 246, 152
-0.997264, 59, 65, 74, 128
-0.997265, 97, 213, 224, 244
-0.997265, 113, 97, 144, 112
-0.99727, 129, 103, 160, 118
-0.997271, 145, 203, 176, 218
-0.997282, 93, 109, 124, 124
-0.997284, 149, 209, 164, 272
-0.997285, 177, 1, 192, 64
-0.997286, 177, 285, 304, 316
-0.997294, 167, 193, 182, 256
-0.997295, 281, 73, 296, 136
-0.997299, 49, 125, 176, 156
-0.997303, 321, 249, 448, 280
-0.997312, 269, 65, 300, 80
-0.997315, 41, 83, 72, 98
-0.997315, 145, 65, 272, 96
-0.99733, 289, 25, 416, 56
-0.997333, 357, 227, 388, 242
-0.997338, 261, 361, 292, 375
-0.997341, 201, 41, 232, 56
-0.997344, 217, 109, 248, 124
-0.99735, 385, 73, 416, 88
-0.997369, 221, 41, 236, 104
-0.997372, 293, 241, 324, 368
-0.997392, 197, 213, 228, 228
-0.997402, 377, 39, 408, 54
-0.997404, 147, 33, 162, 96
-0.997411, 109, 121, 124, 184
-0.997416, 201, 47, 232, 62
-0.997425, 97, 13, 224, 44
-0.997427, 225, 193, 480, 256
-0.997431, 289, 257, 304, 320
-0.997436, 41, 109, 72, 124
-0.997438, 107, 225, 122, 288
-0.99744, 121, 65, 152, 80
-0.997452, 381, 1, 412, 256
-0.997454, 321, 229, 448, 260
-0.997454, 369, 233, 496, 264
-0.997455, 1, 265, 500, 328
-0.997459, 193, 137, 320, 168
-0.997462, 153, 31, 184, 46
-0.997468, 81, 109, 208, 140
-0.997468, 293, 105, 308, 168
-0.99747, 369, 57, 496, 88
-0.997478, 373, 31, 404, 46
-0.997478, 269, 333, 300, 348
-0.997481, 115, 305, 130, 368
-0.997486, 117, 1, 148, 256
-0.997495, 257, 69, 288, 84
-0.997497, 225, 101, 240, 132
-0.997502, 49, 137, 176, 168
-0.997506, 103, 73, 118, 136
-0.997519, 345, 241, 376, 256
-0.997524, 243, 49, 258, 112
-0.99753, 237, 67, 268, 82
-0.997533, 275, 57, 290, 120
-0.997539, 257, 37, 384, 68
-0.99754, 101, 17, 132, 144
-0.997541, 193, 269, 320, 300
-0.997549, 97, 289, 224, 320
-0.997554, 373, 161, 404, 288
-0.997574, 369, 41, 496, 72
-0.997575, 381, 49, 412, 64
-0.997577, 213, 25, 228, 88
-0.997583, 205, 1, 236, 256
-0.997599, 297, 65, 312, 128
-0.997602, 393, 241, 408, 304
-0.99761, 341, 73, 356, 136
-0.997611, 403, 49, 418, 112
-0.997616, 105, 145, 120, 208
-0.997624, 265, 339, 296, 354
-0.99763, 145, 213, 272, 244
-0.997631, 261, 355, 292, 370
-0.997634, 265, 345, 296, 360
-0.997635, 129, 1, 160, 256
-0.997639, 197, 203, 228, 218
-0.997647, 131, 101, 146, 132
-0.997649, 225, 1, 256, 256
-0.997653, 305, 97, 320, 160
-0.997655, 185, 201, 200, 264
-0.997661, 369, 41, 384, 104
-0.997665, 177, 33, 304, 64
-0.997674, 173, 1, 188, 32
-0.997678, 241, 241, 368, 272
-0.997684, 305, 65, 320, 128
-0.997686, 225, 73, 240, 136
-0.997697, 257, 129, 500, 192
-0.997698, 33, 289, 288, 352
-0.9977, 141, 81, 172, 208
-0.997703, 397, 65, 412, 128
-0.997705, 105, 1, 136, 256
-0.997706, 1, 49, 256, 112
-0.997708, 357, 289, 372, 352
-0.997713, 193, 249, 320, 280
-0.997714, 69, 1, 100, 128
-0.997715, 275, 97, 290, 160
-0.997717, 385, 55, 416, 70
-0.997721, 89, 73, 120, 88
-0.997723, 193, 181, 320, 212
-0.997738, 21, 1, 52, 128
-0.997739, 81, 245, 208, 276
-0.997747, 311, 73, 326, 136
-0.997753, 93, 73, 108, 136
-0.997755, 291, 65, 306, 128
-0.997757, 389, 297, 404, 360
-0.997763, 81, 313, 208, 375
-0.997763, 253, 73, 268, 136
-0.997764, 193, 169, 320, 200
-0.997765, 89, 117, 120, 132
-0.997773, 225, 57, 352, 88
-0.997774, 49, 77, 80, 92
-0.997786, 225, 17, 240, 80
-0.997786, 43, 73, 58, 136
-0.997798, 385, 67, 416, 82
-0.997807, 231, 289, 246, 352
-0.997809, 97, 333, 224, 364
-0.997811, 163, 13, 178, 44
-0.99782, 117, 103, 148, 118
-0.997826, 305, 41, 432, 72
-0.997835, 225, 297, 240, 360
-0.997837, 209, 161, 224, 224
-0.997837, 337, 285, 464, 316
-0.997846, 231, 33, 246, 96
-0.997854, 395, 209, 410, 272
-0.997857, 333, 313, 348, 375
-0.997857, 165, 11, 196, 26
-0.997861, 33, 345, 160, 375
-0.997867, 177, 193, 192, 256
-0.997869, 1, 289, 500, 352
-0.997874, 369, 245, 496, 276
-0.997875, 305, 185, 432, 216
-0.997877, 407, 97, 422, 160
-0.997878, 361, 217, 376, 280
-0.997882, 173, 3, 204, 18
-0.997896, 369, 105, 496, 136
-0.997896, 103, 97, 118, 160
-0.997902, 157, 25, 188, 40
-0.997903, 193, 197, 224, 212
-0.997905, 149, 289, 164, 352
-0.997918, 193, 1, 224, 256
-0.997932, 155, 209, 170, 272
-0.997933, 109, 73, 140, 88
-0.997936, 197, 185, 228, 200
-0.997947, 273, 327, 304, 342
-0.997947, 49, 33, 80, 288
-0.997952, 397, 97, 412, 160
-0.997953, 81, 273, 208, 304
-0.99796, 221, 103, 252, 118
-0.997967, 353, 269, 480, 300
-0.99797, 215, 217, 230, 280
-0.997975, 141, 1, 172, 256
-0.997989, 85, 97, 100, 160
-0.997992, 383, 313, 398, 375
-0.997996, 113, 81, 240, 112
-0.998001, 45, 97, 60, 160
-0.998002, 17, 233, 144, 264
-0.998003, 121, 109, 152, 124
-0.998008, 369, 221, 496, 252
-0.998013, 221, 97, 252, 352
-0.998013, 111, 57, 126, 120
-0.998024, 65, 1, 192, 32
-0.998026, 385, 61, 416, 76
-0.99804, 219, 169, 234, 232
-0.998041, 375, 49, 390, 112
-0.998042, 369, 193, 496, 224
-0.998042, 33, 253, 160, 284
-0.998046, 281, 1, 312, 128
-0.998052, 285, 41, 300, 104
-0.998058, 369, 345, 496, 375
-0.998062, 129, 209, 384, 272
-0.998063, 209, 45, 336, 76
-0.998068, 397, 129, 428, 375
-0.998074, 305, 329, 432, 360
-0.998085, 391, 29, 406, 60
-0.998086, 233, 121, 248, 184
-0.998088, 269, 89, 284, 152
-0.99809, 161, 19, 192, 34
-0.998101, 277, 33, 292, 96
-0.998101, 393, 41, 408, 72
-0.998105, 391, 265, 406, 328
-0.998115, 109, 289, 124, 352
-0.998121, 355, 229, 370, 260
-0.998122, 197, 129, 228, 375
-0.998128, 1, 105, 16, 168
-0.998132, 17, 325, 144, 356
-0.998136, 369, 73, 496, 104
-0.998141, 87, 57, 102, 120
-0.998146, 277, 313, 292, 344
-0.998148, 39, 97, 54, 160
-0.998149, 363, 273, 378, 336
-0.998152, 133, 41, 148, 104
-0.998153, 129, 233, 256, 264
-0.998158, 45, 77, 60, 108
-0.998161, 233, 65, 248, 128
-0.998161, 281, 97, 296, 160
-0.998161, 345, 289, 360, 352
-0.998163, 163, 49, 178, 112
-0.998166, 299, 97, 314, 160
-0.998179, 145, 189, 176, 204
-0.998181, 81, 257, 208, 288
-0.998181, 53, 209, 84, 336
-0.998191, 101, 249, 116, 312
-0.998192, 405, 25, 420, 88
-0.998194, 317, 241, 348, 368
-0.998198, 273, 33, 304, 288
-0.998201, 409, 153, 424, 216
-0.998208, 305, 121, 432, 152
-0.998208, 337, 17, 368, 144
-0.998208, 289, 1, 416, 32
-0.99821, 157, 25, 172, 56
-0.998211, 161, 85, 288, 116
-0.99822, 73, 67, 104, 82
-0.998228, 339, 289, 354, 352
-0.998245, 203, 161, 218, 224
-0.998253, 223, 113, 238, 144
-0.998258, 1, 313, 256, 375
-0.998265, 125, 65, 140, 96
-0.998267, 161, 1, 192, 256
-0.998269, 269, 333, 284, 364
-0.998271, 369, 205, 496, 236
-0.998274, 289, 109, 416, 140
-0.998275, 247, 73, 262, 136
-0.998279, 101, 121, 116, 184
-0.998282, 219, 305, 234, 368
-0.998285, 151, 33, 166, 64
-0.998289, 285, 217, 300, 280
-0.998292, 145, 195, 176, 210
-0.998294, 1, 125, 128, 156
-0.998295, 121, 97, 152, 352
-0.998298, 287, 113, 302, 176
-0.998302, 151, 185, 166, 216
-0.998304, 205, 25, 220, 88
-0.998305, 149, 153, 164, 216
-0.998306, 289, 201, 416, 232
-0.998306, 287, 313, 302, 375
-0.998312, 265, 345, 280, 375
-0.998317, 53, 73, 68, 104
-0.998317, 97, 321, 224, 352
-0.99832, 219, 17, 234, 80
-0.998321, 203, 209, 218, 272
-0.998324, 385, 265, 400, 328
-0.998327, 305, 213, 432, 244
-0.998329, 369, 257, 496, 288
-0.998329, 161, 209, 176, 272
-0.99833, 357, 33, 372, 96
-0.998348, 57, 71, 88, 86
-0.998352, 49, 205, 176, 236
-0.998354, 137, 105, 152, 136
-0.998355, 199, 189, 214, 220
-0.998359, 1, 277, 128, 308
-0.99837, 257, 33, 288, 288
-0.998375, 209, 129, 240, 375
-0.998381, 241, 65, 272, 320
-0.998386, 337, 309, 464, 340
-0.998388, 395, 53, 410, 84
-0.998394, 85, 97, 116, 352
-0.998403, 369, 321, 496, 352
-0.998407, 113, 37, 240, 68
-0.998408, 209, 197, 224, 228
-0.998409, 169, 129, 200, 375
-0.998409, 385, 97, 416, 352
-0.998411, 305, 133, 432, 164
-0.998412, 131, 89, 146, 120
-0.998413, 59, 69, 74, 100
-0.998415, 45, 101, 60, 132
-0.998427, 337, 297, 464, 328
-0.998433, 289, 13, 416, 44
-0.998452, 393, 1, 424, 256
-0.998461, 305, 341, 432, 372
-0.998466, 153, 129, 184, 375
-0.998467, 191, 193, 206, 224
-0.998468, 231, 101, 246, 132
-0.99847, 369, 133, 496, 164
-0.998472, 97, 309, 224, 340
-0.998473, 141, 129, 172, 375
-0.998479, 399, 121, 414, 152
-0.998482, 241, 109, 368, 140
-0.998484, 119, 69, 134, 100
-0.998486, 181, 1, 212, 256
-0.998489, 61, 1, 92, 256
-0.998491, 49, 69, 112, 84
-0.998495, 185, 97, 216, 352
-0.998508, 179, 1, 194, 32
-0.998512, 73, 65, 88, 96
-0.998515, 375, 1, 390, 32
-0.998519, 345, 1, 376, 256
-0.99852, 243, 77, 258, 108
-0.998521, 405, 193, 420, 224
-0.998523, 81, 233, 208, 264
-0.998527, 287, 281, 302, 312
-0.998527, 125, 101, 140, 132
-0.998529, 211, 37, 226, 68
-0.998533, 153, 17, 216, 32
-0.998536, 89, 105, 152, 120
-0.998544, 369, 181, 496, 212
-0.998547, 211, 213, 226, 244
-0.998547, 161, 193, 176, 224
-0.998547, 369, 165, 496, 196
-0.998556, 249, 67, 312, 82
-0.998556, 57, 109, 120, 124
-0.998559, 65, 69, 80, 100
-0.998559, 97, 111, 160, 126
-0.998562, 345, 227, 408, 242
-0.998562, 385, 25, 400, 56
-0.998563, 281, 301, 296, 332
-0.998566, 381, 9, 396, 40
-0.998566, 161, 97, 288, 128
-0.998567, 361, 63, 424, 78
-0.998567, 33, 77, 96, 92
-0.99857, 237, 193, 268, 320
-0.998572, 41, 103, 104, 118
-0.998574, 259, 69, 274, 100
-0.998574, 53, 105, 68, 136
-0.998576, 369, 17, 496, 48
-0.998577, 217, 361, 280, 375
-0.998577, 353, 57, 416, 72
-0.998577, 209, 103, 272, 118
-0.998578, 257, 345, 320, 360
-0.99858, 145, 23, 208, 38
-0.99858, 305, 91, 368, 106
-0.99858, 369, 89, 496, 120
-0.998581, 217, 355, 280, 370
-0.998581, 345, 233, 408, 248
-0.998582, 217, 349, 280, 364
-0.998583, 225, 315, 288, 330
-0.998583, 169, 1, 232, 16
-0.998584, 73, 117, 136, 132
-0.998585, 337, 241, 400, 256
-0.998588, 97, 147, 160, 162
-0.99859, 345, 221, 408, 236
-0.998591, 89, 99, 152, 114
-0.998591, 345, 33, 408, 48
-0.998591, 153, 7, 216, 22
-0.998591, 169, 199, 232, 214
-0.998593, 233, 321, 296, 336
-0.998594, 17, 107, 80, 122
-0.998595, 249, 359, 312, 374
-0.998595, 73, 67, 136, 82
-0.998595, 305, 85, 368, 100
-0.998596, 361, 69, 424, 84
-0.998597, 353, 39, 416, 54
-0.998597, 137, 183, 200, 198
-0.998597, 353, 51, 416, 66
-0.998598, 233, 289, 296, 304
-0.998598, 81, 73, 144, 88
-0.998599, 169, 191, 232, 206
-0.998601, 219, 101, 234, 132
-0.998601, 121, 13, 184, 28
-0.998602, 137, 197, 200, 212
-0.998602, 233, 309, 296, 324
-0.998602, 341, 161, 372, 288
-0.998602, 225, 329, 288, 344
-0.998605, 241, 281, 304, 296
-0.998606, 265, 323, 328, 338
-0.998606, 9, 113, 72, 128
-0.998607, 209, 65, 272, 80
-0.998608, 225, 335, 288, 350
-0.998608, 225, 95, 288, 110
-0.998609, 273, 297, 336, 312
-0.99861, 145, 31, 208, 46
-0.99861, 353, 45, 416, 60
-0.99861, 233, 303, 296, 318
-0.99861, 121, 107, 184, 122
-0.99861, 257, 107, 320, 122
-0.99861, 57, 75, 120, 90
-0.998611, 209, 109, 272, 124
-0.998611, 97, 153, 160, 168
-0.998612, 233, 295, 296, 310
-0.998612, 81, 87, 144, 102
-0.998613, 97, 177, 160, 192
-0.998613, 249, 351, 312, 366
-0.998614, 145, 191, 208, 206
-0.998614, 227, 89, 242, 120
-0.998615, 137, 171, 200, 186
-0.998615, 97, 141, 160, 156
-0.998616, 257, 339, 320, 354
-0.998616, 129, 91, 192, 106
-0.998616, 41, 115, 104, 130
-0.998616, 129, 7, 192, 22
-0.998617, 1, 101, 64, 116
-0.998617, 201, 45, 264, 60
-0.998617, 305, 79, 368, 94
-0.998617, 91, 97, 106, 128
-0.998618, 273, 283, 336, 298
-0.998618, 17, 289, 144, 320
-0.998619, 169, 185, 232, 200
-0.998619, 81, 343, 144, 358
-0.998619, 273, 317, 336, 332
-0.998619, 289, 99, 352, 114
-0.99862, 217, 341, 280, 356
-0.998621, 393, 197, 456, 212
-0.998621, 129, 101, 192, 116
-0.998621, 121, 351, 184, 366
-0.998621, 329, 3, 392, 18
-0.998621, 345, 215, 408, 230
-0.998622, 241, 73, 304, 88
-0.998622, 137, 205, 200, 220
-0.998622, 73, 303, 136, 318
-0.998622, 385, 225, 448, 240
-0.998622, 113, 335, 176, 350
-0.998623, 177, 51, 240, 66
-0.998623, 57, 245, 120, 260
-0.998624, 225, 85, 288, 100
-0.998624, 385, 35, 448, 50
-0.998624, 337, 247, 400, 262
-0.998625, 121, 1, 184, 16
-0.998625, 121, 357, 184, 372
-0.998625, 105, 71, 168, 86
-0.998625, 121, 65, 184, 80
-0.998625, 97, 253, 160, 268
-0.998626, 153, 235, 216, 250
-0.998626, 81, 61, 144, 76
-0.998627, 41, 97, 104, 112
-0.998627, 273, 289, 336, 304
-0.998627, 385, 209, 448, 224
-0.998627, 225, 59, 288, 74
-0.998627, 337, 327, 400, 342
-0.998628, 97, 163, 160, 178
-0.998628, 401, 181, 464, 196
-0.998628, 177, 235, 240, 250
-0.998628, 361, 191, 424, 206
-0.998628, 99, 117, 114, 148
-0.998629, 257, 333, 320, 348
-0.99863, 37, 65, 68, 320
-0.99863, 209, 175, 272, 190
-0.998631, 97, 133, 160, 148
-0.998631, 169, 175, 232, 190
-0.998632, 185, 361, 248, 375
-0.998632, 81, 333, 144, 348
-0.998632, 337, 337, 400, 352
-0.998633, 161, 361, 224, 375
-0.998633, 233, 105, 296, 120
-0.998634, 337, 345, 400, 360
-0.998634, 89, 81, 152, 96
-0.998634, 97, 183, 160, 198
-0.998634, 209, 309, 272, 324
-0.998634, 89, 1, 120, 256
-0.998634, 185, 91, 248, 106
-0.998634, 105, 301, 168, 316
-0.998634, 161, 205, 224, 220
-0.998635, 185, 217, 248, 232
-0.998635, 393, 61, 456, 76
-0.998635, 121, 345, 184, 360
-0.998636, 167, 197, 182, 228
-0.99864, 369, 117, 496, 148
-0.998643, 113, 73, 128, 104
-0.998649, 241, 65, 256, 96
-0.998652, 121, 81, 136, 112
-0.998658, 397, 65, 412, 96
-0.998671, 83, 65, 98, 96
-0.998674, 305, 161, 432, 192
-0.998679, 81, 177, 112, 304
-0.998682, 265, 65, 280, 96
-0.998687, 101, 97, 132, 352
-0.998691, 101, 105, 116, 136
-0.998698, 275, 325, 290, 356
-0.998699, 197, 191, 228, 206
-0.998701, 133, 61, 148, 92
-0.998702, 369, 145, 496, 176
-0.998702, 219, 205, 234, 236
-0.998706, 219, 29, 234, 60
-0.998717, 149, 197, 164, 228
-0.998719, 121, 341, 136, 372
-0.998728, 407, 181, 422, 212
-0.998734, 247, 65, 262, 96
-0.998735, 77, 1, 108, 256
-0.998744, 317, 193, 348, 320
-0.998746, 237, 77, 252, 108
-0.998749, 309, 69, 324, 100
-0.998751, 217, 45, 232, 76
-0.998753, 209, 185, 224, 216
-0.998754, 289, 129, 320, 375
-0.998755, 233, 57, 248, 88
-0.99876, 405, 53, 420, 84
-0.998761, 91, 113, 106, 144
-0.998765, 205, 213, 220, 244
-0.998769, 145, 37, 160, 68
-0.998769, 39, 81, 54, 112
-0.998774, 261, 129, 292, 375
-0.998775, 119, 329, 134, 360
-0.998776, 297, 105, 312, 136
-0.998783, 13, 81, 44, 208
-0.998795, 399, 41, 414, 72
-0.998795, 213, 25, 228, 56
-0.9988, 45, 89, 60, 120
-0.998803, 405, 1, 436, 256
-0.998807, 389, 305, 404, 336
-0.99881, 275, 61, 290, 92
-0.998811, 363, 285, 378, 316
-0.998817, 151, 213, 166, 244
-0.99882, 139, 37, 154, 68
-0.998826, 271, 93, 286, 124
-0.998829, 337, 97, 368, 352
-0.99883, 109, 129, 124, 160
-0.998836, 183, 13, 198, 44
-0.998838, 89, 65, 104, 96
-0.99885, 115, 317, 130, 348
-0.99885, 361, 225, 376, 256
-0.998859, 21, 161, 52, 288
-0.998862, 293, 61, 308, 92
-0.998863, 281, 101, 296, 132
-0.998867, 197, 213, 212, 244
-0.99887, 285, 33, 316, 288
-0.998875, 401, 29, 416, 60
-0.99888, 291, 113, 306, 144
-0.998881, 397, 225, 412, 256
-0.998881, 361, 129, 392, 375
-0.998883, 169, 13, 184, 44
-0.998885, 289, 329, 304, 360
-0.998889, 167, 1, 182, 32
-0.99889, 395, 237, 410, 268
-0.998898, 303, 101, 318, 132
-0.998898, 227, 297, 242, 328
-0.998899, 39, 97, 54, 128
-0.998901, 347, 237, 362, 268
-0.998906, 73, 97, 104, 352
-0.998906, 393, 257, 408, 288
-0.998906, 331, 321, 346, 352
-0.998907, 1, 101, 16, 132
-0.998908, 373, 129, 404, 375
-0.998915, 207, 25, 222, 56
-0.998915, 219, 185, 234, 216
-0.998918, 177, 17, 192, 48
-0.998924, 199, 201, 214, 232
-0.998937, 381, 345, 396, 375
-0.998939, 121, 317, 136, 348
-0.998941, 253, 65, 268, 96
-0.998944, 149, 173, 164, 204
-0.998944, 383, 329, 398, 360
-0.998944, 339, 77, 354, 108
-0.998947, 401, 205, 416, 236
-0.998949, 287, 345, 302, 375
-0.99895, 107, 141, 122, 172
-0.998954, 373, 209, 404, 336
-0.998963, 221, 305, 236, 336
-0.998968, 223, 41, 238, 72
-0.998968, 365, 213, 380, 244
-0.998969, 309, 97, 324, 128
-0.99897, 405, 105, 420, 136
-0.998977, 105, 69, 120, 100
-0.998984, 275, 105, 290, 136
-0.998988, 81, 77, 96, 108
-0.998988, 267, 229, 282, 260
-0.99899, 379, 69, 394, 100
-0.998993, 163, 1, 178, 128
-0.998999, 73, 241, 104, 368
-0.998999, 209, 193, 224, 320
-0.999011, 277, 129, 308, 375
-0.999059, 297, 1, 328, 256
-0.999062, 357, 1, 388, 256
-0.999091, 301, 97, 332, 352
-0.999097, 153, 161, 168, 288
-0.999102, 61, 97, 92, 352
-0.999154, 287, 241, 302, 368
-0.999158, 201, 177, 216, 304
-0.999173, 157, 49, 188, 176
-0.999218, 469, 177, 500, 304
-0.99925, 265, 97, 296, 224
-0.999264, 217, 177, 232, 304
-0.999265, 409, 97, 440, 352
-0.999283, 325, 129, 356, 375
-0.999295, 41, 113, 72, 240
-0.999296, 49, 129, 80, 375
-0.999297, 171, 177, 186, 304
-0.999313, 309, 65, 340, 192
-0.999363, 25, 1, 56, 256
-0.999364, 5, 1, 36, 256
-0.999375, 169, 1, 184, 128
-0.999382, 1, 257, 256, 320
-0.999385, 237, 65, 252, 192
-0.9994, 449, 129, 480, 375
-0.999412, 185, 177, 200, 304
-0.999423, 379, 1, 394, 128
-0.999425, 259, 49, 274, 176
-0.999426, 313, 65, 344, 320
-0.999442, 147, 193, 162, 320
-0.999445, 227, 1, 242, 128
-0.999454, 391, 17, 406, 144
-0.999455, 161, 193, 176, 320
-0.999478, 355, 209, 370, 336
-0.999483, 135, 49, 150, 176
-0.999487, 345, 81, 376, 208
-0.999499, 243, 1, 258, 128
-0.999513, 125, 81, 140, 208
-0.999521, 453, 1, 484, 256
-0.999529, 57, 79, 72, 94
-0.999529, 149, 199, 164, 214
-0.999529, 219, 193, 234, 208
-0.999529, 147, 213, 162, 228
-0.999529, 273, 65, 288, 80
-0.99953, 213, 29, 228, 44
-0.99953, 209, 221, 224, 236
-0.99953, 407, 191, 422, 206
-0.999531, 147, 45, 162, 60
-0.999531, 379, 73, 394, 88
-0.999531, 105, 111, 120, 126
-0.999533, 123, 107, 138, 122
-0.999533, 233, 99, 248, 114
-0.999534, 241, 79, 256, 94
-0.999534, 255, 73, 270, 88
-0.999534, 363, 293, 378, 308
-0.999535, 209, 183, 224, 198
-0.999535, 401, 49, 416, 64
-0.999535, 119, 75, 134, 90
-0.999535, 51, 103, 66, 118
-0.999536, 109, 69, 124, 84
-0.999536, 1, 97, 32, 352
-0.999536, 123, 349, 138, 364
-0.999536, 153, 41, 168, 56
-0.999537, 397, 49, 412, 176
-0.999537, 393, 265, 408, 280
-0.999538, 255, 361, 270, 375
-0.999538, 285, 297, 300, 312
-0.999539, 151, 181, 166, 196
-0.999539, 45, 77, 60, 92
-0.999539, 231, 61, 246, 76
-0.999539, 361, 223, 376, 238
-0.99954, 283, 303, 298, 318
-0.99954, 119, 335, 134, 350
-0.99954, 285, 65, 300, 192
-0.999541, 93, 117, 108, 132
-0.999541, 215, 51, 230, 66
-0.999541, 107, 229, 122, 244
-0.999542, 233, 105, 248, 120
-0.999543, 149, 193, 164, 208
-0.999543, 1, 117, 16, 132
-0.999543, 157, 1, 172, 128
-0.999544, 139, 45, 154, 60
-0.999545, 81, 67, 96, 82
-0.999546, 403, 203, 418, 218
-0.999547, 397, 119, 412, 134
-0.999547, 287, 285, 302, 300
-0.999547, 123, 89, 138, 104
-0.999548, 219, 215, 234, 230
-0.999548, 87, 67, 102, 82
-0.999548, 311, 75, 326, 90
-0.999548, 219, 199, 234, 214
-0.999549, 91, 99, 106, 114
-0.999549, 41, 101, 56, 116
-0.99955, 381, 25, 396, 40
-0.99955, 395, 35, 410, 50
-0.999551, 349, 129, 380, 375
-0.999551, 135, 113, 150, 128
-0.999553, 277, 317, 292, 332
-0.999553, 103, 73, 118, 88
-0.999555, 43, 107, 58, 122
-0.999555, 275, 49, 290, 176
-0.999555, 241, 67, 256, 82
-0.999555, 215, 45, 230, 60
-0.999555, 51, 81, 66, 96
-0.999555, 405, 55, 420, 70
-0.999556, 405, 197, 420, 212
-0.999556, 397, 97, 412, 224
-0.999556, 191, 197, 206, 212
-0.999556, 145, 39, 160, 54
-0.999557, 209, 215, 224, 230
-0.999557, 399, 125, 414, 140
-0.999558, 399, 133, 414, 148
-0.999558, 279, 109, 294, 124
-0.999558, 267, 67, 282, 82
-0.999559, 165, 195, 180, 210
-0.99956, 219, 209, 234, 224
-0.99956, 207, 189, 222, 204
-0.999564, 227, 95, 242, 110
-0.999564, 93, 109, 108, 124
-0.999565, 45, 83, 60, 98
-0.999566, 397, 67, 412, 82
-0.999566, 227, 113, 242, 240
-0.999566, 97, 71, 112, 86
-0.999566, 389, 311, 404, 326
-0.999567, 25, 129, 56, 375
-0.999568, 469, 129, 500, 375
-0.999569, 393, 47, 408, 62
-0.999572, 209, 209, 224, 224
-0.999572, 263, 359, 278, 374
-0.999572, 273, 331, 288, 346
-0.999573, 223, 49, 238, 64
-0.999574, 209, 197, 224, 212
-0.999576, 355, 235, 370, 250
-0.999576, 297, 161, 328, 288
-0.999576, 169, 13, 184, 28
-0.999576, 133, 63, 148, 78
-0.999577, 103, 117, 118, 132
-0.999577, 249, 71, 264, 86
-0.999578, 373, 1, 388, 16
-0.999578, 269, 341, 284, 356
-0.99958, 209, 203, 224, 218
-0.99958, 159, 195, 174, 210
-0.999581, 49, 109, 64, 124
-0.999582, 397, 193, 412, 320
-0.999582, 125, 101, 140, 116
-0.999583, 153, 35, 168, 50
-0.999584, 329, 1, 360, 256
-0.999584, 223, 113, 238, 128
-0.999585, 129, 111, 144, 126
-0.999585, 75, 67, 90, 82
-0.999586, 261, 71, 276, 86
-0.999588, 157, 187, 172, 202
-0.99959, 397, 61, 412, 76
-0.999591, 395, 53, 410, 68
-0.999592, 51, 75, 66, 90
-0.999597, 387, 29, 402, 44
-0.999597, 137, 107, 152, 122
-0.999598, 157, 29, 172, 44
-0.999599, 113, 75, 128, 90
-0.999602, 391, 41, 406, 56
-0.999603, 123, 69, 138, 84
-0.999603, 211, 39, 226, 54
-0.999603, 179, 1, 194, 128
-0.999604, 267, 347, 282, 362
-0.999604, 265, 353, 280, 368
-0.999605, 369, 33, 400, 288
-0.999606, 179, 177, 194, 304
-0.999608, 177, 225, 208, 352
-0.999609, 69, 69, 84, 84
-0.999609, 357, 229, 372, 244
-0.999609, 389, 35, 404, 50
-0.99961, 201, 189, 216, 204
-0.999614, 57, 97, 88, 224
-0.999615, 197, 195, 212, 210
-0.99962, 131, 97, 146, 224
-0.999621, 161, 23, 176, 38
-0.999622, 57, 73, 72, 88
-0.999622, 131, 99, 146, 114
-0.999624, 405, 161, 420, 288
-0.999625, 13, 97, 44, 352
-0.999625, 63, 71, 78, 86
-0.999627, 265, 49, 280, 176
-0.99963, 193, 193, 208, 320
-0.999632, 163, 17, 178, 32
-0.999634, 151, 187, 166, 202
-0.99964, 421, 1, 452, 256
-0.999642, 221, 105, 236, 120
-0.999642, 277, 323, 292, 338
-0.999648, 179, 1, 194, 16
-0.999654, 227, 107, 242, 122
-0.999663, 127, 33, 142, 160
-0.999665, 243, 65, 258, 192
-0.999665, 253, 65, 268, 192
-0.999668, 437, 129, 468, 375
-0.99967, 171, 7, 186, 22
-0.999673, 227, 101, 242, 116
-0.999683, 219, 17, 234, 144
-0.999689, 425, 97, 456, 352
-0.999697, 305, 209, 336, 336
-0.999699, 213, 241, 228, 368
-0.99971, 159, 145, 174, 272
-0.999712, 149, 17, 164, 144
-0.999716, 1, 81, 16, 208
-0.999732, 291, 113, 306, 240
-0.999735, 227, 241, 242, 368
-0.999746, 295, 65, 310, 192
-0.999753, 131, 105, 146, 120
-0.999756, 275, 225, 290, 352
-0.999764, 141, 33, 156, 160
-0.999772, 105, 129, 120, 256
-0.999774, 405, 209, 436, 336
-0.999777, 465, 1, 496, 256
-0.99978, 273, 145, 304, 272
-0.999785, 207, 145, 222, 272
-0.999786, 17, 241, 48, 368
-0.999787, 385, 1, 400, 128
-0.99979, 109, 209, 124, 336
-0.999801, 41, 241, 72, 368
-0.999808, 225, 49, 240, 176
-0.999821, 65, 49, 80, 176
-0.999823, 235, 1, 250, 128
-0.999823, 433, 1, 464, 256
-0.999831, 433, 241, 464, 368
-0.999847, 233, 241, 248, 368
-0.999851, 269, 209, 284, 336
-0.999855, 231, 65, 246, 192
-0.999857, 347, 225, 362, 352
-0.999878, 391, 241, 406, 368
-0.999886, 45, 81, 60, 208
-0.999919, 283, 17, 298, 144
-0.999928, 95, 49, 110, 176
-0.999934, 321, 145, 352, 272
-0.999942, 141, 145, 156, 272
-0.999945, 39, 65, 54, 192
-0.999951, 289, 193, 304, 320
-0.999954, 223, 161, 238, 288
-0.999958, 165, 225, 196, 352
-0.999964, 59, 65, 74, 192
-0.99997, 185, 1, 200, 128
-0.99997, 281, 209, 296, 336
-0.999973, 409, 113, 424, 240
-0.999974, 117, 49, 132, 176
-0.999977, 133, 1, 148, 128
-0.999998, 71, 49, 86, 176
-1, 301, 65, 316, 192
-1.00001, 219, 241, 234, 368
-1.00001, 403, 65, 418, 192
-1.00001, 253, 1, 268, 128
-1.00002, 165, 145, 180, 272
-1.00002, 97, 113, 112, 240
-1.00003, 361, 225, 376, 352
-1.00003, 233, 113, 264, 240
-1.00003, 79, 49, 94, 176
-1.00004, 269, 1, 284, 128
-1.00005, 89, 49, 104, 176
-1.00005, 7, 97, 22, 224
-1.00006, 191, 145, 206, 272
-1.00007, 213, 17, 228, 144
-1.00008, 343, 81, 358, 208
-1.00008, 53, 65, 68, 192
-1.00009, 205, 241, 220, 368
-1.00009, 221, 97, 236, 224
-1.00011, 341, 225, 356, 352
-1.00011, 103, 241, 118, 368
-1.00011, 361, 161, 392, 288
-1.00012, 89, 97, 104, 224
-1.00012, 397, 1, 412, 128
-1.00012, 137, 97, 152, 224
-1.00013, 233, 113, 248, 240
-1.00013, 339, 33, 354, 160
-1.00013, 153, 209, 168, 336
-1.00013, 37, 1, 52, 128
-1.00014, 295, 161, 310, 288
-1.00015, 375, 49, 390, 176
-1.00015, 171, 129, 186, 256
-1.00015, 101, 65, 116, 192
-1.00016, 275, 1, 290, 128
-1.00016, 147, 129, 162, 256
-1.00017, 403, 113, 418, 240
-1.00017, 191, 241, 206, 368
-1.00018, 83, 97, 98, 224
-1.00018, 391, 113, 406, 240
-1.00018, 239, 241, 254, 368
-1.00019, 307, 49, 322, 176
-1.00019, 143, 241, 158, 368
-1.00019, 97, 161, 112, 288
-1.00019, 405, 17, 420, 144
-1.0002, 141, 193, 156, 320
-1.00021, 181, 225, 196, 352
-1.00021, 263, 225, 278, 352
-1.00021, 191, 1, 206, 128
-1.00021, 299, 17, 314, 144
-1.00021, 381, 49, 396, 176
-1.00022, 263, 1, 278, 128
-1.00022, 117, 225, 132, 352
-1.00022, 353, 17, 368, 144
-1.00023, 289, 17, 304, 144
-1.00023, 177, 129, 192, 256
-1.00023, 153, 113, 168, 240
-1.00023, 203, 1, 218, 128
-1.00023, 67, 1, 82, 128
-1.00025, 285, 113, 300, 240
-1.00025, 383, 145, 398, 272
-1.00025, 293, 241, 308, 368
-1.0004, 453, 225, 484, 352
-1.00048, 57, 1, 88, 128
-1.00052, 9, 193, 40, 320
-1.00062, 41, 193, 72, 320
-1.00064, 297, 17, 328, 144
-1.00075, 57, 161, 88, 288
-1.00087, 181, 49, 212, 176
-1.00089, 321, 65, 352, 192
-1.00091, 465, 241, 496, 368
-1.00124, 197, 81, 228, 208
-1.00132, 25, 113, 56, 240
-1.00134, 421, 241, 452, 368
