1408
-0.406697, 1, 1, 320, 216
-0.645615, 33, 1, 288, 216
-0.841632, 1, 65, 320, 192
-0.878791, 1, 1, 128, 216
-0.881567, 49, 1, 176, 216
-0.882838, 1, 17, 320, 144
-0.886174, 97, 1, 224, 216
-0.891446, 193, 1, 320, 216
-0.89454, 65, 65, 320, 192
-0.905288, 145, 1, 272, 216
-0.921201, 33, 81, 160, 208
-0.922439, 161, 97, 288, 216
-0.925747, 65, 17, 320, 144
-0.929419, 97, 49, 224, 176
-0.931952, 57, 81, 120, 208
-0.934802, 257, 33, 320, 160
-0.938089, 17, 49, 80, 176
-0.939609, 113, 97, 240, 216
-0.940446, 105, 65, 168, 192
-0.94084, 1, 33, 128, 160
-0.944094, 81, 97, 144, 216
-0.944986, 177, 49, 304, 176
-0.945731, 217, 97, 280, 216
-0.946448, 33, 97, 96, 216
-0.946649, 97, 153, 160, 216
-0.947519, 257, 81, 320, 208
-0.951466, 169, 97, 232, 216
-0.951485, 137, 17, 200, 144
-0.95185, 49, 33, 176, 160
-0.952475, 137, 97, 200, 216
-0.952763, 129, 129, 192, 192
-0.952894, 257, 145, 320, 208
-0.954137, 81, 49, 144, 176
-0.954684, 193, 97, 256, 216
-0.955082, 97, 73, 160, 136
-0.955712, 57, 65, 120, 128
-0.955847, 17, 129, 80, 192
-0.955861, 121, 153, 184, 216
-0.956289, 97, 129, 160, 192
-0.956405, 17, 49, 80, 112
-0.956793, 9, 97, 72, 216
-0.956888, 257, 89, 320, 152
-0.958178, 177, 1, 304, 128
-0.958445, 57, 97, 120, 160
-0.958846, 129, 1, 256, 128
-0.958904, 217, 49, 280, 176
-0.959212, 57, 17, 120, 144
-0.959686, 73, 137, 136, 200
-0.960771, 169, 153, 232, 216
-0.961026, 113, 17, 176, 144
-0.961116, 257, 121, 320, 184
-0.961338, 41, 153, 104, 216
-0.961423, 161, 129, 224, 192
-0.961761, 89, 97, 152, 160
-0.961804, 17, 73, 80, 136
-0.961812, 161, 113, 288, 176
-0.962388, 217, 153, 280, 216
-0.962408, 257, 65, 320, 128
-0.962799, 257, 41, 320, 104
-0.963835, 217, 129, 280, 192
-0.964322, 177, 49, 240, 176
-0.964352, 177, 153, 304, 216
-0.964775, 17, 153, 80, 216
-0.964878, 145, 153, 208, 216
-0.964993, 85, 81, 116, 208
-0.964997, 129, 49, 192, 112
-0.965233, 225, 89, 288, 152
-0.965404, 97, 153, 224, 216
-0.965982, 49, 121, 176, 184
-0.966154, 33, 1, 96, 128
-0.966682, 137, 105, 200, 168
-0.966742, 121, 73, 184, 136
-0.967766, 193, 153, 256, 216
-0.967766, 41, 49, 72, 176
-0.967791, 105, 65, 136, 192
-0.968047, 33, 73, 160, 136
-0.968276, 5, 33, 36, 160
-0.968405, 81, 81, 208, 144
-0.968416, 285, 33, 316, 160
-0.968419, 161, 97, 224, 160
-0.96866, 41, 129, 104, 192
-0.968823, 49, 153, 176, 216
-0.968835, 217, 1, 280, 128
-0.968892, 269, 33, 300, 160
-0.968954, 9, 105, 72, 168
-0.969378, 9, 1, 72, 128
-0.969496, 33, 97, 96, 160
-0.970302, 113, 129, 240, 192
-0.97047, 33, 97, 160, 160
-0.970804, 57, 41, 120, 104
-0.971466, 97, 49, 224, 112
-0.971606, 225, 57, 288, 120
-0.971848, 89, 1, 152, 128
-0.972066, 177, 89, 304, 152
-0.972363, 25, 49, 56, 176
-0.97241, 53, 81, 84, 208
-0.973043, 65, 81, 96, 208
-0.973456, 113, 105, 176, 168
-0.973724, 185, 105, 248, 168
-0.973731, 233, 97, 264, 216
-0.974321, 165, 121, 196, 184
-0.974678, 137, 25, 200, 88
-0.974728, 1, 49, 128, 112
-0.974928, 17, 1, 80, 216
-0.974992, 245, 97, 276, 216
-0.975136, 177, 65, 240, 128
-0.975347, 97, 105, 224, 168
-0.97545, 105, 49, 168, 112
-0.975566, 129, 137, 160, 200
-0.975606, 57, 1, 120, 216
-0.975879, 161, 65, 288, 128
-0.975998, 265, 81, 296, 208
-0.976259, 193, 129, 256, 192
-0.976275, 129, 1, 192, 216
-0.976377, 185, 97, 216, 216
-0.976407, 145, 137, 176, 200
-0.976448, 129, 65, 160, 192
-0.976565, 117, 81, 148, 208
-0.976583, 265, 129, 296, 192
-0.976648, 97, 1, 160, 216
-0.976804, 173, 97, 204, 216
-0.976865, 101, 65, 132, 128
-0.976879, 257, 1, 320, 216
-0.976998, 153, 73, 216, 136
-0.977118, 269, 41, 300, 104
-0.977119, 1, 25, 64, 88
-0.977612, 9, 65, 40, 128
-0.977717, 117, 153, 148, 216
-0.977893, 33, 25, 160, 88
-0.978066, 41, 121, 72, 184
-0.978352, 85, 137, 116, 200
-0.97849, 45, 49, 76, 112
-0.978536, 161, 97, 192, 216
-0.97856, 113, 65, 144, 128
-0.978694, 89, 89, 120, 152
-0.978777, 49, 49, 176, 112
-0.978801, 141, 49, 172, 176
-0.978814, 201, 97, 232, 216
-0.978847, 285, 145, 316, 208
-0.978909, 249, 145, 280, 208
-0.978911, 9, 81, 40, 208
-0.978965, 253, 49, 284, 176
-0.979072, 1, 145, 128, 208
-0.979119, 265, 89, 296, 152
-0.979185, 105, 153, 136, 216
-0.979282, 265, 153, 296, 216
-0.979394, 85, 65, 116, 128
-0.979443, 21, 97, 52, 216
-0.979829, 153, 113, 184, 176
-0.97987, 249, 105, 280, 168
-0.97999, 61, 97, 92, 160
-0.980118, 65, 153, 96, 216
-0.980185, 177, 113, 208, 176
-0.980239, 141, 49, 172, 112
-0.980241, 9, 89, 40, 152
-0.980243, 189, 153, 220, 216
-0.980319, 105, 121, 136, 184
-0.9805, 101, 89, 132, 152
-0.980707, 85, 113, 116, 176
-0.980732, 9, 41, 40, 104
-0.980785, 17, 113, 48, 176
-0.980789, 281, 33, 312, 96
-0.980862, 157, 145, 188, 208
-0.980876, 145, 97, 176, 216
-0.980884, 61, 33, 92, 160
-0.98089, 41, 97, 72, 216
-0.980891, 89, 25, 152, 88
-0.981014, 221, 97, 252, 216
-0.981118, 81, 49, 144, 112
-0.981122, 265, 65, 296, 128
-0.981148, 177, 41, 304, 104
-0.98115, 21, 145, 52, 208
-0.981156, 65, 65, 96, 128
-0.981235, 161, 1, 224, 128
-0.981412, 201, 65, 264, 128
-0.981512, 249, 65, 280, 128
-0.981513, 29, 57, 60, 120
-0.981531, 125, 73, 156, 136
-0.981653, 153, 49, 184, 176
-0.981815, 97, 161, 160, 192
-0.981853, 41, 153, 72, 216
-0.981971, 237, 153, 268, 216
-0.982094, 49, 1, 112, 64
-0.982133, 117, 33, 148, 160
-0.982283, 49, 97, 80, 160
-0.982307, 209, 153, 240, 216
-0.982413, 169, 153, 200, 216
-0.982429, 137, 113, 168, 176
-0.982437, 45, 73, 76, 136
-0.982501, 113, 25, 176, 88
-0.982635, 217, 1, 280, 216
-0.982641, 221, 153, 252, 216
-0.982698, 185, 49, 216, 176
-0.982706, 113, 89, 144, 152
-0.982744, 33, 81, 64, 144
-0.982851, 29, 113, 60, 176
-0.982915, 61, 129, 92, 192
-0.983046, 157, 81, 188, 144
-0.983341, 233, 113, 264, 176
-0.98336, 161, 33, 192, 96
-0.983468, 161, 41, 224, 104
-0.983532, 225, 33, 288, 96
-0.983701, 73, 185, 136, 216
-0.983716, 189, 129, 220, 192
-0.983761, 193, 1, 256, 128
-0.983809, 149, 25, 180, 88
-0.98384, 285, 113, 316, 176
-0.983856, 113, 173, 176, 204
-0.9839, 37, 1, 68, 128
-0.983998, 185, 89, 216, 152
-0.984014, 33, 33, 64, 96
-0.984057, 73, 129, 104, 192
-0.984164, 161, 17, 288, 80
-0.984222, 1, 113, 32, 176
-0.984222, 209, 161, 272, 192
-0.984225, 161, 165, 224, 196
-0.984268, 73, 173, 136, 204
-0.984392, 185, 161, 248, 192
-0.984447, 285, 57, 316, 120
-0.984465, 137, 173, 200, 204
-0.984578, 217, 129, 248, 192
-0.984679, 73, 97, 104, 160
-0.984717, 9, 145, 40, 208
-0.984765, 57, 161, 120, 192
-0.984803, 221, 105, 252, 168
-0.984863, 249, 41, 280, 104
-0.984877, 33, 165, 96, 196
-0.984883, 205, 129, 236, 192
-0.984898, 21, 33, 52, 96
-0.984906, 277, 81, 308, 144
-0.985096, 93, 33, 124, 160
-0.985147, 61, 1, 92, 64
-0.98521, 53, 153, 84, 216
-0.985226, 173, 89, 204, 152
-0.985282, 1, 73, 320, 136
-0.985356, 117, 129, 148, 192
-0.985367, 121, 41, 152, 104
-0.98538, 249, 157, 312, 188
-0.985409, 237, 89, 268, 152
-0.985426, 97, 185, 160, 216
-0.985433, 25, 25, 88, 88
-0.985551, 209, 177, 272, 208
-0.985722, 129, 161, 192, 192
-0.985744, 1, 129, 320, 192
-0.985938, 149, 1, 180, 128
-0.986017, 185, 177, 248, 208
-0.986063, 169, 49, 200, 176
-0.986077, 145, 89, 176, 152
-0.986141, 25, 1, 88, 64
-0.986162, 105, 1, 168, 64
-0.986201, 21, 89, 52, 152
-0.986246, 205, 105, 236, 168
-0.98625, 65, 121, 320, 184
-0.986254, 161, 177, 224, 208
-0.986266, 49, 185, 112, 216
-0.986277, 61, 33, 92, 96
-0.986288, 121, 141, 184, 172
-0.986292, 33, 153, 288, 216
-0.986335, 177, 57, 208, 120
-0.986497, 25, 185, 88, 216
-0.986544, 249, 1, 312, 64
-0.986567, 241, 49, 272, 176
-0.986834, 17, 149, 80, 180
-0.986861, 17, 49, 80, 80
-0.986897, 137, 185, 200, 216
-0.987003, 97, 137, 160, 168
-0.987074, 1, 129, 64, 160
-0.98708, 81, 69, 144, 100
-0.987108, 277, 81, 308, 208
-0.987259, 17, 73, 80, 104
-0.987279, 257, 169, 320, 200
-0.987318, 49, 1, 176, 64
-0.987413, 105, 17, 136, 144
-0.987438, 161, 9, 192, 72
-0.987468, 161, 1, 224, 216
-0.987489, 57, 69, 120, 100
-0.987598, 57, 81, 120, 112
-0.987627, 125, 97, 156, 160
-0.987657, 145, 1, 208, 64
-0.987669, 25, 89, 88, 120
-0.987672, 57, 149, 120, 180
-0.987708, 81, 25, 208, 88
-0.987765, 185, 1, 248, 216
-0.987769, 1, 121, 128, 184
-0.987772, 217, 65, 248, 128
-0.9878, 133, 25, 164, 88
-0.987854, 105, 69, 168, 100
-0.987854, 289, 81, 320, 144
-0.987883, 129, 17, 160, 144
-0.987948, 97, 149, 160, 180
-0.987987, 1, 165, 64, 196
-0.988035, 289, 81, 320, 208
-0.988055, 1, 105, 320, 168
-0.988079, 257, 185, 320, 216
-0.988079, 217, 49, 248, 176
-0.988293, 45, 25, 76, 88
-0.988322, 257, 141, 320, 172
-0.988326, 81, 33, 112, 160
-0.988407, 1, 113, 64, 144
-0.988427, 257, 65, 320, 96
-0.988438, 97, 41, 128, 104
-0.988477, 57, 121, 120, 152
-0.988515, 205, 49, 236, 176
-0.988567, 193, 65, 224, 128
-0.988626, 277, 1, 308, 64
-0.988677, 17, 101, 80, 132
-0.988692, 205, 65, 236, 128
-0.988756, 165, 57, 196, 120
-0.988783, 57, 101, 120, 132
-0.98879, 25, 1, 56, 128
-0.988941, 109, 41, 140, 104
-0.988967, 173, 33, 204, 96
-0.989045, 245, 1, 276, 128
-0.989078, 225, 145, 288, 176
-0.989099, 49, 1, 80, 64
-0.989129, 57, 57, 120, 88
-0.98913, 49, 1, 80, 128
-0.989208, 1, 185, 64, 216
-0.989211, 257, 101, 320, 132
-0.989229, 257, 125, 320, 156
-0.989242, 81, 85, 144, 116
-0.989252, 1, 73, 256, 136
-0.989265, 9, 17, 40, 80
-0.989333, 257, 53, 320, 84
-0.989384, 41, 137, 104, 168
-0.98939, 145, 1, 176, 64
-0.989407, 169, 125, 232, 156
-0.989436, 1, 153, 320, 216
-0.989452, 185, 33, 216, 96
-0.989461, 289, 1, 320, 64
-0.98949, 97, 97, 160, 128
-0.989524, 9, 61, 72, 92
-0.989622, 137, 125, 200, 156
-0.989715, 257, 89, 320, 120
-0.989726, 121, 17, 152, 80
-0.989849, 65, 97, 320, 160
-0.98985, 177, 113, 240, 144
-0.989859, 1, 49, 320, 112
-0.989922, 73, 1, 104, 64
-0.989972, 233, 169, 296, 200
-0.99002, 81, 41, 112, 104
-0.990122, 33, 61, 96, 92
-0.990126, 233, 185, 296, 216
-0.990127, 105, 81, 168, 112
-0.990143, 217, 121, 280, 152
-0.99017, 97, 125, 160, 156
-0.990211, 237, 65, 268, 128
-0.990221, 137, 105, 200, 136
-0.990251, 137, 53, 200, 84
-0.990288, 145, 137, 208, 168
-0.990291, 1, 85, 64, 116
-0.990291, 153, 57, 184, 120
-0.990335, 33, 125, 96, 156
-0.9904, 133, 1, 164, 64
-0.990411, 49, 181, 176, 212
-0.990431, 257, 113, 320, 144
-0.990436, 113, 165, 240, 196
-0.99059, 225, 65, 288, 96
-0.990712, 185, 25, 248, 88
-0.990747, 225, 93, 288, 124
-0.990852, 257, 41, 320, 72
-0.990855, 249, 17, 280, 80
-0.990997, 225, 1, 288, 64
-0.991012, 33, 9, 64, 72
-0.991051, 93, 17, 124, 80
-0.991066, 65, 165, 96, 196
-0.991076, 109, 161, 140, 192
-0.991091, 129, 81, 192, 112
-0.9911, 257, 77, 320, 108
-0.991195, 161, 161, 288, 192
-0.991217, 133, 165, 164, 196
-0.991253, 189, 161, 220, 192
-0.991346, 177, 181, 304, 212
-0.99137, 161, 1, 192, 128
-0.991418, 117, 173, 148, 204
-0.991437, 49, 165, 176, 196
-0.991465, 225, 109, 288, 140
-0.991478, 65, 181, 96, 212
-0.991514, 105, 173, 136, 204
-0.991521, 97, 177, 224, 208
-0.991549, 149, 173, 180, 204
-0.991573, 129, 137, 160, 168
-0.991578, 121, 93, 184, 124
-0.991653, 161, 153, 224, 184
-0.991692, 97, 109, 160, 140
-0.991698, 201, 165, 232, 196
-0.9917, 85, 169, 116, 200
-0.991704, 217, 161, 248, 192
-0.991733, 85, 185, 116, 216
-0.991746, 165, 173, 196, 204
-0.991756, 121, 161, 152, 192
-0.991758, 249, 157, 280, 188
-0.991773, 185, 1, 216, 128
-0.991778, 205, 177, 236, 208
-0.991793, 165, 121, 196, 152
-0.991809, 65, 41, 320, 104
-0.991836, 229, 49, 260, 176
-0.991857, 129, 177, 160, 208
-0.991878, 9, 37, 72, 68
-0.991892, 93, 157, 124, 188
-0.991898, 153, 161, 184, 192
-0.99194, 137, 41, 200, 72
-0.991989, 73, 1, 136, 64
-0.992019, 265, 157, 296, 188
-0.99202, 177, 165, 208, 196
-0.992037, 105, 69, 136, 100
-0.992061, 1, 1, 128, 64
-0.992075, 249, 145, 280, 176
-0.992085, 117, 185, 148, 216
-0.992125, 289, 157, 320, 188
-0.992141, 237, 157, 268, 188
-0.992149, 105, 185, 136, 216
-0.992151, 261, 17, 292, 80
-0.992151, 225, 25, 256, 88
-0.992155, 25, 113, 88, 144
-0.992209, 161, 121, 288, 152
-0.992225, 73, 137, 136, 168
-0.992226, 129, 65, 192, 96
-0.992234, 17, 169, 48, 200
-0.99226, 217, 133, 280, 164
-0.992264, 265, 65, 296, 96
-0.992265, 217, 177, 248, 208
-0.992282, 277, 153, 308, 184
-0.992298, 193, 177, 224, 208
-0.99233, 101, 89, 132, 120
-0.992335, 177, 121, 192, 184
-0.992348, 5, 73, 36, 104
-0.992349, 265, 141, 296, 172
-0.992353, 45, 69, 76, 100
-0.992354, 89, 69, 120, 100
-0.992387, 33, 177, 64, 208
-0.992399, 173, 1, 204, 64
-0.992409, 41, 137, 72, 168
-0.992424, 89, 97, 120, 128
-0.992435, 45, 181, 76, 212
-0.992443, 249, 185, 280, 216
-0.992456, 265, 113, 296, 144
-0.99246, 185, 149, 248, 180
-0.992463, 181, 177, 212, 208
-0.992466, 141, 185, 172, 216
-0.992468, 157, 137, 188, 168
-0.992474, 45, 157, 76, 188
-0.99248, 265, 81, 296, 112
-0.992484, 41, 117, 72, 148
-0.992485, 45, 81, 76, 112
-0.992499, 281, 41, 312, 72
-0.992507, 153, 125, 184, 156
-0.992512, 165, 161, 196, 192
-0.992521, 45, 169, 76, 200
-0.99254, 25, 129, 56, 160
-0.992548, 167, 113, 182, 176
-0.992558, 105, 137, 136, 168
-0.99256, 265, 49, 296, 80
-0.99256, 225, 53, 288, 84
-0.992578, 153, 185, 184, 216
-0.992601, 9, 93, 40, 124
-0.992604, 237, 33, 268, 96
-0.992622, 33, 165, 64, 196
-0.992659, 81, 157, 112, 188
-0.992665, 17, 153, 48, 184
-0.992668, 125, 149, 156, 180
-0.992683, 145, 137, 176, 168
-0.992683, 249, 113, 280, 144
-0.992688, 85, 145, 116, 176
-0.9927, 165, 185, 196, 216
-0.992702, 145, 53, 176, 84
-0.992732, 109, 9, 140, 72
-0.992749, 1, 181, 32, 212
-0.992762, 1, 41, 32, 72
-0.992775, 33, 153, 64, 184
-0.992786, 205, 153, 236, 184
-0.992787, 21, 185, 52, 216
-0.992797, 29, 81, 60, 112
-0.992799, 265, 125, 296, 156
-0.992802, 25, 65, 56, 96
-0.99282, 5, 109, 36, 140
-0.992837, 233, 169, 264, 200
-0.992837, 25, 45, 56, 76
-0.992837, 17, 141, 48, 172
-0.992837, 249, 97, 280, 128
-0.992841, 1, 141, 32, 172
-0.992842, 33, 69, 160, 100
-0.992843, 229, 181, 260, 212
-0.992847, 157, 137, 172, 200
-0.992859, 25, 117, 56, 148
-0.992868, 105, 149, 136, 180
-0.992897, 209, 1, 240, 64
-0.992901, 65, 153, 96, 184
-0.992905, 177, 1, 240, 64
-0.992908, 113, 85, 144, 116
-0.99291, 5, 169, 36, 200
-0.992917, 97, 57, 160, 88
-0.992932, 145, 93, 208, 124
-0.992942, 13, 61, 44, 92
-0.992954, 269, 93, 300, 124
-0.992974, 221, 149, 252, 180
-0.992975, 29, 105, 60, 136
-0.992989, 49, 153, 176, 184
-0.993019, 45, 57, 76, 88
-0.99302, 141, 153, 172, 184
-0.99303, 169, 133, 200, 164
-0.993032, 265, 181, 296, 212
-0.993032, 21, 9, 52, 72
-0.993055, 265, 169, 296, 200
-0.993058, 53, 105, 84, 136
-0.993078, 185, 1, 216, 64
-0.993113, 41, 93, 72, 124
-0.993114, 249, 125, 280, 156
-0.993114, 33, 129, 160, 160
-0.99312, 181, 113, 212, 144
-0.993121, 13, 41, 44, 72
-0.993147, 115, 65, 130, 128
-0.993156, 61, 121, 92, 152
-0.993161, 289, 145, 320, 176
-0.993162, 105, 105, 136, 136
-0.993172, 285, 169, 316, 200
-0.993189, 1, 25, 320, 88
-0.993204, 117, 73, 148, 104
-0.993204, 249, 173, 280, 204
-0.993208, 237, 145, 268, 176
-0.99321, 149, 105, 180, 136
-0.993224, 85, 117, 116, 148
-0.993225, 249, 65, 280, 96
-0.993227, 177, 109, 304, 140
-0.993233, 277, 65, 308, 96
-0.993268, 37, 45, 68, 76
-0.993281, 197, 33, 228, 96
-0.993289, 33, 93, 160, 124
-0.993293, 289, 185, 320, 216
-0.993337, 61, 69, 92, 100
-0.993342, 89, 81, 120, 112
-0.993353, 9, 121, 40, 152
-0.99338, 257, 1, 288, 128
-0.993382, 1, 57, 32, 88
-0.993382, 281, 77, 312, 108
-0.993396, 81, 129, 112, 160
-0.993402, 225, 1, 256, 64
-0.993409, 53, 93, 84, 124
-0.99342, 113, 141, 240, 172
-0.993446, 157, 45, 188, 76
-0.993474, 285, 97, 316, 128
-0.99348, 141, 125, 172, 156
-0.993485, 253, 53, 284, 84
-0.993489, 137, 65, 168, 96
-0.993491, 189, 149, 220, 180
-0.993535, 127, 153, 142, 216
-0.993539, 113, 37, 176, 68
-0.993558, 147, 137, 162, 200
-0.993573, 299, 145, 314, 208
-0.993574, 271, 49, 286, 112
-0.993588, 55, 49, 70, 112
-0.993594, 105, 153, 120, 216
-0.99366, 171, 137, 186, 200
-0.993704, 177, 93, 240, 124
-0.993711, 177, 149, 304, 180
-0.993723, 109, 73, 124, 136
-0.993734, 21, 65, 36, 128
-0.99375, 33, 81, 160, 112
-0.993765, 81, 109, 208, 140
-0.99387, 3, 65, 18, 128
-0.993893, 225, 81, 288, 112
-0.993906, 213, 41, 244, 104
-0.993922, 133, 137, 148, 200
-0.993957, 81, 89, 208, 120
-0.993964, 113, 153, 240, 184
-0.993993, 169, 137, 232, 168
-0.994001, 145, 21, 208, 52
-0.994019, 141, 129, 156, 192
-0.994032, 163, 137, 178, 200
-0.994077, 201, 101, 264, 132
-0.994098, 201, 1, 264, 64
-0.994115, 173, 97, 188, 160
-0.994134, 237, 9, 268, 72
-0.994152, 161, 93, 288, 124
-0.994247, 95, 89, 110, 152
-0.994275, 57, 73, 72, 136
-0.994284, 101, 65, 116, 128
-0.994334, 121, 17, 184, 48
-0.99434, 81, 153, 96, 216
-0.994363, 277, 41, 292, 104
-0.994372, 139, 153, 154, 216
-0.994406, 197, 1, 228, 64
-0.994408, 269, 121, 284, 184
-0.994421, 161, 41, 224, 72
-0.99445, 261, 129, 276, 192
-0.994487, 1, 105, 16, 168
-0.99452, 177, 69, 304, 100
-0.994538, 85, 129, 100, 192
-0.994543, 177, 69, 240, 100
-0.994594, 213, 153, 228, 216
-0.994615, 121, 153, 136, 216
-0.994629, 11, 41, 26, 104
-0.994682, 111, 153, 126, 216
-0.994683, 29, 97, 44, 160
-0.99471, 11, 97, 26, 160
-0.994766, 263, 105, 278, 168
-0.994769, 259, 153, 274, 216
-0.994773, 161, 53, 224, 84
-0.994786, 21, 89, 36, 152
-0.994788, 269, 89, 284, 152
-0.994802, 17, 141, 144, 172
-0.994805, 1, 137, 16, 200
-0.994847, 43, 113, 58, 176
-0.994863, 87, 97, 102, 160
-0.994921, 95, 65, 110, 128
-0.994924, 25, 41, 40, 104
-0.994937, 57, 45, 120, 76
-0.994938, 33, 1, 96, 32
-0.994941, 97, 1, 224, 64
-0.994943, 9, 129, 24, 192
-0.994944, 1, 57, 128, 88
-0.994947, 43, 153, 58, 216
-0.994952, 183, 105, 198, 168
-0.994971, 1, 153, 128, 184
-0.995011, 97, 121, 224, 152
-0.995031, 269, 145, 284, 208
-0.995041, 161, 133, 288, 164
-0.995083, 47, 41, 62, 104
-0.995084, 3, 41, 18, 104
-0.995105, 285, 33, 300, 96
-0.995115, 297, 33, 312, 96
-0.995118, 289, 145, 304, 208
-0.99513, 55, 145, 70, 208
-0.995134, 11, 65, 26, 128
-0.995135, 33, 37, 96, 68
-0.995149, 169, 81, 232, 112
-0.995173, 51, 97, 66, 160
-0.995181, 81, 77, 208, 108
-0.995189, 49, 129, 64, 192
-0.995228, 151, 25, 166, 88
-0.995234, 31, 57, 46, 120
-0.995236, 193, 153, 208, 216
-0.995251, 305, 145, 320, 208
-0.995259, 225, 41, 288, 72
-0.995264, 47, 65, 62, 128
-0.995281, 57, 105, 72, 168
-0.995283, 65, 97, 80, 160
-0.995286, 95, 145, 110, 208
-0.995293, 97, 57, 224, 88
-0.995321, 57, 1, 120, 32
-0.995324, 123, 73, 138, 136
-0.995325, 37, 41, 52, 104
-0.995331, 147, 49, 162, 112
-0.995352, 199, 153, 214, 216
-0.995372, 1, 185, 128, 216
-0.995418, 17, 105, 144, 136
-0.99542, 291, 33, 306, 96
-0.995454, 107, 97, 122, 160
-0.995485, 177, 153, 192, 216
-0.995486, 1, 17, 256, 80
-0.995505, 1, 165, 128, 196
-0.995512, 277, 137, 292, 200
-0.995618, 261, 65, 276, 128
-0.995659, 187, 153, 202, 216
-0.99566, 177, 53, 304, 84
-0.995664, 253, 153, 268, 216
-0.995673, 97, 13, 160, 44
-0.995688, 37, 145, 52, 208
-0.995701, 87, 153, 102, 216
-0.995705, 225, 153, 240, 216
-0.995741, 49, 57, 176, 88
-0.995764, 207, 129, 222, 192
-0.995774, 65, 153, 80, 216
-0.995832, 113, 1, 176, 32
-0.995834, 151, 113, 166, 176
-0.99584, 19, 33, 34, 96
-0.995873, 89, 65, 104, 128
-0.99589, 33, 45, 160, 76
-0.995912, 21, 153, 36, 216
-0.995917, 105, 129, 120, 192
-0.995936, 209, 105, 224, 168
-0.99594, 13, 153, 28, 216
-0.995977, 121, 97, 136, 160
-0.995986, 37, 121, 52, 184
-0.995998, 257, 105, 272, 168
-0.996005, 17, 113, 32, 176
-0.996016, 141, 49, 156, 112
-0.996022, 251, 105, 266, 168
-0.99604, 201, 69, 264, 100
-0.996053, 207, 153, 222, 216
-0.996084, 161, 81, 288, 112
-0.996091, 303, 113, 318, 176
-0.996098, 69, 1, 84, 64
-0.996104, 79, 129, 94, 192
-0.996107, 245, 89, 260, 152
-0.996123, 65, 65, 80, 128
-0.996142, 161, 113, 176, 176
-0.996143, 111, 129, 126, 192
-0.996165, 201, 129, 216, 192
-0.996167, 173, 1, 204, 128
-0.996167, 297, 65, 312, 128
-0.99617, 101, 89, 116, 152
-0.996173, 241, 29, 304, 60
-0.996181, 133, 73, 148, 136
-0.996183, 193, 129, 256, 160
-0.996194, 303, 33, 318, 96
-0.996201, 97, 121, 112, 184
-0.996205, 235, 153, 250, 216
-0.996216, 41, 81, 56, 144
-0.99622, 241, 153, 256, 216
-0.996234, 79, 97, 94, 160
-0.996252, 127, 129, 142, 192
-0.996271, 193, 129, 208, 192
-0.996279, 25, 21, 88, 52
-0.996287, 183, 129, 198, 192
-0.996314, 297, 121, 312, 184
-0.996319, 129, 109, 256, 140
-0.996328, 135, 113, 150, 176
-0.996334, 247, 153, 262, 216
-0.99635, 289, 65, 304, 128
-0.996351, 219, 153, 234, 216
-0.996353, 33, 117, 160, 148
-0.996368, 83, 65, 98, 128
-0.996386, 161, 41, 288, 72
-0.996387, 231, 129, 246, 192
-0.996426, 237, 105, 252, 168
-0.996433, 157, 33, 172, 96
-0.996444, 153, 69, 216, 100
-0.996467, 89, 25, 152, 56
-0.99648, 189, 97, 204, 160
-0.996481, 287, 113, 302, 176
-0.996489, 25, 121, 40, 184
-0.996491, 245, 129, 260, 192
-0.996506, 213, 129, 228, 192
-0.996508, 257, 1, 320, 32
-0.996541, 75, 153, 90, 216
-0.99656, 221, 1, 252, 128
-0.996563, 185, 49, 248, 80
-0.996572, 295, 89, 310, 152
-0.996688, 1, 1, 64, 64
-0.996735, 213, 165, 228, 196
-0.996736, 167, 121, 182, 152
-0.996767, 49, 33, 176, 64
-0.996773, 193, 161, 208, 192
-0.996805, 33, 1, 64, 216
-0.996826, 65, 141, 192, 172
-0.996881, 125, 161, 140, 192
-0.996888, 201, 89, 264, 120
-0.996902, 285, 1, 316, 216
-0.996922, 127, 173, 142, 204
-0.996937, 79, 165, 94, 196
-0.996939, 205, 161, 220, 192
-0.996951, 145, 9, 208, 40
-0.996961, 141, 165, 156, 196
-0.996965, 181, 173, 196, 204
-0.996979, 1, 17, 64, 48
-0.996985, 113, 161, 128, 192
-0.99699, 151, 173, 166, 204
-0.997004, 185, 37, 248, 68
-0.997051, 201, 9, 264, 40
-0.997055, 9, 1, 40, 216
-0.997064, 221, 161, 236, 192
-0.997071, 133, 1, 164, 216
-0.997092, 269, 1, 300, 216
-0.997096, 135, 173, 150, 204
-0.997114, 131, 161, 146, 192
-0.997143, 117, 69, 132, 100
-0.997161, 157, 173, 172, 204
-0.997165, 85, 185, 100, 216
-0.997175, 199, 161, 214, 192
-0.997176, 111, 89, 126, 120
-0.997181, 89, 45, 152, 76
-0.997189, 105, 153, 120, 184
-0.997191, 163, 173, 178, 204
-0.997205, 187, 165, 202, 196
-0.997208, 119, 161, 134, 192
-0.997212, 85, 169, 100, 200
-0.997212, 67, 185, 82, 216
-0.997218, 77, 185, 92, 216
-0.997222, 269, 157, 284, 188
-0.997228, 67, 165, 82, 196
-0.997237, 57, 13, 120, 44
-0.997243, 107, 165, 122, 196
-0.99725, 175, 173, 190, 204
-0.997292, 39, 133, 54, 164
-0.997292, 255, 157, 270, 188
-0.997319, 207, 173, 222, 204
-0.997324, 97, 97, 112, 128
-0.997332, 35, 177, 50, 208
-0.997339, 169, 173, 184, 204
-0.997347, 149, 1, 180, 216
-0.997349, 57, 181, 72, 212
-0.997354, 271, 49, 286, 80
-0.997364, 55, 69, 70, 100
-0.997374, 199, 177, 214, 208
-0.997375, 121, 177, 136, 208
-0.997379, 289, 157, 304, 188
-0.997393, 57, 29, 120, 60
-0.997394, 263, 153, 278, 184
-0.997397, 161, 137, 176, 168
-0.997398, 169, 141, 184, 172
-0.997401, 175, 125, 190, 156
-0.997415, 45, 1, 76, 216
-0.997419, 145, 177, 160, 208
-0.997428, 29, 185, 44, 216
-0.997431, 57, 105, 72, 136
-0.997437, 219, 173, 234, 204
-0.997439, 213, 177, 228, 208
-0.99744, 297, 157, 312, 188
-0.997453, 163, 161, 178, 192
-0.997453, 169, 161, 184, 192
-0.997456, 169, 1, 232, 32
-0.997458, 61, 1, 92, 216
-0.997468, 139, 185, 154, 216
-0.997469, 235, 157, 250, 188
-0.997473, 47, 169, 62, 200
-0.997485, 21, 73, 36, 104
-0.997488, 213, 153, 228, 184
-0.9975, 175, 161, 190, 192
-0.99751, 55, 117, 70, 148
-0.997512, 47, 69, 62, 100
-0.997526, 97, 45, 224, 76
-0.99754, 227, 161, 242, 192
-0.997545, 275, 157, 290, 188
-0.997546, 73, 165, 88, 196
-0.997551, 255, 177, 270, 208
-0.997552, 157, 185, 172, 216
-0.997553, 39, 145, 54, 176
-0.997554, 31, 73, 46, 104
-0.997557, 133, 137, 148, 168
-0.997558, 271, 133, 286, 164
-0.997563, 47, 121, 62, 152
-0.997564, 151, 185, 166, 216
-0.997571, 115, 173, 130, 204
-0.99758, 177, 109, 192, 140
-0.997581, 101, 1, 132, 216
-0.997585, 5, 185, 20, 216
-0.99759, 49, 137, 64, 168
-0.997593, 39, 161, 54, 192
-0.997594, 277, 45, 292, 76
-0.997602, 149, 161, 164, 192
-0.997602, 261, 185, 276, 216
-0.997602, 197, 1, 228, 128
-0.99761, 155, 161, 170, 192
-0.99761, 105, 177, 120, 208
-0.997616, 3, 137, 18, 168
-0.997622, 225, 177, 240, 208
-0.997624, 47, 81, 62, 112
-0.997629, 35, 61, 50, 92
-0.99763, 249, 157, 264, 188
-0.997633, 89, 1, 120, 216
-0.997636, 47, 149, 62, 180
-0.997638, 191, 177, 206, 208
-0.99764, 131, 185, 146, 216
-0.99764, 55, 129, 70, 160
-0.997643, 11, 69, 26, 100
-0.997645, 161, 125, 176, 156
-0.997649, 163, 185, 178, 216
-0.997658, 57, 53, 72, 84
-0.99767, 3, 45, 18, 76
-0.997671, 59, 161, 74, 192
-0.997672, 299, 145, 314, 176
-0.997677, 129, 149, 144, 180
-0.997679, 83, 153, 98, 184
-0.997684, 31, 113, 46, 144
-0.997689, 111, 73, 126, 104
-0.997691, 271, 65, 286, 96
-0.997692, 3, 73, 18, 104
-0.997693, 3, 101, 18, 132
-0.997705, 1, 169, 16, 200
-0.997718, 269, 109, 284, 140
-0.997722, 21, 1, 52, 216
-0.997723, 11, 157, 26, 188
-0.997729, 25, 97, 40, 128
-0.997733, 271, 77, 286, 108
-0.997738, 39, 73, 54, 104
-0.99774, 283, 41, 298, 72
-0.997747, 25, 53, 40, 84
-0.99775, 169, 185, 184, 216
-0.997751, 145, 57, 160, 88
-0.997751, 95, 69, 110, 100
-0.997752, 305, 157, 320, 188
-0.997755, 123, 77, 138, 108
-0.997756, 95, 161, 110, 192
-0.997764, 1, 113, 16, 144
-0.997767, 57, 89, 72, 120
-0.997769, 31, 41, 46, 72
-0.997778, 115, 185, 130, 216
-0.997778, 117, 81, 132, 112
-0.997779, 263, 165, 278, 196
-0.997781, 139, 133, 154, 164
-0.997782, 155, 137, 170, 168
-0.997791, 11, 105, 26, 136
-0.997805, 305, 41, 320, 72
-0.997809, 249, 1, 280, 216
-0.997819, 233, 5, 296, 36
-0.997841, 177, 25, 240, 56
-0.997869, 217, 29, 280, 60
-0.997923, 55, 49, 70, 176
-0.997975, 257, 17, 320, 48
-0.997979, 73, 1, 104, 216
-0.997982, 271, 33, 286, 160
-0.998017, 161, 1, 192, 216
-0.998106, 121, 1, 152, 216
-0.99812, 177, 29, 304, 60
-0.998151, 233, 17, 296, 48
-0.998153, 47, 65, 62, 192
-0.998244, 85, 81, 100, 208
-0.998281, 21, 33, 36, 160
-0.998288, 97, 65, 112, 192
-0.998322, 97, 165, 160, 180
-0.998327, 221, 1, 252, 216
-0.998329, 65, 17, 192, 48
-0.998359, 129, 173, 192, 188
-0.998362, 169, 171, 232, 186
-0.998364, 73, 173, 136, 188
-0.998368, 97, 171, 160, 186
-0.998374, 201, 171, 264, 186
-0.998382, 57, 179, 120, 194
-0.998385, 225, 159, 288, 174
-0.998392, 277, 33, 292, 160
-0.998395, 11, 33, 26, 160
-0.998396, 57, 187, 120, 202
-0.998396, 57, 167, 120, 182
-0.998396, 145, 167, 208, 182
-0.998399, 257, 163, 320, 178
-0.9984, 209, 193, 272, 208
-0.998404, 185, 163, 248, 178
-0.998407, 45, 97, 76, 112
-0.998407, 245, 177, 276, 192
-0.998409, 249, 169, 312, 184
-0.998412, 85, 177, 116, 192
-0.998414, 25, 195, 56, 210
-0.998416, 97, 197, 160, 212
-0.998416, 97, 177, 160, 192
-0.998417, 105, 81, 120, 208
-0.998418, 25, 189, 88, 204
-0.998418, 161, 177, 224, 192
-0.998421, 129, 139, 192, 154
-0.998421, 257, 157, 320, 172
-0.998421, 73, 195, 136, 210
-0.998422, 9, 79, 40, 94
-0.998424, 157, 141, 188, 156
-0.998426, 5, 163, 36, 178
-0.998426, 17, 171, 80, 186
-0.998427, 209, 177, 272, 192
-0.998431, 97, 185, 160, 200
-0.998432, 137, 195, 200, 210
-0.998433, 17, 141, 80, 156
-0.998433, 41, 173, 104, 188
-0.998434, 31, 65, 46, 192
-0.998434, 97, 139, 160, 154
-0.998435, 89, 1, 152, 32
-0.998438, 129, 179, 192, 194
-0.99844, 133, 183, 164, 198
-0.998445, 257, 65, 320, 80
-0.998446, 1, 45, 64, 60
-0.998448, 217, 165, 280, 180
-0.998449, 177, 193, 240, 208
-0.998453, 177, 1, 208, 216
-0.998454, 249, 187, 312, 202
-0.998454, 81, 71, 144, 86
-0.998456, 17, 73, 80, 88
-0.998456, 49, 197, 112, 212
-0.998456, 225, 171, 288, 186
-0.998457, 5, 95, 36, 110
-0.998457, 17, 147, 80, 162
-0.998459, 121, 167, 184, 182
-0.99846, 97, 159, 160, 174
-0.998461, 33, 179, 96, 194
-0.998463, 57, 71, 120, 86
-0.998464, 17, 161, 80, 176
-0.998466, 21, 65, 52, 80
-0.998466, 101, 79, 132, 94
-0.998466, 73, 161, 104, 176
-0.998467, 185, 177, 248, 192
-0.998468, 257, 125, 320, 140
-0.998469, 57, 81, 120, 96
-0.998469, 89, 71, 120, 86
-0.99847, 45, 63, 76, 78
-0.998472, 257, 135, 320, 150
-0.998473, 1, 121, 64, 136
-0.998473, 105, 75, 168, 90
-0.998475, 257, 71, 320, 86
-0.998481, 217, 193, 248, 208
-0.998481, 17, 65, 80, 80
-0.998483, 17, 51, 80, 66
-0.998483, 17, 195, 80, 210
-0.998484, 73, 159, 136, 174
-0.998485, 17, 87, 80, 102
-0.998487, 17, 93, 80, 108
-0.998489, 129, 13, 256, 44
-0.99849, 121, 201, 184, 216
-0.998491, 257, 109, 320, 124
-0.998491, 257, 179, 320, 194
-0.998492, 145, 55, 176, 70
-0.998493, 121, 161, 184, 176
-0.998494, 257, 151, 320, 166
-0.998497, 17, 81, 80, 96
-0.998499, 57, 89, 120, 104
-0.998501, 217, 199, 280, 214
-0.998501, 1, 189, 64, 204
-0.998502, 57, 97, 120, 112
-0.998502, 137, 125, 200, 140
-0.998503, 41, 125, 104, 140
-0.998506, 201, 183, 264, 198
-0.998508, 257, 141, 320, 156
-0.998508, 121, 185, 184, 200
-0.998509, 73, 201, 136, 216
-0.998509, 225, 121, 288, 136
-0.998509, 137, 53, 200, 68
-0.998509, 1, 115, 64, 130
-0.998509, 81, 145, 144, 160
-0.99851, 97, 153, 160, 168
-0.99851, 57, 153, 120, 168
-0.998511, 57, 115, 120, 130
-0.998511, 161, 183, 224, 198
-0.998511, 1, 177, 64, 192
-0.998512, 249, 115, 312, 130
-0.998512, 57, 143, 120, 158
-0.998512, 105, 189, 136, 204
-0.998513, 257, 103, 320, 118
-0.998514, 137, 133, 200, 148
-0.998514, 29, 117, 60, 132
-0.998514, 257, 77, 320, 92
-0.998515, 17, 135, 80, 150
-0.998516, 105, 69, 168, 84
-0.998516, 177, 115, 240, 130
-0.998517, 177, 199, 240, 214
-0.998517, 81, 79, 144, 94
-0.998518, 161, 121, 224, 136
-0.998518, 17, 153, 80, 168
-0.99852, 257, 55, 320, 70
-0.99852, 57, 135, 120, 150
-0.998521, 57, 65, 120, 80
-0.998521, 137, 113, 200, 128
-0.998522, 257, 193, 320, 208
-0.998522, 89, 93, 152, 108
-0.998523, 25, 99, 88, 114
-0.998524, 257, 201, 320, 216
-0.998524, 225, 71, 288, 86
-0.998528, 257, 83, 320, 98
-0.998528, 257, 95, 320, 110
-0.998529, 57, 103, 120, 118
-0.998529, 285, 153, 316, 168
-0.998529, 97, 191, 160, 206
-0.998529, 217, 115, 280, 130
-0.998531, 29, 73, 60, 88
-0.998531, 121, 145, 184, 160
-0.998532, 233, 153, 296, 168
-0.998532, 145, 161, 208, 176
-0.998534, 225, 99, 288, 114
-0.998535, 21, 141, 52, 156
-0.998537, 121, 155, 184, 170
-0.998538, 17, 129, 80, 144
-0.998538, 217, 141, 280, 156
-0.998539, 25, 109, 88, 124
-0.99854, 97, 133, 160, 148
-0.99854, 225, 63, 288, 78
-0.998541, 173, 117, 204, 132
-0.998541, 17, 71, 48, 86
-0.998542, 153, 127, 184, 142
-0.998545, 169, 133, 232, 148
-0.998546, 233, 193, 296, 208
-0.998546, 177, 131, 208, 146
-0.998547, 257, 89, 320, 104
-0.998547, 109, 85, 140, 100
-0.998547, 17, 161, 48, 176
-0.998549, 105, 83, 168, 98
-0.99855, 105, 99, 168, 114
-0.998552, 1, 201, 64, 216
-0.998552, 1, 183, 64, 198
-0.998553, 81, 87, 144, 102
-0.998555, 97, 111, 160, 126
-0.998555, 49, 161, 112, 176
-0.998555, 81, 99, 144, 114
-0.998557, 249, 143, 280, 158
-0.998585, 5, 85, 36, 100
-0.998593, 265, 169, 296, 184
-0.998596, 45, 79, 76, 94
-0.998599, 33, 65, 64, 80
-0.998599, 45, 173, 76, 188
-0.998602, 45, 195, 76, 210
-0.998607, 263, 97, 278, 216
-0.998607, 1, 33, 16, 160
-0.99862, 49, 1, 176, 32
-0.998623, 61, 65, 76, 192
-0.998625, 1, 33, 128, 64
-0.998628, 45, 189, 76, 204
-0.99863, 285, 81, 316, 96
-0.998631, 289, 33, 304, 160
-0.998631, 9, 65, 40, 80
-0.998635, 209, 1, 240, 216
-0.998642, 105, 181, 136, 196
-0.998644, 299, 33, 314, 160
-0.998648, 245, 97, 260, 216
-0.998656, 33, 45, 64, 60
-0.998659, 129, 143, 160, 158
-0.998662, 177, 177, 208, 192
-0.998673, 111, 65, 126, 192
-0.998683, 49, 17, 64, 144
-0.998703, 101, 67, 132, 82
-0.998704, 37, 33, 52, 160
-0.998712, 29, 175, 60, 190
-0.998714, 5, 111, 36, 126
-0.998719, 41, 159, 72, 174
-0.998731, 117, 65, 132, 192
-0.998733, 85, 195, 116, 210
-0.998749, 33, 133, 64, 148
-0.99875, 221, 175, 252, 190
-0.998753, 97, 33, 224, 64
-0.99876, 55, 97, 70, 216
-0.998765, 245, 195, 276, 210
-0.998782, 33, 181, 64, 196
-0.998791, 41, 127, 72, 142
-0.998792, 9, 43, 40, 58
-0.998797, 265, 139, 296, 154
-0.998799, 265, 77, 296, 92
-0.9988, 181, 97, 196, 216
-0.998809, 175, 97, 190, 216
-0.99881, 131, 65, 146, 192
-0.998814, 265, 125, 296, 140
-0.998816, 265, 149, 296, 164
-0.998827, 193, 1, 320, 32
-0.998828, 249, 189, 280, 204
-0.99883, 261, 157, 292, 172
-0.998835, 253, 171, 284, 186
-0.998841, 17, 167, 48, 182
-0.998851, 105, 157, 136, 172
-0.998852, 177, 13, 240, 44
-0.998855, 193, 177, 224, 192
-0.99886, 237, 169, 268, 184
-0.998864, 141, 165, 172, 180
-0.998872, 217, 161, 248, 176
-0.998875, 45, 179, 76, 194
-0.998876, 121, 159, 152, 174
-0.998877, 89, 99, 120, 114
-0.998878, 45, 137, 76, 152
-0.998882, 269, 81, 284, 208
-0.998896, 187, 97, 202, 216
-0.998899, 85, 201, 116, 216
-0.998899, 281, 43, 312, 58
-0.998903, 41, 85, 72, 100
-0.998906, 19, 81, 34, 208
-0.998906, 17, 173, 48, 188
-0.998915, 249, 153, 280, 168
-0.998922, 9, 97, 24, 216
-0.998924, 205, 97, 220, 216
-0.998926, 249, 121, 280, 136
-0.998926, 105, 91, 136, 106
-0.998929, 185, 193, 216, 208
-0.998935, 139, 49, 154, 176
-0.998936, 129, 165, 160, 180
-0.998943, 233, 1, 264, 216
-0.998944, 151, 17, 166, 144
-0.998951, 157, 133, 188, 148
-0.998961, 283, 17, 298, 144
-0.998968, 41, 97, 56, 216
-0.998973, 237, 161, 268, 176
-0.998976, 123, 81, 138, 208
-0.998984, 269, 71, 300, 86
-0.998988, 33, 169, 64, 184
-0.998992, 145, 17, 160, 144
-0.999, 45, 69, 76, 84
-0.999003, 137, 195, 168, 210
-0.999008, 249, 115, 280, 130
-0.999009, 85, 183, 116, 198
-0.999014, 237, 97, 252, 216
-0.999017, 79, 65, 94, 192
-0.999032, 91, 65, 106, 192
-0.999038, 257, 97, 272, 216
-0.99904, 305, 49, 320, 176
-0.999047, 251, 97, 266, 216
-0.999058, 193, 1, 224, 216
-0.999064, 145, 141, 176, 156
-0.999067, 161, 167, 192, 182
-0.99907, 73, 81, 88, 208
-0.999071, 161, 173, 192, 188
-0.999074, 67, 81, 82, 208
-0.99908, 145, 1, 272, 32
-0.999088, 1, 81, 16, 208
-0.999089, 169, 97, 184, 216
-0.999089, 265, 83, 296, 98
-0.999097, 265, 117, 296, 132
-0.999101, 129, 69, 256, 100
-0.999109, 155, 97, 170, 216
-0.999111, 17, 21, 144, 52
-0.999131, 149, 97, 164, 216
-0.999132, 211, 65, 226, 192
-0.999137, 201, 165, 232, 180
-0.999145, 25, 97, 40, 216
-0.99916, 123, 33, 138, 160
-0.999166, 231, 97, 246, 216
-0.999172, 117, 185, 148, 200
-0.99918, 113, 17, 128, 144
-0.999194, 85, 165, 116, 180
-0.999195, 101, 197, 132, 212
-0.999211, 281, 159, 312, 174
-0.999212, 1, 5, 64, 36
-0.999213, 195, 81, 210, 208
-0.999219, 85, 189, 116, 204
-0.99922, 139, 97, 154, 216
-0.999229, 89, 157, 120, 172
-0.999229, 5, 73, 36, 88
-0.999238, 263, 49, 278, 176
-0.999242, 55, 1, 70, 128
-0.999246, 205, 177, 236, 192
-0.999255, 65, 175, 96, 190
-0.999265, 205, 193, 236, 208
-0.999274, 265, 65, 296, 80
-0.999276, 29, 187, 60, 202
-0.999309, 121, 199, 152, 214
-0.999309, 105, 33, 120, 160
-0.999326, 253, 165, 284, 180
-0.99933, 303, 97, 318, 216
-0.999334, 223, 97, 238, 216
-0.999362, 31, 17, 46, 144
-0.999372, 159, 49, 174, 176
-0.999381, 121, 179, 152, 194
-0.999394, 157, 1, 172, 128
-0.999396, 217, 97, 232, 216
-0.999404, 43, 17, 58, 144
-0.999406, 225, 169, 256, 184
-0.999412, 161, 97, 176, 216
-0.999424, 165, 49, 180, 176
-0.999429, 65, 199, 96, 214
-0.999469, 1, 5, 128, 36
-0.999484, 65, 1, 80, 128
-0.999491, 65, 189, 96, 204
-0.999515, 275, 97, 290, 216
-0.999558, 133, 17, 148, 144
-0.999582, 265, 163, 296, 178
-0.99959, 185, 49, 200, 176
-0.999594, 281, 97, 296, 216
-0.999597, 175, 33, 190, 160
-0.999597, 105, 73, 136, 88
-0.999615, 99, 17, 114, 144
-0.999623, 189, 165, 220, 180
-0.99965, 257, 49, 272, 176
-0.999663, 117, 165, 148, 180
-0.999663, 81, 17, 96, 144
-0.999669, 149, 173, 180, 188
-0.99967, 65, 181, 96, 196
-0.99967, 209, 171, 240, 186
-0.999674, 129, 137, 160, 152
-0.999675, 231, 161, 246, 176
-0.999676, 115, 189, 130, 204
-0.999676, 9, 111, 24, 126
-0.999676, 187, 175, 202, 190
-0.999676, 37, 63, 52, 78
-0.999676, 225, 161, 240, 176
-0.999676, 47, 81, 62, 96
-0.999677, 19, 85, 34, 100
-0.999678, 269, 123, 284, 138
-0.999678, 297, 97, 312, 216
-0.999678, 303, 167, 318, 182
-0.999679, 31, 175, 46, 190
-0.999679, 163, 167, 178, 182
-0.999679, 15, 93, 30, 108
-0.999679, 179, 177, 194, 192
-0.999679, 57, 133, 72, 148
-0.99968, 39, 73, 54, 88
-0.99968, 139, 195, 154, 210
-0.99968, 239, 169, 254, 184
-0.99968, 133, 179, 148, 194
-0.99968, 113, 77, 128, 92
-0.999681, 305, 191, 320, 206
-0.999681, 67, 199, 82, 214
-0.999681, 213, 177, 228, 192
-0.999682, 289, 159, 304, 174
-0.999682, 277, 47, 292, 62
-0.999683, 67, 181, 82, 196
-0.999683, 201, 49, 216, 176
-0.999683, 77, 189, 92, 204
-0.999683, 271, 131, 286, 146
-0.999684, 239, 161, 254, 176
-0.999684, 23, 65, 38, 80
-0.999685, 199, 193, 214, 208
-0.999685, 177, 121, 192, 136
-0.999685, 59, 189, 74, 204
-0.999685, 151, 167, 166, 182
-0.999686, 263, 1, 278, 128
-0.999686, 105, 195, 120, 210
-0.999686, 9, 95, 24, 110
-0.999686, 161, 45, 176, 60
-0.999686, 47, 191, 62, 206
-0.999687, 87, 185, 102, 200
-0.999687, 53, 193, 68, 208
-0.999687, 265, 155, 280, 170
-0.999687, 29, 73, 44, 88
-0.999689, 57, 79, 72, 94
-0.999689, 79, 199, 94, 214
-0.999689, 255, 189, 270, 204
-0.999689, 55, 117, 70, 132
-0.99969, 35, 169, 50, 184
-0.99969, 57, 99, 72, 114
-0.99969, 47, 69, 62, 84
-0.99969, 107, 177, 122, 192
-0.999692, 127, 157, 142, 172
-0.999692, 271, 51, 286, 66
-0.999692, 269, 115, 284, 130
-0.999692, 85, 179, 100, 194
-0.999692, 211, 193, 226, 208
-0.999693, 231, 169, 246, 184
-0.999693, 185, 119, 200, 134
-0.999693, 9, 77, 24, 92
-0.999694, 261, 201, 276, 216
-0.999695, 3, 73, 18, 88
-0.999695, 85, 165, 100, 180
-0.999696, 261, 121, 276, 136
-0.999696, 39, 149, 54, 164
-0.999698, 219, 163, 234, 178
-0.999698, 25, 99, 40, 114
-0.999699, 297, 159, 312, 174
-0.999699, 269, 169, 284, 184
-0.999702, 141, 165, 156, 180
-0.999702, 171, 167, 186, 182
-0.999703, 173, 175, 188, 190
-0.999703, 219, 169, 234, 184
-0.999703, 135, 139, 150, 154
-0.999704, 121, 175, 136, 190
-0.999704, 79, 179, 94, 194
-0.999704, 41, 127, 56, 142
-0.999704, 97, 97, 112, 112
-0.999705, 147, 57, 162, 72
-0.999705, 197, 165, 212, 180
-0.999706, 213, 165, 228, 180
-0.999707, 1, 185, 16, 200
-0.999707, 175, 127, 190, 142
-0.999707, 127, 197, 142, 212
-0.999708, 1, 119, 16, 134
-0.999708, 179, 133, 194, 148
-0.999709, 57, 199, 72, 214
-0.999709, 33, 185, 48, 200
-0.99971, 85, 173, 100, 188
-0.99971, 113, 89, 128, 104
-0.999711, 133, 173, 148, 188
-0.999713, 53, 187, 68, 202
-0.999713, 253, 159, 268, 174
-0.999713, 95, 71, 110, 86
-0.999715, 105, 155, 120, 170
-0.999716, 125, 165, 140, 180
-0.999717, 1, 171, 16, 186
-0.999717, 39, 135, 54, 150
-0.999718, 259, 165, 274, 180
-0.999718, 141, 137, 156, 152
-0.999721, 85, 199, 100, 214
-0.999721, 205, 165, 220, 180
-0.999721, 185, 167, 200, 182
-0.999721, 119, 165, 134, 180
-0.999721, 157, 141, 172, 156
-0.999722, 145, 177, 160, 192
-0.999724, 65, 167, 96, 182
-0.999724, 273, 163, 288, 178
-0.999724, 55, 69, 70, 84
-0.999725, 165, 133, 180, 148
-0.999725, 245, 169, 260, 184
-0.999726, 113, 165, 128, 180
-0.999731, 225, 171, 240, 186
-0.999731, 107, 165, 122, 180
-0.999732, 133, 165, 148, 180
-0.999732, 217, 49, 232, 176
-0.999739, 193, 171, 208, 186
-0.99974, 167, 173, 182, 188
-0.999741, 113, 173, 128, 188
-0.999745, 177, 167, 192, 182
-0.999745, 197, 171, 228, 186
-0.999748, 207, 171, 222, 186
-0.999751, 151, 173, 166, 188
-0.999752, 157, 173, 172, 188
-0.999753, 117, 71, 132, 86
-0.999755, 185, 171, 216, 186
-0.999756, 139, 171, 154, 186
-0.999759, 97, 1, 224, 32
-0.999762, 191, 165, 206, 180
-0.999766, 79, 165, 94, 180
-0.999768, 305, 1, 320, 128
-0.999773, 85, 171, 116, 186
-0.999776, 201, 171, 216, 186
-0.999778, 239, 49, 254, 176
-0.999782, 139, 177, 154, 192
-0.999784, 133, 171, 164, 186
-0.999791, 169, 127, 184, 142
-0.999794, 127, 175, 142, 190
-0.999803, 171, 121, 186, 136
-0.999804, 71, 17, 86, 144
-0.999816, 225, 49, 240, 176
-0.999817, 213, 171, 228, 186
-0.999819, 267, 161, 282, 176
-0.999844, 91, 17, 106, 144
-0.999852, 287, 97, 302, 216
-0.999881, 163, 1, 178, 128
-0.999884, 193, 13, 320, 44
-0.99989, 121, 173, 152, 188
-0.999892, 247, 49, 262, 176
-0.999897, 249, 159, 280, 174
-0.999915, 139, 1, 154, 128
-0.999958, 105, 175, 136, 190
-0.99997, 105, 165, 136, 180
-1.00002, 233, 49, 248, 176
-1.00003, 199, 1, 214, 128
-1.00003, 165, 123, 196, 138
-1.00009, 169, 1, 184, 128
-1.00009, 207, 17, 222, 144
-1.0001, 191, 17, 206, 144
-1.00016, 133, 177, 164, 192
-1.00023, 181, 1, 196, 128
-1.00034, 257, 1, 272, 128
-1.00037, 227, 1, 242, 128
-1.00037, 173, 167, 204, 182
-1.00041, 221, 1, 236, 128
-1.00041, 251, 1, 266, 128
-1.00052, 237, 1, 252, 128
-1.00055, 233, 1, 264, 128
-1.00056, 245, 1, 260, 128
-1.00063, 215, 1, 230, 128
-1.00086, 1, 1, 320, 64
-1.00191, 209, 1, 240, 128
