1972
-0.159606, 1, 1, 364, 500
-0.314709, 1, 33, 364, 288
-0.38716, 1, 1, 256, 500
-0.417389, 1, 129, 364, 384
-0.420588, 97, 1, 352, 500
-0.486638, 1, 257, 364, 500
-0.665212, 97, 33, 352, 288
-0.6813, 1, 65, 256, 320
-0.739127, 97, 129, 352, 384
-0.74278, 1, 161, 256, 416
-0.825971, 97, 225, 352, 480
-0.836827, 1, 257, 256, 500
-0.850914, 225, 1, 352, 500
-0.855627, 33, 1, 160, 500
-0.856716, 1, 49, 364, 176
-0.878904, 113, 1, 240, 500
-0.880593, 17, 225, 144, 480
-0.884997, 1, 177, 364, 304
-0.885416, 209, 161, 336, 416
-0.887639, 1, 97, 364, 224
-0.887737, 17, 129, 144, 384
-0.893371, 241, 257, 364, 500
-0.89353, 49, 33, 176, 288
-0.895453, 1, 257, 364, 384
-0.899289, 177, 1, 304, 500
-0.900119, 97, 33, 224, 288
-0.904239, 209, 33, 336, 288
-0.906446, 145, 1, 272, 256
-0.910853, 65, 49, 320, 176
-0.925343, 177, 257, 304, 500
-0.926688, 129, 193, 256, 448
-0.93023, 1, 1, 364, 128
-0.93123, 1, 305, 364, 432
-0.938397, 81, 161, 208, 416
-0.938545, 97, 97, 352, 224
-0.941504, 33, 49, 160, 176
-0.941778, 1, 97, 256, 224
-0.944117, 1, 33, 128, 288
-0.944797, 65, 257, 192, 500
-0.946186, 1, 241, 256, 368
-0.947423, 97, 209, 352, 336
-0.947828, 17, 273, 144, 400
-0.94807, 209, 49, 336, 176
-0.949841, 129, 33, 256, 160
-0.950605, 225, 241, 352, 368
-0.951363, 273, 145, 336, 272
-0.951925, 49, 65, 112, 192
-0.952233, 41, 129, 104, 256
-0.952302, 209, 161, 336, 288
-0.953525, 161, 97, 288, 352
-0.954307, 265, 65, 328, 192
-0.954519, 1, 145, 256, 272
-0.954814, 1, 193, 256, 320
-0.95536, 17, 145, 144, 272
-0.95725, 97, 161, 352, 288
-0.957375, 97, 257, 352, 384
-0.957519, 49, 177, 112, 304
-0.957809, 97, 1, 352, 128
-0.959092, 17, 225, 144, 352
-0.959926, 121, 33, 184, 160
-0.960463, 161, 33, 224, 160
-0.960561, 1, 273, 64, 400
-0.960885, 81, 33, 208, 160
-0.960887, 33, 225, 96, 352
-0.961287, 305, 273, 364, 400
-0.961948, 33, 97, 160, 224
-0.962088, 281, 241, 344, 368
-0.962779, 1, 369, 364, 496
-0.963443, 209, 113, 336, 240
-0.963471, 41, 137, 104, 200
-0.963917, 273, 193, 336, 320
-0.964684, 217, 145, 280, 272
-0.964738, 57, 65, 120, 128
-0.965152, 305, 225, 364, 352
-0.965356, 1, 193, 64, 320
-0.965439, 153, 49, 216, 112
-0.965548, 305, 49, 364, 176
-0.965641, 1, 289, 256, 416
-0.965809, 193, 33, 256, 160
-0.96654, 257, 57, 320, 120
-0.966542, 257, 161, 320, 224
-0.966729, 97, 33, 160, 160
-0.967312, 1, 1, 256, 128
-0.967679, 241, 289, 364, 416
-0.968586, 73, 49, 136, 176
-0.96859, 17, 145, 80, 272
-0.968882, 297, 97, 360, 224
-0.968948, 33, 161, 96, 224
-0.969438, 17, 49, 80, 176
-0.97007, 273, 137, 336, 200
-0.970236, 241, 49, 304, 176
-0.970254, 177, 49, 240, 112
-0.970368, 161, 177, 288, 304
-0.970513, 233, 97, 296, 224
-0.970855, 33, 185, 96, 248
-0.971442, 281, 281, 344, 344
-0.971686, 265, 81, 328, 144
-0.971898, 169, 169, 232, 232
-0.971975, 81, 113, 208, 240
-0.972072, 73, 177, 136, 304
-0.972091, 233, 161, 296, 224
-0.972116, 1, 313, 64, 376
-0.972153, 217, 33, 280, 160
-0.972408, 81, 49, 144, 112
-0.972949, 129, 49, 192, 112
-0.973015, 193, 145, 256, 272
-0.973118, 73, 177, 136, 240
-0.973296, 233, 129, 296, 192
-0.973533, 209, 177, 336, 240
-0.974077, 129, 81, 256, 208
-0.97433, 305, 273, 364, 336
-0.974472, 25, 273, 88, 400
-0.974545, 1, 321, 64, 448
-0.974699, 249, 161, 312, 288
-0.974769, 209, 161, 272, 224
-0.974786, 193, 1, 320, 128
-0.974856, 33, 249, 96, 312
-0.974896, 281, 289, 344, 416
-0.975175, 201, 41, 264, 104
-0.975232, 49, 57, 176, 120
-0.975282, 45, 129, 76, 256
-0.975345, 97, 273, 224, 400
-0.975461, 177, 257, 304, 384
-0.975467, 1, 289, 64, 352
-0.975571, 57, 65, 88, 192
-0.975595, 273, 257, 336, 320
-0.975819, 209, 57, 336, 120
-0.975863, 281, 169, 344, 232
-0.975907, 41, 65, 104, 320
-0.975968, 17, 161, 144, 224
-0.976022, 169, 97, 232, 224
-0.976177, 145, 169, 208, 232
-0.97626, 17, 185, 144, 248
-0.976436, 305, 65, 364, 128
-0.976459, 145, 49, 272, 112
-0.97654, 233, 257, 296, 384
-0.976562, 225, 49, 288, 112
-0.976585, 273, 65, 336, 320
-0.976627, 17, 289, 144, 352
-0.976704, 273, 201, 336, 264
-0.977138, 1, 201, 64, 264
-0.977143, 161, 145, 224, 272
-0.977398, 209, 81, 272, 208
-0.977489, 265, 17, 328, 144
-0.977513, 33, 225, 96, 288
-0.977528, 289, 65, 320, 192
-0.97758, 209, 137, 272, 200
-0.97764, 89, 113, 152, 240
-0.977702, 97, 225, 224, 352
-0.977769, 169, 193, 232, 320
-0.977945, 281, 233, 344, 296
-0.978002, 129, 97, 192, 224
-0.978044, 17, 57, 80, 120
-0.978061, 329, 289, 360, 416
-0.978336, 145, 1, 208, 256
-0.978362, 25, 273, 56, 400
-0.978489, 105, 273, 168, 400
-0.978677, 333, 297, 364, 360
-0.978878, 5, 289, 36, 416
-0.979017, 273, 161, 336, 416
-0.979102, 305, 297, 364, 360
-0.979261, 33, 81, 160, 144
-0.979481, 121, 169, 184, 232
-0.97951, 225, 265, 352, 328
-0.979763, 17, 81, 80, 144
-0.97994, 97, 49, 224, 112
-0.979962, 305, 257, 364, 500
-0.97997, 5, 313, 36, 376
-0.980061, 225, 289, 352, 352
-0.980078, 285, 73, 316, 136
-0.980155, 49, 105, 112, 168
-0.980176, 1, 233, 64, 296
-0.980286, 177, 257, 240, 384
-0.980355, 209, 185, 272, 248
-0.980399, 57, 65, 88, 128
-0.980521, 1, 321, 128, 448
-0.980592, 161, 177, 288, 240
-0.980602, 97, 321, 352, 448
-0.980692, 113, 177, 240, 304
-0.980751, 293, 169, 324, 232
-0.980783, 201, 257, 264, 384
-0.980787, 153, 33, 184, 160
-0.980992, 21, 297, 52, 360
-0.981133, 185, 49, 216, 112
-0.98126, 73, 257, 136, 384
-0.981298, 193, 209, 256, 336
-0.981543, 81, 129, 144, 192
-0.981818, 209, 201, 336, 264
-0.981875, 213, 169, 244, 232
-0.981919, 33, 225, 96, 480
-0.982039, 9, 97, 72, 224
-0.9821, 273, 161, 304, 224
-0.982126, 273, 1, 336, 500
-0.982158, 65, 177, 192, 304
-0.98221, 25, 225, 56, 352
-0.982214, 65, 153, 128, 216
-0.982247, 77, 57, 108, 120
-0.982288, 321, 265, 352, 328
-0.982311, 317, 289, 348, 416
-0.982322, 129, 257, 192, 384
-0.982388, 305, 177, 364, 304
-0.982415, 33, 129, 160, 192
-0.982442, 225, 81, 352, 144
-0.982589, 65, 129, 128, 256
-0.982599, 49, 1, 112, 500
-0.982613, 33, 273, 96, 336
-0.982694, 261, 161, 292, 224
-0.982707, 209, 153, 336, 216
-0.98272, 45, 137, 76, 200
-0.982754, 33, 1, 160, 128
-0.982863, 165, 41, 196, 104
-0.982863, 1, 257, 64, 500
-0.982963, 189, 33, 220, 160
-0.983072, 273, 113, 336, 176
-0.983138, 113, 177, 240, 240
-0.983221, 9, 161, 72, 224
-0.983239, 17, 249, 144, 312
-0.983301, 317, 241, 348, 368
-0.983312, 313, 289, 344, 352
-0.983324, 25, 273, 56, 336
-0.983327, 1, 265, 64, 328
-0.983454, 305, 369, 364, 496
-0.983479, 105, 41, 168, 104
-0.983592, 297, 225, 328, 288
-0.983595, 305, 321, 364, 448
-0.983747, 81, 161, 112, 224
-0.983779, 153, 49, 184, 112
-0.983881, 153, 25, 216, 88
-0.983892, 305, 161, 364, 416
-0.983897, 225, 241, 352, 304
-0.983914, 273, 185, 304, 248
-0.983979, 201, 177, 232, 240
-0.984044, 69, 49, 100, 176
-0.984081, 233, 185, 296, 248
-0.984085, 121, 1, 184, 256
-0.984133, 169, 33, 232, 288
-0.984137, 293, 137, 324, 200
-0.984147, 261, 145, 292, 272
-0.984173, 169, 73, 232, 136
-0.984206, 177, 33, 208, 160
-0.98426, 277, 137, 308, 200
-0.984303, 289, 89, 352, 152
-0.984305, 89, 153, 152, 216
-0.98435, 129, 129, 256, 256
-0.984384, 41, 241, 72, 368
-0.984385, 1, 57, 364, 120
-0.984431, 233, 273, 296, 336
-0.984455, 305, 249, 364, 312
-0.984469, 45, 169, 76, 232
-0.984528, 17, 105, 80, 168
-0.984552, 165, 33, 196, 160
-0.984577, 197, 49, 228, 112
-0.984578, 1, 313, 128, 376
-0.984589, 273, 257, 336, 500
-0.984665, 33, 145, 64, 272
-0.984678, 281, 57, 344, 120
-0.984685, 305, 33, 364, 288
-0.984714, 25, 297, 88, 360
-0.984764, 73, 1, 136, 128
-0.984798, 65, 169, 192, 232
-0.984871, 189, 177, 220, 240
-0.984914, 125, 33, 156, 160
-0.984949, 269, 57, 300, 120
-0.985082, 69, 153, 100, 216
-0.985087, 89, 1, 152, 500
-0.985161, 161, 1, 224, 500
-0.985169, 89, 33, 152, 288
-0.985201, 49, 17, 112, 144
-0.985274, 57, 41, 120, 104
-0.98529, 277, 65, 308, 192
-0.985315, 185, 145, 248, 208
-0.985332, 17, 129, 80, 384
-0.985349, 61, 177, 92, 304
-0.985376, 141, 33, 172, 160
-0.985416, 161, 273, 224, 336
-0.985429, 217, 33, 280, 288
-0.98548, 309, 265, 340, 328
-0.985492, 297, 193, 328, 256
-0.98551, 129, 185, 160, 248
-0.985511, 193, 209, 256, 272
-0.98558, 21, 321, 52, 384
-0.985583, 265, 137, 296, 200
-0.985593, 249, 161, 312, 416
-0.98565, 249, 209, 312, 336
-0.985662, 73, 161, 136, 416
-0.985704, 305, 1, 364, 500
-0.985742, 273, 145, 304, 272
-0.985827, 141, 49, 172, 112
-0.985833, 321, 313, 352, 376
-0.985851, 289, 49, 320, 112
-0.985854, 57, 153, 88, 216
-0.985858, 113, 73, 176, 136
-0.985866, 65, 193, 96, 256
-0.985875, 193, 281, 256, 344
-0.986039, 93, 49, 124, 112
-0.986049, 257, 273, 320, 400
-0.986082, 53, 105, 84, 168
-0.986086, 305, 257, 336, 384
-0.986106, 285, 209, 316, 272
-0.986122, 229, 49, 260, 112
-0.986173, 293, 129, 324, 256
-0.986179, 177, 25, 240, 88
-0.986189, 149, 177, 180, 240
-0.986211, 129, 281, 192, 344
-0.986264, 21, 177, 52, 304
-0.986279, 301, 81, 332, 144
-0.986298, 193, 33, 320, 96
-0.98631, 17, 129, 80, 192
-0.986317, 73, 281, 136, 344
-0.986324, 281, 305, 344, 368
-0.98633, 213, 201, 244, 264
-0.986342, 209, 41, 240, 104
-0.986382, 193, 201, 224, 264
-0.986442, 33, 305, 64, 368
-0.986455, 169, 201, 232, 264
-0.986473, 237, 153, 268, 216
-0.986483, 17, 1, 80, 128
-0.986496, 153, 273, 216, 400
-0.986517, 5, 289, 36, 352
-0.986522, 113, 1, 176, 500
-0.986522, 57, 201, 120, 264
-0.986532, 201, 1, 264, 500
-0.986533, 305, 49, 336, 176
-0.986658, 213, 137, 244, 200
-0.986704, 41, 81, 72, 144
-0.986757, 41, 273, 72, 336
-0.986766, 257, 49, 288, 112
-0.986798, 169, 177, 200, 240
-0.9868, 301, 289, 332, 352
-0.986813, 33, 225, 160, 288
-0.986822, 281, 337, 344, 464
-0.986849, 245, 49, 276, 176
-0.986901, 249, 169, 280, 232
-0.98695, 253, 129, 284, 192
-0.986981, 97, 169, 128, 232
-0.98699, 209, 121, 336, 184
-0.986992, 49, 273, 112, 400
-0.987029, 21, 321, 52, 448
-0.987039, 145, 209, 208, 336
-0.98708, 217, 193, 280, 320
-0.987182, 249, 33, 312, 288
-0.987271, 209, 113, 272, 176
-0.987324, 201, 73, 264, 136
-0.98738, 145, 73, 208, 136
-0.987383, 45, 81, 76, 208
-0.987404, 101, 49, 132, 176
-0.987417, 21, 201, 52, 264
-0.987441, 305, 57, 336, 120
-0.987444, 233, 1, 296, 500
-0.987452, 309, 217, 340, 280
-0.987476, 137, 1, 200, 500
-0.987486, 329, 241, 360, 368
-0.987513, 65, 33, 128, 288
-0.987556, 65, 129, 96, 192
-0.987617, 305, 153, 336, 216
-0.987624, 293, 113, 324, 176
-0.987632, 245, 49, 276, 112
-0.987634, 37, 57, 68, 120
-0.987701, 57, 41, 88, 104
-0.987713, 201, 161, 264, 416
-0.9878, 113, 33, 144, 160
-0.987805, 113, 49, 144, 112
-0.987812, 297, 257, 328, 320
-0.98785, 233, 185, 264, 248
-0.987853, 41, 193, 72, 256
-0.987867, 297, 137, 360, 200
-0.987875, 137, 161, 200, 288
-0.987896, 225, 129, 288, 384
-0.987909, 113, 113, 176, 176
-0.987917, 33, 49, 288, 112
-0.987955, 117, 169, 148, 232
-0.988022, 85, 129, 116, 192
-0.988077, 193, 33, 256, 288
-0.988092, 25, 249, 56, 312
-0.988209, 221, 33, 252, 160
-0.988246, 185, 25, 216, 88
-0.988262, 25, 1, 88, 500
-0.988306, 237, 113, 268, 240
-0.988348, 185, 105, 248, 168
-0.988379, 193, 257, 256, 500
-0.988429, 313, 241, 344, 304
-0.988435, 305, 321, 364, 384
-0.988453, 129, 49, 160, 112
-0.988461, 217, 113, 248, 176
-0.988503, 1, 57, 128, 120
-0.988505, 201, 33, 232, 160
-0.988616, 333, 265, 364, 328
-0.988638, 41, 249, 72, 312
-0.988682, 233, 257, 296, 500
-0.988691, 297, 433, 360, 496
-0.988709, 117, 193, 148, 256
-0.988734, 249, 33, 312, 96
-0.98876, 89, 49, 120, 176
-0.988798, 213, 113, 244, 240
-0.988859, 233, 121, 264, 184
-0.988867, 185, 257, 248, 320
-0.988899, 305, 225, 364, 288
-0.988899, 241, 249, 304, 312
-0.989, 9, 33, 72, 288
-0.989038, 41, 145, 104, 176
-0.989049, 73, 145, 104, 272
-0.989094, 297, 177, 328, 304
-0.989135, 305, 113, 364, 176
-0.989167, 65, 89, 96, 152
-0.98918, 177, 265, 304, 328
-0.989195, 257, 49, 288, 176
-0.989214, 33, 329, 64, 392
-0.989219, 113, 225, 176, 480
-0.98922, 145, 193, 208, 256
-0.98927, 105, 273, 168, 336
-0.989277, 33, 145, 64, 208
-0.989282, 25, 225, 56, 288
-0.989301, 33, 105, 160, 168
-0.989328, 177, 73, 208, 136
-0.989328, 133, 273, 164, 336
-0.989336, 189, 153, 220, 216
-0.98934, 45, 177, 76, 304
-0.989342, 129, 161, 160, 224
-0.989359, 169, 161, 232, 416
-0.989374, 241, 1, 304, 128
-0.98938, 33, 169, 64, 232
-0.989406, 241, 1, 364, 128
-0.989413, 1, 273, 364, 336
-0.98942, 81, 145, 208, 208
-0.989466, 261, 273, 292, 336
-0.989478, 217, 209, 280, 272
-0.989573, 233, 329, 264, 392
-0.989577, 33, 49, 64, 176
-0.989603, 41, 217, 72, 280
-0.989616, 257, 73, 320, 104
-0.989652, 57, 65, 120, 96
-0.989711, 65, 193, 192, 256
-0.989761, 89, 201, 152, 264
-0.989767, 77, 185, 108, 248
-0.989821, 161, 97, 224, 160
-0.989832, 33, 181, 96, 212
-0.989875, 97, 273, 224, 336
-0.989881, 113, 145, 176, 208
-0.989889, 45, 305, 76, 368
-0.989889, 297, 1, 360, 128
-0.989889, 205, 161, 236, 288
-0.98994, 261, 185, 292, 248
-0.98995, 165, 281, 196, 344
-0.989972, 197, 265, 228, 328
-0.99, 1, 213, 64, 244
-0.990091, 225, 161, 256, 224
-0.990132, 129, 25, 192, 88
-0.990159, 53, 193, 84, 256
-0.990161, 161, 257, 224, 500
-0.990168, 217, 177, 248, 304
-0.990202, 249, 73, 280, 136
-0.99021, 153, 249, 216, 312
-0.990234, 101, 145, 132, 208
-0.990237, 281, 293, 344, 324
-0.990245, 149, 273, 180, 336
-0.990296, 249, 161, 280, 288
-0.99033, 273, 193, 304, 320
-0.990343, 33, 169, 96, 200
-0.990343, 257, 225, 320, 288
-0.990343, 73, 257, 136, 320
-0.990352, 233, 105, 296, 168
-0.990361, 133, 209, 164, 272
-0.990364, 265, 85, 328, 116
-0.990376, 321, 345, 352, 408
-0.990383, 273, 149, 336, 180
-0.990386, 225, 25, 288, 88
-0.990387, 193, 209, 224, 336
-0.990405, 233, 273, 264, 336
-0.990412, 165, 73, 196, 136
-0.990434, 169, 49, 232, 80
-0.990456, 269, 33, 300, 96
-0.990461, 33, 197, 96, 228
-0.99048, 1, 337, 64, 400
-0.990491, 197, 25, 228, 88
-0.990494, 137, 73, 168, 136
-0.990518, 1, 121, 364, 184
-0.990526, 89, 257, 152, 500
-0.990527, 177, 257, 208, 320
-0.99054, 145, 129, 208, 384
-0.99057, 129, 257, 192, 320
-0.990585, 201, 153, 232, 216
-0.990611, 297, 193, 360, 256
-0.990639, 265, 61, 328, 92
-0.990647, 113, 201, 240, 264
-0.990678, 221, 281, 252, 344
-0.990726, 57, 169, 120, 200
-0.990745, 169, 201, 200, 264
-0.990765, 121, 217, 152, 280
-0.990787, 1, 313, 64, 344
-0.990797, 153, 25, 184, 88
-0.990835, 117, 113, 148, 176
-0.990859, 33, 209, 96, 240
-0.990879, 257, 165, 320, 196
-0.990882, 117, 281, 148, 344
-0.990885, 209, 169, 272, 200
-0.990889, 97, 281, 128, 344
-0.990891, 241, 297, 304, 360
-0.990941, 233, 33, 264, 160
-0.990944, 309, 105, 340, 168
-0.990963, 205, 73, 236, 136
-0.991003, 73, 33, 104, 96
-0.991012, 177, 281, 208, 344
-0.991021, 253, 249, 284, 312
-0.99105, 97, 177, 160, 240
-0.991074, 41, 105, 72, 168
-0.991101, 273, 189, 336, 220
-0.991102, 281, 269, 344, 300
-0.991103, 209, 257, 272, 320
-0.991104, 301, 433, 332, 496
-0.991142, 309, 313, 340, 376
-0.991162, 49, 33, 176, 96
-0.991163, 137, 45, 200, 76
-0.991165, 97, 225, 160, 352
-0.991168, 321, 369, 352, 432
-0.991179, 33, 249, 96, 280
-0.991217, 25, 33, 88, 96
-0.991261, 113, 105, 240, 168
-0.991314, 225, 329, 288, 392
-0.991335, 121, 193, 184, 256
-0.991342, 137, 225, 200, 480
-0.991348, 57, 181, 120, 212
-0.99138, 1, 1, 64, 500
-0.991394, 33, 269, 96, 300
-0.991395, 305, 353, 364, 416
-0.991405, 305, 41, 364, 104
-0.991489, 297, 77, 360, 108
-0.991512, 45, 33, 76, 160
-0.991547, 41, 305, 72, 432
-0.991554, 145, 153, 272, 216
-0.991554, 225, 337, 352, 464
-0.991556, 89, 177, 152, 208
-0.991581, 233, 129, 296, 160
-0.991584, 81, 73, 144, 136
-0.991606, 81, 53, 144, 84
-0.991615, 1, 169, 364, 232
-0.991619, 305, 301, 364, 332
-0.991624, 25, 321, 88, 448
-0.991655, 65, 257, 128, 500
-0.991671, 33, 321, 96, 384
-0.991677, 97, 129, 160, 384
-0.991714, 233, 73, 296, 136
-0.991717, 49, 77, 112, 108
-0.991728, 33, 157, 96, 188
-0.99174, 281, 281, 344, 312
-0.991743, 293, 225, 324, 352
-0.991749, 249, 113, 280, 240
-0.991844, 233, 197, 296, 228
-0.991846, 161, 177, 224, 208
-0.991856, 313, 193, 344, 320
-0.991858, 261, 193, 292, 320
-0.991875, 33, 229, 96, 260
-0.991963, 193, 49, 256, 80
-0.991968, 201, 313, 264, 376
-0.991977, 17, 77, 80, 108
-0.992005, 145, 289, 272, 352
-0.992052, 161, 201, 288, 264
-0.992061, 137, 177, 200, 208
-0.992089, 85, 177, 116, 304
-0.992094, 1, 81, 364, 144
-0.992176, 137, 105, 200, 168
-0.992206, 1, 209, 364, 272
-0.992211, 273, 209, 336, 240
-0.992232, 1, 301, 64, 332
-0.992238, 185, 185, 248, 216
-0.992261, 73, 197, 136, 228
-0.992284, 97, 161, 160, 288
-0.992332, 57, 73, 88, 104
-0.992364, 305, 409, 364, 472
-0.992383, 233, 173, 296, 204
-0.992417, 205, 209, 236, 336
-0.992442, 225, 53, 288, 84
-0.992481, 49, 89, 112, 120
-0.99259, 5, 321, 36, 352
-0.99261, 273, 33, 336, 96
-0.99264, 145, 69, 208, 100
-0.992653, 161, 145, 224, 208
-0.992682, 201, 113, 232, 240
-0.99273, 281, 69, 312, 100
-0.992738, 1, 225, 64, 256
-0.992741, 281, 241, 344, 272
-0.992753, 181, 161, 212, 288
-0.992755, 1, 325, 64, 356
-0.992769, 325, 49, 356, 176
-0.992776, 333, 305, 364, 336
-0.992797, 169, 69, 232, 100
-0.992809, 41, 133, 104, 164
-0.992864, 77, 61, 108, 92
-0.992871, 161, 73, 288, 136
-0.992874, 273, 253, 336, 284
-0.992879, 177, 49, 208, 80
-0.992883, 97, 113, 128, 240
-0.992888, 241, 185, 304, 216
-0.99291, 201, 205, 264, 236
-0.992917, 305, 285, 364, 316
-0.992958, 145, 25, 272, 88
-0.99296, 25, 305, 56, 336
-0.993025, 113, 53, 176, 84
-0.993059, 317, 301, 348, 332
-0.993064, 57, 113, 88, 240
-0.993069, 113, 177, 176, 208
-0.993082, 273, 137, 336, 168
-0.993095, 81, 105, 144, 168
-0.993119, 49, 121, 112, 152
-0.993119, 73, 193, 104, 320
-0.993149, 25, 317, 56, 348
-0.99315, 13, 225, 44, 352
-0.993159, 121, 177, 152, 208
-0.993163, 233, 161, 296, 192
-0.993164, 257, 173, 288, 204
-0.993174, 273, 201, 304, 232
-0.993206, 241, 313, 364, 376
-0.993239, 45, 185, 76, 216
-0.993249, 305, 273, 364, 304
-0.993264, 49, 145, 80, 176
-0.993265, 273, 225, 336, 256
-0.99327, 21, 213, 52, 244
-0.993277, 121, 129, 184, 384
-0.993277, 1, 241, 32, 368
-0.993281, 289, 89, 320, 120
-0.993289, 305, 169, 364, 232
-0.993302, 97, 25, 224, 88
-0.993305, 161, 193, 224, 224
-0.993322, 293, 145, 324, 176
-0.993351, 165, 65, 196, 96
-0.993354, 25, 281, 56, 312
-0.993356, 41, 209, 72, 240
-0.993366, 297, 173, 328, 204
-0.993389, 129, 189, 192, 220
-0.993403, 233, 281, 296, 312
-0.993404, 265, 61, 296, 92
-0.993405, 317, 273, 348, 304
-0.993409, 209, 181, 272, 212
-0.993411, 273, 177, 336, 208
-0.993414, 165, 49, 196, 80
-0.993421, 33, 285, 96, 316
-0.993445, 45, 173, 76, 204
-0.993447, 277, 161, 308, 192
-0.993453, 53, 133, 84, 164
-0.993459, 213, 205, 244, 236
-0.993462, 25, 293, 56, 324
-0.993472, 85, 129, 116, 256
-0.993502, 69, 165, 100, 196
-0.993504, 201, 185, 232, 216
-0.993513, 189, 53, 220, 84
-0.993526, 297, 65, 360, 96
-0.993529, 17, 89, 80, 120
-0.993563, 137, 285, 200, 316
-0.993576, 121, 205, 184, 236
-0.993576, 1, 285, 64, 316
-0.993578, 57, 177, 88, 208
-0.993579, 325, 353, 356, 480
-0.993582, 149, 177, 180, 208
-0.993588, 297, 213, 328, 244
-0.993607, 197, 205, 228, 236
-0.993623, 289, 17, 320, 144
-0.993625, 317, 289, 348, 320
-0.993631, 1, 241, 64, 272
-0.993632, 113, 249, 240, 312
-0.993636, 249, 149, 312, 180
-0.993641, 41, 197, 72, 228
-0.993643, 5, 309, 36, 340
-0.993651, 201, 17, 264, 80
-0.993658, 265, 189, 296, 220
-0.993664, 253, 257, 284, 384
-0.993673, 137, 193, 168, 224
-0.993682, 213, 169, 244, 200
-0.993687, 69, 149, 100, 180
-0.993694, 105, 321, 168, 384
-0.993706, 97, 249, 160, 312
-0.993708, 293, 73, 324, 104
-0.993716, 65, 197, 96, 228
-0.993716, 41, 221, 72, 252
-0.993728, 57, 121, 88, 152
-0.99373, 225, 305, 288, 432
-0.993734, 297, 313, 360, 344
-0.993735, 21, 329, 52, 360
-0.99374, 265, 161, 296, 192
-0.99374, 293, 189, 324, 220
-0.993741, 113, 273, 144, 400
-0.993763, 217, 185, 248, 216
-0.993774, 89, 53, 120, 84
-0.993775, 281, 161, 344, 192
-0.993779, 305, 89, 364, 120
-0.993798, 185, 69, 216, 100
-0.993801, 305, 377, 364, 440
-0.993802, 121, 205, 152, 236
-0.993803, 257, 133, 288, 164
-0.993805, 321, 281, 336, 344
-0.99382, 153, 53, 184, 84
-0.993845, 17, 65, 80, 96
-0.993845, 273, 145, 304, 176
-0.99387, 297, 285, 328, 316
-0.993871, 81, 173, 112, 204
-0.993898, 137, 173, 168, 204
-0.99391, 205, 53, 236, 84
-0.993928, 217, 141, 248, 172
-0.993931, 153, 41, 184, 72
-0.993933, 253, 185, 284, 216
-0.993938, 113, 281, 176, 312
-0.993946, 65, 57, 192, 88
-0.993965, 41, 249, 72, 280
-0.993967, 141, 49, 172, 80
-0.993968, 101, 181, 132, 212
-0.993976, 305, 253, 364, 284
-0.993984, 305, 81, 336, 112
-0.993988, 233, 161, 264, 192
-0.993988, 41, 265, 72, 296
-0.993988, 1, 253, 64, 284
-0.993997, 153, 69, 184, 100
-0.994002, 269, 173, 300, 204
-0.99401, 309, 97, 340, 224
-0.994016, 45, 77, 76, 108
-0.994017, 1, 73, 256, 136
-0.994021, 273, 125, 336, 156
-0.994027, 201, 173, 232, 204
-0.994027, 81, 185, 112, 216
-0.994028, 173, 181, 204, 212
-0.994038, 237, 173, 268, 204
-0.99404, 297, 201, 328, 232
-0.994045, 29, 233, 60, 264
-0.994052, 317, 313, 348, 344
-0.994054, 53, 89, 84, 120
-0.994064, 1, 249, 364, 312
-0.994066, 305, 305, 336, 336
-0.994077, 249, 53, 280, 84
-0.994091, 169, 81, 200, 208
-0.994093, 209, 141, 272, 172
-0.994095, 161, 189, 192, 220
-0.994099, 225, 129, 256, 256
-0.994119, 125, 189, 156, 220
-0.994123, 133, 205, 164, 236
-0.994125, 301, 261, 332, 292
-0.994127, 305, 469, 364, 500
-0.994129, 25, 265, 56, 296
-0.994147, 185, 201, 216, 232
-0.994159, 53, 109, 84, 140
-0.99416, 97, 185, 352, 248
-0.994168, 149, 285, 180, 316
-0.99417, 65, 61, 96, 92
-0.994179, 129, 281, 160, 312
-0.99418, 113, 225, 240, 288
-0.994191, 297, 233, 328, 264
-0.994193, 165, 289, 196, 320
-0.994193, 301, 97, 332, 128
-0.994198, 33, 53, 96, 84
-0.994198, 237, 129, 268, 160
-0.994203, 285, 173, 316, 204
-0.994215, 173, 77, 204, 108
-0.994222, 1, 145, 364, 208
-0.994224, 35, 305, 50, 368
-0.994234, 149, 189, 180, 220
-0.994234, 313, 261, 344, 292
-0.994238, 69, 181, 100, 212
-0.994241, 197, 257, 228, 384
-0.994255, 217, 53, 248, 84
-0.994255, 41, 237, 72, 268
-0.994257, 41, 281, 72, 312
-0.994258, 193, 217, 224, 248
-0.994268, 185, 189, 216, 220
-0.994268, 297, 249, 328, 280
-0.994269, 45, 57, 76, 88
-0.994272, 101, 53, 132, 84
-0.994281, 61, 209, 92, 240
-0.994282, 185, 177, 216, 208
-0.994295, 329, 293, 360, 324
-0.994295, 97, 169, 128, 200
-0.994296, 309, 237, 340, 268
-0.994298, 161, 121, 288, 184
-0.9943, 59, 73, 74, 136
-0.994305, 97, 265, 352, 328
-0.994307, 157, 205, 188, 236
-0.994307, 5, 297, 36, 328
-0.994316, 257, 285, 288, 316
-0.994325, 69, 137, 100, 168
-0.994327, 305, 273, 336, 304
-0.994353, 45, 157, 76, 188
-0.99436, 185, 173, 248, 204
-0.99436, 169, 205, 232, 236
-0.994361, 57, 165, 88, 196
-0.994364, 277, 57, 308, 88
-0.994364, 65, 85, 96, 116
-0.99437, 81, 161, 112, 192
-0.99437, 237, 325, 268, 356
-0.994371, 77, 197, 108, 228
-0.994376, 285, 217, 316, 248
-0.99438, 113, 189, 144, 220
-0.994386, 21, 201, 52, 232
-0.99441, 57, 157, 120, 188
-0.994419, 89, 225, 152, 288
-0.99442, 1, 281, 256, 344
-0.994426, 9, 433, 72, 496
-0.994428, 241, 353, 364, 416
-0.994432, 185, 289, 248, 320
-0.994433, 177, 305, 304, 432
-0.994434, 97, 73, 352, 136
-0.994457, 265, 97, 328, 128
-0.994464, 177, 53, 304, 84
-0.99448, 225, 289, 352, 320
-0.99448, 207, 185, 222, 248
-0.994518, 265, 97, 296, 224
-0.994534, 137, 257, 168, 384
-0.994571, 57, 225, 120, 288
-0.994573, 299, 65, 314, 128
-0.994593, 81, 241, 112, 368
-0.994594, 161, 285, 224, 316
-0.994611, 185, 257, 216, 384
-0.994633, 145, 81, 208, 112
-0.994639, 113, 73, 240, 136
-0.994742, 67, 65, 82, 128
-0.994747, 145, 217, 208, 280
-0.994751, 121, 209, 184, 336
-0.994759, 213, 257, 244, 384
-0.994764, 97, 241, 352, 304
-0.994767, 305, 105, 364, 136
-0.994769, 217, 233, 280, 296
-0.994773, 249, 321, 312, 448
-0.99478, 209, 185, 336, 216
-0.994784, 1, 269, 64, 300
-0.994835, 331, 305, 346, 368
-0.994849, 161, 37, 224, 68
-0.994931, 105, 297, 168, 360
-0.994933, 193, 305, 256, 432
-0.994933, 49, 105, 112, 136
-0.994937, 285, 177, 316, 304
-0.994938, 15, 313, 30, 376
-0.99496, 177, 41, 192, 104
-0.994981, 137, 137, 200, 200
-0.994985, 193, 277, 256, 308
-0.995004, 161, 233, 288, 296
-0.995027, 81, 133, 144, 164
-0.995043, 105, 189, 168, 220
-0.995056, 1, 137, 256, 200
-0.995056, 97, 165, 160, 196
-0.995073, 141, 177, 172, 304
-0.995075, 187, 49, 202, 112
-0.99508, 35, 281, 50, 344
-0.995089, 9, 177, 72, 208
-0.995097, 265, 257, 296, 384
-0.995098, 17, 117, 80, 148
-0.995108, 337, 297, 352, 360
-0.995115, 193, 161, 224, 288
-0.995116, 29, 297, 44, 360
-0.995127, 141, 81, 172, 208
-0.995156, 49, 69, 176, 100
-0.995159, 1, 297, 364, 360
-0.995161, 33, 309, 96, 340
-0.99518, 17, 285, 144, 316
-0.995189, 273, 433, 336, 496
-0.99521, 209, 173, 336, 204
-0.995216, 73, 81, 136, 112
-0.995237, 113, 117, 176, 148
-0.995255, 57, 209, 120, 240
-0.995268, 209, 157, 272, 188
-0.995286, 9, 197, 72, 228
-0.995299, 73, 281, 136, 312
-0.995301, 345, 289, 360, 352
-0.995322, 17, 101, 80, 132
-0.995346, 185, 97, 216, 224
-0.995351, 305, 233, 364, 264
-0.995355, 1, 257, 256, 320
-0.995359, 129, 173, 256, 204
-0.995375, 75, 65, 90, 128
-0.995402, 171, 41, 186, 104
-0.995402, 277, 161, 292, 224
-0.995402, 161, 165, 224, 196
-0.995416, 145, 109, 208, 140
-0.995422, 225, 261, 352, 292
-0.995435, 161, 273, 224, 304
-0.995448, 185, 81, 248, 112
-0.995456, 65, 113, 320, 176
-0.995468, 291, 57, 306, 120
-0.995479, 287, 169, 302, 232
-0.995482, 321, 257, 336, 320
-0.995488, 121, 73, 184, 104
-0.995493, 81, 25, 144, 88
-0.995495, 1, 165, 64, 196
-0.995505, 89, 209, 152, 240
-0.995507, 209, 193, 272, 224
-0.995515, 257, 285, 320, 316
-0.995515, 47, 145, 62, 208
-0.995516, 209, 77, 336, 108
-0.995531, 17, 129, 80, 160
-0.995533, 17, 337, 144, 400
-0.995534, 1, 177, 256, 240
-0.99556, 193, 37, 256, 68
-0.995565, 9, 313, 24, 376
-0.995575, 33, 185, 160, 216
-0.995588, 297, 221, 360, 252
-0.995594, 185, 157, 248, 188
-0.995607, 3, 313, 18, 376
-0.995607, 241, 33, 364, 96
-0.995614, 217, 41, 280, 72
-0.995633, 197, 49, 212, 112
-0.995672, 241, 301, 364, 332
-0.995684, 311, 241, 326, 304
-0.995691, 105, 17, 168, 80
-0.995698, 35, 329, 50, 392
-0.995702, 185, 217, 248, 248
-0.995708, 297, 205, 360, 236
-0.995708, 263, 161, 278, 224
-0.995722, 193, 117, 256, 148
-0.995737, 1, 153, 64, 184
-0.995747, 21, 305, 36, 368
-0.995766, 85, 161, 100, 224
-0.995779, 209, 209, 336, 240
-0.995802, 209, 289, 272, 320
-0.995812, 17, 197, 144, 228
-0.995834, 17, 165, 144, 196
-0.995836, 129, 49, 256, 80
-0.995861, 225, 273, 352, 304
-0.995864, 81, 57, 96, 120
-0.995925, 77, 169, 92, 232
-0.995953, 45, 257, 60, 320
-0.996018, 277, 137, 292, 200
-0.996025, 29, 321, 44, 384
-0.996042, 277, 17, 308, 144
-0.996043, 161, 97, 288, 160
-0.996056, 293, 169, 308, 232
-0.996065, 17, 317, 144, 348
-0.996071, 97, 209, 352, 272
-0.996072, 67, 185, 82, 248
-0.996076, 233, 257, 264, 384
-0.996086, 225, 177, 240, 240
-0.996101, 153, 97, 184, 224
-0.996126, 285, 57, 300, 120
-0.996206, 213, 161, 228, 224
-0.996232, 35, 257, 50, 320
-0.996239, 53, 129, 68, 192
-0.996262, 1, 369, 64, 496
-0.996277, 33, 81, 160, 112
-0.996279, 121, 81, 152, 208
-0.996315, 321, 305, 336, 368
-0.996316, 33, 297, 160, 328
-0.996333, 193, 65, 320, 96
-0.996363, 141, 185, 156, 248
-0.996367, 313, 265, 328, 328
-0.996368, 305, 81, 320, 144
-0.996388, 63, 161, 78, 224
-0.996397, 17, 261, 144, 292
-0.996431, 207, 41, 222, 104
-0.996432, 55, 161, 70, 224
-0.996486, 233, 177, 248, 240
-0.996515, 17, 273, 144, 304
-0.996528, 25, 97, 56, 224
-0.996543, 151, 41, 166, 104
-0.996554, 97, 145, 352, 208
-0.996556, 241, 409, 364, 472
-0.996568, 97, 177, 128, 304
-0.996576, 269, 161, 284, 224
-0.996585, 161, 49, 176, 112
-0.996615, 1, 209, 256, 272
-0.996615, 61, 49, 76, 112
-0.996621, 209, 233, 336, 264
-0.996661, 17, 209, 144, 240
-0.996664, 91, 57, 106, 120
-0.996665, 309, 161, 324, 224
-0.996681, 133, 177, 148, 240
-0.996693, 33, 237, 160, 268
-0.996719, 301, 169, 316, 232
-0.996727, 209, 197, 336, 228
-0.996751, 161, 189, 288, 220
-0.996754, 45, 225, 60, 288
-0.996762, 91, 161, 106, 224
-0.996768, 97, 285, 224, 316
-0.99679, 285, 145, 300, 208
-0.996797, 225, 81, 256, 208
-0.9968, 77, 193, 92, 256
-0.996802, 219, 177, 234, 240
-0.996813, 71, 153, 86, 216
-0.996827, 17, 145, 144, 176
-0.996847, 113, 185, 240, 216
-0.996864, 113, 73, 240, 104
-0.996871, 225, 89, 352, 120
-0.996872, 313, 297, 328, 360
-0.996897, 257, 161, 272, 224
-0.996897, 151, 169, 166, 232
-0.996902, 43, 281, 58, 344
-0.996924, 279, 57, 294, 120
-0.996934, 297, 137, 312, 200
-0.996946, 317, 233, 332, 296
-0.996949, 299, 209, 314, 272
-0.996956, 213, 49, 228, 112
-0.996963, 71, 41, 86, 104
-0.99697, 97, 297, 224, 360
-0.996971, 59, 97, 74, 160
-0.996981, 47, 169, 62, 232
-0.996982, 289, 201, 304, 264
-0.996992, 219, 49, 234, 112
-0.997005, 327, 273, 342, 336
-0.997006, 171, 177, 186, 240
-0.997024, 235, 49, 250, 112
-0.997033, 29, 273, 44, 336
-0.997053, 225, 249, 352, 280
-0.997057, 123, 169, 138, 232
-0.99706, 125, 209, 156, 336
-0.99706, 305, 305, 336, 432
-0.997071, 225, 129, 352, 160
-0.997075, 61, 193, 76, 256
-0.997092, 177, 65, 192, 128
-0.997099, 145, 49, 160, 112
-0.997102, 57, 217, 72, 280
-0.997102, 303, 233, 318, 296
-0.997115, 97, 49, 112, 112
-0.997137, 265, 137, 280, 200
-0.997143, 241, 49, 256, 112
-0.997152, 41, 305, 56, 368
-0.997153, 65, 173, 192, 204
-0.997153, 309, 137, 324, 200
-0.997159, 33, 93, 160, 124
-0.997164, 311, 65, 326, 128
-0.997166, 1, 329, 128, 360
-0.997168, 209, 141, 336, 172
-0.997172, 207, 209, 222, 272
-0.99718, 63, 137, 78, 200
-0.9972, 1, 33, 364, 96
-0.997236, 205, 161, 220, 224
-0.997238, 153, 1, 184, 256
-0.997241, 209, 221, 336, 252
-0.997247, 33, 133, 160, 164
-0.99725, 229, 153, 244, 216
-0.997267, 49, 57, 64, 120
-0.99727, 5, 311, 36, 326
-0.997271, 225, 49, 240, 112
-0.997276, 229, 207, 260, 222
-0.997276, 13, 335, 44, 350
-0.997276, 145, 289, 272, 320
-0.99728, 121, 213, 152, 228
-0.997283, 269, 181, 300, 196
-0.997287, 277, 163, 308, 178
-0.997292, 249, 49, 264, 112
-0.997292, 185, 203, 216, 218
-0.997293, 185, 185, 216, 200
-0.997297, 297, 261, 328, 276
-0.997297, 79, 145, 94, 208
-0.997301, 305, 93, 336, 108
-0.997314, 81, 171, 112, 186
-0.997319, 181, 177, 196, 240
-0.997322, 59, 77, 74, 108
-0.997323, 133, 205, 164, 220
-0.997326, 127, 193, 142, 256
-0.997327, 263, 49, 278, 112
-0.99733, 25, 279, 56, 294
-0.997331, 57, 177, 88, 192
-0.997336, 145, 51, 176, 66
-0.997337, 51, 225, 66, 288
-0.997339, 15, 289, 30, 352
-0.997341, 149, 189, 180, 204
-0.997344, 297, 221, 328, 236
-0.997348, 133, 211, 164, 226
-0.997349, 213, 215, 244, 230
-0.997351, 33, 105, 160, 136
-0.997353, 317, 261, 348, 276
-0.997355, 293, 207, 324, 222
-0.997356, 209, 187, 240, 202
-0.997359, 41, 253, 72, 268
-0.997366, 177, 273, 304, 304
-0.997373, 199, 201, 214, 264
-0.997373, 233, 167, 264, 182
-0.997374, 257, 57, 288, 72
-0.997376, 53, 225, 84, 352
-0.997384, 125, 191, 156, 206
-0.997392, 41, 229, 72, 244
-0.997394, 297, 233, 328, 248
-0.997394, 121, 161, 152, 288
-0.997397, 17, 249, 144, 280
-0.9974, 305, 87, 336, 102
-0.997403, 53, 93, 84, 108
-0.997404, 21, 219, 52, 234
-0.997405, 197, 211, 228, 226
-0.997406, 125, 257, 156, 384
-0.997408, 277, 143, 308, 158
-0.997411, 213, 171, 244, 186
-0.997417, 1, 233, 256, 296
-0.997419, 133, 49, 148, 112
-0.99742, 53, 131, 84, 146
-0.997421, 113, 201, 240, 232
-0.997424, 229, 177, 260, 304
-0.997428, 317, 295, 348, 310
-0.997432, 141, 175, 172, 190
-0.997433, 303, 105, 318, 168
-0.997434, 69, 183, 100, 198
-0.997434, 99, 169, 114, 232
-0.997445, 157, 65, 188, 80
-0.997446, 305, 81, 336, 96
-0.997447, 217, 177, 248, 192
-0.997447, 89, 321, 152, 448
-0.997451, 101, 181, 132, 196
-0.997457, 89, 137, 104, 200
-0.99746, 35, 233, 50, 296
-0.99746, 249, 191, 280, 206
-0.997464, 303, 129, 318, 192
-0.997466, 185, 67, 216, 82
-0.99747, 165, 179, 196, 194
-0.997474, 347, 265, 362, 328
-0.997474, 283, 193, 298, 256
-0.99748, 53, 65, 84, 320
-0.997481, 333, 265, 348, 328
-0.997482, 41, 235, 72, 250
-0.997483, 7, 289, 22, 352
-0.997484, 97, 187, 128, 202
-0.997493, 237, 181, 268, 196
-0.997493, 215, 209, 230, 272
-0.997498, 9, 329, 40, 344
-0.997502, 277, 169, 308, 184
-0.997508, 53, 137, 84, 152
-0.997509, 35, 305, 50, 336
-0.997513, 1, 61, 128, 92
-0.997518, 65, 203, 96, 218
-0.997522, 69, 177, 100, 192
-0.997522, 255, 49, 270, 112
-0.997525, 309, 303, 340, 318
-0.997525, 81, 45, 208, 76
-0.997527, 21, 281, 36, 344
-0.997543, 273, 193, 304, 208
-0.997544, 193, 217, 224, 232
-0.997548, 331, 309, 346, 340
-0.997549, 35, 293, 50, 324
-0.997554, 169, 63, 200, 78
-0.99756, 25, 293, 56, 308
-0.997562, 41, 195, 72, 210
-0.997563, 169, 185, 200, 200
-0.997565, 347, 301, 362, 332
-0.997568, 25, 285, 56, 300
-0.997573, 173, 75, 204, 90
-0.997574, 317, 275, 348, 290
-0.997577, 65, 147, 96, 162
-0.997577, 309, 185, 324, 248
-0.99758, 169, 161, 200, 288
-0.997587, 53, 125, 84, 140
-0.997588, 261, 167, 292, 182
-0.997589, 321, 281, 336, 312
-0.997591, 217, 137, 232, 200
-0.997592, 55, 225, 70, 256
-0.997601, 41, 179, 72, 194
-0.997602, 17, 369, 144, 496
-0.997602, 299, 77, 314, 108
-0.997604, 153, 161, 184, 288
-0.997607, 329, 257, 360, 500
-0.997616, 25, 325, 40, 356
-0.997626, 103, 49, 118, 112
-0.997629, 199, 177, 214, 240
-0.99763, 179, 49, 194, 80
-0.997631, 245, 209, 276, 336
-0.997633, 273, 149, 304, 164
-0.997634, 33, 225, 160, 256
-0.997637, 241, 65, 364, 96
-0.997657, 293, 65, 324, 320
-0.997671, 323, 329, 338, 392
-0.997674, 297, 215, 328, 230
-0.997677, 237, 175, 268, 190
-0.997677, 125, 49, 140, 112
-0.997682, 117, 207, 148, 222
-0.997689, 229, 121, 244, 184
-0.997694, 45, 193, 60, 256
-0.997698, 297, 227, 328, 242
-0.997701, 35, 317, 50, 348
-0.997701, 289, 93, 320, 108
-0.997702, 41, 209, 72, 224
-0.997709, 321, 293, 336, 324
-0.99771, 193, 25, 208, 88
-0.997715, 309, 217, 324, 280
-0.997721, 35, 277, 50, 308
-0.997721, 313, 281, 344, 296
-0.997724, 341, 305, 356, 336
-0.997739, 153, 177, 184, 192
-0.997744, 61, 213, 76, 244
-0.997745, 33, 257, 64, 500
-0.997749, 41, 129, 72, 384
-0.997755, 141, 1, 172, 256
-0.997759, 25, 299, 56, 314
-0.997765, 289, 81, 320, 96
-0.99777, 297, 287, 328, 302
-0.99777, 321, 305, 336, 336
-0.997774, 263, 169, 278, 200
-0.997776, 317, 257, 348, 500
-0.997782, 129, 109, 256, 140
-0.997783, 213, 203, 244, 218
-0.997783, 229, 173, 244, 204
-0.997794, 51, 237, 66, 268
-0.997804, 333, 301, 364, 316
-0.99781, 35, 329, 50, 360
-0.997812, 73, 195, 104, 210
-0.997815, 3, 317, 18, 348
-0.997822, 265, 63, 296, 78
-0.997822, 21, 227, 52, 242
-0.997823, 71, 69, 86, 100
-0.997827, 149, 183, 180, 198
-0.997827, 121, 183, 152, 198
-0.997828, 293, 147, 324, 162
-0.997831, 61, 195, 92, 210
-0.997836, 53, 83, 84, 98
-0.997838, 65, 73, 80, 104
-0.99784, 17, 321, 32, 352
-0.997842, 297, 171, 328, 186
-0.997848, 201, 53, 232, 68
-0.997851, 77, 65, 108, 80
-0.997855, 185, 33, 216, 288
-0.997856, 41, 223, 72, 238
-0.997856, 257, 185, 288, 200
-0.997856, 13, 257, 44, 500
-0.997856, 45, 153, 76, 168
-0.99786, 25, 335, 56, 350
-0.997867, 45, 241, 60, 272
-0.997879, 289, 205, 304, 236
-0.997879, 25, 315, 56, 330
-0.997886, 79, 65, 94, 96
-0.997888, 283, 197, 298, 228
-0.997906, 213, 209, 244, 224
-0.997919, 45, 173, 76, 188
-0.997924, 153, 45, 184, 60
-0.997929, 125, 177, 156, 192
-0.99793, 93, 57, 124, 72
-0.997935, 157, 51, 188, 66
-0.997939, 65, 201, 80, 232
-0.997939, 25, 327, 56, 342
-0.997942, 185, 53, 216, 68
-0.997943, 201, 203, 232, 218
-0.997948, 305, 225, 336, 480
-0.997953, 297, 177, 328, 192
-0.997956, 195, 49, 210, 80
-0.997963, 45, 187, 76, 202
-0.997966, 65, 71, 96, 86
-0.997967, 241, 313, 364, 344
-0.997969, 289, 69, 304, 100
-0.997969, 177, 161, 304, 192
-0.997969, 273, 205, 304, 220
-0.997975, 21, 213, 52, 228
-0.997979, 277, 69, 308, 84
-0.997986, 29, 313, 44, 344
-0.997989, 169, 51, 200, 66
-0.997991, 65, 25, 320, 88
-0.997992, 49, 147, 80, 162
-0.997998, 213, 141, 244, 156
-0.998016, 9, 317, 24, 348
-0.998019, 297, 183, 328, 198
-0.998026, 229, 185, 244, 216
-0.998029, 311, 245, 326, 276
-0.998032, 1, 257, 32, 500
-0.998043, 35, 265, 50, 296
-0.998045, 45, 221, 60, 252
-0.99805, 225, 153, 352, 184
-0.998052, 275, 173, 290, 204
-0.998082, 317, 161, 348, 416
-0.998082, 59, 181, 74, 212
-0.998098, 149, 257, 180, 384
-0.99811, 71, 197, 86, 228
-0.998111, 97, 289, 352, 352
-0.998117, 293, 217, 308, 248
-0.99812, 257, 179, 288, 194
-0.998121, 207, 205, 222, 236
-0.998125, 113, 217, 240, 248
-0.998126, 61, 225, 76, 256
-0.998126, 207, 173, 222, 204
-0.998126, 225, 113, 352, 144
-0.998128, 143, 173, 158, 204
-0.998131, 309, 145, 340, 272
-0.998131, 171, 65, 186, 96
-0.998136, 49, 121, 176, 152
-0.998149, 17, 433, 144, 496
-0.99815, 281, 33, 312, 288
-0.998158, 177, 65, 192, 96
-0.998159, 207, 189, 222, 220
-0.998164, 311, 285, 326, 316
-0.998166, 65, 197, 192, 228
-0.998169, 185, 49, 200, 80
-0.99818, 289, 87, 320, 102
-0.998183, 305, 129, 336, 384
-0.998185, 269, 199, 300, 214
-0.998194, 65, 33, 96, 288
-0.998195, 319, 269, 334, 300
-0.998197, 1, 317, 32, 332
-0.998205, 129, 205, 144, 236
-0.998205, 197, 33, 228, 288
-0.998207, 85, 61, 100, 92
-0.99822, 313, 353, 344, 480
-0.998223, 173, 49, 188, 80
-0.998226, 65, 249, 192, 312
-0.99823, 45, 261, 60, 292
-0.998233, 1, 329, 364, 392
-0.998236, 125, 177, 140, 208
-0.998243, 321, 301, 352, 316
-0.998245, 283, 165, 298, 196
-0.99825, 269, 169, 284, 200
-0.998253, 67, 213, 82, 244
-0.998258, 165, 53, 180, 84
-0.99827, 299, 169, 314, 200
-0.998274, 71, 181, 86, 212
-0.998283, 299, 229, 314, 260
-0.998292, 25, 161, 56, 416
-0.998295, 275, 161, 290, 192
-0.998297, 217, 169, 232, 200
-0.998303, 93, 257, 124, 384
-0.998315, 165, 1, 196, 256
-0.998317, 283, 65, 298, 96
-0.998319, 309, 173, 324, 204
-0.998322, 309, 33, 340, 288
-0.998323, 293, 161, 324, 416
-0.998329, 165, 273, 196, 400
-0.99833, 73, 149, 88, 180
-0.99833, 219, 185, 234, 216
-0.998336, 285, 75, 316, 90
-0.998337, 15, 309, 30, 340
-0.998337, 129, 33, 160, 288
-0.998337, 47, 153, 62, 184
-0.998345, 129, 61, 256, 92
-0.998347, 57, 77, 88, 92
-0.998349, 187, 65, 202, 96
-0.998351, 161, 201, 288, 232
-0.998353, 293, 273, 324, 400
-0.998363, 35, 213, 50, 244
-0.998365, 275, 61, 290, 92
-0.998365, 77, 181, 92, 212
-0.998365, 43, 285, 58, 316
-0.998367, 65, 177, 80, 208
-0.998376, 87, 177, 102, 208
-0.998378, 47, 173, 62, 204
-0.998381, 263, 181, 278, 212
-0.998382, 277, 141, 292, 172
-0.998386, 1, 329, 256, 392
-0.998386, 209, 33, 240, 288
-0.998386, 273, 185, 288, 216
-0.998387, 301, 93, 316, 124
-0.998388, 241, 325, 256, 356
-0.998389, 277, 175, 308, 190
-0.998391, 21, 309, 36, 340
-0.998402, 177, 41, 304, 72
-0.998403, 161, 125, 288, 156
-0.998406, 283, 185, 298, 216
-0.998413, 311, 297, 326, 328
-0.998416, 171, 177, 186, 208
-0.998418, 257, 173, 288, 188
-0.998418, 221, 201, 236, 232
-0.998425, 241, 385, 364, 448
-0.998427, 293, 169, 308, 200
-0.998433, 225, 101, 352, 132
-0.998439, 151, 177, 166, 208
-0.99844, 257, 161, 288, 416
-0.99845, 285, 149, 300, 180
-0.998468, 25, 305, 56, 320
-0.99847, 45, 225, 76, 480
-0.998472, 51, 141, 66, 172
-0.998473, 207, 53, 222, 84
-0.998475, 77, 197, 92, 228
-0.998478, 79, 145, 94, 176
-0.998478, 53, 173, 68, 204
-0.998481, 1, 369, 256, 496
-0.998483, 29, 293, 44, 324
-0.998487, 41, 149, 104, 164
-0.99849, 305, 245, 320, 276
-0.998493, 119, 185, 134, 216
-0.998493, 123, 205, 138, 236
-0.998493, 21, 209, 36, 240
-0.998494, 65, 165, 80, 196
-0.998495, 329, 161, 360, 416
-0.998495, 141, 185, 156, 216
-0.998499, 33, 195, 96, 210
-0.998501, 265, 87, 328, 102
-0.998505, 57, 125, 72, 156
-0.998506, 289, 185, 304, 216
-0.998507, 229, 205, 244, 236
-0.998508, 5, 323, 36, 338
-0.998509, 57, 237, 72, 268
-0.99851, 1, 317, 64, 332
-0.99851, 73, 161, 88, 192
-0.998512, 95, 57, 110, 88
-0.998516, 33, 211, 96, 226
-0.998517, 257, 75, 320, 90
-0.99852, 241, 433, 364, 496
-0.998522, 153, 51, 216, 66
-0.998522, 97, 329, 352, 392
-0.998523, 297, 305, 360, 320
-0.998527, 273, 195, 336, 210
-0.998528, 167, 41, 182, 72
-0.998528, 133, 177, 148, 208
-0.998533, 281, 291, 344, 306
-0.998533, 257, 165, 272, 196
-0.998535, 93, 169, 108, 200
-0.998536, 295, 61, 310, 92
-0.998538, 281, 285, 344, 300
-0.99854, 39, 233, 54, 264
-0.998541, 57, 73, 120, 88
-0.998541, 49, 127, 112, 142
-0.998541, 89, 57, 152, 72
-0.998542, 161, 181, 224, 196
-0.998543, 331, 289, 346, 416
-0.998545, 273, 147, 336, 162
-0.998545, 25, 321, 56, 336
-0.998546, 297, 81, 360, 96
-0.998548, 129, 49, 192, 64
-0.998548, 265, 81, 328, 96
-0.998548, 49, 79, 112, 94
-0.998549, 33, 155, 96, 170
-0.998549, 33, 231, 96, 246
-0.998549, 161, 213, 288, 244
-0.998551, 193, 203, 256, 218
-0.998553, 193, 53, 256, 68
-0.998554, 153, 45, 216, 60
-0.998555, 81, 165, 96, 196
-0.998555, 77, 161, 108, 416
-0.998555, 281, 279, 344, 294
-0.998557, 49, 87, 112, 102
-0.998557, 305, 233, 320, 264
-0.998557, 281, 297, 344, 312
-0.998559, 305, 299, 364, 314
-0.998559, 73, 65, 136, 80
-0.998561, 33, 269, 96, 284
-0.998561, 161, 77, 288, 108
-0.998561, 241, 183, 304, 198
-0.998562, 33, 171, 96, 186
-0.998563, 241, 197, 304, 212
-0.998563, 281, 271, 344, 286
-0.998563, 209, 179, 272, 194
-0.998563, 1, 323, 64, 338
-0.998563, 209, 167, 272, 182
-0.998563, 273, 257, 336, 272
-0.998564, 273, 153, 336, 168
-0.998564, 273, 251, 336, 266
-0.998564, 233, 203, 296, 218
-0.998565, 33, 187, 96, 202
-0.998566, 9, 213, 72, 228
-0.998568, 1, 311, 64, 326
-0.998568, 137, 179, 200, 194
-0.998568, 265, 93, 328, 108
-0.998568, 33, 225, 96, 240
-0.998569, 273, 187, 336, 202
-0.998572, 249, 173, 312, 188
-0.998573, 33, 261, 96, 276
-0.998574, 241, 63, 304, 78
-0.998574, 121, 207, 184, 222
-0.998574, 177, 181, 192, 212
-0.998576, 311, 273, 326, 304
-0.998576, 151, 49, 166, 80
-0.998577, 225, 55, 288, 70
-0.998577, 309, 185, 324, 216
-0.998577, 297, 87, 360, 102
-0.998578, 9, 227, 72, 242
-0.998579, 209, 187, 272, 202
-0.998579, 193, 161, 224, 416
-0.998581, 57, 185, 120, 200
-0.998581, 57, 93, 72, 124
-0.998582, 265, 181, 328, 196
-0.998582, 33, 251, 96, 266
-0.998583, 33, 161, 96, 176
-0.998583, 33, 177, 96, 192
-0.998583, 169, 175, 232, 190
-0.998584, 257, 69, 320, 84
-0.998584, 265, 127, 328, 142
-0.998584, 113, 179, 176, 194
-0.998584, 281, 205, 344, 220
-0.998585, 57, 173, 120, 188
-0.998585, 281, 265, 344, 280
-0.998586, 97, 297, 224, 328
-0.998587, 273, 159, 336, 174
-0.998588, 273, 245, 336, 260
-0.998588, 33, 217, 96, 232
-0.998588, 297, 311, 360, 326
-0.998588, 47, 145, 62, 272
-0.998588, 233, 139, 296, 154
-0.998589, 249, 167, 312, 182
-0.998589, 273, 173, 336, 188
-0.998589, 33, 293, 96, 308
-0.99859, 89, 197, 152, 212
-0.99859, 313, 261, 328, 292
-0.99859, 273, 225, 336, 240
-0.998591, 33, 277, 96, 292
-0.998591, 41, 143, 104, 158
-0.998591, 33, 201, 96, 216
-0.998592, 9, 305, 24, 336
-0.998594, 89, 179, 152, 194
-0.998594, 17, 79, 80, 94
-0.998594, 45, 209, 60, 240
-0.998596, 305, 255, 364, 270
-0.998596, 273, 213, 336, 228
-0.998596, 199, 205, 214, 236
-0.998596, 17, 85, 80, 100
-0.998597, 1, 291, 64, 306
-0.998598, 233, 191, 296, 206
-0.998598, 161, 67, 224, 82
-0.998599, 33, 287, 96, 302
-0.998599, 113, 55, 176, 70
-0.998599, 59, 65, 74, 192
-0.9986, 1, 261, 64, 276
-0.998601, 209, 143, 272, 158
-0.998601, 209, 197, 272, 212
-0.998601, 1, 301, 64, 316
-0.998602, 169, 187, 232, 202
-0.998603, 217, 173, 280, 188
-0.998603, 57, 195, 120, 210
-0.998603, 233, 289, 296, 304
-0.998603, 169, 203, 232, 218
-0.998604, 269, 65, 300, 320
-0.998604, 49, 93, 112, 108
-0.998604, 89, 205, 152, 220
-0.998604, 121, 185, 184, 200
-0.998605, 201, 209, 264, 224
-0.998605, 273, 141, 336, 156
-0.998606, 1, 219, 64, 234
-0.998606, 129, 285, 192, 300
-0.998607, 33, 59, 96, 74
-0.998607, 151, 189, 166, 220
-0.998608, 97, 273, 224, 304
-0.99861, 57, 179, 120, 194
-0.998612, 1, 305, 256, 368
-0.998613, 33, 245, 96, 260
-0.998614, 49, 135, 112, 150
-0.998615, 233, 161, 296, 176
-0.998615, 65, 201, 128, 216
-0.998616, 297, 93, 360, 108
-0.998617, 305, 285, 364, 300
-0.998617, 273, 303, 336, 318
-0.998618, 201, 295, 264, 310
-0.998618, 1, 241, 64, 256
-0.998619, 59, 193, 74, 224
-0.998619, 145, 187, 208, 202
-0.99862, 169, 213, 232, 228
-0.99862, 89, 185, 152, 200
-0.99862, 1, 329, 64, 344
-0.99862, 281, 239, 344, 254
-0.99862, 299, 217, 314, 248
-0.998621, 265, 99, 328, 114
-0.998622, 185, 181, 248, 196
-0.998622, 297, 479, 360, 494
-0.998623, 177, 45, 240, 60
-0.998623, 249, 149, 312, 164
-0.998624, 305, 261, 364, 276
-0.998628, 35, 305, 50, 432
-0.998632, 277, 161, 308, 416
-0.998652, 117, 33, 148, 288
-0.99866, 249, 33, 280, 288
-0.998677, 73, 97, 104, 224
-0.998694, 205, 193, 236, 448
-0.998698, 33, 369, 96, 496
-0.99873, 153, 209, 184, 336
-0.998733, 237, 33, 268, 288
-0.998739, 301, 81, 316, 208
-0.998758, 323, 257, 338, 384
-0.998775, 77, 33, 108, 288
-0.998775, 177, 261, 304, 292
-0.998784, 185, 257, 216, 500
-0.9988, 1, 49, 128, 80
-0.9988, 41, 33, 72, 288
-0.998802, 133, 225, 164, 480
-0.998804, 317, 309, 348, 324
-0.998824, 21, 289, 36, 416
-0.998828, 89, 33, 120, 288
-0.998846, 225, 53, 352, 84
-0.998847, 65, 129, 96, 384
-0.998857, 333, 307, 364, 322
-0.998867, 29, 273, 44, 400
-0.998871, 341, 289, 356, 416
-0.998881, 221, 1, 252, 256
-0.998881, 113, 229, 240, 260
-0.998889, 89, 161, 120, 416
-0.99889, 101, 33, 132, 288
-0.998892, 349, 257, 364, 384
-0.998911, 1, 121, 128, 152
-0.998918, 277, 289, 308, 416
-0.998941, 245, 161, 276, 416
-0.998942, 129, 161, 256, 192
-0.998959, 129, 37, 256, 68
-0.998967, 121, 225, 152, 480
-0.998974, 221, 257, 252, 500
-0.998988, 29, 1, 60, 256
-0.998992, 333, 33, 364, 288
-0.999001, 1, 161, 32, 416
-0.999009, 13, 289, 28, 416
-0.99901, 173, 257, 204, 500
-0.999028, 37, 257, 52, 384
-0.999038, 67, 65, 82, 192
-0.99904, 321, 65, 352, 320
-0.999048, 217, 161, 248, 416
-0.999055, 261, 257, 292, 500
-0.999058, 65, 161, 192, 192
-0.999064, 145, 245, 272, 276
-0.999071, 17, 341, 144, 372
-0.999073, 109, 257, 140, 500
-0.99908, 149, 225, 180, 480
-0.999089, 241, 329, 364, 360
-0.999095, 141, 129, 172, 384
-0.999105, 65, 225, 96, 480
-0.999124, 293, 65, 308, 192
-0.999128, 311, 241, 326, 368
-0.999149, 181, 161, 212, 416
-0.999155, 97, 85, 224, 116
-0.999155, 43, 257, 58, 384
-0.999156, 169, 97, 200, 352
-0.999157, 13, 161, 44, 416
-0.999173, 81, 257, 112, 500
-0.999177, 229, 161, 260, 416
-0.999185, 177, 209, 208, 336
-0.999187, 153, 129, 184, 384
-0.999197, 73, 1, 104, 128
-0.9992, 273, 257, 304, 500
-0.999224, 189, 33, 204, 160
-0.999226, 169, 33, 184, 160
-0.999228, 1, 305, 16, 432
-0.999249, 29, 321, 44, 448
-0.999257, 35, 193, 50, 320
-0.999267, 97, 257, 128, 500
-0.999271, 129, 261, 256, 292
-0.999275, 309, 145, 324, 272
-0.999278, 161, 257, 192, 500
-0.99929, 161, 225, 288, 256
-0.999303, 237, 257, 268, 500
-0.999317, 317, 289, 332, 416
-0.999318, 97, 121, 224, 152
-0.99932, 179, 33, 194, 160
-0.999323, 7, 289, 22, 416
-0.999327, 241, 465, 364, 496
-0.999343, 207, 161, 222, 288
-0.999345, 161, 33, 176, 160
-0.999348, 125, 129, 156, 384
-0.999354, 81, 329, 208, 392
-0.99937, 45, 209, 60, 336
-0.999377, 153, 33, 168, 160
-0.999382, 307, 81, 322, 208
-0.999389, 177, 113, 304, 144
-0.999394, 273, 145, 288, 272
-0.999399, 135, 33, 150, 160
-0.999399, 323, 305, 338, 432
-0.999401, 193, 329, 320, 392
-0.999402, 225, 345, 352, 376
-0.999407, 145, 33, 160, 160
-0.999411, 97, 249, 224, 280
-0.999418, 293, 257, 324, 500
-0.999425, 53, 81, 68, 208
-0.999432, 53, 129, 68, 256
-0.999439, 249, 257, 280, 500
-0.99944, 101, 129, 132, 384
-0.999451, 1, 25, 128, 88
-0.999461, 21, 49, 52, 176
-0.999465, 125, 33, 140, 160
-0.999476, 301, 33, 316, 160
-0.999492, 87, 145, 102, 272
-0.999505, 319, 209, 334, 336
-0.999514, 259, 49, 274, 176
-0.999516, 195, 33, 210, 160
-0.999517, 97, 369, 352, 496
-0.999521, 311, 33, 326, 160
-0.999533, 333, 241, 348, 368
-0.999537, 55, 209, 70, 336
-0.999552, 241, 361, 364, 392
-0.999553, 81, 133, 208, 164
-0.999559, 343, 241, 358, 368
-0.999561, 73, 49, 88, 176
-0.999565, 63, 193, 78, 320
-0.999566, 71, 161, 86, 288
-0.999568, 17, 65, 48, 320
-0.999572, 241, 41, 364, 72
-0.999578, 97, 49, 112, 176
-0.99958, 65, 175, 80, 190
-0.99958, 295, 171, 310, 186
-0.999581, 283, 141, 298, 156
-0.999581, 311, 281, 326, 296
-0.999582, 73, 177, 88, 192
-0.999583, 309, 235, 324, 250
-0.999583, 21, 317, 36, 332
-0.999583, 205, 53, 220, 68
-0.999583, 311, 179, 326, 194
-0.999583, 29, 317, 44, 332
-0.999584, 207, 33, 222, 160
-0.999584, 303, 241, 318, 256
-0.999584, 259, 185, 274, 200
-0.999585, 281, 203, 296, 218
-0.999587, 215, 169, 230, 184
-0.999587, 47, 153, 62, 168
-0.999587, 63, 189, 78, 204
-0.999588, 23, 213, 38, 228
-0.999588, 17, 213, 32, 228
-0.999589, 229, 189, 244, 204
-0.999589, 171, 67, 186, 82
-0.99959, 87, 177, 102, 192
-0.99959, 57, 127, 72, 142
-0.999591, 295, 225, 310, 240
-0.999591, 169, 45, 184, 60
-0.999591, 81, 179, 96, 194
-0.999592, 299, 233, 314, 248
-0.999593, 35, 213, 50, 228
-0.999593, 301, 93, 316, 108
-0.999594, 219, 177, 234, 192
-0.999594, 55, 171, 70, 186
-0.999594, 95, 59, 110, 74
-0.999596, 285, 171, 300, 186
-0.999596, 311, 247, 326, 262
-0.999597, 155, 43, 170, 58
-0.999597, 311, 293, 326, 308
-0.999599, 263, 179, 278, 194
-0.999599, 165, 51, 180, 66
-0.9996, 263, 167, 278, 182
-0.9996, 93, 171, 108, 186
-0.999601, 179, 63, 194, 78
-0.999601, 29, 305, 44, 320
-0.999601, 291, 217, 306, 232
-0.999601, 29, 337, 44, 352
-0.999601, 215, 203, 230, 218
-0.999602, 45, 309, 60, 324
-0.999602, 197, 53, 212, 68
-0.999603, 125, 211, 140, 226
-0.999605, 331, 303, 346, 318
-0.999605, 275, 63, 290, 78
-0.999607, 141, 185, 156, 200
-0.999607, 113, 129, 144, 384
-0.999607, 323, 311, 338, 326
-0.999608, 275, 171, 290, 186
-0.999608, 141, 175, 156, 190
-0.999608, 207, 205, 222, 220
-0.999609, 309, 241, 324, 256
-0.999609, 47, 245, 62, 260
-0.999609, 125, 179, 140, 194
-0.999611, 41, 257, 56, 272
-0.999611, 277, 181, 292, 196
-0.999612, 265, 129, 280, 256
-0.999613, 279, 177, 294, 304
-0.999614, 35, 227, 50, 242
-0.999614, 301, 87, 316, 102
-0.999615, 215, 183, 230, 198
-0.999615, 35, 271, 50, 286
-0.999615, 177, 51, 192, 66
-0.999615, 103, 49, 118, 176
-0.999615, 231, 205, 246, 220
-0.999615, 45, 231, 60, 246
-0.999616, 45, 225, 60, 240
-0.999616, 223, 205, 238, 220
-0.999618, 311, 299, 326, 314
-0.999618, 229, 171, 244, 186
-0.99962, 289, 211, 304, 226
-0.999621, 285, 177, 300, 192
-0.999621, 281, 67, 296, 82
-0.999621, 215, 97, 230, 224
-0.999624, 81, 145, 96, 272
-0.999624, 77, 203, 92, 218
-0.999624, 47, 251, 62, 266
-0.999624, 291, 177, 306, 192
-0.999627, 207, 175, 222, 190
-0.999628, 261, 173, 276, 188
-0.999628, 89, 61, 104, 76
-0.999628, 207, 215, 222, 230
-0.999629, 187, 51, 202, 66
-0.999629, 287, 205, 302, 220
-0.99963, 65, 149, 192, 180
-0.999631, 209, 185, 224, 200
-0.999631, 35, 287, 50, 302
-0.999633, 37, 265, 52, 280
-0.999633, 269, 177, 284, 192
-0.999633, 35, 279, 50, 294
-0.999634, 301, 173, 316, 188
-0.999634, 75, 195, 90, 210
-0.999635, 283, 197, 298, 212
-0.999635, 311, 287, 326, 302
-0.999635, 151, 49, 166, 64
-0.999636, 289, 71, 304, 86
-0.999639, 11, 321, 26, 336
-0.99964, 343, 309, 358, 324
-0.99964, 65, 213, 192, 244
-0.999641, 229, 183, 244, 198
-0.999642, 245, 49, 260, 176
-0.999642, 127, 205, 142, 220
-0.999646, 81, 65, 96, 80
-0.999646, 199, 209, 214, 336
-0.999647, 171, 51, 186, 66
-0.999648, 67, 203, 82, 218
-0.99965, 299, 77, 314, 92
-0.999651, 331, 311, 346, 326
-0.999652, 277, 195, 292, 210
-0.999652, 321, 289, 336, 304
-0.999655, 229, 177, 244, 192
-0.999655, 35, 297, 50, 312
-0.999657, 319, 275, 334, 290
-0.999658, 25, 331, 40, 346
-0.999659, 49, 239, 64, 254
-0.999659, 321, 299, 336, 314
-0.999659, 289, 145, 304, 272
-0.999661, 55, 225, 70, 240
-0.999664, 251, 49, 266, 176
-0.999669, 75, 69, 90, 84
-0.99967, 201, 33, 216, 160
-0.999671, 59, 217, 74, 232
-0.999671, 35, 337, 50, 352
-0.999672, 337, 309, 352, 324
-0.999672, 53, 231, 68, 246
-0.999673, 29, 225, 44, 352
-0.999674, 47, 49, 62, 176
-0.999675, 321, 281, 336, 296
-0.999678, 35, 331, 50, 346
-0.99968, 1, 441, 128, 472
-0.99968, 59, 77, 74, 92
-0.99968, 35, 315, 50, 330
-0.999682, 63, 209, 78, 224
-0.999683, 321, 305, 336, 320
-0.999684, 1, 317, 16, 332
-0.999686, 117, 33, 132, 160
-0.999689, 21, 325, 36, 340
-0.999689, 67, 73, 82, 88
-0.99969, 29, 323, 44, 338
-0.999692, 69, 197, 84, 212
-0.999697, 35, 325, 50, 340
-0.999698, 215, 145, 230, 272
-0.999699, 329, 193, 360, 320
-0.999701, 145, 313, 272, 376
-0.999705, 229, 145, 244, 272
-0.999708, 177, 301, 304, 332
-0.999709, 165, 209, 196, 336
-0.999714, 287, 49, 302, 176
-0.999714, 35, 305, 50, 320
-0.999725, 109, 49, 124, 176
-0.999728, 57, 17, 88, 144
-0.99973, 61, 145, 76, 272
-0.999733, 213, 33, 228, 160
-0.999736, 347, 303, 362, 318
-0.999748, 19, 225, 34, 352
-0.99976, 235, 33, 250, 160
-0.999761, 263, 177, 278, 304
-0.999771, 41, 305, 56, 432
-0.999773, 93, 113, 108, 240
-0.999786, 91, 49, 106, 176
-0.999795, 269, 193, 284, 320
-0.999797, 269, 49, 284, 176
-0.999802, 221, 145, 236, 272
-0.999804, 207, 209, 222, 336
-0.999805, 295, 145, 310, 272
-0.999812, 223, 33, 238, 160
-0.999818, 281, 129, 296, 256
-0.999821, 229, 97, 244, 224
-0.999824, 255, 113, 270, 240
-0.999825, 329, 49, 344, 176
-0.999839, 65, 33, 192, 64
-0.999848, 161, 333, 288, 364
-0.999849, 307, 193, 322, 320
-0.99985, 229, 33, 244, 160
-0.999851, 5, 33, 36, 288
-0.999857, 9, 177, 40, 304
-0.999868, 41, 145, 56, 272
-0.999875, 143, 177, 158, 304
-0.999887, 335, 49, 350, 176
-0.999888, 143, 257, 158, 384
-0.999889, 63, 17, 78, 144
-0.999899, 95, 177, 110, 304
-0.999908, 279, 49, 294, 176
-0.999911, 257, 161, 272, 288
-0.999925, 161, 141, 288, 172
-0.99994, 83, 193, 98, 320
-0.999951, 1, 257, 16, 384
-0.999958, 349, 305, 364, 432
-0.999961, 301, 129, 316, 256
-0.999964, 313, 193, 328, 320
-0.999965, 99, 113, 114, 240
-0.999966, 285, 193, 300, 320
-0.999969, 85, 49, 100, 176
-0.99997, 25, 177, 40, 304
-0.999974, 317, 49, 332, 176
-0.99998, 81, 333, 208, 364
-0.999982, 349, 209, 364, 336
-0.999988, 145, 317, 272, 348
-0.999988, 143, 81, 158, 208
-0.999994, 199, 257, 214, 384
-0.999995, 177, 89, 304, 120
-0.999995, 323, 49, 338, 176
-1.00001, 201, 161, 216, 288
-1.00001, 77, 193, 92, 320
-1.00001, 79, 49, 94, 176
-1.00002, 1, 461, 128, 492
-1.00002, 241, 373, 364, 404
-1.00002, 341, 49, 356, 176
-1.00002, 215, 193, 230, 320
-1.00003, 241, 409, 364, 440
-1.00003, 213, 257, 228, 384
-1.00004, 1, 353, 128, 384
-1.00005, 209, 81, 224, 208
-1.00005, 13, 225, 28, 352
-1.00005, 349, 49, 364, 176
-1.00006, 203, 81, 218, 208
-1.00006, 151, 177, 166, 304
-1.00007, 311, 289, 326, 416
-1.00007, 239, 81, 254, 208
-1.00008, 41, 49, 56, 176
-1.00009, 149, 81, 164, 208
-1.00009, 241, 453, 364, 484
-1.0001, 53, 33, 68, 160
-1.0001, 241, 441, 364, 472
-1.0001, 301, 177, 316, 304
-1.0001, 313, 97, 328, 224
-1.0001, 71, 113, 86, 240
-1.00011, 47, 97, 62, 224
-1.00011, 193, 449, 320, 480
-1.00018, 241, 389, 364, 420
-1.00021, 81, 261, 208, 292
-1.00025, 69, 273, 100, 400
-1.00027, 177, 433, 304, 496
-1.00031, 1, 37, 128, 68
-1.00033, 225, 425, 352, 456
-1.00039, 177, 101, 304, 132
-1.00041, 49, 449, 176, 480
-1.00041, 17, 429, 144, 460
-1.00042, 113, 149, 240, 180
-1.00045, 97, 97, 224, 128
-1.00046, 101, 1, 132, 128
-1.00048, 193, 469, 320, 500
-1.00052, 81, 109, 208, 140
-1.00058, 177, 29, 304, 60
-1.00059, 85, 1, 116, 128
-1.00061, 81, 321, 208, 448
-1.00062, 145, 449, 272, 480
-1.00063, 257, 369, 320, 496
-1.00064, 97, 21, 224, 52
-1.00065, 65, 345, 192, 376
-1.00067, 97, 321, 224, 352
-1.00069, 97, 445, 224, 476
-1.0007, 17, 365, 144, 396
-1.0007, 9, 49, 40, 176
-1.00073, 161, 345, 288, 376
-1.00074, 105, 225, 136, 352
-1.00074, 33, 433, 288, 496
-1.00075, 177, 437, 304, 468
-1.00087, 201, 369, 264, 496
-1.0009, 81, 469, 208, 500
-1.0009, 129, 369, 256, 496
-1.00094, 193, 321, 320, 352
-1.00097, 97, 5, 224, 36
-1.00101, 129, 433, 256, 464
-1.00112, 225, 369, 288, 496
-1.00114, 5, 337, 36, 464
-1.00117, 105, 369, 168, 496
-1.00119, 97, 433, 224, 496
-1.0012, 245, 1, 276, 128
-1.00122, 193, 9, 320, 72
-1.00123, 277, 241, 308, 368
-1.00135, 249, 305, 280, 432
-1.00139, 193, 401, 320, 464
-1.00146, 321, 97, 352, 224
-1.00155, 265, 1, 296, 128
-1.00161, 97, 1, 224, 64
-1.00165, 1, 409, 256, 472
-1.00176, 161, 369, 224, 496
-1.00178, 97, 353, 352, 416
-1.00182, 333, 97, 364, 224
-1.00197, 1, 433, 364, 496
-1.00198, 49, 9, 176, 72
-1.002, 109, 113, 140, 240
-1.00207, 129, 305, 192, 432
-1.00207, 97, 377, 352, 440
-1.00209, 1, 1, 256, 64
-1.00209, 305, 1, 336, 128
-1.00227, 1, 353, 256, 416
-1.00231, 97, 409, 352, 472
-1.00243, 17, 361, 144, 424
-1.00254, 1, 385, 256, 448
-1.0027, 57, 321, 120, 448
-1.00288, 17, 401, 144, 464
-1.00313, 113, 409, 240, 472
-1.0033, 97, 1, 352, 64
-1.00348, 145, 337, 272, 400
-1.00368, 169, 321, 232, 448
-1.00371, 1, 353, 364, 416
-1.0038, 57, 369, 120, 496
-1.00392, 129, 353, 192, 480
-1.00416, 1, 9, 364, 72
-1.00438, 1, 409, 364, 472
-1.00444, 65, 409, 192, 472
-1.00446, 241, 9, 364, 72
-1.00449, 81, 369, 144, 496
-1.00455, 1, 1, 128, 64
-1.00489, 129, 321, 256, 448
-1.0049, 145, 1, 272, 64
-1.005, 193, 377, 320, 440
-1.0051, 1, 385, 364, 448
-1.00539, 145, 385, 272, 448
-1.0055, 177, 369, 304, 496
-1.00602, 193, 353, 320, 416
-1.00619, 97, 385, 224, 448
-1.00644, 81, 361, 208, 424
-1.00644, 145, 361, 272, 424
-1.00728, 81, 369, 208, 496
