1961
-0.35414, 1, 1, 500, 375
-0.412501, 1, 65, 500, 320
-0.462258, 33, 1, 288, 375
-0.540173, 129, 1, 384, 375
-0.549325, 257, 1, 500, 375
-0.552229, 65, 33, 320, 288
-0.672612, 1, 129, 256, 375
-0.711238, 225, 97, 480, 352
-0.771964, 97, 129, 352, 375
-0.777389, 257, 1, 500, 256
-0.777488, 161, 1, 416, 256
-0.833499, 97, 1, 224, 375
-0.841736, 97, 1, 224, 256
-0.845242, 33, 1, 160, 256
-0.854589, 33, 1, 160, 375
-0.861289, 145, 1, 272, 375
-0.866655, 353, 1, 480, 375
-0.870844, 33, 97, 160, 352
-0.870924, 97, 97, 224, 352
-0.872992, 145, 33, 272, 288
-0.884784, 1, 113, 500, 240
-0.886439, 193, 1, 320, 375
-0.887562, 273, 1, 400, 375
-0.888974, 369, 129, 496, 375
-0.8974, 257, 97, 384, 352
-0.902635, 321, 65, 448, 320
-0.905041, 1, 33, 500, 160
-0.908211, 1, 161, 500, 288
-0.908847, 65, 49, 320, 176
-0.910207, 209, 97, 336, 352
-0.912035, 369, 33, 496, 288
-0.914817, 65, 113, 320, 240
-0.916317, 193, 1, 320, 256
-0.916411, 273, 1, 400, 256
-0.917509, 1, 1, 256, 128
-0.923517, 49, 1, 176, 128
-0.926211, 1, 241, 500, 368
-0.929248, 145, 129, 272, 375
-0.93494, 161, 97, 416, 224
-0.936519, 129, 65, 256, 192
-0.938293, 57, 65, 120, 192
-0.939837, 97, 17, 224, 144
-0.94018, 17, 65, 144, 192
-0.943775, 257, 97, 500, 224
-0.944433, 129, 1, 384, 128
-0.944435, 97, 113, 224, 240
-0.944878, 1, 17, 128, 144
-0.946958, 81, 65, 208, 192
-0.947089, 17, 33, 80, 160
-0.947614, 33, 161, 288, 288
-0.947917, 57, 73, 120, 136
-0.948195, 113, 17, 176, 144
-0.948599, 321, 81, 448, 208
-0.948965, 257, 225, 500, 352
-0.948993, 49, 1, 112, 128
-0.94951, 193, 145, 448, 272
-0.95014, 257, 49, 500, 176
-0.950359, 177, 81, 304, 208
-0.950408, 81, 113, 144, 240
-0.950621, 49, 113, 176, 240
-0.951429, 89, 1, 152, 128
-0.951982, 153, 65, 216, 192
-0.952202, 17, 161, 144, 288
-0.954293, 145, 1, 272, 128
-0.95475, 401, 97, 464, 224
-0.957871, 161, 49, 416, 176
-0.958158, 17, 41, 80, 104
-0.958176, 105, 113, 168, 240
-0.959065, 57, 113, 120, 240
-0.959215, 353, 129, 480, 256
-0.959791, 225, 1, 480, 128
-0.959873, 161, 193, 416, 320
-0.959882, 225, 97, 352, 224
-0.96005, 353, 241, 480, 368
-0.960482, 393, 145, 456, 272
-0.961026, 193, 49, 256, 176
-0.961136, 377, 49, 440, 176
-0.961408, 401, 145, 464, 208
-0.961489, 273, 97, 400, 224
-0.96206, 97, 65, 160, 192
-0.96281, 153, 17, 216, 144
-0.962873, 129, 97, 192, 224
-0.963022, 273, 161, 400, 288
-0.963119, 65, 161, 192, 288
-0.963132, 97, 113, 160, 176
-0.963383, 401, 241, 464, 368
-0.963917, 193, 33, 320, 160
-0.96414, 353, 33, 480, 160
-0.964185, 369, 193, 496, 320
-0.964608, 1, 17, 64, 80
-0.964652, 369, 97, 432, 224
-0.964656, 409, 121, 472, 184
-0.964681, 305, 33, 432, 160
-0.965057, 33, 97, 96, 224
-0.965193, 73, 161, 136, 288
-0.965891, 177, 113, 240, 240
-0.966356, 233, 81, 296, 208
-0.966582, 417, 161, 480, 288
-0.967101, 145, 129, 272, 256
-0.967308, 49, 161, 112, 288
-0.967687, 113, 1, 176, 256
-0.967713, 409, 49, 472, 176
-0.967726, 305, 97, 368, 224
-0.967741, 385, 193, 448, 320
-0.967832, 25, 145, 88, 272
-0.968268, 369, 81, 496, 208
-0.96832, 57, 121, 120, 184
-0.968626, 81, 1, 144, 64
-0.968815, 409, 169, 472, 232
-0.969249, 161, 81, 224, 144
-0.969334, 153, 113, 216, 240
-0.969457, 65, 97, 128, 160
-0.969777, 345, 81, 408, 208
-0.970196, 1, 113, 128, 240
-0.970843, 265, 97, 328, 224
-0.970883, 57, 1, 120, 256
-0.970974, 65, 177, 128, 240
-0.971044, 145, 89, 272, 152
-0.971128, 425, 145, 488, 208
-0.97122, 425, 97, 488, 224
-0.971233, 209, 113, 272, 240
-0.971319, 153, 105, 216, 168
-0.971326, 433, 241, 496, 368
-0.971473, 33, 17, 160, 80
-0.971781, 305, 225, 432, 352
-0.971879, 433, 185, 496, 248
-0.971933, 1, 1, 64, 256
-0.972292, 185, 145, 248, 208
-0.972367, 273, 145, 336, 272
-0.972452, 1, 161, 64, 288
-0.972615, 337, 209, 400, 336
-0.973031, 97, 129, 224, 192
-0.973113, 145, 65, 272, 128
-0.973243, 49, 81, 176, 144
-0.9733, 13, 1, 44, 128
-0.973328, 153, 25, 216, 88
-0.973475, 33, 177, 96, 240
-0.973483, 385, 121, 448, 184
-0.973592, 89, 65, 120, 192
-0.973728, 361, 225, 424, 352
-0.973779, 401, 57, 464, 120
-0.973787, 305, 145, 368, 272
-0.973929, 57, 145, 120, 208
-0.974132, 121, 121, 184, 184
-0.97424, 369, 145, 432, 272
-0.974373, 425, 97, 488, 160
-0.974531, 417, 281, 480, 344
-0.974558, 33, 1, 96, 256
-0.974584, 89, 161, 152, 224
-0.974719, 57, 17, 120, 80
-0.974806, 1, 81, 128, 144
-0.974832, 193, 81, 256, 144
-0.974939, 377, 81, 440, 144
-0.975171, 97, 97, 160, 352
-0.975182, 121, 41, 184, 104
-0.975186, 241, 129, 304, 256
-0.975238, 193, 57, 256, 120
-0.975521, 393, 305, 456, 368
-0.975523, 233, 121, 296, 184
-0.975622, 369, 1, 432, 128
-0.975673, 433, 49, 496, 176
-0.975726, 393, 265, 456, 328
-0.975767, 81, 105, 208, 168
-0.975911, 305, 89, 432, 152
-0.976013, 161, 49, 224, 112
-0.976022, 81, 49, 208, 112
-0.976178, 137, 33, 200, 288
-0.976373, 425, 65, 488, 128
-0.976377, 97, 73, 224, 136
-0.976389, 329, 161, 392, 288
-0.976527, 369, 145, 432, 208
-0.976542, 257, 49, 384, 176
-0.976625, 337, 17, 400, 144
-0.976743, 145, 113, 272, 176
-0.976931, 105, 17, 168, 80
-0.976996, 9, 185, 72, 248
-0.977015, 9, 65, 72, 128
-0.977133, 89, 1, 152, 256
-0.977187, 201, 1, 264, 128
-0.977269, 41, 41, 104, 104
-0.977368, 89, 89, 152, 152
-0.977537, 161, 137, 224, 200
-0.977593, 105, 161, 168, 288
-0.977739, 209, 193, 336, 320
-0.978058, 361, 105, 424, 168
-0.978101, 225, 145, 352, 272
-0.978117, 33, 177, 160, 240
-0.978215, 81, 1, 112, 128
-0.978244, 9, 153, 72, 216
-0.978344, 73, 97, 136, 352
-0.97837, 405, 49, 436, 176
-0.978395, 321, 177, 448, 304
-0.978423, 241, 89, 304, 152
-0.978425, 421, 97, 452, 224
-0.978447, 345, 265, 408, 328
-0.978461, 101, 81, 132, 208
-0.97865, 185, 113, 248, 176
-0.978836, 85, 113, 116, 240
-0.978997, 89, 73, 120, 136
-0.979435, 65, 49, 128, 112
-0.979459, 233, 169, 296, 232
-0.979459, 369, 193, 432, 256
-0.979461, 41, 33, 72, 160
-0.979463, 233, 193, 296, 320
-0.979572, 377, 217, 440, 280
-0.979587, 17, 113, 144, 176
-0.979604, 209, 113, 272, 176
-0.979621, 33, 81, 96, 144
-0.979764, 1, 225, 64, 352
-0.979802, 97, 137, 160, 200
-0.979834, 61, 73, 92, 136
-0.979872, 209, 145, 272, 208
-0.9799, 113, 1, 144, 128
-0.979934, 1, 113, 64, 240
-0.980137, 129, 41, 256, 104
-0.980137, 121, 65, 184, 128
-0.980155, 385, 169, 448, 232
-0.980159, 1, 57, 128, 120
-0.980184, 65, 17, 96, 144
-0.980254, 273, 153, 336, 216
-0.980284, 369, 265, 496, 328
-0.980339, 113, 1, 176, 375
-0.980346, 1, 17, 32, 144
-0.980362, 425, 313, 488, 375
-0.980668, 1, 25, 32, 88
-0.980698, 369, 57, 496, 120
-0.980781, 273, 97, 336, 352
-0.980861, 33, 97, 96, 352
-0.980874, 369, 257, 432, 320
-0.981001, 177, 137, 304, 200
-0.981055, 1, 153, 128, 216
-0.98107, 369, 49, 432, 112
-0.981084, 77, 49, 108, 176
-0.981084, 129, 17, 256, 80
-0.98114, 33, 113, 96, 176
-0.981206, 337, 113, 464, 176
-0.98126, 33, 153, 96, 216
-0.981279, 57, 97, 88, 224
-0.981329, 193, 161, 256, 288
-0.981534, 305, 65, 432, 128
-0.981559, 257, 193, 320, 320
-0.981582, 313, 153, 376, 216
-0.9817, 141, 33, 172, 160
-0.981784, 25, 9, 88, 72
-0.981789, 249, 145, 312, 208
-0.981804, 129, 145, 192, 272
-0.981811, 401, 89, 464, 152
-0.981821, 193, 33, 256, 288
-0.981924, 401, 97, 432, 224
-0.981975, 377, 129, 440, 375
-0.982043, 417, 121, 448, 184
-0.982116, 13, 9, 44, 72
-0.982137, 177, 1, 240, 128
-0.982156, 289, 193, 352, 320
-0.982241, 41, 41, 72, 104
-0.982446, 193, 25, 256, 88
-0.982471, 121, 113, 152, 240
-0.982508, 313, 1, 376, 128
-0.982539, 401, 1, 464, 128
-0.982543, 337, 1, 400, 256
-0.982545, 369, 297, 432, 360
-0.982546, 105, 113, 136, 176
-0.98256, 281, 105, 344, 168
-0.982575, 401, 153, 432, 216
-0.982584, 137, 153, 200, 216
-0.982618, 241, 33, 304, 160
-0.982676, 41, 1, 104, 375
-0.982679, 1, 129, 64, 375
-0.982709, 73, 73, 104, 136
-0.982767, 85, 113, 116, 176
-0.982778, 249, 129, 312, 375
-0.982895, 409, 193, 472, 256
-0.982903, 369, 81, 496, 144
-0.982935, 377, 33, 440, 288
-0.982941, 345, 145, 408, 208
-0.98297, 409, 233, 472, 296
-0.983198, 441, 161, 472, 224
-0.983269, 369, 153, 496, 216
-0.983324, 81, 177, 112, 240
-0.98334, 433, 217, 496, 280
-0.983433, 241, 97, 368, 160
-0.983447, 1, 177, 32, 240
-0.983455, 93, 1, 124, 128
-0.983506, 337, 105, 400, 168
-0.983717, 129, 97, 192, 160
-0.983784, 425, 169, 456, 232
-0.983829, 225, 65, 288, 320
-0.983832, 185, 137, 216, 200
-0.983887, 161, 65, 224, 320
-0.98397, 433, 121, 496, 184
-0.984, 433, 289, 464, 352
-0.984105, 413, 145, 444, 208
-0.984115, 53, 17, 84, 144
-0.984123, 57, 25, 88, 88
-0.984125, 369, 289, 496, 352
-0.984134, 257, 193, 320, 256
-0.984147, 353, 217, 480, 280
-0.984185, 377, 241, 408, 368
-0.984239, 81, 161, 208, 224
-0.984265, 225, 201, 288, 264
-0.984281, 193, 97, 320, 160
-0.984294, 337, 81, 400, 144
-0.984315, 153, 113, 184, 240
-0.984318, 313, 49, 376, 176
-0.984361, 393, 113, 424, 176
-0.984362, 93, 153, 124, 216
-0.984378, 157, 65, 188, 192
-0.984387, 121, 129, 184, 375
-0.98439, 417, 33, 480, 288
-0.98447, 337, 25, 400, 88
-0.984473, 137, 1, 200, 375
-0.98448, 17, 41, 48, 104
-0.984486, 197, 145, 228, 208
-0.984491, 381, 113, 412, 240
-0.984575, 405, 81, 436, 144
-0.984576, 1, 209, 64, 272
-0.984591, 129, 153, 256, 216
-0.984657, 437, 241, 468, 368
-0.984725, 37, 185, 68, 248
-0.984779, 417, 129, 480, 375
-0.984782, 245, 121, 276, 184
-0.984842, 305, 105, 368, 168
-0.984843, 225, 137, 352, 200
-0.984856, 289, 113, 416, 176
-0.984921, 329, 1, 392, 64
-0.984967, 13, 185, 44, 248
-0.985012, 17, 1, 80, 375
-0.985015, 129, 17, 160, 144
-0.985028, 129, 121, 160, 184
-0.985037, 429, 105, 460, 168
-0.985076, 405, 113, 436, 176
-0.985112, 417, 313, 448, 375
-0.985137, 213, 145, 244, 208
-0.985165, 429, 145, 460, 208
-0.985225, 65, 209, 320, 336
-0.98523, 433, 249, 496, 312
-0.985265, 337, 97, 400, 352
-0.985268, 89, 1, 152, 375
-0.985284, 417, 145, 448, 272
-0.985288, 153, 1, 216, 64
-0.98533, 61, 113, 92, 176
-0.98537, 393, 1, 456, 375
-0.985372, 25, 193, 56, 256
-0.985378, 125, 17, 156, 80
-0.985407, 337, 233, 400, 296
-0.985462, 69, 97, 100, 224
-0.985484, 141, 41, 172, 104
-0.985495, 373, 241, 404, 304
-0.985629, 241, 1, 368, 128
-0.985634, 321, 41, 448, 104
-0.985665, 25, 33, 56, 160
-0.985669, 317, 97, 348, 224
-0.985682, 353, 169, 416, 232
-0.985691, 169, 161, 232, 288
-0.985732, 433, 49, 464, 176
-0.98574, 321, 257, 448, 320
-0.985757, 73, 121, 104, 184
-0.985795, 257, 121, 320, 184
-0.985845, 153, 113, 184, 176
-0.985876, 1, 201, 128, 264
-0.985885, 313, 65, 376, 320
-0.985908, 133, 113, 164, 240
-0.985913, 105, 1, 136, 64
-0.985916, 441, 137, 472, 200
-0.985917, 305, 161, 432, 224
-0.985925, 193, 113, 224, 176
-0.985926, 189, 97, 220, 224
-0.985983, 405, 57, 436, 120
-0.985993, 453, 185, 484, 248
-0.985995, 57, 77, 120, 108
-0.986002, 69, 49, 100, 112
-0.986078, 185, 1, 216, 128
-0.986084, 429, 313, 460, 375
-0.986104, 437, 129, 468, 256
-0.986149, 81, 153, 112, 216
-0.986204, 381, 113, 412, 176
-0.986223, 105, 89, 136, 152
-0.986247, 193, 1, 256, 64
-0.98625, 41, 201, 104, 264
-0.98625, 453, 153, 484, 216
-0.98626, 81, 25, 208, 88
-0.986321, 421, 289, 452, 352
-0.986337, 1, 177, 32, 304
-0.986362, 49, 177, 80, 240
-0.98637, 69, 177, 100, 240
-0.98641, 381, 265, 412, 328
-0.986439, 261, 137, 292, 200
-0.986499, 453, 65, 484, 128
-0.986512, 225, 145, 256, 208
-0.986518, 469, 65, 500, 128
-0.98653, 193, 169, 256, 232
-0.986561, 93, 1, 124, 64
-0.986566, 417, 241, 448, 368
-0.986577, 29, 25, 60, 88
-0.986583, 93, 177, 124, 240
-0.98663, 49, 137, 176, 200
-0.986633, 417, 265, 448, 328
-0.986665, 61, 153, 92, 216
-0.98667, 201, 193, 264, 256
-0.986788, 193, 1, 256, 375
-0.986807, 117, 121, 148, 184
-0.986812, 65, 1, 128, 375
-0.986827, 337, 113, 368, 176
-0.986855, 77, 161, 108, 288
-0.986898, 165, 97, 196, 160
-0.986952, 329, 177, 392, 240
-0.986953, 73, 97, 104, 160
-0.986988, 369, 17, 432, 80
-0.987006, 401, 305, 432, 368
-0.987035, 81, 49, 112, 112
-0.987048, 153, 57, 184, 120
-0.987061, 317, 113, 348, 176
-0.987072, 405, 145, 436, 272
-0.987118, 241, 169, 272, 232
-0.987125, 245, 89, 276, 152
-0.98714, 241, 113, 272, 240
-0.987179, 173, 137, 204, 200
-0.987186, 413, 169, 444, 232
-0.987214, 1, 209, 128, 336
-0.987243, 353, 177, 480, 240
-0.987244, 453, 129, 484, 192
-0.987263, 53, 49, 84, 112
-0.987304, 437, 185, 468, 248
-0.987329, 97, 41, 160, 104
-0.987329, 337, 97, 368, 224
-0.987366, 141, 129, 172, 192
-0.987403, 449, 281, 480, 344
-0.98741, 69, 9, 100, 72
-0.987423, 297, 129, 360, 192
-0.98748, 437, 65, 468, 128
-0.987493, 381, 209, 412, 272
-0.987498, 393, 273, 424, 336
-0.987508, 281, 185, 344, 248
-0.987542, 81, 1, 112, 64
-0.987546, 257, 209, 384, 336
-0.987575, 293, 97, 324, 224
-0.987611, 225, 177, 352, 240
-0.987612, 41, 153, 72, 216
-0.987638, 169, 65, 200, 192
-0.98765, 105, 153, 136, 216
-0.987651, 233, 121, 264, 184
-0.98768, 417, 57, 448, 120
-0.987683, 1, 57, 32, 120
-0.987684, 393, 33, 456, 96
-0.987687, 145, 177, 272, 304
-0.987823, 453, 89, 484, 152
-0.987844, 469, 313, 500, 375
-0.987867, 305, 1, 368, 64
-0.98788, 161, 241, 416, 368
-0.987887, 177, 41, 304, 104
-0.987974, 201, 65, 232, 192
-0.987978, 401, 201, 432, 264
-0.987995, 337, 209, 400, 272
-0.988004, 449, 305, 480, 368
-0.988052, 277, 185, 308, 248
-0.988077, 413, 193, 444, 256
-0.988157, 305, 177, 368, 240
-0.988189, 401, 209, 432, 336
-0.988202, 297, 145, 328, 208
-0.988205, 417, 97, 448, 160
-0.988217, 217, 89, 280, 152
-0.988254, 369, 1, 432, 375
-0.98827, 229, 193, 260, 256
-0.988319, 97, 185, 160, 248
-0.988329, 81, 1, 208, 64
-0.988363, 41, 145, 72, 272
-0.988387, 241, 145, 272, 208
-0.988446, 361, 233, 392, 296
-0.988461, 137, 17, 168, 80
-0.988482, 193, 73, 320, 136
-0.988531, 433, 41, 496, 104
-0.988538, 1, 201, 32, 264
-0.988557, 397, 249, 428, 312
-0.988583, 45, 89, 76, 152
-0.988614, 281, 97, 312, 224
-0.988626, 101, 129, 132, 256
-0.988665, 421, 49, 452, 176
-0.988667, 25, 177, 56, 304
-0.988667, 429, 249, 460, 312
-0.988676, 305, 137, 432, 200
-0.988677, 329, 1, 360, 64
-0.988683, 273, 193, 400, 256
-0.988689, 273, 49, 336, 176
-0.988724, 17, 161, 48, 224
-0.98879, 257, 209, 288, 272
-0.988871, 389, 137, 420, 200
-0.988875, 381, 185, 412, 248
-0.988952, 185, 17, 216, 80
-0.988971, 357, 177, 388, 240
-0.988976, 249, 33, 312, 288
-0.988992, 341, 1, 372, 64
-0.989002, 29, 1, 60, 64
-0.989006, 321, 281, 448, 344
-0.989024, 161, 1, 224, 375
-0.989025, 321, 17, 448, 80
-0.989026, 441, 97, 472, 160
-0.989036, 425, 1, 488, 375
-0.989077, 405, 273, 436, 336
-0.989155, 353, 89, 384, 152
-0.989158, 313, 137, 344, 200
-0.989188, 57, 121, 120, 152
-0.98919, 457, 249, 488, 312
-0.989211, 465, 145, 496, 208
-0.989249, 9, 89, 72, 152
-0.989256, 401, 177, 432, 240
-0.989282, 57, 97, 120, 128
-0.989285, 105, 121, 168, 152
-0.98929, 397, 33, 428, 96
-0.989296, 301, 169, 332, 232
-0.989333, 337, 49, 400, 112
-0.989363, 13, 209, 44, 272
-0.989379, 233, 1, 296, 375
-0.989379, 433, 177, 464, 304
-0.989404, 333, 145, 364, 208
-0.989414, 401, 149, 464, 180
-0.989466, 13, 65, 44, 128
-0.989485, 329, 1, 392, 375
-0.989504, 1, 29, 64, 60
-0.98951, 177, 81, 208, 144
-0.989536, 205, 65, 236, 128
-0.989545, 425, 217, 456, 280
-0.989575, 41, 209, 104, 336
-0.989613, 289, 1, 352, 128
-0.989676, 97, 209, 160, 336
-0.989688, 97, 65, 160, 128
-0.989775, 449, 241, 480, 368
-0.989788, 321, 305, 448, 368
-0.989823, 385, 277, 448, 308
-0.989841, 17, 45, 80, 76
-0.989887, 213, 129, 244, 256
-0.989903, 369, 313, 496, 375
-0.989962, 433, 1, 496, 128
-0.98999, 65, 161, 96, 288
-0.990045, 45, 81, 76, 208
-0.990197, 393, 125, 456, 156
-0.990203, 369, 241, 496, 304
-0.990257, 305, 113, 336, 240
-0.990273, 177, 161, 304, 224
-0.990336, 201, 113, 232, 240
-0.990403, 161, 161, 224, 224
-0.990415, 413, 193, 444, 320
-0.9905, 57, 157, 120, 188
-0.99052, 241, 73, 368, 136
-0.990541, 33, 65, 288, 128
-0.990558, 401, 173, 464, 204
-0.990565, 353, 65, 384, 192
-0.990635, 201, 129, 264, 375
-0.99073, 425, 333, 488, 364
-0.990733, 381, 177, 412, 304
-0.990778, 65, 121, 320, 184
-0.990847, 65, 109, 128, 140
-0.990907, 305, 1, 368, 375
-0.990923, 225, 129, 256, 256
-0.990962, 29, 129, 60, 256
-0.990967, 417, 125, 480, 156
-0.991063, 233, 101, 296, 132
-0.991063, 145, 121, 208, 152
-0.991077, 201, 209, 264, 336
-0.991166, 233, 65, 296, 128
-0.991175, 17, 193, 80, 224
-0.991196, 89, 109, 152, 140
-0.991248, 161, 69, 224, 100
-0.991255, 381, 65, 412, 192
-0.991338, 177, 17, 304, 80
-0.991352, 97, 165, 160, 196
-0.991374, 393, 161, 456, 192
-0.991387, 425, 165, 488, 196
-0.991424, 369, 117, 432, 148
-0.99145, 49, 209, 176, 336
-0.99147, 369, 33, 496, 96
-0.991538, 65, 89, 320, 152
-0.991561, 161, 57, 224, 88
-0.991625, 129, 17, 192, 80
-0.991689, 57, 181, 120, 212
-0.9917, 225, 189, 288, 220
-0.991739, 153, 109, 216, 140
-0.991742, 273, 113, 336, 144
-0.991782, 273, 1, 336, 375
-0.991795, 393, 109, 456, 140
-0.991808, 357, 161, 388, 288
-0.991885, 401, 61, 464, 92
-0.991919, 161, 89, 224, 120
-0.991921, 353, 17, 384, 144
-0.991929, 445, 65, 476, 192
-0.991931, 81, 9, 144, 40
-0.991931, 249, 129, 312, 160
-0.991964, 1, 17, 256, 80
-0.99198, 281, 1, 344, 256
-0.991981, 177, 149, 240, 180
-0.991998, 425, 309, 488, 340
-0.992028, 97, 133, 160, 164
-0.992057, 53, 161, 84, 288
-0.992095, 281, 145, 312, 272
-0.992128, 293, 177, 324, 304
-0.992178, 385, 309, 448, 340
-0.992202, 329, 1, 360, 128
-0.992271, 177, 133, 240, 164
-0.992272, 121, 177, 184, 240
-0.992282, 65, 201, 128, 264
-0.992385, 193, 101, 256, 132
-0.992397, 377, 57, 440, 88
-0.992415, 25, 33, 88, 64
-0.992426, 17, 17, 80, 48
-0.992439, 377, 265, 440, 296
-0.992441, 49, 65, 112, 96
-0.992443, 193, 81, 256, 112
-0.992448, 97, 113, 128, 144
-0.992472, 269, 81, 300, 208
-0.992488, 369, 105, 432, 136
-0.992522, 393, 161, 424, 288
-0.992529, 417, 189, 480, 220
-0.99255, 241, 141, 304, 172
-0.99255, 161, 45, 224, 76
-0.992556, 361, 153, 424, 184
-0.992639, 405, 113, 436, 144
-0.992641, 401, 137, 464, 168
-0.992655, 425, 169, 456, 200
-0.992698, 425, 117, 456, 148
-0.992706, 369, 213, 432, 244
-0.99271, 305, 233, 432, 296
-0.992812, 389, 225, 420, 352
-0.992827, 441, 165, 472, 196
-0.992836, 241, 65, 272, 192
-0.992841, 65, 145, 320, 208
-0.99285, 173, 129, 204, 256
-0.992871, 345, 269, 408, 300
-0.992876, 89, 81, 120, 112
-0.992881, 441, 181, 472, 212
-0.992906, 249, 117, 312, 148
-0.992911, 225, 113, 480, 176
-0.992912, 65, 169, 320, 232
-0.992915, 341, 49, 372, 176
-0.992925, 161, 137, 416, 200
-0.99294, 13, 17, 44, 48
-0.992945, 449, 129, 480, 256
-0.992972, 273, 25, 400, 88
-0.992973, 81, 121, 144, 152
-0.992988, 153, 17, 184, 144
-0.993015, 417, 113, 480, 144
-0.993032, 405, 169, 436, 200
-0.993035, 377, 253, 440, 284
-0.993056, 5, 37, 36, 68
-0.993084, 425, 69, 488, 100
-0.993094, 241, 153, 304, 184
-0.993096, 41, 41, 72, 72
-0.993114, 313, 209, 376, 336
-0.993116, 121, 49, 184, 80
-0.993119, 229, 81, 260, 208
-0.993135, 97, 209, 224, 336
-0.99316, 33, 41, 288, 104
-0.993162, 25, 61, 88, 92
-0.993164, 13, 49, 44, 176
-0.993166, 433, 177, 496, 208
-0.99318, 409, 101, 440, 132
-0.993185, 117, 121, 148, 152
-0.993194, 17, 89, 80, 120
-0.993202, 417, 293, 480, 324
-0.993209, 209, 125, 272, 156
-0.993282, 1, 145, 500, 208
-0.993285, 445, 177, 476, 304
-0.993286, 405, 149, 436, 180
-0.993288, 193, 57, 256, 88
-0.99329, 425, 157, 456, 188
-0.99329, 177, 201, 304, 264
-0.993301, 65, 77, 96, 108
-0.993313, 49, 145, 112, 176
-0.993333, 5, 193, 36, 224
-0.993364, 393, 289, 456, 320
-0.993368, 425, 129, 456, 160
-0.993382, 89, 177, 120, 208
-0.993382, 409, 265, 472, 296
-0.993392, 17, 209, 80, 240
-0.993401, 1, 121, 500, 184
-0.993415, 333, 145, 364, 272
-0.993416, 313, 81, 376, 144
-0.993427, 273, 133, 336, 164
-0.99343, 413, 125, 444, 156
-0.993435, 377, 241, 440, 272
-0.993439, 393, 49, 424, 176
-0.993451, 329, 113, 392, 144
-0.993455, 57, 89, 88, 120
-0.993456, 433, 277, 496, 308
-0.99346, 393, 149, 424, 180
-0.993473, 273, 1, 400, 64
-0.993477, 201, 149, 264, 180
-0.993494, 85, 157, 116, 188
-0.993509, 417, 313, 448, 344
-0.993524, 81, 177, 144, 208
-0.993525, 153, 149, 216, 180
-0.993526, 369, 225, 432, 256
-0.993571, 433, 141, 496, 172
-0.993573, 409, 249, 472, 280
-0.993574, 193, 69, 256, 100
-0.993592, 81, 121, 112, 152
-0.993593, 49, 33, 112, 64
-0.993597, 305, 117, 368, 148
-0.9936, 153, 33, 216, 64
-0.993607, 425, 93, 488, 124
-0.993612, 17, 77, 80, 108
-0.993615, 89, 69, 120, 100
-0.993628, 181, 145, 212, 176
-0.993634, 397, 281, 428, 312
-0.993647, 401, 1, 432, 128
-0.993661, 193, 113, 256, 144
-0.993661, 89, 93, 120, 124
-0.993672, 77, 65, 108, 96
-0.993688, 1, 177, 32, 208
-0.99369, 429, 181, 460, 212
-0.99369, 225, 213, 288, 244
-0.993695, 49, 169, 112, 200
-0.993706, 465, 129, 496, 256
-0.99373, 289, 109, 320, 140
-0.993735, 189, 133, 220, 164
-0.993742, 105, 125, 136, 156
-0.993744, 113, 37, 176, 68
-0.993758, 105, 165, 136, 196
-0.993761, 265, 193, 296, 320
-0.993805, 193, 25, 256, 56
-0.993806, 69, 185, 100, 216
-0.993808, 129, 125, 160, 156
-0.993813, 25, 193, 56, 224
-0.993816, 457, 193, 488, 320
-0.99383, 429, 105, 460, 136
-0.993835, 57, 33, 88, 64
-0.993838, 397, 53, 428, 84
-0.99385, 361, 293, 424, 324
-0.993851, 273, 129, 304, 160
-0.993855, 109, 105, 140, 136
-0.99386, 409, 53, 440, 84
-0.993871, 369, 93, 432, 124
-0.993871, 237, 125, 268, 156
-0.993888, 393, 117, 424, 148
-0.993893, 193, 149, 224, 180
-0.993895, 25, 45, 56, 76
-0.9939, 45, 189, 76, 220
-0.993921, 461, 181, 492, 212
-0.993922, 405, 137, 436, 168
-0.993933, 77, 77, 108, 108
-0.993935, 433, 325, 464, 356
-0.993946, 453, 169, 484, 200
-0.993947, 129, 57, 384, 120
-0.993952, 369, 45, 432, 76
-0.993952, 121, 109, 184, 140
-0.993963, 225, 149, 256, 180
-0.993966, 29, 29, 60, 60
-0.993967, 441, 313, 472, 344
-0.99397, 445, 69, 476, 100
-0.993974, 381, 289, 412, 320
-0.993977, 425, 321, 488, 352
-0.99398, 265, 165, 328, 196
-0.993986, 461, 329, 492, 360
-0.993987, 73, 209, 136, 336
-0.993989, 57, 113, 88, 144
-0.993992, 117, 177, 148, 304
-0.993999, 233, 201, 296, 232
-0.994004, 1, 177, 64, 208
-0.994007, 81, 85, 208, 116
-0.994007, 249, 137, 280, 168
-0.994015, 437, 289, 468, 320
-0.99402, 381, 121, 412, 152
-0.994022, 65, 101, 96, 132
-0.994026, 17, 101, 80, 132
-0.994031, 93, 145, 124, 176
-0.994032, 345, 257, 408, 288
-0.994035, 213, 149, 244, 180
-0.99404, 457, 65, 488, 192
-0.994042, 405, 85, 436, 116
-0.994043, 445, 149, 476, 180
-0.99405, 65, 61, 96, 92
-0.994056, 265, 117, 296, 148
-0.994058, 49, 65, 80, 96
-0.994059, 293, 153, 324, 184
-0.994064, 381, 213, 412, 244
-0.994065, 369, 81, 432, 112
-0.994067, 1, 229, 32, 260
-0.994081, 413, 277, 444, 308
-0.994091, 41, 109, 104, 140
-0.994093, 377, 141, 440, 172
-0.994097, 117, 21, 148, 52
-0.994104, 17, 57, 48, 88
-0.994105, 285, 133, 316, 164
-0.99413, 409, 297, 440, 328
-0.994136, 169, 145, 200, 176
-0.994138, 33, 181, 96, 212
-0.994139, 269, 141, 300, 172
-0.99415, 393, 209, 456, 240
-0.994152, 145, 117, 272, 148
-0.99416, 129, 33, 384, 96
-0.994164, 97, 77, 160, 108
-0.994165, 245, 193, 276, 224
-0.994172, 145, 133, 208, 164
-0.994177, 405, 309, 436, 340
-0.994178, 369, 69, 432, 100
-0.994183, 397, 297, 428, 328
-0.994188, 457, 305, 488, 336
-0.99419, 437, 117, 468, 148
-0.994192, 241, 93, 272, 124
-0.994195, 461, 153, 492, 184
-0.994195, 433, 153, 496, 184
-0.994206, 25, 241, 88, 304
-0.994211, 397, 205, 428, 236
-0.994212, 417, 145, 448, 176
-0.994215, 225, 197, 256, 228
-0.994215, 317, 113, 348, 144
-0.994221, 145, 89, 272, 120
-0.994233, 97, 89, 160, 120
-0.994234, 1, 165, 64, 196
-0.994236, 421, 301, 452, 332
-0.994238, 77, 97, 108, 128
-0.994238, 465, 141, 496, 172
-0.994239, 229, 185, 260, 216
-0.994241, 1, 49, 32, 80
-0.994244, 277, 113, 308, 144
-0.994244, 109, 93, 140, 124
-0.994245, 57, 185, 88, 216
-0.994245, 385, 245, 416, 276
-0.994245, 81, 185, 208, 248
-0.994259, 69, 121, 100, 152
-0.994264, 377, 225, 408, 256
-0.994267, 97, 73, 224, 104
-0.99427, 393, 217, 424, 248
-0.994274, 469, 317, 500, 348
-0.994279, 97, 145, 160, 176
-0.994279, 141, 45, 172, 76
-0.99428, 257, 161, 500, 224
-0.994281, 421, 61, 452, 92
-0.994284, 105, 25, 168, 56
-0.994286, 381, 273, 412, 304
-0.994299, 333, 117, 364, 148
-0.994301, 193, 37, 256, 68
-0.994318, 1, 205, 32, 236
-0.99432, 457, 73, 488, 104
-0.994322, 425, 221, 456, 252
-0.994322, 57, 133, 120, 164
-0.994323, 281, 153, 344, 184
-0.994324, 1, 169, 500, 232
-0.994325, 129, 77, 192, 108
-0.994327, 237, 149, 268, 180
-0.994327, 457, 129, 488, 160
-0.994329, 289, 121, 320, 152
-0.994335, 397, 269, 428, 300
-0.994339, 397, 65, 428, 96
-0.99434, 81, 141, 112, 172
-0.994345, 293, 165, 324, 196
-0.994346, 49, 25, 176, 56
-0.994356, 157, 121, 188, 152
-0.994366, 305, 117, 336, 148
-0.994368, 1, 81, 128, 112
-0.994371, 81, 129, 208, 160
-0.994385, 261, 213, 292, 244
-0.994386, 409, 201, 440, 232
-0.994393, 249, 125, 280, 156
-0.994396, 197, 117, 228, 148
-0.994397, 393, 161, 424, 192
-0.994408, 457, 93, 488, 124
-0.994409, 409, 261, 440, 292
-0.994469, 13, 177, 44, 304
-0.994481, 369, 97, 400, 224
-0.994495, 393, 185, 456, 216
-0.994501, 121, 61, 184, 92
-0.994518, 113, 65, 144, 192
-0.994528, 273, 241, 336, 304
-0.994533, 409, 277, 472, 308
-0.994534, 121, 209, 184, 336
-0.994556, 137, 217, 200, 280
-0.994563, 201, 169, 264, 200
-0.994568, 9, 129, 72, 192
-0.99457, 341, 1, 372, 128
-0.994586, 393, 97, 456, 128
-0.994606, 217, 137, 280, 168
-0.994611, 321, 145, 352, 272
-0.994635, 345, 209, 408, 240
-0.994637, 225, 185, 480, 248
-0.994655, 145, 77, 272, 108
-0.994655, 233, 89, 296, 120
-0.994692, 321, 117, 448, 148
-0.994698, 97, 101, 224, 132
-0.994701, 313, 209, 376, 272
-0.994752, 369, 165, 432, 196
-0.994755, 393, 221, 456, 252
-0.994768, 329, 101, 392, 132
-0.994771, 145, 161, 208, 192
-0.994786, 97, 9, 352, 72
-0.994803, 133, 161, 164, 288
-0.994807, 23, 9, 38, 72
-0.994825, 313, 249, 376, 312
-0.994842, 145, 193, 208, 320
-0.994866, 237, 177, 268, 304
-0.994866, 257, 49, 384, 112
-0.994922, 321, 105, 448, 136
-0.994938, 393, 9, 456, 72
-0.994956, 257, 137, 500, 200
-0.994963, 365, 209, 396, 336
-0.995015, 105, 225, 168, 288
-0.995089, 13, 129, 44, 256
-0.995099, 145, 65, 272, 96
-0.995107, 33, 93, 160, 124
-0.995114, 57, 233, 120, 296
-0.995129, 169, 209, 232, 272
-0.995149, 17, 113, 144, 144
-0.995182, 1, 185, 128, 216
-0.995214, 225, 209, 352, 272
-0.995218, 101, 73, 116, 136
-0.995238, 145, 105, 272, 136
-0.995258, 273, 257, 400, 320
-0.995295, 305, 25, 368, 88
-0.995301, 269, 145, 300, 272
-0.995328, 97, 117, 224, 148
-0.995329, 177, 209, 240, 336
-0.995355, 177, 149, 304, 180
-0.995356, 369, 117, 496, 148
-0.995372, 145, 53, 272, 84
-0.995374, 63, 65, 78, 128
-0.995384, 455, 153, 470, 216
-0.995416, 1, 41, 500, 104
-0.995417, 257, 81, 288, 208
-0.99543, 225, 89, 480, 152
-0.99544, 105, 105, 120, 168
-0.995447, 409, 145, 424, 208
-0.995455, 11, 25, 26, 88
-0.995459, 443, 161, 458, 224
-0.995465, 429, 105, 444, 168
-0.995481, 249, 225, 312, 288
-0.995485, 113, 25, 240, 56
-0.995487, 105, 129, 120, 192
-0.995548, 381, 1, 412, 128
-0.995569, 129, 41, 256, 72
-0.995595, 193, 101, 320, 132
-0.995602, 369, 285, 496, 316
-0.995605, 449, 161, 464, 224
-0.995606, 69, 65, 84, 128
-0.995614, 111, 105, 126, 168
-0.995616, 97, 113, 112, 176
-0.995618, 421, 121, 436, 184
-0.995639, 49, 37, 176, 68
-0.995641, 103, 153, 118, 216
-0.995697, 17, 17, 32, 80
-0.995704, 89, 161, 120, 288
-0.995728, 205, 17, 236, 144
-0.995744, 1, 289, 64, 352
-0.995755, 369, 65, 496, 96
-0.995768, 177, 137, 304, 168
-0.99577, 353, 165, 480, 196
-0.995773, 273, 105, 400, 136
-0.995778, 407, 113, 422, 176
-0.995779, 257, 65, 500, 128
-0.995791, 65, 61, 192, 92
-0.995791, 5, 33, 20, 96
-0.995793, 233, 41, 296, 104
-0.995796, 415, 145, 430, 208
-0.995834, 249, 193, 280, 320
-0.995855, 53, 41, 68, 104
-0.99587, 253, 129, 284, 256
-0.995974, 81, 141, 208, 172
-0.996, 81, 73, 96, 136
-0.996044, 189, 145, 220, 272
-0.996048, 65, 49, 192, 80
-0.996064, 273, 241, 336, 368
-0.996111, 1, 173, 128, 204
-0.996115, 249, 241, 312, 368
-0.996144, 1, 233, 128, 296
-0.996147, 321, 89, 448, 120
-0.996179, 49, 13, 176, 44
-0.996192, 353, 153, 480, 184
-0.996193, 369, 269, 496, 300
-0.996196, 81, 177, 96, 240
-0.996205, 95, 153, 110, 216
-0.996208, 197, 145, 212, 208
-0.996215, 59, 33, 74, 96
-0.996226, 49, 73, 176, 104
-0.996243, 1, 69, 128, 100
-0.996249, 265, 81, 328, 144
-0.996256, 225, 113, 352, 144
-0.996285, 211, 145, 226, 208
-0.996298, 193, 209, 448, 272
-0.996305, 125, 65, 156, 192
-0.996314, 353, 245, 480, 276
-0.996315, 429, 305, 444, 368
-0.996324, 305, 157, 432, 188
-0.996329, 189, 49, 220, 176
-0.996348, 439, 121, 454, 184
-0.996376, 463, 161, 478, 224
-0.996384, 387, 257, 402, 320
-0.996393, 137, 1, 168, 256
-0.99641, 445, 137, 460, 200
-0.996424, 369, 129, 496, 160
-0.996429, 91, 113, 106, 176
-0.996435, 349, 113, 380, 240
-0.996442, 75, 73, 90, 136
-0.996462, 97, 13, 224, 44
-0.996469, 87, 177, 102, 240
-0.996473, 437, 153, 452, 216
-0.996478, 225, 25, 352, 88
-0.996513, 191, 137, 206, 200
-0.996525, 107, 81, 122, 144
-0.996526, 129, 177, 256, 240
-0.996528, 1, 97, 500, 160
-0.996532, 137, 121, 152, 184
-0.996556, 1, 153, 128, 184
-0.996559, 353, 177, 480, 208
-0.996564, 433, 281, 448, 344
-0.996586, 221, 145, 236, 208
-0.996588, 203, 145, 218, 208
-0.996594, 45, 1, 76, 256
-0.996606, 95, 177, 110, 240
-0.996607, 15, 185, 30, 248
-0.996608, 65, 25, 80, 88
-0.99662, 87, 73, 102, 136
-0.996627, 225, 41, 480, 104
-0.996636, 161, 225, 288, 352
-0.996638, 3, 169, 18, 232
-0.99664, 257, 289, 500, 352
-0.996645, 19, 49, 34, 112
-0.996652, 321, 77, 448, 108
-0.996655, 249, 121, 264, 184
-0.996658, 401, 113, 416, 176
-0.996669, 439, 289, 454, 352
-0.996684, 81, 153, 208, 184
-0.996697, 41, 185, 56, 248
-0.99673, 1, 65, 500, 128
-0.996745, 81, 169, 208, 200
-0.996768, 125, 1, 156, 256
-0.996773, 469, 193, 500, 320
-0.996816, 1, 41, 128, 72
-0.996825, 117, 113, 132, 176
-0.996828, 25, 41, 40, 104
-0.99685, 413, 1, 444, 128
-0.99686, 61, 89, 76, 152
-0.996867, 369, 305, 496, 336
-0.996875, 47, 177, 62, 240
-0.996882, 455, 129, 470, 192
-0.996882, 105, 177, 136, 304
-0.996891, 423, 89, 438, 152
-0.9969, 431, 145, 446, 208
-0.996906, 321, 49, 448, 80
-0.996915, 437, 313, 452, 375
-0.996917, 227, 145, 242, 208
-0.996919, 57, 177, 72, 240
-0.996942, 393, 265, 408, 328
-0.99697, 235, 145, 250, 208
-0.996971, 369, 257, 496, 288
-0.996973, 65, 113, 80, 176
-0.996973, 369, 89, 496, 120
-0.996977, 95, 65, 110, 128
-0.996996, 129, 17, 144, 80
-0.996997, 309, 161, 340, 288
-0.997003, 1, 193, 256, 256
-0.997024, 467, 65, 482, 128
-0.997024, 63, 169, 78, 232
-0.997029, 435, 97, 450, 160
-0.997047, 395, 113, 410, 176
-0.997052, 149, 1, 180, 256
-0.997064, 75, 113, 90, 176
-0.997064, 225, 181, 352, 212
-0.997073, 35, 193, 50, 256
-0.99708, 409, 89, 424, 152
-0.997085, 61, 1, 92, 256
-0.997096, 423, 265, 438, 328
-0.997097, 113, 1, 144, 256
-0.997102, 343, 1, 358, 64
-0.997111, 1, 53, 128, 84
-0.997119, 33, 1, 64, 256
-0.997123, 193, 89, 320, 120
-0.997125, 345, 25, 360, 88
-0.997128, 321, 65, 448, 96
-0.997133, 105, 1, 120, 64
-0.997137, 469, 65, 500, 192
-0.997137, 403, 153, 418, 216
-0.997141, 369, 105, 496, 136
-0.99715, 143, 121, 158, 184
-0.997154, 21, 185, 36, 248
-0.997172, 455, 177, 470, 240
-0.997179, 475, 305, 490, 368
-0.997182, 259, 129, 274, 192
-0.997184, 381, 241, 396, 304
-0.997186, 17, 141, 144, 172
-0.997204, 415, 169, 430, 232
-0.997234, 1, 225, 32, 352
-0.997244, 409, 193, 440, 208
-0.997246, 265, 129, 280, 192
-0.997248, 193, 143, 224, 158
-0.997254, 109, 169, 140, 184
-0.997256, 411, 297, 426, 360
-0.997262, 97, 141, 128, 156
-0.997265, 89, 85, 120, 100
-0.997266, 193, 125, 320, 156
-0.997267, 81, 155, 112, 170
-0.997272, 5, 1, 36, 256
-0.997273, 89, 105, 120, 120
-0.997277, 77, 185, 108, 200
-0.997278, 437, 159, 468, 174
-0.997279, 377, 229, 408, 244
-0.997281, 121, 97, 152, 352
-0.997283, 97, 1, 224, 32
-0.997286, 107, 113, 122, 144
-0.997291, 377, 237, 408, 252
-0.997293, 177, 143, 208, 158
-0.997295, 409, 95, 440, 110
-0.997297, 381, 211, 412, 226
-0.9973, 69, 123, 100, 138
-0.997301, 421, 107, 452, 122
-0.997304, 25, 49, 56, 64
-0.997304, 99, 1, 114, 64
-0.997319, 87, 153, 102, 216
-0.997319, 403, 177, 418, 240
-0.997319, 135, 25, 150, 88
-0.997321, 397, 279, 428, 294
-0.997326, 413, 279, 444, 294
-0.997327, 293, 117, 324, 132
-0.997327, 413, 61, 444, 76
-0.997328, 445, 141, 476, 156
-0.997331, 417, 297, 432, 360
-0.997335, 461, 143, 492, 158
-0.997339, 1, 189, 32, 204
-0.997341, 337, 271, 368, 286
-0.997342, 249, 209, 280, 224
-0.997342, 273, 93, 400, 124
-0.997345, 403, 297, 418, 360
-0.997346, 409, 303, 440, 318
-0.997352, 189, 135, 220, 150
-0.997353, 461, 185, 476, 248
-0.997355, 141, 25, 156, 88
-0.997358, 417, 49, 432, 112
-0.997359, 377, 121, 408, 136
-0.997359, 293, 165, 324, 180
-0.997361, 53, 115, 84, 130
-0.997363, 163, 113, 178, 176
-0.997365, 57, 103, 88, 118
-0.997369, 413, 157, 444, 172
-0.99737, 109, 105, 140, 120
-0.997371, 481, 289, 496, 352
-0.997372, 417, 115, 448, 130
-0.997374, 225, 1, 256, 128
-0.997381, 417, 145, 448, 160
-0.997381, 461, 333, 492, 348
-0.997384, 225, 137, 352, 168
-0.997386, 369, 141, 496, 172
-0.997387, 381, 251, 412, 266
-0.997389, 433, 311, 464, 326
-0.997392, 97, 65, 128, 320
-0.997394, 105, 111, 136, 126
-0.997394, 447, 185, 462, 248
-0.997394, 17, 1, 48, 256
-0.997395, 243, 113, 258, 176
-0.997398, 133, 97, 164, 352
-0.997399, 25, 41, 56, 56
-0.9974, 129, 133, 256, 164
-0.997403, 69, 71, 100, 86
-0.997405, 37, 193, 68, 208
-0.997409, 113, 1, 128, 64
-0.997411, 429, 169, 444, 232
-0.997412, 123, 121, 138, 184
-0.997414, 273, 201, 400, 232
-0.997414, 241, 95, 272, 110
-0.997414, 249, 219, 280, 234
-0.997414, 397, 55, 428, 70
-0.997414, 145, 161, 176, 288
-0.997419, 1, 235, 32, 250
-0.99742, 429, 121, 444, 152
-0.997422, 161, 153, 192, 168
-0.997425, 105, 125, 136, 140
-0.997429, 85, 65, 116, 320
-0.997431, 377, 277, 408, 292
-0.997432, 75, 185, 90, 248
-0.997432, 411, 273, 426, 336
-0.997436, 197, 113, 212, 176
-0.99744, 105, 133, 136, 148
-0.997443, 401, 309, 432, 324
-0.997443, 461, 165, 492, 180
-0.997444, 101, 177, 116, 240
-0.997448, 389, 115, 420, 130
-0.997448, 129, 127, 160, 142
-0.997455, 13, 189, 44, 204
-0.997456, 225, 153, 352, 184
-0.997459, 409, 101, 440, 116
-0.997464, 49, 181, 176, 212
-0.997464, 89, 49, 104, 112
-0.997468, 463, 297, 478, 360
-0.997471, 213, 81, 244, 208
-0.997472, 263, 209, 278, 272
-0.997473, 257, 241, 500, 304
-0.997482, 123, 9, 138, 72
-0.997489, 397, 287, 428, 302
-0.997492, 321, 273, 448, 304
-0.997497, 315, 137, 330, 200
-0.997498, 47, 153, 62, 216
-0.9975, 233, 211, 264, 226
-0.997504, 81, 113, 96, 176
-0.997505, 29, 17, 44, 80
-0.99751, 273, 177, 400, 208
-0.997512, 73, 1, 104, 256
-0.997515, 417, 97, 432, 160
-0.997518, 415, 121, 430, 184
-0.997519, 237, 125, 268, 140
-0.997523, 185, 137, 200, 200
-0.997523, 393, 149, 424, 164
-0.997526, 461, 65, 476, 128
-0.997526, 89, 167, 120, 182
-0.997535, 199, 25, 214, 88
-0.997537, 461, 151, 492, 166
-0.997541, 369, 77, 496, 108
-0.997544, 381, 217, 412, 232
-0.997547, 69, 185, 84, 248
-0.997557, 319, 113, 334, 176
-0.997559, 441, 329, 472, 344
-0.997561, 297, 111, 328, 126
-0.997562, 1, 201, 128, 232
-0.997562, 169, 105, 184, 168
-0.997565, 157, 121, 172, 184
-0.997566, 245, 89, 260, 152
-0.997568, 473, 65, 488, 128
-0.997568, 57, 91, 88, 106
-0.997568, 385, 155, 416, 170
-0.99757, 405, 145, 436, 160
-0.997573, 377, 287, 408, 302
-0.997573, 249, 145, 264, 208
-0.997574, 129, 149, 256, 180
-0.997574, 1, 179, 32, 194
-0.997578, 457, 171, 488, 186
-0.997579, 85, 73, 116, 88
-0.99758, 401, 135, 432, 150
-0.997582, 13, 57, 28, 120
-0.997585, 393, 163, 424, 178
-0.997587, 9, 177, 24, 240
-0.997608, 269, 129, 300, 144
-0.997621, 401, 157, 432, 172
-0.997622, 89, 95, 120, 110
-0.997624, 1, 29, 128, 60
-0.997625, 353, 233, 480, 264
-0.997636, 397, 203, 428, 218
-0.997643, 425, 183, 456, 198
-0.997647, 389, 121, 420, 136
-0.997648, 317, 117, 348, 132
-0.99766, 109, 97, 140, 352
-0.997662, 57, 97, 88, 352
-0.99767, 369, 221, 496, 252
-0.997682, 93, 111, 124, 126
-0.997698, 41, 49, 72, 64
-0.997702, 443, 165, 458, 196
-0.997721, 437, 317, 468, 332
-0.997742, 445, 147, 476, 162
-0.997743, 181, 149, 212, 164
-0.997743, 13, 21, 44, 36
-0.997744, 85, 121, 116, 136
-0.99775, 225, 193, 352, 224
-0.997751, 305, 145, 432, 176
-0.997753, 273, 117, 400, 148
-0.997757, 305, 37, 432, 68
-0.997767, 449, 337, 480, 352
-0.997767, 413, 315, 444, 330
-0.99777, 409, 55, 440, 70
-0.997772, 161, 161, 416, 224
-0.997772, 431, 109, 446, 140
-0.997775, 177, 33, 304, 64
-0.997786, 437, 173, 468, 188
-0.997797, 433, 127, 464, 142
-0.997798, 89, 181, 120, 196
-0.997805, 445, 187, 476, 202
-0.997818, 1, 47, 32, 62
-0.997819, 57, 97, 88, 112
-0.997836, 113, 113, 128, 144
-0.997837, 73, 79, 104, 94
-0.99785, 45, 129, 76, 375
-0.99786, 409, 149, 424, 180
-0.997866, 353, 193, 480, 224
-0.997871, 457, 185, 488, 200
-0.997873, 49, 233, 176, 296
-0.997877, 449, 161, 480, 176
-0.997895, 1, 201, 32, 216
-0.997896, 337, 317, 464, 348
-0.997903, 161, 33, 192, 288
-0.997904, 51, 41, 66, 72
-0.997907, 449, 177, 464, 208
-0.997908, 59, 61, 74, 92
-0.997919, 321, 261, 448, 292
-0.997928, 285, 135, 316, 150
-0.997929, 117, 125, 148, 140
-0.997935, 421, 163, 452, 178
-0.997936, 257, 265, 500, 328
-0.99794, 405, 127, 436, 142
-0.997944, 225, 17, 480, 80
-0.997951, 345, 161, 376, 288
-0.997959, 177, 21, 304, 52
-0.997968, 437, 169, 452, 200
-0.997975, 129, 165, 256, 196
-0.997983, 289, 249, 416, 280
-0.997991, 281, 117, 312, 132
-0.997996, 33, 125, 160, 156
-0.997997, 101, 117, 116, 148
-0.998001, 423, 125, 438, 156
-0.998003, 1, 297, 500, 360
-0.998006, 193, 77, 320, 108
-0.998007, 397, 293, 428, 308
-0.998015, 225, 165, 352, 196
-0.998017, 281, 97, 312, 352
-0.998021, 119, 121, 134, 152
-0.99807, 321, 285, 448, 316
-0.998071, 225, 1, 352, 64
-0.998072, 381, 97, 412, 352
-0.998076, 5, 177, 20, 208
-0.998081, 5, 39, 36, 54
-0.998082, 225, 241, 288, 368
-0.998091, 33, 129, 64, 375
-0.998096, 421, 169, 436, 200
-0.998098, 369, 53, 496, 84
-0.998102, 193, 53, 320, 84
-0.998102, 9, 33, 40, 48
-0.998106, 23, 13, 38, 44
-0.998107, 393, 129, 424, 375
-0.998115, 145, 97, 176, 352
-0.998119, 321, 133, 448, 164
-0.998135, 405, 33, 436, 288
-0.998138, 403, 117, 418, 148
-0.998143, 189, 1, 220, 256
-0.998157, 403, 149, 418, 180
-0.998167, 445, 125, 476, 140
-0.998167, 1, 129, 32, 256
-0.998169, 63, 89, 78, 120
-0.99818, 305, 189, 432, 220
-0.998182, 409, 161, 424, 192
-0.998196, 241, 81, 368, 112
-0.998197, 109, 119, 140, 134
-0.998204, 67, 73, 82, 104
-0.998205, 101, 77, 116, 108
-0.998219, 353, 205, 480, 236
-0.998222, 89, 161, 120, 176
-0.998225, 341, 1, 372, 256
-0.998228, 137, 125, 152, 156
-0.998228, 421, 131, 452, 146
-0.998233, 289, 229, 416, 260
-0.998234, 241, 65, 272, 320
-0.998241, 425, 97, 440, 128
-0.998242, 11, 185, 26, 216
-0.998244, 103, 137, 118, 168
-0.998247, 257, 129, 288, 375
-0.998249, 177, 1, 304, 32
-0.998251, 297, 97, 328, 352
-0.998258, 13, 27, 44, 42
-0.998258, 427, 173, 442, 204
-0.998265, 449, 165, 464, 196
-0.998265, 433, 115, 464, 130
-0.998266, 405, 165, 436, 180
-0.998268, 401, 121, 432, 136
-0.99827, 11, 25, 26, 56
-0.998272, 425, 33, 456, 288
-0.998285, 109, 101, 124, 132
-0.998291, 273, 61, 400, 92
-0.998299, 99, 157, 114, 188
-0.998304, 109, 129, 124, 160
-0.998308, 437, 125, 452, 156
-0.998314, 59, 37, 74, 68
-0.998316, 413, 129, 444, 375
-0.998318, 437, 325, 452, 356
-0.998319, 63, 113, 78, 144
-0.998322, 365, 97, 396, 352
-0.998322, 441, 167, 472, 182
-0.998322, 13, 195, 44, 210
-0.998326, 437, 33, 468, 288
-0.998331, 185, 97, 216, 352
-0.998334, 425, 129, 456, 375
-0.998335, 69, 97, 100, 352
-0.998336, 467, 329, 482, 360
-0.99835, 409, 117, 424, 148
-0.998354, 415, 145, 430, 176
-0.998355, 107, 165, 122, 196
-0.998361, 185, 145, 200, 176
-0.998365, 455, 169, 470, 200
-0.998368, 201, 33, 232, 288
-0.99837, 193, 133, 208, 164
-0.998377, 91, 181, 106, 212
-0.998377, 321, 305, 448, 336
-0.998381, 441, 181, 456, 212
-0.998383, 417, 133, 432, 164
-0.99839, 19, 193, 34, 224
-0.998393, 353, 65, 384, 320
-0.998394, 5, 129, 36, 375
-0.998395, 405, 133, 420, 164
-0.998396, 429, 313, 444, 344
-0.998397, 5, 37, 20, 68
-0.9984, 95, 121, 110, 152
-0.998407, 193, 65, 320, 96
-0.998411, 85, 79, 116, 94
-0.998421, 409, 109, 440, 124
-0.998422, 269, 65, 300, 320
-0.998429, 57, 81, 120, 96
-0.998436, 421, 113, 436, 144
-0.998439, 99, 177, 114, 208
-0.998452, 177, 165, 304, 196
-0.998456, 283, 113, 298, 144
-0.998459, 17, 17, 32, 48
-0.99846, 177, 205, 304, 236
-0.998464, 415, 165, 430, 196
-0.998472, 417, 123, 448, 138
-0.998477, 59, 49, 74, 80
-0.998488, 57, 87, 120, 102
-0.998488, 385, 119, 448, 134
-0.998497, 87, 77, 102, 108
-0.998497, 409, 187, 472, 202
-0.998498, 433, 181, 496, 196
-0.9985, 401, 151, 464, 166
-0.998501, 95, 65, 110, 96
-0.998502, 1, 33, 64, 48
-0.998504, 225, 97, 256, 352
-0.998505, 393, 121, 408, 152
-0.998507, 101, 65, 116, 192
-0.998509, 57, 103, 120, 118
-0.99851, 105, 125, 168, 140
-0.998514, 65, 123, 128, 138
-0.998515, 401, 179, 464, 194
-0.998515, 401, 165, 464, 180
-0.99852, 65, 111, 128, 126
-0.998522, 401, 157, 464, 172
-0.998522, 57, 163, 120, 178
-0.998525, 273, 117, 336, 132
-0.998525, 97, 131, 160, 146
-0.998527, 409, 171, 472, 186
-0.998528, 465, 65, 496, 320
-0.998528, 19, 53, 34, 84
-0.998531, 33, 81, 64, 208
-0.998533, 409, 121, 472, 136
-0.998533, 249, 131, 312, 146
-0.998534, 9, 195, 72, 210
-0.998535, 49, 187, 112, 202
-0.998537, 29, 41, 44, 72
-0.998543, 409, 145, 472, 160
-0.998543, 433, 189, 496, 204
-0.998543, 73, 117, 136, 132
-0.998544, 291, 109, 306, 140
-0.998545, 1, 1, 500, 64
-0.998545, 161, 79, 224, 94
-0.998546, 129, 177, 256, 208
-0.998546, 385, 277, 448, 292
-0.998548, 369, 153, 432, 168
-0.99855, 377, 263, 440, 278
-0.99855, 417, 127, 480, 142
-0.99855, 161, 73, 224, 88
-0.99855, 455, 181, 470, 212
-0.998551, 161, 65, 224, 80
-0.998552, 1, 17, 128, 48
-0.998553, 337, 97, 368, 352
-0.998555, 455, 69, 470, 100
-0.998555, 385, 287, 448, 302
-0.998556, 385, 125, 448, 140
-0.998556, 273, 135, 336, 150
-0.998556, 57, 97, 120, 112
-0.998558, 1, 43, 64, 58
-0.998562, 177, 151, 240, 166
-0.998563, 441, 181, 472, 196
-0.998564, 57, 75, 120, 90
-0.998564, 233, 99, 296, 114
-0.998565, 425, 335, 488, 350
-0.998565, 97, 173, 160, 188
-0.998565, 161, 59, 224, 74
-0.998565, 321, 25, 448, 56
-0.998566, 145, 125, 208, 140
-0.998566, 27, 193, 42, 224
-0.998567, 369, 55, 432, 70
-0.998568, 297, 117, 360, 132
-0.998569, 85, 181, 100, 212
-0.998569, 409, 193, 472, 208
-0.99857, 343, 1, 358, 32
-0.99857, 393, 61, 456, 76
-0.998571, 361, 161, 424, 176
-0.998573, 393, 131, 456, 146
-0.998574, 161, 101, 224, 116
-0.998575, 161, 87, 224, 102
-0.998576, 73, 183, 136, 198
-0.998577, 433, 165, 496, 180
-0.998579, 425, 315, 488, 330
-0.998581, 433, 195, 496, 210
-0.998581, 161, 53, 224, 68
-0.998581, 153, 117, 216, 132
-0.998581, 233, 111, 296, 126
-0.998582, 89, 65, 104, 96
-0.998582, 241, 117, 304, 132
-0.998582, 445, 141, 460, 172
-0.998583, 1, 185, 64, 200
-0.998583, 217, 215, 280, 230
-0.998583, 9, 27, 72, 42
-0.998585, 97, 115, 160, 130
-0.998585, 161, 93, 224, 108
-0.998586, 193, 107, 256, 122
-0.998586, 463, 185, 478, 216
-0.998587, 65, 61, 80, 92
-0.998587, 353, 185, 416, 200
-0.998588, 193, 113, 256, 128
-0.998588, 25, 39, 88, 54
-0.998588, 453, 33, 484, 288
-0.998588, 393, 67, 456, 82
-0.998589, 433, 73, 496, 88
-0.998589, 441, 129, 472, 375
-0.998589, 353, 275, 416, 290
-0.99859, 153, 111, 216, 126
-0.99859, 329, 113, 392, 128
-0.998592, 17, 49, 80, 64
-0.998592, 409, 115, 472, 130
-0.998592, 391, 265, 406, 296
-0.998592, 193, 99, 256, 114
-0.998593, 201, 93, 264, 108
-0.998593, 281, 111, 344, 126
-0.998593, 239, 201, 254, 232
-0.998594, 433, 159, 496, 174
-0.998594, 69, 117, 84, 148
-0.998595, 353, 121, 416, 136
-0.998595, 411, 297, 426, 328
-0.998596, 193, 85, 256, 100
-0.998596, 377, 167, 440, 182
-0.998596, 249, 125, 312, 140
-0.998596, 385, 105, 448, 120
-0.998596, 137, 131, 200, 146
-0.998597, 267, 213, 282, 244
-0.998597, 49, 63, 112, 78
-0.998597, 385, 193, 448, 208
-0.998597, 233, 207, 296, 222
-0.998598, 385, 309, 448, 324
-0.998598, 201, 161, 232, 288
-0.998599, 377, 251, 440, 266
-0.998599, 17, 77, 80, 92
-0.9986, 105, 167, 168, 182
-0.9986, 385, 113, 448, 128
-0.998601, 361, 115, 424, 130
-0.998601, 153, 47, 216, 62
-0.998601, 17, 113, 80, 128
-0.998601, 193, 69, 256, 84
-0.998601, 361, 147, 424, 162
-0.998602, 377, 269, 440, 284
-0.998602, 409, 257, 472, 272
-0.998603, 385, 293, 448, 308
-0.998603, 425, 329, 488, 344
-0.998603, 345, 283, 408, 298
-0.998604, 409, 271, 472, 286
-0.998604, 439, 113, 454, 144
-0.998604, 369, 85, 432, 100
-0.998604, 377, 179, 440, 194
-0.998604, 9, 55, 72, 70
-0.998605, 177, 143, 240, 158
-0.998606, 385, 137, 448, 152
-0.998606, 185, 133, 248, 148
-0.998606, 369, 243, 432, 258
-0.998607, 193, 57, 256, 72
-0.998607, 369, 95, 432, 110
-0.998608, 17, 95, 80, 110
-0.998608, 425, 151, 488, 166
-0.998608, 477, 317, 492, 348
-0.998609, 209, 125, 272, 140
-0.998609, 57, 157, 120, 172
-0.998609, 385, 173, 448, 188
-0.99861, 97, 137, 160, 152
-0.99861, 193, 75, 256, 90
-0.99861, 41, 115, 104, 130
-0.99861, 193, 63, 256, 78
-0.998611, 377, 257, 440, 272
-0.998611, 81, 161, 144, 176
-0.998611, 233, 199, 296, 214
-0.998611, 385, 215, 448, 230
-0.998611, 17, 209, 80, 224
-0.998611, 465, 73, 480, 104
-0.998611, 443, 325, 458, 356
-0.998612, 425, 323, 488, 338
-0.998612, 81, 11, 144, 26
-0.998614, 435, 309, 450, 340
-0.998614, 19, 1, 34, 128
-0.998617, 411, 53, 426, 84
-0.998618, 193, 149, 208, 180
-0.998618, 397, 149, 412, 180
-0.998619, 405, 115, 436, 130
-0.998619, 287, 161, 302, 192
-0.998622, 403, 289, 418, 320
-0.998627, 409, 105, 424, 136
-0.998637, 249, 125, 264, 156
-0.99864, 237, 189, 252, 220
-0.998642, 125, 117, 140, 148
-0.998643, 289, 217, 416, 248
-0.998645, 383, 225, 398, 256
-0.998651, 405, 151, 436, 166
-0.998652, 17, 129, 48, 375
-0.998652, 97, 145, 112, 176
-0.998658, 415, 117, 430, 148
-0.998661, 403, 301, 418, 332
-0.998661, 425, 173, 456, 188
-0.998668, 297, 153, 312, 184
-0.99867, 69, 185, 84, 216
-0.998671, 3, 189, 18, 220
-0.998675, 225, 149, 240, 180
-0.998679, 309, 97, 340, 352
-0.99868, 369, 345, 496, 375
-0.998693, 461, 157, 476, 188
-0.998695, 433, 149, 448, 180
-0.998696, 81, 77, 96, 108
-0.998696, 273, 49, 400, 80
-0.998697, 1, 273, 500, 336
-0.998697, 47, 189, 62, 220
-0.9987, 1, 229, 16, 260
-0.998703, 11, 197, 26, 228
-0.998703, 219, 149, 234, 180
-0.998705, 207, 149, 222, 180
-0.998708, 37, 193, 52, 224
-0.998709, 425, 301, 440, 332
-0.998713, 423, 137, 438, 168
-0.998713, 131, 125, 146, 156
-0.998713, 465, 173, 480, 204
-0.998715, 263, 137, 278, 168
-0.998717, 237, 149, 252, 180
-0.998718, 245, 209, 260, 240
-0.998727, 419, 101, 434, 132
-0.998728, 73, 77, 88, 108
-0.998729, 101, 89, 116, 120
-0.998735, 109, 141, 124, 172
-0.998735, 473, 137, 488, 168
-0.998738, 407, 213, 422, 244
-0.998743, 423, 269, 438, 300
-0.998745, 427, 161, 442, 192
-0.998746, 421, 157, 436, 188
-0.998748, 369, 161, 400, 288
-0.998748, 25, 1, 40, 128
-0.998749, 473, 329, 488, 360
-0.998751, 433, 285, 448, 316
-0.998756, 369, 329, 496, 360
-0.998756, 431, 133, 446, 164
-0.998762, 225, 209, 352, 240
-0.998765, 115, 133, 130, 164
-0.998766, 55, 185, 70, 216
-0.998766, 417, 301, 432, 332
-0.998777, 273, 133, 400, 164
-0.998783, 365, 1, 396, 128
-0.998783, 225, 177, 256, 304
-0.998816, 429, 97, 444, 224
-0.998825, 325, 97, 356, 352
-0.998835, 321, 5, 448, 36
-0.998841, 369, 1, 400, 256
-0.99885, 173, 129, 204, 375
-0.998873, 95, 1, 110, 128
-0.998886, 405, 171, 436, 186
-0.998907, 423, 81, 438, 208
-0.998915, 157, 129, 188, 375
-0.998923, 385, 1, 416, 256
-0.998938, 107, 81, 122, 208
-0.99894, 117, 97, 132, 224
-0.998966, 49, 197, 176, 228
-0.998967, 63, 65, 78, 192
-0.998987, 93, 49, 108, 176
-0.998988, 177, 189, 304, 220
-0.999022, 453, 129, 484, 375
-0.99903, 229, 1, 260, 256
-0.999034, 1, 221, 128, 252
-0.999036, 1, 5, 128, 36
-0.99904, 41, 193, 72, 320
-0.999065, 257, 33, 384, 64
-0.999071, 51, 33, 66, 160
-0.999081, 65, 17, 80, 144
-0.999099, 177, 1, 208, 256
-0.999101, 209, 241, 336, 368
-0.999107, 429, 121, 460, 136
-0.999111, 321, 193, 352, 320
-0.999117, 213, 97, 244, 352
-0.999117, 89, 1, 104, 128
-0.999126, 1, 65, 32, 192
-0.99913, 1, 201, 500, 264
-0.999151, 257, 33, 288, 288
-0.999153, 113, 217, 240, 280
-0.999157, 273, 21, 400, 52
-0.999161, 95, 113, 110, 240
-0.999175, 87, 65, 102, 192
-0.99918, 59, 17, 74, 144
-0.999183, 329, 1, 360, 256
-0.999187, 1, 249, 500, 312
-0.999193, 281, 193, 312, 320
-0.99921, 161, 233, 416, 296
-0.99923, 113, 1, 128, 128
-0.99924, 1, 225, 500, 288
-0.99925, 127, 1, 142, 128
-0.999255, 155, 33, 170, 160
-0.999271, 89, 113, 104, 240
-0.999277, 293, 1, 324, 256
-0.999291, 3, 161, 18, 288
-0.999301, 273, 1, 400, 32
-0.999304, 97, 189, 224, 220
-0.999304, 461, 241, 492, 368
-0.999307, 17, 245, 144, 276
-0.999309, 137, 113, 152, 240
-0.999314, 153, 241, 216, 368
-0.999315, 71, 17, 86, 144
-0.999321, 105, 129, 120, 256
-0.999334, 103, 1, 118, 128
-0.999344, 281, 1, 312, 256
-0.999344, 79, 1, 94, 128
-0.999345, 11, 17, 26, 144
-0.99935, 73, 113, 88, 240
-0.999361, 49, 1, 176, 32
-0.999369, 133, 17, 148, 144
-0.999382, 417, 65, 432, 192
-0.999382, 203, 65, 218, 192
-0.999383, 127, 113, 142, 240
-0.999391, 161, 33, 176, 160
-0.999397, 177, 217, 304, 248
-0.999402, 403, 113, 418, 240
-0.999406, 429, 49, 444, 176
-0.999406, 409, 113, 424, 240
-0.999409, 119, 1, 134, 128
-0.999412, 313, 1, 344, 256
-0.999419, 5, 17, 20, 144
-0.999421, 217, 1, 248, 256
-0.999424, 167, 81, 182, 208
-0.999426, 71, 65, 86, 192
-0.999431, 83, 113, 98, 240
-0.999438, 453, 97, 468, 224
-0.999446, 143, 113, 158, 240
-0.999452, 439, 129, 454, 256
-0.999462, 149, 113, 164, 240
-0.999473, 469, 1, 500, 128
-0.999481, 1, 289, 128, 352
-0.999488, 411, 33, 426, 160
-0.999494, 201, 129, 232, 375
-0.999511, 195, 113, 210, 240
-0.999538, 403, 49, 418, 176
-0.999548, 447, 113, 462, 240
-0.999555, 353, 37, 480, 68
-0.999557, 417, 113, 432, 240
-0.99956, 155, 113, 170, 240
-0.999562, 457, 17, 488, 144
-0.999562, 149, 33, 164, 160
-0.999567, 471, 329, 486, 344
-0.999567, 397, 143, 412, 158
-0.999568, 397, 207, 412, 222
-0.999568, 95, 181, 110, 196
-0.999569, 263, 217, 278, 232
-0.999569, 183, 145, 198, 160
-0.99957, 403, 305, 418, 320
-0.99957, 139, 17, 154, 144
-0.999571, 143, 131, 158, 146
-0.999571, 279, 127, 294, 142
-0.999571, 293, 237, 308, 252
-0.999571, 401, 295, 416, 310
-0.999571, 339, 263, 354, 278
-0.999571, 129, 123, 144, 138
-0.999571, 401, 289, 416, 304
-0.999571, 107, 173, 122, 188
-0.999572, 309, 97, 324, 224
-0.999572, 419, 191, 434, 206
-0.999572, 25, 51, 40, 66
-0.999573, 107, 133, 122, 148
-0.999573, 331, 259, 346, 274
-0.999574, 417, 121, 432, 136
-0.999574, 349, 269, 364, 284
-0.999575, 95, 121, 110, 136
-0.999575, 69, 79, 84, 94
-0.999575, 299, 165, 314, 180
-0.999575, 101, 177, 116, 192
-0.999575, 109, 141, 124, 156
-0.999576, 101, 145, 116, 160
-0.999576, 463, 155, 478, 170
-0.999576, 273, 261, 400, 292
-0.999576, 81, 161, 96, 288
-0.999576, 359, 275, 374, 290
-0.999576, 17, 21, 32, 36
-0.999577, 401, 111, 416, 126
-0.999577, 123, 123, 138, 138
-0.999577, 9, 205, 24, 220
-0.999577, 67, 71, 82, 86
-0.999577, 15, 201, 30, 216
-0.999577, 103, 163, 118, 178
-0.999577, 15, 189, 30, 204
-0.999578, 277, 119, 292, 134
-0.999578, 63, 91, 78, 106
-0.999578, 249, 125, 264, 140
-0.999578, 433, 313, 448, 328
-0.999579, 475, 165, 490, 180
-0.999579, 413, 193, 428, 208
-0.999579, 289, 133, 304, 148
-0.999579, 259, 211, 274, 226
-0.999579, 37, 33, 52, 160
-0.999579, 461, 145, 476, 160
-0.999579, 463, 187, 478, 202
-0.99958, 461, 169, 476, 184
-0.99958, 409, 109, 424, 124
-0.99958, 113, 133, 128, 148
-0.99958, 431, 173, 446, 188
-0.999581, 15, 27, 30, 42
-0.999582, 439, 241, 454, 368
-0.999582, 61, 113, 76, 128
-0.999583, 435, 323, 450, 338
-0.999583, 109, 127, 124, 142
-0.999584, 97, 71, 112, 86
-0.999584, 345, 17, 360, 144
-0.999585, 9, 33, 24, 48
-0.999585, 443, 329, 458, 344
-0.999587, 5, 193, 20, 208
-0.999587, 415, 157, 430, 172
-0.999589, 457, 161, 472, 176
-0.999589, 293, 115, 308, 130
-0.999589, 305, 113, 320, 128
-0.99959, 397, 149, 412, 164
-0.999591, 77, 65, 92, 192
-0.999591, 197, 1, 212, 128
-0.999592, 317, 113, 332, 240
-0.999593, 103, 85, 118, 100
-0.999595, 299, 115, 314, 130
-0.999595, 441, 129, 456, 144
-0.999596, 453, 189, 468, 204
-0.999597, 97, 159, 112, 174
-0.999597, 91, 79, 106, 94
-0.999597, 67, 119, 82, 134
-0.999597, 403, 161, 418, 176
-0.999598, 269, 215, 284, 230
-0.999598, 295, 133, 310, 148
-0.999599, 421, 131, 436, 146
-0.999599, 9, 199, 24, 214
-0.9996, 415, 55, 430, 70
-0.9996, 425, 111, 440, 126
-0.999601, 393, 295, 408, 310
-0.999601, 241, 207, 256, 222
-0.999601, 405, 143, 420, 158
-0.999601, 453, 175, 468, 190
-0.999602, 395, 113, 410, 240
-0.999603, 399, 123, 414, 138
-0.999604, 43, 33, 58, 160
-0.999604, 55, 53, 70, 68
-0.999605, 61, 71, 76, 86
-0.999607, 407, 121, 422, 136
-0.999607, 283, 117, 298, 132
-0.999609, 447, 179, 462, 194
-0.999609, 347, 97, 362, 224
-0.999609, 455, 145, 470, 272
-0.99961, 415, 147, 430, 162
-0.99961, 117, 123, 132, 138
-0.999612, 437, 115, 452, 130
-0.999612, 135, 127, 150, 142
-0.999612, 437, 175, 452, 190
-0.999613, 425, 101, 440, 116
-0.999613, 225, 21, 352, 52
-0.999614, 59, 65, 74, 80
-0.999614, 465, 333, 480, 348
-0.999615, 423, 121, 438, 136
-0.999616, 403, 149, 418, 164
-0.999616, 161, 97, 176, 224
-0.999618, 113, 113, 128, 128
-0.999619, 99, 77, 114, 92
-0.999619, 449, 123, 464, 138
-0.999623, 447, 187, 462, 202
-0.999624, 451, 163, 466, 178
-0.999628, 51, 45, 66, 60
-0.999629, 409, 115, 424, 130
-0.999631, 103, 139, 118, 154
-0.999631, 57, 59, 72, 74
-0.999633, 427, 313, 442, 328
-0.999633, 7, 187, 22, 202
-0.999634, 447, 241, 462, 368
-0.999634, 429, 241, 444, 368
-0.999637, 401, 117, 416, 132
-0.999638, 433, 109, 448, 124
-0.999641, 97, 117, 128, 132
-0.999641, 431, 117, 446, 132
-0.999641, 425, 173, 440, 188
-0.999642, 403, 155, 418, 170
-0.999644, 427, 129, 442, 144
-0.999646, 295, 97, 310, 224
-0.999647, 445, 167, 460, 182
-0.999649, 23, 17, 38, 32
-0.999654, 15, 195, 30, 210
-0.999655, 1, 177, 16, 192
-0.999656, 411, 165, 426, 180
-0.999657, 453, 181, 468, 196
-0.999659, 111, 119, 126, 134
-0.99966, 1, 183, 16, 198
-0.999663, 439, 121, 454, 136
-0.999663, 435, 127, 450, 142
-0.999664, 97, 209, 352, 272
-0.999666, 427, 145, 442, 272
-0.999681, 243, 97, 258, 224
-0.999682, 455, 49, 470, 176
-0.999683, 101, 117, 116, 132
-0.999683, 407, 161, 422, 288
-0.999687, 409, 149, 424, 164
-0.99969, 385, 241, 400, 368
-0.999693, 417, 169, 432, 184
-0.999695, 339, 97, 354, 224
-0.999703, 435, 49, 450, 176
-0.999706, 37, 129, 52, 256
-0.999709, 445, 49, 460, 176
-0.99971, 67, 113, 82, 240
-0.999714, 31, 17, 46, 144
-0.999716, 107, 113, 122, 128
-0.99972, 463, 129, 478, 256
-0.999728, 391, 241, 406, 368
-0.999731, 323, 97, 338, 224
-0.999731, 445, 161, 460, 288
-0.999742, 201, 113, 216, 240
-0.999748, 429, 123, 444, 138
-0.999755, 233, 129, 248, 256
-0.999758, 49, 161, 64, 288
-0.999769, 65, 233, 192, 264
-0.999774, 211, 129, 226, 256
-0.999777, 287, 97, 302, 224
-0.999779, 55, 161, 70, 288
-0.999782, 9, 161, 24, 288
-0.999792, 257, 313, 500, 375
-0.999797, 401, 209, 416, 336
-0.999801, 57, 81, 72, 208
-0.999823, 431, 193, 446, 320
-0.999836, 87, 161, 102, 288
-0.99984, 333, 97, 348, 224
-0.999844, 63, 161, 78, 288
-0.99985, 303, 97, 318, 224
-0.999858, 417, 161, 432, 288
-0.999862, 43, 129, 58, 256
-0.999866, 173, 65, 188, 192
-0.999884, 293, 145, 308, 272
-0.999886, 167, 33, 182, 160
-0.999887, 31, 161, 46, 288
-0.999893, 453, 193, 468, 320
-0.999899, 221, 129, 236, 256
-0.999904, 37, 177, 52, 304
-0.999907, 453, 241, 468, 368
-0.999908, 93, 161, 108, 288
-0.999914, 423, 33, 438, 160
-0.999916, 111, 145, 126, 272
-0.999921, 251, 97, 266, 224
-0.999928, 75, 161, 90, 288
-0.999931, 227, 113, 242, 240
-0.999938, 423, 241, 438, 368
-0.999943, 437, 177, 452, 304
-0.999947, 307, 177, 322, 304
-0.999959, 409, 241, 424, 368
-0.999959, 415, 209, 430, 336
-0.999968, 113, 49, 128, 176
-0.999969, 461, 177, 476, 304
-0.999971, 287, 145, 302, 272
-0.99998, 265, 193, 280, 320
-0.999984, 189, 113, 204, 240
-0.999985, 355, 97, 370, 224
-1, 403, 1, 418, 128
-1.00001, 257, 233, 384, 296
-1.00002, 25, 177, 40, 304
-1.00002, 279, 161, 294, 288
-1.00003, 355, 49, 370, 176
-1.00003, 69, 161, 84, 288
-1.00014, 1, 233, 256, 296
-1.00031, 1, 305, 256, 368
-1.00047, 161, 257, 416, 320
-1.00071, 369, 9, 496, 72
-1.00095, 65, 209, 192, 272
-1.00111, 161, 225, 288, 288
-1.00177, 161, 281, 416, 344
-1.00203, 1, 257, 256, 320
-1.00233, 17, 257, 144, 320
-1.0025, 209, 241, 336, 304
-1.00251, 161, 313, 416, 375
-1.00259, 65, 281, 320, 344
-1.00299, 1, 313, 128, 375
-1.00307, 265, 1, 328, 128
-1.00336, 273, 281, 400, 344
-1.00346, 113, 257, 240, 320
-1.0036, 225, 265, 352, 328
-1.00385, 97, 297, 224, 360
-1.00392, 49, 305, 176, 368
-1.00392, 273, 313, 400, 375
-1.00393, 177, 265, 304, 328
-1.00447, 225, 297, 352, 360
-1.00447, 65, 265, 192, 328
-1.0048, 145, 289, 272, 352
-1.00491, 177, 313, 304, 375
