1889
-0.518291, 1, 65, 500, 320
-0.709676, 225, 1, 480, 333
-0.740349, 193, 65, 448, 320
-0.749889, 65, 65, 320, 320
-0.763769, 129, 1, 384, 333
-0.779097, 1, 1, 500, 333
-0.791826, 33, 1, 288, 333
-0.862875, 257, 65, 384, 320
-0.891121, 177, 33, 304, 288
-0.902983, 305, 65, 432, 320
-0.903208, 273, 1, 400, 333
-0.904652, 1, 129, 500, 256
-0.907343, 97, 65, 224, 320
-0.913992, 193, 1, 320, 333
-0.919434, 1, 81, 500, 208
-0.920265, 225, 81, 480, 208
-0.922027, 161, 129, 416, 256
-0.922505, 65, 129, 320, 256
-0.924979, 321, 1, 448, 333
-0.929605, 273, 97, 400, 224
-0.935194, 225, 177, 480, 304
-0.935931, 17, 65, 144, 320
-0.937928, 313, 97, 376, 224
-0.93879, 241, 145, 368, 272
-0.939716, 1, 193, 500, 320
-0.940518, 337, 81, 400, 208
-0.941601, 289, 145, 416, 272
-0.941643, 249, 145, 312, 272
-0.943167, 193, 145, 320, 272
-0.943321, 257, 129, 500, 256
-0.94386, 81, 145, 208, 272
-0.945005, 321, 81, 448, 208
-0.945092, 129, 81, 384, 208
-0.947062, 97, 1, 224, 333
-0.948782, 33, 113, 160, 240
-0.949106, 145, 129, 272, 256
-0.951597, 193, 97, 320, 224
-0.955499, 1, 177, 256, 304
-0.95561, 161, 193, 288, 320
-0.955957, 129, 209, 384, 333
-0.957195, 121, 129, 184, 256
-0.957538, 217, 81, 280, 208
-0.957707, 161, 129, 224, 256
-0.958289, 337, 129, 400, 256
-0.958993, 305, 145, 368, 272
-0.959024, 257, 49, 384, 176
-0.959246, 353, 1, 480, 256
-0.959542, 201, 145, 264, 272
-0.95986, 289, 65, 352, 192
-0.95992, 89, 129, 152, 256
-0.959939, 145, 1, 272, 333
-0.960153, 313, 121, 376, 184
-0.960167, 249, 153, 312, 216
-0.960539, 329, 89, 392, 152
-0.960602, 41, 113, 104, 240
-0.960651, 361, 65, 424, 192
-0.962009, 257, 97, 320, 224
-0.962454, 281, 81, 344, 144
-0.962701, 225, 177, 288, 304
-0.962909, 369, 1, 496, 333
-0.963597, 337, 129, 464, 256
-0.963917, 201, 153, 264, 216
-0.964301, 361, 89, 424, 152
-0.964443, 1, 161, 128, 288
-0.964837, 49, 137, 112, 200
-0.964961, 121, 161, 184, 224
-0.965627, 305, 169, 368, 232
-0.965743, 169, 145, 232, 208
-0.965783, 265, 49, 328, 176
-0.965787, 73, 153, 136, 216
-0.966159, 257, 81, 384, 144
-0.966208, 1, 113, 64, 240
-0.966425, 201, 193, 264, 320
-0.96645, 177, 177, 240, 304
-0.966975, 281, 145, 344, 272
-0.967697, 313, 49, 376, 176
-0.967697, 377, 129, 440, 256
-0.967987, 273, 153, 336, 216
-0.968101, 241, 153, 368, 216
-0.968411, 337, 145, 400, 208
-0.96895, 385, 169, 448, 232
-0.969269, 97, 161, 160, 224
-0.969312, 241, 177, 304, 240
-0.969875, 313, 145, 376, 208
-0.97011, 353, 81, 384, 208
-0.970421, 121, 137, 184, 200
-0.970991, 273, 193, 336, 320
-0.971031, 129, 145, 256, 208
-0.971132, 193, 169, 320, 232
-0.971162, 249, 81, 312, 144
-0.971448, 341, 81, 372, 208
-0.971495, 97, 137, 160, 200
-0.971841, 321, 81, 448, 144
-0.971845, 185, 185, 248, 248
-0.972089, 1, 121, 64, 184
-0.972295, 209, 49, 336, 176
-0.972311, 337, 121, 400, 184
-0.972352, 121, 177, 184, 304
-0.972411, 353, 169, 416, 232
-0.972412, 193, 33, 448, 160
-0.972413, 201, 209, 264, 272
-0.972631, 209, 193, 336, 320
-0.972704, 81, 161, 208, 224
-0.972735, 153, 193, 216, 320
-0.972809, 305, 89, 368, 152
-0.973068, 241, 49, 304, 176
-0.973243, 161, 177, 224, 240
-0.973347, 409, 153, 472, 216
-0.973355, 25, 137, 88, 200
-0.973678, 289, 113, 352, 176
-0.973686, 145, 169, 272, 232
-0.973998, 33, 81, 288, 208
-0.974004, 393, 81, 456, 208
-0.97407, 289, 177, 416, 240
-0.974096, 377, 145, 440, 208
-0.974255, 161, 193, 288, 256
-0.974616, 305, 129, 432, 192
-0.974642, 65, 129, 128, 256
-0.974773, 1, 1, 128, 333
-0.974934, 49, 161, 112, 224
-0.97504, 401, 97, 464, 160
-0.975101, 365, 81, 396, 208
-0.975142, 161, 201, 224, 264
-0.975306, 225, 73, 288, 136
-0.975702, 305, 105, 432, 168
-0.975849, 145, 153, 208, 216
-0.975926, 357, 129, 388, 256
-0.97611, 257, 145, 288, 272
-0.976113, 81, 97, 208, 224
-0.976493, 17, 145, 144, 208
-0.976538, 145, 81, 272, 208
-0.976595, 113, 193, 240, 320
-0.976741, 65, 137, 192, 200
-0.977131, 17, 161, 80, 288
-0.977146, 1, 145, 64, 208
-0.977225, 273, 193, 400, 320
-0.977266, 321, 65, 384, 128
-0.977706, 225, 145, 288, 208
-0.977996, 345, 177, 408, 304
-0.978044, 25, 161, 88, 224
-0.978189, 289, 193, 352, 256
-0.978674, 433, 145, 496, 208
-0.978783, 73, 129, 136, 192
-0.978872, 289, 57, 352, 120
-0.979004, 237, 177, 268, 304
-0.979056, 393, 73, 456, 136
-0.979087, 49, 1, 176, 333
-0.979181, 1, 33, 500, 160
-0.979546, 313, 65, 376, 320
-0.979604, 193, 97, 256, 224
-0.979677, 185, 65, 248, 128
-0.979729, 289, 153, 416, 216
-0.979812, 137, 193, 200, 256
-0.979852, 361, 65, 424, 128
-0.979997, 289, 17, 352, 144
-0.980033, 257, 129, 384, 192
-0.980056, 117, 129, 148, 256
-0.980096, 209, 81, 336, 144
-0.980098, 249, 209, 312, 333
-0.980131, 329, 97, 360, 224
-0.980225, 265, 129, 328, 192
-0.980292, 225, 129, 288, 256
-0.980312, 225, 225, 288, 288
-0.980425, 297, 145, 328, 272
-0.980486, 193, 145, 320, 208
-0.980508, 317, 129, 348, 256
-0.980534, 257, 65, 320, 320
-0.980558, 361, 113, 424, 176
-0.980593, 321, 113, 352, 176
-0.9807, 241, 105, 368, 168
-0.980785, 225, 201, 288, 264
-0.980837, 341, 89, 372, 152
-0.980984, 89, 145, 120, 208
-0.981268, 345, 193, 408, 256
-0.981297, 273, 57, 400, 120
-0.981375, 337, 177, 464, 304
-0.981544, 341, 129, 372, 256
-0.981579, 161, 217, 288, 280
-0.981662, 329, 169, 392, 232
-0.981685, 13, 129, 44, 192
-0.981709, 397, 145, 428, 208
-0.981809, 169, 225, 232, 288
-0.981844, 369, 81, 496, 208
-0.981871, 281, 153, 312, 216
-0.981953, 369, 129, 400, 256
-0.981995, 245, 81, 276, 208
-0.982025, 265, 89, 296, 152
-0.982034, 369, 169, 496, 232
-0.982056, 285, 145, 316, 272
-0.982069, 113, 161, 144, 224
-0.982072, 217, 153, 248, 216
-0.982139, 141, 129, 172, 256
-0.982159, 369, 105, 400, 168
-0.982245, 353, 105, 480, 168
-0.982351, 349, 129, 380, 192
-0.982456, 369, 81, 400, 144
-0.982476, 145, 161, 176, 224
-0.982534, 353, 81, 384, 144
-0.982572, 205, 169, 236, 232
-0.982581, 65, 137, 96, 200
-0.982606, 81, 177, 144, 304
-0.982661, 261, 81, 292, 208
-0.982734, 97, 129, 128, 256
-0.982842, 209, 193, 336, 256
-0.982861, 317, 145, 348, 208
-0.982867, 337, 65, 400, 320
-0.983008, 333, 121, 364, 184
-0.983041, 281, 33, 344, 288
-0.983121, 293, 153, 324, 216
-0.983138, 317, 81, 348, 144
-0.983147, 273, 145, 304, 272
-0.983149, 53, 137, 84, 200
-0.983294, 421, 145, 452, 208
-0.98332, 181, 201, 212, 264
-0.98334, 337, 33, 400, 160
-0.983416, 389, 169, 420, 232
-0.983419, 109, 137, 140, 200
-0.983665, 257, 145, 288, 208
-0.983771, 237, 185, 268, 248
-0.983889, 229, 145, 260, 208
-0.983915, 249, 225, 312, 288
-0.983929, 329, 145, 360, 208
-0.983936, 381, 97, 412, 224
-0.983958, 225, 81, 256, 144
-0.983981, 409, 153, 440, 216
-0.98408, 197, 145, 228, 208
-0.984133, 161, 65, 224, 320
-0.984134, 281, 81, 312, 144
-0.984197, 385, 145, 416, 272
-0.984243, 421, 73, 452, 136
-0.984271, 49, 113, 80, 240
-0.984298, 33, 137, 64, 200
-0.984394, 369, 177, 432, 304
-0.984422, 413, 97, 444, 160
-0.98443, 125, 137, 156, 200
-0.984447, 301, 185, 332, 248
-0.98445, 41, 161, 104, 288
-0.984485, 389, 81, 420, 144
-0.984517, 153, 129, 184, 256
-0.984617, 201, 89, 264, 152
-0.984876, 289, 201, 320, 264
-0.984928, 409, 129, 472, 256
-0.985009, 41, 153, 104, 184
-0.985029, 305, 145, 336, 208
-0.985134, 77, 145, 108, 208
-0.985163, 265, 57, 328, 120
-0.98519, 233, 65, 296, 320
-0.985327, 425, 89, 488, 152
-0.985329, 149, 137, 180, 200
-0.985353, 317, 65, 348, 192
-0.985428, 25, 113, 56, 240
-0.985454, 369, 145, 400, 208
-0.985479, 257, 65, 288, 128
-0.985518, 193, 185, 224, 248
-0.985531, 345, 169, 408, 200
-0.985602, 193, 49, 256, 176
-0.985648, 273, 217, 336, 280
-0.985649, 201, 33, 264, 288
-0.985687, 265, 105, 328, 168
-0.985692, 321, 33, 448, 160
-0.985696, 313, 169, 344, 232
-0.985746, 269, 65, 300, 128
-0.985748, 421, 81, 452, 208
-0.985811, 369, 81, 496, 144
-0.985863, 169, 129, 200, 256
-0.985938, 237, 73, 268, 136
-0.985992, 337, 89, 400, 120
-0.986044, 401, 81, 432, 144
-0.986045, 337, 169, 368, 232
-0.986066, 269, 145, 300, 208
-0.986087, 221, 201, 252, 264
-0.986093, 193, 217, 224, 280
-0.986102, 185, 129, 216, 256
-0.986104, 329, 89, 360, 152
-0.986109, 241, 105, 304, 168
-0.986161, 97, 185, 224, 248
-0.986207, 37, 145, 68, 272
-0.986234, 285, 97, 316, 224
-0.986247, 49, 65, 112, 320
-0.986248, 101, 161, 132, 224
-0.986315, 209, 145, 240, 272
-0.986337, 437, 145, 468, 208
-0.986395, 81, 165, 144, 196
-0.986401, 217, 33, 280, 160
-0.986435, 377, 169, 408, 232
-0.986435, 353, 57, 384, 120
-0.98645, 81, 169, 112, 232
-0.986483, 241, 145, 272, 208
-0.986485, 185, 177, 216, 304
-0.986522, 393, 121, 456, 184
-0.986577, 1, 129, 32, 192
-0.986634, 125, 161, 156, 224
-0.986782, 161, 193, 192, 256
-0.986823, 297, 73, 328, 136
-0.986919, 169, 169, 200, 232
-0.986956, 249, 169, 280, 232
-0.986965, 353, 145, 480, 208
-0.987031, 233, 81, 264, 208
-0.987061, 169, 145, 200, 208
-0.987062, 205, 217, 236, 280
-0.987063, 37, 169, 68, 232
-0.987169, 381, 145, 412, 208
-0.987174, 21, 153, 52, 216
-0.987253, 185, 137, 216, 200
-0.987265, 97, 81, 160, 208
-0.987289, 209, 65, 240, 128
-0.987308, 13, 113, 44, 240
-0.987335, 177, 225, 208, 288
-0.987387, 137, 137, 168, 200
-0.98742, 313, 169, 376, 200
-0.987421, 49, 161, 80, 224
-0.987466, 357, 153, 388, 216
-0.987575, 249, 225, 280, 288
-0.98758, 209, 165, 272, 196
-0.987597, 337, 1, 400, 333
-0.987627, 121, 81, 184, 208
-0.987629, 121, 165, 184, 196
-0.987693, 161, 81, 288, 144
-0.987778, 397, 129, 428, 256
-0.987841, 273, 225, 304, 288
-0.987878, 433, 129, 496, 256
-0.987916, 309, 121, 340, 184
-0.987941, 225, 57, 352, 120
-0.987962, 425, 97, 456, 160
-0.987969, 449, 145, 480, 208
-0.988008, 273, 201, 400, 264
-0.988073, 253, 89, 284, 152
-0.988078, 325, 169, 356, 232
-0.988085, 73, 185, 136, 248
-0.988183, 233, 217, 264, 280
-0.988189, 65, 81, 128, 208
-0.988225, 437, 81, 468, 144
-0.988258, 201, 129, 264, 192
-0.988279, 9, 65, 72, 320
-0.988361, 305, 181, 368, 212
-0.988388, 273, 1, 400, 128
-0.988444, 401, 121, 432, 184
-0.988499, 401, 177, 432, 240
-0.988539, 273, 97, 304, 224
-0.988541, 225, 129, 256, 256
-0.988544, 97, 33, 352, 160
-0.988547, 389, 105, 420, 168
-0.988554, 373, 193, 404, 256
-0.988562, 137, 65, 200, 320
-0.988656, 33, 169, 160, 232
-0.98872, 281, 129, 312, 192
-0.988738, 281, 89, 344, 120
-0.988747, 305, 97, 336, 224
-0.988751, 249, 85, 312, 116
-0.988757, 297, 49, 328, 176
-0.98876, 61, 161, 92, 224
-0.988796, 361, 101, 424, 132
-0.988818, 461, 145, 492, 208
-0.988865, 217, 177, 280, 240
-0.988934, 201, 193, 232, 320
-0.988964, 221, 49, 252, 176
-0.98897, 357, 33, 388, 160
-0.988977, 281, 209, 312, 333
-0.989015, 293, 193, 324, 320
-0.989078, 205, 193, 236, 256
-0.989134, 357, 193, 388, 256
-0.98914, 421, 169, 452, 232
-0.989142, 157, 169, 188, 232
-0.989144, 161, 81, 224, 208
-0.989198, 9, 157, 72, 188
-0.989218, 305, 97, 336, 160
-0.989264, 225, 1, 352, 128
-0.989269, 245, 129, 276, 256
-0.989334, 9, 153, 40, 216
-0.989357, 261, 225, 292, 288
-0.989388, 145, 129, 208, 192
-0.989403, 385, 173, 448, 204
-0.989458, 401, 81, 432, 208
-0.989466, 89, 65, 152, 320
-0.989498, 305, 153, 368, 184
-0.989501, 221, 57, 252, 120
-0.989561, 169, 193, 200, 320
-0.989597, 209, 89, 272, 120
-0.989736, 77, 121, 108, 184
-0.989762, 209, 129, 240, 192
-0.989762, 185, 161, 216, 224
-0.989768, 249, 209, 280, 333
-0.989771, 185, 217, 248, 248
-0.989787, 197, 65, 228, 128
-0.989794, 361, 85, 424, 116
-0.989817, 357, 105, 388, 168
-0.989838, 129, 153, 384, 216
-0.989847, 169, 121, 232, 184
-0.989856, 393, 85, 456, 116
-0.989863, 129, 129, 160, 256
-0.989906, 301, 49, 332, 112
-0.989919, 97, 153, 160, 184
-0.989936, 265, 157, 328, 188
-0.989937, 9, 137, 72, 168
-0.990008, 217, 77, 280, 108
-0.99003, 365, 57, 396, 120
-0.990062, 297, 1, 360, 333
-0.990126, 273, 1, 336, 333
-0.990172, 281, 57, 312, 120
-0.990191, 33, 113, 64, 176
-0.990198, 377, 157, 440, 188
-0.990276, 369, 17, 432, 144
-0.990304, 93, 121, 124, 184
-0.99033, 161, 201, 224, 232
-0.990336, 61, 113, 92, 240
-0.990348, 313, 125, 376, 156
-0.990355, 297, 121, 328, 184
-0.990368, 345, 157, 408, 188
-0.990384, 97, 185, 128, 248
-0.990434, 169, 77, 232, 108
-0.990485, 169, 161, 232, 192
-0.990487, 313, 41, 376, 104
-0.990535, 113, 65, 176, 320
-0.990539, 73, 153, 136, 184
-0.990603, 97, 177, 160, 208
-0.990603, 225, 49, 288, 112
-0.99061, 313, 93, 376, 124
-0.990636, 265, 201, 296, 264
-0.990653, 313, 1, 376, 128
-0.990703, 289, 77, 352, 108
-0.990737, 225, 145, 480, 208
-0.990757, 225, 177, 256, 304
-0.990759, 329, 49, 360, 176
-0.990763, 5, 105, 36, 168
-0.99077, 249, 201, 312, 264
-0.990773, 177, 57, 304, 120
-0.990809, 209, 221, 272, 252
-0.990823, 1, 113, 128, 176
-0.990844, 197, 145, 228, 272
-0.990882, 269, 121, 300, 184
-0.990951, 385, 97, 448, 128
-0.990952, 321, 109, 384, 140
-0.991007, 209, 217, 336, 280
-0.991014, 217, 177, 248, 240
-0.991021, 417, 165, 480, 196
-0.991081, 345, 33, 376, 160
-0.991195, 85, 145, 116, 272
-0.991286, 241, 97, 272, 160
-0.991292, 65, 137, 128, 168
-0.991298, 169, 145, 232, 176
-0.991358, 321, 57, 352, 120
-0.991376, 425, 81, 488, 208
-0.99139, 213, 89, 244, 152
-0.99139, 165, 217, 196, 280
-0.991397, 241, 1, 304, 333
-0.991418, 33, 145, 288, 208
-0.991564, 405, 57, 436, 120
-0.99158, 61, 113, 92, 176
-0.99159, 433, 85, 496, 116
-0.991611, 217, 153, 280, 184
-0.991623, 225, 81, 480, 144
-0.991644, 417, 97, 480, 128
-0.991676, 249, 201, 280, 264
-0.991692, 361, 113, 424, 144
-0.991701, 201, 1, 264, 333
-0.991718, 197, 121, 228, 184
-0.991719, 145, 165, 208, 196
-0.991764, 121, 153, 184, 184
-0.991798, 309, 177, 340, 304
-0.991845, 345, 145, 408, 176
-0.99185, 233, 49, 264, 112
-0.991854, 201, 177, 264, 208
-0.991883, 225, 121, 480, 184
-0.99189, 109, 113, 140, 176
-0.991922, 449, 73, 480, 136
-0.991963, 97, 185, 160, 248
-0.991979, 329, 77, 392, 108
-0.991996, 285, 225, 316, 288
-0.992026, 161, 217, 224, 248
-0.992069, 389, 97, 420, 128
-0.992072, 241, 97, 304, 128
-0.992078, 193, 105, 320, 168
-0.992148, 41, 165, 104, 196
-0.99215, 129, 185, 192, 216
-0.992161, 49, 113, 112, 176
-0.992166, 1, 145, 500, 208
-0.992218, 113, 217, 240, 280
-0.992262, 117, 165, 148, 196
-0.992332, 361, 1, 424, 256
-0.992342, 193, 73, 256, 104
-0.992354, 85, 161, 116, 192
-0.992357, 281, 101, 344, 132
-0.992398, 161, 177, 224, 208
-0.992417, 145, 165, 176, 196
-0.992499, 61, 153, 92, 184
-0.9925, 225, 177, 480, 240
-0.992574, 377, 145, 440, 176
-0.9926, 273, 81, 304, 112
-0.99263, 17, 157, 144, 188
-0.992651, 129, 81, 384, 144
-0.992661, 265, 1, 328, 128
-0.992702, 241, 73, 304, 104
-0.992703, 257, 93, 288, 124
-0.992718, 369, 105, 400, 136
-0.992735, 229, 85, 260, 116
-0.992772, 105, 141, 168, 172
-0.99282, 105, 113, 168, 176
-0.992845, 409, 85, 440, 116
-0.992858, 181, 209, 212, 240
-0.992922, 361, 1, 424, 333
-0.992937, 97, 169, 128, 200
-0.992963, 393, 1, 456, 333
-0.993003, 353, 89, 384, 120
-0.99302, 313, 93, 344, 124
-0.993034, 17, 153, 48, 184
-0.99307, 185, 205, 248, 236
-0.993081, 33, 165, 64, 196
-0.993093, 393, 177, 424, 208
-0.993098, 369, 81, 400, 112
-0.993105, 433, 65, 496, 128
-0.993126, 193, 213, 224, 244
-0.993131, 97, 157, 128, 188
-0.993133, 145, 1, 208, 333
-0.993161, 425, 101, 456, 132
-0.993163, 285, 93, 316, 124
-0.99317, 333, 169, 364, 200
-0.993192, 409, 97, 440, 128
-0.993193, 241, 157, 368, 188
-0.993225, 209, 73, 240, 104
-0.993259, 301, 153, 332, 184
-0.99326, 113, 169, 240, 200
-0.99326, 241, 153, 304, 184
-0.993276, 425, 165, 456, 196
-0.993299, 353, 173, 384, 204
-0.993311, 337, 193, 464, 256
-0.993315, 113, 73, 240, 136
-0.993315, 261, 81, 292, 112
-0.993326, 341, 89, 372, 120
-0.993334, 249, 177, 312, 208
-0.99334, 273, 137, 336, 168
-0.99334, 113, 177, 144, 208
-0.993344, 381, 85, 412, 116
-0.993352, 261, 153, 292, 184
-0.993368, 293, 81, 324, 112
-0.99338, 321, 125, 352, 156
-0.99338, 317, 149, 348, 180
-0.993396, 1, 65, 64, 192
-0.993407, 5, 137, 36, 168
-0.993416, 273, 89, 400, 120
-0.993421, 361, 145, 392, 176
-0.993423, 241, 229, 304, 260
-0.993443, 425, 85, 456, 116
-0.993448, 269, 93, 300, 124
-0.993466, 289, 173, 416, 204
-0.993487, 393, 85, 424, 116
-0.993487, 49, 157, 80, 188
-0.99349, 37, 149, 68, 180
-0.99349, 245, 77, 276, 108
-0.993491, 321, 81, 352, 112
-0.993494, 345, 189, 408, 220
-0.993504, 221, 73, 252, 104
-0.993532, 289, 113, 352, 144
-0.993547, 173, 221, 204, 252
-0.993548, 409, 173, 440, 204
-0.993561, 337, 57, 464, 120
-0.993562, 333, 157, 364, 188
-0.993587, 201, 145, 232, 176
-0.993591, 205, 221, 236, 252
-0.993595, 321, 169, 352, 200
-0.9936, 97, 145, 128, 176
-0.993602, 237, 153, 268, 184
-0.993619, 433, 81, 464, 208
-0.993623, 209, 169, 240, 200
-0.993628, 373, 177, 404, 304
-0.993629, 129, 157, 160, 188
-0.993637, 317, 113, 348, 144
-0.993642, 17, 137, 48, 168
-0.993645, 445, 85, 476, 116
-0.993647, 361, 157, 392, 188
-0.993652, 161, 189, 224, 220
-0.993654, 389, 161, 420, 192
-0.993671, 349, 129, 380, 160
-0.993688, 213, 97, 244, 224
-0.993701, 5, 149, 36, 180
-0.993702, 137, 201, 200, 232
-0.993704, 417, 153, 480, 184
-0.993712, 309, 181, 340, 212
-0.993714, 245, 225, 276, 256
-0.993717, 361, 177, 392, 304
-0.993717, 245, 89, 276, 120
-0.99372, 153, 153, 184, 184
-0.993744, 193, 201, 224, 232
-0.993752, 53, 133, 84, 164
-0.993756, 129, 177, 384, 240
-0.993758, 321, 89, 448, 120
-0.993762, 377, 173, 408, 204
-0.993769, 193, 193, 256, 224
-0.993775, 209, 209, 272, 240
-0.993775, 81, 173, 112, 204
-0.993777, 345, 149, 376, 180
-0.993793, 197, 73, 228, 104
-0.993795, 109, 153, 140, 184
-0.993833, 217, 89, 248, 120
-0.993842, 357, 77, 388, 108
-0.993859, 69, 141, 100, 172
-0.993867, 313, 141, 376, 172
-0.993869, 193, 145, 256, 176
-0.993879, 9, 125, 40, 156
-0.993885, 329, 109, 360, 140
-0.993891, 185, 73, 216, 104
-0.993894, 69, 169, 100, 200
-0.993901, 221, 161, 252, 192
-0.993908, 217, 217, 248, 248
-0.993909, 405, 157, 436, 188
-0.99391, 293, 205, 324, 236
-0.993918, 73, 181, 136, 212
-0.993922, 425, 153, 456, 184
-0.993927, 65, 169, 192, 200
-0.993932, 33, 137, 64, 168
-0.993935, 97, 177, 128, 304
-0.993939, 333, 125, 364, 156
-0.993939, 185, 225, 216, 256
-0.99394, 33, 141, 96, 172
-0.993941, 73, 157, 104, 188
-0.993947, 169, 229, 232, 260
-0.993952, 129, 173, 160, 204
-0.99397, 273, 221, 336, 252
-0.993971, 169, 161, 200, 192
-0.993973, 33, 65, 160, 192
-0.993975, 145, 153, 208, 184
-0.993979, 165, 205, 196, 236
-0.993979, 281, 221, 312, 252
-0.993987, 281, 157, 312, 188
-0.993993, 85, 149, 116, 180
-0.994007, 205, 181, 236, 212
-0.994013, 301, 193, 332, 224
-0.994015, 373, 157, 404, 188
-0.994018, 349, 177, 380, 304
-0.994019, 129, 145, 160, 176
-0.994025, 201, 85, 232, 116
-0.994027, 397, 145, 428, 176
-0.994035, 161, 169, 288, 200
-0.994035, 101, 181, 132, 212
-0.994036, 461, 85, 492, 116
-0.994045, 137, 141, 200, 172
-0.994051, 229, 221, 260, 252
-0.994065, 149, 177, 180, 208
-0.994094, 233, 73, 264, 104
-0.994142, 409, 109, 440, 140
-0.99417, 109, 137, 140, 168
-0.994171, 129, 105, 384, 168
-0.994172, 265, 69, 328, 100
-0.994175, 145, 225, 208, 288
-0.994183, 241, 165, 272, 196
-0.994186, 65, 157, 192, 188
-0.994205, 401, 133, 432, 164
-0.994207, 253, 173, 284, 204
-0.994209, 213, 145, 244, 176
-0.994215, 137, 73, 200, 104
-0.994215, 289, 197, 352, 228
-0.994216, 353, 189, 384, 220
-0.994218, 385, 145, 416, 176
-0.994231, 133, 177, 164, 304
-0.994231, 249, 145, 280, 176
-0.994236, 437, 149, 468, 180
-0.994245, 373, 193, 404, 224
-0.994251, 265, 233, 296, 264
-0.994255, 325, 93, 356, 124
-0.994261, 289, 125, 352, 156
-0.994265, 153, 141, 184, 172
-0.994272, 301, 97, 332, 128
-0.994276, 193, 161, 224, 192
-0.994276, 437, 97, 468, 128
-0.994298, 365, 117, 396, 148
-0.994299, 113, 121, 240, 184
-0.994307, 437, 161, 468, 192
-0.994311, 297, 69, 328, 100
-0.994333, 217, 205, 248, 236
-0.994336, 241, 189, 272, 220
-0.994338, 181, 145, 212, 176
-0.994408, 273, 49, 304, 176
-0.99443, 113, 1, 176, 333
-0.994513, 369, 193, 432, 256
-0.994517, 241, 189, 304, 220
-0.99455, 241, 213, 304, 244
-0.994577, 375, 73, 390, 136
-0.994587, 193, 81, 320, 112
-0.994631, 153, 177, 184, 304
-0.994652, 289, 185, 416, 216
-0.994673, 335, 105, 350, 168
-0.994703, 137, 213, 200, 244
-0.994705, 241, 101, 368, 132
-0.994712, 201, 81, 232, 208
-0.994714, 145, 157, 272, 188
-0.994747, 233, 141, 296, 172
-0.994768, 377, 185, 440, 216
-0.994772, 89, 1, 152, 333
-0.994798, 385, 109, 448, 140
-0.994807, 241, 173, 368, 204
-0.994812, 1, 125, 64, 156
-0.994824, 345, 125, 408, 156
-0.994866, 329, 145, 360, 272
-0.994916, 177, 89, 240, 152
-0.994917, 269, 209, 300, 333
-0.994951, 161, 213, 288, 244
-0.994952, 25, 105, 88, 168
-0.994954, 281, 209, 344, 240
-0.994992, 273, 77, 400, 108
-0.995008, 321, 101, 448, 132
-0.995008, 321, 193, 384, 256
-0.995022, 65, 193, 192, 320
-0.995031, 319, 129, 334, 192
-0.995043, 321, 81, 336, 144
-0.995141, 321, 161, 448, 192
-0.995161, 405, 137, 420, 200
-0.995168, 129, 201, 384, 264
-0.995185, 107, 145, 122, 208
-0.995197, 161, 145, 288, 176
-0.995208, 345, 129, 360, 192
-0.995225, 309, 153, 324, 216
-0.99524, 273, 33, 336, 96
-0.99524, 425, 121, 488, 184
-0.995251, 353, 73, 416, 104
-0.995276, 193, 197, 320, 228
-0.995285, 241, 1, 304, 128
-0.995285, 343, 89, 358, 152
-0.995314, 9, 169, 72, 200
-0.995319, 395, 169, 410, 232
-0.99533, 49, 161, 80, 288
-0.995358, 145, 185, 272, 216
-0.995395, 351, 129, 366, 192
-0.995446, 225, 65, 240, 128
-0.995448, 41, 177, 104, 208
-0.995471, 209, 137, 224, 200
-0.995513, 17, 169, 144, 200
-0.99553, 49, 145, 176, 176
-0.995561, 367, 113, 382, 176
-0.995592, 285, 49, 316, 176
-0.99562, 289, 149, 416, 180
-0.995627, 213, 193, 244, 320
-0.995628, 85, 137, 100, 200
-0.995635, 57, 1, 120, 333
-0.995635, 271, 73, 286, 136
-0.995636, 129, 129, 384, 192
-0.995643, 315, 153, 330, 216
-0.995643, 75, 137, 90, 200
-0.995652, 289, 121, 416, 152
-0.995653, 101, 145, 116, 208
-0.995708, 37, 97, 68, 224
-0.995721, 369, 81, 384, 144
-0.99575, 361, 89, 376, 152
-0.995755, 287, 81, 302, 144
-0.995766, 415, 89, 430, 152
-0.99579, 295, 153, 310, 216
-0.995805, 385, 65, 448, 320
-0.995855, 359, 129, 374, 192
-0.995867, 337, 77, 464, 108
-0.995874, 413, 153, 428, 216
-0.995875, 281, 81, 296, 144
-0.995886, 423, 145, 438, 208
-0.995889, 401, 177, 464, 304
-0.995894, 97, 129, 160, 160
-0.995906, 81, 181, 208, 212
-0.995909, 327, 81, 342, 144
-0.995915, 327, 113, 342, 176
-0.995921, 353, 41, 416, 104
-0.995931, 1, 105, 500, 168
-0.995952, 399, 145, 414, 208
-0.995971, 241, 165, 304, 196
-0.995973, 1, 141, 128, 172
-0.995994, 225, 145, 240, 208
-0.995999, 193, 185, 320, 216
-0.99601, 113, 77, 240, 108
-0.996047, 241, 201, 304, 232
-0.99605, 381, 81, 396, 144
-0.996065, 193, 225, 320, 256
-0.996091, 413, 129, 444, 256
-0.996091, 61, 129, 76, 192
-0.996093, 265, 113, 328, 144
-0.996107, 95, 137, 110, 200
-0.996149, 315, 89, 330, 152
-0.996183, 329, 145, 344, 208
-0.99619, 49, 145, 64, 208
-0.996202, 185, 89, 248, 120
-0.996211, 231, 73, 246, 136
-0.996212, 1, 185, 256, 248
-0.996223, 241, 193, 256, 256
-0.996234, 219, 153, 234, 216
-0.996267, 337, 149, 464, 180
-0.996281, 33, 129, 96, 160
-0.996284, 31, 129, 46, 192
-0.996286, 295, 209, 310, 272
-0.996292, 117, 129, 132, 192
-0.996296, 185, 201, 200, 264
-0.996312, 301, 145, 316, 208
-0.996319, 369, 97, 496, 128
-0.996352, 225, 201, 480, 264
-0.996356, 217, 197, 280, 228
-0.996367, 375, 97, 390, 160
-0.996382, 257, 73, 272, 136
-0.99639, 337, 177, 464, 208
-0.996397, 355, 81, 370, 144
-0.9964, 393, 129, 456, 160
-0.996407, 65, 125, 128, 156
-0.996419, 21, 121, 36, 184
-0.99642, 265, 145, 280, 208
-0.996437, 193, 157, 320, 188
-0.996494, 339, 129, 354, 192
-0.996494, 347, 153, 362, 216
-0.996496, 247, 185, 262, 248
-0.996498, 89, 161, 104, 224
-0.996504, 387, 81, 402, 144
-0.996514, 113, 161, 128, 224
-0.996522, 435, 73, 450, 136
-0.996522, 39, 137, 54, 200
-0.996527, 177, 1, 240, 333
-0.996534, 321, 153, 336, 216
-0.996539, 217, 101, 280, 132
-0.996543, 205, 185, 220, 248
-0.996548, 145, 197, 272, 228
-0.996552, 193, 93, 320, 124
-0.996557, 251, 145, 266, 208
-0.996597, 289, 65, 352, 96
-0.99661, 193, 209, 208, 272
-0.996658, 369, 133, 432, 164
-0.996674, 363, 65, 378, 128
-0.996675, 249, 33, 280, 160
-0.996688, 433, 145, 448, 208
-0.996688, 171, 193, 186, 256
-0.996689, 389, 145, 404, 208
-0.996689, 213, 177, 228, 240
-0.996693, 285, 225, 300, 288
-0.996696, 41, 185, 104, 248
-0.996697, 205, 217, 220, 280
-0.996698, 9, 129, 24, 192
-0.996705, 143, 161, 158, 224
-0.996714, 389, 169, 404, 232
-0.996722, 413, 33, 444, 160
-0.99673, 95, 161, 110, 224
-0.996734, 241, 145, 256, 208
-0.99674, 69, 137, 84, 200
-0.996761, 163, 161, 178, 224
-0.996768, 203, 145, 218, 208
-0.996786, 113, 141, 240, 172
-0.996798, 119, 153, 134, 216
-0.9968, 317, 177, 332, 240
-0.996814, 429, 73, 444, 136
-0.996815, 349, 89, 364, 152
-0.996825, 383, 153, 398, 216
-0.996839, 139, 137, 154, 200
-0.996856, 439, 145, 454, 208
-0.996871, 313, 65, 376, 96
-0.996878, 235, 193, 250, 256
-0.996879, 259, 145, 274, 208
-0.996894, 129, 145, 144, 208
-0.996897, 169, 65, 232, 96
-0.996905, 217, 65, 280, 96
-0.99691, 173, 161, 188, 224
-0.996919, 289, 153, 304, 216
-0.996929, 225, 177, 288, 208
-0.996938, 163, 137, 178, 200
-0.996961, 253, 177, 268, 240
-0.996971, 107, 169, 122, 232
-0.996973, 237, 73, 252, 136
-0.996983, 411, 113, 426, 176
-0.997011, 235, 145, 250, 208
-0.997019, 225, 57, 480, 120
-0.997021, 155, 137, 170, 200
-0.997021, 355, 153, 370, 216
-0.997041, 1, 129, 16, 192
-0.997047, 305, 193, 320, 256
-0.997081, 445, 145, 460, 208
-0.997089, 335, 153, 350, 216
-0.997091, 281, 153, 296, 216
-0.997093, 311, 185, 326, 248
-0.997097, 113, 73, 176, 104
-0.9971, 55, 153, 70, 216
-0.997123, 1, 169, 64, 232
-0.997128, 179, 193, 194, 256
-0.997139, 199, 209, 214, 272
-0.997146, 377, 153, 392, 216
-0.997149, 149, 161, 164, 224
-0.99715, 97, 205, 224, 236
-0.997155, 321, 105, 336, 168
-0.997156, 137, 61, 200, 92
-0.997156, 193, 61, 256, 92
-0.99716, 341, 153, 356, 216
-0.997181, 123, 129, 138, 192
-0.997192, 261, 225, 276, 288
-0.997193, 265, 73, 280, 136
-0.997216, 1, 17, 256, 144
-0.997219, 193, 69, 320, 100
-0.997229, 273, 145, 288, 208
-0.997241, 33, 1, 96, 333
-0.997244, 145, 65, 208, 128
-0.997259, 241, 145, 368, 176
-0.997262, 381, 49, 412, 176
-0.997266, 161, 33, 288, 160
-0.997269, 297, 73, 312, 136
-0.997286, 407, 161, 422, 224
-0.997297, 337, 81, 352, 144
-0.997297, 293, 211, 324, 226
-0.997298, 85, 151, 116, 166
-0.997303, 73, 113, 104, 240
-0.997304, 373, 83, 404, 98
-0.99731, 245, 105, 276, 120
-0.99731, 409, 113, 440, 128
-0.997313, 361, 159, 392, 174
-0.997316, 289, 159, 320, 174
-0.997316, 301, 201, 332, 216
-0.997319, 353, 81, 384, 96
-0.99732, 405, 169, 436, 184
-0.99732, 453, 145, 468, 208
-0.997331, 281, 185, 344, 216
-0.997343, 349, 33, 380, 288
-0.997348, 423, 81, 438, 144
-0.997357, 357, 193, 388, 208
-0.997361, 273, 169, 336, 200
-0.997365, 141, 157, 172, 172
-0.997367, 205, 181, 236, 196
-0.997377, 197, 227, 228, 242
-0.99738, 233, 225, 264, 240
-0.997384, 399, 89, 414, 152
-0.997388, 83, 169, 98, 232
-0.997394, 1, 121, 256, 184
-0.997399, 129, 49, 256, 112
-0.997403, 313, 129, 328, 192
-0.99741, 197, 143, 228, 158
-0.997412, 389, 91, 420, 106
-0.997412, 209, 77, 240, 92
-0.997415, 265, 233, 296, 248
-0.997418, 185, 231, 216, 246
-0.997418, 309, 95, 340, 110
-0.997418, 221, 85, 252, 100
-0.997419, 321, 83, 352, 98
-0.997425, 273, 81, 304, 96
-0.997429, 297, 79, 328, 94
-0.997431, 87, 161, 102, 192
-0.997431, 141, 73, 172, 88
-0.997433, 49, 113, 176, 176
-0.997445, 349, 129, 380, 144
-0.997449, 401, 87, 432, 102
-0.997451, 197, 145, 212, 208
-0.997454, 55, 129, 70, 192
-0.997456, 177, 77, 208, 92
-0.997465, 43, 161, 58, 224
-0.997469, 401, 169, 416, 232
-0.997477, 393, 73, 456, 104
-0.997477, 133, 169, 148, 232
-0.997482, 129, 157, 160, 172
-0.997483, 93, 181, 124, 196
-0.997486, 217, 169, 248, 184
-0.997488, 357, 89, 388, 104
-0.997488, 129, 225, 384, 288
-0.99749, 221, 223, 252, 238
-0.997493, 321, 149, 352, 164
-0.997493, 221, 157, 252, 172
-0.997495, 389, 171, 420, 186
-0.997499, 293, 85, 324, 100
-0.9975, 109, 159, 140, 174
-0.997503, 405, 161, 436, 176
-0.997514, 377, 101, 408, 116
-0.997517, 245, 73, 260, 136
-0.997518, 393, 81, 408, 144
-0.997518, 317, 179, 348, 194
-0.997523, 173, 223, 204, 238
-0.997528, 273, 201, 400, 232
-0.997528, 389, 109, 420, 124
-0.99753, 1, 145, 32, 272
-0.997531, 137, 225, 200, 256
-0.997535, 17, 165, 48, 180
-0.997538, 313, 101, 344, 116
-0.997541, 209, 175, 240, 190
-0.997543, 145, 185, 176, 200
-0.997544, 169, 133, 232, 164
-0.997562, 309, 157, 340, 172
-0.997569, 121, 161, 136, 192
-0.997572, 25, 147, 56, 162
-0.997585, 105, 165, 120, 196
-0.997598, 297, 99, 328, 114
-0.997599, 241, 113, 368, 144
-0.9976, 269, 93, 284, 124
-0.997607, 337, 129, 368, 144
-0.99761, 5, 149, 36, 164
-0.99761, 161, 75, 192, 90
-0.997623, 193, 77, 224, 92
-0.997625, 369, 165, 400, 180
-0.997632, 317, 121, 348, 136
-0.997645, 249, 33, 312, 96
-0.997645, 429, 87, 460, 102
-0.997646, 37, 149, 68, 164
-0.997668, 257, 105, 288, 120
-0.997669, 417, 73, 480, 104
-0.997676, 353, 177, 384, 192
-0.997676, 433, 141, 496, 172
-0.997681, 375, 101, 390, 132
-0.997682, 277, 101, 308, 116
-0.997687, 281, 227, 312, 242
-0.997694, 45, 165, 76, 180
-0.997697, 377, 175, 408, 190
-0.997701, 1, 1, 64, 333
-0.997703, 265, 125, 328, 156
-0.997705, 369, 161, 496, 192
-0.997707, 337, 113, 464, 144
-0.99771, 113, 65, 176, 128
-0.997711, 53, 135, 84, 150
-0.997714, 253, 89, 284, 104
-0.997723, 125, 173, 156, 188
-0.997734, 145, 225, 272, 256
-0.997735, 125, 179, 156, 194
-0.997736, 81, 173, 112, 188
-0.997737, 241, 213, 368, 244
-0.99775, 233, 33, 264, 160
-0.997781, 25, 157, 56, 172
-0.997783, 397, 177, 412, 208
-0.997785, 289, 65, 320, 320
-0.99779, 221, 79, 252, 94
-0.997792, 401, 141, 464, 172
-0.997794, 57, 149, 88, 164
-0.997803, 321, 89, 352, 104
-0.997807, 121, 125, 184, 156
-0.997819, 405, 105, 436, 120
-0.997819, 279, 81, 294, 112
-0.997829, 385, 169, 400, 200
-0.997831, 241, 95, 272, 110
-0.997839, 265, 65, 296, 320
-0.997841, 357, 169, 372, 200
-0.997844, 369, 113, 400, 128
-0.997848, 255, 93, 270, 124
-0.997855, 25, 117, 88, 148
-0.997862, 319, 93, 334, 124
-0.997864, 241, 185, 368, 216
-0.997876, 93, 161, 108, 192
-0.997878, 195, 213, 210, 244
-0.997881, 205, 85, 236, 100
-0.997883, 153, 157, 184, 172
-0.997887, 409, 175, 440, 190
-0.997887, 389, 103, 420, 118
-0.997892, 193, 215, 224, 230
-0.997902, 49, 165, 64, 196
-0.997903, 385, 49, 448, 112
-0.997909, 371, 81, 386, 112
-0.997917, 225, 73, 240, 104
-0.99792, 173, 65, 204, 320
-0.99792, 381, 89, 396, 120
-0.997922, 401, 89, 416, 120
-0.997923, 197, 161, 228, 176
-0.997928, 273, 87, 304, 102
-0.997932, 287, 93, 302, 124
-0.997934, 73, 155, 104, 170
-0.997935, 97, 155, 128, 170
-0.997939, 147, 169, 162, 200
-0.997943, 219, 165, 234, 196
-0.997951, 337, 189, 464, 220
-0.997966, 425, 167, 456, 182
-0.997981, 261, 161, 292, 176
-0.997984, 305, 53, 368, 84
-0.997989, 321, 127, 352, 142
-0.997999, 345, 91, 376, 106
-0.998003, 111, 169, 126, 200
-0.998015, 33, 73, 288, 136
-0.998017, 369, 89, 400, 104
-0.998023, 405, 137, 420, 168
-0.998026, 173, 213, 204, 228
-0.998028, 277, 65, 308, 320
-0.998031, 391, 97, 406, 128
-0.99806, 415, 89, 430, 120
-0.99806, 287, 81, 302, 112
-0.998071, 33, 169, 64, 184
-0.998073, 315, 153, 330, 184
-0.998078, 221, 163, 252, 178
-0.998083, 27, 153, 42, 184
-0.998085, 145, 171, 176, 186
-0.998095, 111, 157, 126, 188
-0.998106, 221, 93, 252, 108
-0.998118, 25, 133, 40, 164
-0.998119, 361, 171, 392, 186
-0.99812, 429, 97, 444, 128
-0.998121, 177, 207, 208, 222
-0.998129, 285, 225, 300, 256
-0.998129, 245, 227, 276, 242
-0.998132, 75, 153, 90, 184
-0.998151, 393, 85, 408, 116
-0.998162, 441, 97, 472, 112
-0.998173, 297, 205, 312, 236
-0.998174, 235, 81, 250, 112
-0.99818, 155, 157, 170, 188
-0.99818, 347, 169, 362, 200
-0.99819, 187, 217, 202, 248
-0.998191, 319, 177, 334, 208
-0.998194, 321, 149, 336, 180
-0.998203, 1, 169, 500, 232
-0.998205, 55, 157, 70, 188
-0.998208, 113, 179, 144, 194
-0.998209, 413, 173, 428, 204
-0.99821, 389, 157, 404, 188
-0.998211, 393, 177, 424, 192
-0.998211, 321, 193, 384, 224
-0.998212, 329, 171, 360, 186
-0.998212, 361, 65, 392, 320
-0.998215, 353, 137, 480, 168
-0.998217, 81, 169, 96, 200
-0.998218, 213, 145, 228, 176
-0.998222, 183, 205, 198, 236
-0.998222, 185, 223, 216, 238
-0.998227, 217, 77, 232, 108
-0.998231, 97, 193, 224, 224
-0.998234, 429, 129, 460, 256
-0.998235, 289, 91, 320, 106
-0.998242, 163, 161, 178, 192
-0.998245, 333, 109, 348, 140
-0.998246, 1, 129, 128, 160
-0.998246, 241, 161, 272, 176
-0.998247, 307, 189, 322, 220
-0.99825, 257, 133, 384, 164
-0.998254, 311, 97, 326, 128
-0.998261, 325, 89, 340, 120
-0.998261, 1, 81, 500, 144
-0.998268, 253, 65, 284, 320
-0.998274, 145, 89, 272, 120
-0.998284, 309, 157, 324, 188
-0.998287, 241, 109, 304, 140
-0.998288, 273, 81, 288, 112
-0.998289, 437, 85, 452, 116
-0.99829, 257, 81, 272, 112
-0.99829, 99, 169, 114, 200
-0.998291, 135, 161, 150, 192
-0.998292, 365, 89, 380, 120
-0.998292, 213, 173, 228, 204
-0.998293, 425, 177, 488, 304
-0.998296, 209, 223, 240, 238
-0.998296, 425, 103, 456, 118
-0.998299, 355, 81, 370, 208
-0.998302, 223, 89, 238, 120
-0.998311, 369, 107, 400, 122
-0.998314, 347, 85, 362, 116
-0.998324, 193, 133, 256, 164
-0.998328, 347, 157, 362, 188
-0.99833, 313, 181, 328, 212
-0.99833, 363, 97, 378, 224
-0.998335, 33, 181, 160, 212
-0.998338, 141, 173, 156, 204
-0.99834, 21, 121, 36, 152
-0.998345, 189, 33, 220, 288
-0.99835, 301, 1, 332, 256
-0.998353, 49, 133, 176, 164
-0.998353, 347, 81, 362, 208
-0.998356, 61, 153, 76, 184
-0.998357, 357, 149, 372, 180
-0.99836, 171, 197, 186, 228
-0.998362, 265, 153, 280, 184
-0.998363, 267, 81, 282, 112
-0.998363, 381, 101, 396, 132
-0.998365, 313, 41, 376, 72
-0.998367, 265, 57, 328, 88
-0.998372, 313, 17, 376, 80
-0.998383, 177, 217, 192, 248
-0.998386, 119, 137, 134, 168
-0.998387, 317, 65, 348, 320
-0.998393, 431, 161, 446, 192
-0.998395, 39, 153, 54, 184
-0.998395, 129, 173, 144, 204
-0.998397, 409, 85, 424, 116
-0.9984, 209, 163, 272, 178
-0.9984, 251, 153, 266, 184
-0.998404, 57, 133, 72, 164
-0.998406, 247, 77, 262, 108
-0.998409, 321, 129, 336, 160
-0.998416, 9, 149, 24, 180
-0.998419, 359, 129, 374, 160
-0.998419, 207, 177, 222, 208
-0.998421, 49, 159, 112, 174
-0.998422, 153, 81, 184, 208
-0.998424, 209, 217, 224, 248
-0.998428, 13, 137, 28, 168
-0.998429, 365, 145, 380, 176
-0.998433, 259, 225, 274, 256
-0.998436, 345, 171, 408, 186
-0.998437, 377, 97, 440, 112
-0.998439, 427, 81, 442, 112
-0.998442, 193, 225, 208, 256
-0.998448, 345, 177, 408, 192
-0.998448, 129, 81, 160, 208
-0.998451, 447, 85, 462, 116
-0.998451, 63, 129, 78, 160
-0.998452, 433, 169, 496, 232
-0.998452, 249, 95, 312, 110
-0.998453, 207, 141, 222, 172
-0.998454, 297, 25, 360, 56
-0.998458, 37, 155, 68, 170
-0.99846, 81, 167, 144, 182
-0.998463, 361, 103, 424, 118
-0.998464, 337, 91, 400, 106
-0.998466, 313, 171, 376, 186
-0.998467, 81, 161, 144, 176
-0.99847, 201, 223, 264, 238
-0.998471, 217, 91, 280, 106
-0.998479, 169, 167, 232, 182
-0.998479, 419, 165, 434, 196
-0.998481, 305, 185, 368, 200
-0.998482, 327, 169, 342, 200
-0.998484, 201, 213, 216, 244
-0.998486, 281, 91, 344, 106
-0.998486, 13, 159, 44, 174
-0.998487, 263, 93, 278, 124
-0.998489, 9, 157, 72, 172
-0.998489, 417, 1, 480, 333
-0.99849, 81, 153, 96, 184
-0.998492, 281, 85, 344, 100
-0.998494, 297, 97, 360, 112
-0.998495, 209, 171, 272, 186
-0.998497, 37, 165, 52, 196
-0.998498, 121, 167, 184, 182
-0.998499, 169, 161, 232, 176
-0.998499, 399, 145, 414, 176
-0.998502, 241, 83, 304, 98
-0.998504, 327, 121, 342, 152
-0.998506, 281, 97, 296, 128
-0.998506, 97, 149, 112, 180
-0.998508, 313, 121, 376, 136
-0.998508, 49, 151, 112, 166
-0.99851, 47, 153, 62, 184
-0.99851, 345, 183, 408, 198
-0.998511, 41, 165, 104, 180
-0.998512, 129, 163, 160, 178
-0.998512, 241, 77, 256, 108
-0.998513, 377, 169, 440, 184
-0.998514, 419, 101, 434, 132
-0.998516, 341, 169, 372, 184
-0.998516, 425, 165, 440, 196
-0.998519, 417, 167, 480, 182
-0.998519, 319, 81, 334, 112
-0.99852, 361, 87, 424, 102
-0.998521, 401, 93, 464, 108
-0.998525, 387, 85, 402, 116
-0.998526, 169, 221, 232, 236
-0.998527, 361, 109, 424, 124
-0.998527, 313, 129, 376, 144
-0.998528, 189, 73, 204, 104
-0.99853, 305, 179, 368, 194
-0.99853, 17, 161, 48, 288
-0.998531, 385, 175, 448, 190
-0.998531, 321, 111, 384, 126
-0.998533, 249, 161, 312, 176
-0.998533, 409, 93, 440, 108
-0.998534, 241, 89, 304, 104
-0.998534, 229, 89, 244, 120
-0.998534, 105, 161, 168, 176
-0.998535, 209, 157, 272, 172
-0.998535, 145, 165, 208, 180
-0.998536, 97, 181, 160, 196
-0.998536, 201, 181, 264, 196
-0.998536, 379, 149, 394, 180
-0.998538, 105, 173, 168, 188
-0.998539, 437, 153, 452, 184
-0.99854, 217, 85, 280, 100
-0.998541, 9, 151, 72, 166
-0.998543, 1, 163, 64, 178
-0.998543, 401, 99, 464, 114
-0.998544, 81, 155, 144, 170
-0.998547, 115, 125, 130, 156
-0.998547, 433, 97, 496, 112
-0.99855, 295, 85, 310, 116
-0.998552, 161, 177, 224, 192
-0.998552, 113, 181, 128, 212
-0.998552, 329, 105, 392, 120
-0.998553, 409, 105, 424, 136
-0.998554, 107, 181, 122, 212
-0.998555, 335, 125, 350, 156
-0.998556, 65, 173, 128, 188
-0.998557, 371, 113, 386, 144
-0.998558, 273, 65, 400, 96
-0.998558, 161, 183, 224, 198
-0.998559, 105, 155, 168, 170
-0.998559, 377, 161, 440, 176
-0.998559, 249, 101, 312, 116
-0.998559, 321, 97, 384, 112
-0.99856, 419, 153, 434, 184
-0.99856, 225, 225, 288, 240
-0.998561, 137, 157, 200, 172
-0.998563, 425, 97, 456, 112
-0.998564, 193, 77, 256, 92
-0.998565, 169, 83, 232, 98
-0.998567, 401, 105, 464, 120
-0.998568, 305, 91, 368, 106
-0.998569, 145, 75, 208, 90
-0.99857, 305, 85, 368, 100
-0.998572, 105, 153, 120, 184
-0.998573, 289, 103, 352, 118
-0.998573, 135, 177, 150, 208
-0.998575, 43, 165, 58, 196
-0.998576, 15, 149, 30, 180
-0.998576, 61, 157, 92, 172
-0.998577, 353, 129, 368, 160
-0.998577, 297, 159, 360, 174
-0.998577, 129, 173, 192, 188
-0.998578, 345, 129, 360, 160
-0.998578, 337, 165, 400, 180
-0.998579, 193, 87, 256, 102
-0.998579, 185, 215, 248, 230
-0.99858, 295, 153, 310, 184
-0.998581, 129, 183, 192, 198
-0.998581, 129, 57, 384, 120
-0.998582, 401, 87, 464, 102
-0.998584, 305, 151, 368, 166
-0.998587, 161, 191, 224, 206
-0.998587, 169, 75, 232, 90
-0.998589, 193, 187, 256, 202
-0.998589, 273, 159, 336, 174
-0.99859, 161, 205, 224, 220
-0.998591, 385, 111, 448, 126
-0.998591, 309, 145, 324, 272
-0.998593, 121, 75, 184, 90
-0.998593, 145, 223, 208, 238
-0.998594, 273, 125, 336, 140
-0.998594, 353, 125, 416, 140
-0.998595, 241, 219, 304, 234
-0.998596, 209, 97, 272, 112
-0.998597, 161, 215, 224, 230
-0.9986, 273, 227, 336, 242
-0.998601, 9, 145, 72, 160
-0.998603, 9, 169, 72, 184
-0.998606, 273, 97, 336, 112
-0.998607, 129, 189, 192, 204
-0.998607, 25, 137, 88, 152
-0.998607, 425, 87, 488, 102
-0.998607, 345, 193, 408, 208
-0.998608, 417, 159, 480, 174
-0.998608, 161, 197, 224, 212
-0.998611, 65, 179, 128, 194
-0.998611, 117, 65, 148, 320
-0.998612, 193, 197, 256, 212
-0.998613, 281, 79, 344, 94
-0.998613, 329, 159, 392, 174
-0.998613, 177, 231, 240, 246
-0.998614, 377, 189, 440, 204
-0.998614, 41, 179, 104, 194
-0.998615, 249, 155, 312, 170
-0.998615, 249, 229, 312, 244
-0.998615, 121, 143, 184, 158
-0.998617, 361, 115, 424, 130
-0.998617, 329, 83, 392, 98
-0.998618, 281, 119, 344, 134
-0.99862, 337, 33, 368, 288
-0.99862, 73, 185, 136, 200
-0.998622, 161, 155, 224, 170
-0.998622, 145, 81, 208, 96
-0.998624, 225, 147, 288, 162
-0.998625, 289, 207, 352, 222
-0.998628, 289, 109, 352, 124
-0.998628, 409, 173, 472, 188
-0.99863, 313, 165, 376, 180
-0.99863, 185, 203, 248, 218
-0.998631, 297, 195, 360, 210
-0.998632, 225, 103, 288, 118
-0.998632, 109, 165, 140, 180
-0.998636, 353, 159, 416, 174
-0.998637, 249, 167, 312, 182
-0.998638, 305, 133, 432, 164
-0.998639, 73, 149, 136, 164
-0.99864, 281, 221, 344, 236
-0.99864, 177, 145, 240, 160
-0.99864, 49, 137, 112, 152
-0.998641, 345, 147, 408, 162
-0.99865, 193, 105, 320, 136
-0.998652, 97, 65, 128, 320
-0.998684, 369, 97, 384, 224
-0.998688, 297, 193, 360, 320
-0.998694, 357, 129, 372, 256
-0.998695, 209, 133, 336, 164
-0.998706, 141, 65, 172, 320
-0.998717, 85, 167, 116, 182
-0.99874, 97, 169, 128, 184
-0.998745, 241, 33, 272, 288
-0.998747, 205, 33, 236, 288
-0.998753, 129, 65, 256, 96
-0.998769, 321, 95, 352, 110
-0.998776, 161, 65, 192, 320
-0.998788, 33, 65, 64, 320
-0.998854, 299, 145, 314, 272
-0.998854, 85, 65, 116, 320
-0.998859, 277, 95, 308, 110
-0.998862, 97, 217, 224, 248
-0.998874, 113, 173, 144, 188
-0.998877, 265, 99, 296, 114
-0.998895, 341, 81, 356, 208
-0.998902, 33, 65, 96, 192
-0.998913, 261, 145, 276, 272
-0.998922, 53, 65, 84, 320
-0.998924, 251, 177, 266, 304
-0.99893, 177, 33, 240, 96
-0.99894, 301, 1, 332, 128
-0.998944, 369, 33, 496, 160
-0.998946, 97, 81, 128, 208
-0.998967, 375, 65, 390, 192
-0.998982, 319, 97, 334, 224
-0.998994, 229, 65, 260, 320
-0.999, 253, 95, 284, 110
-0.999004, 265, 93, 296, 108
-0.999027, 289, 145, 304, 272
-0.999034, 373, 33, 404, 288
-0.999042, 97, 129, 224, 160
-0.99908, 377, 145, 392, 272
-0.999106, 93, 161, 124, 176
-0.999107, 233, 89, 264, 104
-0.999109, 33, 209, 288, 272
-0.999113, 383, 97, 398, 224
-0.999113, 201, 41, 264, 104
-0.999117, 41, 129, 56, 256
-0.99914, 383, 145, 398, 272
-0.999161, 245, 177, 260, 304
-0.999172, 351, 129, 366, 256
-0.999183, 21, 65, 52, 320
-0.999188, 73, 65, 104, 320
-0.999189, 261, 33, 292, 160
-0.999208, 113, 177, 144, 304
-0.999223, 363, 145, 378, 272
-0.999244, 47, 129, 62, 256
-0.999251, 277, 145, 292, 272
-0.999254, 371, 145, 386, 272
-0.999254, 267, 145, 282, 272
-0.999255, 241, 225, 368, 256
-0.999259, 149, 165, 180, 180
-0.999263, 213, 145, 228, 272
-0.999267, 271, 65, 286, 192
-0.999273, 109, 129, 124, 256
-0.999275, 119, 129, 134, 256
-0.999278, 217, 33, 248, 288
-0.999281, 283, 145, 298, 272
-0.999284, 5, 65, 36, 320
-0.999288, 143, 129, 158, 256
-0.999292, 259, 81, 274, 208
-0.999303, 335, 97, 350, 224
-0.999314, 117, 81, 148, 208
-0.999319, 317, 17, 348, 144
-0.999319, 173, 145, 188, 272
-0.99932, 161, 133, 288, 164
-0.99932, 169, 33, 232, 160
-0.99932, 97, 129, 112, 256
-0.999325, 361, 49, 376, 176
-0.999334, 395, 129, 410, 256
-0.999338, 81, 65, 208, 96
-0.999342, 345, 129, 360, 256
-0.999347, 73, 97, 136, 160
-0.999382, 53, 129, 68, 256
-0.999383, 315, 145, 330, 272
-0.999393, 277, 81, 292, 208
-0.9994, 433, 81, 448, 208
-0.999402, 133, 129, 148, 256
-0.999413, 103, 129, 118, 256
-0.999416, 249, 81, 264, 208
-0.99946, 29, 113, 44, 240
-0.999485, 49, 121, 176, 152
-0.999489, 61, 113, 76, 240
-0.999501, 255, 129, 270, 256
-0.999502, 201, 177, 216, 304
-0.999512, 249, 129, 264, 256
-0.999528, 221, 145, 236, 272
-0.999534, 187, 177, 202, 304
-0.999538, 225, 65, 240, 192
-0.999545, 239, 161, 254, 288
-0.999555, 389, 145, 404, 272
-0.999557, 389, 97, 420, 112
-0.999563, 265, 81, 280, 208
-0.999574, 389, 193, 404, 208
-0.999575, 359, 193, 374, 208
-0.999575, 113, 153, 128, 168
-0.999575, 149, 129, 164, 256
-0.999575, 343, 129, 358, 144
-0.999576, 247, 225, 262, 240
-0.999576, 249, 89, 264, 104
-0.999576, 107, 183, 122, 198
-0.999578, 117, 137, 132, 152
-0.999578, 379, 99, 394, 114
-0.999578, 335, 127, 350, 142
-0.999579, 57, 149, 72, 164
-0.99958, 389, 161, 404, 176
-0.99958, 171, 199, 186, 214
-0.999581, 171, 157, 186, 172
-0.999582, 201, 231, 216, 246
-0.999583, 51, 153, 66, 168
-0.999583, 295, 211, 310, 226
-0.999583, 163, 157, 178, 172
-0.999584, 197, 77, 212, 92
-0.999585, 71, 149, 86, 164
-0.999585, 401, 129, 416, 256
-0.999586, 321, 131, 336, 146
-0.999586, 371, 89, 386, 104
-0.999587, 33, 153, 48, 168
-0.999587, 363, 171, 378, 186
-0.999588, 23, 133, 38, 148
-0.999589, 77, 157, 92, 172
-0.999589, 405, 139, 420, 154
-0.99959, 121, 171, 136, 186
-0.99959, 185, 229, 200, 244
-0.99959, 405, 91, 420, 106
-0.999591, 209, 165, 224, 180
-0.999592, 307, 195, 322, 210
-0.999592, 385, 103, 400, 118
-0.999593, 429, 103, 444, 118
-0.999593, 315, 183, 330, 198
-0.999594, 195, 225, 210, 240
-0.999594, 167, 145, 182, 272
-0.999595, 381, 171, 396, 186
-0.999595, 311, 189, 326, 204
-0.999596, 215, 87, 230, 102
-0.999596, 287, 83, 302, 98
-0.999596, 427, 167, 442, 182
-0.999596, 301, 203, 316, 218
-0.999596, 259, 103, 274, 118
-0.999597, 419, 103, 434, 118
-0.999597, 379, 161, 394, 176
-0.999597, 191, 231, 206, 246
-0.999597, 269, 233, 284, 248
-0.999598, 129, 175, 144, 190
-0.999598, 403, 145, 418, 160
-0.999598, 19, 157, 34, 172
-0.999598, 335, 91, 350, 106
-0.999599, 65, 149, 80, 164
-0.9996, 281, 99, 296, 114
-0.9996, 263, 159, 278, 174
-0.999601, 103, 169, 118, 184
-0.999601, 349, 129, 364, 144
-0.999601, 83, 155, 98, 170
-0.999601, 177, 223, 192, 238
-0.999602, 209, 143, 224, 158
-0.999602, 319, 89, 334, 104
-0.999602, 319, 101, 334, 116
-0.999602, 327, 93, 342, 108
-0.999604, 195, 209, 210, 333
-0.999604, 225, 95, 240, 110
-0.999604, 327, 173, 342, 188
-0.999604, 225, 87, 240, 102
-0.999606, 347, 91, 362, 106
-0.999607, 157, 157, 172, 172
-0.999607, 201, 129, 216, 256
-0.999608, 265, 101, 280, 116
-0.999611, 215, 223, 230, 238
-0.999611, 257, 89, 272, 104
-0.999611, 197, 211, 212, 226
-0.999613, 115, 181, 130, 196
-0.999615, 283, 81, 298, 208
-0.999615, 145, 171, 160, 186
-0.999616, 139, 181, 154, 196
-0.999617, 187, 223, 202, 238
-0.999619, 27, 151, 42, 166
-0.999622, 163, 165, 178, 180
-0.999622, 375, 83, 390, 98
-0.999623, 233, 91, 248, 106
-0.999623, 39, 169, 54, 184
-0.999624, 367, 49, 382, 176
-0.999624, 297, 193, 312, 320
-0.999624, 285, 209, 300, 333
-0.999624, 61, 133, 76, 148
-0.999624, 95, 159, 110, 174
-0.999625, 421, 169, 436, 184
-0.999625, 279, 89, 294, 104
-0.999625, 63, 155, 78, 170
-0.999625, 219, 169, 234, 184
-0.999625, 435, 93, 450, 108
-0.999626, 55, 161, 70, 176
-0.999626, 347, 171, 362, 186
-0.999627, 211, 177, 226, 192
-0.999627, 329, 129, 344, 256
-0.999628, 321, 83, 336, 98
-0.99963, 445, 97, 460, 112
-0.999632, 319, 95, 334, 110
-0.999633, 413, 175, 428, 190
-0.999633, 225, 161, 240, 176
-0.999633, 321, 125, 336, 140
-0.999634, 139, 175, 154, 190
-0.999634, 411, 99, 426, 114
-0.999635, 409, 99, 440, 114
-0.999636, 243, 89, 258, 104
-0.999636, 311, 97, 326, 112
-0.999637, 321, 177, 336, 192
-0.999638, 391, 99, 406, 114
-0.999638, 313, 97, 328, 224
-0.99964, 397, 177, 412, 192
-0.999641, 47, 167, 62, 182
-0.999642, 257, 227, 272, 242
-0.999643, 387, 175, 402, 190
-0.999645, 293, 91, 308, 106
-0.999645, 213, 159, 228, 174
-0.999645, 83, 173, 98, 188
-0.999645, 357, 175, 372, 190
-0.999646, 1, 217, 500, 280
-0.999646, 153, 165, 168, 180
-0.999648, 111, 161, 126, 176
-0.999648, 327, 127, 342, 142
-0.999648, 369, 33, 400, 160
-0.999649, 401, 97, 416, 112
-0.99965, 415, 93, 430, 108
-0.999653, 253, 163, 268, 178
-0.999653, 355, 167, 370, 182
-0.999653, 35, 145, 50, 272
-0.999655, 129, 65, 160, 320
-0.999657, 91, 165, 106, 180
-0.999661, 209, 225, 224, 240
-0.999663, 125, 129, 140, 256
-0.999666, 109, 171, 124, 186
-0.999672, 285, 227, 300, 242
-0.999674, 321, 49, 336, 176
-0.999681, 427, 97, 442, 112
-0.999685, 173, 193, 188, 320
-0.999686, 23, 113, 38, 240
-0.99969, 259, 209, 274, 333
-0.999691, 413, 81, 428, 208
-0.999693, 25, 157, 40, 172
-0.999693, 287, 95, 302, 110
-0.999694, 193, 145, 208, 272
-0.999697, 85, 167, 100, 182
-0.999704, 255, 95, 270, 110
-0.999714, 157, 129, 172, 256
-0.99972, 179, 145, 194, 272
-0.999727, 269, 95, 284, 110
-0.999727, 289, 97, 304, 224
-0.999731, 185, 129, 200, 256
-0.999733, 379, 105, 394, 120
-0.999735, 387, 169, 402, 184
-0.999737, 407, 97, 422, 224
-0.999738, 441, 129, 472, 256
-0.999767, 295, 65, 310, 192
-0.999767, 243, 49, 258, 176
-0.999775, 207, 145, 222, 272
-0.999776, 389, 65, 420, 320
-0.999788, 243, 97, 258, 224
-0.999791, 119, 165, 134, 180
-0.999821, 179, 193, 194, 320
-0.999832, 257, 225, 384, 288
-0.999832, 231, 49, 246, 176
-0.999833, 227, 145, 242, 272
-0.999837, 67, 113, 82, 240
-0.999844, 237, 49, 252, 176
-0.999846, 219, 81, 234, 208
-0.999851, 307, 97, 322, 224
-0.999852, 335, 49, 350, 176
-0.99986, 389, 97, 404, 224
-0.999861, 209, 193, 224, 320
-0.999868, 329, 81, 344, 208
-0.999897, 91, 145, 106, 272
-0.999901, 11, 129, 26, 256
-0.999921, 311, 17, 326, 144
-0.999922, 233, 177, 248, 304
-0.999931, 213, 81, 228, 208
-0.999938, 291, 193, 306, 320
-0.999948, 367, 1, 382, 128
-0.999951, 113, 177, 128, 304
-0.999962, 265, 209, 280, 333
-0.999981, 233, 129, 248, 256
-0.999988, 355, 33, 370, 160
-0.999994, 355, 177, 370, 304
-1, 419, 97, 434, 224
-1, 303, 193, 318, 320
-1.00001, 279, 209, 294, 333
-1.00001, 321, 145, 336, 272
-1.00002, 139, 177, 154, 304
-1.00003, 301, 97, 316, 224
-1.00004, 425, 33, 456, 288
-1.00004, 273, 209, 288, 333
-1.00005, 439, 97, 454, 224
-1.00006, 1, 117, 128, 148
-1.00007, 425, 65, 440, 192
-1.00008, 215, 193, 230, 320
-1.00008, 321, 193, 384, 320
-1.00009, 97, 177, 112, 304
-1.0001, 401, 33, 432, 288
-1.0001, 349, 33, 364, 160
-1.00015, 17, 113, 32, 240
-1.00015, 381, 49, 396, 176
-1.00018, 413, 33, 444, 288
-1.00019, 43, 81, 58, 208
-1.00019, 107, 177, 122, 304
-1.0002, 145, 41, 208, 104
-1.0002, 167, 193, 182, 320
-1.00022, 5, 129, 20, 256
-1.00023, 33, 61, 160, 92
-1.00025, 409, 177, 472, 240
-1.00027, 343, 33, 358, 160
-1.00027, 257, 33, 272, 160
-1.00027, 35, 97, 50, 224
-1.00027, 413, 129, 428, 256
-1.00028, 193, 1, 256, 128
-1.00028, 85, 129, 100, 256
-1.00028, 437, 1, 468, 256
-1.0003, 339, 145, 354, 272
-1.00034, 369, 65, 496, 96
-1.00049, 353, 17, 416, 80
-1.0005, 193, 57, 320, 88
-1.00052, 449, 65, 480, 320
-1.00054, 465, 65, 496, 320
-1.00058, 97, 117, 224, 148
-1.0006, 401, 33, 464, 160
-1.00062, 65, 77, 192, 108
-1.00072, 113, 53, 240, 84
-1.00072, 49, 193, 176, 224
-1.00073, 17, 105, 144, 136
-1.00076, 33, 41, 288, 104
-1.00077, 273, 45, 400, 76
-1.00077, 193, 121, 320, 152
-1.00078, 225, 25, 352, 56
-1.00078, 353, 125, 480, 156
-1.0008, 225, 41, 352, 72
-1.00083, 273, 25, 400, 56
-1.00091, 193, 33, 320, 96
-1.00099, 265, 9, 328, 72
-1.00104, 321, 65, 448, 96
-1.00105, 97, 229, 224, 260
-1.00105, 225, 225, 480, 288
-1.00112, 1, 97, 64, 160
-1.00119, 289, 213, 416, 244
-1.00121, 1, 193, 500, 256
-1.00125, 409, 33, 472, 288
-1.00131, 33, 49, 160, 80
-1.00133, 257, 33, 384, 96
-1.00135, 65, 65, 192, 128
-1.00139, 193, 13, 320, 44
-1.00139, 305, 13, 432, 44
-1.0014, 177, 237, 304, 268
-1.00141, 145, 101, 272, 132
-1.00144, 257, 237, 384, 268
-1.00145, 97, 105, 224, 136
-1.00152, 433, 65, 496, 320
-1.00155, 17, 73, 144, 104
-1.00156, 193, 1, 320, 32
-1.00162, 33, 97, 288, 160
-1.00163, 17, 93, 144, 124
-1.00165, 145, 121, 272, 152
-1.00165, 321, 201, 448, 232
-1.00166, 1, 193, 128, 224
-1.00166, 49, 213, 176, 244
-1.00167, 113, 41, 240, 72
-1.00173, 369, 201, 496, 232
-1.00174, 337, 213, 464, 244
-1.00175, 177, 33, 304, 64
-1.00177, 305, 1, 432, 32
-1.00181, 337, 49, 464, 80
-1.00182, 129, 105, 192, 168
-1.00182, 65, 93, 192, 124
-1.00182, 1, 205, 128, 236
-1.00186, 81, 277, 208, 308
-1.00186, 129, 277, 256, 308
-1.00186, 177, 277, 304, 308
-1.00186, 225, 277, 352, 308
-1.00186, 273, 277, 400, 308
-1.00186, 321, 277, 448, 308
-1.00186, 369, 277, 496, 308
-1.00186, 33, 289, 160, 320
-1.00186, 81, 289, 208, 320
-1.00186, 129, 289, 256, 320
-1.00186, 177, 289, 304, 320
-1.00186, 225, 289, 352, 320
-1.00186, 273, 289, 400, 320
-1.00186, 321, 289, 448, 320
-1.00186, 369, 289, 496, 320
-1.00186, 33, 301, 160, 332
-1.00186, 81, 301, 208, 332
-1.00186, 129, 301, 256, 332
-1.00186, 177, 301, 304, 332
-1.00186, 225, 301, 352, 332
-1.00186, 273, 301, 400, 332
-1.00186, 321, 301, 448, 332
-1.00186, 369, 301, 496, 332
-1.00204, 453, 129, 484, 256
-1.0022, 433, 33, 496, 160
-1.00231, 1, 57, 500, 120
-1.00242, 1, 97, 32, 224
-1.00246, 113, 33, 240, 160
-1.00249, 85, 97, 116, 224
-1.00255, 193, 233, 256, 296
-1.00255, 1, 233, 256, 296
-1.00258, 89, 57, 152, 120
-1.0026, 25, 65, 56, 192
-1.00263, 65, 209, 192, 272
-1.00265, 73, 161, 104, 288
-1.00265, 225, 33, 480, 96
-1.00278, 129, 33, 384, 96
-1.00286, 277, 1, 308, 128
-1.00286, 189, 81, 220, 208
-1.00287, 469, 129, 500, 256
-1.00301, 425, 41, 488, 104
-1.00319, 1, 17, 256, 80
-1.00329, 65, 33, 128, 160
-1.00332, 141, 81, 172, 208
-1.0036, 129, 25, 256, 88
-1.00371, 305, 33, 432, 96
-1.00372, 33, 41, 160, 104
-1.00374, 225, 9, 480, 72
-1.00375, 173, 81, 204, 208
-1.00378, 129, 1, 384, 64
-1.00381, 97, 33, 160, 96
-1.00382, 161, 249, 416, 312
-1.00382, 257, 249, 500, 312
-1.00382, 65, 273, 320, 333
-1.00382, 161, 273, 416, 333
-1.00382, 257, 273, 500, 333
-1.00388, 25, 81, 88, 144
-1.00389, 209, 33, 240, 160
-1.00394, 61, 161, 92, 288
-1.00398, 393, 17, 424, 144
-1.004, 97, 97, 224, 160
-1.00402, 17, 89, 144, 152
-1.00413, 17, 193, 144, 256
-1.00423, 405, 177, 436, 304
-1.00441, 289, 9, 352, 72
-1.00449, 121, 41, 184, 104
-1.0046, 225, 9, 352, 72
-1.00468, 273, 9, 400, 72
-1.00492, 69, 65, 100, 192
-1.00496, 433, 33, 464, 160
-1.00498, 85, 193, 116, 320
-1.00513, 221, 1, 252, 128
-1.0053, 177, 241, 304, 304
-1.00533, 265, 177, 328, 240
-1.00535, 73, 33, 136, 96
-1.00541, 121, 33, 184, 160
-1.00545, 429, 177, 460, 304
-1.00548, 153, 89, 216, 152
-1.00561, 13, 65, 44, 192
-1.00563, 433, 193, 496, 256
-1.00567, 1, 33, 500, 96
-1.00585, 25, 17, 88, 144
-1.00587, 289, 1, 320, 128
-1.00589, 377, 17, 440, 80
-1.0059, 1, 241, 500, 304
-1.0059, 17, 65, 144, 128
-1.006, 197, 33, 228, 160
-1.006, 353, 217, 416, 280
-1.00605, 417, 177, 448, 304
-1.00614, 81, 41, 208, 104
-1.00615, 105, 9, 168, 72
-1.00619, 329, 217, 392, 280
-1.00621, 45, 49, 76, 176
-1.00623, 89, 33, 152, 160
-1.00624, 177, 9, 240, 72
-1.00641, 177, 1, 304, 64
-1.00643, 409, 201, 472, 264
-1.00644, 65, 17, 192, 80
-1.00647, 369, 33, 496, 96
-1.00648, 65, 209, 128, 272
-1.00648, 89, 209, 152, 272
-1.00649, 333, 1, 364, 128
-1.00654, 241, 9, 304, 72
-1.00658, 129, 1, 256, 64
-1.00658, 337, 217, 464, 280
-1.00659, 49, 89, 112, 152
-1.00663, 1, 9, 500, 72
-1.00663, 1, 273, 500, 333
-1.00667, 417, 17, 480, 80
-1.00668, 145, 17, 208, 80
-1.00671, 433, 217, 496, 280
-1.00671, 377, 225, 440, 288
-1.00672, 201, 9, 264, 72
-1.00672, 17, 57, 80, 120
-1.00673, 145, 1, 208, 128
-1.00673, 57, 209, 120, 333
-1.00681, 65, 57, 128, 120
-1.00691, 17, 17, 144, 80
-1.00695, 409, 273, 472, 333
-1.00695, 433, 273, 496, 333
-1.00699, 321, 1, 448, 64
-1.00706, 445, 49, 476, 176
-1.00713, 129, 241, 256, 304
-1.00724, 441, 177, 472, 304
-1.00731, 369, 1, 496, 64
-1.00731, 17, 225, 144, 288
-1.00731, 33, 249, 160, 312
-1.00731, 81, 249, 208, 312
-1.00731, 225, 249, 352, 312
-1.00731, 273, 249, 400, 312
-1.00731, 321, 249, 448, 312
-1.00731, 369, 249, 496, 312
-1.00731, 33, 273, 160, 333
-1.00731, 81, 273, 208, 333
-1.00731, 129, 273, 256, 333
-1.00731, 177, 273, 304, 333
-1.00731, 225, 273, 352, 333
-1.00731, 273, 273, 400, 333
-1.00731, 321, 273, 448, 333
-1.00731, 369, 273, 496, 333
-1.00734, 1, 209, 64, 333
-1.00734, 25, 209, 88, 333
-1.00746, 1, 1, 64, 128
-1.00776, 469, 177, 500, 304
-1.00792, 385, 193, 416, 320
-1.00817, 469, 81, 500, 208
-1.00833, 1, 49, 32, 176
-1.00863, 457, 177, 488, 304
-1.00866, 85, 49, 116, 176
-1.00916, 17, 1, 144, 128
-1.00921, 457, 81, 488, 208
-1.00925, 57, 65, 88, 192
-1.00934, 337, 193, 368, 320
-1.00955, 97, 33, 128, 160
-1.00962, 37, 193, 68, 320
-1.00987, 17, 209, 144, 333
-1.01053, 325, 193, 356, 320
-1.01081, 133, 33, 164, 160
-1.01174, 65, 17, 192, 144
