1986
-0.446706, 1, 1, 375, 500
-0.487659, 1, 65, 375, 320
-0.48861, 33, 1, 288, 500
-0.583038, 129, 1, 375, 500
-0.593103, 1, 257, 375, 500
-0.61729, 1, 161, 375, 416
-0.707564, 1, 65, 256, 320
-0.73088, 129, 65, 375, 320
-0.787834, 97, 161, 352, 416
-0.804505, 65, 257, 320, 500
-0.877996, 81, 65, 208, 320
-0.885416, 1, 65, 128, 320
-0.887877, 241, 1, 368, 500
-0.890471, 17, 1, 144, 500
-0.891291, 81, 1, 208, 500
-0.894651, 177, 65, 304, 320
-0.90038, 241, 65, 368, 320
-0.900656, 145, 1, 272, 500
-0.900776, 81, 257, 208, 500
-0.910021, 193, 1, 320, 500
-0.911523, 129, 65, 256, 320
-0.913977, 1, 97, 375, 224
-0.914212, 33, 257, 160, 500
-0.921735, 161, 161, 288, 416
-0.922407, 81, 161, 208, 416
-0.928419, 1, 305, 375, 432
-0.931636, 1, 81, 256, 208
-0.933641, 1, 49, 375, 176
-0.934054, 1, 145, 375, 272
-0.934817, 1, 353, 375, 480
-0.937847, 33, 161, 160, 416
-0.939272, 241, 161, 368, 416
-0.940154, 1, 257, 375, 384
-0.941922, 33, 145, 288, 272
-0.942963, 129, 97, 375, 224
-0.948059, 1, 161, 256, 416
-0.948574, 129, 145, 375, 272
-0.948793, 17, 321, 144, 448
-0.950218, 97, 81, 224, 208
-0.951389, 177, 113, 304, 240
-0.952589, 49, 81, 176, 208
-0.953003, 49, 321, 112, 448
-0.953506, 225, 81, 352, 208
-0.955533, 185, 113, 248, 240
-0.956356, 65, 65, 128, 192
-0.956548, 129, 257, 256, 500
-0.956997, 201, 113, 264, 176
-0.957036, 65, 257, 320, 384
-0.957966, 49, 273, 176, 400
-0.958989, 209, 97, 272, 224
-0.959536, 249, 81, 312, 208
-0.959815, 97, 129, 224, 256
-0.960513, 97, 241, 224, 368
-0.961535, 305, 65, 368, 192
-0.961613, 161, 81, 224, 208
-0.961713, 1, 65, 128, 192
-0.961962, 65, 273, 128, 400
-0.963213, 273, 81, 336, 208
-0.963902, 17, 369, 144, 496
-0.964572, 1, 321, 256, 448
-0.965146, 73, 353, 136, 480
-0.965494, 89, 417, 152, 480
-0.965658, 113, 241, 176, 368
-0.96574, 25, 337, 88, 464
-0.9666, 137, 81, 200, 208
-0.967209, 185, 137, 248, 200
-0.967375, 1, 1, 375, 128
-0.9682, 89, 257, 152, 384
-0.968439, 97, 81, 160, 208
-0.968574, 153, 129, 216, 256
-0.969086, 41, 65, 104, 192
-0.969146, 1, 65, 64, 192
-0.969935, 193, 161, 320, 288
-0.970186, 49, 369, 112, 496
-0.970335, 129, 193, 375, 320
-0.970381, 137, 241, 200, 368
-0.970529, 49, 313, 112, 376
-0.970628, 161, 145, 224, 208
-0.970771, 225, 113, 288, 176
-0.970862, 65, 73, 128, 136
-0.971715, 129, 49, 375, 176
-0.971913, 169, 81, 232, 144
-0.972017, 81, 273, 144, 336
-0.972279, 33, 33, 288, 160
-0.972423, 105, 257, 168, 320
-0.972579, 65, 393, 128, 456
-0.97266, 177, 65, 304, 192
-0.972664, 65, 321, 192, 448
-0.97302, 177, 113, 304, 176
-0.973269, 49, 161, 176, 288
-0.973355, 145, 225, 272, 352
-0.973373, 201, 161, 264, 288
-0.97347, 97, 145, 160, 272
-0.97362, 233, 89, 296, 152
-0.973932, 177, 113, 240, 176
-0.974077, 161, 209, 224, 336
-0.974736, 49, 361, 112, 424
-0.974762, 89, 305, 152, 432
-0.974954, 241, 145, 368, 272
-0.9754, 257, 89, 320, 152
-0.975436, 313, 73, 375, 136
-0.975586, 1, 193, 375, 320
-0.975729, 201, 113, 232, 240
-0.975856, 113, 425, 176, 488
-0.975875, 1, 113, 128, 240
-0.975883, 233, 129, 296, 256
-0.97644, 209, 81, 272, 144
-0.976615, 185, 65, 248, 192
-0.976644, 97, 393, 160, 456
-0.976696, 137, 65, 200, 320
-0.976889, 73, 289, 104, 416
-0.9771, 137, 241, 200, 304
-0.977259, 145, 113, 208, 176
-0.977668, 49, 417, 176, 480
-0.977904, 89, 81, 152, 144
-0.977955, 217, 105, 248, 168
-0.977961, 25, 113, 88, 240
-0.978049, 273, 145, 336, 272
-0.978208, 41, 337, 104, 400
-0.978287, 113, 289, 176, 416
-0.978347, 97, 353, 160, 480
-0.978535, 105, 65, 168, 320
-0.978702, 201, 121, 232, 184
-0.978713, 65, 337, 128, 400
-0.978728, 305, 145, 368, 272
-0.978817, 17, 393, 144, 456
-0.978988, 53, 321, 84, 448
-0.979123, 93, 353, 124, 480
-0.97923, 73, 297, 136, 360
-0.979404, 93, 345, 124, 408
-0.979456, 97, 393, 128, 456
-0.979529, 289, 81, 352, 144
-0.979641, 81, 337, 112, 464
-0.979867, 129, 113, 256, 176
-0.98005, 189, 81, 220, 208
-0.980058, 1, 369, 256, 496
-0.980085, 121, 129, 184, 256
-0.98015, 193, 65, 256, 320
-0.980193, 105, 137, 168, 200
-0.980439, 209, 89, 336, 152
-0.980539, 137, 433, 200, 496
-0.980605, 113, 137, 240, 200
-0.980807, 97, 273, 128, 400
-0.980948, 113, 89, 240, 152
-0.980968, 145, 161, 272, 288
-0.981085, 297, 65, 360, 320
-0.981125, 33, 81, 96, 144
-0.981195, 161, 233, 224, 296
-0.981202, 161, 137, 288, 200
-0.981319, 209, 49, 272, 176
-0.981531, 17, 353, 144, 416
-0.981565, 189, 137, 220, 200
-0.981618, 241, 65, 304, 320
-0.981766, 73, 161, 136, 288
-0.981773, 161, 65, 224, 320
-0.981842, 209, 137, 272, 200
-0.982111, 25, 385, 88, 448
-0.982226, 65, 1, 128, 500
-0.982362, 113, 369, 240, 496
-0.982387, 273, 65, 336, 320
-0.982393, 65, 417, 128, 480
-0.982508, 1, 353, 64, 480
-0.982549, 65, 257, 128, 500
-0.9827, 281, 145, 344, 208
-0.982719, 65, 129, 128, 192
-0.982726, 305, 81, 336, 208
-0.982734, 65, 81, 192, 144
-0.982835, 121, 81, 184, 144
-0.982941, 145, 89, 208, 152
-0.98301, 117, 417, 148, 480
-0.983041, 97, 33, 224, 160
-0.983046, 113, 257, 176, 500
-0.983064, 221, 81, 252, 208
-0.983077, 97, 249, 224, 312
-0.983108, 89, 257, 152, 500
-0.983137, 177, 209, 208, 272
-0.983185, 213, 129, 244, 192
-0.983257, 77, 297, 108, 360
-0.983332, 229, 105, 260, 168
-0.98335, 81, 65, 144, 320
-0.983357, 305, 145, 368, 208
-0.983399, 61, 305, 92, 368
-0.983453, 313, 1, 375, 500
-0.983611, 65, 337, 96, 464
-0.983655, 1, 113, 64, 240
-0.983662, 129, 425, 160, 488
-0.983664, 49, 129, 112, 256
-0.98373, 161, 33, 224, 160
-0.98375, 249, 113, 312, 176
-0.983863, 285, 81, 316, 208
-0.983866, 145, 169, 208, 232
-0.983873, 201, 161, 264, 224
-0.983896, 253, 81, 284, 208
-0.983905, 25, 361, 88, 424
-0.983973, 177, 81, 208, 208
-0.984045, 97, 369, 352, 496
-0.984204, 69, 65, 100, 192
-0.984291, 189, 193, 220, 320
-0.984291, 57, 65, 120, 320
-0.98431, 97, 417, 128, 480
-0.984315, 77, 337, 108, 400
-0.98436, 217, 65, 280, 320
-0.984366, 101, 369, 132, 432
-0.984392, 65, 289, 192, 352
-0.984431, 205, 97, 236, 160
-0.984461, 265, 89, 296, 152
-0.984517, 85, 273, 116, 400
-0.984529, 89, 65, 120, 192
-0.984552, 81, 161, 208, 224
-0.984557, 105, 33, 168, 160
-0.984562, 89, 337, 152, 400
-0.984701, 181, 129, 212, 256
-0.984703, 177, 145, 208, 208
-0.984781, 137, 137, 200, 200
-0.984837, 65, 137, 192, 200
-0.985075, 73, 113, 136, 240
-0.985104, 241, 81, 272, 144
-0.985105, 137, 265, 200, 328
-0.985117, 121, 113, 184, 176
-0.985159, 221, 81, 252, 144
-0.985177, 333, 65, 364, 192
-0.985241, 33, 225, 160, 352
-0.985264, 257, 145, 320, 208
-0.985311, 89, 281, 120, 344
-0.985414, 321, 65, 352, 192
-0.985439, 181, 113, 212, 176
-0.985471, 165, 233, 196, 296
-0.985563, 97, 433, 224, 496
-0.98557, 17, 81, 144, 144
-0.985573, 113, 257, 144, 320
-0.985609, 313, 81, 344, 144
-0.985624, 289, 1, 352, 500
-0.985685, 305, 169, 368, 232
-0.985716, 49, 321, 80, 384
-0.985766, 129, 193, 192, 320
-0.985774, 89, 369, 120, 432
-0.985788, 189, 193, 220, 256
-0.985829, 233, 137, 296, 200
-0.985838, 1, 65, 64, 320
-0.985885, 141, 433, 172, 496
-0.985891, 105, 337, 136, 464
-0.985892, 105, 1, 168, 500
-0.985974, 33, 361, 64, 424
-0.985977, 325, 73, 356, 136
-0.985979, 93, 321, 124, 384
-0.98598, 85, 73, 116, 136
-0.986009, 89, 161, 152, 416
-0.986025, 73, 361, 136, 424
-0.986073, 65, 153, 128, 216
-0.986085, 241, 105, 272, 168
-0.98609, 293, 89, 324, 152
-0.986102, 149, 241, 180, 304
-0.986105, 177, 209, 240, 272
-0.986128, 177, 433, 240, 496
-0.986177, 109, 345, 140, 408
-0.986198, 101, 265, 132, 328
-0.986232, 193, 81, 224, 144
-0.986248, 29, 385, 60, 448
-0.986296, 137, 81, 168, 208
-0.986323, 113, 81, 144, 208
-0.986326, 193, 161, 320, 224
-0.986339, 105, 289, 168, 352
-0.986376, 177, 161, 240, 288
-0.986385, 101, 81, 132, 144
-0.98641, 85, 401, 116, 464
-0.986419, 125, 249, 156, 312
-0.98646, 1, 121, 128, 184
-0.986525, 265, 81, 296, 208
-0.986553, 149, 81, 180, 208
-0.986746, 25, 65, 88, 320
-0.986795, 145, 1, 208, 500
-0.986812, 201, 113, 264, 144
-0.986812, 281, 121, 344, 184
-0.986875, 145, 161, 208, 416
-0.986921, 1, 377, 64, 440
-0.986945, 257, 113, 288, 176
-0.986948, 181, 81, 212, 144
-0.986991, 277, 89, 308, 152
-0.987013, 345, 81, 375, 144
-0.987033, 1, 65, 32, 192
-0.987039, 253, 89, 284, 152
-0.98708, 1, 81, 64, 144
-0.987116, 41, 321, 72, 448
-0.987126, 65, 337, 96, 400
-0.98713, 177, 209, 208, 336
-0.987169, 65, 369, 192, 496
-0.987244, 109, 257, 140, 384
-0.987247, 9, 369, 40, 432
-0.987311, 33, 313, 160, 376
-0.987364, 201, 433, 232, 496
-0.987426, 201, 145, 232, 208
-0.987462, 89, 113, 152, 176
-0.987464, 161, 81, 288, 144
-0.987468, 161, 81, 192, 208
-0.987503, 97, 161, 160, 224
-0.987525, 9, 129, 72, 192
-0.987654, 73, 73, 104, 136
-0.987693, 145, 265, 176, 328
-0.987693, 45, 81, 76, 208
-0.987717, 1, 17, 128, 144
-0.987732, 241, 33, 368, 160
-0.987739, 201, 65, 232, 192
-0.98775, 21, 65, 52, 192
-0.987762, 117, 393, 148, 456
-0.987799, 185, 161, 248, 416
-0.987819, 241, 137, 272, 200
-0.987829, 313, 121, 375, 184
-0.987861, 77, 361, 108, 424
-0.987869, 45, 361, 76, 424
-0.987871, 345, 65, 375, 192
-0.987885, 213, 129, 244, 256
-0.988047, 241, 145, 368, 208
-0.988073, 225, 113, 352, 176
-0.988096, 89, 421, 152, 452
-0.988097, 309, 145, 340, 208
-0.988164, 265, 33, 328, 160
-0.988193, 125, 81, 156, 144
-0.988245, 201, 1, 264, 500
-0.988282, 57, 81, 88, 208
-0.988286, 113, 137, 144, 200
-0.988333, 241, 97, 272, 224
-0.988441, 169, 113, 200, 176
-0.988458, 101, 65, 132, 192
-0.988526, 113, 81, 144, 144
-0.988547, 9, 81, 40, 144
-0.988565, 149, 89, 180, 152
-0.988566, 1, 305, 64, 432
-0.988575, 177, 233, 208, 296
-0.98863, 189, 225, 220, 288
-0.988641, 277, 137, 308, 200
-0.98874, 137, 241, 168, 304
-0.988824, 29, 81, 60, 144
-0.988824, 145, 137, 176, 200
-0.988859, 189, 161, 220, 224
-0.988891, 225, 161, 288, 224
-0.988928, 33, 81, 64, 208
-0.988979, 185, 145, 248, 176
-0.989022, 41, 145, 104, 208
-0.989025, 201, 161, 232, 288
-0.989029, 41, 121, 104, 184
-0.989047, 81, 113, 208, 176
-0.989097, 201, 125, 264, 156
-0.989097, 165, 153, 196, 216
-0.9891, 257, 1, 320, 500
-0.989113, 133, 281, 164, 344
-0.989119, 265, 145, 296, 208
-0.989122, 61, 81, 92, 144
-0.989142, 297, 121, 328, 184
-0.989162, 169, 129, 200, 256
-0.989179, 65, 105, 128, 168
-0.989213, 41, 385, 72, 448
-0.989215, 137, 81, 168, 144
-0.98924, 225, 129, 256, 192
-0.989284, 121, 257, 152, 384
-0.98929, 293, 145, 324, 208
-0.989305, 169, 81, 200, 144
-0.989404, 21, 361, 52, 424
-0.989431, 1, 113, 32, 176
-0.989475, 49, 289, 112, 352
-0.989495, 121, 161, 184, 416
-0.989539, 41, 81, 72, 144
-0.989545, 121, 289, 152, 352
-0.989547, 161, 145, 224, 176
-0.989568, 25, 289, 88, 416
-0.989571, 105, 105, 136, 168
-0.989572, 73, 401, 104, 464
-0.989575, 201, 169, 232, 232
-0.989629, 125, 129, 156, 192
-0.989676, 1, 353, 64, 416
-0.989688, 217, 433, 280, 496
-0.989698, 17, 105, 80, 168
-0.989805, 65, 81, 128, 112
-0.989825, 101, 145, 132, 208
-0.989845, 233, 1, 296, 500
-0.989873, 57, 361, 88, 424
-0.989885, 137, 113, 168, 176
-0.989905, 253, 137, 284, 200
-0.989909, 41, 1, 104, 500
-0.989921, 313, 17, 375, 144
-0.98994, 37, 337, 68, 400
-0.990023, 85, 129, 116, 192
-0.990036, 69, 145, 100, 208
-0.990039, 85, 153, 116, 216
-0.990088, 113, 273, 240, 336
-0.990106, 157, 113, 188, 176
-0.990154, 41, 257, 104, 500
-0.990184, 321, 145, 352, 208
-0.99023, 265, 161, 328, 416
-0.990245, 141, 241, 172, 368
-0.990246, 129, 225, 256, 288
-0.99029, 265, 169, 328, 232
-0.9903, 53, 393, 84, 456
-0.990359, 309, 113, 340, 176
-0.990379, 117, 105, 148, 168
-0.990389, 177, 1, 240, 500
-0.990448, 65, 161, 128, 416
-0.990457, 17, 393, 48, 456
-0.990506, 97, 409, 224, 472
-0.990516, 25, 313, 88, 376
-0.99053, 25, 105, 56, 168
-0.990538, 177, 185, 208, 248
-0.990565, 305, 161, 368, 416
-0.990571, 205, 73, 236, 136
-0.990593, 101, 289, 132, 352
-0.99061, 49, 265, 176, 328
-0.990617, 161, 257, 192, 320
-0.990645, 13, 113, 44, 176
-0.990654, 105, 313, 168, 376
-0.990674, 125, 81, 156, 208
-0.9907, 105, 433, 168, 464
-0.990736, 49, 121, 80, 184
-0.990748, 49, 33, 176, 160
-0.990789, 85, 425, 116, 488
-0.990797, 129, 153, 160, 216
-0.990815, 105, 321, 136, 384
-0.990816, 249, 161, 280, 224
-0.990824, 273, 113, 304, 176
-0.990829, 185, 209, 248, 336
-0.990838, 317, 169, 348, 232
-0.990845, 169, 133, 232, 164
-0.990859, 117, 321, 148, 384
-0.990905, 325, 121, 356, 184
-0.990905, 185, 185, 248, 248
-0.990955, 105, 269, 168, 300
-0.990975, 285, 113, 316, 176
-0.990992, 225, 161, 256, 224
-0.991013, 73, 121, 104, 184
-0.991017, 89, 281, 152, 312
-0.991027, 165, 209, 196, 336
-0.991139, 49, 145, 80, 208
-0.991146, 145, 209, 208, 272
-0.991182, 73, 409, 136, 440
-0.991198, 161, 257, 224, 320
-0.99121, 137, 249, 200, 280
-0.991212, 233, 33, 296, 160
-0.991216, 333, 153, 364, 216
-0.99123, 293, 169, 324, 232
-0.991249, 225, 117, 288, 148
-0.991255, 213, 161, 244, 224
-0.991292, 153, 433, 184, 496
-0.991326, 37, 129, 68, 192
-0.991335, 237, 161, 268, 224
-0.991349, 17, 145, 144, 208
-0.991356, 241, 169, 368, 232
-0.991366, 93, 105, 124, 168
-0.99147, 97, 369, 160, 432
-0.991611, 313, 81, 375, 112
-0.991638, 41, 341, 104, 372
-0.991655, 241, 157, 304, 188
-0.991664, 65, 225, 128, 352
-0.991668, 137, 257, 200, 500
-0.991869, 57, 137, 120, 168
-0.991899, 65, 345, 192, 408
-0.99191, 25, 17, 88, 144
-0.991979, 113, 289, 240, 416
-0.991994, 265, 157, 328, 188
-0.992086, 101, 417, 132, 448
-0.992107, 49, 325, 112, 356
-0.992128, 93, 353, 124, 384
-0.992136, 113, 233, 176, 296
-0.99214, 153, 225, 184, 352
-0.992159, 113, 257, 176, 288
-0.992166, 105, 57, 168, 120
-0.992201, 209, 153, 272, 184
-0.992208, 193, 145, 224, 176
-0.992222, 177, 453, 240, 484
-0.992231, 289, 153, 352, 184
-0.992234, 213, 109, 244, 140
-0.992257, 61, 273, 92, 400
-0.992288, 229, 129, 260, 256
-0.992291, 17, 1, 80, 500
-0.992292, 161, 121, 224, 152
-0.992321, 129, 137, 375, 200
-0.992328, 81, 313, 208, 376
-0.992434, 33, 145, 288, 208
-0.992446, 25, 289, 88, 352
-0.992473, 129, 289, 192, 352
-0.992565, 129, 161, 256, 224
-0.992575, 73, 357, 136, 388
-0.992606, 1, 161, 128, 288
-0.992617, 169, 157, 232, 188
-0.992617, 49, 405, 112, 436
-0.992622, 197, 133, 228, 164
-0.992635, 241, 257, 368, 500
-0.992653, 25, 57, 88, 120
-0.992662, 117, 305, 148, 432
-0.992739, 81, 345, 144, 376
-0.99277, 137, 145, 200, 176
-0.99284, 65, 305, 128, 336
-0.992841, 129, 1, 375, 128
-0.992852, 105, 145, 136, 272
-0.992887, 65, 421, 128, 452
-0.992903, 65, 17, 128, 144
-0.99291, 177, 257, 304, 500
-0.99292, 105, 141, 168, 172
-0.992934, 65, 113, 320, 176
-0.992967, 169, 109, 232, 140
-0.992976, 89, 417, 120, 448
-0.992986, 225, 109, 256, 140
-0.993042, 277, 145, 308, 272
-0.993065, 137, 453, 200, 484
-0.993087, 241, 161, 304, 416
-0.993091, 25, 241, 88, 368
-0.993101, 73, 345, 104, 376
-0.993114, 77, 301, 108, 332
-0.993119, 293, 145, 324, 272
-0.993131, 145, 17, 272, 144
-0.993145, 205, 121, 236, 152
-0.993147, 1, 209, 256, 336
-0.993175, 89, 365, 120, 396
-0.993198, 145, 157, 208, 188
-0.993199, 173, 149, 204, 180
-0.993232, 103, 401, 118, 464
-0.993265, 97, 409, 160, 440
-0.993271, 125, 433, 156, 464
-0.993277, 97, 341, 128, 372
-0.993294, 113, 421, 144, 452
-0.9933, 145, 133, 208, 164
-0.99331, 17, 257, 80, 500
-0.993355, 173, 233, 204, 264
-0.993358, 61, 321, 92, 352
-0.99338, 81, 293, 144, 324
-0.993419, 201, 449, 232, 480
-0.993422, 209, 133, 240, 164
-0.993427, 33, 137, 96, 168
-0.99344, 249, 93, 312, 124
-0.993442, 81, 133, 144, 164
-0.99345, 101, 405, 132, 436
-0.993455, 193, 157, 224, 188
-0.993458, 209, 137, 272, 168
-0.993472, 73, 77, 104, 108
-0.993489, 177, 221, 208, 252
-0.993529, 217, 161, 280, 416
-0.993539, 325, 81, 356, 112
-0.993547, 145, 409, 208, 472
-0.993551, 273, 89, 336, 120
-0.993573, 161, 257, 224, 384
-0.993581, 185, 133, 216, 164
-0.993592, 41, 353, 104, 384
-0.993601, 73, 361, 104, 392
-0.993611, 33, 81, 288, 144
-0.993614, 241, 153, 272, 184
-0.993616, 285, 157, 316, 188
-0.99364, 89, 289, 120, 320
-0.993644, 221, 121, 252, 152
-0.993645, 65, 309, 96, 340
-0.993648, 105, 157, 168, 188
-0.993649, 81, 333, 112, 364
-0.99366, 111, 401, 126, 464
-0.993672, 285, 89, 316, 120
-0.993681, 185, 209, 216, 240
-0.993699, 133, 253, 164, 284
-0.993709, 185, 233, 248, 296
-0.993735, 1, 133, 64, 164
-0.993745, 345, 85, 375, 116
-0.993759, 121, 129, 152, 256
-0.993761, 17, 397, 80, 428
-0.993778, 153, 237, 216, 268
-0.993781, 177, 465, 240, 496
-0.993786, 205, 149, 236, 180
-0.993813, 73, 329, 136, 360
-0.993815, 105, 277, 136, 308
-0.993834, 97, 137, 128, 168
-0.993844, 113, 433, 144, 464
-0.993862, 249, 177, 312, 304
-0.993867, 305, 165, 368, 196
-0.993871, 193, 121, 224, 152
-0.993883, 81, 137, 112, 168
-0.993891, 237, 113, 268, 144
-0.993899, 173, 133, 204, 164
-0.993914, 121, 261, 152, 292
-0.99393, 313, 85, 344, 116
-0.993939, 273, 157, 304, 188
-0.993946, 269, 89, 300, 120
-0.993947, 101, 85, 132, 116
-0.993955, 97, 377, 128, 408
-0.99396, 33, 393, 64, 424
-0.993963, 1, 129, 32, 160
-0.993993, 297, 157, 328, 188
-0.993996, 253, 153, 284, 184
-0.994003, 97, 389, 128, 420
-0.994006, 101, 345, 116, 408
-0.994027, 121, 141, 152, 172
-0.994027, 161, 237, 192, 268
-0.994033, 145, 249, 176, 280
-0.994033, 53, 333, 84, 364
-0.994053, 137, 33, 200, 160
-0.994055, 73, 393, 136, 424
-0.994067, 65, 149, 128, 180
-0.994071, 201, 105, 232, 136
-0.994086, 309, 157, 340, 188
-0.994096, 89, 405, 120, 436
-0.994096, 217, 105, 232, 168
-0.994098, 145, 249, 272, 312
-0.9941, 297, 89, 328, 120
-0.994102, 229, 149, 260, 180
-0.994107, 69, 137, 100, 168
-0.994113, 85, 77, 116, 108
-0.994122, 189, 197, 220, 228
-0.994126, 145, 65, 208, 128
-0.994127, 201, 469, 232, 500
-0.994134, 37, 133, 68, 164
-0.994139, 45, 345, 76, 376
-0.994152, 325, 157, 356, 188
-0.994158, 17, 381, 48, 412
-0.994161, 109, 265, 140, 296
-0.994173, 161, 145, 192, 176
-0.994184, 137, 433, 168, 464
-0.994193, 181, 161, 212, 192
-0.994199, 41, 365, 104, 396
-0.994208, 109, 341, 140, 372
-0.994221, 101, 429, 132, 460
-0.994223, 89, 209, 152, 336
-0.994231, 121, 89, 184, 120
-0.994232, 57, 133, 88, 164
-0.994249, 97, 193, 224, 320
-0.994259, 17, 153, 80, 216
-0.994293, 177, 121, 208, 152
-0.994301, 89, 85, 152, 116
-0.99431, 81, 433, 144, 464
-0.99431, 137, 457, 168, 488
-0.994318, 169, 97, 232, 128
-0.994319, 309, 145, 340, 176
-0.99432, 61, 361, 92, 392
-0.994321, 109, 157, 140, 188
-0.994337, 257, 89, 288, 120
-0.994342, 149, 269, 180, 300
-0.994344, 109, 137, 140, 168
-0.994344, 233, 125, 264, 156
-0.994346, 241, 145, 304, 176
-0.994347, 61, 81, 92, 112
-0.994355, 129, 369, 192, 496
-0.994363, 17, 289, 144, 352
-0.994377, 193, 153, 320, 184
-0.99439, 109, 361, 140, 392
-0.994392, 113, 409, 144, 440
-0.994398, 45, 369, 76, 496
-0.994404, 205, 161, 236, 192
-0.994442, 13, 129, 44, 160
-0.994455, 133, 137, 164, 168
-0.994455, 249, 65, 312, 128
-0.994458, 205, 89, 236, 120
-0.994463, 141, 281, 172, 312
-0.994481, 293, 145, 324, 176
-0.994487, 145, 141, 176, 172
-0.994489, 213, 461, 244, 492
-0.994492, 69, 409, 100, 440
-0.994494, 153, 445, 184, 476
-0.994495, 237, 89, 268, 120
-0.994498, 203, 121, 218, 184
-0.994504, 97, 149, 128, 180
-0.994506, 189, 85, 220, 116
-0.994506, 25, 133, 56, 164
-0.994507, 273, 145, 304, 176
-0.994511, 81, 49, 144, 112
-0.99453, 145, 85, 176, 116
-0.994534, 21, 397, 52, 428
-0.994548, 241, 141, 272, 172
-0.994548, 229, 161, 260, 192
-0.994555, 49, 357, 80, 388
-0.994559, 193, 169, 224, 200
-0.994559, 81, 125, 112, 156
-0.994566, 29, 381, 60, 412
-0.994571, 61, 349, 92, 380
-0.994582, 85, 393, 116, 424
-0.994584, 337, 157, 368, 188
-0.994586, 189, 225, 220, 256
-0.99459, 121, 89, 152, 120
-0.994597, 195, 137, 210, 200
-0.99461, 25, 85, 88, 116
-0.994613, 157, 249, 188, 280
-0.994618, 93, 277, 124, 308
-0.99463, 217, 145, 248, 176
-0.994633, 253, 141, 284, 172
-0.994642, 81, 377, 112, 408
-0.99465, 249, 105, 280, 136
-0.994653, 249, 121, 280, 152
-0.994657, 49, 145, 80, 176
-0.994662, 149, 101, 180, 132
-0.994664, 225, 97, 256, 128
-0.994668, 133, 117, 164, 148
-0.994782, 113, 141, 240, 172
-0.994785, 249, 121, 312, 152
-0.994813, 211, 113, 226, 176
-0.994837, 103, 377, 118, 440
-0.994904, 95, 377, 110, 440
-0.994912, 223, 105, 238, 168
-0.994937, 241, 145, 272, 272
-0.99494, 201, 165, 264, 196
-0.994941, 225, 105, 288, 136
-0.994967, 65, 385, 192, 448
-0.994993, 209, 461, 272, 492
-0.995026, 265, 145, 296, 272
-0.995045, 225, 93, 288, 124
-0.995054, 121, 161, 184, 224
-0.995057, 145, 261, 208, 292
-0.995069, 129, 285, 192, 316
-0.995084, 129, 117, 192, 148
-0.995133, 313, 153, 375, 184
-0.995136, 105, 101, 168, 132
-0.995145, 65, 161, 128, 192
-0.995149, 177, 117, 304, 148
-0.995174, 9, 369, 40, 496
-0.995198, 1, 377, 64, 408
-0.995216, 193, 85, 256, 116
-0.995252, 1, 273, 128, 400
-0.995277, 169, 225, 232, 256
-0.995312, 129, 161, 375, 224
-0.995364, 33, 241, 160, 304
-0.995394, 129, 441, 192, 472
-0.995396, 265, 145, 328, 176
-0.995451, 111, 377, 126, 440
-0.995463, 9, 121, 72, 152
-0.995493, 1, 417, 128, 480
-0.99556, 145, 153, 272, 184
-0.995615, 49, 125, 112, 156
-0.995619, 289, 141, 352, 172
-0.995636, 41, 161, 104, 416
-0.995639, 265, 169, 328, 200
-0.995645, 49, 433, 176, 464
-0.995647, 305, 145, 336, 272
-0.995656, 233, 105, 248, 168
-0.995659, 253, 145, 284, 272
-0.995661, 91, 353, 106, 416
-0.995668, 105, 129, 168, 160
-0.995669, 25, 377, 88, 408
-0.99567, 113, 353, 128, 416
-0.995682, 89, 113, 152, 144
-0.995687, 201, 101, 264, 132
-0.995741, 241, 65, 368, 128
-0.995763, 329, 113, 360, 240
-0.995769, 313, 49, 375, 112
-0.995854, 161, 141, 288, 172
-0.995863, 17, 149, 80, 180
-0.995867, 33, 265, 96, 328
-0.995917, 137, 273, 200, 304
-0.995946, 121, 465, 184, 496
-0.995952, 113, 421, 176, 452
-0.995963, 17, 361, 80, 392
-0.996018, 149, 129, 180, 256
-0.996033, 129, 453, 256, 484
-0.996047, 169, 85, 232, 116
-0.996062, 1, 121, 375, 184
-0.996075, 273, 57, 336, 120
-0.996086, 107, 321, 122, 384
-0.996094, 117, 401, 132, 464
-0.996121, 1, 17, 64, 144
-0.996127, 81, 157, 208, 188
-0.996147, 113, 109, 240, 140
-0.996155, 105, 341, 168, 372
-0.996165, 137, 289, 200, 416
-0.996166, 49, 377, 112, 408
-0.99617, 25, 325, 88, 356
-0.996181, 161, 169, 224, 200
-0.996213, 1, 133, 128, 164
-0.996229, 17, 349, 80, 380
-0.996232, 177, 237, 240, 268
-0.99625, 177, 213, 240, 244
-0.996252, 73, 317, 136, 348
-0.996268, 65, 141, 192, 172
-0.996271, 145, 85, 208, 116
-0.996278, 121, 297, 184, 328
-0.996323, 113, 65, 240, 128
-0.996323, 153, 441, 216, 472
-0.996332, 77, 297, 92, 360
-0.996344, 33, 353, 160, 384
-0.996351, 41, 409, 104, 472
-0.996359, 129, 89, 375, 152
-0.996367, 193, 165, 320, 196
-0.996375, 65, 177, 128, 240
-0.996385, 225, 177, 288, 304
-0.9964, 73, 97, 136, 128
-0.996405, 113, 425, 128, 488
-0.996407, 211, 137, 226, 200
-0.996423, 249, 105, 312, 136
-0.996425, 121, 393, 184, 456
-0.996445, 71, 305, 86, 368
-0.996446, 227, 81, 242, 144
-0.996453, 259, 89, 274, 152
-0.99646, 145, 225, 208, 256
-0.996461, 193, 433, 320, 496
-0.996469, 97, 397, 160, 428
-0.996475, 135, 425, 150, 488
-0.996479, 17, 341, 144, 372
-0.996484, 239, 105, 254, 168
-0.996495, 137, 105, 200, 136
-0.996515, 185, 201, 248, 232
-0.996519, 179, 217, 194, 280
-0.996527, 97, 409, 112, 472
-0.996535, 187, 121, 202, 184
-0.996536, 21, 369, 52, 496
-0.996548, 189, 201, 204, 264
-0.996574, 85, 289, 100, 352
-0.996577, 1, 405, 128, 436
-0.996582, 33, 421, 160, 452
-0.996589, 97, 309, 160, 340
-0.996589, 289, 17, 352, 144
-0.996606, 197, 113, 212, 176
-0.996626, 41, 313, 104, 344
-0.996642, 299, 81, 314, 144
-0.996652, 313, 193, 375, 320
-0.996676, 195, 193, 210, 256
-0.996679, 1, 85, 64, 116
-0.996698, 129, 425, 144, 488
-0.996703, 233, 169, 296, 200
-0.99672, 73, 69, 136, 100
-0.996721, 153, 465, 216, 496
-0.996722, 341, 113, 372, 240
-0.996723, 97, 469, 160, 500
-0.996725, 33, 109, 96, 140
-0.996734, 117, 353, 148, 480
-0.996742, 317, 145, 348, 272
-0.996745, 65, 57, 192, 120
-0.996762, 305, 177, 368, 208
-0.996769, 269, 89, 284, 152
-0.996773, 105, 81, 120, 144
-0.996775, 145, 89, 272, 120
-0.996777, 217, 129, 232, 192
-0.996802, 201, 449, 264, 480
-0.996812, 65, 313, 80, 376
-0.996831, 281, 125, 344, 156
-0.996838, 59, 321, 74, 384
-0.996851, 241, 161, 368, 192
-0.996864, 97, 269, 224, 300
-0.996868, 65, 289, 192, 320
-0.99689, 17, 393, 144, 424
-0.996894, 105, 73, 168, 104
-0.996895, 119, 425, 134, 488
-0.996898, 221, 81, 236, 144
-0.996906, 319, 81, 334, 144
-0.996908, 41, 73, 104, 104
-0.996918, 169, 257, 232, 500
-0.996919, 169, 233, 184, 296
-0.996923, 193, 129, 320, 160
-0.996928, 209, 93, 336, 124
-0.996935, 69, 113, 100, 240
-0.996935, 161, 249, 224, 280
-0.996942, 1, 433, 256, 496
-0.996947, 115, 413, 130, 444
-0.996958, 249, 89, 264, 152
-0.996958, 105, 409, 120, 440
-0.996975, 209, 81, 224, 144
-0.996977, 95, 329, 110, 392
-0.996979, 81, 133, 112, 148
-0.996981, 29, 377, 44, 440
-0.996982, 165, 247, 196, 262
-0.996984, 41, 149, 104, 180
-0.996985, 259, 113, 274, 176
-0.996989, 107, 353, 122, 416
-0.996992, 17, 329, 144, 360
-0.996992, 245, 163, 276, 178
-0.996998, 113, 345, 144, 360
-0.996999, 243, 81, 258, 144
-0.997, 345, 77, 375, 92
-0.997, 273, 165, 304, 180
-0.997004, 53, 339, 84, 354
-0.997015, 149, 455, 180, 470
-0.997019, 113, 143, 144, 158
-0.997019, 309, 89, 324, 152
-0.997022, 313, 69, 375, 100
-0.997024, 9, 481, 40, 496
-0.997024, 65, 83, 96, 98
-0.997027, 313, 129, 375, 160
-0.997033, 121, 425, 152, 440
-0.997033, 97, 397, 128, 412
-0.997039, 75, 73, 90, 136
-0.997041, 133, 431, 164, 446
-0.997046, 61, 363, 92, 378
-0.997048, 93, 87, 124, 102
-0.99705, 21, 381, 52, 396
-0.997056, 109, 273, 140, 288
-0.99706, 177, 133, 208, 148
-0.997069, 41, 363, 72, 378
-0.997074, 341, 163, 372, 178
-0.997074, 193, 127, 224, 142
-0.997075, 137, 213, 200, 244
-0.997079, 213, 135, 244, 150
-0.997086, 137, 425, 200, 456
-0.997092, 313, 193, 375, 256
-0.997097, 101, 369, 132, 384
-0.997098, 313, 141, 375, 172
-0.997101, 37, 395, 68, 410
-0.997101, 1, 469, 64, 500
-0.997101, 261, 481, 292, 496
-0.997105, 149, 81, 164, 144
-0.99711, 119, 337, 134, 400
-0.99711, 39, 385, 54, 448
-0.997113, 33, 169, 288, 232
-0.997125, 329, 73, 344, 136
-0.997131, 97, 403, 128, 418
-0.997131, 33, 169, 160, 232
-0.997131, 189, 195, 220, 210
-0.997141, 121, 263, 152, 278
-0.997146, 69, 369, 100, 384
-0.997149, 201, 117, 232, 132
-0.997149, 189, 203, 220, 218
-0.99715, 187, 145, 202, 208
-0.997154, 113, 419, 144, 434
-0.997159, 65, 113, 128, 144
-0.997161, 65, 173, 128, 204
-0.997162, 185, 117, 216, 132
-0.997165, 93, 139, 124, 154
-0.997167, 141, 461, 172, 476
-0.99717, 177, 65, 208, 320
-0.997173, 213, 477, 244, 492
-0.997188, 49, 345, 80, 360
-0.997188, 89, 81, 120, 96
-0.997192, 153, 369, 216, 496
-0.997199, 277, 89, 292, 152
-0.997201, 325, 163, 356, 178
-0.997205, 161, 147, 192, 162
-0.997212, 253, 121, 284, 136
-0.997212, 57, 329, 88, 344
-0.997213, 97, 341, 128, 356
-0.997215, 111, 81, 126, 144
-0.99722, 109, 89, 140, 104
-0.99722, 195, 169, 210, 232
-0.997227, 147, 433, 162, 496
-0.997227, 49, 177, 112, 304
-0.997236, 9, 381, 40, 396
-0.997239, 317, 89, 348, 104
-0.997239, 115, 265, 130, 328
-0.997249, 1, 329, 64, 392
-0.997251, 113, 337, 176, 400
-0.997252, 1, 57, 128, 120
-0.997252, 81, 217, 208, 280
-0.997257, 205, 147, 236, 162
-0.99726, 229, 161, 260, 176
-0.997263, 25, 391, 56, 406
-0.997266, 193, 165, 224, 180
-0.997271, 201, 471, 232, 486
-0.997275, 99, 73, 114, 136
-0.997278, 113, 437, 144, 452
-0.997279, 233, 125, 264, 140
-0.997282, 107, 345, 122, 376
-0.997283, 65, 89, 192, 120
-0.997287, 65, 355, 96, 370
-0.997297, 205, 145, 220, 208
-0.997299, 361, 81, 375, 144
-0.9973, 137, 255, 168, 270
-0.997303, 1, 81, 128, 112
-0.997308, 81, 139, 112, 154
-0.997315, 101, 353, 116, 384
-0.997319, 97, 129, 224, 160
-0.997326, 229, 119, 260, 134
-0.997328, 33, 289, 288, 352
-0.997337, 253, 157, 284, 172
-0.997344, 345, 81, 360, 144
-0.997347, 297, 91, 328, 106
-0.997351, 97, 257, 224, 288
-0.997359, 89, 73, 104, 136
-0.997362, 189, 133, 220, 148
-0.997368, 89, 291, 120, 306
-0.997369, 309, 161, 340, 176
-0.997373, 265, 157, 296, 172
-0.997378, 105, 279, 136, 294
-0.997381, 91, 409, 106, 472
-0.997388, 69, 137, 100, 152
-0.997402, 17, 113, 48, 240
-0.997406, 105, 273, 120, 336
-0.997406, 53, 329, 68, 392
-0.997407, 97, 389, 128, 404
-0.997408, 1, 113, 32, 240
-0.997412, 141, 433, 156, 496
-0.997423, 205, 111, 236, 126
-0.997425, 341, 85, 372, 100
-0.997425, 97, 381, 128, 396
-0.997426, 77, 343, 108, 358
-0.997432, 161, 65, 192, 320
-0.997438, 221, 153, 252, 168
-0.99744, 181, 161, 212, 176
-0.99744, 81, 193, 208, 256
-0.997443, 1, 161, 64, 416
-0.997443, 49, 301, 176, 332
-0.997447, 351, 81, 366, 144
-0.997448, 1, 337, 256, 400
-0.997448, 137, 439, 168, 454
-0.997449, 235, 81, 250, 144
-0.997455, 181, 139, 212, 154
-0.997464, 57, 249, 120, 312
-0.997483, 93, 281, 108, 344
-0.997485, 269, 93, 300, 108
-0.997493, 149, 241, 164, 304
-0.9975, 61, 323, 92, 338
-0.997502, 21, 369, 36, 432
-0.997502, 1, 305, 64, 368
-0.997505, 177, 229, 208, 244
-0.997505, 153, 247, 184, 262
-0.997513, 97, 285, 128, 300
-0.997517, 81, 73, 96, 136
-0.99752, 277, 159, 308, 174
-0.997524, 81, 113, 112, 240
-0.997531, 163, 241, 178, 304
-0.997534, 201, 57, 264, 120
-0.997537, 145, 129, 272, 160
-0.997544, 1, 145, 128, 176
-0.997554, 283, 89, 298, 152
-0.997556, 185, 213, 216, 228
-0.99756, 209, 141, 240, 156
-0.997563, 193, 105, 320, 136
-0.997565, 193, 129, 224, 384
-0.997567, 201, 209, 216, 272
-0.997568, 89, 161, 120, 288
-0.997568, 133, 289, 164, 416
-0.997569, 289, 159, 320, 174
-0.997571, 201, 133, 216, 164
-0.997572, 157, 81, 172, 144
-0.997572, 81, 299, 112, 314
-0.997577, 223, 129, 238, 192
-0.997584, 215, 81, 230, 144
-0.997589, 65, 257, 320, 320
-0.997591, 289, 89, 304, 152
-0.997599, 207, 121, 222, 152
-0.997607, 89, 329, 104, 392
-0.997617, 335, 73, 350, 136
-0.997622, 209, 153, 240, 168
-0.997633, 103, 425, 118, 488
-0.997634, 65, 317, 96, 332
-0.997636, 1, 145, 375, 208
-0.997639, 215, 113, 230, 144
-0.997644, 109, 65, 140, 320
-0.997645, 123, 401, 138, 464
-0.997649, 123, 257, 138, 320
-0.997651, 149, 65, 180, 320
-0.99766, 121, 421, 136, 452
-0.997674, 221, 129, 252, 144
-0.997677, 241, 155, 272, 170
-0.997683, 81, 423, 112, 438
-0.997686, 285, 91, 316, 106
-0.997686, 169, 241, 200, 256
-0.997687, 157, 241, 172, 304
-0.99769, 29, 393, 44, 424
-0.997693, 181, 223, 212, 238
-0.997696, 185, 225, 200, 288
-0.997708, 233, 129, 248, 192
-0.997721, 195, 81, 210, 144
-0.997726, 113, 465, 240, 496
-0.997736, 97, 257, 128, 500
-0.997742, 205, 159, 236, 174
-0.997744, 253, 113, 268, 176
-0.997745, 197, 459, 228, 474
-0.997745, 85, 353, 100, 416
-0.997747, 165, 89, 180, 152
-0.997751, 197, 145, 212, 176
-0.997752, 49, 129, 176, 160
-0.997761, 135, 249, 150, 312
-0.997763, 141, 249, 156, 312
-0.997768, 321, 129, 336, 192
-0.997769, 35, 361, 50, 424
-0.997776, 81, 345, 208, 376
-0.997779, 77, 257, 108, 500
-0.997781, 77, 337, 92, 400
-0.997784, 205, 123, 236, 138
-0.997785, 137, 129, 168, 256
-0.997786, 241, 149, 368, 180
-0.997787, 127, 81, 142, 144
-0.997788, 227, 109, 242, 140
-0.99779, 105, 397, 120, 428
-0.99779, 287, 145, 302, 208
-0.997797, 121, 431, 152, 446
-0.997798, 125, 65, 156, 320
-0.997808, 95, 361, 110, 392
-0.997817, 245, 129, 260, 192
-0.997828, 173, 235, 204, 250
-0.997839, 171, 89, 186, 152
-0.997844, 73, 311, 104, 326
-0.997845, 177, 81, 192, 144
-0.997846, 203, 97, 218, 160
-0.997852, 81, 249, 144, 312
-0.997855, 97, 413, 112, 444
-0.997857, 43, 353, 58, 416
-0.99786, 29, 81, 44, 144
-0.997861, 285, 65, 316, 320
-0.997868, 49, 77, 176, 108
-0.997868, 119, 81, 134, 144
-0.997869, 209, 433, 224, 496
-0.99787, 89, 363, 120, 378
-0.997884, 81, 417, 208, 448
-0.997887, 93, 375, 124, 390
-0.997899, 113, 401, 128, 432
-0.997911, 89, 415, 120, 430
-0.997917, 67, 345, 82, 408
-0.997925, 77, 305, 108, 320
-0.997926, 145, 165, 272, 196
-0.997931, 49, 361, 64, 424
-0.997932, 49, 129, 80, 256
-0.997933, 33, 317, 160, 348
-0.997934, 221, 109, 236, 140
-0.997942, 225, 117, 352, 148
-0.997949, 149, 129, 164, 192
-0.99795, 143, 81, 158, 144
-0.997966, 301, 65, 332, 320
-0.997967, 117, 349, 132, 380
-0.997972, 265, 113, 280, 176
-0.997984, 33, 401, 288, 464
-0.99799, 23, 81, 38, 144
-0.997994, 215, 433, 230, 496
-0.997994, 97, 65, 128, 320
-0.997996, 117, 257, 148, 500
-0.997997, 1, 81, 375, 144
-0.998001, 73, 349, 104, 364
-0.998004, 61, 361, 76, 424
-0.998008, 99, 281, 114, 344
-0.998012, 345, 65, 375, 320
-0.998017, 77, 79, 108, 94
-0.998023, 137, 81, 152, 144
-0.998025, 105, 421, 120, 452
-0.998026, 257, 65, 288, 320
-0.998029, 85, 33, 116, 288
-0.998029, 333, 65, 364, 320
-0.998032, 129, 249, 144, 312
-0.998034, 33, 161, 160, 192
-0.998035, 33, 313, 288, 376
-0.998035, 1, 377, 128, 408
-0.998037, 83, 297, 98, 328
-0.998039, 205, 65, 236, 320
-0.998041, 203, 433, 218, 496
-0.998043, 101, 431, 132, 446
-0.998045, 273, 65, 304, 320
-0.998046, 181, 121, 196, 184
-0.998055, 153, 153, 168, 216
-0.998061, 245, 65, 276, 320
-0.998062, 17, 81, 32, 144
-0.998074, 145, 273, 160, 336
-0.998078, 201, 133, 232, 148
-0.998082, 41, 81, 56, 144
-0.998087, 315, 129, 330, 192
-0.99809, 1, 81, 16, 144
-0.998101, 185, 81, 200, 144
-0.998103, 127, 425, 142, 456
-0.998116, 185, 145, 200, 176
-0.998131, 93, 113, 124, 240
-0.998136, 75, 305, 90, 336
-0.998138, 237, 113, 252, 144
-0.998139, 137, 65, 168, 320
-0.99814, 215, 133, 230, 164
-0.998141, 33, 369, 64, 496
-0.998144, 77, 357, 108, 372
-0.998173, 241, 81, 368, 112
-0.998175, 173, 155, 204, 170
-0.998176, 89, 349, 120, 364
-0.99818, 103, 385, 118, 416
-0.998205, 99, 401, 114, 432
-0.998209, 313, 65, 344, 320
-0.99821, 223, 457, 238, 488
-0.998215, 291, 157, 306, 188
-0.998215, 221, 65, 252, 320
-0.998217, 95, 389, 110, 420
-0.998218, 97, 441, 224, 472
-0.998231, 101, 411, 132, 426
-0.998234, 209, 137, 224, 168
-0.998235, 111, 361, 126, 392
-0.998241, 193, 159, 224, 174
-0.998245, 93, 373, 108, 404
-0.998248, 97, 161, 128, 416
-0.998255, 181, 161, 212, 416
-0.998268, 9, 65, 40, 320
-0.998269, 1, 109, 128, 140
-0.998284, 233, 65, 264, 320
-0.998292, 111, 425, 126, 456
-0.998305, 49, 277, 176, 308
-0.998307, 89, 293, 104, 324
-0.998307, 1, 361, 256, 424
-0.998309, 299, 89, 314, 120
-0.998309, 125, 437, 156, 452
-0.998311, 101, 347, 132, 362
-0.998313, 129, 209, 160, 336
-0.998315, 89, 369, 120, 384
-0.998319, 195, 157, 210, 188
-0.99832, 201, 453, 232, 468
-0.998323, 109, 425, 140, 440
-0.998343, 73, 33, 104, 288
-0.998346, 81, 169, 208, 200
-0.99835, 1, 57, 64, 120
-0.998358, 129, 245, 256, 276
-0.998362, 173, 149, 204, 164
-0.998364, 65, 113, 192, 144
-0.998366, 249, 153, 264, 184
-0.998368, 177, 229, 192, 260
-0.998374, 5, 129, 20, 160
-0.998385, 193, 151, 224, 166
-0.998388, 243, 113, 258, 144
-0.99839, 185, 157, 200, 188
-0.998393, 201, 115, 264, 130
-0.998393, 91, 349, 106, 380
-0.998405, 69, 313, 84, 344
-0.998406, 241, 119, 272, 134
-0.998423, 113, 337, 128, 368
-0.99843, 65, 101, 192, 132
-0.99844, 93, 357, 124, 372
-0.998445, 337, 161, 368, 288
-0.998456, 41, 433, 104, 496
-0.998459, 41, 169, 104, 232
-0.998459, 223, 469, 238, 500
-0.998461, 107, 85, 122, 116
-0.998462, 37, 397, 52, 428
-0.998467, 197, 139, 228, 154
-0.998467, 99, 285, 114, 316
-0.998469, 327, 81, 342, 112
-0.99847, 211, 149, 226, 180
-0.998471, 101, 373, 116, 404
-0.998471, 117, 433, 132, 464
-0.998472, 187, 133, 202, 164
-0.998473, 243, 153, 258, 184
-0.998478, 81, 423, 144, 438
-0.998481, 185, 217, 200, 248
-0.998487, 325, 83, 356, 98
-0.99849, 17, 365, 144, 396
-0.998491, 185, 145, 248, 160
-0.998497, 197, 129, 212, 256
-0.9985, 113, 385, 240, 448
-0.998501, 129, 225, 160, 480
-0.998502, 209, 109, 224, 140
-0.998506, 195, 197, 210, 228
-0.998509, 23, 377, 38, 408
-0.998511, 185, 151, 248, 166
-0.998513, 161, 143, 224, 158
-0.998516, 225, 123, 288, 138
-0.998517, 89, 429, 152, 444
-0.998517, 161, 149, 224, 164
-0.998518, 193, 121, 256, 136
-0.998518, 65, 81, 128, 96
-0.998524, 313, 97, 375, 160
-0.998524, 313, 85, 375, 100
-0.998525, 281, 153, 296, 184
-0.998525, 1, 361, 375, 424
-0.998526, 161, 469, 288, 500
-0.998541, 111, 273, 126, 304
-0.998541, 105, 435, 168, 450
-0.998542, 241, 173, 368, 204
-0.99855, 225, 117, 288, 132
-0.99855, 179, 145, 194, 176
-0.998553, 137, 251, 200, 266
-0.998554, 185, 159, 248, 174
-0.998554, 77, 77, 92, 108
-0.998555, 71, 349, 86, 380
-0.998556, 209, 155, 272, 170
-0.998563, 41, 349, 104, 364
-0.998563, 89, 287, 152, 302
-0.998564, 233, 157, 296, 172
-0.998565, 265, 159, 328, 174
-0.998566, 237, 149, 252, 180
-0.998567, 193, 133, 256, 148
-0.998568, 321, 85, 336, 116
-0.998569, 145, 155, 208, 170
-0.998569, 81, 133, 96, 164
-0.998571, 169, 137, 232, 152
-0.998571, 105, 275, 168, 290
-0.998572, 193, 139, 256, 154
-0.998574, 41, 355, 104, 370
-0.998574, 27, 405, 42, 436
-0.998575, 97, 281, 160, 296
-0.998577, 65, 87, 128, 102
-0.998578, 35, 385, 50, 416
-0.99858, 65, 431, 128, 446
-0.99858, 83, 353, 98, 384
-0.998581, 65, 411, 128, 426
-0.998581, 189, 205, 204, 236
-0.998582, 57, 423, 120, 438
-0.998584, 73, 361, 136, 376
-0.998585, 41, 343, 104, 358
-0.998586, 89, 417, 152, 432
-0.998587, 49, 137, 112, 152
-0.998588, 145, 455, 208, 470
-0.998588, 129, 257, 192, 272
-0.998589, 255, 153, 270, 184
-0.99859, 177, 463, 240, 478
-0.99859, 73, 363, 104, 378
-0.99859, 193, 127, 256, 142
-0.998592, 313, 163, 375, 178
-0.998592, 341, 81, 356, 112
-0.998593, 359, 85, 374, 116
-0.998594, 153, 245, 216, 260
-0.998594, 139, 433, 154, 464
-0.998595, 41, 361, 104, 376
-0.998595, 161, 161, 224, 176
-0.998597, 81, 349, 144, 364
-0.998597, 17, 399, 80, 414
-0.998598, 113, 267, 176, 282
-0.998598, 21, 65, 52, 320
-0.998598, 169, 127, 232, 142
-0.998599, 225, 111, 288, 126
-0.9986, 169, 121, 232, 136
-0.998601, 177, 453, 240, 468
-0.998602, 137, 147, 200, 162
-0.998603, 121, 141, 136, 172
-0.998603, 297, 157, 312, 188
-0.998604, 65, 57, 320, 120
-0.998604, 73, 139, 136, 154
-0.998604, 65, 343, 128, 358
-0.998606, 137, 141, 200, 156
-0.998607, 201, 109, 264, 124
-0.998607, 221, 129, 236, 160
-0.998607, 177, 113, 240, 128
-0.998608, 289, 161, 352, 176
-0.998608, 201, 453, 216, 484
-0.998609, 65, 157, 128, 172
-0.998609, 49, 329, 112, 344
-0.99861, 49, 337, 112, 352
-0.99861, 249, 121, 312, 136
-0.998611, 249, 485, 312, 500
-0.998612, 95, 137, 110, 168
-0.998614, 171, 237, 186, 268
-0.998615, 57, 321, 120, 336
-0.998616, 217, 129, 280, 144
-0.998617, 225, 163, 288, 178
-0.998618, 89, 361, 104, 392
-0.998618, 81, 297, 144, 312
-0.998619, 273, 91, 336, 106
-0.99862, 73, 305, 136, 320
-0.998621, 209, 479, 272, 494
-0.998621, 273, 167, 336, 182
-0.998622, 105, 143, 168, 158
-0.998622, 161, 239, 224, 254
-0.998622, 9, 135, 72, 150
-0.998623, 41, 371, 104, 386
-0.998624, 105, 161, 168, 176
-0.998625, 313, 79, 375, 94
-0.998626, 105, 89, 168, 104
-0.998628, 185, 165, 248, 180
-0.998629, 105, 423, 168, 438
-0.998629, 81, 355, 144, 370
-0.99863, 49, 145, 112, 160
-0.99863, 289, 155, 352, 170
-0.99863, 153, 449, 216, 464
-0.99863, 1, 141, 64, 156
-0.998631, 65, 313, 128, 328
-0.998632, 57, 417, 120, 432
-0.998632, 249, 165, 312, 180
-0.998632, 41, 85, 104, 100
-0.998632, 87, 133, 102, 164
-0.998633, 113, 441, 176, 456
-0.998634, 145, 135, 208, 150
-0.998635, 65, 405, 128, 420
-0.998635, 249, 151, 312, 166
-0.998636, 173, 145, 188, 176
-0.998636, 113, 429, 176, 444
-0.998637, 89, 343, 152, 358
-0.998637, 305, 169, 368, 184
-0.998638, 117, 269, 132, 300
-0.99864, 133, 429, 148, 460
-0.998641, 89, 149, 152, 164
-0.998642, 121, 153, 184, 168
-0.998643, 65, 399, 128, 414
-0.998643, 249, 95, 312, 110
-0.998644, 65, 367, 128, 382
-0.998644, 89, 113, 152, 128
-0.998645, 137, 461, 200, 476
-0.998646, 65, 163, 128, 178
-0.998647, 169, 107, 232, 122
-0.998648, 73, 337, 136, 352
-0.998649, 161, 167, 224, 182
-0.99865, 177, 471, 240, 486
-0.998652, 209, 473, 272, 488
-0.998652, 233, 479, 296, 494
-0.998653, 193, 33, 224, 288
-0.998653, 1, 483, 64, 498
-0.998654, 73, 133, 136, 148
-0.998654, 33, 485, 96, 500
-0.998654, 17, 363, 80, 378
-0.998655, 65, 169, 128, 184
-0.998655, 129, 119, 192, 134
-0.998655, 129, 289, 192, 304
-0.998656, 313, 157, 375, 172
-0.998657, 225, 149, 288, 164
-0.998657, 137, 281, 200, 296
-0.998657, 105, 261, 168, 276
-0.998658, 17, 393, 80, 408
-0.998658, 25, 143, 88, 158
-0.998659, 217, 91, 280, 106
-0.99866, 161, 227, 224, 242
-0.998661, 41, 131, 104, 146
-0.998662, 169, 233, 232, 248
-0.998662, 145, 263, 208, 278
-0.998663, 145, 269, 208, 284
-0.998663, 73, 331, 136, 346
-0.998664, 289, 149, 352, 164
-0.998666, 191, 145, 206, 176
-0.998671, 63, 321, 78, 352
-0.998671, 311, 157, 326, 188
-0.998675, 163, 245, 178, 276
-0.998677, 121, 409, 136, 440
-0.99868, 229, 113, 260, 128
-0.998689, 101, 81, 116, 112
-0.998693, 213, 453, 228, 484
-0.998701, 135, 141, 150, 172
-0.998701, 89, 421, 104, 452
-0.998702, 315, 89, 330, 120
-0.998706, 11, 129, 26, 160
-0.998709, 43, 393, 58, 424
-0.998714, 111, 389, 126, 420
-0.998717, 105, 277, 120, 308
-0.998721, 77, 337, 92, 368
-0.998722, 145, 229, 272, 260
-0.998723, 91, 77, 106, 108
-0.998728, 229, 121, 244, 152
-0.998729, 351, 85, 366, 116
-0.998731, 205, 149, 220, 180
-0.998735, 65, 257, 96, 500
-0.998739, 85, 73, 100, 104
-0.998741, 127, 137, 142, 168
-0.998741, 129, 313, 192, 376
-0.998744, 69, 81, 84, 112
-0.998747, 29, 381, 44, 412
-0.998752, 45, 65, 76, 320
-0.998754, 59, 133, 74, 164
-0.998755, 61, 33, 92, 288
-0.99876, 303, 157, 318, 188
-0.998765, 33, 65, 64, 320
-0.998766, 95, 337, 110, 464
-0.998767, 113, 289, 240, 320
-0.998771, 97, 341, 112, 372
-0.998774, 141, 193, 172, 320
-0.998775, 333, 157, 348, 188
-0.998776, 285, 89, 300, 120
-0.998777, 273, 153, 288, 184
-0.998778, 123, 265, 138, 296
-0.998793, 269, 89, 284, 120
-0.998796, 75, 133, 90, 164
-0.998798, 101, 137, 116, 168
-0.998802, 163, 141, 178, 172
-0.998804, 335, 81, 350, 112
-0.998808, 165, 161, 196, 416
-0.998811, 143, 253, 158, 284
-0.998812, 97, 429, 224, 460
-0.998813, 321, 157, 336, 188
-0.998814, 177, 353, 240, 480
-0.998815, 39, 133, 54, 164
-0.998817, 195, 169, 210, 200
-0.998819, 309, 93, 324, 124
-0.99882, 213, 465, 228, 496
-0.998822, 109, 377, 124, 408
-0.998822, 81, 309, 96, 340
-0.998828, 49, 133, 64, 164
-0.998831, 293, 89, 308, 120
-0.998837, 205, 113, 220, 240
-0.998839, 49, 257, 176, 288
-0.998839, 161, 201, 288, 264
-0.998842, 65, 329, 192, 360
-0.998842, 141, 161, 172, 416
-0.998874, 121, 209, 184, 272
-0.998882, 1, 121, 128, 152
-0.998884, 65, 469, 192, 500
-0.998886, 93, 423, 124, 438
-0.998895, 115, 337, 130, 464
-0.998901, 1, 469, 128, 500
-0.998905, 225, 57, 288, 120
-0.99891, 161, 57, 288, 120
-0.998919, 109, 337, 124, 464
-0.998919, 69, 161, 100, 416
-0.998937, 177, 409, 240, 472
-0.998939, 73, 161, 104, 288
-0.998941, 293, 161, 324, 416
-0.998942, 81, 453, 208, 484
-0.998949, 17, 97, 144, 128
-0.998961, 53, 33, 84, 160
-0.998992, 241, 105, 368, 136
-0.999002, 85, 129, 116, 384
-0.999003, 193, 145, 224, 160
-0.999004, 49, 41, 112, 104
-0.999005, 29, 321, 60, 448
-0.999025, 45, 257, 76, 500
-0.999028, 169, 57, 232, 120
-0.99905, 103, 321, 118, 448
-0.999061, 213, 117, 244, 132
-0.999087, 117, 161, 148, 416
-0.999103, 101, 417, 132, 432
-0.999106, 177, 453, 304, 484
-0.999122, 81, 221, 208, 252
-0.999131, 277, 161, 308, 416
-0.999136, 325, 161, 356, 416
-0.999137, 141, 257, 172, 500
-0.999141, 67, 305, 82, 432
-0.999152, 153, 161, 184, 416
-0.999175, 193, 17, 320, 144
-0.999175, 337, 161, 368, 416
-0.999181, 211, 97, 226, 224
-0.999204, 1, 301, 128, 332
-0.999212, 305, 33, 336, 160
-0.999218, 305, 161, 336, 416
-0.999223, 49, 405, 176, 436
-0.999238, 55, 321, 70, 448
-0.999263, 111, 289, 126, 416
-0.999274, 65, 393, 192, 424
-0.999275, 145, 261, 272, 292
-0.999278, 191, 145, 206, 272
-0.999281, 203, 65, 218, 192
-0.999292, 185, 33, 216, 160
-0.999314, 65, 241, 192, 272
-0.999325, 311, 81, 326, 208
-0.999325, 89, 225, 152, 288
-0.99933, 265, 161, 296, 416
-0.999332, 145, 433, 272, 496
-0.999345, 17, 289, 144, 320
-0.99935, 285, 81, 300, 208
-0.999367, 61, 305, 76, 432
-0.99937, 187, 81, 202, 208
-0.999371, 305, 81, 320, 208
-0.999381, 101, 65, 116, 192
-0.999388, 237, 161, 268, 416
-0.999389, 205, 161, 236, 416
-0.999392, 345, 65, 360, 192
-0.999392, 221, 113, 236, 240
-0.999396, 97, 305, 224, 336
-0.999398, 195, 65, 210, 192
-0.999409, 355, 81, 370, 208
-0.999415, 101, 369, 116, 496
-0.999421, 73, 305, 88, 432
-0.999422, 227, 81, 242, 208
-0.999422, 89, 289, 104, 416
-0.999427, 293, 81, 308, 208
-0.999431, 161, 213, 288, 244
-0.999432, 191, 193, 206, 320
-0.999436, 75, 65, 90, 192
-0.999439, 277, 81, 292, 208
-0.999444, 87, 337, 102, 464
-0.999451, 241, 129, 368, 160
-0.999451, 253, 161, 284, 416
-0.999454, 271, 81, 286, 208
-0.999456, 103, 273, 118, 400
-0.999458, 97, 433, 352, 496
-0.999479, 299, 81, 314, 208
-0.999479, 51, 65, 66, 192
-0.999481, 123, 81, 138, 208
-0.999483, 9, 257, 40, 500
-0.999486, 221, 161, 252, 416
-0.999486, 81, 317, 208, 348
-0.999488, 257, 81, 272, 208
-0.999488, 27, 65, 42, 192
-0.9995, 57, 129, 88, 384
-0.999508, 115, 81, 130, 208
-0.999517, 107, 65, 122, 192
-0.999518, 319, 81, 334, 208
-0.999531, 239, 81, 254, 208
-0.999532, 63, 81, 78, 208
-0.999534, 153, 257, 184, 500
-0.999538, 265, 81, 280, 208
-0.999541, 361, 65, 375, 192
-0.999544, 247, 113, 262, 240
-0.999547, 17, 65, 32, 192
-0.999556, 33, 173, 160, 204
-0.999557, 275, 157, 290, 172
-0.999557, 75, 137, 90, 152
-0.999558, 99, 431, 114, 446
-0.999559, 223, 471, 238, 486
-0.999559, 235, 109, 250, 124
-0.999559, 107, 87, 122, 102
-0.99956, 215, 475, 230, 490
-0.99956, 145, 253, 160, 268
-0.999561, 115, 271, 130, 286
-0.999561, 209, 143, 224, 158
-0.999561, 65, 323, 80, 338
-0.999562, 49, 273, 80, 400
-0.999562, 213, 451, 228, 466
-0.999563, 233, 153, 248, 168
-0.999563, 211, 117, 226, 132
-0.999563, 87, 77, 102, 92
-0.999563, 281, 157, 296, 172
-0.999563, 147, 439, 162, 454
-0.999564, 81, 137, 96, 152
-0.999565, 129, 261, 144, 276
-0.999565, 175, 239, 190, 254
-0.999566, 115, 427, 130, 442
-0.999566, 89, 357, 104, 372
-0.999566, 173, 149, 188, 164
-0.999566, 103, 283, 118, 298
-0.999566, 121, 267, 136, 282
-0.999567, 163, 81, 178, 208
-0.999567, 257, 121, 272, 136
-0.999567, 121, 413, 136, 428
-0.999568, 327, 65, 342, 192
-0.999568, 141, 433, 156, 448
-0.999568, 97, 287, 112, 302
-0.999568, 143, 461, 158, 476
-0.999569, 239, 153, 254, 168
-0.999569, 61, 353, 76, 480
-0.999569, 271, 93, 286, 108
-0.999569, 25, 411, 40, 426
-0.99957, 211, 159, 226, 174
-0.999571, 97, 397, 112, 412
-0.999571, 67, 365, 82, 380
-0.999571, 133, 437, 148, 452
-0.999572, 193, 203, 208, 218
-0.999572, 73, 353, 88, 368
-0.999572, 161, 247, 176, 262
-0.999573, 101, 81, 116, 96
-0.999574, 95, 391, 110, 406
-0.999574, 75, 81, 90, 96
-0.999575, 203, 453, 218, 468
-0.999576, 103, 399, 118, 414
-0.999576, 195, 167, 210, 182
-0.999576, 315, 91, 330, 106
-0.999577, 97, 355, 112, 370
-0.999577, 237, 123, 252, 138
-0.999577, 101, 343, 116, 358
-0.999578, 87, 65, 102, 192
-0.999578, 219, 131, 234, 146
-0.999578, 179, 233, 194, 248
-0.999578, 109, 277, 124, 292
-0.999579, 91, 293, 106, 308
-0.99958, 321, 87, 336, 102
-0.999581, 249, 155, 264, 170
-0.999581, 85, 351, 100, 366
-0.999582, 217, 111, 248, 126
-0.999583, 91, 377, 106, 392
-0.999583, 93, 383, 108, 398
-0.999584, 187, 219, 202, 234
-0.999584, 111, 367, 126, 382
-0.999585, 79, 303, 94, 318
-0.999585, 5, 65, 20, 192
-0.999586, 209, 151, 224, 166
-0.999586, 69, 317, 84, 332
-0.999587, 109, 401, 124, 416
-0.999588, 287, 159, 302, 174
-0.999588, 115, 359, 130, 374
-0.999588, 23, 381, 38, 396
-0.999588, 101, 379, 116, 394
-0.999588, 191, 209, 206, 224
-0.999588, 119, 419, 134, 434
-0.99959, 345, 85, 360, 100
-0.999591, 117, 353, 132, 368
-0.999593, 183, 227, 198, 242
-0.999594, 183, 129, 198, 256
-0.999594, 75, 309, 90, 324
-0.999595, 101, 363, 116, 378
-0.999595, 153, 81, 168, 208
-0.999596, 99, 405, 114, 420
-0.999598, 85, 299, 100, 314
-0.999601, 105, 393, 120, 408
-0.999601, 223, 477, 238, 492
-0.999601, 11, 65, 26, 192
-0.999601, 181, 149, 196, 164
-0.999603, 181, 209, 196, 336
-0.999603, 119, 347, 134, 362
-0.999603, 103, 387, 118, 402
-0.999605, 95, 345, 110, 360
-0.999605, 81, 77, 96, 92
-0.999606, 249, 119, 264, 134
-0.999609, 83, 359, 98, 374
-0.999609, 121, 427, 136, 442
-0.99961, 227, 119, 242, 134
-0.999611, 197, 155, 212, 170
-0.999614, 299, 91, 314, 106
-0.999614, 135, 431, 150, 446
-0.999614, 57, 81, 72, 208
-0.999614, 197, 149, 212, 164
-0.999615, 87, 425, 102, 440
-0.999615, 113, 339, 128, 354
-0.999617, 221, 459, 236, 474
-0.999617, 95, 361, 110, 376
-0.99962, 115, 407, 130, 422
-0.999621, 127, 429, 142, 444
-0.999622, 91, 351, 106, 366
-0.999623, 35, 387, 50, 402
-0.999624, 193, 77, 320, 108
-0.999627, 115, 433, 130, 448
-0.999627, 195, 161, 210, 176
-0.999628, 177, 257, 208, 500
-0.999629, 329, 81, 344, 96
-0.999631, 97, 415, 112, 430
-0.999635, 109, 429, 124, 444
-0.999636, 209, 123, 224, 138
-0.999641, 37, 65, 52, 192
-0.999642, 187, 151, 202, 166
-0.999643, 97, 233, 352, 296
-0.999643, 185, 157, 200, 172
-0.999644, 145, 77, 272, 108
-0.999649, 235, 115, 250, 130
-0.999649, 27, 405, 42, 420
-0.999655, 199, 143, 214, 158
-0.999655, 31, 395, 46, 410
-0.999657, 81, 65, 96, 192
-0.999658, 105, 421, 120, 436
-0.99966, 339, 65, 354, 192
-0.99966, 113, 419, 128, 434
-0.999661, 125, 435, 140, 450
-0.999662, 203, 137, 218, 152
-0.999662, 233, 81, 248, 208
-0.999667, 103, 355, 118, 370
-0.999669, 145, 65, 160, 192
-0.999669, 333, 65, 348, 192
-0.999672, 93, 423, 108, 438
-0.999684, 205, 131, 220, 146
-0.999685, 241, 117, 256, 132
-0.999695, 49, 337, 64, 464
-0.999696, 1, 433, 128, 464
-0.999702, 193, 177, 320, 208
-0.999703, 1, 313, 375, 376
-0.999705, 223, 111, 238, 126
-0.999708, 229, 113, 244, 128
-0.999712, 105, 407, 120, 422
-0.999712, 69, 65, 84, 192
-0.999715, 129, 81, 144, 208
-0.999716, 105, 349, 120, 364
-0.999716, 45, 81, 60, 208
-0.999721, 99, 421, 114, 436
-0.999722, 123, 257, 138, 384
-0.999724, 165, 257, 196, 500
-0.999725, 173, 81, 188, 208
-0.999727, 97, 77, 224, 108
-0.99973, 217, 113, 232, 128
-0.999736, 111, 241, 126, 368
-0.999745, 21, 257, 52, 500
-0.999755, 197, 177, 212, 304
-0.999763, 115, 413, 130, 428
-0.999764, 33, 257, 64, 500
-0.99977, 105, 413, 120, 428
-0.999774, 111, 345, 126, 360
-0.999778, 67, 353, 82, 480
-0.99978, 1, 69, 128, 100
-0.999789, 129, 241, 144, 368
-0.999792, 33, 33, 64, 160
-0.999795, 135, 241, 150, 368
-0.999801, 97, 289, 112, 416
-0.999806, 217, 65, 232, 192
-0.99981, 29, 369, 44, 496
-0.999816, 79, 289, 94, 416
-0.999821, 37, 129, 68, 256
-0.999833, 1, 401, 64, 464
-0.999834, 203, 161, 218, 288
-0.999835, 95, 65, 110, 192
-0.999849, 193, 225, 224, 480
-0.999855, 233, 49, 264, 176
-0.999867, 193, 441, 320, 472
-0.999874, 117, 257, 132, 384
-0.999879, 141, 241, 156, 368
-0.999881, 179, 81, 194, 208
-0.999883, 241, 129, 256, 256
-0.999907, 121, 305, 136, 432
-0.99992, 33, 449, 160, 480
-0.99992, 97, 405, 224, 436
-0.99993, 157, 225, 172, 352
-0.999937, 145, 273, 272, 304
-0.99997, 233, 129, 248, 256
-0.99997, 25, 161, 88, 288
-0.999974, 287, 145, 302, 272
-0.99998, 209, 465, 336, 496
-0.99998, 39, 353, 54, 480
-0.999981, 77, 353, 92, 480
-0.999984, 41, 161, 72, 416
-0.999985, 139, 65, 154, 192
-0.999988, 193, 369, 320, 496
-0.99999, 1, 277, 128, 308
-1, 277, 145, 292, 272
-1.00003, 97, 209, 224, 240
-1.00004, 293, 145, 308, 272
-1.00004, 175, 209, 190, 336
-1.00005, 81, 181, 208, 212
-1.00007, 211, 145, 226, 272
-1.00008, 151, 241, 166, 368
-1.00008, 163, 225, 178, 352
-1.00009, 29, 161, 60, 416
-1.00011, 227, 129, 242, 256
-1.00012, 301, 129, 316, 256
-1.00012, 309, 145, 324, 272
-1.00012, 337, 17, 368, 144
-1.00012, 1, 161, 32, 416
-1.00013, 145, 177, 272, 208
-1.00013, 55, 369, 70, 496
-1.00014, 251, 65, 266, 192
-1.00015, 153, 289, 216, 352
-1.00015, 169, 225, 184, 352
-1.00016, 111, 145, 126, 272
-1.00016, 177, 129, 192, 256
-1.00016, 135, 145, 150, 272
-1.00017, 165, 257, 196, 384
-1.00017, 253, 129, 268, 256
-1.00017, 17, 245, 144, 276
-1.00017, 263, 145, 278, 272
-1.00017, 81, 65, 208, 96
-1.00018, 209, 49, 224, 176
-1.00019, 245, 65, 260, 192
-1.00019, 1, 257, 128, 288
-1.00019, 125, 129, 140, 256
-1.00019, 165, 129, 180, 256
-1.00019, 155, 129, 170, 256
-1.00019, 15, 369, 30, 496
-1.0002, 81, 357, 208, 388
-1.0002, 145, 441, 272, 472
-1.0002, 119, 145, 134, 272
-1.00021, 143, 113, 158, 240
-1.00021, 209, 257, 240, 500
-1.00021, 269, 161, 284, 288
-1.00022, 171, 129, 186, 256
-1.00022, 51, 113, 66, 240
-1.00023, 5, 113, 20, 240
-1.00024, 1, 385, 375, 448
-1.00024, 319, 145, 334, 272
-1.00024, 9, 369, 24, 496
-1.00025, 241, 257, 304, 500
-1.00026, 3, 369, 18, 496
-1.00026, 1, 433, 64, 496
-1.00026, 11, 113, 26, 240
-1.00027, 71, 113, 86, 240
-1.00027, 21, 369, 36, 496
-1.00027, 193, 257, 256, 500
-1.00027, 13, 161, 44, 416
-1.00027, 361, 113, 375, 240
-1.00028, 345, 113, 360, 240
-1.00029, 247, 161, 262, 288
-1.00029, 121, 353, 136, 480
-1.00031, 257, 257, 288, 500
-1.00031, 281, 33, 312, 160
-1.00036, 113, 33, 144, 160
-1.00036, 301, 257, 332, 500
-1.00036, 241, 193, 368, 224
-1.00037, 329, 257, 360, 500
-1.00037, 241, 257, 272, 500
-1.00039, 341, 257, 372, 500
-1.0004, 225, 65, 352, 96
-1.0004, 185, 1, 248, 128
-1.00041, 313, 257, 344, 500
-1.00042, 113, 333, 240, 364
-1.00043, 129, 185, 375, 248
-1.00043, 153, 33, 184, 160
-1.00044, 221, 257, 252, 500
-1.00046, 269, 257, 300, 500
-1.00048, 289, 257, 320, 500
-1.00066, 93, 225, 124, 352
-1.00067, 81, 193, 208, 224
-1.00071, 33, 185, 160, 216
-1.00072, 193, 189, 320, 220
-1.00074, 145, 429, 272, 460
-1.00076, 1, 193, 256, 256
-1.00082, 193, 225, 320, 256
-1.00082, 1, 265, 128, 328
-1.00084, 297, 257, 360, 500
-1.00086, 117, 209, 148, 336
-1.00086, 225, 453, 352, 484
-1.00088, 161, 201, 288, 232
-1.00088, 177, 241, 304, 272
-1.00097, 33, 229, 160, 260
-1.00098, 177, 225, 304, 288
-1.00098, 129, 417, 256, 448
-1.00099, 97, 381, 224, 412
-1.00104, 65, 225, 128, 288
-1.00105, 129, 209, 375, 272
-1.00106, 93, 17, 124, 144
-1.00112, 129, 317, 256, 348
-1.00114, 145, 305, 272, 336
-1.00114, 241, 205, 368, 236
-1.00115, 145, 189, 272, 220
-1.00116, 1, 409, 375, 472
-1.00119, 325, 17, 356, 144
-1.00123, 161, 285, 288, 316
-1.00125, 289, 193, 352, 320
-1.00126, 265, 33, 296, 160
-1.00136, 77, 17, 108, 144
-1.00138, 49, 381, 176, 412
-1.0014, 1, 53, 128, 84
-1.00145, 293, 33, 324, 160
-1.00146, 225, 41, 352, 104
-1.00146, 65, 369, 192, 400
-1.00147, 121, 185, 184, 248
-1.00148, 33, 197, 160, 228
-1.0015, 1, 433, 375, 496
-1.00152, 133, 33, 164, 160
-1.00156, 241, 53, 368, 84
-1.00159, 193, 357, 320, 388
-1.00163, 49, 53, 176, 84
-1.00163, 241, 349, 368, 380
-1.00163, 145, 353, 272, 384
-1.00163, 241, 365, 368, 396
-1.00163, 241, 441, 368, 472
-1.00163, 61, 161, 92, 288
-1.00167, 193, 253, 320, 284
-1.00169, 225, 429, 352, 460
-1.00175, 129, 369, 160, 496
-1.00176, 1, 281, 375, 344
-1.00177, 129, 409, 375, 472
-1.00178, 33, 217, 160, 280
-1.00185, 1, 337, 375, 400
-1.0019, 1, 241, 64, 368
-1.0019, 265, 257, 328, 500
-1.00192, 129, 281, 375, 344
-1.00198, 73, 241, 104, 368
-1.00199, 1, 169, 375, 232
-1.00203, 97, 377, 352, 440
-1.00208, 1, 217, 256, 280
-1.0022, 249, 369, 312, 496
-1.00223, 281, 193, 344, 256
-1.00229, 145, 409, 272, 472
-1.00242, 165, 33, 196, 160
-1.00254, 217, 257, 280, 500
-1.00257, 249, 41, 312, 104
-1.00262, 241, 193, 368, 256
-1.00264, 1, 57, 375, 120
-1.00279, 253, 33, 284, 160
-1.00282, 1, 249, 375, 312
-1.00282, 221, 33, 252, 160
-1.00286, 25, 33, 88, 96
-1.00286, 201, 209, 264, 272
-1.00289, 89, 185, 152, 248
-1.00296, 209, 185, 272, 248
-1.00299, 1, 17, 32, 144
-1.003, 97, 321, 352, 448
-1.00303, 153, 273, 184, 400
-1.00308, 185, 257, 248, 320
-1.00317, 129, 313, 375, 376
-1.00319, 5, 321, 36, 448
-1.00324, 129, 41, 192, 104
-1.0033, 97, 345, 352, 408
-1.00343, 273, 337, 336, 464
-1.00345, 273, 33, 336, 96
-1.00349, 313, 337, 375, 464
-1.0035, 97, 33, 352, 96
-1.0035, 153, 177, 184, 304
-1.00354, 37, 273, 68, 400
-1.00355, 201, 409, 264, 472
-1.00358, 129, 297, 256, 360
-1.0036, 217, 369, 280, 496
-1.00372, 209, 1, 272, 128
-1.00376, 1, 25, 256, 88
-1.0038, 129, 1, 375, 64
-1.00382, 265, 433, 328, 496
-1.00382, 33, 1, 288, 64
-1.00386, 17, 321, 48, 448
-1.00388, 241, 185, 304, 248
-1.00388, 21, 17, 52, 144
-1.00404, 233, 321, 296, 448
-1.00417, 33, 193, 160, 256
-1.00418, 1, 281, 64, 344
-1.00451, 161, 273, 288, 336
-1.00457, 1, 161, 64, 288
-1.00457, 105, 209, 136, 336
-1.00458, 241, 353, 368, 480
-1.00459, 193, 409, 320, 472
-1.00463, 241, 193, 368, 320
-1.00478, 1, 193, 375, 256
-1.00479, 113, 41, 240, 104
-1.00499, 129, 321, 256, 384
-1.00514, 273, 289, 336, 416
-1.00537, 113, 345, 240, 408
-1.00557, 193, 305, 256, 432
-1.0056, 205, 17, 236, 144
-1.00563, 185, 257, 248, 384
-1.00564, 241, 345, 368, 408
-1.00564, 241, 433, 368, 496
-1.00569, 313, 289, 375, 416
-1.0057, 177, 257, 208, 384
-1.00571, 193, 353, 320, 416
-1.00581, 229, 177, 260, 304
-1.00595, 1, 17, 128, 80
-1.00601, 65, 17, 96, 144
-1.00605, 169, 305, 232, 432
-1.00611, 241, 409, 368, 472
-1.00612, 225, 273, 288, 400
-1.00621, 225, 17, 352, 80
-1.00644, 141, 369, 172, 496
-1.00648, 241, 321, 368, 384
-1.00654, 1, 9, 375, 72
-1.00657, 1, 225, 375, 288
-1.00658, 241, 369, 368, 432
-1.00665, 193, 321, 320, 384
-1.00665, 177, 377, 304, 440
-1.00668, 249, 273, 312, 400
-1.00672, 153, 369, 184, 496
-1.00673, 193, 249, 320, 312
-1.00676, 181, 369, 212, 496
-1.00676, 1, 33, 375, 96
-1.00683, 49, 33, 176, 96
-1.00689, 213, 177, 244, 304
-1.00693, 201, 369, 232, 496
-1.00701, 189, 241, 220, 368
-1.00702, 193, 297, 320, 360
-1.00703, 225, 225, 288, 352
-1.00705, 313, 193, 344, 320
-1.00713, 241, 281, 368, 344
-1.00719, 57, 225, 88, 352
-1.0072, 161, 273, 288, 400
-1.0072, 177, 321, 304, 448
-1.00721, 325, 193, 356, 320
-1.00725, 177, 33, 304, 96
-1.00727, 193, 209, 320, 336
-1.00727, 241, 257, 368, 320
-1.00731, 81, 9, 208, 72
-1.00731, 177, 9, 304, 72
-1.00731, 129, 17, 256, 80
-1.00731, 241, 233, 368, 296
-1.00747, 297, 241, 360, 368
-1.00754, 241, 305, 368, 432
-1.00759, 265, 225, 328, 352
-1.00808, 241, 1, 272, 128
-1.00827, 165, 353, 196, 480
-1.00867, 345, 209, 375, 336
-1.0093, 225, 257, 352, 384
