1869
-0.309068, 225, 1, 480, 333
-0.311654, 97, 1, 352, 333
-0.332003, 1, 1, 500, 333
-0.345122, 1, 33, 500, 288
-0.47621, 1, 1, 256, 333
-0.530201, 257, 1, 500, 256
-0.583818, 1, 65, 256, 320
-0.656035, 97, 33, 352, 288
-0.805323, 273, 1, 400, 256
-0.825605, 289, 1, 416, 333
-0.829439, 209, 1, 336, 333
-0.832383, 113, 1, 240, 333
-0.849791, 337, 1, 464, 333
-0.853865, 161, 1, 288, 333
-0.862665, 321, 65, 448, 320
-0.863698, 33, 65, 160, 320
-0.864781, 33, 1, 160, 333
-0.870066, 1, 113, 500, 240
-0.872862, 1, 209, 500, 333
-0.873518, 209, 33, 336, 288
-0.877171, 81, 65, 208, 320
-0.884816, 369, 33, 496, 288
-0.888072, 1, 49, 500, 176
-0.890192, 1, 161, 500, 288
-0.891663, 129, 33, 256, 288
-0.90166, 225, 49, 480, 176
-0.905734, 65, 81, 320, 208
-0.909783, 65, 193, 320, 320
-0.917935, 161, 177, 416, 304
-0.921769, 225, 97, 480, 224
-0.923576, 145, 177, 272, 304
-0.924921, 97, 33, 352, 160
-0.927801, 209, 161, 336, 288
-0.929061, 33, 129, 288, 256
-0.932662, 273, 33, 400, 160
-0.933454, 97, 209, 224, 333
-0.934512, 193, 49, 320, 176
-0.934561, 33, 129, 160, 256
-0.935132, 209, 177, 272, 304
-0.935679, 33, 65, 160, 192
-0.937769, 33, 65, 96, 192
-0.938356, 49, 209, 176, 333
-0.938487, 337, 65, 464, 192
-0.938782, 209, 209, 336, 333
-0.939736, 289, 81, 416, 208
-0.93994, 337, 49, 400, 176
-0.940273, 57, 113, 120, 240
-0.94066, 209, 185, 272, 248
-0.941131, 105, 209, 168, 333
-0.941819, 305, 33, 368, 160
-0.942385, 257, 177, 500, 304
-0.942671, 113, 65, 240, 192
-0.94323, 241, 209, 304, 333
-0.943844, 1, 1, 500, 128
-0.94443, 73, 49, 136, 176
-0.944647, 81, 209, 144, 333
-0.944773, 209, 97, 336, 224
-0.946112, 137, 209, 200, 333
-0.946442, 177, 193, 240, 320
-0.946755, 33, 81, 96, 144
-0.946925, 81, 113, 208, 240
-0.948058, 129, 129, 384, 256
-0.94926, 257, 161, 320, 288
-0.94959, 225, 49, 288, 176
-0.949939, 249, 49, 312, 176
-0.950497, 273, 177, 400, 304
-0.950734, 369, 65, 432, 192
-0.951451, 33, 113, 96, 240
-0.951623, 81, 129, 144, 256
-0.951759, 369, 209, 432, 333
-0.951959, 265, 209, 328, 333
-0.952, 105, 209, 168, 272
-0.952334, 185, 49, 248, 176
-0.952679, 1, 33, 64, 160
-0.952752, 9, 97, 72, 224
-0.952891, 257, 1, 500, 128
-0.953553, 113, 81, 176, 208
-0.953619, 209, 129, 272, 256
-0.954389, 297, 81, 360, 208
-0.954445, 249, 97, 312, 224
-0.95464, 401, 145, 464, 272
-0.954923, 369, 161, 496, 288
-0.954966, 73, 241, 136, 304
-0.955229, 177, 193, 240, 256
-0.955246, 41, 113, 104, 176
-0.956334, 329, 1, 392, 128
-0.956412, 241, 217, 304, 280
-0.956492, 145, 49, 208, 176
-0.956917, 225, 273, 288, 333
-0.957767, 273, 33, 336, 160
-0.957909, 73, 73, 136, 136
-0.958194, 233, 145, 296, 272
-0.958397, 329, 41, 392, 104
-0.958419, 113, 265, 176, 328
-0.958735, 65, 113, 128, 176
-0.958935, 1, 33, 256, 160
-0.959126, 177, 217, 240, 280
-0.959495, 417, 97, 480, 224
-0.959593, 97, 233, 160, 296
-0.959633, 33, 177, 96, 304
-0.959692, 249, 161, 312, 224
-0.959694, 217, 209, 280, 272
-0.960039, 265, 233, 328, 296
-0.960116, 1, 89, 64, 152
-0.960124, 201, 265, 264, 328
-0.960302, 137, 217, 200, 280
-0.960493, 273, 41, 336, 104
-0.960816, 273, 41, 400, 104
-0.960888, 1, 177, 128, 304
-0.961131, 337, 17, 464, 144
-0.961202, 289, 129, 416, 256
-0.96129, 161, 193, 288, 256
-0.961355, 305, 25, 368, 88
-0.961527, 337, 113, 464, 240
-0.962276, 113, 145, 176, 272
-0.962354, 129, 113, 256, 240
-0.96245, 17, 81, 144, 144
-0.962517, 353, 49, 416, 112
-0.962697, 145, 17, 272, 144
-0.963041, 273, 257, 336, 320
-0.963111, 97, 161, 224, 288
-0.963193, 313, 65, 376, 128
-0.963426, 369, 113, 432, 240
-0.96354, 209, 241, 272, 304
-0.963956, 329, 1, 392, 256
-0.964055, 33, 57, 96, 120
-0.964249, 61, 81, 92, 208
-0.964476, 329, 97, 392, 224
-0.964649, 17, 113, 144, 176
-0.965071, 249, 121, 312, 184
-0.965582, 25, 1, 88, 128
-0.965655, 249, 209, 280, 333
-0.9659, 33, 17, 160, 144
-0.966114, 129, 185, 192, 248
-0.966447, 237, 209, 268, 333
-0.966537, 121, 33, 184, 160
-0.966552, 361, 33, 392, 160
-0.96666, 433, 49, 496, 176
-0.966944, 353, 209, 480, 333
-0.967082, 297, 193, 360, 320
-0.967128, 129, 217, 256, 280
-0.967666, 1, 209, 64, 333
-0.967716, 393, 49, 456, 176
-0.967947, 81, 209, 144, 272
-0.967948, 401, 137, 464, 200
-0.96824, 153, 193, 216, 256
-0.968428, 233, 249, 296, 312
-0.968559, 329, 97, 392, 160
-0.968952, 145, 57, 208, 120
-0.969007, 129, 209, 160, 333
-0.96905, 129, 273, 256, 333
-0.969071, 369, 217, 432, 280
-0.969131, 49, 273, 176, 333
-0.969174, 113, 65, 176, 128
-0.969488, 369, 17, 432, 144
-0.96949, 337, 73, 400, 136
-0.969696, 65, 49, 128, 112
-0.969754, 273, 209, 336, 272
-0.969875, 145, 265, 208, 328
-0.969957, 433, 121, 496, 184
-0.970078, 89, 129, 152, 192
-0.970352, 177, 273, 304, 333
-0.970729, 185, 89, 248, 152
-0.970821, 177, 97, 240, 224
-0.971031, 65, 137, 128, 200
-0.971106, 145, 81, 208, 144
-0.971123, 153, 161, 216, 288
-0.971145, 409, 161, 472, 224
-0.971266, 209, 185, 336, 248
-0.971391, 241, 65, 304, 128
-0.971534, 121, 89, 184, 152
-0.971604, 217, 97, 280, 160
-0.971669, 17, 57, 144, 120
-0.971705, 81, 209, 208, 272
-0.971943, 273, 97, 336, 224
-0.972138, 57, 161, 120, 288
-0.972186, 305, 105, 368, 168
-0.972197, 73, 81, 104, 208
-0.972212, 201, 57, 264, 120
-0.972236, 273, 1, 336, 256
-0.972348, 289, 137, 352, 200
-0.972396, 361, 273, 424, 333
-0.972488, 361, 33, 424, 288
-0.972542, 209, 89, 336, 152
-0.972581, 49, 241, 176, 304
-0.972591, 297, 1, 360, 256
-0.972596, 217, 209, 248, 333
-0.972654, 289, 81, 352, 144
-0.972746, 377, 57, 440, 120
-0.972748, 369, 121, 432, 184
-0.972766, 37, 97, 68, 224
-0.972932, 217, 121, 280, 184
-0.972942, 17, 1, 80, 64
-0.973021, 137, 97, 200, 224
-0.97311, 249, 97, 312, 160
-0.973192, 57, 65, 120, 320
-0.973193, 1, 25, 64, 88
-0.973201, 117, 193, 148, 320
-0.973262, 337, 33, 368, 160
-0.973311, 1, 49, 64, 112
-0.973356, 33, 65, 96, 320
-0.973429, 17, 273, 80, 333
-0.973515, 349, 49, 380, 176
-0.973581, 241, 193, 304, 256
-0.97365, 85, 129, 116, 256
-0.973669, 33, 169, 160, 232
-0.973946, 209, 217, 336, 280
-0.973969, 257, 73, 384, 136
-0.974144, 261, 209, 292, 333
-0.974175, 33, 161, 96, 224
-0.974344, 13, 1, 44, 128
-0.974376, 81, 161, 144, 224
-0.974443, 209, 1, 336, 128
-0.97445, 193, 57, 320, 120
-0.974501, 113, 57, 240, 120
-0.974517, 321, 33, 352, 160
-0.974571, 121, 241, 184, 304
-0.974723, 49, 81, 80, 208
-0.974806, 141, 209, 172, 333
-0.974873, 217, 185, 248, 248
-0.974918, 117, 217, 148, 280
-0.97503, 97, 105, 224, 168
-0.975184, 241, 49, 272, 176
-0.975202, 145, 105, 208, 168
-0.975264, 329, 17, 392, 80
-0.975301, 297, 241, 360, 304
-0.975459, 125, 265, 156, 328
-0.975496, 97, 89, 160, 152
-0.97573, 289, 209, 416, 272
-0.975903, 97, 113, 128, 240
-0.975937, 237, 129, 268, 256
-0.975942, 357, 41, 388, 104
-0.976103, 433, 145, 496, 208
-0.976125, 225, 241, 352, 304
-0.976203, 337, 49, 464, 112
-0.976226, 45, 81, 76, 144
-0.976235, 209, 121, 336, 184
-0.976283, 393, 193, 456, 320
-0.976353, 237, 185, 268, 248
-0.976368, 185, 113, 248, 176
-0.976376, 245, 225, 276, 288
-0.976445, 273, 33, 304, 160
-0.976783, 217, 145, 280, 208
-0.976791, 65, 57, 192, 120
-0.976805, 265, 185, 328, 248
-0.976813, 185, 1, 248, 128
-0.976879, 137, 265, 168, 328
-0.976931, 97, 121, 128, 184
-0.977158, 105, 209, 136, 333
-0.977222, 209, 161, 336, 224
-0.977225, 149, 49, 180, 176
-0.977401, 293, 177, 324, 304
-0.977416, 113, 249, 240, 312
-0.977417, 425, 33, 488, 288
-0.977435, 105, 41, 168, 104
-0.977456, 97, 33, 160, 288
-0.977501, 393, 193, 456, 256
-0.977516, 217, 49, 248, 176
-0.977517, 17, 121, 80, 184
-0.97754, 49, 257, 112, 320
-0.977553, 89, 273, 152, 333
-0.977612, 113, 185, 240, 248
-0.977616, 213, 273, 244, 333
-0.977668, 229, 81, 260, 208
-0.977711, 377, 49, 408, 112
-0.977755, 273, 233, 400, 296
-0.97779, 257, 273, 288, 333
-0.977813, 133, 241, 164, 304
-0.977816, 109, 113, 140, 240
-0.977821, 65, 145, 192, 208
-0.977853, 105, 217, 136, 280
-0.977863, 169, 57, 232, 120
-0.977887, 65, 113, 96, 176
-0.977917, 65, 81, 192, 144
-0.977976, 261, 145, 292, 272
-0.977982, 261, 49, 292, 176
-0.978014, 193, 193, 224, 320
-0.978032, 217, 209, 248, 272
-0.978104, 57, 81, 88, 144
-0.978113, 97, 161, 128, 288
-0.978133, 233, 1, 296, 128
-0.978511, 1, 1, 64, 256
-0.978567, 73, 129, 104, 256
-0.978691, 229, 257, 260, 320
-0.978789, 25, 81, 56, 208
-0.978922, 245, 273, 276, 333
-0.978966, 97, 33, 160, 160
-0.979123, 361, 249, 424, 312
-0.979141, 337, 41, 368, 104
-0.979203, 177, 273, 240, 333
-0.97929, 321, 177, 384, 304
-0.979393, 273, 121, 400, 184
-0.9794, 225, 265, 352, 328
-0.979406, 97, 17, 224, 144
-0.979416, 113, 137, 176, 200
-0.979506, 25, 89, 56, 152
-0.979526, 73, 89, 104, 152
-0.979557, 393, 97, 456, 224
-0.979689, 269, 225, 300, 288
-0.979751, 273, 161, 336, 224
-0.979807, 373, 33, 404, 160
-0.979874, 289, 137, 320, 200
-0.979918, 369, 193, 432, 256
-0.979993, 265, 73, 328, 136
-0.980036, 209, 161, 240, 288
-0.980099, 433, 57, 496, 120
-0.980112, 357, 73, 388, 136
-0.980115, 125, 65, 156, 192
-0.980131, 277, 129, 308, 192
-0.980155, 225, 145, 256, 272
-0.980172, 145, 65, 176, 128
-0.980281, 401, 33, 464, 288
-0.980405, 61, 129, 92, 256
-0.980412, 321, 73, 448, 136
-0.980461, 205, 49, 236, 176
-0.980471, 161, 1, 224, 128
-0.980478, 17, 233, 80, 296
-0.980486, 121, 241, 152, 304
-0.980489, 249, 1, 312, 256
-0.980548, 289, 17, 320, 144
-0.980555, 113, 113, 176, 176
-0.980576, 289, 97, 416, 160
-0.980582, 329, 265, 392, 328
-0.980597, 201, 193, 232, 256
-0.980599, 177, 145, 240, 272
-0.980605, 289, 185, 416, 248
-0.980618, 249, 41, 312, 104
-0.980649, 249, 273, 312, 333
-0.980702, 121, 65, 184, 320
-0.980763, 377, 209, 408, 272
-0.980857, 353, 257, 480, 320
-0.980862, 1, 1, 32, 128
-0.980873, 105, 89, 136, 152
-0.980886, 37, 49, 68, 176
-0.980905, 177, 169, 240, 232
-0.981048, 225, 233, 256, 296
-0.981054, 205, 209, 236, 333
-0.981116, 409, 105, 472, 168
-0.981122, 257, 217, 288, 280
-0.981138, 81, 121, 112, 184
-0.981143, 265, 49, 296, 112
-0.981143, 109, 121, 140, 184
-0.981178, 277, 97, 308, 224
-0.98118, 417, 129, 448, 192
-0.981263, 177, 49, 208, 176
-0.981265, 377, 97, 440, 160
-0.981353, 217, 1, 280, 333
-0.981425, 405, 177, 436, 304
-0.981485, 125, 65, 156, 128
-0.981485, 265, 97, 296, 160
-0.981532, 25, 1, 56, 64
-0.981596, 161, 1, 224, 333
-0.981684, 297, 41, 328, 104
-0.98169, 249, 1, 312, 333
-0.981695, 325, 73, 356, 136
-0.9817, 145, 241, 208, 304
-0.981744, 433, 145, 496, 272
-0.981772, 353, 1, 416, 333
-0.981778, 277, 73, 308, 136
-0.981778, 273, 257, 400, 320
-0.981808, 13, 89, 44, 152
-0.981816, 281, 249, 312, 312
-0.981896, 401, 57, 464, 120
-0.981917, 141, 209, 172, 272
-0.981985, 129, 201, 160, 264
-0.982014, 321, 121, 448, 184
-0.982029, 249, 193, 280, 256
-0.982083, 345, 17, 376, 80
-0.982123, 253, 97, 284, 224
-0.982161, 189, 193, 220, 256
-0.9822, 161, 89, 288, 152
-0.982202, 305, 265, 368, 328
-0.982222, 285, 97, 316, 160
-0.982246, 165, 193, 196, 256
-0.982256, 289, 1, 352, 333
-0.982393, 9, 17, 40, 80
-0.982405, 313, 33, 344, 96
-0.982443, 201, 273, 232, 333
-0.982553, 229, 209, 260, 272
-0.98257, 117, 193, 148, 256
-0.982586, 185, 241, 248, 304
-0.98268, 193, 145, 256, 208
-0.982706, 37, 121, 68, 184
-0.982707, 145, 33, 208, 288
-0.982746, 377, 209, 408, 333
-0.98283, 57, 169, 120, 232
-0.9829, 101, 49, 132, 176
-0.982933, 81, 65, 112, 128
-0.982963, 273, 209, 304, 333
-0.98297, 41, 137, 104, 200
-0.98297, 1, 177, 64, 240
-0.983014, 245, 65, 276, 128
-0.983025, 213, 233, 244, 296
-0.983048, 45, 57, 76, 120
-0.983051, 205, 65, 236, 128
-0.983072, 153, 193, 184, 320
-0.983093, 353, 25, 416, 88
-0.983171, 261, 249, 292, 312
-0.983191, 57, 57, 88, 120
-0.983217, 241, 249, 272, 312
-0.98327, 265, 121, 296, 184
-0.983279, 401, 193, 432, 256
-0.98329, 105, 65, 136, 128
-0.98329, 233, 89, 264, 152
-0.983309, 189, 49, 220, 176
-0.983335, 297, 217, 328, 280
-0.983343, 421, 161, 452, 224
-0.983356, 33, 209, 160, 272
-0.98341, 53, 33, 84, 160
-0.983448, 353, 201, 480, 264
-0.983452, 113, 129, 240, 192
-0.983486, 329, 1, 392, 333
-0.983605, 33, 209, 96, 272
-0.983685, 209, 185, 272, 216
-0.98371, 85, 65, 116, 192
-0.983736, 73, 1, 136, 128
-0.983802, 221, 49, 252, 112
-0.983807, 137, 65, 168, 192
-0.983831, 13, 49, 44, 176
-0.983838, 49, 129, 80, 192
-0.98386, 225, 33, 288, 288
-0.983936, 377, 1, 440, 333
-0.983958, 37, 273, 68, 333
-0.983981, 113, 65, 144, 192
-0.984001, 421, 105, 452, 168
-0.984043, 345, 73, 376, 136
-0.984064, 277, 153, 308, 216
-0.98409, 245, 89, 276, 152
-0.984158, 337, 97, 464, 160
-0.984162, 97, 1, 160, 333
-0.984167, 209, 1, 272, 128
-0.984171, 305, 81, 336, 208
-0.984218, 181, 177, 212, 304
-0.984245, 33, 65, 64, 128
-0.984252, 109, 249, 140, 312
-0.98427, 185, 33, 248, 288
-0.984285, 89, 233, 120, 296
-0.98429, 121, 113, 152, 240
-0.984295, 165, 97, 196, 160
-0.984356, 105, 161, 136, 224
-0.984436, 17, 137, 144, 200
-0.984477, 349, 1, 380, 128
-0.98452, 333, 17, 364, 80
-0.984537, 313, 81, 344, 144
-0.984537, 201, 225, 232, 288
-0.98454, 121, 1, 184, 333
-0.984554, 329, 121, 392, 184
-0.984559, 85, 97, 116, 160
-0.984566, 369, 145, 432, 208
-0.984619, 201, 285, 264, 316
-0.984633, 205, 105, 236, 168
-0.984659, 165, 49, 196, 176
-0.984662, 193, 1, 256, 333
-0.984757, 1, 209, 64, 272
-0.984848, 281, 145, 344, 272
-0.98488, 57, 209, 120, 333
-0.984884, 221, 97, 252, 160
-0.984912, 249, 161, 280, 288
-0.984935, 429, 137, 460, 200
-0.984989, 329, 177, 392, 240
-0.984996, 177, 217, 240, 248
-0.985025, 57, 113, 120, 144
-0.985081, 9, 145, 72, 208
-0.9851, 49, 129, 80, 256
-0.985107, 153, 185, 184, 248
-0.985123, 433, 1, 496, 333
-0.985129, 289, 169, 320, 232
-0.985171, 281, 225, 312, 288
-0.985192, 69, 65, 100, 128
-0.985209, 321, 25, 448, 88
-0.985219, 229, 33, 260, 160
-0.985235, 277, 49, 308, 112
-0.985249, 149, 273, 180, 333
-0.985284, 193, 65, 224, 128
-0.985295, 309, 33, 340, 160
-0.985314, 81, 145, 112, 208
-0.98532, 17, 57, 48, 120
-0.985326, 169, 57, 200, 120
-0.985329, 305, 217, 368, 280
-0.985354, 121, 145, 152, 208
-0.985386, 293, 193, 324, 256
-0.985388, 241, 225, 304, 256
-0.98542, 289, 65, 320, 192
-0.985427, 289, 73, 320, 136
-0.985438, 305, 177, 368, 240
-0.985445, 273, 17, 400, 80
-0.985455, 1, 105, 32, 168
-0.985473, 185, 89, 216, 152
-0.985491, 209, 205, 272, 236
-0.985516, 341, 97, 372, 160
-0.985533, 161, 137, 288, 200
-0.985534, 177, 185, 208, 248
-0.985542, 93, 145, 124, 208
-0.985556, 157, 57, 188, 120
-0.985608, 241, 137, 272, 200
-0.985643, 169, 137, 232, 200
-0.985651, 129, 89, 160, 152
-0.985667, 177, 241, 304, 304
-0.985717, 77, 233, 108, 296
-0.985748, 33, 1, 96, 333
-0.985759, 233, 57, 264, 120
-0.985763, 225, 121, 256, 184
-0.98577, 9, 161, 72, 288
-0.985779, 425, 1, 488, 128
-0.985784, 41, 125, 104, 156
-0.985825, 413, 129, 444, 256
-0.985901, 225, 281, 288, 312
-0.985919, 37, 161, 68, 224
-0.985927, 353, 217, 384, 280
-0.985934, 369, 273, 400, 333
-0.985976, 261, 193, 292, 256
-0.985985, 461, 49, 492, 176
-0.985999, 169, 217, 200, 280
-0.986002, 405, 129, 436, 192
-0.986003, 25, 265, 56, 328
-0.986021, 73, 241, 136, 272
-0.986033, 217, 221, 280, 252
-0.986068, 425, 129, 456, 256
-0.986093, 49, 17, 112, 144
-0.986096, 69, 153, 100, 216
-0.986139, 157, 217, 188, 280
-0.98615, 185, 113, 216, 176
-0.986158, 393, 57, 424, 120
-0.986165, 105, 161, 168, 224
-0.986167, 9, 1, 72, 333
-0.986179, 93, 57, 124, 120
-0.986199, 161, 113, 288, 176
-0.986223, 113, 273, 144, 333
-0.986234, 297, 257, 328, 320
-0.986237, 73, 257, 104, 320
-0.986278, 25, 81, 88, 112
-0.986297, 97, 221, 160, 252
-0.9863, 225, 33, 352, 96
-0.986303, 241, 301, 304, 332
-0.986346, 121, 301, 184, 332
-0.986348, 1, 273, 128, 333
-0.986433, 433, 97, 496, 160
-0.986434, 1, 233, 128, 296
-0.986471, 25, 209, 56, 333
-0.986509, 361, 81, 392, 208
-0.98657, 321, 161, 448, 224
-0.986584, 233, 93, 296, 124
-0.986607, 273, 113, 336, 176
-0.986643, 353, 225, 480, 288
-0.98678, 289, 129, 320, 256
-0.98678, 57, 1, 120, 333
-0.986834, 329, 233, 392, 296
-0.986835, 369, 177, 496, 240
-0.986838, 113, 81, 240, 144
-0.98701, 177, 193, 240, 224
-0.987021, 445, 97, 476, 224
-0.98705, 113, 205, 176, 236
-0.987153, 337, 49, 400, 80
-0.987155, 201, 297, 264, 328
-0.987158, 329, 61, 392, 92
-0.987196, 33, 113, 96, 144
-0.987236, 313, 77, 376, 108
-0.987241, 25, 33, 56, 160
-0.987281, 369, 145, 496, 208
-0.987294, 401, 49, 432, 176
-0.98736, 41, 93, 104, 124
-0.987369, 345, 209, 408, 333
-0.987397, 341, 97, 372, 224
-0.987579, 1, 1, 128, 64
-0.987582, 369, 161, 432, 288
-0.987601, 113, 289, 176, 320
-0.987602, 385, 49, 416, 176
-0.987741, 73, 77, 136, 108
-0.987753, 97, 233, 160, 264
-0.987818, 97, 193, 352, 256
-0.987837, 201, 273, 264, 304
-0.987875, 329, 105, 392, 136
-0.987945, 385, 169, 448, 232
-0.987954, 137, 217, 200, 248
-0.987993, 305, 33, 368, 64
-0.988043, 1, 49, 32, 176
-0.988112, 185, 205, 248, 236
-0.988189, 425, 49, 456, 176
-0.988227, 1, 101, 64, 132
-0.98829, 225, 41, 288, 104
-0.988291, 265, 245, 328, 276
-0.988293, 401, 1, 464, 128
-0.988314, 105, 249, 168, 280
-0.988416, 9, 209, 40, 333
-0.988432, 81, 101, 144, 132
-0.988517, 265, 97, 296, 224
-0.988522, 433, 193, 496, 320
-0.988556, 177, 33, 304, 96
-0.988567, 273, 221, 336, 252
-0.988582, 449, 49, 480, 176
-0.988586, 81, 125, 144, 156
-0.988598, 153, 301, 216, 332
-0.988608, 105, 69, 168, 100
-0.98862, 389, 193, 420, 320
-0.988739, 345, 145, 408, 272
-0.988773, 161, 33, 224, 96
-0.988777, 201, 233, 264, 264
-0.988781, 225, 269, 288, 300
-0.988871, 165, 177, 196, 304
-0.988877, 73, 33, 104, 160
-0.989012, 273, 65, 336, 96
-0.989136, 265, 261, 328, 292
-0.989243, 217, 97, 248, 224
-0.989299, 113, 89, 176, 120
-0.989317, 409, 1, 472, 333
-0.989336, 265, 233, 328, 264
-0.989376, 1, 113, 64, 144
-0.989393, 305, 129, 368, 256
-0.989447, 1, 89, 256, 152
-0.989468, 401, 273, 464, 333
-0.989477, 113, 269, 176, 300
-0.989496, 465, 97, 496, 224
-0.989524, 125, 17, 156, 144
-0.989584, 433, 169, 496, 232
-0.989609, 241, 241, 304, 272
-0.989619, 273, 145, 304, 272
-0.989635, 377, 33, 440, 96
-0.989659, 185, 33, 248, 96
-0.989664, 33, 33, 96, 96
-0.989668, 65, 129, 320, 192
-0.989776, 145, 101, 208, 132
-0.989788, 145, 61, 208, 92
-0.989794, 361, 53, 424, 84
-0.989873, 93, 209, 124, 333
-0.989891, 185, 1, 216, 128
-0.989905, 401, 81, 464, 144
-0.989965, 305, 61, 368, 92
-0.989986, 273, 45, 336, 76
-0.990007, 345, 209, 408, 272
-0.990018, 1, 217, 500, 280
-0.990104, 409, 169, 472, 200
-0.990105, 225, 257, 288, 288
-0.990146, 369, 121, 496, 184
-0.990157, 241, 125, 304, 156
-0.990167, 369, 221, 432, 252
-0.990305, 57, 157, 120, 188
-0.99042, 249, 49, 312, 80
-0.990426, 297, 101, 360, 132
-0.990444, 153, 169, 216, 232
-0.990457, 129, 161, 160, 288
-0.990465, 105, 185, 168, 248
-0.990468, 193, 193, 448, 256
-0.99049, 73, 65, 136, 96
-0.990491, 81, 145, 144, 176
-0.990521, 329, 37, 392, 68
-0.990537, 1, 89, 64, 120
-0.99056, 33, 241, 288, 304
-0.990565, 273, 145, 400, 208
-0.9906, 233, 205, 296, 236
-0.990646, 81, 113, 144, 144
-0.990667, 193, 125, 256, 156
-0.990719, 193, 41, 448, 104
-0.990766, 305, 193, 336, 320
-0.990768, 153, 205, 216, 236
-0.990769, 145, 89, 208, 120
-0.990775, 37, 161, 68, 288
-0.990849, 121, 105, 184, 136
-0.990857, 161, 289, 224, 320
-0.990871, 401, 133, 464, 164
-0.99101, 129, 229, 192, 260
-0.991034, 329, 117, 392, 148
-0.991035, 141, 297, 172, 328
-0.991036, 193, 273, 448, 333
-0.991066, 337, 93, 400, 124
-0.991083, 21, 129, 52, 256
-0.991091, 37, 209, 68, 333
-0.991117, 201, 261, 264, 292
-0.991151, 177, 105, 240, 136
-0.991154, 1, 97, 32, 224
-0.991166, 33, 161, 96, 192
-0.991173, 97, 301, 160, 332
-0.991205, 121, 221, 152, 252
-0.991206, 97, 97, 352, 160
-0.991222, 97, 49, 352, 112
-0.991229, 25, 65, 88, 96
-0.991257, 365, 129, 396, 256
-0.991257, 145, 189, 208, 220
-0.991281, 17, 1, 80, 32
-0.991296, 201, 93, 264, 124
-0.991317, 65, 217, 320, 280
-0.991341, 17, 25, 144, 88
-0.991342, 249, 165, 312, 196
-0.991363, 289, 249, 352, 280
-0.99138, 197, 97, 228, 224
-0.991413, 257, 141, 320, 172
-0.991435, 369, 65, 432, 96
-0.991441, 225, 137, 480, 200
-0.991453, 409, 145, 472, 176
-0.99146, 81, 209, 112, 333
-0.991498, 409, 181, 472, 212
-0.991506, 89, 205, 152, 236
-0.991513, 257, 85, 320, 116
-0.991514, 257, 185, 320, 216
-0.991523, 217, 129, 280, 160
-0.991524, 197, 1, 228, 128
-0.991568, 69, 113, 100, 144
-0.991612, 185, 81, 248, 112
-0.991637, 177, 229, 240, 260
-0.991646, 217, 185, 248, 216
-0.991654, 17, 77, 144, 108
-0.991687, 233, 141, 296, 172
-0.99171, 369, 117, 432, 148
-0.991711, 249, 221, 280, 252
-0.991724, 345, 73, 408, 104
-0.991726, 125, 285, 156, 316
-0.991733, 1, 145, 500, 208
-0.991743, 313, 49, 376, 80
-0.991747, 65, 273, 320, 333
-0.991757, 353, 209, 384, 333
-0.991767, 217, 57, 280, 88
-0.991779, 197, 145, 228, 272
-0.991808, 125, 257, 156, 288
-0.991861, 97, 57, 160, 88
-0.991863, 73, 229, 136, 260
-0.991873, 161, 217, 416, 280
-0.991873, 257, 285, 288, 316
-0.991883, 237, 293, 268, 324
-0.991884, 121, 233, 152, 264
-0.991897, 361, 281, 424, 312
-0.991913, 161, 169, 288, 232
-0.991933, 217, 289, 248, 320
-0.991934, 297, 113, 360, 144
-0.99195, 373, 81, 404, 208
-0.991966, 169, 125, 232, 156
-0.991988, 357, 45, 388, 76
-0.991989, 369, 205, 432, 236
-0.991996, 169, 181, 232, 212
-0.992005, 141, 269, 172, 300
-0.992013, 237, 205, 268, 236
-0.992015, 257, 113, 500, 176
-0.992032, 1, 21, 64, 52
-0.992109, 73, 97, 88, 160
-0.992125, 217, 205, 248, 236
-0.992132, 177, 277, 240, 308
-0.992147, 357, 61, 388, 92
-0.992151, 221, 229, 252, 260
-0.992172, 129, 241, 192, 272
-0.99218, 249, 153, 312, 184
-0.992183, 217, 217, 248, 248
-0.992196, 249, 289, 312, 320
-0.992203, 393, 197, 456, 228
-0.992207, 273, 41, 400, 72
-0.992216, 73, 89, 136, 120
-0.992225, 333, 69, 364, 100
-0.992227, 145, 121, 208, 152
-0.992237, 289, 261, 352, 292
-0.992238, 137, 289, 200, 320
-0.992239, 233, 221, 264, 252
-0.992242, 177, 301, 240, 332
-0.992255, 17, 125, 144, 156
-0.992256, 237, 281, 268, 312
-0.992256, 17, 269, 80, 300
-0.992265, 1, 105, 500, 168
-0.992265, 241, 89, 272, 120
-0.992272, 205, 273, 236, 304
-0.9923, 437, 49, 468, 176
-0.992307, 85, 105, 116, 136
-0.992314, 269, 49, 300, 80
-0.992315, 57, 81, 88, 112
-0.992321, 25, 101, 56, 132
-0.992322, 249, 277, 312, 308
-0.992324, 193, 141, 256, 172
-0.99233, 129, 273, 160, 304
-0.992339, 281, 137, 344, 168
-0.992382, 257, 113, 320, 144
-0.992383, 117, 205, 148, 236
-0.992383, 381, 209, 412, 240
-0.992392, 65, 93, 96, 124
-0.992393, 1, 213, 64, 244
-0.992394, 273, 209, 336, 240
-0.9924, 177, 293, 304, 324
-0.992412, 73, 217, 136, 248
-0.992414, 369, 73, 496, 136
-0.992415, 205, 193, 236, 224
-0.99243, 105, 225, 136, 256
-0.992431, 193, 169, 448, 232
-0.992438, 217, 277, 248, 308
-0.992444, 193, 241, 448, 304
-0.992466, 433, 149, 496, 180
-0.992475, 193, 293, 224, 324
-0.99249, 45, 81, 76, 112
-0.992496, 137, 257, 200, 288
-0.992497, 393, 65, 456, 96
-0.992504, 233, 181, 264, 212
-0.992509, 113, 149, 176, 180
-0.992544, 129, 245, 160, 276
-0.992568, 1, 161, 256, 224
-0.992591, 201, 221, 232, 252
-0.992605, 349, 33, 380, 64
-0.992612, 417, 129, 448, 160
-0.992617, 1, 65, 256, 128
-0.992632, 113, 277, 240, 308
-0.99264, 145, 193, 272, 224
-0.992651, 205, 285, 236, 316
-0.992663, 261, 297, 292, 328
-0.992683, 39, 81, 54, 144
-0.992686, 249, 273, 280, 304
-0.992694, 125, 85, 156, 116
-0.992712, 209, 185, 336, 216
-0.992715, 37, 125, 68, 156
-0.992721, 25, 1, 56, 32
-0.992722, 137, 213, 168, 244
-0.992725, 33, 81, 64, 112
-0.992743, 123, 209, 138, 272
-0.992749, 137, 249, 152, 312
-0.992751, 241, 233, 272, 264
-0.992778, 13, 89, 44, 120
-0.992796, 69, 125, 100, 156
-0.992804, 281, 249, 312, 280
-0.99281, 129, 301, 160, 332
-0.992812, 49, 97, 80, 128
-0.992814, 225, 73, 480, 136
-0.992817, 285, 133, 316, 164
-0.99282, 357, 105, 388, 136
-0.992837, 369, 25, 496, 88
-0.99284, 345, 45, 376, 76
-0.992846, 137, 257, 168, 288
-0.992858, 81, 121, 112, 152
-0.992858, 353, 81, 384, 112
-0.992862, 113, 65, 144, 96
-0.992871, 97, 141, 128, 172
-0.99288, 109, 125, 140, 156
-0.992883, 317, 81, 348, 208
-0.992883, 189, 209, 220, 240
-0.992893, 93, 125, 124, 156
-0.992903, 377, 53, 408, 84
-0.992912, 273, 69, 400, 100
-0.99293, 149, 257, 164, 320
-0.992931, 285, 145, 316, 176
-0.992945, 69, 157, 100, 188
-0.992955, 205, 205, 236, 236
-0.992957, 61, 177, 92, 304
-0.992968, 313, 61, 344, 92
-0.99297, 1, 57, 500, 120
-0.992971, 337, 105, 368, 136
-0.992976, 261, 221, 292, 252
-0.992978, 141, 281, 172, 312
-0.993002, 289, 45, 320, 76
-0.993016, 101, 237, 132, 268
-0.993036, 413, 49, 444, 176
-0.99304, 237, 269, 268, 300
-0.99304, 131, 217, 146, 280
-0.993041, 129, 101, 160, 132
-0.993048, 49, 129, 80, 160
-0.993054, 49, 113, 80, 144
-0.99308, 145, 89, 176, 120
-0.993084, 125, 73, 156, 104
-0.993097, 373, 69, 404, 100
-0.993102, 149, 61, 180, 92
-0.993112, 367, 41, 382, 104
-0.993125, 129, 221, 256, 252
-0.993125, 437, 145, 468, 272
-0.993134, 281, 121, 312, 152
-0.993135, 37, 165, 68, 196
-0.993141, 229, 241, 260, 272
-0.993144, 85, 149, 116, 180
-0.993146, 209, 93, 336, 124
-0.993149, 249, 261, 280, 292
-0.99317, 377, 221, 408, 252
-0.993174, 301, 241, 332, 272
-0.993174, 261, 253, 292, 284
-0.993181, 269, 125, 300, 156
-0.993191, 269, 237, 300, 268
-0.993195, 289, 89, 320, 120
-0.993199, 129, 201, 160, 232
-0.993213, 273, 141, 304, 172
-0.993215, 357, 117, 388, 148
-0.993217, 257, 209, 288, 240
-0.993228, 341, 57, 372, 88
-0.993235, 277, 157, 308, 188
-0.993248, 225, 225, 352, 256
-0.99325, 9, 21, 40, 52
-0.993266, 69, 81, 100, 112
-0.993276, 329, 29, 360, 60
-0.993277, 225, 301, 256, 332
-0.993291, 205, 129, 236, 160
-0.993301, 369, 41, 400, 72
-0.993304, 261, 141, 292, 172
-0.99331, 57, 161, 88, 192
-0.993313, 289, 65, 320, 96
-0.993316, 333, 41, 364, 72
-0.993332, 237, 193, 268, 224
-0.993334, 101, 77, 132, 108
-0.993342, 165, 97, 196, 224
-0.993344, 409, 185, 440, 216
-0.993346, 9, 217, 40, 248
-0.993346, 385, 197, 416, 228
-0.993357, 1, 193, 500, 256
-0.993358, 113, 153, 144, 184
-0.993388, 117, 273, 148, 304
-0.9934, 253, 93, 284, 124
-0.993407, 53, 285, 84, 316
-0.993413, 169, 209, 200, 240
-0.993415, 1, 93, 32, 124
-0.993416, 273, 225, 304, 256
-0.993417, 105, 209, 136, 240
-0.993428, 57, 61, 88, 92
-0.993429, 221, 185, 236, 248
-0.993434, 321, 77, 352, 108
-0.993435, 161, 101, 192, 132
-0.993441, 229, 257, 260, 288
-0.993441, 225, 97, 256, 128
-0.993446, 129, 209, 256, 240
-0.993453, 285, 105, 316, 136
-0.993476, 141, 273, 156, 333
-0.993489, 305, 57, 432, 88
-0.993514, 321, 193, 352, 320
-0.993529, 177, 281, 304, 312
-0.993584, 97, 153, 352, 216
-0.993585, 253, 201, 268, 264
-0.993643, 49, 245, 176, 276
-0.993663, 17, 105, 144, 136
-0.993667, 289, 81, 416, 112
-0.993695, 1, 273, 500, 333
-0.993741, 213, 185, 228, 248
-0.993751, 81, 209, 208, 240
-0.993755, 293, 137, 308, 200
-0.993771, 97, 73, 352, 136
-0.993783, 49, 273, 176, 304
-0.993786, 111, 209, 126, 272
-0.993815, 155, 273, 170, 333
-0.993873, 129, 293, 256, 324
-0.993899, 99, 121, 114, 184
-0.993914, 259, 209, 274, 272
-0.993933, 351, 25, 366, 88
-0.993964, 113, 265, 240, 296
-0.993971, 177, 225, 304, 256
-0.993971, 81, 33, 208, 96
-0.994042, 141, 161, 172, 288
-0.994044, 249, 177, 264, 240
-0.994078, 243, 273, 258, 333
-0.994081, 143, 249, 158, 312
-0.994105, 225, 241, 352, 272
-0.994112, 133, 273, 148, 333
-0.99414, 231, 209, 246, 272
-0.994149, 33, 81, 48, 144
-0.994174, 17, 89, 144, 120
-0.994191, 241, 233, 256, 296
-0.994221, 227, 185, 242, 248
-0.994229, 49, 261, 176, 292
-0.994231, 71, 73, 86, 136
-0.994233, 387, 201, 402, 264
-0.994251, 131, 249, 146, 312
-0.994252, 355, 73, 370, 136
-0.994265, 289, 117, 416, 148
-0.994266, 353, 61, 480, 92
-0.994346, 241, 177, 256, 240
-0.994355, 125, 241, 140, 304
-0.99436, 149, 97, 180, 224
-0.994361, 259, 273, 274, 333
-0.994364, 123, 273, 138, 333
-0.994416, 193, 125, 320, 156
-0.994426, 65, 89, 192, 120
-0.994431, 1, 241, 500, 304
-0.994459, 247, 201, 262, 264
-0.994473, 219, 209, 234, 272
-0.994532, 373, 33, 388, 96
-0.994535, 299, 137, 314, 200
-0.994554, 285, 121, 300, 184
-0.994566, 193, 9, 320, 72
-0.994594, 5, 9, 20, 72
-0.994598, 39, 105, 54, 168
-0.994599, 193, 57, 320, 88
-0.99461, 221, 233, 236, 296
-0.994611, 33, 285, 160, 316
-0.994613, 289, 225, 416, 256
-0.994618, 371, 81, 386, 144
-0.994622, 1, 169, 500, 232
-0.994633, 209, 197, 336, 228
-0.994633, 361, 41, 376, 104
-0.994646, 117, 209, 132, 272
-0.994658, 251, 225, 266, 288
-0.994668, 209, 213, 336, 244
-0.994683, 79, 89, 94, 152
-0.994683, 107, 121, 122, 184
-0.994709, 225, 301, 352, 332
-0.994793, 97, 65, 224, 96
-0.994805, 213, 1, 244, 128
-0.994809, 239, 201, 254, 264
-0.994811, 209, 81, 336, 112
-0.99483, 289, 73, 304, 136
-0.994833, 265, 257, 280, 320
-0.994863, 211, 217, 226, 280
-0.994864, 151, 57, 166, 120
-0.994908, 235, 233, 250, 296
-0.99491, 81, 101, 208, 132
-0.994925, 273, 237, 400, 268
-0.994934, 289, 205, 416, 236
-0.994936, 229, 273, 244, 333
-0.99494, 19, 17, 34, 80
-0.994944, 29, 1, 44, 64
-0.994959, 221, 273, 236, 333
-0.994968, 119, 89, 134, 152
-0.994989, 143, 209, 158, 272
-0.994993, 81, 225, 208, 256
-0.995006, 83, 121, 98, 184
-0.99501, 289, 185, 416, 216
-0.99501, 115, 121, 130, 184
-0.995025, 379, 49, 394, 112
-0.995049, 65, 77, 192, 108
-0.995074, 61, 81, 76, 144
-0.995078, 129, 233, 256, 264
-0.995086, 129, 33, 256, 96
-0.995103, 211, 273, 226, 333
-0.995114, 119, 241, 134, 304
-0.995143, 227, 233, 242, 296
-0.995146, 209, 105, 336, 136
-0.995173, 235, 177, 250, 240
-0.995178, 307, 185, 322, 248
-0.9952, 249, 265, 264, 328
-0.995225, 17, 165, 144, 196
-0.995241, 129, 193, 144, 256
-0.995247, 421, 129, 436, 192
-0.995253, 295, 113, 310, 176
-0.995254, 349, 97, 364, 160
-0.995261, 299, 89, 314, 152
-0.995274, 177, 269, 304, 300
-0.995275, 469, 145, 500, 272
-0.995292, 137, 201, 152, 264
-0.995312, 1, 81, 500, 144
-0.995327, 179, 185, 194, 248
-0.995331, 137, 225, 152, 288
-0.995333, 161, 93, 288, 124
-0.995352, 225, 285, 352, 316
-0.995359, 49, 81, 64, 144
-0.995376, 289, 101, 416, 132
-0.995378, 331, 65, 346, 128
-0.995396, 65, 125, 192, 156
-0.995402, 329, 81, 360, 208
-0.995403, 273, 249, 400, 280
-0.995422, 353, 109, 480, 140
-0.995444, 275, 225, 290, 288
-0.995453, 97, 197, 224, 228
-0.995468, 49, 297, 176, 328
-0.995473, 89, 129, 104, 192
-0.995489, 283, 217, 298, 280
-0.995491, 9, 161, 40, 288
-0.995518, 17, 65, 144, 96
-0.995564, 417, 177, 448, 304
-0.995566, 145, 181, 272, 212
-0.995573, 355, 49, 370, 112
-0.995591, 73, 257, 88, 320
-0.995595, 345, 41, 360, 104
-0.995599, 171, 193, 186, 256
-0.995604, 289, 97, 304, 160
-0.995613, 113, 137, 240, 168
-0.995629, 205, 65, 220, 128
-0.995646, 193, 145, 320, 176
-0.995647, 205, 193, 220, 256
-0.995651, 257, 217, 500, 280
-0.995662, 407, 193, 422, 256
-0.995663, 149, 1, 180, 128
-0.995718, 125, 121, 140, 184
-0.99572, 245, 1, 276, 128
-0.995727, 269, 225, 284, 288
-0.99574, 35, 57, 50, 120
-0.995755, 257, 53, 384, 84
-0.995766, 351, 225, 366, 288
-0.995769, 237, 273, 252, 333
-0.995786, 1, 185, 256, 248
-0.995789, 209, 173, 336, 204
-0.995798, 271, 49, 286, 112
-0.995843, 17, 53, 144, 84
-0.99586, 177, 237, 304, 268
-0.995862, 293, 233, 308, 296
-0.995863, 261, 65, 276, 128
-0.995918, 287, 49, 302, 112
-0.995926, 199, 73, 214, 136
-0.995932, 57, 57, 72, 120
-0.995932, 179, 209, 194, 272
-0.995941, 41, 57, 56, 120
-0.995947, 297, 41, 312, 104
-0.995949, 441, 137, 456, 200
-0.995961, 311, 97, 326, 160
-0.995962, 129, 249, 256, 280
-0.995964, 323, 33, 338, 96
-0.995969, 287, 145, 302, 208
-0.996003, 65, 149, 192, 180
-0.996006, 1, 33, 500, 96
-0.996006, 23, 65, 38, 128
-0.996006, 373, 57, 388, 120
-0.996014, 193, 257, 320, 288
-0.996015, 113, 89, 240, 120
-0.996015, 277, 265, 292, 328
-0.996023, 129, 77, 256, 108
-0.996038, 431, 113, 446, 176
-0.996052, 339, 73, 354, 136
-0.996079, 421, 153, 436, 216
-0.99608, 107, 57, 122, 120
-0.996086, 203, 273, 218, 333
-0.99609, 15, 89, 30, 152
-0.996092, 49, 209, 80, 333
-0.996095, 49, 113, 64, 176
-0.996096, 261, 89, 276, 152
-0.996097, 365, 65, 380, 128
-0.996119, 91, 105, 106, 168
-0.996139, 67, 97, 82, 160
-0.99614, 63, 57, 78, 120
-0.996156, 381, 217, 396, 280
-0.996158, 215, 65, 230, 128
-0.996171, 321, 45, 448, 76
-0.996188, 17, 137, 144, 168
-0.996188, 349, 249, 364, 312
-0.99619, 109, 89, 124, 152
-0.996199, 271, 265, 286, 328
-0.996202, 27, 89, 42, 152
-0.996216, 333, 1, 364, 256
-0.996217, 281, 57, 296, 120
-0.996243, 97, 113, 224, 144
-0.996267, 209, 69, 336, 100
-0.996326, 353, 73, 480, 104
-0.996326, 273, 301, 400, 332
-0.996339, 193, 157, 320, 188
-0.996348, 369, 193, 496, 224
-0.996355, 113, 125, 240, 156
-0.996358, 449, 145, 480, 272
-0.996374, 261, 1, 292, 128
-0.996386, 357, 1, 388, 256
-0.996436, 401, 113, 432, 240
-0.996459, 337, 169, 464, 200
-0.996463, 257, 269, 384, 300
-0.996497, 337, 97, 464, 128
-0.996501, 17, 209, 144, 240
-0.996565, 73, 109, 88, 140
-0.996586, 177, 97, 208, 224
-0.996589, 345, 1, 376, 256
-0.996609, 241, 117, 368, 148
-0.996681, 151, 289, 166, 320
-0.996718, 369, 149, 496, 180
-0.996737, 337, 121, 464, 152
-0.996746, 97, 25, 352, 88
-0.996783, 1, 241, 128, 272
-0.996806, 113, 153, 240, 216
-0.996814, 1, 1, 128, 32
-0.996817, 289, 29, 416, 60
-0.996818, 145, 61, 272, 92
-0.996819, 253, 201, 268, 232
-0.996825, 273, 289, 400, 320
-0.996875, 241, 141, 368, 172
-0.996894, 249, 289, 264, 320
-0.996897, 145, 105, 272, 136
-0.996919, 241, 297, 256, 328
-0.996925, 145, 269, 160, 300
-0.996967, 289, 1, 320, 256
-0.996995, 147, 257, 162, 288
-0.997014, 39, 101, 54, 132
-0.997021, 69, 81, 84, 112
-0.99705, 369, 33, 400, 288
-0.997066, 353, 289, 480, 320
-0.997076, 209, 45, 336, 76
-0.997087, 145, 301, 160, 332
-0.9971, 337, 277, 464, 308
-0.997111, 387, 205, 402, 236
-0.997145, 337, 133, 464, 164
-0.997184, 221, 229, 236, 260
-0.997195, 111, 217, 126, 248
-0.997206, 289, 129, 416, 160
-0.997209, 353, 217, 480, 248
-0.997217, 211, 189, 226, 220
-0.997222, 247, 221, 262, 252
-0.997248, 241, 285, 256, 316
-0.997292, 229, 229, 244, 260
-0.997297, 289, 173, 416, 204
-0.997298, 313, 1, 344, 256
-0.997307, 199, 293, 214, 324
-0.997308, 257, 277, 272, 308
-0.997312, 73, 65, 104, 320
-0.997313, 65, 161, 192, 192
-0.997322, 125, 293, 140, 324
-0.997329, 29, 1, 44, 32
-0.997333, 261, 217, 276, 248
-0.997357, 237, 221, 252, 252
-0.99736, 97, 65, 128, 320
-0.997369, 277, 1, 308, 256
-0.997379, 141, 281, 156, 312
-0.997387, 81, 185, 208, 216
-0.997392, 353, 205, 480, 236
-0.997392, 249, 301, 264, 332
-0.997403, 13, 1, 44, 256
-0.997416, 237, 201, 252, 232
-0.997432, 221, 217, 236, 248
-0.997433, 1, 229, 128, 260
-0.997441, 129, 253, 144, 284
-0.997443, 139, 249, 154, 280
-0.997445, 353, 265, 480, 296
-0.997448, 1, 197, 128, 228
-0.997455, 241, 129, 368, 160
-0.997462, 131, 217, 146, 248
-0.997465, 437, 33, 468, 288
-0.997465, 123, 221, 138, 252
-0.997468, 337, 85, 464, 116
-0.99748, 301, 1, 332, 256
-0.997489, 385, 145, 416, 272
-0.997491, 369, 181, 496, 212
-0.997499, 371, 41, 386, 72
-0.997517, 297, 133, 312, 164
-0.997524, 353, 237, 480, 268
-0.997537, 135, 277, 150, 308
-0.997539, 405, 33, 436, 288
-0.997545, 227, 185, 242, 216
-0.997549, 151, 269, 166, 300
-0.99756, 75, 97, 90, 128
-0.99756, 255, 213, 270, 244
-0.997566, 385, 1, 416, 128
-0.997571, 33, 85, 48, 116
-0.997573, 223, 281, 238, 312
-0.997576, 235, 297, 250, 328
-0.997585, 1, 149, 128, 180
-0.997595, 213, 293, 228, 324
-0.997606, 215, 229, 230, 260
-0.997608, 215, 201, 230, 232
-0.997609, 331, 65, 346, 96
-0.997614, 273, 289, 288, 320
-0.997615, 125, 269, 140, 300
-0.997623, 333, 161, 364, 288
-0.997631, 61, 65, 92, 320
-0.997649, 363, 37, 378, 68
-0.997669, 247, 205, 262, 236
-0.99767, 211, 273, 226, 304
-0.997672, 385, 33, 416, 288
-0.997676, 139, 301, 154, 332
-0.997685, 373, 113, 388, 144
-0.997686, 217, 189, 232, 220
-0.997691, 215, 213, 230, 244
-0.997692, 135, 261, 150, 292
-0.997704, 425, 33, 456, 288
-0.99771, 115, 73, 130, 104
-0.997712, 131, 201, 146, 232
-0.997718, 125, 281, 140, 312
-0.997727, 121, 205, 136, 236
-0.997729, 135, 289, 150, 320
-0.997735, 409, 193, 424, 224
-0.997743, 419, 185, 434, 216
-0.997744, 85, 105, 100, 136
-0.997752, 57, 81, 72, 112
-0.997754, 85, 65, 116, 320
-0.997756, 41, 1, 72, 128
-0.997756, 255, 209, 270, 333
-0.997758, 293, 245, 308, 276
-0.997758, 229, 277, 244, 308
-0.997765, 117, 65, 148, 320
-0.997766, 145, 245, 160, 276
-0.997778, 157, 297, 172, 328
-0.997788, 453, 33, 484, 288
-0.997795, 345, 109, 360, 140
-0.997804, 263, 277, 278, 308
-0.997806, 49, 121, 64, 152
-0.997808, 249, 181, 264, 212
-0.997813, 353, 249, 480, 280
-0.997816, 245, 89, 260, 120
-0.997817, 367, 57, 382, 88
-0.997824, 377, 65, 392, 96
-0.997838, 1, 253, 128, 284
-0.997843, 1, 1, 32, 256
-0.997844, 251, 277, 266, 308
-0.997845, 3, 209, 18, 240
-0.997846, 281, 221, 296, 252
-0.997851, 235, 233, 250, 264
-0.997865, 49, 33, 80, 288
-0.997877, 151, 65, 166, 96
-0.997881, 97, 53, 224, 84
-0.997902, 229, 289, 244, 320
-0.997903, 139, 205, 154, 236
-0.997904, 337, 109, 352, 140
-0.997907, 287, 117, 302, 148
-0.99791, 135, 237, 150, 268
-0.997921, 157, 285, 172, 316
-0.997922, 101, 125, 116, 156
-0.997923, 63, 289, 78, 320
-0.997924, 355, 69, 370, 100
-0.997941, 303, 89, 318, 120
-0.997941, 355, 109, 370, 140
-0.997943, 119, 237, 134, 268
-0.997944, 205, 65, 220, 96
-0.997944, 227, 213, 242, 244
-0.997945, 243, 237, 258, 268
-0.997956, 141, 33, 172, 288
-0.997958, 109, 125, 124, 156
-0.997961, 275, 49, 290, 80
-0.997966, 257, 301, 272, 332
-0.997967, 1, 41, 256, 104
-0.99797, 367, 101, 382, 132
-0.997973, 293, 145, 308, 176
-0.997982, 251, 261, 266, 292
-0.997982, 33, 101, 48, 132
-0.997983, 351, 41, 366, 72
-0.997984, 321, 153, 448, 184
-0.997984, 193, 65, 224, 320
-0.997986, 263, 265, 278, 296
-0.997991, 373, 101, 388, 132
-0.997993, 373, 77, 388, 108
-0.997994, 13, 217, 28, 248
-0.997994, 67, 125, 82, 156
-0.998009, 85, 125, 100, 156
-0.99801, 281, 45, 296, 76
-0.99801, 235, 281, 250, 312
-0.998013, 71, 65, 86, 192
-0.998014, 297, 121, 312, 152
-0.998017, 241, 161, 368, 192
-0.998024, 123, 253, 138, 284
-0.998024, 41, 173, 56, 204
-0.998024, 255, 289, 270, 320
-0.998026, 321, 61, 336, 92
-0.998027, 259, 93, 274, 124
-0.998033, 25, 33, 56, 288
-0.998037, 39, 81, 54, 112
-0.99804, 1, 269, 128, 300
-0.998045, 163, 301, 178, 332
-0.998057, 83, 157, 98, 188
-0.998057, 361, 109, 376, 140
-0.998058, 243, 273, 258, 304
-0.998067, 289, 105, 304, 136
-0.99807, 79, 109, 94, 140
-0.998075, 287, 69, 302, 100
-0.998076, 343, 25, 358, 56
-0.998083, 109, 229, 124, 260
-0.998084, 297, 89, 312, 120
-0.998086, 65, 93, 80, 124
-0.998088, 235, 181, 250, 212
-0.998092, 369, 301, 496, 332
-0.998102, 205, 33, 236, 288
-0.998126, 369, 49, 496, 80
-0.998155, 245, 33, 276, 288
-0.998173, 177, 33, 208, 288
-0.998176, 265, 33, 296, 288
-0.9982, 37, 33, 68, 288
-0.998233, 213, 177, 228, 304
-0.998257, 113, 149, 240, 180
-0.99827, 217, 33, 248, 288
-0.998277, 161, 65, 192, 320
-0.998281, 357, 49, 372, 176
-0.998296, 65, 129, 96, 144
-0.998298, 145, 307, 176, 322
-0.998304, 41, 123, 104, 138
-0.998307, 405, 65, 436, 80
-0.998313, 285, 145, 316, 160
-0.998318, 277, 101, 308, 116
-0.998318, 353, 237, 384, 252
-0.998325, 321, 301, 448, 332
-0.99833, 205, 283, 236, 298
-0.99833, 141, 193, 156, 320
-0.998332, 77, 97, 92, 224
-0.998333, 49, 111, 80, 126
-0.998337, 109, 215, 140, 230
-0.998338, 257, 289, 288, 304
-0.998339, 65, 97, 96, 112
-0.998339, 161, 307, 192, 322
-0.99834, 345, 113, 376, 128
-0.998345, 305, 261, 432, 292
-0.998345, 65, 81, 80, 208
-0.998352, 273, 143, 304, 158
-0.998354, 65, 91, 96, 106
-0.998359, 265, 105, 296, 120
-0.998362, 373, 71, 404, 86
-0.998372, 41, 113, 104, 128
-0.998373, 209, 189, 272, 204
-0.998386, 225, 285, 288, 300
-0.99839, 193, 197, 224, 212
-0.998391, 229, 33, 260, 288
-0.998391, 141, 281, 172, 296
-0.998394, 113, 297, 176, 312
-0.998396, 357, 93, 388, 108
-0.9984, 301, 251, 332, 266
-0.9984, 33, 85, 64, 100
-0.998401, 49, 123, 80, 138
-0.998402, 201, 297, 264, 312
-0.998403, 129, 65, 160, 320
-0.998408, 241, 229, 304, 244
-0.998409, 97, 223, 160, 238
-0.99841, 261, 303, 292, 318
-0.99841, 73, 241, 136, 256
-0.998416, 177, 223, 240, 238
-0.99842, 329, 115, 392, 130
-0.998423, 201, 221, 264, 236
-0.998427, 89, 69, 120, 84
-0.998427, 97, 233, 160, 248
-0.998427, 233, 93, 296, 108
-0.998431, 193, 17, 448, 80
-0.998431, 7, 1, 22, 128
-0.998432, 41, 101, 104, 116
-0.998432, 313, 77, 376, 92
-0.998435, 337, 51, 400, 66
-0.998435, 81, 127, 144, 142
-0.998436, 373, 33, 388, 160
-0.998437, 353, 121, 384, 136
-0.998438, 217, 231, 280, 246
-0.998438, 105, 73, 168, 88
-0.998438, 305, 67, 336, 82
-0.99844, 289, 69, 352, 84
-0.99844, 121, 303, 184, 318
-0.998442, 301, 259, 332, 274
-0.998442, 237, 293, 268, 308
-0.998444, 201, 291, 232, 306
-0.998446, 201, 207, 264, 222
-0.998449, 241, 315, 304, 330
-0.998449, 201, 277, 264, 292
-0.998453, 145, 299, 208, 314
-0.998454, 329, 67, 392, 82
-0.998455, 121, 221, 184, 236
-0.998456, 113, 279, 176, 294
-0.998456, 57, 129, 120, 144
-0.998456, 97, 239, 160, 254
-0.998456, 185, 289, 248, 304
-0.998457, 129, 227, 192, 242
-0.998457, 201, 283, 264, 298
-0.998458, 193, 215, 224, 230
-0.998458, 241, 303, 304, 318
-0.998458, 213, 237, 244, 252
-0.99846, 65, 121, 128, 136
-0.998462, 105, 213, 168, 228
-0.998462, 125, 81, 156, 96
-0.998462, 225, 295, 288, 310
-0.998463, 33, 107, 96, 122
-0.998465, 177, 217, 240, 232
-0.998466, 265, 263, 328, 278
-0.998467, 169, 195, 232, 210
-0.998468, 361, 59, 424, 74
-0.998468, 357, 61, 388, 76
-0.998469, 267, 209, 282, 333
-0.99847, 25, 85, 88, 100
-0.998471, 177, 209, 240, 224
-0.998472, 261, 209, 276, 333
-0.998473, 217, 185, 248, 200
-0.998473, 241, 239, 304, 254
-0.998474, 201, 215, 264, 230
-0.998475, 145, 305, 208, 320
-0.998477, 121, 309, 184, 324
-0.998478, 73, 83, 136, 98
-0.998478, 33, 129, 96, 144
-0.998479, 73, 105, 136, 120
-0.99848, 105, 207, 168, 222
-0.998481, 305, 113, 368, 128
-0.998481, 73, 247, 136, 262
-0.998483, 113, 291, 176, 306
-0.998483, 273, 231, 336, 246
-0.998484, 265, 245, 328, 260
-0.998485, 161, 103, 224, 118
-0.998486, 59, 113, 74, 240
-0.998486, 333, 113, 364, 128
-0.998486, 329, 61, 392, 76
-0.998486, 73, 75, 136, 90
-0.998486, 217, 237, 280, 252
-0.998487, 113, 273, 176, 288
-0.998488, 177, 229, 240, 244
-0.998489, 221, 177, 236, 304
-0.99849, 313, 83, 376, 98
-0.998491, 1, 105, 64, 120
-0.998492, 97, 241, 128, 256
-0.998493, 113, 251, 176, 266
-0.998494, 409, 169, 472, 184
-0.998494, 241, 309, 304, 324
-0.998494, 201, 97, 264, 112
-0.998496, 127, 209, 142, 333
-0.998496, 65, 63, 128, 78
-0.998497, 305, 37, 368, 52
-0.998498, 129, 103, 160, 118
-0.998499, 121, 121, 184, 136
-0.998501, 201, 201, 264, 216
-0.998501, 381, 61, 412, 76
-0.998502, 233, 99, 296, 114
-0.998502, 257, 257, 320, 272
-0.998503, 217, 183, 280, 198
-0.998503, 89, 143, 152, 158
-0.998505, 329, 109, 392, 124
-0.998505, 49, 167, 112, 182
-0.998506, 17, 119, 80, 134
-0.998506, 193, 135, 256, 150
-0.998507, 265, 239, 328, 254
-0.998507, 145, 317, 208, 332
-0.998507, 1, 99, 64, 114
-0.998508, 185, 303, 248, 318
-0.998511, 1, 113, 64, 128
-0.998512, 369, 65, 432, 80
-0.998512, 265, 225, 328, 240
-0.998513, 233, 151, 296, 166
-0.998515, 249, 209, 264, 333
-0.998516, 105, 99, 168, 114
-0.998516, 241, 143, 304, 158
-0.998516, 9, 127, 72, 142
-0.998516, 93, 63, 124, 78
-0.998517, 273, 251, 336, 266
-0.998518, 105, 67, 168, 82
-0.998519, 265, 137, 328, 152
-0.998519, 409, 175, 472, 190
-0.99852, 329, 45, 392, 60
-0.99852, 233, 105, 296, 120
-0.99852, 153, 189, 216, 204
-0.998521, 73, 155, 136, 170
-0.998522, 209, 299, 240, 314
-0.998522, 65, 69, 128, 84
-0.998522, 209, 195, 272, 210
-0.998523, 233, 217, 296, 232
-0.998524, 201, 311, 264, 326
-0.998524, 225, 275, 288, 290
-0.998525, 409, 133, 472, 148
-0.998527, 17, 181, 144, 212
-0.998527, 177, 203, 240, 218
-0.998528, 65, 111, 128, 126
-0.998529, 329, 101, 392, 116
-0.998529, 113, 71, 144, 86
-0.99853, 105, 79, 168, 94
-0.998531, 145, 65, 208, 80
-0.998531, 249, 63, 312, 78
-0.998533, 273, 219, 336, 234
-0.998533, 193, 235, 256, 250
-0.998534, 113, 267, 176, 282
-0.998534, 249, 163, 312, 178
-0.998535, 241, 223, 304, 238
-0.998535, 97, 245, 160, 260
-0.998536, 97, 315, 160, 330
-0.998537, 113, 261, 176, 276
-0.998537, 249, 57, 312, 72
-0.998537, 409, 149, 472, 164
-0.998538, 145, 311, 208, 326
-0.998538, 145, 291, 208, 306
-0.998538, 25, 1, 88, 16
-0.998538, 41, 135, 104, 150
-0.998539, 121, 93, 184, 108
-0.998539, 41, 61, 104, 76
-0.998539, 137, 211, 200, 226
-0.998546, 341, 119, 372, 134
-0.998556, 217, 191, 248, 206
-0.99856, 465, 33, 496, 288
-0.99856, 209, 201, 240, 216
-0.998564, 103, 113, 118, 240
-0.998571, 125, 95, 156, 110
-0.998574, 125, 297, 156, 312
-0.998579, 361, 115, 392, 130
-0.998582, 129, 261, 160, 276
-0.998597, 69, 117, 100, 132
-0.9986, 147, 209, 162, 333
-0.998608, 105, 225, 136, 240
-0.998612, 363, 33, 378, 160
-0.998624, 237, 233, 268, 248
-0.998627, 265, 99, 296, 114
-0.998629, 207, 193, 222, 320
-0.998634, 237, 203, 268, 218
-0.998637, 361, 49, 392, 64
-0.998641, 111, 209, 126, 333
-0.998641, 145, 287, 176, 302
-0.998652, 133, 193, 148, 320
-0.99866, 265, 225, 296, 240
-0.99866, 357, 79, 388, 94
-0.998662, 145, 169, 272, 200
-0.998666, 245, 99, 276, 114
-0.998667, 227, 49, 242, 176
-0.99867, 209, 275, 240, 290
-0.998679, 91, 129, 106, 256
-0.99868, 233, 227, 264, 242
-0.998683, 249, 145, 264, 272
-0.99869, 59, 65, 74, 192
-0.99869, 111, 129, 126, 256
-0.998693, 417, 133, 448, 148
-0.998694, 269, 53, 300, 68
-0.998698, 381, 219, 412, 234
-0.998704, 105, 127, 136, 142
-0.998712, 39, 97, 54, 224
-0.998713, 385, 205, 416, 220
-0.998718, 45, 83, 76, 98
-0.998728, 121, 193, 136, 320
-0.998736, 217, 209, 248, 224
-0.998742, 27, 1, 42, 128
-0.998749, 351, 17, 366, 144
-0.998759, 245, 277, 276, 292
-0.998764, 229, 97, 260, 112
-0.998772, 205, 193, 236, 208
-0.998781, 229, 239, 260, 254
-0.998784, 121, 245, 152, 260
-0.998789, 277, 209, 292, 333
-0.998798, 85, 129, 116, 144
-0.998799, 33, 123, 64, 138
-0.998804, 227, 177, 242, 304
-0.998808, 121, 113, 136, 240
-0.998814, 349, 39, 380, 54
-0.998824, 241, 215, 272, 230
-0.998825, 57, 85, 88, 100
-0.998825, 261, 145, 276, 272
-0.998829, 237, 49, 252, 176
-0.998829, 29, 105, 60, 120
-0.998842, 277, 163, 308, 178
-0.998843, 265, 65, 280, 192
-0.998845, 333, 75, 364, 90
-0.998847, 117, 231, 148, 246
-0.998849, 97, 129, 112, 256
-0.998849, 125, 87, 156, 102
-0.998854, 353, 73, 384, 88
-0.998867, 197, 1, 212, 128
-0.998868, 243, 161, 258, 288
-0.998869, 237, 221, 268, 236
-0.998871, 151, 49, 166, 176
-0.998874, 145, 49, 272, 80
-0.998886, 309, 177, 324, 304
-0.998892, 259, 49, 274, 176
-0.998893, 287, 65, 302, 192
-0.998899, 243, 49, 258, 176
-0.998901, 225, 281, 256, 296
-0.998914, 155, 209, 170, 333
-0.998928, 327, 17, 342, 144
-0.998931, 379, 33, 394, 160
-0.998934, 137, 275, 168, 290
-0.998935, 51, 65, 66, 192
-0.998938, 237, 287, 268, 302
-0.998939, 249, 231, 280, 246
-0.99894, 121, 271, 152, 286
-0.998942, 77, 49, 92, 176
-0.998957, 1, 1, 16, 128
-0.998975, 337, 33, 352, 160
-0.998979, 297, 81, 312, 208
-0.998993, 141, 293, 172, 308
-0.998994, 253, 49, 268, 176
-0.998994, 21, 17, 36, 144
-0.998997, 83, 113, 98, 240
-0.998997, 285, 133, 316, 148
-0.999, 201, 207, 232, 222
-0.999006, 213, 217, 244, 232
-0.999006, 241, 209, 256, 333
-0.999012, 345, 17, 360, 144
-0.999014, 119, 65, 134, 192
-0.999014, 71, 113, 86, 240
-0.999016, 237, 97, 252, 224
-0.999021, 35, 49, 50, 176
-0.999027, 271, 33, 286, 160
-0.99903, 121, 253, 152, 268
-0.999036, 357, 1, 372, 128
-0.999039, 385, 193, 400, 320
-0.999039, 133, 253, 164, 268
-0.999045, 213, 231, 244, 246
-0.999047, 205, 49, 220, 176
-0.99905, 83, 65, 98, 192
-0.999053, 49, 113, 64, 240
-0.999057, 161, 49, 176, 176
-0.999057, 49, 117, 80, 132
-0.99907, 367, 81, 382, 208
-0.999071, 17, 41, 144, 72
-0.999086, 69, 111, 100, 126
-0.999088, 201, 225, 232, 240
-0.999093, 185, 49, 200, 176
-0.999093, 133, 309, 164, 324
-0.999094, 189, 221, 220, 236
-0.999095, 317, 67, 348, 82
-0.999119, 255, 161, 270, 288
-0.99912, 53, 131, 84, 146
-0.999121, 251, 97, 266, 224
-0.999126, 321, 17, 336, 144
-0.999128, 385, 49, 400, 176
-0.999133, 33, 1, 64, 16
-0.999139, 33, 97, 48, 224
-0.999143, 193, 297, 224, 312
-0.999158, 237, 299, 268, 314
-0.999158, 195, 49, 210, 176
-0.999161, 213, 49, 228, 176
-0.999173, 279, 33, 294, 160
-0.999175, 409, 177, 424, 304
-0.999192, 121, 205, 152, 220
-0.999193, 353, 33, 480, 64
-0.999205, 133, 269, 164, 284
-0.999213, 125, 65, 140, 192
-0.999221, 421, 97, 436, 224
-0.999224, 261, 297, 292, 312
-0.999235, 373, 81, 388, 208
-0.99924, 97, 143, 128, 158
-0.999241, 65, 129, 80, 256
-0.999242, 101, 235, 132, 250
-0.999254, 295, 33, 310, 160
-0.999261, 177, 49, 192, 176
-0.999262, 213, 225, 244, 240
-0.999264, 105, 161, 120, 288
-0.999267, 307, 33, 322, 160
-0.999271, 285, 209, 300, 333
-0.999274, 357, 67, 388, 82
-0.999277, 193, 33, 320, 64
-0.999293, 37, 129, 68, 144
-0.999299, 241, 25, 368, 56
-0.999305, 379, 209, 394, 333
-0.999305, 269, 129, 284, 256
-0.999314, 167, 49, 182, 176
-0.999321, 41, 49, 56, 176
-0.999323, 315, 33, 330, 160
-0.999328, 129, 281, 160, 296
-0.99933, 349, 49, 380, 64
-0.999338, 127, 145, 142, 272
-0.999341, 221, 49, 236, 176
-0.999341, 303, 177, 318, 304
-0.999341, 9, 49, 24, 176
-0.999348, 15, 17, 30, 144
-0.99935, 233, 177, 248, 304
-0.999358, 259, 97, 274, 224
-0.999361, 347, 65, 362, 192
-0.999362, 285, 17, 300, 144
-0.999366, 245, 97, 260, 224
-0.999377, 1, 13, 128, 44
-0.999385, 421, 145, 436, 272
-0.999389, 27, 81, 42, 208
-0.999393, 427, 97, 442, 224
-0.999396, 65, 33, 80, 160
-0.9994, 65, 137, 192, 168
-0.999402, 293, 129, 308, 256
-0.999406, 351, 209, 366, 333
-0.999418, 89, 65, 104, 192
-0.999419, 145, 65, 160, 192
-0.999428, 381, 213, 412, 228
-0.999433, 33, 209, 48, 333
-0.999437, 201, 193, 216, 320
-0.999443, 213, 289, 244, 304
-0.999447, 301, 33, 316, 160
-0.999462, 275, 145, 290, 272
-0.999465, 271, 81, 286, 208
-0.999475, 229, 183, 260, 198
-0.999494, 193, 177, 208, 304
-0.999497, 485, 81, 500, 208
-0.999499, 231, 97, 246, 224
-0.999511, 307, 81, 322, 208
-0.999516, 287, 113, 302, 240
-0.999517, 121, 237, 152, 252
-0.999518, 179, 177, 194, 304
-0.999527, 313, 81, 328, 208
-0.999534, 277, 81, 292, 208
-0.999535, 411, 49, 426, 176
-0.999545, 477, 49, 492, 176
-0.999551, 11, 209, 26, 333
-0.999557, 129, 315, 160, 330
-0.99956, 27, 209, 42, 333
-0.999575, 131, 65, 146, 192
-0.999575, 133, 145, 148, 272
-0.999592, 1, 1, 256, 64
-0.99962, 49, 197, 176, 228
-0.999621, 225, 233, 256, 248
-0.999656, 367, 115, 382, 130
-0.999657, 91, 103, 106, 118
-0.999657, 127, 287, 142, 302
-0.999658, 125, 125, 140, 140
-0.999659, 419, 133, 434, 148
-0.999659, 371, 47, 386, 62
-0.99966, 369, 41, 384, 56
-0.99966, 55, 133, 70, 148
-0.999662, 149, 265, 164, 280
-0.999662, 367, 65, 382, 80
-0.999662, 359, 103, 374, 118
-0.999663, 279, 225, 294, 240
-0.999664, 123, 267, 138, 282
-0.999664, 377, 67, 392, 82
-0.999664, 205, 289, 220, 304
-0.999665, 133, 279, 148, 294
-0.999666, 71, 89, 86, 104
-0.999666, 119, 237, 134, 252
-0.999666, 403, 67, 418, 82
-0.999667, 69, 127, 84, 142
-0.999667, 107, 127, 122, 142
-0.999669, 139, 287, 154, 302
-0.999669, 369, 87, 384, 102
-0.999669, 409, 197, 424, 212
-0.999669, 135, 239, 150, 254
-0.99967, 137, 267, 152, 282
-0.99967, 285, 161, 300, 176
-0.99967, 213, 229, 228, 244
-0.999671, 117, 211, 132, 226
-0.999673, 127, 255, 142, 270
-0.999673, 241, 305, 256, 320
-0.999674, 239, 215, 254, 230
-0.999675, 15, 219, 30, 234
-0.999675, 157, 287, 172, 302
-0.999675, 149, 67, 164, 82
-0.999676, 241, 225, 256, 240
-0.999676, 297, 133, 312, 148
-0.999677, 133, 311, 148, 326
-0.999677, 33, 85, 48, 100
-0.999678, 293, 245, 308, 260
-0.999678, 63, 291, 78, 306
-0.999678, 245, 285, 260, 300
-0.999678, 87, 129, 102, 144
-0.999678, 141, 305, 156, 320
-0.99968, 49, 127, 64, 142
-0.99968, 271, 295, 286, 310
-0.99968, 211, 203, 226, 218
-0.99968, 219, 209, 234, 224
-0.999683, 213, 217, 228, 232
-0.999683, 141, 317, 156, 332
-0.999684, 111, 221, 126, 236
-0.999684, 57, 83, 72, 98
-0.999685, 239, 201, 254, 216
-0.999685, 287, 123, 302, 138
-0.999685, 345, 111, 360, 126
-0.999686, 357, 67, 372, 82
-0.999688, 245, 93, 260, 108
-0.999688, 359, 117, 374, 132
-0.999689, 123, 223, 138, 238
-0.999689, 227, 211, 242, 226
-0.99969, 61, 131, 76, 146
-0.99969, 249, 283, 280, 298
-0.99969, 339, 109, 354, 124
-0.999691, 233, 239, 248, 254
-0.999692, 259, 283, 274, 298
-0.999693, 141, 251, 156, 266
-0.999693, 133, 255, 148, 270
-0.999694, 251, 305, 266, 320
-0.999694, 259, 93, 274, 108
-0.999694, 249, 317, 264, 332
-0.999695, 351, 115, 366, 130
-0.999695, 123, 281, 138, 296
-0.999696, 85, 107, 100, 122
-0.999696, 41, 129, 56, 144
-0.999696, 229, 185, 244, 200
-0.999696, 149, 299, 164, 314
-0.999697, 213, 223, 228, 238
-0.999697, 211, 291, 226, 306
-0.999698, 151, 285, 166, 300
-0.999699, 283, 317, 298, 332
-0.9997, 251, 91, 266, 106
-0.999701, 343, 117, 358, 132
-0.999702, 143, 267, 158, 282
-0.999703, 219, 185, 234, 200
-0.999704, 211, 195, 226, 210
-0.999705, 129, 221, 144, 236
-0.999708, 251, 229, 266, 244
-0.999709, 373, 121, 388, 136
-0.999712, 111, 227, 126, 242
-0.999714, 133, 287, 148, 302
-0.999714, 111, 75, 126, 90
-0.999715, 235, 231, 250, 246
-0.999716, 139, 293, 154, 308
-0.999718, 221, 287, 236, 302
-0.999718, 373, 115, 388, 130
-0.999719, 125, 273, 140, 288
-0.99972, 125, 293, 140, 308
-0.999721, 263, 221, 278, 236
-0.999721, 253, 225, 284, 240
-0.999721, 367, 121, 382, 136
-0.999723, 253, 291, 268, 306
-0.999723, 249, 311, 264, 326
-0.999725, 129, 291, 160, 306
-0.999725, 139, 311, 154, 326
-0.999725, 235, 299, 250, 314
-0.999726, 291, 163, 306, 178
-0.999728, 251, 297, 266, 312
-0.999728, 143, 273, 158, 288
-0.999729, 419, 187, 434, 202
-0.999729, 253, 217, 268, 232
-0.99973, 227, 237, 242, 252
-0.99973, 351, 121, 366, 136
-0.999735, 69, 83, 84, 98
-0.999736, 253, 207, 268, 222
-0.999738, 235, 97, 250, 112
-0.99974, 219, 229, 234, 244
-0.999741, 331, 67, 346, 82
-0.999741, 143, 281, 158, 296
-0.999744, 219, 235, 234, 250
-0.999744, 387, 207, 402, 222
-0.999745, 249, 223, 264, 238
-0.999748, 201, 295, 216, 310
-0.999749, 133, 273, 148, 288
-0.999757, 147, 257, 162, 272
-0.999766, 149, 277, 164, 292
-0.99977, 145, 291, 160, 306
-0.999774, 149, 271, 164, 286
-0.999774, 151, 291, 166, 306
-0.999788, 69, 123, 100, 138
-0.999789, 155, 297, 170, 312
-0.999791, 241, 299, 256, 314
-0.999793, 225, 231, 240, 246
-0.999803, 135, 317, 150, 332
-0.999862, 73, 111, 88, 126
-0.999986, 241, 93, 272, 108
-1.00003, 117, 223, 148, 238
-1.0002, 145, 301, 176, 316
-1.00034, 113, 9, 240, 72
-1.00089, 337, 1, 464, 64
-1.00152, 97, 1, 352, 64
-1.00335, 1, 1, 500, 64
-1.00678, 65, 1, 192, 64
