1911
-0.425062, 1, 129, 330, 384
-0.469253, 1, 257, 330, 500
-0.540109, 1, 1, 330, 500
-0.557053, 1, 33, 330, 288
-0.660124, 65, 161, 320, 416
-0.675896, 65, 257, 320, 500
-0.687475, 65, 1, 320, 500
-0.813728, 1, 33, 256, 288
-0.852735, 129, 257, 256, 500
-0.863779, 1, 289, 330, 416
-0.87699, 33, 225, 160, 480
-0.886898, 1, 177, 330, 304
-0.888886, 49, 1, 176, 500
-0.889184, 209, 257, 330, 500
-0.890962, 81, 129, 208, 384
-0.891563, 81, 257, 208, 500
-0.897616, 193, 161, 320, 416
-0.901571, 33, 97, 160, 352
-0.906988, 129, 129, 256, 384
-0.907198, 97, 1, 224, 500
-0.919621, 1, 129, 330, 256
-0.92084, 209, 1, 330, 500
-0.921708, 1, 369, 330, 496
-0.926492, 209, 65, 330, 320
-0.927535, 1, 225, 330, 352
-0.929438, 65, 273, 320, 400
-0.929744, 65, 321, 320, 448
-0.933618, 65, 193, 320, 320
-0.934822, 1, 65, 330, 192
-0.936273, 1, 145, 256, 272
-0.937384, 145, 33, 272, 288
-0.9396, 65, 369, 320, 496
-0.944177, 49, 193, 176, 320
-0.944657, 1, 97, 256, 224
-0.944927, 145, 1, 272, 500
-0.946265, 129, 257, 256, 384
-0.948025, 113, 177, 176, 304
-0.948036, 65, 273, 192, 400
-0.949177, 209, 273, 330, 400
-0.950032, 97, 33, 224, 288
-0.950772, 257, 273, 320, 400
-0.950855, 97, 177, 224, 304
-0.951137, 41, 161, 104, 288
-0.952076, 265, 337, 328, 464
-0.95251, 241, 321, 304, 448
-0.95364, 209, 161, 330, 288
-0.95367, 1, 1, 128, 256
-0.953823, 209, 273, 272, 400
-0.953901, 1, 209, 128, 336
-0.953905, 89, 225, 152, 352
-0.954729, 161, 369, 288, 496
-0.955014, 81, 273, 144, 400
-0.955121, 233, 273, 296, 400
-0.955217, 49, 1, 176, 256
-0.956153, 33, 129, 160, 256
-0.956463, 121, 337, 184, 464
-0.95667, 121, 257, 184, 384
-0.956683, 129, 305, 256, 432
-0.957962, 89, 409, 152, 472
-0.958453, 33, 305, 96, 368
-0.958776, 113, 201, 176, 264
-0.958788, 41, 209, 104, 336
-0.95892, 145, 241, 208, 368
-0.959865, 41, 433, 104, 496
-0.960013, 41, 217, 104, 280
-0.960203, 113, 369, 240, 496
-0.960515, 121, 393, 184, 456
-0.960792, 49, 81, 176, 208
-0.961255, 209, 369, 330, 496
-0.961673, 65, 145, 128, 272
-0.961701, 201, 377, 264, 440
-0.961795, 17, 289, 144, 416
-0.961931, 161, 353, 224, 480
-0.96211, 169, 257, 232, 384
-0.962134, 209, 321, 330, 448
-0.962442, 185, 273, 248, 336
-0.962933, 1, 1, 128, 500
-0.963291, 201, 353, 264, 480
-0.963364, 233, 369, 296, 496
-0.963644, 57, 297, 120, 360
-0.963994, 65, 49, 320, 176
-0.964135, 9, 313, 72, 376
-0.964168, 265, 145, 328, 272
-0.964181, 25, 113, 88, 176
-0.964627, 121, 369, 184, 432
-0.96471, 1, 121, 64, 184
-0.964976, 161, 193, 288, 320
-0.965199, 137, 177, 200, 304
-0.965463, 241, 361, 304, 424
-0.965529, 17, 161, 80, 288
-0.965576, 177, 177, 240, 304
-0.965688, 121, 417, 184, 480
-0.965825, 265, 345, 328, 408
-0.966173, 137, 129, 200, 256
-0.966349, 129, 177, 192, 240
-0.96639, 57, 153, 120, 216
-0.966929, 209, 273, 272, 336
-0.967037, 89, 137, 152, 200
-0.967151, 17, 305, 80, 432
-0.96725, 145, 257, 208, 320
-0.967506, 49, 273, 112, 400
-0.967508, 73, 273, 136, 336
-0.967599, 1, 113, 64, 240
-0.96781, 65, 209, 128, 272
-0.96803, 241, 297, 304, 360
-0.968206, 265, 225, 328, 352
-0.968325, 65, 225, 128, 352
-0.968409, 129, 281, 192, 344
-0.968577, 89, 321, 152, 448
-0.968665, 153, 401, 216, 464
-0.968887, 97, 129, 224, 256
-0.969076, 1, 369, 64, 496
-0.969563, 17, 433, 80, 496
-0.969721, 233, 161, 296, 288
-0.969768, 97, 369, 160, 496
-0.97014, 49, 337, 176, 464
-0.970196, 233, 265, 296, 328
-0.970213, 177, 273, 304, 336
-0.970249, 49, 105, 112, 168
-0.970256, 145, 377, 208, 440
-0.970336, 153, 177, 216, 240
-0.970513, 161, 305, 224, 432
-0.970537, 49, 145, 176, 208
-0.970718, 161, 281, 224, 344
-0.971087, 177, 369, 240, 432
-0.971275, 81, 241, 144, 304
-0.971357, 201, 297, 264, 360
-0.971483, 89, 209, 152, 272
-0.97158, 97, 313, 160, 376
-0.971582, 241, 161, 304, 224
-0.971833, 233, 337, 296, 400
-0.971896, 265, 161, 328, 224
-0.971949, 33, 169, 96, 232
-0.972024, 1, 337, 64, 400
-0.972049, 89, 209, 120, 336
-0.972414, 209, 225, 330, 352
-0.972441, 145, 129, 272, 256
-0.972514, 185, 177, 248, 240
-0.972527, 97, 81, 224, 208
-0.972717, 17, 305, 144, 368
-0.972834, 1, 17, 330, 144
-0.972875, 133, 353, 164, 480
-0.972876, 81, 433, 144, 496
-0.973278, 41, 321, 104, 448
-0.973503, 97, 249, 224, 312
-0.973508, 17, 209, 80, 336
-0.973549, 161, 393, 288, 456
-0.973557, 17, 217, 144, 280
-0.973646, 25, 97, 88, 224
-0.973671, 1, 121, 128, 184
-0.973673, 169, 305, 232, 368
-0.974001, 161, 129, 224, 256
-0.97419, 89, 89, 152, 152
-0.974303, 241, 225, 304, 352
-0.974381, 177, 393, 240, 456
-0.974381, 89, 81, 152, 208
-0.974455, 41, 193, 104, 256
-0.974668, 201, 353, 264, 416
-0.974803, 41, 337, 104, 400
-0.975126, 113, 65, 176, 192
-0.975315, 1, 337, 128, 464
-0.97538, 89, 129, 152, 256
-0.975411, 289, 321, 320, 448
-0.975486, 265, 225, 328, 480
-0.975755, 185, 305, 248, 432
-0.975871, 81, 273, 208, 336
-0.975942, 129, 273, 256, 336
-0.976139, 105, 281, 168, 344
-0.976248, 265, 369, 328, 432
-0.976298, 129, 137, 192, 200
-0.976395, 265, 273, 296, 400
-0.976425, 125, 385, 156, 448
-0.976501, 233, 385, 296, 448
-0.976516, 201, 401, 264, 464
-0.976627, 41, 161, 104, 416
-0.976752, 265, 257, 328, 320
-0.977001, 201, 321, 264, 384
-0.977056, 17, 217, 80, 280
-0.977093, 65, 417, 192, 480
-0.977153, 169, 257, 232, 500
-0.977229, 49, 97, 176, 160
-0.977324, 97, 193, 224, 256
-0.977352, 113, 257, 176, 500
-0.977368, 73, 321, 136, 384
-0.977409, 225, 33, 288, 96
-0.97759, 65, 97, 128, 224
-0.977709, 209, 369, 330, 432
-0.977895, 33, 329, 160, 392
-0.977926, 129, 129, 192, 384
-0.977966, 45, 161, 76, 288
-0.977981, 209, 161, 330, 224
-0.977983, 153, 233, 216, 296
-0.978055, 65, 337, 128, 464
-0.978077, 209, 161, 272, 288
-0.978222, 241, 257, 304, 500
-0.978379, 157, 369, 188, 496
-0.978429, 137, 225, 200, 480
-0.978452, 209, 161, 272, 224
-0.978512, 121, 305, 184, 368
-0.978725, 257, 321, 320, 384
-0.97875, 33, 313, 64, 376
-0.978783, 5, 329, 36, 392
-0.978813, 113, 401, 240, 464
-0.978817, 17, 193, 80, 256
-0.978837, 113, 369, 240, 432
-0.978881, 145, 369, 176, 496
-0.978927, 177, 249, 240, 312
-0.978974, 185, 49, 248, 112
-0.979108, 89, 193, 152, 448
-0.979148, 89, 177, 152, 304
-0.979363, 73, 289, 104, 352
-0.979403, 257, 321, 288, 448
-0.979654, 153, 153, 216, 216
-0.979686, 241, 241, 304, 304
-0.979746, 41, 161, 72, 224
-0.979773, 113, 81, 176, 144
-0.979943, 277, 321, 308, 448
-0.979999, 273, 345, 304, 408
-0.980007, 105, 233, 168, 296
-0.980058, 145, 65, 208, 128
-0.980082, 53, 305, 84, 368
-0.980083, 161, 297, 288, 360
-0.980087, 137, 409, 168, 472
-0.980109, 65, 217, 192, 280
-0.980123, 137, 345, 200, 408
-0.980269, 113, 401, 144, 464
-0.980335, 209, 345, 330, 408
-0.980335, 161, 177, 288, 240
-0.980369, 17, 321, 48, 384
-0.980382, 133, 361, 164, 424
-0.98051, 145, 273, 176, 400
-0.980565, 89, 353, 152, 416
-0.98066, 89, 225, 120, 288
-0.980711, 157, 385, 188, 448
-0.980723, 65, 425, 96, 488
-0.980868, 293, 145, 324, 272
-0.980942, 41, 257, 104, 500
-0.980951, 49, 409, 112, 472
-0.981086, 209, 297, 330, 360
-0.9812, 141, 185, 172, 248
-0.98121, 241, 185, 304, 248
-0.981267, 65, 305, 192, 368
-0.981489, 121, 369, 152, 496
-0.981504, 137, 385, 168, 448
-0.98151, 289, 345, 320, 408
-0.981524, 45, 433, 76, 496
-0.981575, 69, 217, 100, 280
-0.98158, 65, 257, 128, 500
-0.98158, 209, 225, 272, 352
-0.981589, 73, 185, 136, 248
-0.981629, 137, 177, 168, 304
-0.981648, 101, 409, 132, 472
-0.981753, 153, 49, 216, 176
-0.981767, 145, 345, 272, 408
-0.981819, 185, 265, 216, 328
-0.981843, 273, 249, 304, 312
-0.981872, 193, 321, 320, 384
-0.982002, 17, 425, 144, 488
-0.982017, 209, 273, 240, 336
-0.982039, 57, 153, 88, 216
-0.982044, 145, 321, 176, 448
-0.982083, 145, 353, 176, 416
-0.982254, 285, 257, 316, 384
-0.982255, 137, 201, 200, 264
-0.982283, 109, 209, 140, 336
-0.9824, 225, 161, 288, 416
-0.982418, 221, 273, 252, 336
-0.982427, 265, 137, 328, 200
-0.982475, 117, 289, 148, 416
-0.982495, 221, 273, 252, 400
-0.982523, 81, 377, 144, 440
-0.98254, 217, 361, 248, 424
-0.982545, 57, 241, 120, 304
-0.982567, 105, 209, 136, 272
-0.982624, 241, 369, 272, 432
-0.982634, 161, 369, 288, 432
-0.982653, 113, 169, 240, 232
-0.982792, 265, 17, 328, 80
-0.982819, 1, 257, 64, 384
-0.982821, 113, 297, 240, 360
-0.982827, 173, 273, 204, 336
-0.982892, 277, 313, 308, 376
-0.982902, 161, 193, 192, 320
-0.982998, 265, 1, 328, 128
-0.983161, 245, 321, 276, 448
-0.983216, 197, 265, 228, 328
-0.983221, 161, 337, 224, 400
-0.983224, 153, 409, 184, 472
-0.983236, 41, 273, 104, 336
-0.983339, 229, 297, 260, 360
-0.98335, 265, 185, 328, 248
-0.983409, 113, 129, 176, 256
-0.98342, 69, 105, 100, 168
-0.983431, 41, 201, 72, 264
-0.98345, 181, 377, 212, 440
-0.983456, 177, 201, 240, 264
-0.983519, 185, 177, 216, 304
-0.98355, 49, 193, 176, 256
-0.983557, 265, 97, 328, 224
-0.983612, 85, 289, 116, 352
-0.983635, 97, 97, 160, 352
-0.983704, 1, 145, 64, 208
-0.983743, 241, 113, 304, 240
-0.983792, 117, 201, 148, 264
-0.983799, 169, 169, 200, 232
-0.983816, 81, 417, 112, 480
-0.983864, 129, 177, 160, 240
-0.983865, 69, 145, 100, 208
-0.983871, 105, 257, 168, 320
-0.98388, 229, 377, 260, 440
-0.98388, 1, 81, 128, 208
-0.983894, 197, 177, 228, 240
-0.983937, 137, 153, 168, 216
-0.983938, 81, 113, 144, 176
-0.984003, 33, 169, 160, 232
-0.984044, 49, 393, 176, 456
-0.984105, 101, 305, 132, 368
-0.984129, 201, 113, 264, 240
-0.984145, 169, 377, 200, 440
-0.984151, 9, 241, 72, 304
-0.984216, 201, 361, 232, 424
-0.984222, 113, 137, 240, 200
-0.984232, 153, 129, 184, 192
-0.98432, 197, 289, 228, 352
-0.984321, 257, 161, 288, 224
-0.984395, 161, 33, 288, 160
-0.984406, 117, 297, 148, 360
-0.984465, 153, 185, 184, 248
-0.984473, 161, 233, 192, 296
-0.98454, 49, 113, 80, 176
-0.984576, 117, 137, 148, 200
-0.984594, 69, 161, 100, 288
-0.984598, 53, 193, 84, 256
-0.984609, 289, 313, 320, 376
-0.984653, 197, 385, 228, 448
-0.984692, 89, 201, 120, 264
-0.984755, 297, 161, 328, 224
-0.984767, 261, 361, 292, 424
-0.984782, 161, 81, 288, 208
-0.984812, 1, 97, 64, 352
-0.984822, 49, 121, 176, 184
-0.984916, 1, 353, 32, 416
-0.984918, 121, 321, 152, 384
-0.984952, 125, 177, 156, 304
-0.98499, 41, 369, 104, 496
-0.984997, 53, 337, 84, 400
-0.985028, 25, 137, 88, 200
-0.985041, 129, 273, 160, 400
-0.985114, 117, 425, 148, 488
-0.985117, 265, 225, 328, 288
-0.985165, 89, 249, 120, 312
-0.985171, 105, 273, 136, 400
-0.985205, 209, 297, 240, 360
-0.98526, 237, 273, 268, 400
-0.985315, 113, 337, 176, 400
-0.985339, 33, 241, 96, 304
-0.985344, 173, 249, 204, 312
-0.985418, 97, 177, 160, 240
-0.98546, 249, 337, 280, 400
-0.985502, 173, 401, 204, 464
-0.985529, 9, 121, 40, 184
-0.985531, 165, 353, 196, 416
-0.985556, 245, 265, 276, 328
-0.985624, 33, 113, 64, 176
-0.985626, 33, 281, 160, 344
-0.985637, 17, 353, 48, 416
-0.985643, 229, 161, 260, 224
-0.985689, 81, 137, 112, 200
-0.985703, 85, 97, 116, 160
-0.985753, 193, 249, 320, 312
-0.985834, 153, 257, 184, 320
-0.985893, 129, 321, 256, 384
-0.985895, 221, 337, 252, 400
-0.985897, 145, 249, 272, 312
-0.985936, 101, 377, 132, 440
-0.985949, 233, 265, 264, 328
-0.985964, 173, 297, 204, 360
-0.985981, 49, 65, 112, 320
-0.986008, 161, 129, 224, 384
-0.986015, 193, 41, 320, 104
-0.98602, 73, 313, 104, 376
-0.986025, 237, 329, 268, 392
-0.986046, 9, 409, 72, 472
-0.986049, 49, 113, 80, 240
-0.986053, 265, 129, 328, 384
-0.98606, 81, 421, 144, 452
-0.986066, 157, 281, 188, 344
-0.986067, 113, 73, 240, 136
-0.986067, 209, 169, 240, 232
-0.98614, 209, 385, 240, 448
-0.986177, 81, 329, 208, 392
-0.986183, 245, 161, 276, 224
-0.986226, 177, 145, 208, 208
-0.986229, 137, 329, 168, 392
-0.986231, 241, 297, 272, 360
-0.986254, 217, 257, 280, 500
-0.986291, 137, 281, 168, 344
-0.986292, 269, 161, 300, 224
-0.986292, 133, 433, 164, 496
-0.986305, 17, 233, 48, 296
-0.986312, 193, 225, 256, 480
-0.986328, 49, 369, 176, 432
-0.986353, 173, 273, 204, 400
-0.986361, 65, 337, 96, 400
-0.986434, 113, 409, 176, 440
-0.986479, 145, 425, 208, 488
-0.986523, 105, 1, 168, 500
-0.986538, 29, 345, 60, 408
-0.986557, 105, 281, 136, 344
-0.986559, 209, 185, 330, 248
-0.98656, 165, 321, 196, 448
-0.986594, 9, 169, 72, 232
-0.986624, 149, 161, 180, 224
-0.986631, 1, 361, 64, 424
-0.986771, 49, 129, 112, 192
-0.986802, 149, 329, 180, 392
-0.986812, 33, 425, 64, 488
-0.986839, 53, 409, 84, 472
-0.98685, 17, 433, 48, 496
-0.986864, 165, 193, 196, 256
-0.986875, 57, 281, 88, 344
-0.98691, 157, 241, 188, 368
-0.986916, 133, 305, 164, 368
-0.986926, 209, 81, 330, 208
-0.986935, 261, 257, 292, 320
-0.986958, 69, 209, 100, 336
-0.986969, 29, 225, 60, 288
-0.986989, 265, 305, 296, 368
-0.987, 185, 401, 216, 464
-0.987001, 41, 289, 72, 416
-0.987015, 105, 89, 136, 152
-0.987032, 73, 65, 136, 320
-0.98708, 109, 233, 140, 296
-0.987083, 185, 177, 216, 240
-0.987096, 137, 129, 168, 192
-0.987114, 149, 129, 180, 256
-0.987134, 1, 305, 32, 432
-0.987186, 57, 305, 120, 336
-0.987233, 145, 305, 176, 368
-0.987236, 281, 225, 312, 288
-0.987263, 21, 121, 52, 184
-0.987304, 269, 225, 300, 352
-0.987311, 185, 289, 216, 352
-0.987327, 89, 289, 120, 416
-0.987439, 17, 241, 144, 304
-0.987537, 281, 369, 312, 432
-0.987541, 261, 281, 292, 344
-0.987562, 177, 57, 208, 120
-0.987572, 221, 337, 252, 464
-0.987585, 285, 201, 316, 264
-0.987622, 73, 273, 104, 400
-0.987636, 17, 305, 48, 432
-0.987648, 129, 201, 160, 264
-0.98766, 153, 129, 216, 192
-0.98766, 41, 337, 72, 400
-0.987672, 297, 137, 328, 200
-0.987681, 281, 145, 312, 208
-0.987687, 65, 221, 128, 252
-0.987725, 105, 129, 136, 192
-0.987761, 233, 409, 296, 472
-0.987787, 1, 461, 64, 492
-0.987875, 17, 225, 80, 480
-0.987888, 9, 333, 72, 364
-0.987928, 169, 129, 200, 256
-0.98796, 41, 209, 72, 336
-0.987968, 177, 225, 208, 352
-0.987971, 209, 249, 272, 312
-0.988004, 209, 33, 330, 160
-0.988027, 33, 449, 96, 480
-0.988045, 193, 33, 256, 160
-0.988104, 185, 153, 248, 216
-0.988115, 233, 273, 296, 304
-0.988121, 265, 353, 328, 384
-0.988148, 41, 233, 104, 264
-0.988217, 269, 369, 300, 496
-0.988245, 121, 421, 184, 452
-0.988297, 161, 293, 224, 324
-0.988315, 233, 17, 296, 144
-0.988355, 265, 425, 328, 488
-0.988517, 9, 361, 72, 392
-0.988554, 49, 345, 112, 376
-0.988567, 57, 209, 88, 336
-0.988579, 209, 273, 240, 400
-0.988624, 161, 185, 224, 216
-0.98865, 37, 97, 68, 224
-0.988718, 97, 325, 160, 356
-0.988726, 1, 65, 64, 192
-0.988839, 189, 257, 220, 384
-0.988865, 1, 273, 64, 336
-0.988867, 185, 281, 248, 312
-0.988882, 265, 1, 328, 256
-0.98891, 57, 81, 120, 144
-0.988925, 129, 189, 192, 220
-0.988926, 265, 157, 328, 188
-0.988946, 61, 289, 92, 416
-0.988958, 129, 285, 192, 316
-0.98901, 129, 1, 192, 500
-0.989032, 1, 97, 128, 160
-0.989034, 265, 289, 328, 352
-0.989041, 265, 145, 296, 272
-0.989047, 49, 437, 112, 468
-0.989101, 193, 177, 256, 208
-0.989138, 169, 369, 200, 496
-0.98914, 113, 205, 176, 236
-0.989142, 109, 369, 140, 496
-0.989164, 201, 369, 232, 496
-0.989196, 1, 353, 128, 416
-0.989209, 137, 405, 200, 436
-0.989248, 145, 33, 208, 288
-0.989314, 201, 385, 264, 416
-0.98941, 73, 337, 136, 368
-0.989465, 249, 261, 312, 292
-0.989472, 189, 353, 220, 480
-0.989564, 73, 1, 136, 500
-0.98963, 81, 293, 144, 324
-0.989644, 233, 369, 296, 400
-0.989676, 201, 297, 264, 328
-0.989693, 89, 141, 152, 172
-0.989702, 89, 213, 152, 244
-0.98971, 153, 417, 216, 448
-0.989719, 1, 245, 64, 276
-0.989723, 209, 281, 272, 312
-0.989735, 33, 321, 96, 352
-0.98977, 145, 305, 208, 368
-0.989854, 113, 397, 176, 428
-0.989873, 41, 221, 104, 252
-0.989881, 201, 401, 264, 432
-0.989898, 65, 345, 128, 408
-0.989946, 25, 129, 88, 160
-0.989976, 241, 369, 272, 496
-0.989992, 257, 1, 320, 500
-0.989996, 177, 225, 304, 288
-0.990032, 241, 165, 304, 196
-0.990032, 217, 169, 280, 200
-0.990084, 73, 457, 136, 488
-0.990146, 129, 141, 192, 172
-0.990231, 161, 137, 288, 200
-0.990334, 33, 309, 96, 340
-0.990349, 257, 369, 288, 496
-0.990374, 65, 161, 128, 416
-0.990418, 241, 301, 304, 332
-0.990428, 17, 233, 80, 264
-0.990435, 241, 33, 304, 288
-0.990456, 81, 433, 144, 464
-0.990464, 281, 193, 312, 320
-0.990595, 137, 129, 168, 256
-0.990616, 113, 297, 176, 328
-0.990616, 25, 349, 88, 380
-0.990671, 217, 185, 280, 248
-0.99075, 49, 465, 112, 496
-0.990811, 1, 349, 64, 380
-0.990828, 197, 305, 228, 432
-0.990903, 97, 145, 128, 272
-0.990905, 29, 177, 60, 304
-0.990911, 153, 389, 216, 420
-0.990942, 65, 49, 128, 176
-0.991004, 233, 385, 296, 416
-0.991011, 113, 113, 176, 176
-0.991054, 33, 273, 288, 336
-0.991063, 81, 281, 144, 312
-0.991104, 1, 129, 64, 160
-0.991141, 41, 165, 104, 196
-0.99115, 193, 369, 256, 400
-0.991159, 265, 373, 328, 404
-0.99117, 137, 273, 200, 304
-0.991182, 33, 117, 96, 148
-0.991208, 57, 209, 120, 240
-0.991215, 297, 241, 328, 368
-0.991219, 153, 173, 216, 204
-0.991252, 225, 353, 288, 384
-0.991344, 201, 313, 264, 344
-0.991374, 297, 97, 328, 224
-0.991385, 117, 81, 148, 208
-0.991395, 209, 321, 240, 448
-0.991404, 65, 185, 320, 248
-0.991405, 145, 253, 208, 284
-0.991425, 81, 97, 144, 128
-0.991435, 29, 289, 60, 416
-0.991454, 169, 269, 232, 300
-0.991461, 49, 1, 112, 500
-0.991466, 25, 257, 88, 384
-0.991489, 89, 409, 152, 440
-0.991504, 1, 153, 256, 216
-0.99153, 105, 321, 136, 448
-0.99161, 245, 145, 276, 272
-0.991653, 57, 109, 120, 140
-0.991671, 41, 49, 104, 176
-0.991686, 169, 313, 232, 344
-0.991705, 137, 205, 200, 236
-0.991708, 73, 369, 104, 496
-0.991747, 57, 149, 120, 180
-0.99176, 257, 321, 320, 352
-0.99181, 9, 321, 72, 352
-0.991813, 161, 281, 224, 312
-0.991813, 137, 297, 200, 328
-0.991962, 177, 61, 240, 92
-0.991982, 65, 345, 320, 408
-0.991986, 9, 353, 40, 480
-0.991988, 161, 401, 224, 432
-0.992033, 105, 417, 136, 448
-0.992048, 241, 341, 304, 372
-0.992103, 281, 369, 312, 496
-0.992134, 253, 273, 284, 400
-0.992149, 257, 393, 320, 456
-0.992154, 1, 1, 256, 128
-0.992182, 21, 113, 52, 240
-0.992196, 197, 161, 228, 288
-0.992219, 273, 257, 304, 288
-0.992225, 113, 33, 240, 160
-0.992237, 121, 85, 184, 116
-0.99225, 121, 373, 184, 404
-0.992278, 81, 245, 144, 276
-0.99228, 121, 405, 152, 436
-0.992317, 145, 49, 272, 112
-0.992369, 1, 465, 32, 496
-0.992369, 1, 357, 32, 388
-0.992374, 73, 113, 104, 240
-0.992407, 173, 177, 204, 304
-0.992411, 121, 225, 152, 352
-0.992423, 225, 325, 288, 356
-0.992424, 121, 57, 184, 120
-0.992428, 1, 305, 256, 368
-0.992468, 137, 181, 168, 212
-0.992474, 217, 41, 280, 72
-0.992489, 17, 209, 80, 240
-0.992491, 81, 217, 112, 248
-0.992521, 89, 445, 152, 476
-0.992522, 17, 429, 80, 460
-0.992544, 129, 177, 192, 208
-0.992561, 145, 69, 208, 100
-0.992563, 133, 401, 164, 432
-0.992572, 69, 433, 100, 464
-0.99259, 201, 53, 264, 84
-0.992603, 121, 385, 184, 416
-0.992612, 121, 221, 184, 252
-0.992615, 13, 461, 44, 492
-0.99262, 101, 217, 132, 248
-0.992622, 57, 161, 88, 288
-0.99263, 217, 1, 280, 256
-0.992648, 169, 1, 232, 500
-0.99265, 1, 141, 64, 172
-0.992666, 185, 129, 248, 384
-0.992671, 53, 305, 84, 336
-0.992677, 65, 301, 96, 332
-0.992684, 45, 349, 76, 380
-0.992714, 89, 153, 152, 184
-0.992714, 125, 421, 156, 452
-0.992753, 113, 425, 240, 488
-0.992773, 113, 141, 144, 172
-0.992778, 161, 389, 192, 420
-0.99278, 13, 345, 44, 376
-0.992783, 145, 201, 272, 264
-0.992795, 173, 277, 204, 308
-0.992811, 37, 453, 68, 484
-0.992811, 137, 425, 168, 456
-0.992814, 221, 397, 252, 428
-0.992815, 1, 401, 128, 464
-0.99283, 29, 321, 60, 352
-0.992844, 105, 1, 168, 256
-0.992852, 177, 389, 240, 420
-0.992852, 153, 413, 184, 444
-0.992857, 225, 357, 256, 388
-0.992859, 1, 281, 330, 344
-0.992878, 241, 217, 304, 280
-0.992891, 113, 205, 144, 236
-0.992892, 149, 193, 180, 224
-0.992899, 57, 345, 88, 376
-0.992907, 33, 197, 96, 228
-0.992911, 13, 329, 44, 360
-0.992912, 41, 309, 72, 340
-0.992916, 241, 381, 272, 412
-0.992919, 113, 161, 144, 288
-0.992929, 201, 25, 264, 88
-0.99293, 85, 425, 116, 456
-0.992936, 149, 389, 180, 420
-0.992946, 201, 181, 232, 212
-0.992964, 1, 329, 32, 360
-0.992971, 53, 445, 84, 476
-0.992977, 285, 353, 316, 384
-0.992981, 77, 297, 108, 328
-0.992987, 25, 457, 56, 488
-0.992988, 33, 409, 288, 472
-0.992991, 249, 33, 312, 64
-0.992992, 69, 221, 100, 252
-0.993006, 1, 245, 32, 276
-0.993009, 137, 413, 168, 444
-0.993016, 145, 285, 176, 316
-0.993028, 241, 9, 304, 72
-0.993028, 49, 221, 80, 252
-0.993032, 25, 461, 88, 492
-0.993034, 265, 21, 328, 52
-0.993037, 125, 389, 156, 420
-0.993044, 193, 189, 256, 220
-0.993045, 161, 377, 224, 408
-0.993047, 73, 145, 104, 176
-0.993065, 249, 269, 280, 300
-0.993081, 241, 433, 304, 496
-0.993084, 157, 401, 188, 432
-0.993095, 185, 129, 248, 192
-0.993104, 141, 377, 172, 408
-0.993109, 13, 361, 44, 392
-0.993116, 297, 365, 328, 396
-0.993119, 69, 445, 100, 476
-0.993131, 57, 433, 88, 464
-0.993137, 121, 433, 152, 464
-0.99314, 221, 385, 252, 416
-0.993152, 273, 361, 304, 392
-0.993154, 57, 153, 88, 184
-0.993162, 157, 293, 188, 324
-0.993165, 1, 237, 128, 268
-0.993174, 125, 141, 156, 172
-0.993179, 213, 173, 244, 204
-0.99318, 1, 217, 256, 280
-0.993184, 65, 233, 128, 264
-0.993185, 221, 281, 252, 312
-0.993198, 241, 189, 304, 220
-0.993199, 81, 333, 112, 364
-0.993212, 209, 393, 330, 456
-0.993219, 89, 233, 120, 264
-0.993221, 1, 369, 32, 400
-0.993246, 137, 389, 168, 420
-0.99325, 37, 117, 68, 148
-0.99325, 13, 241, 44, 272
-0.993252, 81, 305, 144, 336
-0.993259, 129, 317, 192, 348
-0.99326, 121, 317, 152, 348
-0.993272, 101, 137, 132, 168
-0.993272, 289, 153, 320, 184
-0.993306, 273, 157, 304, 188
-0.993308, 149, 429, 180, 460
-0.993311, 1, 321, 330, 384
-0.993313, 33, 353, 64, 384
-0.993313, 89, 229, 152, 260
-0.99332, 65, 109, 96, 140
-0.993323, 133, 193, 164, 224
-0.993328, 45, 165, 76, 196
-0.993361, 205, 297, 236, 328
-0.993377, 1, 133, 32, 164
-0.993389, 129, 373, 160, 404
-0.993391, 237, 393, 268, 424
-0.993392, 105, 281, 168, 312
-0.993411, 189, 377, 220, 408
-0.993413, 209, 357, 330, 388
-0.993419, 217, 369, 248, 400
-0.993421, 41, 177, 72, 208
-0.993425, 137, 297, 168, 328
-0.993433, 185, 289, 216, 320
-0.993435, 113, 233, 176, 264
-0.993441, 249, 345, 280, 376
-0.993441, 177, 413, 240, 444
-0.993442, 17, 313, 144, 344
-0.993443, 273, 349, 304, 380
-0.99345, 49, 201, 80, 232
-0.993452, 177, 401, 208, 432
-0.993455, 41, 233, 72, 264
-0.993461, 17, 129, 48, 160
-0.993463, 137, 145, 168, 176
-0.993468, 29, 237, 60, 268
-0.993473, 297, 325, 328, 356
-0.993474, 85, 141, 116, 172
-0.993487, 233, 277, 264, 308
-0.993498, 41, 321, 72, 352
-0.993505, 277, 317, 308, 348
-0.993507, 129, 337, 192, 368
-0.993518, 225, 169, 256, 200
-0.99352, 261, 261, 292, 292
-0.993526, 201, 273, 232, 304
-0.993526, 225, 293, 256, 324
-0.993532, 1, 193, 330, 256
-0.993535, 121, 433, 184, 464
-0.993535, 97, 97, 128, 128
-0.993536, 89, 201, 152, 232
-0.993539, 17, 317, 48, 348
-0.993541, 193, 53, 224, 84
-0.993544, 185, 185, 216, 216
-0.993558, 49, 113, 80, 144
-0.993562, 69, 341, 100, 372
-0.993567, 233, 397, 296, 428
-0.993582, 97, 329, 128, 360
-0.993586, 85, 245, 116, 276
-0.993593, 265, 89, 328, 152
-0.993603, 165, 189, 196, 220
-0.993606, 133, 81, 164, 112
-0.993612, 233, 37, 264, 68
-0.993614, 189, 265, 220, 296
-0.993615, 73, 461, 104, 492
-0.993619, 89, 297, 120, 328
-0.993622, 201, 369, 232, 400
-0.993624, 141, 205, 172, 236
-0.993624, 273, 25, 304, 56
-0.99363, 105, 405, 136, 436
-0.993631, 1, 345, 32, 376
-0.993634, 233, 313, 264, 344
-0.993641, 41, 189, 72, 220
-0.993643, 181, 389, 212, 420
-0.993656, 213, 49, 244, 80
-0.993666, 249, 361, 280, 392
-0.993669, 253, 33, 284, 64
-0.993679, 153, 273, 184, 304
-0.993686, 213, 309, 244, 340
-0.993694, 153, 81, 184, 208
-0.993698, 173, 173, 204, 204
-0.993709, 81, 393, 144, 424
-0.993715, 201, 325, 264, 356
-0.993756, 209, 129, 330, 192
-0.99377, 89, 357, 152, 388
-0.993773, 41, 425, 104, 456
-0.99378, 105, 97, 168, 128
-0.99378, 9, 449, 72, 480
-0.993814, 265, 185, 328, 216
-0.993867, 265, 233, 328, 264
-0.993867, 193, 269, 256, 300
-0.993887, 201, 357, 264, 388
-0.993888, 1, 129, 128, 160
-0.993891, 161, 417, 288, 480
-0.99394, 105, 269, 168, 300
-0.99394, 57, 317, 120, 348
-0.993955, 49, 289, 112, 320
-0.993973, 57, 121, 120, 152
-0.994015, 161, 1, 224, 128
-0.994045, 185, 201, 248, 232
-0.994049, 225, 137, 288, 200
-0.99405, 233, 1, 296, 500
-0.994058, 41, 277, 104, 308
-0.994094, 121, 17, 184, 144
-0.99415, 1, 1, 64, 256
-0.994178, 65, 297, 192, 328
-0.994233, 113, 293, 240, 324
-0.994301, 265, 49, 328, 176
-0.994346, 1, 193, 128, 256
-0.994368, 49, 385, 112, 448
-0.994374, 209, 433, 330, 496
-0.994382, 33, 369, 288, 432
-0.99442, 1, 337, 16, 400
-0.994449, 49, 145, 176, 176
-0.994455, 161, 41, 224, 104
-0.994465, 25, 65, 88, 320
-0.994479, 9, 225, 40, 352
-0.994489, 49, 341, 176, 372
-0.994491, 89, 65, 152, 128
-0.994509, 293, 345, 308, 408
-0.994534, 33, 433, 288, 496
-0.994535, 159, 401, 174, 464
-0.99454, 33, 217, 160, 248
-0.994562, 177, 81, 240, 208
-0.994583, 17, 81, 80, 144
-0.994641, 129, 277, 256, 308
-0.994643, 1, 137, 330, 200
-0.994701, 7, 329, 22, 392
-0.994742, 233, 321, 264, 448
-0.994743, 1, 225, 330, 288
-0.99475, 79, 425, 94, 488
-0.994768, 125, 401, 140, 464
-0.994811, 177, 285, 304, 316
-0.994818, 131, 393, 146, 456
-0.994927, 299, 345, 314, 408
-0.994933, 161, 385, 288, 416
-0.994941, 25, 1, 88, 500
-0.99497, 145, 405, 272, 436
-0.994974, 1, 457, 128, 488
-0.995008, 1, 345, 128, 376
-0.995032, 93, 81, 124, 208
-0.995057, 65, 417, 192, 448
-0.995093, 209, 57, 272, 120
-0.995103, 85, 161, 116, 288
-0.995172, 49, 161, 64, 224
-0.995212, 1, 417, 330, 480
-0.995221, 77, 289, 92, 352
-0.995232, 91, 289, 106, 352
-0.995243, 33, 129, 288, 192
-0.995259, 25, 361, 88, 424
-0.995261, 53, 369, 84, 496
-0.995279, 169, 33, 232, 288
-0.995283, 265, 113, 328, 176
-0.9953, 139, 417, 154, 480
-0.995302, 81, 329, 208, 360
-0.995335, 49, 33, 176, 160
-0.99536, 199, 265, 214, 328
-0.995374, 53, 305, 68, 368
-0.995387, 97, 209, 224, 240
-0.99543, 161, 177, 288, 208
-0.995439, 119, 409, 134, 472
-0.995442, 97, 141, 224, 172
-0.995459, 181, 129, 212, 256
-0.995479, 39, 313, 54, 376
-0.995486, 283, 337, 298, 400
-0.995491, 29, 321, 44, 384
-0.995534, 109, 209, 124, 272
-0.995541, 85, 433, 100, 496
-0.995547, 163, 377, 178, 440
-0.995547, 155, 185, 170, 248
-0.995567, 277, 345, 292, 408
-0.995572, 189, 273, 204, 336
-0.995583, 209, 169, 330, 200
-0.995602, 145, 393, 160, 456
-0.995604, 67, 425, 82, 488
-0.995604, 1, 169, 330, 232
-0.99563, 97, 257, 224, 288
-0.995632, 97, 405, 224, 436
-0.995637, 237, 369, 252, 432
-0.995638, 65, 285, 192, 316
-0.995639, 209, 193, 240, 320
-0.99564, 33, 157, 160, 188
-0.995643, 283, 241, 298, 304
-0.995645, 129, 233, 192, 296
-0.995658, 133, 137, 148, 200
-0.995659, 19, 321, 34, 384
-0.995674, 17, 325, 144, 356
-0.995684, 149, 193, 180, 320
-0.995704, 177, 269, 304, 300
-0.995707, 303, 321, 318, 384
-0.995711, 207, 273, 222, 336
-0.995727, 193, 1, 256, 500
-0.995733, 45, 433, 60, 496
-0.995734, 285, 313, 300, 376
-0.995737, 133, 433, 148, 496
-0.995741, 225, 281, 240, 344
-0.995764, 81, 217, 96, 280
-0.995779, 145, 161, 160, 224
-0.995783, 219, 377, 234, 440
-0.995799, 59, 433, 74, 496
-0.9958, 103, 209, 118, 272
-0.995803, 219, 281, 234, 344
-0.995808, 129, 373, 256, 404
-0.995819, 161, 313, 288, 344
-0.995829, 65, 245, 192, 276
-0.99584, 237, 345, 252, 408
-0.995841, 181, 265, 196, 328
-0.995853, 47, 305, 62, 368
-0.995901, 291, 313, 306, 376
-0.995904, 185, 377, 200, 440
-0.995906, 61, 97, 92, 224
-0.995915, 117, 209, 132, 272
-0.995967, 209, 345, 330, 376
-0.995971, 209, 189, 330, 220
-0.995987, 67, 305, 82, 368
-0.99599, 245, 297, 260, 360
-0.996032, 1, 145, 128, 208
-0.996038, 113, 177, 240, 208
-0.996047, 153, 417, 168, 480
-0.996056, 137, 385, 152, 448
-0.996058, 1, 377, 128, 440
-0.996087, 17, 117, 144, 148
-0.996104, 61, 169, 76, 232
-0.996131, 65, 429, 192, 460
-0.996163, 125, 201, 140, 264
-0.996163, 113, 393, 240, 424
-0.996165, 209, 369, 330, 400
-0.996186, 1, 105, 256, 168
-0.996209, 59, 297, 74, 360
-0.996212, 193, 1, 256, 256
-0.996226, 53, 425, 68, 488
-0.996256, 177, 297, 304, 328
-0.996277, 85, 281, 100, 344
-0.996301, 113, 225, 240, 288
-0.996314, 205, 169, 220, 232
-0.996315, 71, 145, 86, 208
-0.996318, 33, 205, 160, 236
-0.996319, 139, 177, 154, 240
-0.996333, 243, 377, 258, 440
-0.996347, 169, 385, 184, 448
-0.99637, 139, 153, 154, 216
-0.996376, 197, 385, 212, 448
-0.996382, 105, 81, 136, 208
-0.996382, 281, 145, 312, 272
-0.996383, 113, 417, 240, 448
-0.996396, 131, 369, 146, 432
-0.996403, 195, 177, 210, 240
-0.996412, 43, 201, 58, 264
-0.996414, 213, 273, 228, 336
-0.996431, 277, 257, 292, 320
-0.996451, 1, 357, 128, 388
-0.996462, 13, 321, 28, 384
-0.996479, 155, 257, 170, 320
-0.996483, 177, 17, 240, 80
-0.996484, 89, 209, 104, 272
-0.996499, 145, 305, 160, 368
-0.996505, 161, 353, 288, 384
-0.996513, 61, 201, 76, 264
-0.996514, 65, 269, 192, 300
-0.996515, 189, 249, 204, 312
-0.996521, 113, 317, 240, 348
-0.996534, 7, 353, 22, 416
-0.996534, 235, 273, 250, 336
-0.996547, 105, 305, 120, 368
-0.996547, 75, 313, 90, 376
-0.996549, 305, 345, 320, 408
-0.996567, 97, 113, 224, 176
-0.996583, 297, 321, 312, 384
-0.996592, 147, 137, 162, 200
-0.996602, 175, 401, 190, 464
-0.996633, 271, 361, 286, 424
-0.996637, 41, 353, 72, 480
-0.996638, 177, 377, 192, 440
-0.996647, 151, 345, 166, 408
-0.996663, 233, 169, 248, 232
-0.996673, 203, 369, 218, 432
-0.996686, 91, 241, 106, 304
-0.996691, 209, 313, 330, 344
-0.996712, 193, 405, 320, 436
-0.996718, 191, 377, 206, 440
-0.996732, 33, 445, 160, 476
-0.996732, 125, 129, 140, 192
-0.996749, 15, 121, 30, 184
-0.996767, 141, 257, 172, 500
-0.99677, 13, 345, 28, 408
-0.996785, 175, 177, 190, 240
-0.996786, 77, 145, 92, 208
-0.996802, 65, 97, 192, 128
-0.996817, 17, 469, 144, 500
-0.996819, 85, 137, 100, 200
-0.996821, 135, 297, 150, 360
-0.996826, 65, 249, 320, 312
-0.99683, 151, 377, 166, 440
-0.996832, 125, 425, 140, 488
-0.99684, 97, 233, 224, 264
-0.996842, 141, 329, 156, 392
-0.996849, 181, 241, 196, 304
-0.996851, 131, 193, 146, 256
-0.996859, 179, 289, 194, 352
-0.996861, 211, 385, 226, 448
-0.99688, 201, 289, 216, 352
-0.996893, 291, 273, 306, 336
-0.996893, 113, 281, 128, 344
-0.996905, 165, 409, 180, 472
-0.996908, 185, 401, 200, 464
-0.996909, 315, 329, 330, 392
-0.996911, 127, 281, 142, 344
-0.996911, 139, 353, 154, 416
-0.996912, 93, 369, 124, 496
-0.996912, 3, 129, 18, 192
-0.996914, 209, 361, 224, 424
-0.99692, 273, 161, 288, 224
-0.996926, 265, 353, 280, 416
-0.996928, 49, 353, 176, 384
-0.996931, 177, 245, 304, 276
-0.996935, 229, 353, 244, 416
-0.996938, 31, 345, 46, 408
-0.99695, 71, 105, 86, 168
-0.996967, 311, 145, 326, 208
-0.996969, 113, 409, 128, 472
-0.996976, 211, 177, 226, 240
-0.99698, 169, 177, 184, 240
-0.996981, 265, 153, 280, 216
-0.996987, 157, 321, 172, 384
-0.996989, 209, 325, 330, 356
-0.996991, 257, 305, 272, 368
-0.996993, 97, 197, 224, 228
-0.996995, 55, 193, 70, 256
-0.997006, 65, 393, 192, 424
-0.997011, 145, 369, 160, 432
-0.997011, 65, 309, 192, 340
-0.997018, 51, 337, 66, 400
-0.997018, 239, 313, 254, 376
-0.997098, 65, 461, 192, 492
-0.997101, 49, 229, 176, 260
-0.997102, 113, 305, 240, 336
-0.997109, 145, 337, 272, 368
-0.997155, 161, 417, 288, 448
-0.997181, 137, 225, 168, 352
-0.997182, 209, 381, 330, 412
-0.997182, 145, 189, 272, 220
-0.997196, 97, 221, 224, 252
-0.997221, 97, 85, 224, 116
-0.997223, 145, 257, 272, 288
-0.99725, 285, 161, 316, 416
-0.997268, 269, 225, 300, 480
-0.997288, 129, 69, 256, 100
-0.997334, 89, 33, 152, 160
-0.997339, 245, 225, 276, 352
-0.997347, 113, 353, 240, 384
-0.997353, 17, 397, 144, 428
-0.997374, 177, 57, 304, 88
-0.997375, 1, 141, 128, 172
-0.997393, 209, 45, 330, 76
-0.997396, 81, 381, 208, 412
-0.997449, 125, 129, 156, 256
-0.997473, 1, 417, 128, 448
-0.99749, 11, 357, 26, 388
-0.997507, 121, 257, 152, 500
-0.997509, 17, 281, 144, 312
-0.997511, 117, 417, 132, 448
-0.997512, 1, 377, 330, 440
-0.997539, 85, 225, 116, 480
-0.997552, 185, 305, 216, 432
-0.997553, 157, 413, 172, 444
-0.997558, 149, 129, 180, 384
-0.997558, 17, 297, 144, 328
-0.997574, 17, 193, 144, 224
-0.997596, 287, 253, 302, 284
-0.997601, 217, 257, 248, 500
-0.997649, 3, 353, 18, 384
-0.997669, 225, 145, 256, 272
-0.997671, 33, 257, 64, 500
-0.997687, 297, 369, 328, 496
-0.997695, 17, 169, 144, 200
-0.997702, 81, 157, 208, 188
-0.997734, 111, 217, 126, 248
-0.997738, 209, 393, 330, 424
-0.997742, 83, 433, 98, 464
-0.997749, 1, 1, 64, 500
-0.997757, 199, 289, 214, 320
-0.997758, 297, 353, 312, 384
-0.997772, 75, 437, 90, 468
-0.997785, 7, 333, 22, 364
-0.997787, 145, 201, 272, 232
-0.997793, 135, 405, 150, 436
-0.997795, 257, 257, 288, 500
-0.997808, 109, 413, 124, 444
-0.997826, 131, 417, 146, 448
-0.99783, 3, 469, 18, 500
-0.997835, 197, 209, 228, 336
-0.997839, 17, 433, 144, 464
-0.99784, 129, 141, 144, 172
-0.997851, 49, 169, 64, 200
-0.997853, 137, 129, 168, 384
-0.997853, 121, 161, 152, 416
-0.997857, 221, 225, 252, 352
-0.997867, 1, 337, 16, 368
-0.997872, 165, 393, 180, 424
-0.997875, 23, 329, 38, 360
-0.99788, 49, 309, 64, 340
-0.99788, 153, 225, 184, 480
-0.997883, 17, 345, 32, 376
-0.99789, 13, 329, 28, 360
-0.997891, 103, 417, 118, 448
-0.997895, 1, 345, 330, 408
-0.997904, 65, 109, 192, 140
-0.997918, 21, 241, 52, 368
-0.997921, 123, 405, 138, 436
-0.997922, 305, 361, 320, 392
-0.997927, 63, 341, 78, 372
-0.997936, 161, 325, 288, 356
-0.997941, 281, 257, 312, 500
-0.997941, 49, 257, 176, 288
-0.997942, 41, 313, 56, 344
-0.997955, 145, 417, 160, 448
-0.99796, 55, 309, 70, 340
-0.997962, 49, 369, 176, 400
-0.997966, 33, 161, 64, 416
-0.997973, 239, 349, 254, 380
-0.997998, 33, 317, 48, 348
-0.998001, 67, 301, 82, 332
-0.998005, 127, 433, 142, 464
-0.998006, 169, 257, 200, 500
-0.998007, 79, 297, 94, 328
-0.998009, 139, 389, 154, 420
-0.998013, 103, 225, 118, 256
-0.998016, 117, 213, 132, 244
-0.998016, 123, 137, 138, 168
-0.998016, 221, 393, 252, 408
-0.998021, 19, 241, 34, 272
-0.998023, 97, 193, 128, 448
-0.998024, 141, 429, 156, 460
-0.998026, 213, 365, 244, 380
-0.998027, 1, 365, 16, 396
-0.998035, 95, 217, 110, 248
-0.998037, 147, 401, 162, 432
-0.998038, 233, 381, 248, 412
-0.998041, 17, 357, 32, 388
-0.998049, 57, 451, 88, 466
-0.998059, 51, 221, 66, 252
-0.998065, 13, 461, 44, 476
-0.998067, 89, 217, 104, 248
-0.998067, 49, 165, 80, 180
-0.99807, 55, 161, 70, 192
-0.99807, 69, 437, 84, 468
-0.998071, 65, 73, 192, 136
-0.998072, 101, 213, 116, 244
-0.998074, 85, 143, 116, 158
-0.998076, 117, 431, 148, 446
-0.998082, 163, 193, 178, 224
-0.998085, 237, 43, 268, 58
-0.998086, 155, 425, 170, 456
-0.998097, 215, 177, 230, 208
-0.998097, 237, 257, 268, 500
-0.9981, 3, 245, 18, 276
-0.998103, 189, 293, 220, 308
-0.998108, 269, 29, 300, 44
-0.99811, 73, 149, 88, 180
-0.998111, 89, 297, 104, 328
-0.998111, 121, 319, 152, 334
-0.998115, 49, 117, 80, 132
-0.998115, 73, 305, 88, 336
-0.998115, 1, 479, 32, 494
-0.998117, 135, 317, 150, 348
-0.99812, 129, 389, 144, 420
-0.998123, 79, 145, 94, 176
-0.998125, 13, 369, 28, 400
-0.998126, 245, 385, 260, 416
-0.998129, 237, 169, 268, 184
-0.998131, 285, 323, 316, 338
-0.998132, 157, 411, 188, 426
-0.998133, 81, 429, 112, 444
-0.998133, 161, 397, 192, 412
-0.998134, 123, 205, 138, 236
-0.998135, 29, 457, 44, 488
-0.998136, 7, 369, 22, 400
-0.998138, 145, 297, 176, 312
-0.998143, 297, 161, 328, 416
-0.99815, 229, 281, 244, 312
-0.998151, 71, 217, 86, 248
-0.998151, 53, 193, 84, 448
-0.998155, 23, 461, 38, 492
-0.998155, 193, 257, 320, 288
-0.998157, 201, 181, 216, 212
-0.998159, 77, 449, 92, 480
-0.998163, 293, 153, 308, 184
-0.998166, 1, 137, 32, 152
-0.998167, 81, 105, 112, 120
-0.998167, 151, 285, 166, 316
-0.998168, 153, 423, 184, 438
-0.998169, 51, 349, 66, 380
-0.998169, 147, 177, 162, 208
-0.99817, 297, 153, 328, 168
-0.998172, 189, 61, 220, 76
-0.998172, 263, 345, 278, 376
-0.998174, 57, 445, 72, 476
-0.998175, 297, 331, 328, 346
-0.998175, 141, 81, 172, 96
-0.99818, 225, 279, 256, 294
-0.998185, 237, 277, 268, 292
-0.998186, 133, 373, 164, 388
-0.998186, 79, 341, 94, 372
-0.998188, 29, 329, 44, 360
-0.998188, 285, 159, 316, 174
-0.998192, 297, 369, 328, 384
-0.998196, 49, 441, 64, 472
-0.998197, 281, 257, 296, 288
-0.998198, 179, 277, 194, 308
-0.9982, 161, 137, 192, 152
-0.998206, 33, 123, 64, 138
-0.99821, 157, 193, 172, 224
-0.998212, 129, 165, 256, 196
-0.998212, 53, 215, 84, 230
-0.998212, 117, 417, 148, 432
-0.998214, 125, 421, 140, 452
-0.998218, 41, 233, 72, 248
-0.998221, 293, 253, 308, 284
-0.998221, 125, 203, 156, 218
-0.998221, 105, 97, 136, 352
-0.998222, 43, 353, 58, 384
-0.998223, 57, 159, 88, 174
-0.998224, 1, 369, 128, 400
-0.998228, 137, 195, 168, 210
-0.99823, 313, 149, 328, 180
-0.99823, 39, 453, 54, 484
-0.998231, 37, 457, 68, 472
-0.998232, 149, 141, 180, 156
-0.998233, 139, 185, 154, 216
-0.998235, 171, 289, 186, 320
-0.998237, 133, 193, 148, 224
-0.998237, 141, 293, 156, 324
-0.998238, 129, 65, 160, 192
-0.998246, 137, 413, 168, 428
-0.99825, 129, 389, 160, 404
-0.99825, 13, 361, 44, 376
-0.998253, 141, 385, 172, 400
-0.998255, 9, 461, 24, 492
-0.998256, 235, 393, 250, 424
-0.998257, 25, 461, 56, 476
-0.998258, 183, 381, 198, 412
-0.998259, 73, 233, 104, 248
-0.998259, 171, 385, 186, 416
-0.998262, 45, 351, 76, 366
-0.998264, 261, 267, 292, 282
-0.998266, 195, 185, 210, 216
-0.998266, 17, 129, 48, 144
-0.998268, 65, 111, 96, 126
-0.998269, 1, 467, 32, 482
-0.998271, 41, 121, 56, 152
-0.998271, 135, 433, 150, 464
-0.998273, 61, 343, 92, 358
-0.998276, 277, 361, 292, 392
-0.99828, 205, 55, 236, 70
-0.998282, 73, 225, 104, 480
-0.998283, 249, 347, 280, 362
-0.998284, 61, 305, 76, 336
-0.998291, 235, 277, 250, 308
-0.998293, 273, 161, 304, 176
-0.998294, 89, 141, 104, 172
-0.998299, 67, 153, 82, 184
-0.998299, 1, 339, 32, 354
-0.9983, 69, 341, 84, 372
-0.9983, 237, 355, 268, 370
-0.998301, 3, 133, 18, 164
-0.998302, 85, 445, 100, 476
-0.998305, 77, 459, 108, 474
-0.998305, 163, 289, 178, 320
-0.998307, 85, 221, 116, 236
-0.998308, 231, 357, 246, 388
-0.998308, 17, 461, 32, 492
-0.998312, 209, 181, 224, 212
-0.998314, 205, 371, 236, 386
-0.998314, 33, 353, 48, 384
-0.99832, 37, 449, 68, 464
-0.99832, 307, 149, 322, 180
-0.998324, 17, 269, 144, 300
-0.998325, 73, 149, 104, 164
-0.998325, 105, 219, 136, 234
-0.998326, 105, 93, 120, 124
-0.998327, 245, 301, 260, 332
-0.998328, 63, 433, 78, 464
-0.998331, 31, 237, 46, 268
-0.998333, 101, 425, 132, 440
-0.998334, 135, 145, 150, 176
-0.998334, 69, 447, 100, 462
-0.998336, 209, 105, 330, 168
-0.998339, 65, 441, 96, 456
-0.998343, 21, 329, 52, 344
-0.998348, 63, 209, 78, 240
-0.998348, 91, 425, 106, 456
-0.998352, 229, 177, 244, 208
-0.998353, 101, 139, 132, 154
-0.998353, 9, 241, 24, 272
-0.998353, 65, 449, 80, 480
-0.998356, 221, 49, 252, 64
-0.998356, 105, 95, 136, 110
-0.998358, 49, 457, 64, 488
-0.998361, 1, 245, 32, 260
-0.998362, 161, 385, 192, 400
-0.998367, 35, 121, 50, 152
-0.998368, 221, 385, 236, 416
-0.998372, 121, 149, 152, 164
-0.998375, 23, 365, 38, 396
-0.998377, 89, 423, 120, 438
-0.998377, 29, 235, 60, 250
-0.998378, 103, 329, 118, 360
-0.998379, 283, 157, 298, 188
-0.998381, 125, 397, 156, 412
-0.998382, 173, 279, 204, 294
-0.998384, 177, 289, 192, 320
-0.998389, 209, 177, 240, 192
-0.998396, 81, 449, 208, 480
-0.998397, 121, 405, 152, 420
-0.998401, 133, 145, 164, 160
-0.998401, 29, 357, 60, 372
-0.998408, 49, 181, 176, 212
-0.998408, 297, 257, 328, 500
-0.998412, 265, 361, 328, 376
-0.998414, 97, 421, 160, 436
-0.998416, 109, 257, 140, 500
-0.998416, 225, 383, 256, 398
-0.998416, 173, 387, 204, 402
-0.998422, 65, 73, 320, 136
-0.998426, 117, 143, 148, 158
-0.998433, 157, 295, 188, 310
-0.998436, 129, 293, 160, 308
-0.998438, 193, 377, 224, 392
-0.998448, 153, 417, 184, 432
-0.998455, 13, 241, 44, 256
-0.998455, 73, 219, 136, 234
-0.998457, 193, 113, 224, 240
-0.998458, 149, 195, 180, 210
-0.998458, 113, 409, 176, 424
-0.998459, 49, 225, 112, 240
-0.998461, 105, 415, 168, 430
-0.998463, 249, 163, 312, 178
-0.998468, 57, 305, 120, 320
-0.998469, 1, 113, 32, 240
-0.998471, 13, 257, 44, 500
-0.998471, 137, 187, 168, 202
-0.998471, 49, 443, 112, 458
-0.998471, 121, 427, 184, 442
-0.998471, 185, 179, 248, 194
-0.998476, 161, 293, 224, 308
-0.998476, 89, 427, 152, 442
-0.998476, 137, 433, 168, 448
-0.998479, 161, 129, 192, 384
-0.998481, 41, 449, 104, 464
-0.998484, 41, 455, 104, 470
-0.998485, 1, 473, 32, 488
-0.998487, 81, 299, 144, 314
-0.998489, 17, 463, 80, 478
-0.998489, 81, 143, 144, 158
-0.998489, 249, 267, 312, 282
-0.998492, 9, 361, 72, 376
-0.998493, 49, 233, 112, 248
-0.998494, 225, 357, 288, 372
-0.998495, 9, 469, 72, 484
-0.998496, 201, 389, 264, 404
-0.998497, 113, 403, 176, 418
-0.998497, 113, 429, 240, 460
-0.998498, 233, 169, 296, 184
-0.998501, 225, 277, 288, 292
-0.998503, 33, 353, 96, 368
-0.998504, 201, 405, 264, 420
-0.998504, 153, 407, 216, 422
-0.998505, 169, 281, 232, 296
-0.998505, 89, 213, 152, 228
-0.998506, 181, 381, 212, 396
-0.998506, 129, 295, 192, 310
-0.998507, 113, 145, 176, 160
-0.998512, 233, 373, 296, 388
-0.998513, 129, 193, 192, 208
-0.998513, 137, 287, 200, 302
-0.998513, 145, 289, 176, 304
-0.998513, 113, 213, 144, 228
-0.998515, 225, 365, 256, 380
-0.998516, 121, 421, 184, 436
-0.998518, 193, 395, 256, 410
-0.998518, 193, 375, 256, 390
-0.998519, 185, 291, 248, 306
-0.99852, 17, 457, 80, 472
-0.998521, 153, 185, 216, 200
-0.998521, 81, 293, 144, 308
-0.998523, 49, 347, 112, 362
-0.998523, 145, 281, 208, 296
-0.998525, 41, 315, 104, 330
-0.998526, 89, 335, 152, 350
-0.998526, 1, 349, 64, 364
-0.998527, 145, 137, 208, 152
-0.998528, 97, 329, 160, 344
-0.998528, 121, 209, 184, 224
-0.998529, 25, 323, 88, 338
-0.998529, 1, 243, 64, 258
-0.99853, 161, 191, 224, 206
-0.998531, 49, 445, 80, 460
-0.998531, 137, 399, 200, 414
-0.998531, 193, 225, 224, 480
-0.998532, 17, 329, 80, 344
-0.998532, 17, 237, 80, 252
-0.998532, 265, 367, 328, 382
-0.998532, 9, 367, 72, 382
-0.998533, 249, 353, 312, 368
-0.998535, 65, 313, 128, 328
-0.998536, 129, 415, 192, 430
-0.998536, 265, 261, 328, 276
-0.998537, 25, 215, 88, 230
-0.998537, 225, 365, 288, 380
-0.998538, 41, 209, 104, 224
-0.998538, 201, 187, 264, 202
-0.99854, 49, 217, 112, 232
-0.99854, 249, 273, 312, 288
-0.998541, 1, 475, 64, 490
-0.998542, 233, 391, 296, 406
-0.998542, 17, 343, 80, 358
-0.998543, 193, 311, 256, 326
-0.998544, 89, 435, 152, 450
-0.998544, 193, 381, 256, 396
-0.998546, 217, 283, 280, 298
-0.998547, 145, 427, 208, 442
-0.998547, 121, 187, 184, 202
-0.998548, 41, 239, 104, 254
-0.998548, 201, 299, 264, 314
-0.998549, 81, 459, 144, 474
-0.998549, 57, 341, 120, 356
-0.998549, 73, 233, 136, 248
-0.99855, 145, 391, 176, 406
-0.998551, 57, 437, 120, 452
-0.998553, 13, 347, 44, 362
-0.998554, 113, 203, 176, 218
-0.998554, 161, 299, 224, 314
-0.998554, 257, 323, 320, 338
-0.998555, 153, 421, 216, 436
-0.998555, 17, 467, 48, 482
-0.998555, 161, 385, 224, 400
-0.998556, 217, 399, 280, 414
-0.998556, 193, 281, 256, 296
-0.998557, 105, 293, 168, 308
-0.998557, 201, 369, 264, 384
-0.998557, 225, 173, 256, 188
-0.998557, 209, 173, 272, 188
-0.998558, 57, 469, 120, 484
-0.998558, 153, 175, 216, 190
-0.998559, 1, 133, 64, 148
-0.998559, 33, 117, 96, 132
-0.998559, 169, 401, 232, 416
-0.998559, 81, 101, 144, 116
-0.998562, 97, 95, 160, 110
-0.998563, 73, 225, 136, 240
-0.998563, 113, 215, 176, 230
-0.998564, 225, 43, 288, 58
-0.998564, 17, 123, 80, 138
-0.998565, 81, 285, 144, 300
-0.998566, 89, 401, 152, 416
-0.998567, 97, 229, 128, 244
-0.998567, 121, 381, 184, 396
-0.998567, 1, 335, 64, 350
-0.998567, 233, 385, 296, 400
-0.998568, 89, 155, 152, 170
-0.998568, 153, 391, 216, 406
-0.998568, 169, 65, 232, 80
-0.998569, 121, 387, 184, 402
-0.998569, 153, 413, 216, 428
-0.998569, 73, 149, 136, 164
-0.998571, 33, 359, 96, 374
-0.998571, 121, 433, 184, 448
-0.998571, 233, 379, 296, 394
-0.998572, 1, 355, 64, 370
-0.998573, 57, 111, 120, 126
-0.998573, 265, 173, 328, 188
-0.998574, 185, 59, 248, 74
-0.998575, 241, 37, 304, 52
-0.998575, 201, 317, 264, 332
-0.998576, 201, 53, 264, 68
-0.998576, 145, 397, 176, 412
-0.998576, 25, 223, 88, 238
-0.998577, 177, 275, 240, 290
-0.998578, 73, 445, 136, 460
-0.998584, 73, 97, 104, 352
-0.998584, 17, 105, 144, 136
-0.998586, 77, 301, 108, 316
-0.998594, 193, 201, 320, 232
-0.998595, 177, 153, 304, 184
-0.998619, 249, 271, 280, 286
-0.998621, 209, 445, 330, 476
-0.998636, 181, 257, 212, 500
-0.99866, 205, 257, 236, 500
-0.998675, 241, 389, 272, 404
-0.998687, 161, 353, 176, 480
-0.998701, 1, 89, 128, 120
-0.998702, 49, 97, 80, 352
-0.998714, 113, 129, 240, 160
-0.998716, 209, 233, 330, 264
-0.998721, 141, 423, 172, 438
-0.998725, 1, 357, 32, 372
-0.998744, 209, 17, 330, 80
-0.998745, 65, 303, 96, 318
-0.998745, 151, 337, 166, 464
-0.998755, 135, 353, 150, 480
-0.998761, 129, 153, 256, 184
-0.998766, 297, 1, 328, 256
-0.998771, 157, 33, 188, 288
-0.998775, 285, 357, 316, 372
-0.998778, 49, 65, 80, 192
-0.998783, 261, 129, 292, 384
-0.998786, 133, 405, 164, 420
-0.998815, 121, 425, 152, 440
-0.99882, 273, 261, 304, 276
-0.998823, 17, 129, 48, 384
-0.998829, 81, 335, 112, 350
-0.998829, 205, 33, 236, 160
-0.99883, 73, 221, 104, 236
-0.998833, 161, 391, 192, 406
-0.998846, 283, 337, 298, 464
-0.998858, 315, 129, 330, 256
-0.998863, 193, 183, 224, 198
-0.99887, 1, 113, 330, 176
-0.998874, 53, 225, 84, 240
-0.998885, 93, 97, 124, 352
-0.998896, 25, 323, 56, 338
-0.99891, 273, 129, 304, 384
-0.998913, 9, 331, 40, 346
-0.998922, 269, 273, 284, 400
-0.998931, 309, 305, 324, 432
-0.998932, 233, 1, 264, 256
-0.998932, 121, 411, 152, 426
-0.998936, 137, 33, 168, 288
-0.99895, 173, 161, 204, 416
-0.998956, 141, 289, 156, 416
-0.998969, 291, 321, 306, 448
-0.998977, 1, 249, 128, 280
-0.998986, 221, 401, 252, 416
-0.998986, 51, 161, 66, 288
-0.998989, 113, 209, 128, 336
-0.998997, 233, 161, 264, 416
-0.998997, 101, 419, 132, 434
-0.998999, 49, 69, 176, 100
-0.999006, 91, 225, 106, 352
-0.999014, 249, 129, 280, 384
-0.999016, 61, 97, 92, 352
-0.999018, 303, 321, 318, 448
-0.99903, 145, 81, 272, 112
-0.999039, 145, 33, 272, 64
-0.99908, 225, 359, 256, 374
-0.999085, 297, 321, 312, 448
-0.999096, 209, 133, 330, 164
-0.999098, 129, 369, 144, 496
-0.999116, 29, 65, 60, 320
-0.99912, 25, 369, 56, 496
-0.999143, 143, 369, 158, 496
-0.999148, 309, 129, 324, 256
-0.999166, 205, 161, 236, 416
-0.999187, 161, 241, 176, 368
-0.99919, 209, 9, 330, 40
-0.999192, 49, 129, 176, 160
-0.999196, 1, 65, 32, 320
-0.999202, 49, 311, 80, 326
-0.999204, 61, 309, 92, 324
-0.999218, 169, 81, 200, 208
-0.99922, 281, 1, 312, 128
-0.99922, 101, 193, 116, 320
-0.99924, 177, 65, 208, 320
-0.999252, 189, 129, 220, 384
-0.999253, 283, 289, 298, 416
-0.999254, 131, 289, 146, 416
-0.999268, 1, 65, 128, 128
-0.999318, 81, 57, 208, 88
-0.999322, 89, 215, 120, 230
-0.999326, 221, 1, 252, 256
-0.999328, 167, 337, 182, 464
-0.999341, 65, 169, 192, 200
-0.999341, 245, 1, 276, 256
-0.999353, 125, 33, 156, 288
-0.999361, 85, 1, 116, 256
-0.999362, 265, 321, 280, 448
-0.999364, 45, 161, 60, 288
-0.999368, 293, 273, 308, 400
-0.999369, 113, 45, 240, 76
-0.999382, 61, 177, 76, 304
-0.999384, 81, 65, 112, 192
-0.999386, 221, 161, 252, 416
-0.999396, 123, 273, 138, 400
-0.9994, 285, 65, 316, 320
-0.999403, 1, 225, 32, 480
-0.999409, 157, 305, 172, 432
-0.999416, 151, 257, 166, 384
-0.999418, 63, 129, 78, 256
-0.999427, 315, 305, 330, 432
-0.999442, 275, 257, 290, 384
-0.999453, 259, 321, 274, 448
-0.999457, 177, 69, 304, 100
-0.999463, 277, 337, 292, 464
-0.999464, 129, 9, 256, 72
-0.999465, 235, 273, 250, 400
-0.999475, 177, 221, 304, 252
-0.999475, 17, 385, 144, 416
-0.999475, 17, 305, 32, 432
-0.999477, 219, 273, 234, 400
-0.999485, 1, 33, 128, 160
-0.999491, 175, 161, 190, 288
-0.999506, 113, 245, 240, 276
-0.999517, 209, 469, 330, 500
-0.999518, 119, 209, 134, 336
-0.999521, 173, 273, 188, 400
-0.999524, 261, 33, 292, 288
-0.999528, 89, 273, 104, 400
-0.999538, 97, 341, 224, 372
-0.999541, 49, 85, 176, 116
-0.999542, 173, 369, 188, 496
-0.999543, 37, 317, 68, 332
-0.999544, 141, 161, 156, 288
-0.999551, 187, 177, 202, 304
-0.999555, 145, 141, 272, 172
-0.999578, 167, 193, 182, 320
-0.999592, 181, 225, 196, 352
-0.999592, 49, 209, 64, 336
-0.999602, 195, 177, 210, 304
-0.999615, 139, 397, 154, 412
-0.999616, 157, 193, 172, 208
-0.999616, 5, 137, 20, 152
-0.999616, 53, 167, 68, 182
-0.999617, 197, 287, 212, 302
-0.999617, 111, 219, 126, 234
-0.999618, 83, 301, 98, 316
-0.999618, 71, 153, 86, 168
-0.999618, 171, 295, 186, 310
-0.999618, 223, 51, 238, 66
-0.999619, 147, 415, 162, 430
-0.999619, 33, 237, 48, 252
-0.999619, 117, 425, 132, 440
-0.99962, 287, 209, 302, 336
-0.99962, 155, 297, 170, 312
-0.99962, 171, 389, 186, 404
-0.999621, 5, 477, 20, 492
-0.999622, 137, 437, 152, 452
-0.999623, 27, 457, 42, 472
-0.999623, 131, 143, 146, 158
-0.999623, 177, 385, 192, 400
-0.999623, 23, 469, 38, 484
-0.999623, 105, 1, 136, 256
-0.999623, 247, 275, 262, 290
-0.999624, 191, 379, 206, 394
-0.999625, 35, 453, 50, 468
-0.999625, 179, 277, 194, 292
-0.999625, 49, 233, 64, 248
-0.999625, 47, 473, 62, 488
-0.999625, 91, 427, 106, 442
-0.999626, 313, 333, 328, 348
-0.999626, 153, 433, 168, 448
-0.999627, 163, 293, 178, 308
-0.999627, 49, 447, 64, 462
-0.999627, 71, 441, 86, 456
-0.999627, 225, 363, 240, 378
-0.999627, 163, 193, 178, 208
-0.999628, 253, 271, 268, 286
-0.999628, 239, 277, 254, 292
-0.999628, 119, 141, 134, 156
-0.999628, 73, 301, 88, 316
-0.999629, 315, 81, 330, 208
-0.999629, 57, 443, 72, 458
-0.99963, 1, 361, 16, 376
-0.99963, 85, 431, 100, 446
-0.999631, 127, 407, 142, 422
-0.999631, 75, 219, 90, 234
-0.999631, 11, 467, 26, 482
-0.999632, 91, 217, 106, 232
-0.999633, 9, 365, 24, 380
-0.999633, 67, 345, 82, 360
-0.999633, 27, 361, 42, 376
-0.999634, 311, 365, 326, 380
-0.999634, 163, 395, 178, 410
-0.999635, 81, 341, 96, 356
-0.999635, 19, 327, 34, 342
-0.999635, 205, 373, 220, 388
-0.999635, 303, 129, 318, 256
-0.999636, 295, 355, 310, 370
-0.999636, 125, 425, 140, 440
-0.999637, 1, 469, 16, 484
-0.999638, 17, 471, 32, 486
-0.999638, 315, 327, 330, 342
-0.999639, 145, 425, 160, 440
-0.999639, 13, 331, 28, 346
-0.999639, 53, 351, 68, 366
-0.999639, 23, 241, 38, 256
-0.999641, 11, 473, 26, 488
-0.999641, 25, 321, 40, 336
-0.999641, 267, 267, 282, 282
-0.999641, 237, 381, 252, 396
-0.999641, 49, 113, 64, 240
-0.999641, 65, 439, 80, 454
-0.999641, 137, 409, 152, 424
-0.999642, 73, 309, 88, 324
-0.999642, 109, 213, 124, 228
-0.999642, 65, 157, 80, 172
-0.999642, 129, 435, 144, 450
-0.999642, 33, 355, 48, 370
-0.999643, 193, 257, 208, 384
-0.999644, 107, 241, 122, 368
-0.999644, 155, 427, 170, 442
-0.999645, 199, 375, 214, 390
-0.999646, 71, 447, 86, 462
-0.999647, 97, 215, 112, 230
-0.999647, 103, 421, 118, 436
-0.999647, 301, 327, 316, 342
-0.999647, 89, 301, 104, 316
-0.99965, 79, 307, 94, 322
-0.99965, 275, 263, 290, 278
-0.99965, 241, 355, 256, 370
-0.999651, 213, 369, 228, 384
-0.999651, 129, 401, 144, 416
-0.999652, 57, 225, 72, 240
-0.999653, 41, 355, 56, 370
-0.999654, 301, 357, 316, 372
-0.999655, 227, 281, 242, 296
-0.999655, 59, 161, 74, 176
-0.999655, 197, 183, 212, 198
-0.999657, 143, 431, 158, 446
-0.999657, 65, 289, 80, 416
-0.999659, 19, 333, 34, 348
-0.99966, 67, 307, 82, 322
-0.999661, 263, 345, 278, 360
-0.999662, 183, 383, 198, 398
-0.999664, 111, 419, 126, 434
-0.999664, 1, 371, 16, 386
-0.999664, 235, 399, 250, 414
-0.999664, 313, 151, 328, 166
-0.999665, 307, 153, 322, 168
-0.999667, 89, 459, 104, 474
-0.999668, 271, 321, 286, 448
-0.999669, 47, 319, 62, 334
-0.999669, 209, 369, 224, 496
-0.999672, 129, 177, 144, 304
-0.999672, 231, 357, 246, 372
-0.999673, 103, 215, 118, 230
-0.999673, 137, 403, 152, 418
-0.999674, 165, 389, 180, 404
-0.999674, 159, 411, 174, 426
-0.999674, 299, 257, 314, 384
-0.999674, 35, 319, 50, 334
-0.999675, 61, 309, 76, 324
-0.999677, 243, 369, 258, 496
-0.999677, 107, 193, 122, 320
-0.999679, 117, 415, 132, 430
-0.99968, 157, 421, 172, 436
-0.99968, 11, 321, 26, 448
-0.999681, 63, 225, 78, 240
-0.999688, 31, 325, 46, 340
-0.999691, 131, 149, 146, 164
-0.999692, 41, 317, 56, 332
-0.999695, 25, 329, 40, 344
-0.999696, 77, 453, 92, 468
-0.999698, 15, 361, 30, 376
-0.999701, 55, 311, 70, 326
-0.999701, 287, 257, 302, 272
-0.999702, 69, 223, 84, 238
-0.999703, 281, 259, 296, 274
-0.999703, 131, 429, 146, 444
-0.999706, 49, 313, 64, 328
-0.999707, 85, 451, 100, 466
-0.999713, 209, 417, 330, 448
-0.999714, 201, 293, 216, 308
-0.999714, 125, 143, 140, 158
-0.999721, 7, 355, 22, 370
-0.999722, 57, 129, 72, 256
-0.999731, 313, 177, 328, 304
-0.999737, 209, 33, 330, 64
-0.999739, 135, 177, 150, 304
-0.999743, 67, 177, 82, 304
-0.99975, 225, 337, 240, 464
-0.999751, 125, 321, 140, 448
-0.999755, 129, 57, 256, 88
-0.999755, 145, 233, 272, 264
-0.999755, 197, 353, 212, 480
-0.999763, 123, 369, 138, 496
-0.999764, 1, 257, 330, 320
-0.999766, 131, 129, 146, 256
-0.999774, 129, 445, 256, 476
-0.999779, 225, 257, 240, 384
-0.999781, 207, 257, 222, 384
-0.999789, 73, 1, 104, 256
-0.99979, 117, 273, 132, 400
-0.9998, 13, 33, 44, 288
-0.999801, 55, 209, 70, 336
-0.999804, 41, 289, 56, 416
-0.999805, 161, 113, 288, 176
-0.999811, 51, 289, 66, 416
-0.999811, 201, 161, 216, 288
-0.999817, 69, 129, 84, 256
-0.999821, 213, 305, 228, 432
-0.999826, 29, 305, 44, 432
-0.999829, 237, 321, 252, 448
-0.999829, 235, 369, 250, 496
-0.999833, 39, 177, 54, 304
-0.999847, 281, 225, 296, 352
-0.999848, 153, 145, 168, 272
-0.999854, 113, 321, 128, 448
-0.999855, 271, 369, 286, 496
-0.99986, 83, 273, 98, 400
-0.99986, 213, 257, 228, 384
-0.999862, 161, 45, 288, 76
-0.999865, 57, 1, 88, 256
-0.999866, 21, 257, 36, 384
-0.999872, 241, 273, 256, 400
-0.999873, 83, 337, 98, 464
-0.999878, 125, 225, 140, 352
-0.999878, 297, 1, 328, 128
-0.999879, 173, 321, 188, 448
-0.99988, 203, 305, 218, 432
-0.999881, 209, 117, 330, 148
-0.999897, 273, 33, 304, 288
-0.999902, 9, 257, 24, 384
-0.999908, 203, 369, 218, 496
-0.999915, 43, 97, 58, 224
-0.999917, 151, 193, 166, 320
-0.99992, 183, 129, 198, 256
-0.999921, 209, 101, 330, 132
-0.999921, 113, 97, 240, 128
-0.999934, 177, 21, 304, 52
-0.99994, 159, 161, 174, 288
-0.99994, 297, 193, 328, 320
-0.999942, 113, 465, 240, 496
-0.999943, 251, 145, 266, 272
-0.999943, 57, 289, 72, 416
-0.999943, 41, 1, 72, 256
-0.999948, 95, 289, 110, 416
-0.999948, 103, 145, 118, 272
-0.999952, 187, 257, 202, 384
-0.999953, 163, 289, 178, 416
-0.999965, 101, 289, 116, 416
-0.999972, 147, 129, 162, 256
-0.999973, 255, 273, 270, 400
-0.999973, 245, 321, 260, 448
-0.999977, 63, 225, 78, 352
-0.999984, 289, 369, 304, 496
-0.999985, 277, 145, 292, 272
-0.999987, 291, 161, 306, 288
-0.999987, 263, 273, 278, 400
-0.999989, 179, 369, 194, 496
-0.99999, 1, 305, 16, 432
-0.99999, 231, 321, 246, 448
-0.999993, 305, 241, 320, 368
-1.00001, 17, 353, 32, 480
-1.00001, 87, 161, 102, 288
-1.00001, 113, 161, 128, 288
-1.00001, 37, 113, 52, 240
-1.00002, 75, 145, 90, 272
-1.00003, 201, 257, 216, 384
-1.00003, 85, 209, 100, 336
-1.00003, 215, 369, 230, 496
-1.00003, 245, 145, 260, 272
-1.00009, 189, 33, 220, 288
-1.00011, 25, 65, 56, 192
-1.00011, 181, 81, 212, 208
-1.00014, 209, 33, 240, 288
-1.00031, 213, 145, 244, 272
-1.00038, 49, 49, 176, 112
-1.00038, 209, 81, 330, 144
-1.00052, 193, 33, 224, 160
-1.00063, 65, 9, 320, 72
-1.00082, 285, 97, 316, 224
-1.00109, 77, 321, 108, 448
-1.00125, 1, 89, 330, 152
-1.00128, 1, 41, 256, 104
-1.00137, 165, 33, 196, 160
-1.00138, 97, 33, 224, 96
-1.00142, 217, 65, 280, 192
-1.00143, 269, 1, 300, 128
-1.00149, 141, 49, 172, 176
-1.00153, 5, 177, 36, 304
-1.00168, 249, 17, 280, 144
-1.00208, 257, 193, 288, 320
-1.00209, 269, 97, 300, 224
-1.0022, 249, 97, 280, 224
-1.00223, 65, 1, 128, 128
-1.00233, 161, 73, 288, 136
-1.00241, 1, 9, 330, 72
-1.00248, 233, 17, 264, 144
-1.00307, 1, 41, 330, 104
-1.00311, 1, 65, 330, 128
-1.00343, 225, 97, 256, 224
-1.00344, 101, 33, 132, 160
-1.00363, 1, 65, 32, 192
-1.00376, 9, 17, 72, 144
-1.0052, 49, 25, 176, 88
-1.00535, 241, 65, 304, 192
-1.00566, 41, 1, 104, 128
-1.00648, 1, 25, 128, 88
-1.00677, 33, 1, 160, 64
-1.00808, 81, 1, 208, 64
