1896
-0.266682, 1, 1, 256, 333
-0.409158, 1, 1, 256, 256
-0.433036, 1, 33, 500, 288
-0.455115, 1, 1, 500, 333
-0.507594, 97, 1, 352, 333
-0.627267, 129, 65, 384, 320
-0.72997, 225, 1, 480, 333
-0.809966, 161, 65, 288, 320
-0.840771, 145, 1, 272, 333
-0.841426, 225, 65, 480, 320
-0.8586, 97, 1, 224, 256
-0.860958, 1, 1, 128, 333
-0.864694, 97, 1, 224, 333
-0.87007, 1, 33, 128, 288
-0.878031, 209, 65, 336, 320
-0.889029, 1, 161, 500, 288
-0.892768, 1, 17, 256, 144
-0.89311, 193, 1, 320, 333
-0.895294, 1, 177, 256, 304
-0.896732, 49, 65, 176, 320
-0.89675, 1, 113, 500, 240
-0.90006, 1, 65, 256, 192
-0.902746, 1, 209, 500, 333
-0.903499, 129, 209, 384, 333
-0.906351, 49, 1, 176, 333
-0.907427, 161, 209, 288, 333
-0.912298, 1, 113, 256, 240
-0.915701, 161, 97, 288, 224
-0.916447, 1, 65, 500, 192
-0.920515, 145, 161, 272, 288
-0.923762, 129, 145, 384, 272
-0.92495, 169, 209, 232, 333
-0.925699, 225, 81, 288, 208
-0.927644, 25, 209, 88, 333
-0.927666, 1, 17, 500, 144
-0.928934, 185, 113, 248, 240
-0.930643, 129, 97, 384, 224
-0.93268, 145, 209, 208, 333
-0.933781, 161, 145, 224, 272
-0.936437, 1, 209, 128, 333
-0.938548, 1, 209, 64, 333
-0.939431, 225, 89, 288, 152
-0.939509, 193, 209, 256, 333
-0.939785, 257, 33, 384, 288
-0.941843, 241, 1, 368, 333
-0.941897, 217, 193, 280, 320
-0.942506, 113, 209, 240, 333
-0.944848, 185, 113, 248, 176
-0.94522, 177, 209, 240, 272
-0.945702, 209, 177, 336, 304
-0.946869, 25, 217, 88, 280
-0.947246, 97, 33, 224, 160
-0.947716, 161, 49, 288, 176
-0.94828, 57, 209, 120, 333
-0.948352, 209, 129, 272, 256
-0.948985, 97, 49, 352, 176
-0.949836, 65, 209, 192, 333
-0.949861, 145, 249, 208, 312
-0.950125, 209, 81, 336, 208
-0.950807, 1, 1, 128, 128
-0.950925, 1, 161, 64, 288
-0.950981, 169, 233, 232, 296
-0.951278, 185, 49, 248, 176
-0.952255, 225, 97, 480, 224
-0.952727, 201, 137, 264, 200
-0.953069, 249, 113, 312, 240
-0.953125, 97, 1, 352, 128
-0.953141, 209, 129, 336, 256
-0.953145, 65, 257, 128, 320
-0.953248, 137, 161, 200, 288
-0.953671, 1, 217, 64, 280
-0.953741, 1, 65, 128, 192
-0.954761, 137, 273, 200, 333
-0.956538, 161, 153, 224, 216
-0.95685, 161, 153, 288, 216
-0.956946, 25, 241, 88, 304
-0.957026, 201, 209, 264, 272
-0.957436, 177, 273, 240, 333
-0.957929, 113, 97, 240, 224
-0.958537, 253, 81, 284, 208
-0.958618, 97, 145, 224, 272
-0.958618, 241, 81, 272, 208
-0.958977, 233, 121, 296, 184
-0.959008, 1, 113, 64, 240
-0.95915, 17, 17, 80, 144
-0.959247, 145, 1, 208, 128
-0.959474, 185, 89, 248, 152
-0.959564, 153, 65, 216, 192
-0.959633, 153, 201, 216, 264
-0.959702, 105, 209, 168, 333
-0.959739, 197, 193, 228, 320
-0.959782, 161, 233, 288, 296
-0.960056, 201, 257, 264, 320
-0.960075, 221, 209, 252, 333
-0.960158, 297, 257, 360, 320
-0.960257, 113, 265, 176, 328
-0.960419, 185, 65, 248, 320
-0.960456, 177, 89, 304, 152
-0.9605, 185, 161, 248, 288
-0.961144, 221, 81, 252, 208
-0.961312, 265, 249, 328, 312
-0.961512, 1, 161, 128, 288
-0.961526, 177, 209, 208, 333
-0.961918, 209, 113, 272, 176
-0.961976, 165, 193, 196, 320
-0.962076, 65, 249, 192, 312
-0.962292, 145, 225, 208, 288
-0.963277, 201, 113, 232, 240
-0.963421, 173, 145, 204, 272
-0.963562, 105, 233, 168, 296
-0.963846, 1, 113, 128, 240
-0.963932, 153, 177, 216, 240
-0.964096, 241, 161, 304, 288
-0.964208, 57, 209, 88, 333
-0.964343, 57, 233, 120, 296
-0.964393, 129, 185, 192, 248
-0.964621, 145, 177, 272, 240
-0.964901, 49, 273, 176, 333
-0.965044, 185, 1, 248, 128
-0.965399, 209, 65, 272, 320
-0.965701, 25, 161, 88, 288
-0.965759, 241, 177, 272, 304
-0.965919, 201, 233, 264, 296
-0.965947, 1, 233, 128, 296
-0.965971, 229, 129, 260, 256
-0.9664, 29, 193, 60, 320
-0.966501, 145, 209, 272, 272
-0.966601, 241, 257, 368, 320
-0.966999, 241, 129, 272, 256
-0.967045, 177, 129, 304, 192
-0.96725, 225, 145, 480, 272
-0.967414, 185, 65, 248, 128
-0.967503, 1, 193, 64, 256
-0.967793, 233, 185, 296, 248
-0.967967, 97, 273, 224, 333
-0.967999, 45, 193, 76, 320
-0.968146, 161, 265, 288, 328
-0.968647, 233, 65, 296, 320
-0.968827, 161, 1, 288, 128
-0.968918, 209, 193, 240, 320
-0.969034, 201, 185, 264, 248
-0.969155, 257, 105, 320, 168
-0.969798, 189, 129, 220, 256
-0.969955, 113, 241, 240, 304
-0.97001, 161, 97, 224, 160
-0.970107, 17, 65, 80, 192
-0.970157, 249, 273, 312, 333
-0.970314, 81, 209, 144, 333
-0.970343, 33, 273, 96, 333
-0.970532, 225, 217, 256, 280
-0.970609, 1, 137, 64, 200
-0.971178, 161, 65, 224, 320
-0.971385, 193, 209, 224, 272
-0.971818, 89, 273, 152, 333
-0.971857, 13, 161, 44, 288
-0.971862, 49, 161, 176, 288
-0.971969, 49, 225, 176, 288
-0.97237, 49, 1, 176, 128
-0.97246, 217, 129, 248, 256
-0.972478, 225, 225, 288, 288
-0.972613, 25, 193, 88, 256
-0.972737, 1, 65, 64, 320
-0.972941, 129, 105, 256, 168
-0.972974, 157, 249, 188, 312
-0.973087, 1, 241, 64, 304
-0.973169, 9, 113, 40, 240
-0.973367, 57, 217, 88, 280
-0.973437, 205, 209, 236, 272
-0.973446, 209, 105, 240, 168
-0.973584, 49, 209, 112, 272
-0.973667, 41, 209, 72, 272
-0.973922, 161, 121, 224, 184
-0.973956, 241, 161, 304, 224
-0.974033, 1, 113, 64, 176
-0.974134, 193, 121, 224, 184
-0.974499, 225, 121, 256, 184
-0.974538, 1, 209, 128, 272
-0.974602, 165, 161, 196, 224
-0.974646, 153, 73, 216, 136
-0.974782, 241, 137, 272, 200
-0.974885, 229, 89, 260, 152
-0.975011, 225, 249, 288, 312
-0.975071, 245, 89, 276, 152
-0.975088, 177, 185, 240, 248
-0.975251, 249, 65, 312, 192
-0.975327, 17, 41, 80, 104
-0.975474, 209, 161, 272, 224
-0.975565, 165, 201, 196, 264
-0.975793, 153, 41, 216, 104
-0.976045, 97, 217, 224, 280
-0.976168, 17, 1, 80, 64
-0.976227, 177, 241, 208, 304
-0.976232, 213, 233, 244, 296
-0.97624, 257, 89, 288, 152
-0.976331, 193, 233, 224, 296
-0.976444, 177, 217, 208, 280
-0.976545, 5, 209, 36, 333
-0.976581, 265, 97, 296, 224
-0.976588, 145, 1, 208, 64
-0.976602, 229, 145, 260, 208
-0.976741, 225, 129, 352, 192
-0.976974, 157, 273, 188, 333
-0.976988, 129, 161, 192, 224
-0.977006, 253, 129, 284, 256
-0.97703, 25, 113, 88, 240
-0.977122, 177, 273, 208, 333
-0.97718, 149, 209, 180, 333
-0.977188, 25, 1, 88, 256
-0.977189, 249, 81, 312, 144
-0.977224, 209, 193, 336, 256
-0.977252, 1, 257, 128, 320
-0.977272, 141, 265, 172, 328
-0.977379, 53, 249, 84, 312
-0.97739, 17, 65, 80, 128
-0.977424, 145, 241, 176, 304
-0.977596, 121, 113, 184, 240
-0.977744, 105, 273, 136, 333
-0.978008, 185, 41, 248, 104
-0.978011, 81, 1, 144, 128
-0.978028, 225, 49, 480, 176
-0.978086, 241, 209, 304, 333
-0.978089, 73, 209, 104, 333
-0.978148, 9, 137, 40, 200
-0.978213, 253, 121, 284, 184
-0.978291, 97, 41, 224, 104
-0.978383, 181, 137, 212, 200
-0.978416, 273, 273, 336, 333
-0.978435, 229, 241, 260, 304
-0.97856, 161, 145, 192, 272
-0.978716, 281, 249, 312, 312
-0.978736, 5, 217, 36, 280
-0.978791, 25, 201, 56, 264
-0.978814, 61, 273, 92, 333
-0.978844, 1, 1, 128, 64
-0.978855, 73, 233, 104, 296
-0.9789, 245, 161, 276, 224
-0.979027, 97, 9, 224, 72
-0.979065, 1, 169, 64, 232
-0.979127, 197, 65, 228, 192
-0.979202, 41, 1, 104, 128
-0.979255, 97, 193, 224, 256
-0.979257, 113, 73, 240, 136
-0.979296, 29, 233, 60, 296
-0.979393, 225, 33, 288, 160
-0.979436, 257, 113, 384, 240
-0.979438, 177, 169, 208, 232
-0.979595, 201, 257, 232, 320
-0.979635, 209, 233, 336, 296
-0.979696, 17, 89, 80, 152
-0.979701, 129, 129, 256, 192
-0.979735, 209, 129, 240, 192
-0.979735, 229, 265, 260, 328
-0.979773, 25, 161, 88, 224
-0.979902, 1, 57, 128, 120
-0.979942, 321, 265, 384, 328
-0.98011, 241, 193, 272, 256
-0.980431, 9, 1, 72, 333
-0.980516, 169, 1, 232, 333
-0.980546, 65, 161, 128, 288
-0.980546, 17, 209, 48, 333
-0.980783, 185, 81, 216, 208
-0.980842, 181, 193, 212, 256
-0.980924, 269, 97, 300, 160
-0.98093, 121, 1, 184, 128
-0.981296, 309, 257, 340, 320
-0.981394, 133, 241, 164, 304
-0.98151, 93, 249, 124, 312
-0.981511, 321, 257, 352, 320
-0.981553, 281, 97, 344, 160
-0.981601, 197, 89, 228, 152
-0.981659, 1, 33, 128, 96
-0.981664, 25, 113, 88, 176
-0.981883, 177, 65, 304, 128
-0.981932, 185, 213, 248, 244
-0.981949, 13, 177, 44, 240
-0.982023, 225, 193, 256, 256
-0.982084, 213, 273, 244, 333
-0.982093, 281, 209, 344, 333
-0.982115, 117, 273, 148, 333
-0.982236, 137, 1, 200, 256
-0.982375, 129, 265, 160, 328
-0.982396, 17, 225, 48, 288
-0.982426, 225, 209, 480, 333
-0.98244, 209, 65, 240, 192
-0.982506, 137, 285, 200, 316
-0.982606, 185, 117, 248, 148
-0.982704, 217, 1, 280, 333
-0.982726, 41, 233, 72, 296
-0.982755, 9, 113, 40, 176
-0.982819, 1, 113, 128, 176
-0.98283, 225, 273, 288, 333
-0.982847, 293, 249, 324, 312
-0.982874, 257, 65, 320, 320
-0.98291, 185, 17, 248, 80
-0.982977, 189, 273, 220, 333
-0.982999, 177, 1, 208, 128
-0.983121, 237, 113, 268, 176
-0.983143, 217, 93, 280, 124
-0.983151, 129, 137, 192, 200
-0.983167, 1, 161, 32, 288
-0.983247, 265, 129, 296, 192
-0.983334, 41, 297, 104, 328
-0.983379, 137, 209, 168, 333
-0.983381, 169, 137, 200, 200
-0.983382, 73, 273, 104, 333
-0.983418, 153, 177, 184, 240
-0.983612, 41, 257, 72, 320
-0.983686, 257, 65, 384, 192
-0.983771, 1, 81, 128, 144
-0.983847, 289, 265, 416, 328
-0.983863, 33, 225, 96, 256
-0.983877, 9, 65, 40, 192
-0.983895, 9, 265, 72, 328
-0.983907, 141, 217, 172, 280
-0.983992, 97, 169, 224, 232
-0.984003, 29, 129, 60, 256
-0.984013, 209, 169, 336, 232
-0.984232, 97, 161, 160, 288
-0.984236, 129, 65, 192, 192
-0.984265, 333, 265, 364, 328
-0.984273, 113, 285, 176, 316
-0.984275, 241, 241, 272, 304
-0.984308, 193, 129, 256, 160
-0.984346, 25, 249, 88, 280
-0.984351, 25, 137, 88, 200
-0.984441, 137, 253, 200, 284
-0.984457, 257, 129, 320, 192
-0.984473, 193, 1, 256, 333
-0.984492, 57, 285, 120, 316
-0.984556, 269, 257, 300, 320
-0.984598, 281, 97, 312, 160
-0.984652, 233, 169, 264, 232
-0.984693, 165, 225, 196, 288
-0.984697, 145, 265, 208, 296
-0.984704, 289, 233, 352, 296
-0.98473, 273, 97, 336, 224
-0.98474, 29, 169, 60, 232
-0.984776, 57, 237, 120, 268
-0.98479, 181, 113, 212, 176
-0.985038, 105, 249, 136, 312
-0.985054, 237, 217, 268, 280
-0.985086, 193, 145, 224, 208
-0.985104, 25, 33, 56, 160
-0.985121, 241, 105, 368, 168
-0.985131, 205, 185, 236, 248
-0.985159, 65, 81, 192, 208
-0.985166, 97, 241, 160, 272
-0.985169, 93, 273, 124, 333
-0.985269, 1, 241, 32, 304
-0.98528, 1, 225, 64, 256
-0.985297, 177, 49, 208, 112
-0.985442, 169, 241, 232, 272
-0.985503, 89, 289, 152, 320
-0.985551, 197, 65, 228, 128
-0.985564, 169, 285, 232, 316
-0.985596, 9, 89, 40, 152
-0.985628, 217, 129, 280, 160
-0.985636, 185, 101, 248, 132
-0.985636, 177, 9, 208, 72
-0.985662, 1, 137, 128, 200
-0.985828, 177, 89, 208, 152
-0.985833, 145, 1, 208, 333
-0.985893, 17, 209, 80, 240
-0.985916, 21, 49, 52, 112
-0.985981, 33, 273, 288, 333
-0.986024, 305, 209, 368, 333
-0.986136, 257, 257, 288, 320
-0.986157, 161, 209, 224, 240
-0.986165, 169, 225, 232, 256
-0.986221, 201, 145, 264, 176
-0.986418, 185, 161, 248, 224
-0.986467, 33, 237, 96, 268
-0.986491, 241, 1, 304, 333
-0.986503, 289, 273, 320, 333
-0.986616, 33, 1, 96, 333
-0.986624, 25, 73, 56, 136
-0.986632, 105, 273, 168, 304
-0.986706, 81, 1, 144, 64
-0.986713, 273, 257, 336, 288
-0.986865, 65, 253, 128, 284
-0.986891, 177, 269, 240, 300
-0.986898, 209, 117, 272, 148
-0.986905, 1, 217, 256, 280
-0.986965, 49, 201, 176, 264
-0.986984, 125, 209, 156, 333
-0.987037, 153, 217, 184, 280
-0.987049, 129, 257, 384, 320
-0.98718, 1, 161, 128, 224
-0.987204, 81, 301, 144, 332
-0.987223, 57, 1, 120, 256
-0.987282, 1, 177, 256, 240
-0.987294, 161, 33, 288, 96
-0.987317, 149, 153, 180, 216
-0.98733, 81, 209, 112, 272
-0.98736, 273, 49, 336, 176
-0.987375, 253, 193, 284, 320
-0.987399, 25, 113, 56, 176
-0.9874, 1, 33, 32, 96
-0.987433, 149, 161, 180, 288
-0.987524, 97, 209, 160, 272
-0.98753, 5, 65, 36, 128
-0.987579, 145, 229, 208, 260
-0.987583, 33, 249, 288, 312
-0.98759, 201, 225, 264, 256
-0.987601, 69, 209, 100, 272
-0.987613, 1, 161, 32, 224
-0.987648, 1, 33, 256, 96
-0.987653, 21, 25, 52, 88
-0.98766, 1, 9, 256, 72
-0.987756, 121, 241, 152, 304
-0.987759, 41, 49, 104, 176
-0.98778, 129, 241, 192, 272
-0.987851, 193, 185, 224, 248
-0.987898, 345, 273, 376, 333
-0.987907, 161, 153, 224, 184
-0.987918, 57, 193, 88, 256
-0.98797, 29, 145, 60, 208
-0.988008, 161, 297, 224, 328
-0.988017, 121, 209, 184, 272
-0.988027, 277, 121, 308, 184
-0.988054, 1, 73, 256, 136
-0.988079, 1, 9, 32, 72
-0.988192, 193, 237, 256, 268
-0.988308, 241, 265, 272, 328
-0.988341, 169, 129, 232, 160
-0.988367, 193, 285, 256, 316
-0.988374, 81, 233, 144, 296
-0.988457, 105, 65, 168, 320
-0.988483, 129, 113, 192, 176
-0.988536, 185, 89, 248, 120
-0.988597, 81, 137, 208, 200
-0.9886, 17, 257, 48, 320
-0.988645, 297, 261, 360, 292
-0.988648, 213, 81, 244, 144
-0.988671, 29, 257, 60, 320
-0.988686, 221, 169, 252, 232
-0.988694, 257, 177, 288, 240
-0.988696, 281, 41, 344, 104
-0.988697, 253, 65, 284, 128
-0.988719, 161, 9, 288, 72
-0.988719, 233, 105, 296, 136
-0.988773, 121, 1, 184, 333
-0.988846, 1, 153, 256, 216
-0.988872, 209, 105, 272, 136
-0.988961, 169, 197, 232, 228
-0.989007, 1, 237, 64, 268
-0.989033, 233, 33, 264, 160
-0.989053, 293, 33, 324, 96
-0.989057, 1, 185, 128, 248
-0.989137, 41, 185, 72, 248
-0.98919, 145, 197, 208, 228
-0.989244, 257, 153, 288, 216
-0.989271, 73, 273, 136, 304
-0.989276, 273, 245, 336, 276
-0.989337, 273, 73, 304, 136
-0.989357, 241, 93, 304, 124
-0.98943, 201, 157, 264, 188
-0.989442, 277, 97, 308, 224
-0.989484, 57, 161, 88, 288
-0.989489, 21, 1, 52, 64
-0.989522, 129, 185, 192, 216
-0.989671, 169, 253, 232, 284
-0.98969, 193, 25, 224, 88
-0.989698, 209, 209, 272, 240
-0.989754, 37, 1, 68, 64
-0.989803, 153, 185, 216, 216
-0.989822, 209, 273, 272, 304
-0.989857, 137, 297, 200, 328
-0.989902, 249, 125, 312, 156
-0.990058, 241, 141, 304, 172
-0.990082, 161, 169, 224, 200
-0.990094, 273, 105, 336, 136
-0.99011, 97, 161, 352, 224
-0.990141, 57, 225, 120, 256
-0.990194, 249, 249, 312, 280
-0.990198, 177, 97, 304, 128
-0.990203, 1, 265, 500, 328
-0.990205, 221, 213, 252, 244
-0.99024, 1, 97, 256, 160
-0.990251, 305, 281, 368, 312
-0.990311, 157, 129, 188, 192
-0.990341, 1, 129, 256, 192
-0.990359, 153, 105, 216, 136
-0.99038, 129, 209, 160, 272
-0.990474, 209, 297, 272, 328
-0.990495, 185, 77, 248, 108
-0.990517, 217, 257, 280, 288
-0.990522, 173, 97, 204, 224
-0.990525, 193, 213, 224, 244
-0.990542, 289, 225, 320, 288
-0.990543, 129, 201, 384, 264
-0.990571, 145, 177, 272, 208
-0.990592, 1, 149, 64, 180
-0.990604, 257, 277, 320, 308
-0.990656, 225, 225, 256, 256
-0.990669, 41, 1, 104, 64
-0.990717, 105, 253, 168, 284
-0.990725, 117, 217, 148, 280
-0.990778, 257, 209, 384, 333
-0.990789, 193, 1, 224, 64
-0.990825, 49, 245, 176, 276
-0.990853, 305, 233, 336, 296
-0.990861, 249, 217, 280, 280
-0.990861, 1, 193, 500, 256
-0.990927, 33, 285, 96, 316
-0.990959, 1, 125, 64, 156
-0.990965, 209, 217, 240, 248
-0.990987, 161, 245, 288, 276
-0.990998, 241, 65, 272, 128
-0.991001, 161, 117, 224, 148
-0.991044, 137, 209, 200, 240
-0.991047, 109, 285, 140, 316
-0.991059, 105, 1, 136, 64
-0.991072, 101, 225, 132, 288
-0.991073, 17, 1, 80, 32
-0.991074, 73, 209, 136, 272
-0.991074, 41, 213, 104, 244
-0.991082, 233, 133, 264, 164
-0.991087, 29, 81, 60, 208
-0.991099, 149, 249, 180, 280
-0.991108, 233, 197, 296, 228
-0.991146, 201, 197, 264, 228
-0.991151, 249, 217, 312, 280
-0.991152, 161, 157, 288, 188
-0.99116, 193, 17, 224, 144
-0.991178, 57, 289, 88, 320
-0.991197, 175, 161, 190, 224
-0.991214, 217, 65, 280, 128
-0.991222, 129, 233, 384, 296
-0.991272, 1, 137, 64, 168
-0.991286, 165, 1, 196, 64
-0.991289, 271, 97, 286, 160
-0.991309, 97, 97, 352, 160
-0.991311, 121, 33, 184, 96
-0.991318, 221, 129, 252, 160
-0.991335, 233, 177, 296, 208
-0.991374, 177, 141, 240, 172
-0.991425, 81, 1, 144, 256
-0.991457, 241, 265, 304, 296
-0.991457, 49, 277, 176, 308
-0.991483, 97, 289, 224, 320
-0.991487, 43, 209, 58, 272
-0.991521, 165, 181, 196, 212
-0.99154, 125, 289, 156, 320
-0.991568, 41, 1, 104, 32
-0.991579, 205, 229, 236, 260
-0.99158, 165, 169, 196, 200
-0.991583, 97, 1, 160, 333
-0.991609, 57, 221, 88, 252
-0.991614, 49, 25, 176, 88
-0.991623, 209, 121, 240, 152
-0.991639, 245, 141, 276, 172
-0.991658, 239, 129, 254, 192
-0.991667, 77, 237, 108, 268
-0.991678, 165, 249, 196, 280
-0.991684, 241, 289, 304, 320
-0.991709, 49, 265, 176, 296
-0.991723, 177, 109, 304, 140
-0.991731, 221, 141, 252, 172
-0.991755, 129, 169, 192, 200
-0.991761, 181, 277, 212, 308
-0.991762, 97, 301, 128, 332
-0.991773, 25, 261, 88, 292
-0.991778, 51, 209, 66, 272
-0.991801, 57, 249, 88, 280
-0.991802, 65, 1, 128, 333
-0.991804, 137, 285, 168, 316
-0.99181, 229, 217, 244, 280
-0.991835, 185, 53, 248, 84
-0.991844, 193, 225, 224, 256
-0.991846, 9, 57, 72, 88
-0.99185, 245, 169, 276, 200
-0.991862, 193, 241, 224, 272
-0.991863, 261, 121, 292, 152
-0.991868, 321, 65, 448, 320
-0.991878, 281, 249, 312, 280
-0.99189, 113, 1, 176, 64
-0.991897, 173, 209, 204, 240
-0.9919, 213, 109, 244, 140
-0.991902, 177, 229, 208, 260
-0.991935, 97, 289, 128, 320
-0.991943, 241, 165, 304, 196
-0.991945, 1, 249, 64, 280
-0.991949, 113, 297, 144, 328
-0.991958, 201, 173, 264, 204
-0.991969, 153, 93, 216, 124
-0.991972, 217, 245, 280, 276
-0.991973, 49, 209, 80, 240
-0.991995, 67, 217, 82, 280
-0.992014, 173, 49, 204, 176
-0.992027, 197, 117, 228, 148
-0.992053, 245, 157, 276, 188
-0.992055, 249, 93, 280, 124
-0.992069, 221, 237, 252, 268
-0.99207, 157, 277, 188, 308
-0.99208, 219, 105, 234, 168
-0.992093, 17, 101, 80, 132
-0.992111, 193, 293, 224, 324
-0.992122, 153, 289, 184, 320
-0.992132, 77, 301, 108, 332
-0.992133, 37, 241, 68, 272
-0.992148, 153, 73, 216, 104
-0.992165, 265, 1, 328, 333
-0.992175, 225, 97, 240, 160
-0.992189, 249, 129, 280, 160
-0.992193, 235, 89, 250, 152
-0.992194, 185, 41, 248, 72
-0.992206, 181, 149, 212, 180
-0.992209, 229, 117, 260, 148
-0.992212, 181, 245, 212, 276
-0.992215, 177, 197, 208, 228
-0.992216, 223, 209, 238, 272
-0.992222, 221, 97, 252, 128
-0.992239, 233, 149, 264, 180
-0.99225, 1, 169, 500, 232
-0.992253, 129, 257, 256, 288
-0.992255, 49, 1, 176, 64
-0.992255, 37, 209, 68, 240
-0.992272, 249, 161, 264, 224
-0.99229, 153, 61, 216, 92
-0.992298, 221, 233, 236, 296
-0.992306, 241, 261, 368, 292
-0.992318, 245, 129, 260, 192
-0.992321, 17, 113, 80, 144
-0.992324, 177, 257, 208, 288
-0.992329, 193, 129, 224, 160
-0.992348, 209, 137, 240, 168
-0.992351, 137, 245, 168, 276
-0.992366, 149, 241, 164, 304
-0.992371, 241, 197, 272, 228
-0.992381, 225, 273, 480, 333
-0.992383, 41, 229, 72, 260
-0.992388, 9, 45, 72, 76
-0.992399, 201, 209, 216, 272
-0.992411, 197, 269, 228, 300
-0.992412, 253, 129, 268, 192
-0.99242, 153, 45, 216, 76
-0.992427, 1, 233, 128, 264
-0.992429, 141, 233, 172, 264
-0.99243, 61, 237, 92, 268
-0.992438, 165, 157, 196, 188
-0.992441, 105, 301, 168, 332
-0.992448, 13, 157, 44, 188
-0.992464, 231, 121, 246, 184
-0.992468, 237, 217, 252, 280
-0.992469, 165, 237, 196, 268
-0.99247, 161, 233, 288, 264
-0.992471, 145, 201, 272, 232
-0.992485, 5, 221, 36, 252
-0.992491, 9, 69, 72, 100
-0.992493, 245, 181, 276, 212
-0.992507, 93, 245, 124, 276
-0.992511, 209, 205, 240, 236
-0.992516, 261, 105, 292, 136
-0.992522, 161, 201, 192, 232
-0.992525, 73, 249, 104, 280
-0.992554, 49, 273, 112, 304
-0.992555, 145, 189, 272, 220
-0.992559, 169, 285, 200, 316
-0.992563, 157, 265, 188, 296
-0.992564, 49, 289, 176, 320
-0.992567, 193, 217, 208, 280
-0.99257, 213, 249, 244, 280
-0.9926, 237, 93, 268, 124
-0.992609, 145, 261, 176, 292
-0.992609, 17, 89, 80, 120
-0.99261, 71, 273, 86, 333
-0.992619, 97, 273, 224, 304
-0.99263, 153, 25, 216, 56
-0.992638, 37, 209, 52, 272
-0.992641, 189, 241, 204, 304
-0.992646, 177, 201, 192, 264
-0.992647, 113, 245, 240, 276
-0.992659, 9, 129, 40, 160
-0.992663, 25, 189, 88, 220
-0.992667, 129, 137, 384, 200
-0.992676, 193, 257, 256, 288
-0.992676, 97, 229, 160, 260
-0.992678, 85, 289, 116, 320
-0.992698, 105, 273, 136, 304
-0.992704, 161, 145, 288, 176
-0.992737, 193, 105, 448, 168
-0.99274, 85, 209, 116, 333
-0.992776, 9, 141, 40, 172
-0.992791, 213, 217, 228, 280
-0.992806, 193, 185, 256, 216
-0.992814, 161, 249, 176, 312
-0.992819, 201, 253, 232, 284
-0.992823, 145, 273, 176, 304
-0.992824, 173, 241, 188, 304
-0.992827, 201, 281, 232, 312
-0.992829, 59, 209, 74, 272
-0.992838, 17, 297, 80, 328
-0.99284, 161, 293, 288, 324
-0.99284, 33, 253, 64, 284
-0.992872, 121, 277, 152, 308
-0.992874, 183, 209, 198, 272
-0.992887, 209, 269, 240, 300
-0.992889, 121, 229, 184, 260
-0.992918, 97, 301, 224, 332
-0.992922, 129, 157, 192, 188
-0.992925, 53, 261, 84, 292
-0.992947, 169, 169, 184, 232
-0.992953, 81, 105, 208, 168
-0.992957, 197, 201, 228, 232
-0.992985, 213, 113, 228, 176
-0.992999, 1, 105, 500, 168
-0.993006, 69, 281, 100, 312
-0.993014, 281, 105, 312, 136
-0.993023, 229, 281, 260, 312
-0.993026, 229, 249, 260, 280
-0.993063, 153, 189, 184, 220
-0.993065, 145, 213, 272, 244
-0.993068, 25, 205, 56, 236
-0.993068, 259, 89, 274, 152
-0.993103, 17, 221, 48, 252
-0.993118, 69, 225, 100, 256
-0.993118, 125, 265, 156, 296
-0.993119, 149, 273, 164, 333
-0.993119, 241, 301, 304, 332
-0.993126, 269, 265, 300, 296
-0.993146, 197, 93, 228, 124
-0.993151, 233, 173, 264, 204
-0.99316, 207, 209, 222, 272
-0.99316, 255, 153, 270, 216
-0.993164, 337, 209, 400, 333
-0.993169, 65, 301, 96, 332
-0.993171, 1, 137, 500, 200
-0.993174, 225, 121, 240, 184
-0.993184, 261, 93, 292, 124
-0.99319, 217, 285, 280, 316
-0.993202, 9, 169, 40, 200
-0.993206, 233, 161, 264, 192
-0.993214, 9, 21, 72, 52
-0.993218, 153, 169, 184, 200
-0.993222, 221, 261, 252, 292
-0.993232, 181, 297, 212, 328
-0.993256, 213, 285, 244, 316
-0.993264, 181, 133, 212, 164
-0.993279, 293, 253, 324, 284
-0.99329, 265, 121, 280, 184
-0.993291, 25, 273, 88, 304
-0.993302, 57, 277, 88, 308
-0.993303, 305, 257, 336, 288
-0.993304, 225, 221, 288, 252
-0.993306, 45, 297, 76, 328
-0.993319, 29, 225, 60, 256
-0.993322, 125, 241, 156, 272
-0.993329, 193, 141, 224, 172
-0.993337, 269, 253, 300, 284
-0.993345, 249, 89, 264, 152
-0.993347, 73, 217, 88, 280
-0.993349, 81, 25, 144, 88
-0.993356, 225, 153, 288, 184
-0.993359, 65, 241, 80, 304
-0.993359, 281, 1, 344, 256
-0.993364, 245, 33, 276, 160
-0.993365, 193, 121, 320, 152
-0.993371, 193, 105, 224, 136
-0.99338, 113, 233, 240, 264
-0.993384, 243, 153, 258, 216
-0.99339, 257, 49, 320, 112
-0.993397, 329, 269, 360, 300
-0.99342, 199, 121, 214, 184
-0.993427, 9, 117, 40, 148
-0.99343, 17, 169, 80, 200
-0.993438, 1, 197, 64, 228
-0.993444, 213, 301, 244, 332
-0.993449, 161, 273, 288, 304
-0.99346, 233, 269, 264, 300
-0.993469, 49, 233, 64, 296
-0.993472, 233, 301, 264, 332
-0.993472, 121, 57, 184, 120
-0.99348, 237, 209, 268, 240
-0.993488, 13, 189, 44, 220
-0.993491, 261, 137, 292, 168
-0.993502, 273, 89, 304, 120
-0.993504, 281, 265, 312, 296
-0.993541, 167, 249, 182, 312
-0.993546, 241, 257, 272, 288
-0.993548, 177, 165, 208, 196
-0.99356, 305, 285, 336, 316
-0.993564, 185, 29, 248, 60
-0.993569, 153, 13, 216, 44
-0.993583, 281, 281, 344, 312
-0.993585, 207, 121, 222, 184
-0.99361, 49, 301, 176, 332
-0.993625, 37, 1, 68, 128
-0.993637, 191, 273, 206, 333
-0.993648, 241, 237, 304, 268
-0.993649, 119, 273, 134, 333
-0.993654, 145, 1, 208, 32
-0.993655, 49, 233, 176, 264
-0.993676, 183, 241, 198, 304
-0.99368, 185, 297, 248, 328
-0.993694, 321, 269, 384, 300
-0.993739, 245, 185, 260, 248
-0.993766, 187, 145, 202, 208
-0.993769, 259, 121, 274, 184
-0.993793, 41, 233, 56, 296
-0.993821, 185, 65, 248, 96
-0.993825, 155, 257, 170, 320
-0.993827, 209, 249, 336, 280
-0.993847, 17, 33, 80, 64
-0.993888, 273, 117, 336, 148
-0.99389, 1, 1, 32, 128
-0.993904, 55, 233, 70, 296
-0.993911, 261, 33, 292, 160
-0.993964, 99, 249, 114, 312
-0.994005, 105, 241, 120, 304
-0.994029, 145, 121, 272, 152
-0.994034, 257, 233, 384, 296
-0.994049, 177, 133, 304, 164
-0.994051, 193, 121, 208, 184
-0.994066, 345, 249, 408, 312
-0.99409, 49, 33, 112, 96
-0.99411, 171, 273, 186, 333
-0.994116, 31, 201, 46, 264
-0.994122, 181, 273, 196, 333
-0.994124, 7, 217, 22, 280
-0.994138, 433, 81, 496, 208
-0.994156, 97, 65, 352, 128
-0.994221, 265, 89, 280, 152
-0.994249, 337, 273, 464, 333
-0.994271, 1, 245, 128, 276
-0.994297, 169, 193, 184, 256
-0.994418, 49, 217, 176, 248
-0.994421, 225, 81, 352, 144
-0.994435, 305, 209, 336, 333
-0.994463, 241, 89, 256, 152
-0.994486, 143, 265, 158, 328
-0.994518, 1, 217, 500, 280
-0.994534, 89, 49, 152, 176
-0.994577, 215, 265, 230, 328
-0.994592, 143, 241, 158, 304
-0.994593, 209, 33, 336, 160
-0.994597, 7, 129, 22, 192
-0.994653, 1, 1, 128, 32
-0.994664, 193, 177, 448, 240
-0.994678, 129, 109, 256, 140
-0.994697, 1, 217, 128, 248
-0.994699, 177, 261, 304, 292
-0.99472, 113, 273, 128, 333
-0.994744, 237, 153, 252, 216
-0.994748, 181, 153, 196, 216
-0.994758, 311, 257, 326, 320
-0.994779, 35, 233, 50, 296
-0.994839, 181, 177, 196, 240
-0.994858, 27, 225, 42, 288
-0.994879, 175, 137, 190, 200
-0.994896, 73, 241, 88, 304
-0.994906, 241, 285, 368, 316
-0.994912, 217, 65, 248, 320
-0.994913, 239, 241, 254, 304
-0.994992, 257, 273, 384, 304
-0.994998, 197, 273, 212, 333
-0.995031, 213, 193, 228, 256
-0.995051, 221, 257, 236, 320
-0.995053, 187, 185, 202, 248
-0.995055, 283, 249, 298, 312
-0.995063, 113, 93, 240, 124
-0.99512, 155, 233, 170, 296
-0.995129, 109, 1, 140, 128
-0.995135, 107, 273, 122, 333
-0.995162, 169, 145, 184, 208
-0.99517, 177, 85, 304, 116
-0.995182, 1, 297, 128, 328
-0.995192, 285, 209, 316, 333
-0.995228, 55, 257, 70, 320
-0.995234, 301, 257, 316, 320
-0.995241, 129, 33, 384, 96
-0.995276, 97, 205, 224, 236
-0.995277, 225, 133, 352, 164
-0.995278, 319, 257, 334, 320
-0.995328, 49, 1, 80, 128
-0.995346, 125, 273, 140, 333
-0.995362, 79, 241, 94, 304
-0.995366, 209, 197, 336, 228
-0.995367, 199, 233, 214, 296
-0.995405, 369, 1, 496, 256
-0.995426, 255, 177, 270, 240
-0.995445, 97, 41, 224, 72
-0.995445, 225, 301, 352, 332
-0.995449, 1, 45, 128, 76
-0.995458, 65, 273, 80, 333
-0.995472, 1, 129, 16, 192
-0.995511, 325, 257, 340, 320
-0.99556, 129, 9, 384, 72
-0.995562, 277, 105, 292, 168
-0.99558, 213, 241, 228, 304
-0.99558, 321, 241, 384, 304
-0.995582, 245, 249, 260, 312
-0.995616, 345, 273, 408, 333
-0.995657, 229, 193, 244, 256
-0.9957, 21, 225, 36, 288
-0.995723, 239, 193, 254, 256
-0.995738, 97, 65, 224, 96
-0.995761, 331, 257, 346, 320
-0.99577, 275, 129, 290, 192
-0.995772, 97, 221, 224, 252
-0.99579, 97, 21, 224, 52
-0.995799, 97, 53, 224, 84
-0.9958, 249, 25, 312, 88
-0.995811, 41, 145, 72, 272
-0.995875, 1, 65, 128, 96
-0.995877, 1, 285, 128, 316
-0.995892, 99, 273, 114, 333
-0.995924, 25, 169, 40, 232
-0.99593, 129, 89, 192, 152
-0.995952, 1, 81, 128, 112
-0.995953, 317, 209, 348, 333
-0.995964, 337, 257, 352, 320
-0.995964, 227, 273, 242, 333
-0.995975, 73, 1, 104, 128
-0.995988, 219, 129, 234, 192
-0.99599, 163, 169, 178, 232
-0.995999, 113, 209, 144, 333
-0.995999, 205, 65, 236, 320
-0.996034, 149, 97, 180, 224
-0.996049, 1, 257, 128, 288
-0.996056, 207, 233, 222, 296
-0.996058, 57, 185, 120, 248
-0.996063, 201, 209, 216, 240
-0.996079, 1, 93, 128, 124
-0.996084, 49, 49, 176, 112
-0.996089, 277, 257, 292, 320
-0.996099, 209, 153, 336, 184
-0.996113, 97, 9, 224, 40
-0.996119, 189, 65, 220, 320
-0.996127, 163, 273, 178, 333
-0.996136, 129, 133, 256, 164
-0.996142, 229, 145, 244, 208
-0.996156, 295, 241, 310, 304
-0.996165, 1, 241, 16, 304
-0.996175, 13, 225, 28, 288
-0.996181, 171, 217, 186, 280
-0.996186, 181, 129, 196, 192
-0.996194, 197, 145, 212, 208
-0.996233, 213, 137, 228, 200
-0.996251, 269, 145, 284, 208
-0.996256, 177, 1, 208, 256
-0.996285, 289, 249, 304, 312
-0.996289, 223, 213, 238, 244
-0.99629, 33, 177, 48, 240
-0.996303, 229, 65, 260, 320
-0.996314, 193, 217, 320, 248
-0.996315, 199, 97, 214, 160
-0.996324, 97, 81, 224, 112
-0.996335, 209, 165, 336, 196
-0.996341, 195, 193, 210, 256
-0.996365, 417, 57, 480, 120
-0.996366, 205, 185, 220, 248
-0.99637, 1, 241, 500, 304
-0.996376, 77, 273, 92, 333
-0.996382, 161, 97, 192, 224
-0.996415, 321, 241, 448, 304
-0.996423, 343, 265, 358, 328
-0.996427, 149, 217, 164, 280
-0.996442, 209, 273, 336, 304
-0.996444, 81, 185, 208, 216
-0.99645, 241, 65, 272, 320
-0.996457, 117, 277, 132, 308
-0.996475, 227, 125, 242, 156
-0.996477, 1, 105, 128, 136
-0.996517, 1, 33, 128, 64
-0.996521, 81, 169, 208, 200
-0.996524, 225, 185, 352, 216
-0.996539, 247, 173, 262, 204
-0.996539, 175, 161, 190, 192
-0.996542, 225, 249, 480, 312
-0.996558, 1, 169, 128, 200
-0.996563, 1, 121, 128, 152
-0.996615, 233, 129, 248, 160
-0.996621, 177, 73, 304, 104
-0.996625, 259, 125, 274, 156
-0.996633, 191, 221, 206, 252
-0.996637, 69, 277, 84, 308
-0.99665, 1, 17, 128, 48
-0.996657, 257, 113, 384, 144
-0.996665, 265, 145, 296, 272
-0.996673, 71, 217, 86, 248
-0.996685, 257, 249, 384, 280
-0.996691, 171, 181, 186, 212
-0.996693, 89, 49, 152, 112
-0.996694, 151, 273, 166, 304
-0.996719, 141, 241, 156, 272
-0.996736, 121, 289, 136, 320
-0.996752, 97, 245, 112, 276
-0.996775, 65, 213, 80, 244
-0.996781, 191, 269, 206, 300
-0.996796, 149, 245, 164, 276
-0.996796, 171, 249, 186, 280
-0.99682, 43, 229, 58, 260
-0.996822, 99, 289, 114, 320
-0.996835, 261, 65, 292, 320
-0.996835, 217, 109, 232, 140
-0.996844, 275, 105, 290, 136
-0.996846, 273, 73, 336, 136
-0.996847, 177, 201, 192, 232
-0.996853, 65, 225, 80, 256
-0.99686, 29, 1, 60, 256
-0.996862, 239, 133, 254, 164
-0.996869, 145, 285, 160, 316
-0.996871, 69, 289, 84, 320
-0.99688, 235, 221, 250, 252
-0.996883, 81, 157, 208, 188
-0.996884, 211, 217, 226, 248
-0.996884, 13, 1, 44, 128
-0.996898, 157, 253, 172, 284
-0.996908, 43, 209, 58, 240
-0.99691, 1, 157, 128, 188
-0.996913, 59, 221, 74, 252
-0.996917, 247, 133, 262, 164
-0.99693, 1, 81, 500, 144
-0.996938, 1, 181, 128, 212
-0.996945, 65, 241, 80, 272
-0.996951, 377, 209, 440, 333
-0.996951, 205, 229, 220, 260
-0.996958, 257, 161, 272, 192
-0.996973, 53, 233, 68, 264
-0.996975, 115, 289, 130, 320
-0.996985, 165, 1, 196, 128
-0.997, 297, 17, 360, 80
-0.997004, 229, 221, 244, 252
-0.997016, 41, 241, 56, 272
-0.997033, 177, 185, 192, 216
-0.997034, 245, 193, 260, 224
-0.997038, 149, 257, 164, 288
-0.997043, 53, 209, 68, 240
-0.997056, 17, 33, 48, 288
-0.997071, 185, 245, 200, 276
-0.997099, 137, 289, 152, 320
-0.9971, 165, 249, 180, 280
-0.997108, 181, 285, 196, 316
-0.997122, 213, 229, 228, 260
-0.997125, 127, 289, 142, 320
-0.997139, 225, 129, 480, 192
-0.997148, 53, 245, 68, 276
-0.99715, 225, 97, 240, 128
-0.99715, 337, 209, 464, 333
-0.997152, 109, 293, 124, 324
-0.997168, 209, 229, 336, 260
-0.997172, 7, 221, 22, 252
-0.997175, 265, 121, 280, 152
-0.997175, 225, 153, 480, 216
-0.997186, 167, 193, 182, 224
-0.997221, 229, 141, 244, 172
-0.997232, 173, 161, 188, 288
-0.997234, 47, 241, 62, 272
-0.997234, 253, 133, 268, 164
-0.997235, 123, 277, 138, 308
-0.997238, 245, 161, 260, 192
-0.99724, 237, 145, 252, 176
-0.997258, 165, 181, 180, 212
-0.997258, 199, 129, 214, 160
-0.997261, 257, 81, 272, 208
-0.997266, 181, 229, 196, 260
-0.997277, 105, 241, 120, 272
-0.997277, 287, 245, 302, 276
-0.997291, 109, 281, 124, 312
-0.997295, 239, 241, 254, 272
-0.997296, 225, 93, 352, 124
-0.997315, 161, 25, 288, 56
-0.997342, 219, 229, 234, 260
-0.997354, 217, 217, 232, 248
-0.997357, 293, 245, 308, 276
-0.99736, 181, 209, 196, 333
-0.997362, 237, 93, 252, 124
-0.997362, 187, 209, 202, 333
-0.997365, 253, 145, 268, 176
-0.997381, 1, 145, 128, 176
-0.997387, 59, 209, 74, 240
-0.997397, 71, 229, 86, 260
-0.997403, 273, 81, 400, 144
-0.997406, 167, 169, 182, 200
-0.997412, 289, 285, 416, 316
-0.997427, 289, 1, 352, 333
-0.997447, 165, 65, 196, 320
-0.997447, 211, 117, 226, 148
-0.997449, 105, 161, 168, 224
-0.997452, 199, 229, 214, 260
-0.997459, 243, 149, 258, 180
-0.997464, 175, 237, 190, 268
-0.997471, 261, 137, 276, 168
-0.997474, 187, 145, 202, 176
-0.997476, 235, 117, 250, 148
-0.997488, 269, 97, 284, 128
-0.997491, 221, 33, 252, 160
-0.997497, 1, 269, 128, 300
-0.997507, 243, 81, 258, 208
-0.997513, 177, 173, 192, 204
-0.997514, 161, 37, 288, 68
-0.997522, 177, 57, 304, 88
-0.997539, 259, 93, 274, 124
-0.997539, 5, 65, 36, 320
-0.997554, 103, 301, 118, 332
-0.997559, 235, 81, 250, 208
-0.997565, 181, 257, 196, 288
-0.997569, 35, 233, 50, 264
-0.997591, 251, 157, 266, 188
-0.997591, 1, 133, 128, 164
-0.997603, 289, 261, 416, 292
-0.997606, 205, 125, 220, 156
-0.997609, 245, 129, 260, 256
-0.997612, 63, 289, 78, 320
-0.997618, 221, 125, 236, 156
-0.997622, 251, 81, 266, 208
-0.997628, 253, 185, 268, 216
-0.997629, 61, 253, 76, 284
-0.997631, 71, 209, 86, 333
-0.997635, 155, 289, 170, 320
-0.997639, 231, 97, 246, 128
-0.997639, 49, 177, 176, 240
-0.997645, 179, 213, 194, 244
-0.997646, 49, 221, 64, 252
-0.997649, 199, 193, 214, 320
-0.997649, 273, 301, 400, 332
-0.997654, 211, 205, 226, 236
-0.997657, 433, 105, 496, 168
-0.997658, 75, 249, 90, 280
-0.997658, 35, 205, 50, 236
-0.997659, 255, 173, 270, 204
-0.997662, 1, 1, 500, 64
-0.997665, 229, 81, 244, 208
-0.997667, 219, 193, 234, 320
-0.997673, 79, 301, 94, 332
-0.997676, 195, 209, 210, 240
-0.997677, 49, 1, 176, 32
-0.997679, 41, 57, 104, 120
-0.997679, 149, 233, 164, 264
-0.997681, 59, 237, 74, 268
-0.997684, 125, 1, 156, 128
-0.997687, 235, 209, 250, 240
-0.997699, 183, 201, 198, 232
-0.997705, 271, 117, 286, 148
-0.997713, 159, 277, 174, 308
-0.997715, 169, 285, 184, 316
-0.997717, 247, 93, 262, 124
-0.997727, 115, 301, 130, 332
-0.99773, 321, 273, 448, 304
-0.997732, 267, 81, 282, 208
-0.997732, 167, 157, 182, 188
-0.997755, 223, 137, 238, 168
-0.997757, 175, 285, 190, 316
-0.997778, 223, 241, 238, 272
-0.997788, 377, 209, 440, 272
-0.997788, 97, 301, 112, 332
-0.99779, 69, 265, 84, 296
-0.997793, 225, 81, 480, 144
-0.997795, 161, 9, 288, 40
-0.997799, 205, 113, 220, 240
-0.997809, 199, 113, 214, 240
-0.997815, 27, 189, 42, 220
-0.997819, 181, 153, 196, 184
-0.997821, 277, 49, 308, 176
-0.997828, 253, 93, 268, 124
-0.997849, 191, 297, 206, 328
-0.997853, 247, 177, 262, 304
-0.997854, 229, 113, 244, 144
-0.997857, 185, 273, 200, 304
-0.997858, 215, 249, 230, 280
-0.997874, 179, 161, 194, 288
-0.997901, 255, 129, 270, 256
-0.997904, 49, 201, 176, 232
-0.997905, 225, 201, 480, 264
-0.997925, 337, 65, 400, 320
-0.997933, 213, 193, 228, 320
-0.997937, 65, 73, 192, 136
-0.997953, 215, 97, 230, 224
-0.997964, 273, 65, 304, 320
-0.997965, 225, 209, 240, 333
-0.997982, 193, 209, 208, 333
-0.998005, 1, 205, 128, 236
-0.998012, 171, 209, 186, 333
-0.998017, 113, 145, 240, 176
-0.998035, 65, 209, 80, 333
-0.998048, 61, 1, 92, 128
-0.998066, 59, 209, 74, 333
-0.998109, 239, 129, 254, 256
-0.998132, 233, 209, 248, 333
-0.998142, 33, 193, 48, 320
-0.99815, 41, 33, 72, 288
-0.99817, 39, 193, 54, 320
-0.998192, 97, 121, 224, 152
-0.998194, 47, 193, 62, 320
-0.998199, 205, 193, 220, 320
-0.998275, 223, 81, 238, 208
-0.998282, 189, 145, 204, 272
-0.998282, 167, 161, 182, 288
-0.998304, 185, 217, 248, 232
-0.998324, 185, 127, 248, 142
-0.998337, 273, 81, 288, 208
-0.998339, 73, 295, 136, 310
-0.998344, 105, 285, 168, 300
-0.998345, 1, 193, 128, 224
-0.998351, 185, 115, 248, 130
-0.998352, 217, 137, 280, 152
-0.998352, 137, 289, 200, 304
-0.998353, 57, 245, 120, 260
-0.998354, 193, 211, 256, 226
-0.998356, 217, 131, 280, 146
-0.998362, 65, 289, 128, 304
-0.998369, 97, 245, 160, 260
-0.99837, 185, 121, 248, 136
-0.998379, 49, 299, 112, 314
-0.998379, 73, 301, 136, 316
-0.998385, 225, 97, 288, 112
-0.998386, 185, 99, 248, 114
-0.998388, 113, 293, 176, 308
-0.998389, 425, 81, 488, 144
-0.998394, 73, 255, 104, 270
-0.998394, 129, 277, 160, 292
-0.998395, 229, 283, 260, 298
-0.9984, 137, 269, 200, 284
-0.9984, 41, 245, 72, 260
-0.998401, 239, 193, 254, 320
-0.998401, 185, 223, 248, 238
-0.998402, 249, 17, 312, 144
-0.998406, 73, 307, 136, 322
-0.998408, 137, 263, 200, 278
-0.998409, 393, 65, 456, 320
-0.998409, 25, 251, 88, 266
-0.998414, 33, 231, 96, 246
-0.998415, 153, 283, 216, 298
-0.998416, 209, 121, 272, 136
-0.998417, 169, 211, 232, 226
-0.998421, 105, 299, 168, 314
-0.998423, 1, 227, 64, 242
-0.998425, 177, 243, 240, 258
-0.998431, 193, 145, 256, 160
-0.998431, 57, 239, 120, 254
-0.998432, 105, 279, 168, 294
-0.998433, 137, 251, 200, 266
-0.998434, 185, 133, 248, 148
-0.998437, 33, 225, 96, 240
-0.998439, 137, 257, 200, 272
-0.99844, 97, 251, 160, 266
-0.998444, 53, 65, 84, 320
-0.998445, 65, 251, 128, 266
-0.998453, 145, 295, 208, 310
-0.998455, 265, 119, 296, 134
-0.998456, 269, 101, 300, 116
-0.998457, 185, 105, 248, 120
-0.998458, 185, 289, 248, 304
-0.998458, 161, 249, 224, 264
-0.998459, 105, 239, 168, 254
-0.99846, 185, 231, 248, 246
-0.998461, 177, 263, 240, 278
-0.998461, 129, 239, 192, 254
-0.998462, 169, 297, 232, 312
-0.998462, 33, 245, 96, 260
-0.998463, 185, 93, 248, 108
-0.998465, 185, 273, 248, 288
-0.998465, 33, 239, 96, 254
-0.998466, 25, 217, 88, 232
-0.998466, 201, 151, 264, 166
-0.998467, 65, 281, 128, 296
-0.998468, 217, 103, 280, 118
-0.998468, 145, 231, 208, 246
-0.998472, 213, 251, 244, 266
-0.998473, 233, 113, 296, 128
-0.998473, 153, 275, 216, 290
-0.998474, 241, 103, 304, 118
-0.998476, 17, 211, 80, 226
-0.998478, 25, 257, 88, 272
-0.99848, 121, 245, 184, 260
-0.99848, 209, 223, 272, 238
-0.998481, 177, 281, 240, 296
-0.998481, 41, 293, 104, 308
-0.998481, 161, 203, 224, 218
-0.998482, 153, 33, 184, 288
-0.998483, 201, 239, 264, 254
-0.998483, 249, 129, 312, 144
-0.998484, 161, 289, 224, 304
-0.998484, 161, 169, 224, 184
-0.998485, 65, 275, 128, 290
-0.998485, 193, 299, 224, 314
-0.998487, 41, 1, 104, 16
-0.998488, 241, 165, 272, 180
-0.998491, 233, 121, 296, 136
-0.998492, 129, 283, 192, 298
-0.998492, 65, 257, 128, 272
-0.998493, 49, 305, 112, 320
-0.998494, 9, 155, 40, 170
-0.998497, 129, 301, 192, 316
-0.998497, 161, 113, 224, 128
-0.998497, 145, 209, 208, 224
-0.998498, 1, 241, 64, 256
-0.998502, 265, 103, 328, 118
-0.998504, 209, 283, 272, 298
-0.998505, 257, 185, 320, 248
-0.998506, 201, 159, 264, 174
-0.998507, 129, 199, 192, 214
-0.998507, 97, 305, 160, 320
-0.998508, 185, 87, 248, 102
-0.998509, 1, 25, 500, 88
-0.998509, 201, 313, 264, 328
-0.99851, 209, 291, 272, 306
-0.998511, 161, 217, 224, 232
-0.998512, 1, 247, 64, 262
-0.998512, 169, 303, 232, 318
-0.998513, 217, 143, 280, 158
-0.998515, 161, 255, 224, 270
-0.998516, 169, 159, 232, 174
-0.998516, 273, 249, 336, 264
-0.998517, 209, 115, 272, 130
-0.998521, 177, 139, 240, 154
-0.998522, 153, 191, 216, 206
-0.998522, 161, 121, 224, 136
-0.998523, 73, 313, 136, 328
-0.998523, 129, 189, 192, 204
-0.998523, 273, 259, 336, 274
-0.998523, 1, 137, 64, 152
-0.998524, 209, 109, 272, 124
-0.998526, 153, 185, 216, 200
-0.998526, 249, 251, 312, 266
-0.998526, 209, 165, 272, 180
-0.998527, 61, 287, 92, 302
-0.998527, 209, 217, 272, 232
-0.998527, 201, 251, 264, 266
-0.998529, 17, 1, 80, 16
-0.998529, 201, 307, 264, 322
-0.998529, 73, 1, 136, 16
-0.99853, 193, 205, 256, 220
-0.998531, 201, 173, 264, 188
-0.998531, 233, 153, 296, 168
-0.998531, 153, 107, 216, 122
-0.998533, 209, 273, 272, 288
-0.998537, 233, 183, 296, 198
-0.998537, 233, 203, 296, 218
-0.998537, 153, 225, 216, 240
-0.998538, 297, 261, 360, 276
-0.998539, 249, 283, 312, 298
-0.998541, 209, 145, 240, 160
-0.998541, 197, 107, 228, 122
-0.998541, 129, 175, 192, 190
-0.998543, 201, 257, 264, 272
-0.998543, 161, 153, 224, 168
-0.998543, 249, 277, 312, 292
-0.998543, 25, 263, 88, 278
-0.998545, 81, 133, 208, 164
-0.998545, 305, 271, 368, 286
-0.998546, 1, 155, 64, 170
-0.998546, 245, 147, 276, 162
-0.998549, 61, 233, 92, 248
-0.998554, 13, 167, 44, 182
-0.998557, 1, 57, 500, 120
-0.998558, 137, 241, 168, 256
-0.998567, 245, 189, 276, 204
-0.998579, 145, 209, 160, 333
-0.998581, 221, 101, 252, 116
-0.998583, 53, 249, 84, 264
-0.998584, 53, 193, 68, 320
-0.998586, 9, 131, 40, 146
-0.998597, 73, 307, 104, 322
-0.998598, 209, 127, 240, 142
-0.998601, 257, 139, 288, 154
-0.998603, 193, 131, 224, 146
-0.998606, 321, 301, 448, 332
-0.998611, 225, 129, 240, 256
-0.998615, 49, 29, 176, 60
-0.99865, 173, 293, 204, 308
-0.998651, 27, 177, 42, 304
-0.998655, 9, 209, 24, 333
-0.998664, 65, 249, 96, 264
-0.998673, 241, 159, 272, 174
-0.998677, 53, 261, 84, 276
-0.998699, 241, 199, 272, 214
-0.998703, 77, 209, 92, 333
-0.998707, 153, 193, 184, 208
-0.998717, 189, 147, 220, 162
-0.998731, 221, 125, 252, 140
-0.998733, 267, 129, 282, 256
-0.998746, 93, 1, 124, 128
-0.998758, 257, 99, 288, 114
-0.998767, 177, 113, 192, 240
-0.998772, 77, 289, 108, 304
-0.998777, 233, 145, 248, 272
-0.998777, 229, 221, 260, 236
-0.998781, 65, 1, 96, 256
-0.998786, 273, 101, 400, 132
-0.998787, 297, 73, 360, 136
-0.998788, 197, 119, 228, 134
-0.99879, 133, 293, 164, 308
-0.998793, 173, 163, 204, 178
-0.99882, 157, 273, 188, 288
-0.998821, 273, 209, 304, 333
-0.998826, 173, 201, 204, 216
-0.998829, 81, 313, 112, 328
-0.998833, 353, 209, 416, 272
-0.998835, 141, 269, 172, 284
-0.998847, 49, 13, 176, 44
-0.998868, 219, 145, 234, 272
-0.998909, 3, 209, 18, 333
-0.998915, 151, 209, 166, 333
-0.998927, 197, 275, 228, 290
-0.998931, 61, 227, 92, 242
-0.998936, 193, 97, 208, 224
-0.998948, 125, 283, 156, 298
-0.998952, 157, 287, 188, 302
-0.998954, 211, 145, 226, 272
-0.998965, 425, 1, 488, 128
-0.998968, 257, 161, 384, 224
-0.998972, 161, 209, 176, 333
-0.998972, 225, 151, 256, 166
-0.998983, 101, 209, 132, 333
-0.998989, 217, 107, 248, 122
-0.998991, 65, 145, 192, 176
-0.998995, 209, 213, 240, 228
-0.998998, 97, 303, 128, 318
-0.999008, 281, 255, 312, 270
-0.999017, 15, 209, 30, 333
-0.99902, 221, 239, 252, 254
-0.999022, 177, 235, 208, 250
-0.999022, 169, 269, 200, 284
-0.999023, 77, 241, 108, 256
-0.999024, 193, 293, 224, 308
-0.999026, 9, 145, 24, 272
-0.999029, 199, 65, 214, 192
-0.99903, 61, 299, 92, 314
-0.999031, 23, 113, 38, 240
-0.999032, 9, 137, 40, 152
-0.999034, 241, 153, 272, 168
-0.999047, 93, 309, 124, 324
-0.999049, 189, 243, 220, 258
-0.999049, 13, 161, 44, 176
-0.999053, 141, 33, 172, 288
-0.999064, 253, 177, 268, 304
-0.999089, 237, 93, 268, 108
-0.999091, 165, 191, 196, 206
-0.999106, 385, 161, 448, 288
-0.999132, 209, 139, 240, 154
-0.999151, 281, 105, 312, 120
-0.999154, 133, 247, 164, 262
-0.999158, 285, 1, 316, 256
-0.999173, 165, 243, 196, 258
-0.999173, 33, 253, 64, 268
-0.999177, 189, 1, 204, 128
-0.999185, 279, 97, 294, 224
-0.999195, 197, 113, 228, 128
-0.9992, 145, 1, 176, 128
-0.9992, 21, 209, 36, 333
-0.999207, 49, 41, 176, 72
-0.999215, 125, 33, 156, 288
-0.999222, 241, 139, 272, 154
-0.999222, 261, 129, 276, 256
-0.999229, 433, 1, 496, 333
-0.999238, 169, 249, 200, 264
-0.99924, 185, 275, 216, 290
-0.999242, 105, 1, 136, 256
-0.999258, 81, 109, 208, 140
-0.999262, 1, 129, 16, 256
-0.999265, 77, 299, 108, 314
-0.999266, 93, 293, 124, 308
-0.999272, 177, 213, 208, 228
-0.999289, 77, 1, 108, 256
-0.999295, 161, 161, 176, 288
-0.999304, 265, 153, 328, 216
-0.999305, 19, 65, 34, 192
-0.99931, 171, 113, 186, 240
-0.99931, 15, 161, 30, 288
-0.999323, 165, 175, 196, 190
-0.999329, 109, 281, 140, 296
-0.999348, 245, 171, 276, 186
-0.99935, 139, 209, 154, 333
-0.999363, 77, 249, 108, 264
-0.999364, 245, 177, 276, 192
-0.999374, 337, 261, 464, 292
-0.999383, 45, 213, 76, 228
-0.999398, 161, 201, 192, 216
-0.999406, 29, 129, 44, 256
-0.999423, 273, 129, 288, 256
-0.999433, 183, 113, 198, 240
-0.999434, 57, 221, 88, 236
-0.999436, 153, 281, 184, 296
-0.999438, 201, 239, 232, 254
-0.999453, 233, 133, 264, 148
-0.999464, 27, 33, 42, 160
-0.999464, 191, 49, 206, 176
-0.999474, 49, 57, 176, 88
-0.99948, 241, 81, 368, 112
-0.999481, 261, 125, 292, 140
-0.999485, 89, 249, 120, 264
-0.999504, 157, 293, 188, 308
-0.99951, 185, 225, 216, 240
-0.99951, 93, 1, 124, 256
-0.999521, 1, 225, 32, 240
-0.999547, 209, 65, 224, 192
-0.999549, 61, 239, 92, 254
-0.999554, 35, 129, 50, 256
-0.999557, 281, 249, 312, 264
-0.99956, 245, 183, 276, 198
-0.999571, 97, 113, 160, 240
-0.999575, 221, 213, 252, 228
-0.999581, 261, 107, 292, 122
-0.999591, 425, 1, 488, 256
-0.999605, 57, 255, 88, 270
-0.999613, 193, 231, 224, 246
-0.999619, 273, 33, 400, 96
-0.999644, 321, 249, 448, 280
-0.999648, 197, 125, 228, 140
-0.999654, 273, 125, 400, 156
-0.999659, 221, 131, 252, 146
-0.999678, 113, 209, 128, 333
-0.999697, 177, 191, 192, 206
-0.999697, 239, 237, 254, 252
-0.999698, 41, 211, 56, 226
-0.9997, 69, 271, 84, 286
-0.999701, 157, 279, 172, 294
-0.999701, 121, 295, 152, 310
-0.999701, 105, 307, 120, 322
-0.999702, 245, 203, 260, 218
-0.999702, 169, 245, 184, 260
-0.999703, 155, 273, 170, 288
-0.999703, 161, 257, 176, 272
-0.999703, 185, 247, 200, 262
-0.999703, 41, 243, 56, 258
-0.999705, 169, 199, 184, 214
-0.999705, 47, 211, 62, 226
-0.999705, 207, 229, 222, 244
-0.999705, 219, 237, 234, 252
-0.999706, 193, 283, 208, 298
-0.999706, 257, 167, 272, 182
-0.999706, 35, 235, 50, 250
-0.999707, 289, 249, 304, 264
-0.999707, 253, 151, 268, 166
-0.999707, 61, 239, 76, 254
-0.999708, 257, 175, 272, 190
-0.999708, 275, 111, 290, 126
-0.999708, 271, 139, 286, 154
-0.999709, 215, 117, 230, 132
-0.999709, 73, 237, 88, 252
-0.99971, 201, 225, 232, 240
-0.99971, 201, 289, 216, 304
-0.999711, 129, 295, 144, 310
-0.999711, 233, 119, 248, 134
-0.999711, 257, 95, 272, 110
-0.999712, 239, 243, 254, 258
-0.999712, 61, 223, 76, 238
-0.999713, 53, 253, 68, 268
-0.999714, 85, 315, 100, 330
-0.999714, 265, 125, 280, 140
-0.999714, 175, 185, 190, 200
-0.999714, 297, 65, 328, 320
-0.999715, 227, 129, 242, 144
-0.999716, 51, 227, 66, 242
-0.999716, 107, 247, 122, 262
-0.999716, 251, 135, 266, 150
-0.999717, 235, 97, 250, 112
-0.99972, 213, 229, 228, 244
-0.99972, 113, 303, 128, 318
-0.999721, 121, 299, 136, 314
-0.999721, 165, 169, 196, 184
-0.999722, 193, 233, 208, 248
-0.999722, 69, 283, 84, 298
-0.999723, 45, 249, 60, 264
-0.999723, 225, 101, 240, 116
-0.999724, 139, 289, 154, 304
-0.999725, 97, 311, 112, 326
-0.999726, 167, 171, 182, 186
-0.999726, 43, 227, 58, 242
-0.999727, 53, 247, 68, 262
-0.999729, 65, 229, 80, 244
-0.99973, 233, 131, 248, 146
-0.99973, 177, 159, 192, 174
-0.999731, 199, 219, 214, 234
-0.999732, 163, 289, 178, 304
-0.999732, 71, 295, 86, 310
-0.999732, 111, 287, 126, 302
-0.999733, 229, 217, 244, 232
-0.999735, 147, 257, 162, 272
-0.999735, 53, 235, 68, 250
-0.999735, 47, 243, 62, 258
-0.999738, 469, 65, 500, 192
-0.999739, 239, 151, 254, 166
-0.999739, 267, 99, 282, 114
-0.999739, 63, 293, 78, 308
-0.99974, 179, 287, 194, 302
-0.99974, 101, 299, 116, 314
-0.99974, 167, 179, 182, 194
-0.999742, 265, 135, 280, 150
-0.999743, 39, 249, 54, 264
-0.999743, 71, 219, 86, 234
-0.999743, 239, 231, 254, 246
-0.999744, 65, 251, 80, 266
-0.999748, 71, 225, 86, 240
-0.999748, 145, 289, 160, 304
-0.999749, 259, 141, 274, 156
-0.99975, 41, 233, 56, 248
-0.999751, 247, 191, 262, 206
-0.999751, 247, 169, 262, 184
-0.999751, 65, 217, 80, 232
-0.999754, 169, 291, 184, 306
-0.999756, 173, 171, 188, 186
-0.99976, 133, 209, 148, 333
-0.999761, 169, 193, 184, 208
-0.999762, 229, 143, 244, 158
-0.999762, 65, 161, 80, 288
-0.999764, 55, 213, 70, 228
-0.999764, 173, 179, 188, 194
-0.999766, 105, 241, 120, 256
-0.999766, 149, 273, 164, 288
-0.999766, 237, 225, 252, 240
-0.99977, 221, 227, 236, 242
-0.999771, 141, 243, 156, 258
-0.999774, 123, 289, 138, 304
-0.999774, 117, 293, 132, 308
-0.999775, 275, 105, 290, 120
-0.999777, 167, 185, 182, 200
-0.999777, 5, 225, 20, 240
-0.999779, 165, 185, 196, 200
-0.99978, 253, 131, 284, 146
-0.99978, 155, 251, 170, 266
-0.999782, 213, 219, 228, 234
-0.999784, 95, 249, 110, 264
-0.999784, 175, 165, 190, 180
-0.999786, 259, 127, 274, 142
-0.999786, 171, 251, 186, 266
-0.999787, 119, 281, 134, 296
-0.999788, 235, 145, 250, 160
-0.999794, 107, 299, 122, 314
-0.999794, 153, 257, 168, 272
-0.999795, 199, 211, 214, 226
-0.999796, 247, 197, 262, 212
-0.999799, 255, 33, 270, 160
-0.9998, 145, 253, 176, 268
-0.999803, 191, 223, 206, 238
-0.999803, 221, 145, 252, 160
-0.999804, 69, 289, 84, 304
-0.999804, 161, 249, 176, 264
-0.999805, 235, 219, 250, 234
-0.999806, 233, 33, 248, 160
-0.999809, 99, 291, 114, 306
-0.99981, 193, 273, 208, 288
-0.999811, 105, 287, 120, 302
-0.999812, 337, 289, 464, 320
-0.999813, 117, 287, 132, 302
-0.999818, 177, 201, 192, 216
-0.999821, 145, 249, 160, 264
-0.999823, 247, 181, 262, 196
-0.999824, 261, 193, 276, 320
-0.999824, 165, 255, 196, 270
-0.999826, 105, 209, 120, 333
-0.999828, 181, 207, 212, 222
-0.99983, 109, 293, 124, 308
-0.999838, 145, 259, 176, 274
-0.999838, 213, 115, 244, 130
-0.999839, 151, 279, 166, 294
-0.99984, 231, 225, 246, 240
-0.999851, 227, 123, 242, 138
-0.999852, 151, 285, 166, 300
-0.999857, 247, 175, 262, 190
-0.999857, 247, 33, 262, 160
-0.999862, 101, 247, 116, 262
-0.999863, 461, 1, 492, 256
-0.999865, 257, 41, 384, 72
-0.99987, 263, 33, 278, 160
-0.99989, 59, 161, 74, 288
-0.99989, 223, 217, 238, 232
-0.999905, 21, 161, 36, 288
-0.999905, 197, 211, 228, 226
-0.999934, 15, 17, 30, 144
-0.999937, 65, 93, 192, 124
-0.999951, 209, 41, 336, 72
-0.999963, 181, 285, 212, 300
-0.999977, 113, 287, 144, 302
-0.999981, 49, 69, 176, 100
-0.999989, 109, 301, 140, 316
-1, 269, 33, 284, 160
-1.00001, 31, 81, 46, 208
-1.00001, 43, 145, 58, 272
-1.00003, 37, 1, 52, 128
-1.00003, 223, 33, 238, 160
-1.00003, 65, 49, 128, 176
-1.00004, 213, 225, 244, 240
-1.00004, 309, 65, 340, 320
-1.00006, 105, 293, 136, 308
-1.00007, 377, 33, 408, 288
-1.00007, 401, 65, 432, 320
-1.00007, 329, 65, 360, 320
-1.00008, 145, 247, 176, 262
-1.00008, 205, 231, 236, 246
-1.00009, 241, 33, 256, 160
-1.00009, 55, 1, 70, 128
-1.0001, 157, 249, 188, 264
-1.00011, 99, 209, 114, 333
-1.00011, 49, 1, 64, 128
-1.00011, 121, 1, 136, 128
-1.00011, 163, 113, 178, 240
-1.00011, 317, 209, 332, 333
-1.00012, 21, 17, 36, 144
-1.00012, 217, 49, 232, 176
-1.00013, 257, 173, 384, 204
-1.00014, 257, 237, 384, 268
-1.00014, 49, 145, 64, 272
-1.00014, 199, 17, 214, 144
-1.00015, 285, 81, 300, 208
-1.00016, 225, 233, 256, 248
-1.00017, 309, 209, 324, 333
-1.00022, 177, 1, 192, 128
-1.00022, 71, 1, 86, 128
-1.00023, 197, 219, 228, 234
-1.00023, 275, 33, 290, 160
-1.00024, 83, 209, 98, 333
-1.00024, 369, 301, 496, 332
-1.00024, 43, 1, 58, 128
-1.00024, 323, 209, 338, 333
-1.00027, 127, 209, 142, 333
-1.00027, 183, 1, 198, 128
-1.00027, 209, 33, 336, 96
-1.00028, 369, 121, 496, 152
-1.00028, 89, 1, 104, 128
-1.0003, 131, 1, 146, 128
-1.0003, 257, 149, 384, 180
-1.00031, 3, 81, 18, 208
-1.00031, 71, 161, 86, 288
-1.00032, 449, 1, 480, 256
-1.00032, 287, 209, 302, 333
-1.00032, 209, 121, 240, 136
-1.00032, 193, 1, 448, 128
-1.00033, 337, 185, 400, 248
-1.00033, 257, 161, 384, 192
-1.00033, 65, 1, 80, 128
-1.00034, 299, 209, 314, 333
-1.00034, 185, 65, 200, 192
-1.00035, 393, 193, 408, 320
-1.00035, 141, 287, 172, 302
-1.00036, 249, 1, 312, 64
-1.00037, 279, 209, 294, 333
-1.00037, 333, 209, 348, 333
-1.00039, 9, 97, 24, 224
-1.0004, 77, 1, 92, 128
-1.0004, 217, 33, 280, 96
-1.0004, 95, 1, 110, 128
-1.00041, 49, 81, 176, 112
-1.00042, 105, 1, 120, 128
-1.00043, 349, 65, 380, 320
-1.00045, 389, 65, 420, 320
-1.00046, 17, 113, 32, 240
-1.00046, 267, 209, 282, 333
-1.00046, 101, 287, 132, 302
-1.00047, 83, 1, 98, 128
-1.00047, 167, 65, 182, 192
-1.00049, 289, 29, 416, 60
-1.0005, 377, 1, 440, 333
-1.00051, 361, 65, 392, 320
-1.00052, 225, 227, 256, 242
-1.00052, 401, 1, 464, 333
-1.00053, 41, 49, 72, 176
-1.00058, 421, 1, 452, 256
-1.00058, 433, 1, 464, 256
-1.00059, 57, 293, 88, 308
-1.00065, 217, 219, 248, 234
-1.00068, 369, 77, 496, 108
-1.0007, 329, 1, 392, 333
-1.00073, 329, 209, 360, 333
-1.00075, 369, 81, 496, 208
-1.00079, 209, 29, 336, 60
-1.00081, 49, 121, 176, 152
-1.00085, 305, 65, 368, 320
-1.0009, 369, 101, 496, 132
-1.00092, 241, 217, 368, 248
-1.00094, 161, 49, 192, 176
-1.00094, 369, 89, 496, 120
-1.001, 433, 129, 496, 192
-1.00102, 345, 129, 408, 256
-1.00103, 41, 81, 104, 144
-1.00115, 305, 237, 432, 268
-1.00116, 89, 81, 152, 144
-1.00116, 401, 81, 464, 144
-1.00118, 369, 41, 496, 72
-1.00134, 225, 225, 480, 288
-1.00143, 393, 185, 456, 248
-1.00145, 361, 65, 424, 320
-1.00159, 89, 185, 152, 248
-1.00169, 417, 33, 480, 96
-1.00186, 133, 161, 164, 288
-1.0019, 289, 209, 352, 272
-1.00213, 193, 57, 448, 120
-1.0022, 453, 65, 484, 192
-1.00221, 409, 105, 472, 168
-1.00237, 409, 81, 472, 208
-1.00248, 89, 105, 152, 168
-1.00265, 393, 273, 456, 333
-1.00265, 149, 49, 180, 176
-1.00276, 257, 161, 384, 288
-1.00283, 129, 49, 160, 176
-1.00286, 433, 129, 496, 256
-1.00295, 353, 1, 416, 333
-1.00298, 257, 25, 500, 88
-1.00299, 49, 105, 112, 168
-1.00303, 369, 97, 496, 160
-1.00305, 417, 9, 480, 72
-1.00313, 341, 209, 372, 333
-1.00313, 241, 57, 368, 120
-1.00314, 305, 41, 368, 104
-1.00314, 77, 161, 108, 288
-1.0032, 369, 273, 432, 333
-1.0032, 105, 137, 168, 200
-1.00323, 297, 33, 360, 160
-1.00323, 81, 129, 144, 192
-1.00324, 205, 17, 236, 144
-1.00335, 289, 9, 416, 72
-1.00346, 209, 1, 336, 64
-1.00353, 53, 49, 84, 176
-1.00361, 257, 1, 500, 64
-1.00363, 369, 49, 496, 112
-1.00364, 65, 113, 128, 240
-1.00385, 65, 57, 128, 120
-1.00385, 369, 121, 496, 184
-1.00389, 393, 193, 424, 320
-1.00413, 381, 193, 412, 320
-1.00441, 109, 49, 140, 176
-1.00451, 345, 81, 408, 208
-1.00453, 401, 17, 464, 144
-1.00458, 453, 1, 484, 128
-1.00463, 281, 121, 344, 184
-1.00467, 353, 73, 480, 136
-1.0048, 353, 161, 416, 224
-1.00509, 369, 33, 496, 160
-1.00525, 369, 1, 496, 333
-1.00531, 385, 113, 448, 240
-1.00543, 65, 49, 96, 176
-1.00544, 465, 113, 496, 240
-1.00545, 305, 161, 368, 288
-1.00556, 121, 161, 152, 288
-1.00564, 469, 17, 500, 144
-1.00571, 305, 217, 432, 280
-1.00582, 289, 105, 416, 168
-1.00586, 289, 65, 320, 192
-1.00587, 297, 97, 360, 224
-1.00598, 265, 161, 328, 288
-1.00626, 89, 161, 120, 288
-1.00633, 273, 129, 400, 192
-1.00636, 409, 129, 472, 256
-1.00638, 369, 25, 496, 88
-1.00639, 257, 209, 384, 272
-1.00657, 257, 185, 384, 248
-1.00657, 273, 1, 336, 128
-1.00674, 417, 193, 480, 320
-1.00691, 353, 145, 480, 208
-1.00698, 321, 97, 384, 224
-1.00699, 373, 145, 404, 272
-1.00706, 453, 113, 484, 240
-1.00711, 61, 113, 92, 240
-1.0072, 353, 1, 480, 64
-1.00721, 321, 33, 448, 96
-1.00725, 353, 129, 480, 256
-1.00731, 321, 169, 448, 232
-1.00731, 369, 185, 496, 248
-1.00731, 321, 193, 448, 256
-1.00731, 369, 209, 496, 272
-1.00734, 337, 1, 400, 128
-1.00734, 361, 33, 424, 160
-1.00734, 321, 49, 384, 176
-1.00734, 385, 65, 448, 192
-1.0075, 305, 57, 432, 120
-1.00755, 137, 97, 168, 224
-1.00761, 369, 241, 496, 304
-1.00785, 77, 49, 108, 176
-1.00791, 45, 97, 76, 224
-1.00798, 125, 113, 156, 240
-1.00805, 113, 97, 144, 224
-1.00805, 397, 145, 428, 272
-1.00817, 441, 65, 472, 192
-1.00827, 353, 209, 384, 333
-1.00827, 453, 209, 484, 333
-1.0084, 285, 161, 316, 288
-1.00848, 301, 33, 332, 160
-1.00862, 257, 17, 384, 144
-1.00865, 277, 1, 308, 128
-1.00951, 89, 49, 120, 176
-1.00958, 305, 17, 432, 144
-1.00979, 437, 17, 468, 144
-1.00991, 305, 161, 432, 288
-1.01003, 109, 161, 140, 288
-1.01009, 321, 81, 448, 208
-1.01011, 317, 161, 348, 288
-1.01014, 441, 129, 472, 256
-1.01022, 321, 1, 448, 333
-1.01022, 297, 161, 328, 288
-1.01028, 289, 17, 320, 144
-1.01047, 381, 97, 412, 224
-1.01063, 329, 161, 360, 288
-1.01073, 409, 209, 440, 333
-1.01077, 293, 113, 324, 240
-1.01093, 425, 209, 456, 333
-1.01114, 341, 161, 372, 288
-1.01117, 437, 193, 468, 320
-1.01117, 429, 65, 460, 192
-1.01133, 313, 1, 344, 128
-1.01136, 369, 209, 400, 333
-1.0114, 389, 33, 420, 160
-1.01145, 93, 113, 124, 240
-1.01156, 409, 1, 440, 128
-1.01156, 409, 49, 440, 176
