1979
-0.337516, 1, 129, 500, 375
-0.425614, 1, 1, 500, 375
-0.577288, 1, 33, 500, 288
-0.626586, 65, 129, 320, 375
-0.649386, 65, 1, 320, 375
-0.650048, 257, 129, 500, 375
-0.690886, 257, 1, 500, 375
-0.708711, 161, 1, 416, 375
-0.737911, 161, 129, 416, 375
-0.743778, 129, 33, 384, 288
-0.855788, 305, 129, 432, 375
-0.878806, 81, 97, 208, 352
-0.882164, 1, 145, 500, 272
-0.886422, 353, 129, 480, 375
-0.89037, 193, 129, 320, 375
-0.890516, 113, 1, 240, 375
-0.892341, 257, 1, 500, 256
-0.898874, 257, 129, 384, 375
-0.902902, 129, 129, 256, 375
-0.915151, 65, 161, 320, 288
-0.918057, 1, 193, 500, 320
-0.918227, 161, 1, 288, 375
-0.919372, 257, 161, 500, 288
-0.920699, 1, 129, 128, 375
-0.922076, 1, 97, 500, 224
-0.922347, 305, 1, 432, 375
-0.923759, 225, 33, 352, 288
-0.929047, 65, 1, 192, 375
-0.92927, 161, 33, 288, 288
-0.929959, 161, 177, 416, 304
-0.931042, 353, 1, 480, 375
-0.931783, 209, 1, 336, 375
-0.936172, 129, 113, 384, 240
-0.936543, 33, 33, 288, 288
-0.937331, 97, 113, 224, 240
-0.938229, 257, 1, 384, 375
-0.939121, 321, 145, 448, 272
-0.939857, 353, 33, 480, 288
-0.945072, 121, 113, 184, 240
-0.947052, 273, 33, 400, 288
-0.9485, 1, 1, 128, 375
-0.948957, 1, 241, 500, 368
-0.951728, 1, 193, 128, 320
-0.952914, 273, 145, 400, 272
-0.953227, 81, 161, 208, 288
-0.954562, 321, 145, 384, 272
-0.95508, 257, 193, 384, 320
-0.95539, 81, 1, 208, 256
-0.956232, 193, 177, 320, 304
-0.956262, 33, 193, 96, 320
-0.95635, 241, 185, 304, 248
-0.9564, 401, 161, 464, 288
-0.956969, 1, 1, 500, 128
-0.956974, 33, 33, 160, 288
-0.95822, 33, 113, 288, 240
-0.958948, 241, 161, 304, 288
-0.959279, 193, 185, 256, 248
-0.95931, 97, 145, 160, 272
-0.959502, 281, 193, 344, 320
-0.959643, 281, 169, 344, 232
-0.960057, 225, 129, 352, 256
-0.960111, 281, 129, 344, 256
-0.960363, 121, 121, 184, 184
-0.9604, 369, 145, 432, 272
-0.96058, 433, 161, 496, 288
-0.961736, 57, 193, 120, 320
-0.961975, 9, 193, 72, 320
-0.962306, 145, 129, 272, 256
-0.962561, 1, 209, 256, 336
-0.962772, 369, 145, 496, 272
-0.962955, 33, 145, 160, 272
-0.963188, 161, 145, 224, 272
-0.963568, 257, 209, 500, 336
-0.964338, 417, 177, 480, 240
-0.9653, 1, 49, 500, 176
-0.965341, 177, 185, 304, 248
-0.965497, 217, 185, 280, 248
-0.965884, 129, 65, 384, 192
-0.966025, 345, 145, 408, 272
-0.966227, 185, 161, 248, 288
-0.966419, 353, 153, 416, 216
-0.966505, 353, 225, 480, 352
-0.966807, 305, 193, 432, 320
-0.967201, 305, 193, 368, 320
-0.967279, 49, 145, 112, 272
-0.967641, 321, 177, 384, 240
-0.967729, 89, 193, 152, 320
-0.96866, 321, 153, 384, 216
-0.969679, 193, 209, 256, 272
-0.96988, 33, 201, 96, 264
-0.969883, 129, 177, 256, 304
-0.969976, 257, 113, 500, 240
-0.970365, 73, 129, 136, 256
-0.970387, 169, 185, 232, 248
-0.970961, 393, 161, 456, 224
-0.971264, 209, 177, 272, 304
-0.971462, 137, 161, 200, 288
-0.971522, 297, 193, 360, 256
-0.97161, 409, 209, 472, 336
-0.97181, 49, 97, 176, 224
-0.971819, 57, 177, 120, 240
-0.971981, 273, 201, 336, 264
-0.972097, 1, 241, 128, 368
-0.972251, 321, 161, 448, 224
-0.972575, 137, 193, 200, 256
-0.972606, 145, 137, 208, 200
-0.972617, 113, 161, 240, 224
-0.972859, 289, 145, 352, 208
-0.972999, 225, 177, 352, 240
-0.973067, 89, 161, 152, 224
-0.973285, 9, 201, 72, 264
-0.974224, 145, 113, 208, 176
-0.974559, 133, 97, 164, 224
-0.97464, 81, 137, 208, 200
-0.974766, 321, 129, 384, 375
-0.974879, 461, 161, 492, 288
-0.974963, 97, 185, 160, 248
-0.975127, 121, 153, 184, 216
-0.97538, 153, 161, 216, 224
-0.975522, 89, 81, 152, 208
-0.975779, 145, 97, 208, 224
-0.975802, 129, 185, 256, 248
-0.976023, 433, 201, 496, 264
-0.976058, 257, 153, 384, 216
-0.976177, 217, 209, 280, 272
-0.97633, 169, 209, 232, 272
-0.97656, 221, 185, 252, 248
-0.976564, 113, 97, 176, 160
-0.976674, 233, 161, 296, 224
-0.976759, 393, 249, 456, 312
-0.976895, 9, 145, 72, 272
-0.977046, 433, 209, 496, 336
-0.977119, 81, 185, 208, 248
-0.977177, 289, 185, 416, 248
-0.977184, 161, 193, 224, 320
-0.977336, 97, 105, 224, 168
-0.977398, 97, 225, 352, 352
-0.978226, 353, 129, 416, 375
-0.978295, 241, 201, 368, 264
-0.978396, 177, 161, 240, 224
-0.978399, 165, 129, 196, 256
-0.978407, 433, 161, 464, 288
-0.978415, 297, 129, 360, 375
-0.978445, 33, 177, 160, 240
-0.978515, 285, 169, 316, 232
-0.978566, 81, 137, 144, 200
-0.978579, 145, 113, 176, 240
-0.97868, 313, 161, 344, 288
-0.978835, 461, 177, 492, 240
-0.978852, 241, 177, 272, 240
-0.979049, 233, 129, 296, 375
-0.979059, 121, 65, 184, 320
-0.979106, 433, 241, 496, 304
-0.979123, 117, 129, 148, 256
-0.979148, 209, 185, 240, 248
-0.979195, 369, 169, 496, 232
-0.97943, 377, 129, 440, 375
-0.979581, 285, 177, 316, 304
-0.979827, 129, 105, 160, 168
-0.97987, 265, 185, 296, 248
-0.979884, 49, 177, 80, 304
-0.980072, 113, 65, 176, 192
-0.980159, 153, 97, 216, 352
-0.980182, 325, 145, 356, 272
-0.980251, 409, 113, 472, 240
-0.980277, 325, 193, 356, 320
-0.980778, 369, 97, 496, 224
-0.980985, 89, 97, 152, 160
-0.981046, 145, 81, 272, 208
-0.981083, 337, 145, 368, 272
-0.981172, 193, 225, 256, 352
-0.98123, 185, 193, 216, 256
-0.981293, 301, 193, 332, 320
-0.981333, 17, 177, 80, 240
-0.981638, 165, 153, 196, 216
-0.981808, 337, 153, 368, 216
-0.981842, 257, 153, 320, 216
-0.981903, 177, 161, 304, 224
-0.981913, 1, 201, 128, 264
-0.981924, 209, 161, 272, 224
-0.981961, 401, 129, 464, 375
-0.981977, 253, 185, 284, 248
-0.982053, 149, 121, 180, 184
-0.982076, 37, 177, 68, 304
-0.98209, 161, 209, 288, 272
-0.982098, 257, 129, 320, 375
-0.982105, 89, 177, 120, 304
-0.982174, 249, 113, 312, 240
-0.982196, 169, 97, 232, 224
-0.982206, 197, 185, 228, 248
-0.982258, 305, 97, 432, 224
-0.982308, 121, 177, 152, 240
-0.982341, 25, 241, 88, 368
-0.982406, 241, 201, 272, 264
-0.982424, 1, 177, 32, 304
-0.982453, 45, 193, 76, 256
-0.982501, 437, 177, 468, 240
-0.982532, 321, 177, 352, 240
-0.982566, 21, 193, 52, 320
-0.982575, 89, 97, 152, 352
-0.98269, 385, 225, 448, 352
-0.982705, 185, 169, 216, 232
-0.98276, 177, 33, 240, 288
-0.982797, 265, 177, 296, 304
-0.98297, 385, 153, 416, 216
-0.983086, 361, 97, 424, 224
-0.983094, 109, 161, 140, 224
-0.983192, 177, 137, 208, 200
-0.983334, 1, 241, 64, 368
-0.983386, 449, 177, 480, 304
-0.983619, 65, 209, 192, 336
-0.983651, 329, 193, 392, 320
-0.983661, 193, 113, 256, 240
-0.983782, 301, 201, 332, 264
-0.983799, 217, 129, 280, 256
-0.983804, 405, 161, 436, 224
-0.983839, 421, 161, 452, 288
-0.983845, 101, 161, 132, 288
-0.983858, 229, 209, 260, 272
-0.983911, 81, 161, 112, 224
-0.983938, 333, 177, 364, 240
-0.983958, 177, 137, 240, 200
-0.983978, 125, 153, 156, 216
-0.984054, 201, 129, 264, 375
-0.98406, 453, 201, 484, 264
-0.984064, 409, 209, 472, 272
-0.984084, 145, 97, 272, 160
-0.984151, 113, 193, 176, 320
-0.984275, 365, 153, 396, 216
-0.984286, 337, 97, 400, 224
-0.984294, 377, 193, 440, 256
-0.984326, 137, 193, 168, 256
-0.984328, 161, 225, 288, 352
-0.984347, 417, 145, 480, 208
-0.984404, 129, 137, 256, 200
-0.98447, 469, 241, 500, 304
-0.984473, 33, 201, 64, 264
-0.984491, 65, 177, 96, 304
-0.984509, 361, 249, 424, 312
-0.98452, 345, 177, 408, 240
-0.984531, 349, 153, 380, 216
-0.984554, 177, 129, 240, 375
-0.984636, 137, 129, 168, 192
-0.984683, 305, 169, 336, 232
-0.984771, 117, 129, 148, 192
-0.984794, 197, 209, 228, 272
-0.984842, 285, 201, 316, 264
-0.984884, 1, 185, 32, 248
-0.98491, 33, 65, 288, 192
-0.985017, 301, 145, 332, 272
-0.985117, 57, 201, 120, 264
-0.985148, 229, 161, 260, 224
-0.985165, 241, 209, 304, 272
-0.985195, 57, 185, 88, 248
-0.985205, 337, 257, 464, 320
-0.985229, 49, 241, 112, 368
-0.985234, 185, 145, 216, 272
-0.985248, 1, 97, 128, 224
-0.985274, 113, 209, 240, 272
-0.985284, 93, 161, 124, 224
-0.985342, 417, 169, 448, 232
-0.985442, 161, 185, 192, 248
-0.985493, 137, 209, 200, 336
-0.985541, 393, 145, 424, 272
-0.985586, 49, 129, 112, 375
-0.985614, 129, 81, 160, 144
-0.985654, 105, 185, 136, 248
-0.9857, 257, 161, 288, 224
-0.985704, 233, 161, 264, 288
-0.985734, 433, 129, 496, 375
-0.985758, 77, 177, 108, 304
-0.985802, 449, 177, 480, 240
-0.985887, 217, 209, 248, 272
-0.985995, 165, 129, 196, 192
-0.986105, 321, 145, 352, 208
-0.986113, 257, 81, 384, 208
-0.986127, 185, 113, 216, 176
-0.986171, 205, 161, 236, 288
-0.986208, 117, 105, 148, 168
-0.986214, 145, 97, 176, 160
-0.986216, 361, 209, 424, 336
-0.986296, 201, 1, 264, 256
-0.986305, 221, 161, 252, 288
-0.98632, 301, 145, 332, 208
-0.986335, 189, 145, 220, 208
-0.986341, 289, 241, 416, 368
-0.986482, 165, 97, 196, 160
-0.986511, 329, 185, 392, 216
-0.986525, 9, 225, 72, 288
-0.986535, 13, 201, 44, 264
-0.986576, 173, 185, 204, 248
-0.98661, 313, 201, 344, 264
-0.986675, 233, 189, 296, 220
-0.986679, 193, 89, 224, 152
-0.986744, 405, 145, 436, 272
-0.986782, 1, 1, 256, 128
-0.986801, 181, 217, 212, 280
-0.986863, 281, 189, 344, 220
-0.986918, 209, 161, 240, 224
-0.986952, 425, 265, 488, 328
-0.986962, 57, 153, 120, 216
-0.98701, 33, 153, 160, 216
-0.987027, 381, 145, 412, 272
-0.987053, 105, 137, 136, 200
-0.987103, 241, 205, 304, 236
-0.987137, 349, 177, 380, 240
-0.987165, 49, 105, 176, 168
-0.987165, 121, 133, 184, 164
-0.987177, 409, 241, 440, 304
-0.987185, 69, 169, 100, 232
-0.9872, 397, 249, 428, 312
-0.987237, 93, 185, 124, 248
-0.987312, 285, 145, 316, 208
-0.987315, 273, 241, 336, 368
-0.987319, 433, 113, 496, 240
-0.987371, 285, 129, 316, 256
-0.987378, 149, 193, 180, 256
-0.98741, 245, 161, 276, 288
-0.987426, 137, 217, 200, 280
-0.987474, 365, 145, 396, 272
-0.987522, 209, 189, 272, 220
-0.987522, 441, 249, 472, 312
-0.987531, 137, 161, 168, 224
-0.987554, 153, 145, 184, 208
-0.987565, 9, 313, 72, 375
-0.987568, 125, 201, 156, 264
-0.98757, 273, 33, 336, 288
-0.987643, 177, 205, 240, 236
-0.987656, 457, 241, 488, 304
-0.987706, 361, 129, 424, 192
-0.987725, 321, 129, 384, 192
-0.987747, 421, 257, 452, 320
-0.987766, 273, 161, 304, 224
-0.98779, 241, 153, 272, 216
-0.98779, 281, 209, 344, 240
-0.987913, 185, 73, 248, 136
-0.98793, 141, 161, 172, 288
-0.987944, 233, 241, 296, 368
-0.988042, 65, 169, 320, 232
-0.988053, 145, 89, 208, 152
-0.988054, 201, 205, 264, 236
-0.988104, 313, 209, 344, 336
-0.988106, 81, 185, 144, 216
-0.988199, 121, 81, 152, 208
-0.988202, 193, 185, 448, 248
-0.988236, 9, 129, 72, 375
-0.988237, 441, 201, 472, 264
-0.988239, 225, 241, 352, 368
-0.988261, 33, 49, 160, 176
-0.988354, 273, 209, 304, 272
-0.988465, 169, 209, 200, 272
-0.988482, 145, 49, 208, 176
-0.988517, 325, 201, 356, 264
-0.988569, 313, 97, 376, 224
-0.988638, 89, 241, 152, 368
-0.988652, 105, 185, 168, 216
-0.988675, 81, 165, 144, 196
-0.98872, 121, 1, 184, 375
-0.988728, 25, 177, 56, 240
-0.988891, 393, 273, 456, 336
-0.988894, 197, 65, 228, 128
-0.988904, 409, 185, 472, 216
-0.988904, 393, 177, 424, 240
-0.988937, 361, 217, 424, 280
-0.988987, 145, 1, 208, 256
-0.989069, 385, 97, 448, 224
-0.989185, 57, 177, 120, 208
-0.989197, 257, 193, 320, 224
-0.989302, 349, 129, 380, 256
-0.989347, 73, 193, 104, 256
-0.989349, 85, 129, 116, 256
-0.989407, 361, 177, 392, 240
-0.989437, 385, 249, 416, 312
-0.98951, 193, 81, 320, 208
-0.989517, 113, 209, 176, 272
-0.989529, 469, 217, 500, 280
-0.989581, 9, 233, 40, 296
-0.989592, 129, 201, 192, 232
-0.989596, 409, 1, 472, 256
-0.989622, 93, 137, 124, 200
-0.989622, 441, 153, 472, 216
-0.989644, 121, 109, 184, 140
-0.989654, 121, 161, 184, 192
-0.989657, 281, 177, 344, 208
-0.989695, 193, 17, 448, 144
-0.98972, 177, 129, 304, 192
-0.989735, 25, 225, 56, 288
-0.989746, 57, 161, 88, 224
-0.989758, 81, 197, 144, 228
-0.989785, 113, 73, 176, 136
-0.98983, 121, 121, 184, 152
-0.989837, 401, 137, 432, 200
-0.989942, 305, 137, 432, 200
-0.989966, 253, 209, 284, 272
-0.989984, 261, 129, 292, 256
-0.990043, 105, 173, 168, 204
-0.990081, 417, 197, 480, 228
-0.990144, 129, 161, 160, 288
-0.990148, 49, 201, 112, 232
-0.99018, 181, 97, 212, 224
-0.990205, 361, 273, 424, 336
-0.990251, 321, 201, 384, 264
-0.990269, 81, 137, 112, 200
-0.990294, 273, 273, 336, 336
-0.990399, 65, 209, 192, 272
-0.990408, 89, 33, 152, 160
-0.990416, 273, 1, 336, 375
-0.990427, 389, 201, 420, 264
-0.990439, 361, 33, 424, 288
-0.990446, 105, 201, 168, 232
-0.990466, 401, 1, 464, 375
-0.990508, 377, 177, 408, 240
-0.990555, 41, 241, 104, 304
-0.990576, 61, 209, 92, 272
-0.990605, 337, 129, 368, 192
-0.990645, 309, 273, 340, 336
-0.990668, 377, 1, 440, 375
-0.990688, 225, 33, 288, 288
-0.990777, 313, 173, 376, 204
-0.990795, 241, 173, 304, 204
-0.990798, 353, 161, 416, 192
-0.99081, 153, 205, 216, 236
-0.990848, 313, 113, 344, 240
-0.990913, 265, 137, 296, 200
-0.990951, 273, 305, 336, 368
-0.990965, 321, 201, 384, 232
-0.99098, 185, 193, 248, 224
-0.990988, 21, 313, 52, 375
-0.990997, 337, 249, 400, 312
-0.991, 149, 169, 180, 232
-0.991013, 409, 193, 440, 256
-0.991019, 33, 129, 160, 192
-0.991027, 117, 177, 148, 304
-0.991046, 429, 153, 460, 216
-0.991052, 201, 177, 264, 208
-0.991052, 417, 217, 448, 280
-0.991071, 161, 217, 224, 248
-0.991089, 469, 281, 500, 344
-0.99112, 365, 241, 396, 304
-0.99112, 293, 273, 324, 336
-0.991145, 369, 129, 400, 192
-0.991152, 281, 273, 312, 336
-0.991173, 153, 1, 216, 375
-0.99119, 357, 129, 388, 192
-0.991208, 105, 113, 136, 240
-0.991216, 57, 189, 120, 220
-0.99122, 353, 193, 480, 256
-0.991256, 1, 169, 500, 232
-0.991266, 385, 33, 448, 288
-0.991279, 201, 41, 232, 104
-0.991294, 69, 145, 100, 208
-0.991309, 141, 73, 172, 136
-0.99134, 321, 33, 384, 288
-0.991407, 45, 169, 76, 232
-0.991408, 1, 225, 128, 288
-0.991453, 121, 149, 184, 180
-0.991475, 173, 65, 204, 128
-0.991516, 225, 161, 480, 224
-0.991565, 145, 165, 208, 196
-0.991572, 345, 209, 376, 272
-0.991614, 309, 209, 340, 240
-0.991615, 145, 137, 208, 168
-0.991625, 1, 249, 64, 312
-0.99163, 305, 241, 368, 368
-0.991633, 377, 165, 440, 196
-0.991646, 289, 165, 352, 196
-0.991688, 293, 209, 324, 240
-0.991692, 25, 209, 88, 240
-0.991699, 273, 129, 304, 256
-0.991702, 105, 97, 136, 160
-0.991703, 65, 313, 96, 375
-0.991729, 385, 137, 448, 200
-0.991755, 453, 153, 484, 216
-0.991786, 249, 1, 312, 375
-0.991789, 153, 57, 216, 120
-0.99179, 441, 281, 472, 344
-0.9918, 81, 1, 144, 256
-0.991806, 169, 113, 232, 176
-0.99181, 89, 209, 120, 272
-0.991816, 105, 305, 136, 368
-0.991825, 369, 217, 400, 280
-0.991837, 89, 209, 152, 272
-0.991839, 177, 177, 240, 208
-0.991856, 97, 65, 224, 192
-0.991905, 161, 149, 224, 180
-0.991908, 153, 109, 216, 140
-0.991934, 1, 305, 32, 368
-0.991942, 329, 157, 392, 188
-0.991944, 65, 297, 128, 360
-0.992051, 417, 209, 448, 336
-0.992102, 129, 109, 160, 140
-0.992108, 177, 193, 304, 224
-0.992127, 385, 185, 448, 216
-0.992142, 241, 161, 304, 192
-0.992171, 249, 33, 312, 288
-0.992215, 261, 189, 292, 220
-0.992216, 193, 205, 320, 236
-0.992221, 273, 153, 336, 184
-0.992223, 385, 225, 448, 288
-0.992282, 257, 65, 500, 192
-0.992308, 217, 217, 280, 248
-0.992313, 33, 193, 288, 256
-0.992318, 433, 1, 496, 256
-0.992319, 353, 189, 416, 220
-0.992326, 185, 217, 248, 248
-0.992335, 297, 273, 360, 336
-0.992342, 237, 193, 268, 224
-0.992343, 129, 217, 192, 248
-0.992354, 425, 249, 488, 280
-0.992364, 165, 81, 196, 208
-0.992365, 417, 173, 480, 204
-0.992365, 377, 245, 440, 276
-0.992368, 97, 109, 160, 140
-0.992389, 185, 205, 216, 236
-0.992433, 249, 189, 280, 220
-0.992446, 333, 181, 364, 212
-0.992449, 469, 241, 500, 272
-0.992466, 305, 189, 368, 220
-0.99253, 161, 177, 192, 304
-0.992539, 369, 145, 496, 208
-0.992558, 17, 189, 80, 220
-0.992595, 221, 189, 252, 220
-0.992597, 17, 1, 80, 375
-0.9926, 433, 185, 496, 216
-0.992609, 345, 1, 408, 375
-0.992689, 121, 189, 152, 220
-0.992698, 9, 225, 40, 352
-0.992707, 437, 185, 468, 216
-0.992713, 225, 205, 256, 236
-0.99273, 289, 81, 352, 208
-0.992747, 81, 149, 144, 180
-0.992752, 345, 241, 408, 272
-0.992765, 97, 145, 352, 208
-0.992768, 177, 1, 240, 375
-0.992836, 329, 201, 360, 232
-0.992845, 209, 189, 240, 220
-0.992864, 213, 205, 244, 236
-0.992874, 161, 189, 224, 220
-0.992893, 433, 1, 496, 375
-0.992901, 265, 201, 296, 232
-0.992903, 129, 177, 160, 208
-0.992908, 113, 165, 144, 196
-0.992914, 237, 181, 268, 212
-0.992916, 321, 1, 384, 375
-0.992918, 249, 205, 280, 236
-0.992944, 281, 209, 312, 240
-0.99296, 401, 245, 464, 276
-0.992975, 201, 1, 264, 128
-0.992982, 169, 153, 200, 184
-0.993001, 89, 1, 152, 375
-0.993006, 177, 249, 240, 312
-0.993014, 201, 205, 232, 236
-0.993021, 153, 141, 184, 172
-0.993024, 225, 185, 352, 216
-0.993042, 169, 141, 200, 172
-0.99308, 137, 125, 168, 156
-0.993086, 321, 173, 352, 204
-0.993089, 345, 173, 408, 204
-0.993123, 113, 201, 144, 232
-0.993138, 237, 205, 268, 236
-0.99314, 137, 185, 200, 216
-0.993141, 465, 181, 496, 212
-0.993155, 453, 189, 484, 220
-0.993165, 125, 133, 156, 164
-0.993189, 309, 197, 340, 228
-0.993195, 49, 97, 112, 224
-0.993223, 141, 201, 172, 232
-0.993233, 169, 1, 232, 128
-0.993242, 117, 105, 148, 136
-0.993257, 141, 113, 172, 144
-0.993281, 113, 177, 240, 208
-0.993283, 117, 153, 148, 184
-0.993284, 113, 241, 240, 368
-0.993296, 289, 257, 416, 320
-0.993307, 173, 209, 204, 240
-0.993312, 69, 181, 100, 212
-0.993315, 49, 185, 80, 216
-0.993327, 89, 257, 152, 320
-0.99333, 129, 209, 384, 272
-0.993349, 153, 109, 184, 140
-0.993362, 345, 181, 376, 212
-0.993375, 33, 209, 64, 240
-0.993389, 1, 189, 32, 220
-0.993394, 241, 201, 368, 232
-0.993395, 9, 1, 72, 256
-0.993404, 217, 177, 248, 208
-0.993405, 281, 181, 312, 212
-0.993419, 253, 173, 284, 204
-0.993436, 189, 217, 220, 248
-0.993442, 297, 33, 360, 288
-0.993444, 453, 201, 484, 232
-0.993447, 397, 245, 428, 276
-0.993452, 101, 185, 132, 216
-0.993491, 181, 141, 212, 172
-0.993493, 49, 345, 80, 375
-0.993537, 317, 185, 348, 216
-0.993546, 397, 165, 428, 196
-0.993548, 193, 177, 224, 208
-0.993549, 337, 169, 368, 200
-0.99355, 73, 129, 104, 256
-0.993554, 417, 245, 448, 276
-0.993557, 237, 217, 268, 248
-0.99356, 277, 185, 292, 248
-0.993566, 209, 65, 272, 192
-0.993567, 437, 225, 468, 352
-0.993576, 377, 157, 408, 188
-0.993598, 161, 201, 192, 232
-0.993613, 25, 345, 88, 375
-0.993624, 173, 165, 204, 196
-0.993631, 49, 197, 80, 228
-0.993632, 227, 185, 242, 248
-0.993634, 237, 169, 268, 200
-0.993651, 277, 197, 308, 228
-0.993654, 305, 177, 336, 208
-0.99367, 129, 161, 160, 192
-0.99368, 365, 241, 396, 272
-0.993694, 197, 189, 228, 220
-0.993696, 85, 165, 116, 196
-0.993696, 225, 1, 288, 375
-0.993699, 125, 121, 156, 152
-0.993711, 269, 157, 300, 188
-0.993718, 441, 197, 472, 228
-0.993727, 129, 97, 160, 128
-0.993734, 257, 161, 288, 192
-0.99374, 9, 153, 72, 216
-0.993743, 181, 145, 196, 208
-0.99376, 221, 217, 252, 248
-0.993762, 157, 153, 188, 184
-0.993763, 241, 173, 368, 204
-0.993767, 33, 313, 96, 375
-0.993773, 89, 185, 120, 216
-0.993785, 369, 185, 400, 216
-0.993793, 233, 185, 248, 248
-0.993797, 73, 169, 104, 200
-0.993802, 297, 153, 360, 184
-0.993852, 409, 173, 440, 204
-0.993859, 149, 129, 180, 160
-0.993864, 125, 201, 156, 232
-0.993866, 113, 177, 144, 208
-0.993867, 141, 161, 172, 192
-0.993868, 97, 157, 128, 188
-0.993881, 265, 177, 296, 208
-0.993881, 57, 165, 120, 196
-0.993885, 165, 129, 196, 160
-0.993887, 101, 169, 132, 200
-0.993889, 205, 177, 236, 208
-0.993897, 337, 225, 400, 288
-0.993899, 145, 205, 272, 236
-0.9939, 1, 241, 32, 272
-0.993905, 417, 185, 448, 216
-0.993919, 209, 221, 240, 252
-0.993931, 305, 221, 336, 252
-0.993936, 325, 217, 356, 248
-0.993939, 249, 177, 264, 240
-0.993945, 97, 197, 128, 228
-0.993947, 385, 245, 416, 276
-0.993965, 81, 201, 208, 232
-0.99397, 289, 221, 320, 252
-0.993977, 353, 217, 480, 280
-0.993978, 225, 209, 256, 336
-0.993984, 463, 177, 478, 240
-0.993984, 437, 249, 468, 280
-0.99399, 141, 101, 172, 132
-0.994008, 57, 345, 120, 375
-0.994015, 49, 33, 112, 288
-0.994018, 9, 201, 40, 232
-0.994025, 239, 193, 254, 256
-0.994038, 161, 213, 192, 244
-0.99404, 129, 213, 160, 244
-0.994048, 357, 177, 388, 208
-0.994057, 237, 157, 268, 188
-0.994063, 21, 205, 52, 236
-0.994065, 45, 209, 76, 240
-0.994079, 401, 185, 432, 216
-0.994081, 457, 241, 488, 272
-0.994087, 113, 133, 144, 164
-0.994093, 1, 205, 64, 236
-0.994094, 421, 173, 452, 204
-0.994099, 321, 165, 448, 196
-0.994103, 37, 341, 68, 372
-0.994104, 181, 153, 212, 184
-0.994105, 25, 193, 56, 224
-0.99413, 349, 157, 380, 188
-0.994133, 133, 105, 148, 168
-0.994135, 187, 129, 202, 192
-0.994135, 61, 205, 92, 236
-0.994142, 305, 213, 368, 244
-0.994145, 61, 193, 92, 224
-0.994146, 53, 173, 84, 204
-0.994152, 337, 157, 368, 188
-0.994156, 221, 185, 236, 248
-0.994157, 277, 169, 308, 200
-0.994162, 165, 101, 196, 132
-0.994173, 177, 221, 208, 252
-0.994179, 173, 197, 204, 228
-0.994182, 453, 253, 484, 284
-0.994183, 181, 177, 212, 208
-0.994185, 381, 185, 412, 216
-0.994185, 17, 329, 80, 360
-0.994187, 287, 177, 302, 240
-0.994188, 157, 165, 188, 196
-0.99419, 65, 345, 96, 375
-0.994197, 185, 165, 216, 196
-0.994208, 169, 165, 232, 196
-0.994215, 377, 197, 440, 228
-0.994228, 65, 257, 128, 320
-0.994238, 1, 313, 128, 375
-0.994242, 25, 289, 88, 352
-0.994261, 113, 189, 240, 220
-0.994274, 193, 41, 256, 104
-0.994316, 21, 241, 52, 368
-0.994342, 169, 241, 232, 368
-0.994355, 321, 185, 448, 216
-0.994376, 225, 273, 352, 336
-0.99438, 273, 185, 400, 216
-0.9944, 393, 257, 456, 288
-0.99446, 433, 237, 496, 268
-0.994473, 145, 65, 176, 192
-0.994488, 337, 193, 368, 320
-0.994494, 97, 125, 160, 156
-0.994528, 215, 185, 230, 248
-0.99455, 33, 201, 160, 232
-0.994561, 213, 209, 244, 336
-0.994566, 1, 241, 64, 272
-0.994567, 193, 165, 256, 196
-0.994584, 201, 1, 264, 375
-0.994655, 33, 265, 96, 328
-0.994749, 113, 161, 240, 192
-0.994757, 465, 113, 496, 240
-0.994763, 121, 97, 184, 128
-0.99478, 305, 197, 432, 228
-0.994789, 461, 209, 492, 336
-0.994794, 377, 153, 440, 184
-0.99481, 113, 241, 176, 368
-0.994823, 385, 1, 448, 128
-0.994853, 89, 305, 152, 368
-0.994857, 425, 209, 488, 240
-0.994878, 89, 137, 152, 168
-0.994882, 145, 121, 208, 152
-0.99489, 225, 157, 352, 188
-0.994899, 233, 273, 296, 336
-0.994949, 25, 145, 56, 272
-0.994953, 217, 157, 280, 188
-0.994962, 353, 149, 416, 180
-0.994969, 449, 177, 464, 240
-0.994977, 241, 217, 304, 248
-0.994978, 1, 145, 500, 208
-0.995017, 65, 1, 128, 375
-0.995046, 177, 165, 304, 196
-0.995048, 17, 229, 80, 260
-0.995053, 255, 177, 270, 240
-0.995054, 205, 1, 236, 128
-0.995078, 233, 137, 296, 200
-0.995133, 153, 121, 168, 184
-0.995153, 193, 81, 224, 208
-0.995163, 81, 97, 144, 128
-0.995204, 33, 241, 64, 368
-0.995218, 297, 1, 360, 375
-0.995223, 141, 193, 156, 256
-0.995244, 187, 193, 202, 256
-0.995294, 147, 105, 162, 168
-0.995298, 257, 209, 500, 272
-0.995314, 257, 265, 500, 328
-0.995316, 177, 1, 304, 128
-0.995324, 177, 177, 304, 208
-0.995331, 297, 169, 312, 232
-0.995335, 479, 241, 494, 304
-0.995354, 209, 185, 224, 248
-0.99536, 459, 201, 474, 264
-0.99537, 271, 177, 286, 240
-0.995372, 33, 169, 160, 200
-0.995397, 297, 297, 360, 360
-0.995404, 433, 289, 496, 352
-0.995408, 395, 153, 410, 216
-0.995436, 369, 257, 432, 288
-0.995448, 17, 249, 144, 312
-0.995481, 449, 225, 480, 352
-0.995486, 89, 213, 152, 244
-0.995494, 159, 121, 174, 184
-0.995505, 289, 209, 416, 240
-0.995565, 263, 185, 278, 248
-0.995567, 177, 209, 208, 336
-0.995571, 241, 213, 368, 244
-0.995602, 49, 201, 64, 264
-0.99561, 41, 1, 104, 375
-0.99562, 193, 185, 208, 248
-0.995645, 1, 345, 64, 375
-0.995673, 65, 333, 128, 364
-0.995703, 1, 189, 128, 220
-0.995723, 337, 169, 352, 232
-0.995731, 243, 169, 258, 232
-0.995732, 355, 153, 370, 216
-0.995744, 139, 105, 154, 168
-0.995759, 343, 153, 358, 216
-0.99576, 245, 201, 260, 264
-0.995764, 425, 261, 488, 292
-0.995769, 81, 65, 144, 128
-0.995772, 177, 137, 240, 168
-0.995786, 193, 97, 256, 160
-0.995807, 97, 117, 224, 148
-0.995822, 457, 177, 472, 240
-0.995825, 241, 149, 304, 180
-0.995831, 57, 129, 88, 256
-0.995832, 157, 97, 172, 160
-0.995836, 57, 129, 120, 192
-0.995839, 265, 249, 328, 312
-0.995841, 127, 105, 142, 168
-0.995842, 285, 209, 300, 272
-0.995857, 203, 193, 218, 256
-0.995868, 9, 177, 72, 208
-0.995877, 361, 153, 376, 216
-0.995941, 305, 261, 368, 292
-0.995941, 1, 217, 500, 280
-0.995945, 115, 161, 130, 224
-0.995951, 113, 141, 240, 172
-0.995954, 1, 289, 128, 352
-0.995984, 241, 313, 304, 375
-0.995986, 417, 161, 480, 192
-0.995993, 65, 113, 320, 176
-0.995994, 191, 105, 206, 168
-0.995995, 33, 81, 160, 144
-0.996003, 303, 169, 318, 232
-0.99602, 237, 209, 268, 336
-0.996021, 349, 153, 364, 216
-0.996028, 93, 161, 108, 224
-0.996034, 187, 169, 202, 232
-0.996039, 389, 153, 404, 216
-0.996067, 127, 129, 142, 192
-0.996079, 345, 253, 408, 284
-0.996091, 233, 261, 296, 292
-0.996099, 1, 193, 500, 256
-0.996106, 321, 145, 384, 176
-0.996133, 305, 153, 432, 184
-0.996146, 299, 201, 314, 264
-0.996147, 185, 105, 248, 136
-0.996148, 129, 217, 256, 248
-0.996155, 405, 161, 420, 224
-0.99616, 433, 313, 496, 375
-0.996175, 127, 153, 142, 216
-0.996176, 33, 177, 96, 208
-0.996194, 59, 185, 74, 248
-0.996213, 175, 145, 190, 208
-0.996214, 293, 201, 308, 264
-0.996221, 135, 193, 150, 256
-0.996225, 169, 77, 232, 108
-0.996244, 485, 241, 500, 304
-0.996244, 205, 49, 220, 112
-0.996256, 317, 201, 332, 264
-0.996275, 197, 81, 212, 144
-0.99628, 107, 169, 122, 232
-0.996284, 325, 177, 340, 240
-0.996286, 353, 249, 480, 280
-0.996287, 273, 277, 336, 308
-0.996302, 147, 193, 162, 256
-0.996305, 153, 257, 216, 320
-0.996305, 89, 281, 152, 344
-0.996308, 289, 209, 416, 272
-0.996315, 169, 49, 232, 176
-0.996319, 1, 317, 64, 348
-0.996319, 65, 225, 128, 288
-0.996325, 429, 113, 460, 240
-0.996326, 297, 141, 360, 172
-0.996343, 197, 209, 212, 272
-0.996373, 265, 221, 328, 252
-0.996398, 177, 73, 304, 136
-0.996402, 361, 97, 392, 224
-0.996407, 361, 225, 424, 256
-0.996407, 265, 313, 328, 344
-0.996408, 349, 193, 380, 320
-0.996409, 1, 253, 64, 284
-0.99641, 329, 241, 392, 368
-0.996415, 65, 305, 192, 368
-0.996426, 305, 233, 432, 296
-0.996431, 181, 193, 196, 256
-0.996435, 433, 225, 496, 256
-0.996438, 369, 181, 496, 212
-0.99644, 289, 121, 352, 184
-0.996474, 65, 249, 192, 312
-0.996479, 401, 193, 432, 320
-0.996489, 43, 201, 58, 264
-0.996523, 65, 185, 192, 216
-0.996537, 65, 137, 192, 168
-0.996548, 193, 69, 256, 100
-0.996552, 161, 149, 288, 180
-0.996554, 217, 209, 232, 272
-0.996569, 161, 249, 288, 312
-0.996573, 237, 161, 252, 224
-0.996577, 53, 177, 68, 240
-0.996603, 57, 153, 120, 184
-0.996615, 193, 217, 320, 248
-0.996623, 367, 153, 382, 216
-0.996629, 141, 81, 156, 144
-0.996631, 331, 169, 346, 232
-0.996632, 305, 201, 320, 264
-0.996635, 49, 217, 112, 248
-0.996646, 419, 161, 434, 224
-0.996648, 305, 249, 368, 312
-0.996665, 41, 333, 104, 364
-0.996689, 345, 205, 408, 236
-0.996706, 251, 201, 266, 264
-0.996713, 321, 245, 384, 276
-0.996715, 311, 201, 326, 264
-0.996722, 409, 233, 472, 264
-0.996735, 5, 185, 20, 248
-0.996738, 89, 337, 152, 368
-0.996743, 65, 157, 192, 188
-0.996765, 33, 257, 96, 288
-0.996769, 277, 161, 292, 224
-0.996774, 89, 297, 152, 328
-0.996774, 293, 145, 308, 208
-0.996788, 209, 209, 224, 272
-0.996789, 145, 65, 208, 96
-0.996796, 15, 193, 30, 256
-0.996801, 181, 169, 196, 232
-0.996806, 373, 153, 388, 216
-0.996812, 9, 97, 72, 224
-0.996815, 411, 161, 426, 224
-0.996823, 233, 209, 248, 272
-0.996827, 9, 305, 72, 336
-0.996829, 265, 165, 328, 196
-0.996835, 211, 25, 226, 88
-0.996841, 23, 201, 38, 264
-0.996844, 135, 161, 150, 224
-0.996848, 337, 229, 400, 260
-0.996849, 99, 169, 114, 232
-0.99686, 125, 177, 140, 240
-0.996864, 197, 209, 228, 336
-0.996899, 153, 33, 216, 96
-0.996903, 353, 197, 480, 228
-0.996915, 169, 153, 184, 216
-0.996919, 35, 209, 50, 272
-0.996924, 417, 281, 480, 312
-0.996928, 221, 161, 236, 224
-0.996931, 121, 97, 152, 352
-0.996937, 477, 177, 492, 240
-0.996948, 427, 177, 442, 240
-0.996951, 329, 265, 392, 296
-0.996953, 373, 97, 404, 224
-0.996961, 85, 169, 100, 232
-0.996962, 289, 225, 352, 256
-0.996962, 453, 201, 468, 264
-0.996982, 209, 313, 336, 375
-0.996991, 145, 97, 208, 128
-0.997002, 241, 129, 368, 192
-0.997018, 331, 145, 346, 208
-0.997022, 209, 257, 272, 320
-0.997042, 449, 129, 480, 256
-0.997077, 317, 169, 332, 232
-0.997081, 223, 209, 238, 272
-0.997085, 343, 177, 358, 240
-0.997132, 283, 153, 298, 216
-0.997134, 413, 241, 428, 304
-0.997145, 249, 153, 264, 216
-0.997155, 145, 129, 160, 192
-0.997163, 175, 185, 190, 248
-0.997175, 275, 193, 290, 224
-0.997183, 203, 169, 218, 232
-0.997183, 369, 281, 496, 344
-0.997189, 381, 153, 396, 216
-0.99722, 201, 1, 264, 64
-0.997222, 65, 185, 80, 248
-0.997233, 335, 193, 350, 256
-0.997237, 433, 249, 448, 312
-0.997242, 139, 129, 154, 192
-0.997245, 167, 129, 182, 192
-0.997253, 469, 177, 484, 240
-0.997253, 29, 209, 44, 272
-0.997253, 1, 217, 256, 280
-0.997281, 135, 81, 150, 144
-0.997283, 79, 177, 94, 240
-0.997287, 1, 289, 64, 352
-0.99729, 337, 145, 352, 208
-0.99729, 185, 273, 248, 336
-0.997302, 49, 125, 176, 156
-0.997305, 133, 109, 148, 140
-0.997306, 305, 281, 432, 344
-0.997316, 441, 177, 456, 240
-0.997318, 183, 217, 198, 280
-0.997339, 319, 209, 334, 240
-0.99734, 175, 145, 190, 176
-0.997362, 349, 177, 364, 240
-0.99737, 475, 217, 490, 280
-0.997377, 47, 177, 62, 240
-0.997383, 157, 97, 188, 352
-0.99739, 81, 213, 208, 244
-0.997391, 49, 113, 176, 144
-0.997399, 119, 129, 134, 192
-0.997441, 339, 177, 354, 208
-0.997443, 187, 209, 202, 240
-0.997444, 287, 209, 302, 240
-0.997447, 1, 145, 256, 208
-0.997449, 301, 209, 316, 240
-0.997453, 133, 209, 164, 336
-0.997454, 101, 145, 116, 208
-0.997459, 159, 193, 174, 256
-0.99746, 459, 197, 474, 228
-0.997461, 349, 129, 380, 375
-0.997464, 241, 193, 256, 224
-0.997464, 5, 205, 36, 220
-0.997468, 321, 129, 352, 375
-0.997476, 257, 129, 320, 192
-0.997476, 479, 237, 494, 268
-0.997478, 225, 195, 256, 210
-0.997479, 261, 161, 276, 224
-0.99748, 249, 169, 280, 184
-0.997481, 257, 193, 272, 224
-0.997482, 45, 353, 76, 368
-0.997486, 353, 185, 384, 200
-0.997488, 165, 167, 196, 182
-0.997489, 153, 143, 184, 158
-0.997492, 265, 199, 296, 214
-0.997492, 385, 189, 416, 204
-0.997494, 177, 159, 208, 174
-0.997495, 113, 169, 144, 184
-0.997495, 239, 217, 254, 280
-0.997495, 369, 169, 496, 200
-0.997495, 113, 257, 176, 320
-0.997495, 53, 343, 84, 358
-0.997507, 193, 161, 208, 224
-0.997509, 191, 217, 206, 280
-0.99751, 113, 185, 128, 248
-0.997511, 113, 129, 240, 160
-0.997512, 369, 129, 400, 375
-0.997515, 421, 177, 452, 192
-0.997521, 197, 185, 228, 200
-0.997541, 53, 179, 84, 194
-0.997545, 253, 205, 268, 236
-0.997549, 327, 197, 342, 228
-0.997553, 229, 183, 260, 198
-0.997555, 193, 219, 224, 234
-0.997561, 265, 161, 296, 176
-0.997561, 245, 173, 260, 204
-0.997561, 469, 255, 500, 270
-0.997566, 417, 183, 448, 198
-0.997573, 213, 207, 244, 222
-0.997584, 377, 161, 408, 176
-0.997588, 405, 171, 436, 186
-0.997592, 29, 201, 60, 216
-0.997593, 453, 195, 484, 210
-0.997594, 225, 189, 240, 220
-0.997594, 325, 209, 340, 240
-0.997598, 113, 155, 144, 170
-0.9976, 193, 233, 448, 296
-0.997607, 229, 169, 260, 184
-0.99761, 81, 177, 112, 192
-0.997612, 349, 241, 380, 256
-0.997613, 331, 185, 346, 216
-0.997618, 333, 129, 364, 375
-0.997621, 145, 97, 176, 352
-0.997622, 249, 191, 280, 206
-0.997626, 337, 237, 464, 268
-0.997628, 77, 187, 108, 202
-0.997631, 97, 89, 352, 152
-0.997633, 145, 109, 160, 140
-0.997635, 309, 189, 340, 204
-0.997636, 233, 205, 248, 236
-0.997637, 13, 145, 44, 272
-0.997637, 61, 225, 92, 352
-0.997638, 311, 209, 326, 240
-0.997651, 261, 187, 292, 202
-0.997656, 249, 185, 264, 216
-0.997661, 153, 109, 184, 124
-0.997662, 261, 129, 292, 375
-0.997673, 97, 105, 224, 136
-0.997673, 295, 209, 310, 240
-0.997675, 89, 169, 120, 184
-0.997677, 201, 193, 232, 208
-0.997678, 369, 187, 400, 202
-0.997684, 241, 161, 272, 176
-0.997687, 441, 207, 472, 222
-0.997701, 233, 193, 248, 224
-0.997702, 243, 205, 258, 236
-0.997705, 1, 193, 32, 208
-0.997708, 401, 241, 432, 368
-0.997716, 169, 211, 200, 226
-0.99772, 41, 207, 72, 222
-0.997729, 165, 147, 196, 162
-0.997732, 459, 185, 474, 216
-0.997733, 241, 49, 304, 176
-0.997739, 141, 131, 172, 146
-0.997743, 213, 175, 244, 190
-0.997745, 161, 93, 288, 124
-0.997748, 169, 129, 200, 375
-0.997748, 265, 211, 296, 226
-0.997752, 53, 185, 84, 200
-0.997752, 217, 189, 232, 220
-0.997758, 335, 205, 350, 236
-0.99776, 17, 345, 144, 375
-0.997766, 237, 213, 268, 228
-0.997769, 409, 257, 440, 272
-0.997775, 159, 109, 174, 140
-0.997797, 213, 195, 244, 210
-0.997814, 113, 233, 240, 296
-0.997818, 305, 221, 432, 252
-0.997821, 139, 201, 154, 232
-0.997825, 313, 183, 344, 198
-0.997826, 181, 149, 196, 180
-0.997827, 417, 65, 480, 192
-0.997828, 209, 187, 240, 202
-0.997828, 97, 197, 128, 212
-0.997829, 449, 185, 464, 216
-0.997833, 181, 221, 212, 236
-0.997835, 389, 163, 420, 178
-0.997838, 321, 177, 352, 192
-0.997843, 181, 97, 212, 352
-0.997844, 317, 201, 348, 216
-0.997848, 65, 181, 96, 196
-0.997854, 189, 129, 204, 160
-0.997856, 157, 137, 188, 152
-0.997857, 329, 219, 360, 234
-0.997857, 345, 181, 360, 212
-0.997859, 189, 177, 220, 192
-0.99786, 193, 205, 208, 236
-0.997861, 153, 117, 184, 132
-0.997865, 313, 195, 344, 210
-0.997865, 433, 185, 464, 200
-0.997866, 393, 129, 424, 375
-0.997868, 109, 97, 140, 352
-0.997869, 129, 177, 160, 192
-0.997886, 227, 205, 242, 236
-0.997899, 461, 129, 492, 375
-0.9979, 127, 157, 142, 188
-0.997902, 221, 205, 236, 236
-0.997903, 265, 33, 328, 160
-0.997918, 1, 129, 32, 375
-0.997922, 201, 205, 216, 236
-0.997923, 405, 129, 436, 375
-0.997927, 281, 203, 312, 218
-0.997938, 153, 133, 168, 164
-0.997939, 113, 175, 144, 190
-0.997951, 285, 129, 316, 375
-0.997953, 197, 207, 228, 222
-0.997954, 29, 211, 60, 226
-0.997957, 337, 189, 352, 220
-0.997965, 155, 121, 170, 152
-0.997968, 329, 273, 392, 336
-0.99797, 211, 189, 226, 220
-0.997974, 381, 129, 412, 375
-0.997975, 237, 189, 268, 204
-0.997977, 215, 205, 230, 236
-0.997978, 97, 73, 224, 136
-0.997985, 397, 249, 428, 264
-0.997991, 273, 129, 304, 375
-0.997992, 129, 177, 144, 208
-0.997993, 105, 173, 120, 204
-0.998003, 127, 101, 142, 132
-0.998006, 413, 249, 444, 264
-0.99801, 193, 65, 224, 320
-0.998013, 113, 93, 240, 124
-0.998014, 109, 193, 140, 208
-0.998016, 177, 145, 208, 160
-0.998016, 181, 209, 196, 240
-0.998021, 207, 205, 222, 236
-0.998022, 221, 219, 252, 234
-0.998022, 125, 191, 156, 206
-0.998024, 275, 177, 290, 208
-0.998028, 101, 209, 132, 336
-0.998029, 285, 181, 300, 212
-0.998031, 5, 245, 36, 260
-0.998037, 185, 165, 200, 196
-0.998043, 277, 221, 308, 236
-0.998043, 413, 249, 428, 280
-0.998048, 201, 137, 264, 200
-0.99805, 237, 205, 268, 220
-0.998054, 181, 171, 212, 186
-0.998055, 269, 189, 284, 220
-0.998057, 237, 129, 268, 375
-0.998059, 145, 121, 160, 152
-0.998059, 209, 129, 240, 375
-0.998061, 263, 189, 278, 220
-0.998066, 145, 201, 160, 232
-0.998067, 257, 145, 384, 176
-0.998069, 225, 207, 256, 222
-0.99807, 139, 109, 154, 140
-0.998075, 133, 65, 164, 320
-0.998076, 37, 209, 52, 240
-0.998079, 105, 185, 120, 216
-0.998081, 137, 201, 168, 216
-0.998082, 161, 217, 192, 232
-0.998082, 453, 201, 468, 232
-0.998086, 245, 161, 260, 192
-0.998087, 281, 211, 312, 226
-0.998088, 187, 141, 202, 172
-0.99809, 221, 189, 252, 204
-0.998096, 229, 175, 260, 190
-0.998098, 197, 89, 212, 120
-0.998101, 127, 145, 142, 176
-0.998106, 53, 191, 84, 206
-0.998109, 441, 129, 472, 375
-0.99811, 119, 165, 134, 196
-0.998114, 441, 201, 472, 216
-0.998119, 251, 173, 266, 204
-0.998121, 321, 197, 336, 228
-0.99813, 401, 1, 464, 64
-0.998134, 169, 145, 184, 176
-0.998136, 329, 205, 360, 220
-0.998137, 257, 225, 384, 256
-0.998145, 101, 169, 132, 184
-0.998148, 329, 173, 344, 204
-0.998148, 221, 177, 236, 208
-0.99815, 129, 129, 144, 160
-0.998152, 297, 129, 328, 375
-0.998153, 193, 105, 208, 136
-0.998157, 193, 137, 448, 200
-0.998158, 163, 137, 178, 168
-0.998167, 293, 241, 324, 368
-0.998173, 125, 189, 140, 220
-0.998174, 351, 177, 366, 208
-0.998175, 3, 189, 18, 220
-0.998176, 441, 195, 472, 210
-0.998176, 119, 185, 134, 216
-0.998179, 153, 105, 168, 136
-0.998181, 221, 129, 252, 375
-0.998184, 65, 189, 96, 204
-0.998188, 459, 209, 474, 240
-0.998189, 259, 205, 274, 236
-0.998191, 113, 165, 128, 196
-0.998195, 115, 201, 130, 232
-0.998195, 43, 209, 58, 240
-0.998195, 123, 201, 138, 232
-0.998196, 137, 173, 152, 204
-0.9982, 77, 225, 108, 352
-0.9982, 453, 207, 484, 222
-0.998203, 249, 185, 280, 200
-0.998204, 177, 151, 208, 166
-0.998205, 423, 173, 438, 204
-0.998205, 309, 129, 340, 375
-0.99821, 125, 183, 156, 198
-0.998211, 57, 181, 72, 212
-0.998211, 145, 109, 272, 140
-0.998217, 173, 157, 188, 188
-0.998218, 85, 129, 116, 375
-0.998218, 249, 129, 280, 375
-0.998224, 101, 163, 132, 178
-0.998231, 289, 265, 416, 296
-0.998238, 165, 161, 196, 176
-0.998239, 329, 191, 360, 206
-0.998241, 71, 185, 86, 216
-0.998242, 209, 177, 224, 208
-0.998243, 181, 137, 196, 168
-0.998249, 325, 185, 340, 216
-0.998251, 133, 121, 164, 136
-0.998252, 417, 129, 448, 375
-0.998253, 341, 183, 372, 198
-0.998255, 481, 249, 496, 280
-0.998256, 209, 225, 336, 288
-0.998259, 141, 213, 156, 244
-0.998268, 117, 153, 132, 184
-0.99827, 293, 169, 308, 200
-0.99827, 389, 157, 404, 188
-0.99827, 281, 201, 296, 232
-0.998276, 89, 185, 120, 200
-0.998277, 133, 161, 148, 192
-0.998282, 389, 241, 404, 272
-0.998282, 393, 297, 456, 360
-0.998285, 125, 135, 156, 150
-0.998289, 365, 243, 396, 258
-0.998297, 465, 185, 496, 200
-0.998306, 309, 211, 340, 226
-0.998313, 465, 185, 480, 216
-0.998314, 201, 77, 216, 108
-0.998315, 265, 205, 296, 220
-0.998321, 305, 249, 432, 280
-0.998321, 1, 233, 128, 264
-0.998323, 191, 117, 206, 148
-0.998332, 125, 197, 156, 212
-0.998333, 201, 177, 232, 192
-0.998336, 429, 185, 444, 216
-0.998338, 193, 261, 320, 292
-0.998338, 465, 241, 496, 256
-0.998351, 473, 245, 488, 276
-0.998359, 97, 129, 128, 375
-0.998365, 165, 155, 196, 170
-0.998365, 175, 205, 190, 236
-0.998365, 239, 181, 254, 212
-0.998366, 345, 169, 360, 200
-0.99837, 453, 201, 484, 216
-0.998373, 85, 193, 100, 224
-0.998376, 109, 181, 140, 196
-0.998377, 17, 213, 144, 244
-0.998378, 227, 217, 242, 248
-0.99838, 109, 197, 124, 228
-0.998389, 77, 169, 92, 200
-0.998395, 237, 219, 268, 234
-0.998404, 147, 213, 162, 244
-0.998411, 429, 129, 460, 375
-0.998412, 401, 97, 432, 224
-0.998414, 131, 197, 146, 228
-0.998415, 281, 161, 296, 192
-0.998417, 63, 177, 78, 208
-0.99842, 49, 205, 64, 236
-0.998422, 49, 333, 176, 364
-0.998424, 9, 189, 24, 220
-0.998433, 195, 217, 210, 248
-0.998436, 17, 197, 32, 228
-0.998438, 281, 197, 344, 212
-0.99844, 141, 111, 172, 126
-0.998444, 233, 193, 296, 208
-0.998447, 325, 185, 356, 200
-0.998449, 233, 181, 248, 212
-0.99845, 179, 161, 194, 192
-0.99845, 241, 217, 256, 248
-0.998454, 441, 249, 456, 280
-0.998455, 113, 135, 176, 150
-0.998455, 185, 221, 200, 252
-0.998455, 137, 185, 152, 216
-0.998456, 339, 165, 354, 196
-0.998456, 321, 187, 384, 202
-0.998456, 51, 345, 66, 375
-0.998457, 95, 165, 110, 196
-0.998462, 65, 187, 128, 202
-0.998473, 257, 209, 320, 224
-0.998482, 281, 183, 344, 198
-0.998484, 121, 163, 152, 178
-0.998488, 281, 191, 344, 206
-0.9985, 209, 185, 272, 200
-0.998502, 129, 113, 160, 128
-0.998502, 201, 207, 264, 222
-0.998503, 137, 115, 200, 130
-0.998504, 161, 273, 288, 336
-0.998504, 89, 199, 152, 214
-0.998506, 121, 141, 184, 156
-0.998506, 113, 199, 176, 214
-0.998507, 169, 209, 232, 224
-0.998508, 401, 185, 464, 200
-0.99851, 193, 179, 256, 194
-0.998511, 105, 163, 168, 178
-0.998514, 81, 173, 144, 188
-0.998515, 241, 203, 304, 218
-0.998516, 113, 109, 176, 124
-0.998516, 41, 191, 104, 206
-0.998519, 121, 181, 184, 196
-0.99852, 49, 207, 112, 222
-0.998524, 121, 127, 184, 142
-0.998526, 321, 193, 384, 208
-0.998527, 241, 183, 304, 198
-0.998527, 209, 193, 272, 208
-0.998528, 417, 179, 480, 194
-0.998531, 281, 211, 344, 226
-0.998533, 321, 179, 384, 194
-0.998535, 321, 205, 384, 220
-0.998535, 129, 217, 192, 232
-0.998536, 417, 197, 480, 212
-0.998538, 17, 211, 80, 226
-0.998539, 73, 167, 136, 182
-0.998541, 137, 201, 200, 216
-0.998541, 89, 185, 152, 200
-0.998546, 241, 215, 304, 230
-0.998548, 65, 197, 128, 212
-0.998549, 25, 201, 88, 216
-0.998549, 281, 177, 344, 192
-0.998549, 281, 203, 344, 218
-0.99855, 377, 167, 440, 182
-0.998551, 105, 193, 168, 208
-0.998553, 201, 221, 264, 236
-0.998554, 169, 221, 232, 236
-0.998557, 353, 161, 416, 176
-0.998558, 177, 189, 240, 204
-0.998558, 33, 145, 96, 208
-0.998558, 205, 113, 236, 240
-0.99856, 417, 203, 480, 218
-0.998561, 273, 155, 336, 170
-0.998562, 145, 139, 208, 154
-0.998563, 217, 173, 280, 188
-0.998564, 241, 175, 304, 190
-0.998565, 409, 249, 472, 264
-0.998566, 249, 159, 312, 174
-0.998566, 361, 243, 424, 258
-0.998566, 345, 187, 408, 202
-0.998568, 369, 191, 432, 206
-0.998568, 177, 171, 240, 186
-0.99857, 153, 109, 216, 124
-0.99857, 113, 115, 176, 130
-0.99857, 417, 191, 480, 206
-0.998571, 177, 137, 304, 168
-0.998571, 89, 205, 152, 220
-0.998574, 153, 185, 216, 200
-0.998576, 45, 241, 76, 368
-0.998576, 57, 181, 120, 196
-0.998578, 401, 255, 464, 270
-0.998578, 9, 189, 72, 204
-0.998579, 153, 149, 216, 164
-0.998582, 321, 173, 384, 188
-0.998583, 137, 165, 200, 180
-0.998583, 25, 361, 88, 375
-0.998585, 281, 169, 344, 184
-0.998588, 13, 129, 44, 375
-0.998588, 121, 187, 184, 202
-0.99859, 89, 179, 152, 194
-0.99859, 297, 219, 360, 234
-0.998593, 425, 185, 488, 200
-0.998593, 169, 199, 232, 214
-0.998593, 377, 251, 440, 266
-0.998593, 145, 211, 208, 226
-0.998594, 89, 109, 152, 124
-0.998594, 105, 173, 168, 188
-0.998595, 129, 147, 192, 162
-0.998596, 129, 159, 192, 174
-0.998599, 153, 177, 216, 192
-0.998599, 297, 153, 360, 168
-0.9986, 377, 181, 440, 196
-0.9986, 81, 161, 144, 176
-0.9986, 433, 209, 496, 224
-0.998602, 41, 347, 104, 362
-0.998603, 17, 343, 80, 358
-0.998603, 321, 219, 384, 234
-0.998604, 1, 205, 64, 220
-0.998605, 305, 1, 432, 128
-0.998605, 97, 123, 160, 138
-0.998606, 385, 197, 448, 212
-0.998608, 177, 165, 240, 180
-0.998608, 9, 195, 72, 210
-0.998609, 313, 219, 344, 234
-0.998609, 137, 121, 200, 136
-0.998609, 177, 215, 240, 230
-0.99861, 225, 221, 288, 236
-0.99861, 321, 157, 384, 172
-0.998611, 433, 249, 496, 264
-0.998611, 161, 155, 224, 170
-0.998612, 377, 161, 440, 176
-0.998612, 113, 103, 176, 118
-0.998613, 217, 215, 280, 230
-0.998614, 169, 143, 232, 158
-0.998615, 377, 257, 440, 272
-0.998615, 409, 261, 472, 276
-0.998615, 57, 175, 120, 190
-0.998619, 425, 255, 488, 270
-0.998619, 393, 267, 456, 282
-0.998619, 433, 261, 496, 276
-0.998619, 377, 173, 440, 188
-0.99862, 241, 169, 304, 184
-0.99862, 321, 167, 384, 182
-0.99862, 81, 153, 144, 168
-0.998621, 417, 173, 480, 188
-0.998622, 217, 165, 280, 180
-0.998622, 265, 221, 328, 236
-0.998623, 129, 193, 192, 208
-0.998624, 321, 199, 384, 214
-0.998624, 209, 201, 272, 216
-0.998624, 337, 243, 400, 258
-0.998625, 109, 187, 140, 202
-0.998625, 57, 161, 120, 176
-0.998626, 137, 133, 200, 148
-0.998626, 153, 171, 216, 186
-0.998627, 1, 245, 64, 260
-0.998627, 281, 163, 344, 178
-0.998628, 329, 265, 392, 280
-0.99863, 1, 301, 128, 332
-0.99864, 73, 129, 104, 375
-0.99865, 469, 249, 500, 264
-0.998657, 241, 249, 304, 312
-0.998665, 113, 201, 144, 216
-0.998674, 145, 137, 176, 152
-0.998686, 169, 33, 200, 288
-0.99869, 353, 261, 480, 292
-0.998696, 1, 333, 128, 364
-0.998697, 293, 211, 324, 226
-0.998703, 177, 305, 240, 368
-0.998706, 463, 161, 478, 288
-0.998714, 141, 97, 156, 224
-0.998733, 1, 277, 128, 308
-0.998733, 249, 213, 280, 228
-0.998777, 181, 209, 212, 224
-0.99878, 179, 129, 194, 256
-0.998783, 49, 129, 80, 375
-0.998785, 321, 305, 384, 368
-0.998793, 187, 113, 202, 240
-0.998797, 323, 145, 338, 272
-0.998808, 289, 237, 416, 268
-0.998824, 129, 127, 160, 142
-0.998836, 205, 1, 236, 256
-0.998854, 319, 193, 334, 320
-0.998864, 61, 129, 92, 375
-0.998866, 65, 1, 192, 128
-0.998873, 97, 265, 352, 328
-0.998877, 449, 161, 464, 288
-0.998882, 337, 145, 352, 272
-0.998883, 457, 177, 472, 304
-0.998886, 433, 17, 496, 144
-0.998889, 33, 305, 288, 368
-0.998893, 377, 1, 440, 64
-0.99891, 321, 305, 448, 368
-0.998916, 293, 221, 324, 236
-0.998933, 133, 97, 148, 224
-0.998935, 369, 1, 496, 64
-0.998937, 361, 1, 424, 128
-0.998948, 249, 113, 280, 240
-0.998955, 287, 177, 302, 304
-0.998955, 301, 193, 316, 320
-0.998965, 369, 225, 496, 256
-0.998978, 405, 33, 436, 288
-0.99898, 225, 281, 352, 312
-0.998981, 1, 249, 128, 280
-0.998985, 241, 261, 368, 292
-0.999016, 95, 193, 110, 320
-0.999034, 277, 177, 292, 304
-0.999034, 127, 97, 142, 224
-0.999035, 257, 33, 288, 288
-0.999049, 147, 97, 162, 224
-0.99906, 97, 41, 160, 104
-0.999063, 121, 1, 152, 256
-0.999063, 261, 193, 292, 208
-0.999081, 25, 97, 56, 352
-0.999084, 125, 107, 156, 122
-0.999087, 305, 33, 336, 288
-0.999091, 425, 33, 456, 288
-0.999094, 195, 81, 210, 208
-0.999099, 313, 193, 328, 320
-0.999102, 329, 145, 344, 272
-0.999106, 295, 177, 310, 304
-0.999109, 341, 33, 372, 288
-0.999124, 1, 289, 128, 320
-0.999124, 335, 193, 350, 320
-0.999131, 357, 33, 388, 288
-0.999135, 225, 113, 256, 240
-0.999142, 369, 209, 496, 240
-0.999145, 49, 101, 176, 132
-0.99915, 43, 193, 58, 320
-0.999156, 105, 1, 136, 256
-0.999157, 281, 33, 312, 288
-0.999159, 307, 193, 322, 320
-0.999161, 103, 177, 118, 304
-0.999167, 173, 145, 188, 272
-0.999183, 217, 305, 280, 368
-0.999185, 65, 177, 80, 304
-0.999198, 369, 33, 400, 288
-0.999199, 269, 33, 300, 288
-0.999204, 441, 33, 472, 288
-0.999205, 325, 193, 340, 320
-0.999206, 13, 177, 28, 304
-0.999207, 1, 321, 128, 352
-0.999217, 51, 177, 66, 304
-0.999218, 1, 257, 256, 320
-0.999219, 431, 161, 446, 288
-0.999219, 135, 145, 150, 272
-0.999224, 59, 177, 74, 304
-0.999255, 393, 33, 424, 288
-0.999256, 65, 345, 192, 375
-0.999271, 423, 161, 438, 288
-0.999272, 381, 33, 412, 288
-0.999281, 113, 265, 240, 328
-0.999282, 153, 97, 168, 224
-0.999282, 113, 313, 176, 375
-0.999296, 245, 33, 276, 288
-0.999297, 321, 33, 352, 288
-0.9993, 1, 121, 500, 184
-0.999309, 21, 177, 36, 304
-0.99931, 251, 161, 266, 288
-0.999322, 257, 305, 384, 336
-0.999327, 469, 33, 500, 288
-0.999327, 167, 129, 182, 256
-0.999328, 87, 193, 102, 320
-0.999345, 469, 161, 484, 288
-0.999345, 145, 257, 272, 288
-0.999351, 269, 241, 300, 368
-0.999352, 33, 193, 48, 320
-0.999352, 209, 249, 336, 312
-0.999358, 153, 1, 184, 256
-0.999361, 7, 177, 22, 304
-0.999362, 193, 81, 320, 112
-0.999363, 73, 193, 88, 320
-0.999364, 109, 161, 124, 288
-0.999371, 293, 33, 324, 288
-0.999373, 229, 33, 260, 288
-0.999383, 161, 113, 176, 240
-0.999387, 17, 261, 144, 292
-0.999389, 89, 33, 120, 288
-0.999394, 225, 321, 352, 352
-0.999394, 37, 129, 68, 375
-0.999398, 17, 153, 144, 184
-0.999416, 317, 129, 332, 256
-0.999418, 97, 81, 224, 112
-0.999426, 457, 1, 488, 256
-0.999429, 345, 145, 360, 272
-0.999439, 221, 161, 236, 288
-0.999443, 477, 161, 492, 288
-0.999446, 85, 145, 100, 272
-0.999449, 441, 161, 456, 288
-0.999459, 267, 177, 282, 304
-0.999464, 65, 273, 192, 336
-0.999464, 133, 49, 164, 176
-0.999466, 297, 225, 360, 288
-0.999468, 1, 177, 16, 304
-0.999481, 309, 145, 324, 272
-0.999486, 69, 33, 100, 288
-0.999486, 143, 161, 158, 288
-0.999486, 215, 161, 230, 288
-0.999486, 369, 281, 496, 312
-0.999493, 177, 341, 304, 372
-0.999504, 79, 193, 94, 320
-0.999505, 305, 141, 432, 172
-0.999524, 161, 305, 288, 368
-0.999526, 217, 33, 280, 96
-0.99953, 405, 145, 420, 272
-0.99953, 121, 145, 136, 272
-0.999534, 57, 33, 88, 288
-0.999538, 217, 1, 248, 256
-0.999543, 413, 145, 428, 272
-0.999557, 89, 233, 152, 296
-0.999558, 115, 161, 130, 288
-0.999563, 289, 277, 416, 308
-0.999568, 227, 177, 242, 304
-0.999572, 201, 233, 264, 296
-0.999574, 181, 1, 212, 256
-0.999585, 245, 161, 260, 288
-0.999586, 169, 1, 232, 64
-0.999588, 353, 153, 480, 184
-0.999589, 279, 129, 294, 256
-0.999589, 27, 193, 42, 320
-0.9996, 187, 161, 202, 288
-0.999604, 229, 173, 244, 188
-0.999604, 233, 189, 248, 204
-0.999605, 311, 211, 326, 226
-0.999605, 237, 219, 252, 234
-0.999605, 371, 187, 386, 202
-0.999605, 325, 191, 340, 206
-0.999606, 133, 115, 148, 130
-0.999606, 287, 183, 302, 198
-0.999607, 453, 197, 468, 212
-0.999607, 191, 209, 206, 224
-0.999607, 139, 209, 154, 224
-0.999607, 199, 87, 214, 102
-0.999607, 155, 119, 170, 134
-0.999608, 303, 145, 318, 272
-0.999609, 43, 211, 58, 226
-0.999609, 199, 93, 214, 108
-0.99961, 143, 201, 158, 216
-0.999611, 251, 171, 266, 186
-0.999611, 209, 305, 336, 336
-0.999611, 63, 183, 78, 198
-0.999611, 485, 177, 500, 304
-0.999611, 361, 243, 376, 258
-0.999612, 213, 187, 228, 202
-0.999612, 113, 1, 176, 128
-0.999612, 189, 133, 204, 148
-0.999613, 389, 161, 404, 176
-0.999613, 53, 345, 68, 360
-0.999614, 243, 179, 258, 194
-0.999614, 245, 157, 260, 172
-0.999614, 221, 189, 236, 204
-0.999614, 105, 177, 120, 192
-0.999614, 251, 183, 266, 198
-0.999615, 129, 161, 144, 176
-0.999615, 367, 243, 382, 258
-0.999616, 327, 197, 342, 212
-0.999616, 391, 145, 406, 272
-0.999616, 133, 121, 148, 136
-0.999617, 257, 205, 272, 220
-0.999617, 245, 173, 260, 188
-0.999618, 265, 213, 280, 228
-0.999618, 187, 147, 202, 162
-0.999618, 111, 177, 126, 192
-0.999618, 475, 251, 490, 266
-0.999618, 245, 163, 260, 178
-0.999618, 243, 205, 258, 220
-0.999619, 127, 109, 142, 124
-0.999619, 253, 189, 268, 204
-0.99962, 199, 177, 214, 192
-0.99962, 299, 211, 314, 226
-0.99962, 285, 203, 300, 218
-0.999621, 167, 159, 182, 174
-0.999622, 105, 195, 120, 210
-0.999622, 341, 183, 356, 198
-0.999623, 267, 189, 282, 204
-0.999623, 119, 189, 134, 204
-0.999623, 291, 221, 306, 236
-0.999624, 187, 155, 202, 170
-0.999625, 413, 257, 428, 272
-0.999626, 185, 221, 200, 236
-0.999626, 127, 149, 142, 164
-0.999626, 211, 179, 226, 194
-0.999626, 223, 175, 238, 190
-0.999628, 177, 155, 192, 170
-0.999629, 145, 127, 160, 142
-0.999629, 451, 203, 466, 218
-0.999629, 277, 205, 292, 220
-0.99963, 97, 329, 224, 360
-0.99963, 293, 211, 308, 226
-0.999631, 1, 33, 32, 288
-0.999631, 369, 145, 384, 272
-0.999631, 105, 169, 120, 184
-0.999632, 263, 167, 278, 182
-0.999632, 49, 289, 176, 320
-0.999632, 183, 167, 198, 182
-0.999632, 399, 145, 414, 272
-0.999634, 139, 111, 154, 126
-0.999634, 123, 165, 138, 180
-0.999634, 277, 187, 292, 202
-0.999634, 127, 131, 142, 146
-0.999634, 295, 173, 310, 188
-0.999635, 145, 119, 160, 134
-0.999635, 209, 161, 224, 288
-0.999635, 309, 221, 324, 236
-0.999636, 129, 197, 144, 212
-0.999636, 57, 187, 72, 202
-0.999637, 483, 251, 498, 266
-0.999639, 459, 187, 474, 202
-0.99964, 105, 183, 120, 198
-0.99964, 485, 245, 500, 260
-0.999641, 325, 209, 340, 224
-0.999641, 19, 245, 34, 260
-0.999642, 205, 177, 220, 192
-0.999642, 287, 211, 302, 226
-0.999642, 305, 211, 320, 226
-0.999643, 317, 209, 332, 224
-0.999644, 151, 113, 166, 128
-0.999644, 453, 185, 468, 200
-0.999644, 327, 219, 342, 234
-0.999645, 133, 127, 148, 142
-0.999648, 247, 189, 262, 204
-0.999648, 5, 193, 20, 208
-0.999648, 331, 203, 346, 218
-0.999649, 153, 135, 168, 150
-0.999649, 153, 297, 216, 360
-0.999651, 335, 185, 350, 200
-0.999653, 459, 181, 474, 196
-0.999654, 423, 179, 438, 194
-0.999656, 145, 133, 160, 148
-0.999658, 459, 195, 474, 210
-0.999658, 129, 183, 144, 198
-0.999659, 115, 161, 130, 176
-0.999659, 235, 161, 250, 288
-0.99966, 181, 149, 196, 164
-0.99966, 159, 109, 174, 124
-0.99966, 241, 185, 256, 200
-0.999661, 251, 165, 266, 180
-0.999661, 169, 153, 184, 168
-0.999661, 165, 141, 180, 156
-0.999661, 187, 141, 202, 156
-0.999662, 331, 191, 346, 206
-0.999663, 457, 207, 472, 222
-0.999664, 285, 129, 300, 256
-0.999664, 123, 201, 138, 216
-0.999667, 177, 143, 192, 158
-0.999669, 177, 161, 192, 176
-0.999669, 327, 185, 342, 200
-0.99967, 243, 219, 258, 234
-0.999672, 129, 103, 144, 118
-0.999673, 479, 245, 494, 260
-0.999675, 177, 217, 192, 232
-0.999676, 65, 189, 80, 204
-0.999679, 137, 201, 152, 216
-0.999682, 415, 249, 430, 264
-0.999683, 159, 137, 174, 152
-0.999686, 113, 167, 128, 182
-0.999692, 95, 129, 110, 256
-0.999695, 185, 209, 200, 224
-0.999701, 177, 211, 192, 226
-0.999706, 129, 145, 144, 272
-0.999706, 81, 261, 208, 292
-0.999707, 145, 113, 160, 128
-0.999715, 459, 201, 474, 216
-0.999718, 133, 109, 148, 124
-0.999724, 1, 129, 32, 256
-0.999726, 381, 145, 396, 272
-0.999727, 175, 149, 190, 164
-0.999729, 253, 213, 268, 228
-0.999731, 479, 239, 494, 254
-0.999731, 45, 33, 76, 288
-0.999741, 275, 193, 290, 208
-0.999743, 291, 129, 306, 256
-0.999748, 257, 293, 384, 324
-0.99975, 25, 1, 56, 256
-0.999751, 375, 145, 390, 272
-0.999754, 359, 145, 374, 272
-0.999757, 115, 113, 130, 240
-0.999803, 79, 145, 94, 272
-0.999803, 257, 161, 272, 288
-0.999811, 65, 301, 192, 332
-0.999821, 71, 145, 86, 272
-0.999821, 297, 129, 312, 256
-0.999833, 217, 89, 280, 152
-0.999835, 439, 225, 454, 352
-0.999845, 389, 97, 420, 224
-0.999847, 209, 65, 272, 128
-0.999854, 353, 1, 480, 128
-0.999856, 193, 129, 208, 256
-0.999864, 433, 209, 448, 336
-0.999871, 203, 49, 218, 176
-0.999871, 135, 49, 150, 176
-0.999877, 149, 161, 164, 288
-0.999882, 413, 225, 428, 352
-0.999889, 65, 49, 128, 176
-0.99989, 177, 321, 304, 352
-0.999901, 101, 129, 116, 256
-0.999901, 181, 193, 196, 320
-0.999906, 13, 33, 44, 288
-0.999913, 143, 49, 158, 176
-0.999925, 425, 1, 488, 64
-0.999935, 225, 341, 352, 372
-0.999949, 157, 161, 172, 288
-0.999958, 177, 293, 304, 324
-0.999961, 129, 305, 384, 368
-0.999967, 423, 209, 438, 336
-0.999982, 1, 241, 500, 304
-0.999983, 257, 313, 500, 375
-0.999986, 17, 141, 144, 172
-0.999996, 351, 129, 366, 256
-0.999998, 97, 289, 224, 320
-0.999999, 455, 129, 470, 256
-1.00001, 181, 81, 196, 208
-1.00001, 451, 209, 466, 336
-1.00002, 305, 337, 432, 368
-1.00002, 137, 193, 152, 320
-1.00002, 1, 273, 500, 336
-1.00002, 463, 209, 478, 336
-1.00003, 161, 273, 288, 304
-1.00004, 149, 209, 180, 336
-1.00004, 341, 193, 356, 320
-1.00004, 235, 209, 250, 336
-1.00004, 219, 209, 234, 336
-1.00005, 203, 161, 218, 288
-1.00005, 209, 1, 224, 128
-1.00005, 445, 209, 460, 336
-1.00006, 369, 325, 496, 356
-1.00006, 479, 225, 494, 352
-1.00007, 225, 249, 352, 280
-1.00008, 369, 121, 496, 184
-1.00009, 273, 129, 288, 256
-1.00009, 17, 225, 32, 352
-1.00009, 11, 225, 26, 352
-1.0001, 373, 97, 388, 224
-1.00011, 193, 177, 208, 304
-1.00012, 113, 233, 176, 296
-1.00012, 187, 209, 202, 336
-1.00013, 211, 209, 226, 336
-1.00013, 23, 241, 38, 368
-1.00013, 321, 33, 384, 160
-1.00013, 113, 209, 128, 336
-1.00014, 171, 81, 186, 208
-1.00014, 257, 33, 384, 160
-1.00014, 131, 193, 146, 320
-1.00017, 121, 193, 136, 320
-1.00017, 113, 345, 240, 375
-1.00017, 29, 241, 44, 368
-1.00018, 241, 209, 256, 336
-1.00018, 49, 225, 176, 256
-1.0002, 327, 97, 342, 224
-1.0002, 405, 225, 420, 352
-1.0002, 161, 25, 288, 56
-1.0002, 1, 225, 16, 352
-1.0002, 113, 301, 240, 332
-1.00021, 263, 129, 278, 256
-1.00024, 381, 97, 396, 224
-1.00024, 161, 305, 288, 336
-1.00024, 121, 97, 136, 224
-1.00024, 457, 241, 472, 368
-1.00025, 321, 293, 448, 324
-1.00026, 49, 277, 176, 308
-1.00028, 337, 97, 368, 224
-1.00031, 409, 1, 472, 128
-1.00035, 353, 141, 480, 172
-1.00035, 193, 57, 448, 120
-1.00037, 369, 293, 496, 324
-1.00039, 145, 25, 272, 88
-1.00039, 49, 313, 176, 344
-1.0004, 305, 305, 432, 336
-1.00041, 97, 273, 224, 304
-1.00041, 113, 297, 240, 360
-1.00042, 97, 317, 224, 348
-1.00044, 369, 13, 496, 44
-1.00044, 273, 317, 400, 348
-1.00044, 97, 229, 224, 260
-1.00046, 369, 1, 496, 32
-1.00047, 161, 125, 288, 156
-1.00047, 97, 249, 224, 280
-1.00048, 193, 13, 320, 44
-1.00053, 1, 65, 256, 128
-1.00056, 257, 313, 384, 375
-1.00057, 321, 325, 448, 356
-1.00061, 49, 241, 176, 272
-1.00061, 129, 289, 192, 352
-1.00061, 41, 129, 72, 256
-1.00061, 369, 313, 496, 344
-1.00063, 369, 25, 496, 56
-1.00063, 161, 245, 288, 276
-1.00066, 1, 121, 128, 152
-1.00067, 113, 21, 240, 52
-1.00068, 113, 69, 240, 100
-1.00071, 353, 337, 480, 368
-1.00071, 97, 49, 224, 112
-1.00074, 113, 5, 240, 36
-1.0008, 257, 233, 384, 296
-1.00081, 97, 241, 352, 304
-1.00084, 33, 89, 160, 120
-1.00084, 241, 37, 368, 68
-1.00084, 257, 289, 500, 352
-1.00085, 353, 313, 416, 375
-1.00087, 321, 1, 448, 32
-1.00088, 129, 1, 256, 128
-1.00089, 389, 209, 420, 336
-1.0009, 161, 37, 288, 68
-1.00091, 129, 49, 192, 112
-1.00098, 193, 33, 224, 160
-1.001, 1, 41, 256, 104
-1.00101, 281, 241, 312, 368
-1.00103, 369, 49, 496, 176
-1.00111, 417, 97, 448, 224
-1.00124, 161, 113, 416, 176
-1.00125, 369, 313, 496, 375
-1.00135, 301, 97, 332, 224
-1.0014, 193, 1, 320, 64
-1.00146, 117, 33, 148, 160
-1.00152, 349, 81, 380, 208
-1.00154, 225, 1, 480, 64
-1.0016, 325, 97, 356, 224
-1.00162, 105, 65, 136, 192
-1.00166, 257, 33, 500, 96
-1.00169, 1, 281, 256, 344
-1.00169, 1, 17, 64, 144
-1.00176, 129, 33, 384, 96
-1.00177, 249, 209, 280, 336
-1.00178, 137, 1, 200, 128
-1.0018, 113, 225, 144, 352
-1.00186, 225, 1, 288, 128
-1.00188, 193, 89, 448, 152
-1.00193, 57, 1, 120, 128
-1.00194, 177, 49, 304, 112
-1.00196, 209, 105, 336, 168
-1.002, 65, 1, 320, 64
-1.00201, 445, 81, 476, 208
-1.00209, 361, 193, 392, 320
-1.00209, 17, 1, 144, 128
-1.00213, 377, 49, 440, 176
-1.00232, 289, 17, 352, 144
-1.00236, 1, 97, 500, 160
-1.00239, 113, 1, 240, 64
-1.00241, 257, 113, 500, 176
-1.00246, 97, 65, 352, 128
-1.00246, 1, 89, 256, 152
-1.00249, 33, 1, 96, 128
-1.00258, 321, 9, 448, 72
-1.00265, 377, 225, 408, 352
-1.00272, 305, 105, 432, 168
-1.00276, 353, 49, 416, 176
-1.00277, 257, 97, 384, 160
-1.0028, 321, 33, 448, 96
-1.00284, 225, 41, 352, 104
-1.00287, 369, 81, 496, 144
-1.00291, 89, 241, 120, 368
-1.00299, 237, 97, 268, 224
-1.00306, 241, 9, 368, 72
-1.00309, 1, 17, 500, 80
-1.00322, 65, 1, 192, 64
-1.00332, 369, 25, 496, 88
-1.00341, 241, 65, 368, 128
-1.00348, 1, 297, 500, 360
-1.00353, 205, 65, 236, 192
-1.00359, 97, 17, 352, 144
-1.00367, 361, 241, 392, 368
-1.00373, 177, 1, 208, 128
-1.0038, 41, 49, 104, 176
-1.00383, 181, 49, 212, 176
-1.00386, 289, 65, 416, 128
-1.00396, 97, 25, 224, 88
-1.00402, 329, 241, 360, 368
-1.00409, 397, 1, 428, 128
-1.00425, 273, 33, 400, 96
-1.00427, 349, 241, 380, 368
-1.00461, 1, 57, 500, 120
-1.00463, 217, 1, 248, 128
-1.00467, 321, 49, 448, 176
-1.00471, 89, 81, 120, 208
-1.00473, 1, 105, 128, 168
-1.00483, 17, 17, 144, 80
-1.00486, 313, 65, 344, 192
-1.00506, 265, 81, 296, 208
-1.0051, 369, 57, 496, 120
-1.00535, 277, 49, 308, 176
-1.0055, 33, 57, 160, 120
-1.00561, 165, 225, 196, 352
-1.00565, 165, 33, 196, 160
-1.00607, 409, 1, 440, 128
-1.00628, 469, 1, 500, 128
-1.00648, 445, 1, 476, 128
-1.00655, 457, 1, 488, 128
-1.00661, 297, 49, 328, 176
-1.00687, 385, 1, 416, 128
-1.00695, 433, 65, 464, 192
