1877
-0.546257, 1, 33, 500, 288
-0.584047, 1, 1, 500, 333
-0.669395, 33, 1, 288, 333
-0.690916, 225, 1, 480, 333
-0.731591, 129, 1, 384, 333
-0.795935, 33, 65, 288, 320
-0.809519, 225, 65, 480, 320
-0.832202, 129, 65, 384, 320
-0.917626, 49, 65, 176, 320
-0.921241, 1, 177, 500, 304
-0.924596, 33, 1, 160, 333
-0.93084, 1, 129, 500, 256
-0.933135, 97, 209, 352, 333
-0.934396, 193, 209, 448, 333
-0.937977, 113, 65, 240, 320
-0.939047, 1, 65, 128, 320
-0.940119, 113, 1, 240, 333
-0.940653, 1, 65, 500, 192
-0.942671, 65, 161, 320, 288
-0.943394, 289, 1, 416, 333
-0.944108, 193, 1, 320, 333
-0.945252, 161, 65, 288, 320
-0.949077, 1, 17, 500, 144
-0.950408, 193, 161, 448, 288
-0.950509, 273, 65, 400, 320
-0.952382, 209, 65, 336, 320
-0.952887, 137, 177, 200, 304
-0.954669, 49, 145, 176, 272
-0.956458, 1, 209, 256, 333
-0.957082, 129, 209, 256, 333
-0.957752, 361, 193, 424, 320
-0.958534, 113, 209, 176, 333
-0.958928, 65, 209, 192, 333
-0.96289, 129, 113, 384, 240
-0.963034, 161, 193, 224, 320
-0.963109, 57, 209, 120, 333
-0.964713, 321, 65, 448, 320
-0.964881, 145, 185, 208, 248
-0.965219, 369, 33, 496, 288
-0.96527, 1, 193, 128, 320
-0.966898, 241, 1, 368, 333
-0.967803, 337, 209, 464, 333
-0.968549, 1, 113, 256, 240
-0.969064, 225, 193, 288, 320
-0.96907, 81, 177, 144, 304
-0.969376, 273, 177, 400, 304
-0.96946, 89, 257, 152, 320
-0.96946, 353, 1, 480, 333
-0.969552, 1, 65, 256, 192
-0.970195, 201, 193, 264, 320
-0.970788, 113, 233, 176, 296
-0.970843, 129, 129, 192, 256
-0.970865, 129, 1, 384, 128
-0.971393, 209, 209, 336, 333
-0.971968, 113, 265, 176, 328
-0.971978, 177, 193, 240, 256
-0.972053, 137, 209, 200, 272
-0.972656, 1, 113, 64, 240
-0.973435, 241, 145, 304, 272
-0.973659, 265, 209, 328, 333
-0.974362, 193, 145, 256, 272
-0.97439, 369, 217, 432, 280
-0.974689, 33, 97, 160, 224
-0.974818, 361, 241, 424, 304
-0.975319, 113, 161, 240, 288
-0.975626, 337, 193, 400, 320
-0.975709, 65, 241, 128, 304
-0.976175, 257, 17, 500, 144
-0.97626, 265, 161, 328, 288
-0.976405, 105, 161, 168, 288
-0.976408, 241, 1, 304, 128
-0.976849, 201, 217, 264, 280
-0.976935, 129, 65, 384, 192
-0.976956, 1, 145, 128, 272
-0.977085, 121, 177, 184, 240
-0.977764, 161, 217, 224, 280
-0.978032, 113, 209, 176, 272
-0.978223, 137, 161, 168, 288
-0.978407, 65, 209, 96, 333
-0.978883, 225, 113, 480, 240
-0.978913, 9, 161, 72, 288
-0.978975, 65, 265, 192, 328
-0.979102, 241, 201, 304, 264
-0.979157, 201, 185, 264, 248
-0.97928, 33, 65, 96, 192
-0.979826, 369, 265, 432, 328
-0.980245, 273, 1, 336, 128
-0.980264, 289, 209, 352, 333
-0.980295, 265, 225, 328, 288
-0.980326, 373, 177, 404, 304
-0.980342, 161, 145, 224, 272
-0.98055, 49, 113, 112, 240
-0.980555, 369, 193, 432, 256
-0.980825, 137, 177, 168, 240
-0.980949, 313, 177, 376, 304
-0.980981, 209, 1, 272, 128
-0.981054, 125, 161, 156, 288
-0.981299, 49, 265, 112, 328
-0.981436, 385, 209, 448, 333
-0.9815, 137, 273, 200, 333
-0.981518, 209, 97, 272, 224
-0.981562, 129, 209, 160, 333
-0.981755, 165, 177, 196, 240
-0.981789, 57, 217, 120, 280
-0.981893, 65, 225, 96, 288
-0.981905, 41, 241, 104, 304
-0.981973, 373, 193, 404, 256
-0.982002, 241, 49, 304, 176
-0.982124, 265, 113, 328, 240
-0.982149, 289, 233, 352, 296
-0.982557, 169, 169, 232, 232
-0.982603, 393, 241, 456, 304
-0.982676, 145, 201, 176, 264
-0.982774, 125, 185, 156, 248
-0.982783, 141, 209, 172, 333
-0.982785, 417, 209, 448, 333
-0.982791, 209, 49, 272, 176
-0.982795, 153, 161, 184, 288
-0.982817, 401, 201, 432, 264
-0.982944, 241, 97, 304, 224
-0.983038, 233, 177, 296, 240
-0.983194, 117, 257, 148, 320
-0.983302, 49, 185, 176, 248
-0.983306, 73, 265, 104, 328
-0.983312, 49, 161, 112, 288
-0.983384, 97, 217, 224, 280
-0.983403, 129, 113, 256, 240
-0.983497, 117, 209, 148, 333
-0.98367, 217, 145, 280, 272
-0.98368, 193, 161, 256, 224
-0.983711, 185, 265, 248, 328
-0.983724, 409, 209, 472, 333
-0.983747, 185, 65, 248, 320
-0.983752, 189, 177, 220, 240
-0.983758, 17, 209, 80, 333
-0.98381, 89, 233, 152, 296
-0.983888, 81, 209, 144, 272
-0.983969, 1, 33, 64, 160
-0.984101, 177, 225, 304, 288
-0.984141, 173, 161, 204, 288
-0.984177, 177, 169, 208, 232
-0.984204, 105, 113, 168, 240
-0.984233, 241, 225, 304, 288
-0.984246, 225, 65, 480, 192
-0.984525, 369, 233, 400, 296
-0.98453, 265, 185, 328, 248
-0.98455, 53, 209, 84, 333
-0.984645, 1, 49, 128, 176
-0.984704, 129, 81, 192, 208
-0.984762, 133, 273, 164, 333
-0.98478, 397, 225, 428, 288
-0.984827, 1, 113, 64, 176
-0.984861, 129, 65, 192, 320
-0.984876, 189, 177, 220, 304
-0.984878, 177, 193, 208, 256
-0.984878, 189, 201, 220, 264
-0.98489, 329, 241, 392, 304
-0.984943, 169, 97, 232, 224
-0.984948, 241, 65, 304, 320
-0.985066, 145, 161, 208, 224
-0.985247, 97, 177, 160, 240
-0.985262, 241, 153, 304, 216
-0.985271, 209, 161, 336, 288
-0.985281, 289, 249, 416, 312
-0.985458, 209, 65, 272, 320
-0.985461, 157, 201, 188, 264
-0.985493, 265, 65, 328, 192
-0.985617, 33, 225, 160, 288
-0.985723, 201, 177, 232, 240
-0.985765, 153, 177, 184, 240
-0.985792, 401, 249, 432, 312
-0.986008, 133, 217, 164, 280
-0.986021, 25, 113, 88, 240
-0.986042, 137, 249, 200, 312
-0.986059, 97, 241, 128, 304
-0.986095, 241, 17, 304, 80
-0.98613, 17, 257, 144, 320
-0.986231, 369, 145, 432, 272
-0.98624, 393, 201, 456, 264
-0.986272, 129, 273, 256, 333
-0.986335, 81, 113, 144, 240
-0.986357, 49, 153, 176, 216
-0.986416, 53, 241, 84, 304
-0.986632, 293, 233, 324, 296
-0.986682, 149, 273, 180, 333
-0.986699, 337, 233, 464, 296
-0.986746, 413, 201, 444, 264
-0.986812, 137, 153, 168, 216
-0.986875, 225, 49, 288, 112
-0.986898, 265, 33, 328, 288
-0.986945, 209, 113, 272, 176
-0.986957, 241, 129, 304, 192
-0.986974, 117, 161, 148, 224
-0.987063, 145, 201, 272, 264
-0.987078, 121, 153, 184, 216
-0.987102, 65, 161, 96, 288
-0.987145, 385, 249, 416, 312
-0.987221, 185, 33, 248, 160
-0.987249, 161, 249, 224, 312
-0.987334, 225, 73, 288, 136
-0.987338, 345, 217, 408, 280
-0.987373, 385, 201, 416, 264
-0.987408, 25, 121, 56, 184
-0.987447, 145, 193, 208, 224
-0.987468, 9, 65, 72, 320
-0.987469, 161, 273, 224, 333
-0.9875, 465, 73, 496, 136
-0.987513, 269, 225, 300, 288
-0.987519, 209, 217, 240, 280
-0.987577, 61, 201, 92, 264
-0.987581, 337, 209, 464, 272
-0.987626, 281, 225, 312, 288
-0.987728, 257, 225, 384, 288
-0.987796, 17, 129, 144, 192
-0.987818, 397, 193, 428, 320
-0.987911, 81, 33, 144, 288
-0.987919, 121, 225, 152, 288
-0.987967, 49, 65, 112, 320
-0.987988, 305, 233, 336, 296
-0.988104, 265, 161, 328, 224
-0.988136, 101, 209, 132, 333
-0.988157, 417, 233, 448, 296
-0.988157, 273, 17, 336, 80
-0.988307, 57, 265, 88, 328
-0.988324, 41, 113, 104, 176
-0.988368, 89, 217, 120, 280
-0.988369, 425, 209, 456, 272
-0.98837, 81, 241, 208, 304
-0.988387, 181, 145, 212, 208
-0.988408, 345, 265, 408, 328
-0.988479, 165, 273, 196, 333
-0.988481, 357, 225, 388, 288
-0.988481, 85, 273, 116, 333
-0.988514, 33, 209, 96, 272
-0.988532, 77, 225, 108, 288
-0.988568, 193, 137, 256, 200
-0.988577, 405, 273, 436, 333
-0.988604, 369, 17, 496, 144
-0.988606, 49, 169, 112, 232
-0.98862, 161, 161, 288, 288
-0.988626, 149, 153, 180, 216
-0.988657, 177, 217, 208, 280
-0.988676, 41, 137, 104, 200
-0.988689, 353, 249, 384, 312
-0.98878, 197, 225, 228, 288
-0.988807, 97, 265, 128, 328
-0.988845, 269, 209, 300, 333
-0.988862, 381, 225, 412, 288
-0.988987, 81, 65, 144, 192
-0.988995, 461, 49, 492, 112
-0.989046, 249, 217, 280, 280
-0.989049, 385, 193, 416, 320
-0.989051, 249, 41, 312, 104
-0.989088, 233, 129, 264, 192
-0.989132, 33, 113, 64, 240
-0.989139, 221, 105, 252, 168
-0.989227, 321, 161, 448, 288
-0.989254, 221, 217, 252, 280
-0.989262, 45, 145, 76, 272
-0.989266, 161, 65, 224, 320
-0.989276, 105, 65, 168, 320
-0.989289, 433, 1, 496, 128
-0.989309, 241, 105, 304, 168
-0.989309, 461, 17, 492, 80
-0.989321, 365, 257, 396, 320
-0.989333, 237, 209, 268, 272
-0.989361, 137, 205, 200, 236
-0.989365, 273, 129, 400, 256
-0.989369, 17, 257, 80, 320
-0.989447, 317, 249, 348, 312
-0.989453, 297, 209, 328, 272
-0.989459, 109, 233, 140, 296
-0.98951, 81, 97, 208, 224
-0.989523, 281, 201, 312, 264
-0.989548, 169, 249, 200, 312
-0.98956, 129, 181, 192, 212
-0.989563, 393, 273, 456, 333
-0.989607, 361, 193, 392, 256
-0.98961, 141, 113, 172, 240
-0.989614, 273, 201, 400, 264
-0.989685, 241, 1, 304, 333
-0.989709, 209, 209, 240, 333
-0.98972, 265, 113, 296, 176
-0.98972, 233, 153, 264, 216
-0.989773, 285, 89, 316, 152
-0.989775, 225, 185, 256, 248
-0.98982, 141, 249, 172, 312
-0.989838, 85, 209, 116, 333
-0.989901, 253, 137, 284, 200
-0.98993, 9, 177, 72, 240
-0.98995, 221, 129, 252, 192
-0.989981, 157, 233, 188, 296
-0.989996, 9, 113, 40, 176
-0.990029, 297, 257, 360, 320
-0.990056, 265, 137, 296, 200
-0.990097, 285, 113, 316, 176
-0.990097, 265, 193, 296, 256
-0.990113, 221, 81, 252, 144
-0.990134, 161, 137, 192, 200
-0.990149, 37, 169, 68, 232
-0.990166, 265, 137, 328, 200
-0.990168, 85, 249, 116, 312
-0.990251, 45, 113, 76, 176
-0.990337, 181, 273, 212, 333
-0.99035, 129, 113, 192, 176
-0.990375, 237, 185, 268, 248
-0.990395, 229, 273, 260, 333
-0.990405, 329, 249, 360, 312
-0.990413, 201, 161, 232, 288
-0.990426, 357, 169, 388, 232
-0.990437, 117, 137, 148, 200
-0.990448, 65, 177, 96, 240
-0.990453, 285, 137, 316, 200
-0.990463, 233, 105, 264, 168
-0.990475, 205, 153, 236, 216
-0.990485, 97, 153, 160, 216
-0.990518, 265, 1, 328, 333
-0.990552, 105, 201, 136, 264
-0.990562, 285, 17, 316, 80
-0.990602, 201, 1, 264, 333
-0.990604, 285, 57, 316, 120
-0.990612, 113, 273, 176, 304
-0.990626, 389, 273, 420, 333
-0.990645, 209, 65, 240, 128
-0.990649, 45, 193, 76, 256
-0.990661, 209, 25, 272, 88
-0.990664, 97, 169, 224, 232
-0.990715, 113, 49, 240, 176
-0.990716, 417, 257, 448, 320
-0.990781, 241, 193, 272, 320
-0.99079, 65, 17, 192, 144
-0.990799, 1, 81, 64, 144
-0.990808, 381, 169, 412, 232
-0.990816, 265, 89, 296, 152
-0.990819, 161, 217, 224, 248
-0.990876, 57, 153, 88, 216
-0.990884, 1, 17, 256, 144
-0.99091, 145, 225, 176, 288
-0.990932, 161, 49, 224, 176
-0.990941, 209, 89, 240, 152
-0.990946, 73, 285, 136, 316
-0.990973, 465, 97, 496, 160
-0.990978, 253, 161, 284, 224
-0.990999, 41, 241, 72, 304
-0.99101, 253, 113, 284, 176
-0.991016, 97, 293, 160, 324
-0.991017, 253, 185, 284, 248
-0.991061, 49, 217, 80, 280
-0.991079, 225, 161, 256, 288
-0.9911, 285, 177, 316, 240
-0.991106, 185, 49, 248, 112
-0.991136, 265, 161, 296, 224
-0.991152, 321, 129, 384, 256
-0.99118, 281, 41, 344, 104
-0.99122, 1, 193, 128, 256
-0.991245, 221, 57, 252, 120
-0.991245, 129, 129, 160, 192
-0.991276, 213, 193, 244, 256
-0.991328, 221, 153, 252, 216
-0.991331, 217, 273, 248, 333
-0.991357, 21, 97, 52, 160
-0.991364, 249, 73, 312, 136
-0.99139, 321, 209, 384, 272
-0.991396, 181, 249, 212, 312
-0.991421, 405, 177, 436, 240
-0.991426, 85, 193, 116, 256
-0.991446, 193, 241, 256, 304
-0.99147, 29, 145, 60, 208
-0.991494, 193, 89, 256, 152
-0.991498, 233, 81, 264, 144
-0.991528, 321, 65, 384, 320
-0.991533, 265, 113, 328, 176
-0.991551, 297, 209, 328, 333
-0.991599, 161, 1, 224, 333
-0.991619, 369, 217, 432, 248
-0.991655, 153, 181, 216, 212
-0.991697, 141, 113, 172, 176
-0.9917, 161, 113, 192, 176
-0.9917, 41, 1, 104, 333
-0.991716, 353, 245, 416, 276
-0.991752, 453, 73, 484, 136
-0.991763, 169, 81, 232, 144
-0.991784, 1, 89, 32, 152
-0.991819, 289, 161, 352, 288
-0.991894, 89, 261, 152, 292
-0.991948, 33, 89, 96, 152
-0.992005, 177, 201, 240, 232
-0.992021, 281, 65, 344, 128
-0.992021, 1, 137, 64, 200
-0.992038, 345, 185, 408, 248
-0.992052, 337, 265, 464, 328
-0.992056, 113, 261, 176, 292
-0.992097, 129, 249, 256, 312
-0.992208, 465, 1, 496, 128
-0.992221, 137, 181, 168, 212
-0.992235, 33, 185, 288, 248
-0.99224, 433, 81, 496, 208
-0.99231, 9, 1, 72, 333
-0.992321, 129, 217, 384, 280
-0.992339, 89, 273, 152, 304
-0.992344, 369, 65, 496, 192
-0.992359, 361, 193, 424, 224
-0.992421, 281, 209, 312, 333
-0.992421, 361, 209, 392, 333
-0.992446, 377, 205, 440, 236
-0.992465, 157, 177, 188, 208
-0.992472, 237, 145, 268, 272
-0.992511, 137, 225, 200, 256
-0.992632, 433, 89, 496, 152
-0.992634, 145, 177, 272, 240
-0.992646, 73, 297, 136, 328
-0.992717, 273, 161, 304, 288
-0.992717, 113, 229, 176, 260
-0.992731, 33, 225, 288, 288
-0.992788, 153, 137, 216, 200
-0.992801, 289, 1, 352, 256
-0.992846, 169, 177, 200, 208
-0.992854, 169, 105, 232, 168
-0.992895, 177, 209, 208, 333
-0.9929, 185, 25, 248, 88
-0.992946, 129, 89, 192, 152
-0.992988, 17, 97, 144, 160
-0.993019, 201, 225, 264, 256
-0.993059, 105, 129, 168, 192
-0.993064, 129, 1, 192, 333
-0.993074, 393, 197, 424, 228
-0.993095, 225, 217, 288, 248
-0.99312, 209, 1, 272, 64
-0.993129, 253, 129, 284, 256
-0.993141, 129, 297, 192, 328
-0.993146, 369, 161, 496, 288
-0.993147, 73, 245, 136, 276
-0.99315, 213, 129, 244, 256
-0.993164, 145, 205, 176, 236
-0.993165, 113, 209, 176, 240
-0.993173, 117, 261, 148, 292
-0.993176, 165, 113, 196, 240
-0.993195, 97, 145, 224, 208
-0.993198, 125, 181, 156, 212
-0.993198, 177, 189, 208, 220
-0.993228, 65, 121, 128, 184
-0.993229, 129, 185, 384, 248
-0.993235, 369, 257, 432, 288
-0.993255, 129, 169, 192, 200
-0.993283, 185, 129, 216, 256
-0.993285, 1, 161, 128, 224
-0.99331, 117, 285, 148, 316
-0.993312, 221, 209, 252, 333
-0.993327, 265, 249, 328, 312
-0.993329, 137, 193, 168, 224
-0.99333, 373, 193, 404, 224
-0.993334, 153, 209, 184, 333
-0.993349, 117, 273, 148, 304
-0.993372, 105, 185, 168, 216
-0.993387, 137, 269, 168, 300
-0.993407, 409, 205, 440, 236
-0.993409, 373, 205, 404, 236
-0.993413, 185, 177, 216, 208
-0.993418, 177, 177, 240, 208
-0.993426, 281, 89, 344, 152
-0.993467, 141, 221, 172, 252
-0.993469, 165, 189, 196, 220
-0.993485, 129, 297, 160, 328
-0.993499, 149, 189, 180, 220
-0.993509, 49, 277, 112, 308
-0.993546, 329, 253, 392, 284
-0.993552, 193, 217, 224, 248
-0.993553, 105, 1, 168, 333
-0.993569, 397, 213, 428, 244
-0.993572, 97, 297, 128, 328
-0.993578, 297, 209, 360, 272
-0.993613, 469, 49, 500, 176
-0.993626, 65, 229, 96, 260
-0.993668, 73, 1, 136, 333
-0.993683, 189, 205, 220, 236
-0.993687, 193, 113, 320, 240
-0.993711, 397, 241, 428, 272
-0.99372, 409, 17, 472, 144
-0.993747, 201, 209, 264, 240
-0.993749, 125, 193, 156, 224
-0.993753, 177, 189, 240, 220
-0.993757, 117, 169, 148, 200
-0.993761, 153, 113, 184, 240
-0.993769, 417, 209, 480, 272
-0.993774, 369, 169, 432, 232
-0.99379, 369, 65, 432, 320
-0.993797, 401, 229, 432, 260
-0.993801, 433, 1, 496, 64
-0.993802, 185, 273, 248, 304
-0.993817, 85, 301, 116, 332
-0.993821, 393, 261, 424, 292
-0.993826, 137, 169, 168, 200
-0.993854, 401, 145, 432, 272
-0.993856, 129, 221, 160, 252
-0.993868, 241, 257, 304, 320
-0.993899, 113, 161, 144, 288
-0.993921, 137, 265, 200, 296
-0.993927, 409, 217, 440, 248
-0.99393, 77, 289, 108, 320
-0.993931, 177, 201, 208, 232
-0.993939, 97, 285, 128, 316
-0.993941, 97, 193, 224, 256
-0.993943, 289, 177, 416, 240
-0.993946, 181, 217, 212, 248
-0.993954, 133, 281, 164, 312
-0.993964, 49, 249, 80, 280
-0.993967, 189, 193, 220, 224
-0.993984, 209, 221, 240, 252
-0.993989, 217, 153, 280, 216
-0.99399, 221, 81, 252, 208
-0.994027, 125, 209, 156, 240
-0.994033, 165, 201, 196, 232
-0.994035, 425, 65, 488, 128
-0.994042, 201, 205, 232, 236
-0.994082, 225, 205, 288, 236
-0.994092, 73, 269, 104, 300
-0.99413, 385, 241, 448, 272
-0.994147, 365, 249, 396, 280
-0.994157, 149, 285, 180, 316
-0.994158, 369, 229, 400, 260
-0.994159, 85, 229, 116, 260
-0.994162, 465, 93, 496, 124
-0.994167, 461, 73, 492, 104
-0.994168, 225, 281, 256, 312
-0.994191, 369, 273, 432, 304
-0.994199, 225, 193, 288, 224
-0.994204, 97, 273, 128, 304
-0.994205, 289, 1, 352, 333
-0.994213, 165, 301, 196, 332
-0.994216, 117, 301, 148, 332
-0.994235, 281, 229, 312, 260
-0.994242, 313, 169, 376, 232
-0.99425, 97, 197, 160, 228
-0.99425, 141, 297, 172, 328
-0.99427, 93, 241, 124, 272
-0.99427, 269, 225, 300, 256
-0.994272, 433, 1, 496, 256
-0.994276, 113, 1, 176, 128
-0.994285, 361, 193, 392, 224
-0.994293, 61, 217, 92, 248
-0.994298, 421, 205, 452, 236
-0.9943, 153, 217, 184, 248
-0.994313, 69, 301, 100, 332
-0.994316, 385, 249, 416, 280
-0.994324, 201, 193, 232, 224
-0.994326, 405, 257, 436, 288
-0.994335, 49, 297, 112, 328
-0.994336, 137, 233, 168, 264
-0.99434, 157, 165, 188, 196
-0.994345, 297, 17, 360, 144
-0.994354, 177, 165, 208, 196
-0.994354, 197, 177, 228, 208
-0.994357, 97, 121, 224, 184
-0.99436, 25, 125, 56, 156
-0.994363, 9, 233, 72, 296
-0.994365, 49, 257, 112, 288
-0.994375, 369, 217, 400, 248
-0.99438, 353, 249, 384, 280
-0.994383, 85, 217, 116, 248
-0.994387, 149, 269, 180, 300
-0.994394, 225, 293, 256, 324
-0.994396, 325, 253, 356, 284
-0.994402, 33, 17, 96, 144
-0.99441, 397, 273, 428, 304
-0.994428, 461, 61, 492, 92
-0.994436, 301, 237, 332, 268
-0.99444, 381, 217, 412, 248
-0.994451, 369, 49, 496, 112
-0.994454, 409, 193, 440, 224
-0.994457, 57, 193, 120, 256
-0.99446, 221, 105, 252, 136
-0.994472, 137, 257, 168, 288
-0.994475, 169, 213, 200, 244
-0.994477, 233, 221, 264, 252
-0.994481, 221, 221, 252, 252
-0.994484, 221, 129, 252, 160
-0.994488, 65, 201, 96, 232
-0.994497, 313, 1, 376, 333
-0.994501, 137, 285, 200, 316
-0.994501, 73, 257, 104, 288
-0.994503, 233, 149, 264, 180
-0.994507, 201, 197, 264, 228
-0.994508, 233, 137, 264, 168
-0.994524, 461, 45, 492, 76
-0.994526, 209, 65, 336, 192
-0.994527, 265, 213, 328, 244
-0.994531, 221, 117, 252, 148
-0.994535, 13, 117, 44, 148
-0.994536, 97, 257, 128, 288
-0.99454, 265, 125, 296, 156
-0.99454, 281, 257, 312, 288
-0.994543, 461, 1, 492, 32
-0.994544, 161, 269, 192, 300
-0.994545, 53, 261, 84, 292
-0.994549, 65, 97, 128, 160
-0.994553, 233, 161, 264, 192
-0.994559, 113, 1, 240, 128
-0.994561, 151, 201, 166, 264
-0.994573, 409, 241, 440, 272
-0.994582, 265, 145, 296, 176
-0.994585, 399, 241, 414, 304
-0.994588, 461, 17, 492, 48
-0.99459, 221, 93, 252, 124
-0.99459, 139, 193, 154, 256
-0.994591, 161, 229, 192, 260
-0.994595, 117, 157, 148, 188
-0.994596, 149, 233, 180, 264
-0.994599, 69, 245, 100, 276
-0.994608, 213, 209, 244, 240
-0.994612, 381, 181, 412, 212
-0.994612, 253, 145, 284, 176
-0.994629, 253, 157, 284, 188
-0.99463, 233, 125, 264, 156
-0.994632, 237, 277, 268, 308
-0.994633, 353, 213, 384, 244
-0.994634, 53, 229, 84, 260
-0.994636, 285, 113, 316, 144
-0.99464, 313, 257, 344, 288
-0.994641, 265, 113, 296, 144
-0.994645, 461, 33, 492, 64
-0.994649, 109, 233, 140, 264
-0.994652, 199, 169, 214, 232
-0.994654, 113, 185, 144, 216
-0.994661, 421, 217, 452, 248
-0.994667, 401, 301, 432, 332
-0.99467, 265, 157, 296, 188
-0.994678, 281, 217, 312, 248
-0.994691, 105, 49, 168, 176
-0.994758, 121, 113, 152, 240
-0.99478, 241, 173, 304, 204
-0.994795, 345, 265, 408, 296
-0.994822, 41, 57, 104, 120
-0.994824, 97, 249, 160, 280
-0.994827, 329, 241, 392, 272
-0.994831, 145, 201, 160, 264
-0.994843, 353, 205, 416, 236
-0.994846, 105, 105, 168, 168
-0.994879, 153, 1, 216, 128
-0.994885, 377, 185, 392, 248
-0.994911, 21, 97, 52, 224
-0.994913, 361, 229, 424, 260
-0.994915, 379, 233, 394, 296
-0.994935, 281, 237, 344, 268
-0.994937, 241, 161, 304, 192
-0.99494, 373, 225, 388, 288
-0.994988, 1, 117, 64, 148
-0.995004, 265, 225, 328, 256
-0.995005, 41, 241, 104, 272
-0.995005, 201, 185, 264, 216
-0.995021, 345, 129, 408, 256
-0.995058, 285, 17, 316, 144
-0.995083, 253, 177, 284, 304
-0.995091, 49, 229, 112, 260
-0.995109, 285, 81, 316, 208
-0.995118, 405, 233, 420, 296
-0.99514, 45, 81, 76, 208
-0.995145, 285, 129, 316, 256
-0.995155, 165, 177, 180, 240
-0.995198, 265, 193, 328, 224
-0.995208, 9, 113, 40, 240
-0.995225, 171, 177, 186, 240
-0.99523, 405, 209, 420, 272
-0.995294, 161, 269, 224, 300
-0.995307, 225, 85, 288, 116
-0.995316, 241, 1, 368, 128
-0.995332, 225, 125, 288, 156
-0.995336, 241, 149, 304, 180
-0.995337, 225, 73, 288, 104
-0.995337, 413, 241, 428, 304
-0.995358, 321, 265, 384, 328
-0.99538, 305, 253, 368, 284
-0.995409, 193, 1, 320, 128
-0.995426, 25, 293, 88, 324
-0.995444, 81, 217, 144, 248
-0.995453, 141, 169, 156, 232
-0.995489, 225, 105, 288, 136
-0.995491, 209, 137, 272, 168
-0.995491, 401, 225, 464, 256
-0.995495, 395, 209, 410, 272
-0.99551, 265, 181, 328, 212
-0.99551, 65, 265, 192, 296
-0.995518, 241, 33, 304, 64
-0.995537, 225, 49, 288, 80
-0.995569, 281, 249, 344, 280
-0.99559, 177, 285, 240, 316
-0.995591, 401, 209, 464, 240
-0.995618, 155, 177, 170, 240
-0.995635, 147, 177, 162, 240
-0.995647, 241, 137, 304, 168
-0.995689, 241, 21, 304, 52
-0.995695, 369, 73, 496, 136
-0.995695, 193, 201, 320, 264
-0.995696, 153, 169, 216, 200
-0.995708, 225, 61, 288, 92
-0.995712, 105, 173, 168, 204
-0.995722, 265, 169, 328, 200
-0.995727, 201, 193, 216, 256
-0.995768, 33, 129, 96, 160
-0.9958, 1, 161, 256, 224
-0.995812, 249, 49, 312, 80
-0.995819, 225, 281, 288, 312
-0.99588, 189, 201, 204, 264
-0.995888, 209, 81, 240, 208
-0.99589, 161, 257, 224, 288
-0.995895, 209, 149, 272, 180
-0.995899, 337, 193, 400, 224
-0.995915, 49, 185, 176, 216
-0.99593, 25, 109, 88, 140
-0.995934, 41, 157, 104, 188
-0.995954, 225, 217, 480, 280
-0.995955, 233, 81, 264, 208
-0.995958, 383, 209, 398, 272
-0.995971, 193, 249, 448, 312
-0.995973, 209, 173, 272, 204
-0.995975, 369, 301, 432, 332
-0.995979, 163, 201, 178, 264
-0.995981, 265, 81, 296, 208
-0.995982, 433, 1, 496, 333
-0.996006, 195, 193, 210, 256
-0.996015, 425, 33, 488, 96
-0.996017, 83, 225, 98, 288
-0.99604, 209, 161, 272, 192
-0.99607, 177, 177, 192, 240
-0.996076, 157, 201, 172, 264
-0.996091, 41, 213, 104, 244
-0.996102, 129, 161, 384, 224
-0.996118, 49, 209, 176, 240
-0.996129, 385, 193, 448, 224
-0.996142, 133, 273, 148, 333
-0.996149, 205, 169, 220, 232
-0.996179, 265, 149, 328, 180
-0.996184, 139, 217, 154, 280
-0.99619, 393, 261, 456, 292
-0.996212, 81, 293, 208, 324
-0.996215, 353, 1, 416, 333
-0.996222, 41, 141, 104, 172
-0.996252, 249, 61, 312, 92
-0.996262, 225, 257, 352, 320
-0.996273, 33, 273, 288, 333
-0.996281, 385, 233, 400, 296
-0.996285, 177, 229, 240, 260
-0.996331, 297, 161, 328, 288
-0.996342, 49, 189, 112, 220
-0.996344, 81, 229, 144, 260
-0.996347, 81, 177, 144, 208
-0.99635, 149, 225, 164, 288
-0.996351, 145, 65, 208, 128
-0.99637, 391, 233, 406, 296
-0.996372, 91, 273, 106, 333
-0.996377, 145, 221, 272, 252
-0.996379, 289, 185, 352, 248
-0.996384, 273, 29, 336, 60
-0.99641, 295, 225, 310, 288
-0.996441, 281, 45, 344, 76
-0.996458, 169, 97, 232, 128
-0.996463, 265, 137, 328, 168
-0.996474, 169, 85, 232, 116
-0.996513, 241, 249, 304, 280
-0.996517, 419, 209, 434, 272
-0.996522, 57, 201, 120, 232
-0.996555, 413, 201, 428, 264
-0.996557, 49, 177, 112, 208
-0.996559, 241, 9, 304, 40
-0.996562, 185, 73, 248, 104
-0.996562, 129, 121, 192, 152
-0.996573, 185, 61, 248, 92
-0.996579, 1, 93, 64, 124
-0.996598, 371, 249, 386, 312
-0.996598, 407, 257, 422, 320
-0.996622, 283, 217, 298, 280
-0.996626, 89, 161, 152, 192
-0.996637, 207, 193, 222, 256
-0.996649, 9, 177, 72, 208
-0.996651, 305, 233, 320, 296
-0.996651, 1, 145, 64, 176
-0.996654, 217, 301, 280, 332
-0.996657, 265, 73, 328, 104
-0.996662, 97, 229, 224, 260
-0.996669, 187, 177, 202, 240
-0.996681, 273, 17, 336, 48
-0.996695, 209, 37, 272, 68
-0.9967, 169, 109, 232, 140
-0.996726, 273, 261, 336, 292
-0.996729, 241, 201, 256, 264
-0.996743, 185, 261, 248, 292
-0.996748, 193, 301, 256, 332
-0.996756, 65, 217, 80, 280
-0.99676, 193, 109, 256, 140
-0.996763, 1, 233, 500, 296
-0.996773, 33, 281, 160, 312
-0.996774, 393, 301, 456, 332
-0.996775, 131, 193, 146, 256
-0.996777, 357, 161, 388, 288
-0.996777, 143, 273, 158, 333
-0.996778, 185, 1, 248, 64
-0.996781, 17, 209, 80, 240
-0.996787, 25, 281, 88, 312
-0.996819, 1, 73, 128, 136
-0.996823, 409, 1, 472, 256
-0.996825, 33, 169, 160, 200
-0.996842, 155, 225, 170, 288
-0.996857, 383, 185, 398, 248
-0.996857, 1, 57, 64, 120
-0.996892, 193, 225, 320, 256
-0.996925, 169, 201, 184, 264
-0.996942, 45, 137, 60, 200
-0.996945, 175, 201, 190, 264
-0.996946, 229, 185, 244, 248
-0.996957, 89, 1, 152, 128
-0.996957, 17, 145, 144, 176
-0.99697, 337, 217, 464, 248
-0.996976, 145, 189, 272, 220
-0.996983, 283, 193, 298, 256
-0.996985, 55, 241, 70, 304
-0.99699, 73, 145, 136, 208
-0.996993, 17, 249, 144, 280
-0.997008, 225, 295, 256, 310
-0.997011, 461, 61, 492, 76
-0.997014, 153, 273, 184, 288
-0.997014, 123, 257, 138, 320
-0.997016, 229, 281, 260, 296
-0.997022, 233, 149, 264, 164
-0.997026, 49, 267, 80, 282
-0.997043, 73, 263, 104, 278
-0.997043, 65, 217, 96, 232
-0.997048, 49, 251, 80, 266
-0.997049, 361, 205, 392, 220
-0.99706, 253, 81, 284, 208
-0.99706, 175, 153, 190, 216
-0.997061, 61, 223, 92, 238
-0.997063, 77, 295, 108, 310
-0.997075, 161, 171, 192, 186
-0.997078, 345, 33, 408, 288
-0.99708, 401, 249, 432, 264
-0.997083, 13, 119, 44, 134
-0.99709, 169, 311, 200, 326
-0.997092, 337, 185, 464, 248
-0.997092, 217, 249, 280, 312
-0.997097, 153, 229, 184, 244
-0.997098, 397, 223, 428, 238
-0.997104, 269, 227, 300, 242
-0.997105, 1, 137, 256, 200
-0.997108, 297, 113, 360, 240
-0.99711, 125, 205, 156, 220
-0.997116, 135, 169, 150, 232
-0.997124, 297, 193, 312, 256
-0.997129, 289, 261, 416, 292
-0.99713, 209, 221, 240, 236
-0.997133, 161, 317, 192, 332
-0.997142, 141, 235, 172, 250
-0.997142, 125, 213, 156, 228
-0.997143, 401, 259, 432, 274
-0.997147, 177, 207, 208, 222
-0.997156, 181, 169, 212, 184
-0.997156, 461, 69, 492, 84
-0.997159, 365, 255, 396, 270
-0.997161, 193, 189, 224, 204
-0.997168, 165, 227, 196, 242
-0.997173, 201, 213, 232, 228
-0.997175, 203, 217, 218, 280
-0.997186, 1, 209, 500, 272
-0.997191, 113, 249, 128, 312
-0.9972, 129, 233, 160, 248
-0.997203, 221, 225, 252, 240
-0.997204, 85, 233, 116, 248
-0.997208, 101, 317, 132, 332
-0.997208, 397, 279, 428, 294
-0.997208, 377, 189, 408, 204
-0.99721, 361, 193, 392, 208
-0.997214, 307, 209, 322, 272
-0.997221, 337, 113, 464, 240
-0.997221, 33, 197, 160, 228
-0.997222, 85, 161, 116, 288
-0.997222, 89, 247, 120, 262
-0.997224, 157, 207, 188, 222
-0.997231, 121, 219, 152, 234
-0.997231, 133, 315, 164, 330
-0.997236, 225, 287, 256, 302
-0.997236, 33, 221, 160, 252
-0.997236, 113, 209, 240, 240
-0.997246, 117, 311, 148, 326
-0.99725, 401, 265, 416, 328
-0.997251, 65, 253, 192, 284
-0.997253, 153, 189, 168, 220
-0.997254, 205, 227, 236, 242
-0.99726, 125, 199, 156, 214
-0.997262, 141, 287, 172, 302
-0.997269, 97, 277, 128, 292
-0.99727, 345, 261, 376, 276
-0.997276, 165, 201, 196, 216
-0.997284, 77, 269, 108, 284
-0.9973, 193, 225, 224, 240
-0.997304, 193, 169, 320, 232
-0.997305, 367, 225, 382, 288
-0.997307, 73, 303, 104, 318
-0.997308, 285, 259, 316, 274
-0.997309, 189, 203, 220, 218
-0.997313, 85, 301, 116, 316
-0.997321, 129, 227, 160, 242
-0.997328, 317, 259, 348, 274
-0.997329, 89, 241, 120, 256
-0.997331, 289, 213, 416, 244
-0.997332, 397, 265, 428, 280
-0.997337, 17, 129, 144, 160
-0.99735, 371, 193, 386, 256
-0.997363, 129, 273, 256, 304
-0.997364, 117, 261, 148, 276
-0.99737, 117, 173, 148, 188
-0.997375, 1, 273, 500, 333
-0.997387, 165, 153, 180, 216
-0.997393, 155, 273, 170, 333
-0.997396, 85, 313, 116, 328
-0.997398, 175, 185, 190, 216
-0.9974, 181, 221, 212, 236
-0.997402, 117, 305, 148, 320
-0.997405, 369, 1, 496, 64
-0.997408, 255, 201, 270, 264
-0.997411, 189, 197, 220, 212
-0.997418, 177, 249, 304, 312
-0.997429, 121, 233, 136, 296
-0.997438, 189, 209, 220, 224
-0.997442, 129, 285, 256, 316
-0.997446, 163, 189, 178, 220
-0.997447, 147, 201, 162, 232
-0.997448, 211, 217, 226, 280
-0.99745, 117, 299, 148, 314
-0.997458, 115, 225, 130, 288
-0.997461, 233, 209, 248, 272
-0.997462, 289, 225, 304, 288
-0.997476, 59, 209, 74, 272
-0.997482, 329, 257, 360, 272
-0.997489, 133, 309, 164, 324
-0.997489, 405, 229, 436, 244
-0.997497, 393, 205, 424, 220
-0.997497, 149, 317, 180, 332
-0.997498, 177, 273, 304, 333
-0.997503, 77, 289, 108, 304
-0.997506, 139, 181, 154, 212
-0.997506, 425, 201, 440, 264
-0.997512, 141, 265, 172, 280
-0.997514, 413, 265, 428, 328
-0.997519, 97, 283, 128, 298
-0.997534, 313, 129, 376, 192
-0.997536, 401, 243, 432, 258
-0.997543, 183, 209, 198, 272
-0.997543, 283, 145, 298, 208
-0.997549, 481, 73, 496, 136
-0.997549, 177, 201, 208, 216
-0.997552, 177, 175, 208, 190
-0.997565, 225, 273, 480, 333
-0.997567, 49, 161, 64, 224
-0.997571, 273, 193, 288, 256
-0.997576, 17, 1, 144, 128
-0.997577, 133, 217, 148, 280
-0.997583, 201, 175, 232, 190
-0.997583, 175, 173, 190, 204
-0.997588, 239, 177, 254, 240
-0.99759, 133, 277, 164, 292
-0.997598, 221, 33, 252, 160
-0.9976, 399, 185, 414, 248
-0.997602, 385, 211, 416, 226
-0.997604, 337, 201, 464, 232
-0.997608, 281, 25, 296, 88
-0.99761, 409, 1, 472, 333
-0.997613, 293, 161, 308, 224
-0.997618, 83, 249, 98, 312
-0.997618, 169, 193, 200, 208
-0.997632, 393, 217, 424, 232
-0.997639, 33, 157, 160, 188
-0.997639, 289, 225, 416, 256
-0.997646, 193, 219, 224, 234
-0.997652, 229, 161, 244, 224
-0.997653, 219, 201, 234, 264
-0.997658, 129, 169, 144, 232
-0.997661, 155, 201, 170, 232
-0.997664, 97, 289, 128, 304
-0.997666, 473, 89, 488, 152
-0.997671, 97, 307, 128, 322
-0.997671, 197, 217, 212, 280
-0.997671, 89, 249, 104, 312
-0.997672, 289, 201, 304, 264
-0.997674, 129, 273, 384, 333
-0.997675, 145, 213, 176, 228
-0.997675, 149, 199, 180, 214
-0.997678, 117, 283, 148, 298
-0.997681, 173, 273, 188, 333
-0.997681, 169, 177, 184, 208
-0.997685, 283, 169, 298, 232
-0.99769, 73, 309, 104, 324
-0.997693, 311, 233, 326, 296
-0.997699, 77, 273, 92, 333
-0.997699, 81, 173, 208, 204
-0.997706, 419, 241, 434, 304
-0.997706, 393, 265, 408, 328
-0.997724, 17, 261, 144, 292
-0.997739, 375, 217, 390, 248
-0.997739, 81, 73, 144, 136
-0.997739, 127, 225, 142, 288
-0.997741, 239, 137, 254, 200
-0.997744, 225, 185, 480, 248
-0.997754, 303, 161, 318, 224
-0.997758, 113, 261, 240, 292
-0.997763, 129, 291, 160, 306
-0.99777, 211, 161, 226, 224
-0.997773, 33, 161, 64, 288
-0.997778, 247, 217, 262, 280
-0.997781, 293, 129, 308, 192
-0.997782, 283, 97, 298, 160
-0.997785, 209, 33, 240, 160
-0.997786, 251, 177, 266, 240
-0.99779, 261, 201, 276, 264
-0.997793, 313, 65, 376, 192
-0.997804, 153, 217, 168, 248
-0.997804, 409, 225, 424, 256
-0.997805, 137, 271, 168, 286
-0.997819, 141, 221, 172, 236
-0.99782, 141, 201, 156, 232
-0.997822, 81, 281, 208, 312
-0.997824, 293, 17, 308, 80
-0.997827, 65, 241, 192, 272
-0.997827, 39, 121, 54, 184
-0.997827, 377, 257, 392, 320
-0.997831, 467, 73, 482, 136
-0.99784, 281, 73, 296, 136
-0.997847, 75, 209, 90, 272
-0.99785, 97, 295, 128, 310
-0.997854, 403, 221, 418, 252
-0.997854, 337, 237, 464, 268
-0.997855, 281, 49, 296, 112
-0.997856, 389, 209, 404, 272
-0.997857, 133, 277, 148, 308
-0.997858, 393, 161, 456, 288
-0.997864, 137, 201, 168, 216
-0.997865, 283, 121, 298, 184
-0.997869, 293, 105, 308, 168
-0.997877, 129, 301, 160, 316
-0.99788, 261, 177, 276, 240
-0.99788, 273, 1, 304, 128
-0.997881, 179, 273, 194, 333
-0.9979, 139, 213, 154, 244
-0.997905, 239, 113, 254, 176
-0.99792, 411, 205, 426, 236
-0.997922, 409, 219, 440, 234
-0.997931, 153, 177, 168, 208
-0.997931, 129, 89, 256, 152
-0.997934, 187, 177, 202, 208
-0.997935, 377, 205, 392, 236
-0.997936, 89, 201, 104, 264
-0.997939, 145, 207, 176, 222
-0.997943, 185, 197, 200, 228
-0.997945, 303, 137, 318, 200
-0.997946, 401, 233, 416, 264
-0.997951, 107, 241, 122, 304
-0.997969, 409, 211, 440, 226
-0.99797, 379, 189, 394, 220
-0.997982, 293, 57, 308, 120
-0.997984, 125, 185, 156, 200
-0.997985, 417, 221, 432, 252
-0.997986, 69, 229, 100, 244
-0.997989, 293, 81, 308, 144
-0.997991, 373, 205, 404, 220
-0.997999, 161, 301, 288, 332
-0.998, 145, 41, 208, 104
-0.998005, 85, 307, 116, 322
-0.998012, 187, 153, 202, 216
-0.998018, 141, 173, 172, 188
-0.99802, 473, 65, 488, 128
-0.998021, 383, 257, 398, 320
-0.99803, 403, 201, 418, 232
-0.998036, 409, 203, 440, 218
-0.998037, 153, 177, 184, 192
-0.998037, 189, 181, 220, 196
-0.99804, 7, 233, 22, 296
-0.998043, 377, 241, 392, 272
-0.998046, 373, 229, 388, 260
-0.998054, 377, 1, 440, 333
-0.998056, 277, 217, 292, 280
-0.998056, 161, 177, 176, 208
-0.998075, 145, 301, 160, 332
-0.998078, 33, 249, 288, 312
-0.998089, 117, 269, 148, 284
-0.99809, 289, 197, 416, 228
-0.998097, 97, 301, 128, 316
-0.9981, 125, 191, 156, 206
-0.998102, 145, 213, 160, 244
-0.998104, 403, 253, 418, 284
-0.998104, 201, 177, 216, 208
-0.998106, 117, 275, 148, 290
-0.998116, 407, 237, 422, 268
-0.998117, 195, 197, 210, 228
-0.998117, 141, 225, 156, 256
-0.99812, 145, 185, 160, 216
-0.998127, 385, 197, 400, 228
-0.998128, 129, 129, 384, 192
-0.998132, 409, 65, 472, 192
-0.998134, 371, 245, 386, 276
-0.998141, 397, 249, 412, 280
-0.998147, 161, 201, 176, 232
-0.998149, 91, 293, 106, 324
-0.998158, 289, 33, 416, 160
-0.998173, 415, 233, 430, 264
-0.998179, 411, 249, 426, 280
-0.998181, 133, 289, 148, 320
-0.998199, 423, 201, 438, 232
-0.998212, 417, 177, 480, 240
-0.998216, 141, 65, 172, 320
-0.998217, 377, 253, 392, 284
-0.998221, 379, 229, 394, 260
-0.998232, 139, 273, 154, 304
-0.998233, 189, 175, 220, 190
-0.998234, 97, 189, 224, 220
-0.998237, 397, 211, 428, 226
-0.998245, 373, 213, 404, 228
-0.998245, 125, 179, 156, 194
-0.998256, 181, 191, 212, 206
-0.998258, 397, 205, 412, 236
-0.99826, 163, 221, 178, 252
-0.998263, 383, 209, 398, 240
-0.998264, 83, 301, 98, 332
-0.998268, 391, 205, 406, 236
-0.998279, 161, 187, 192, 202
-0.998284, 1, 105, 256, 168
-0.998289, 139, 289, 154, 320
-0.998289, 117, 289, 148, 304
-0.998291, 305, 249, 432, 280
-0.998305, 135, 197, 150, 228
-0.998327, 141, 229, 172, 244
-0.998331, 225, 65, 256, 320
-0.998343, 393, 199, 424, 214
-0.998345, 289, 65, 352, 192
-0.998352, 397, 193, 412, 224
-0.998357, 211, 213, 226, 244
-0.998359, 79, 229, 94, 260
-0.99836, 189, 213, 204, 244
-0.998363, 149, 229, 164, 260
-0.998367, 181, 173, 196, 204
-0.998367, 289, 153, 416, 216
-0.998372, 295, 221, 310, 252
-0.998374, 155, 229, 170, 260
-0.998376, 373, 195, 404, 210
-0.998379, 169, 193, 184, 224
-0.99839, 209, 65, 240, 320
-0.998401, 175, 201, 190, 232
-0.998402, 231, 281, 246, 312
-0.998408, 407, 265, 422, 296
-0.998409, 121, 65, 152, 320
-0.998412, 129, 185, 144, 216
-0.998413, 113, 17, 176, 80
-0.998416, 383, 241, 398, 272
-0.998421, 377, 177, 392, 304
-0.998422, 237, 277, 252, 308
-0.998454, 369, 257, 384, 288
-0.998459, 137, 191, 200, 206
-0.998463, 395, 261, 410, 292
-0.998473, 389, 241, 404, 272
-0.998474, 241, 205, 256, 236
-0.998494, 153, 179, 216, 194
-0.998498, 283, 213, 298, 244
-0.998499, 55, 241, 70, 272
-0.998502, 201, 209, 216, 240
-0.998506, 397, 221, 412, 252
-0.998507, 145, 185, 208, 200
-0.998508, 145, 201, 208, 216
-0.998509, 285, 1, 316, 256
-0.998517, 417, 209, 432, 240
-0.998517, 389, 253, 404, 284
-0.998519, 181, 185, 196, 216
-0.998523, 289, 81, 416, 208
-0.998528, 137, 209, 200, 224
-0.998531, 33, 293, 160, 324
-0.998532, 391, 229, 406, 260
-0.998533, 121, 181, 184, 196
-0.998535, 401, 265, 416, 296
-0.998536, 97, 297, 160, 312
-0.998536, 165, 177, 196, 192
-0.998538, 113, 275, 176, 290
-0.998548, 137, 231, 200, 246
-0.99855, 143, 177, 158, 304
-0.998556, 89, 269, 152, 284
-0.99856, 161, 225, 224, 240
-0.998561, 111, 249, 126, 280
-0.998562, 113, 189, 176, 204
-0.998563, 97, 289, 160, 304
-0.998563, 193, 193, 256, 208
-0.998565, 161, 191, 224, 206
-0.998565, 201, 197, 216, 228
-0.998565, 313, 105, 376, 168
-0.998565, 113, 267, 176, 282
-0.998569, 73, 299, 136, 314
-0.998569, 305, 233, 320, 264
-0.99857, 361, 217, 424, 232
-0.99857, 361, 203, 424, 218
-0.998571, 89, 275, 152, 290
-0.998571, 145, 173, 160, 204
-0.998572, 97, 281, 160, 296
-0.998572, 73, 287, 136, 302
-0.998575, 169, 65, 200, 320
-0.998575, 361, 211, 424, 226
-0.998579, 385, 213, 448, 228
-0.998581, 385, 229, 400, 260
-0.998584, 73, 293, 136, 308
-0.998584, 209, 223, 272, 238
-0.998585, 193, 175, 256, 190
-0.998586, 377, 197, 440, 212
-0.998586, 313, 259, 376, 274
-0.998587, 105, 81, 168, 144
-0.998589, 157, 193, 188, 208
-0.998589, 137, 215, 200, 230
-0.998595, 161, 219, 224, 234
-0.998597, 153, 65, 184, 320
-0.998597, 97, 303, 160, 318
-0.998598, 91, 281, 106, 312
-0.998599, 105, 259, 168, 274
-0.998599, 295, 233, 310, 264
-0.9986, 193, 183, 256, 198
-0.9986, 73, 305, 136, 320
-0.9986, 353, 255, 416, 270
-0.9986, 195, 185, 210, 216
-0.998601, 129, 175, 192, 190
-0.998601, 105, 195, 168, 210
-0.998603, 203, 221, 218, 252
-0.998603, 369, 263, 432, 278
-0.998604, 177, 199, 240, 214
-0.998604, 177, 213, 240, 228
-0.998605, 385, 207, 448, 222
-0.998605, 169, 185, 232, 200
-0.998606, 201, 217, 264, 232
-0.998607, 241, 219, 304, 234
-0.998608, 113, 233, 176, 248
-0.998608, 233, 213, 248, 244
-0.998609, 177, 207, 240, 222
-0.998609, 73, 253, 136, 268
-0.998609, 281, 261, 344, 276
-0.99861, 113, 311, 176, 326
-0.998611, 185, 283, 248, 298
-0.998611, 305, 221, 320, 252
-0.998611, 97, 181, 160, 196
-0.998613, 153, 277, 216, 292
-0.998613, 41, 229, 104, 244
-0.998613, 129, 303, 192, 318
-0.998613, 225, 211, 288, 226
-0.998614, 377, 245, 440, 260
-0.998616, 133, 213, 148, 244
-0.998617, 185, 277, 248, 292
-0.998618, 129, 221, 192, 236
-0.998619, 113, 227, 176, 242
-0.998621, 353, 241, 416, 256
-0.998622, 225, 199, 288, 214
-0.998623, 337, 261, 400, 276
-0.998624, 49, 305, 112, 320
-0.998624, 49, 287, 112, 302
-0.998625, 225, 205, 288, 220
-0.998625, 225, 191, 288, 206
-0.998626, 113, 201, 176, 216
-0.998626, 33, 65, 64, 320
-0.998627, 49, 277, 112, 292
-0.998628, 81, 263, 144, 278
-0.998628, 185, 223, 248, 238
-0.998628, 49, 299, 112, 314
-0.998628, 477, 93, 492, 124
-0.998629, 385, 219, 448, 234
-0.998629, 129, 297, 192, 312
-0.998629, 209, 225, 224, 256
-0.998629, 73, 281, 136, 296
-0.998629, 65, 65, 96, 320
-0.99863, 201, 211, 264, 226
-0.998631, 353, 193, 416, 208
-0.998632, 17, 113, 144, 144
-0.998632, 241, 177, 304, 192
-0.998632, 241, 183, 304, 198
-0.998632, 121, 281, 184, 296
-0.998633, 41, 243, 104, 258
-0.998633, 137, 271, 200, 286
-0.998634, 353, 249, 416, 264
-0.998634, 49, 271, 112, 286
-0.998634, 137, 265, 200, 280
-0.998634, 25, 297, 88, 312
-0.998634, 107, 237, 122, 268
-0.998634, 49, 259, 112, 274
-0.998635, 241, 171, 304, 186
-0.998636, 369, 273, 432, 288
-0.998636, 49, 293, 112, 308
-0.998637, 113, 317, 176, 332
-0.998637, 369, 315, 432, 330
-0.998638, 265, 219, 328, 234
-0.998638, 265, 227, 328, 242
-0.998638, 161, 173, 224, 188
-0.998638, 129, 287, 192, 302
-0.998638, 89, 313, 152, 328
-0.998639, 57, 317, 120, 332
-0.998639, 377, 239, 440, 254
-0.99864, 241, 165, 304, 180
-0.99864, 81, 227, 144, 242
-0.99864, 313, 253, 376, 268
-0.998641, 113, 207, 176, 222
-0.998643, 73, 247, 136, 262
-0.998643, 201, 205, 264, 220
-0.998644, 225, 131, 288, 146
-0.998644, 225, 85, 288, 100
-0.998644, 289, 255, 352, 270
-0.998644, 225, 107, 288, 122
-0.998645, 241, 159, 304, 174
-0.998645, 241, 153, 304, 168
-0.998645, 153, 317, 216, 332
-0.998645, 265, 207, 328, 222
-0.998646, 225, 101, 288, 116
-0.998646, 105, 219, 168, 234
-0.998646, 225, 91, 288, 106
-0.998647, 49, 253, 112, 268
-0.998648, 225, 69, 288, 84
-0.998648, 225, 79, 288, 94
-0.998648, 265, 197, 328, 212
-0.998648, 241, 225, 304, 240
-0.998649, 249, 189, 312, 204
-0.998649, 201, 229, 264, 244
-0.99865, 361, 223, 424, 238
-0.99865, 337, 207, 400, 222
-0.99865, 201, 199, 264, 214
-0.99865, 225, 137, 288, 152
-0.99865, 25, 117, 88, 132
-0.99865, 145, 311, 208, 326
-0.998651, 265, 65, 296, 320
-0.998651, 209, 169, 272, 184
-0.998652, 289, 181, 416, 212
-0.998653, 189, 65, 220, 320
-0.998654, 283, 225, 298, 256
-0.998655, 337, 301, 464, 332
-0.998656, 469, 1, 500, 256
-0.99866, 161, 209, 288, 240
-0.998662, 139, 169, 154, 200
-0.998665, 383, 253, 398, 284
-0.998667, 313, 209, 344, 333
-0.998671, 153, 177, 168, 304
-0.998676, 211, 189, 226, 220
-0.99868, 81, 157, 208, 188
-0.99868, 129, 177, 256, 208
-0.998686, 417, 233, 480, 296
-0.998687, 161, 49, 288, 176
-0.99869, 159, 273, 174, 304
-0.998702, 211, 201, 226, 232
-0.998704, 65, 225, 80, 256
-0.998706, 219, 221, 234, 252
-0.998707, 41, 129, 56, 160
-0.998708, 257, 237, 384, 268
-0.998709, 273, 209, 288, 240
-0.998716, 195, 209, 210, 240
-0.998722, 293, 205, 308, 236
-0.998725, 289, 273, 416, 333
-0.998726, 283, 193, 298, 224
-0.998727, 81, 289, 96, 320
-0.998727, 237, 65, 268, 320
-0.998731, 389, 217, 404, 248
-0.998734, 409, 193, 424, 224
-0.998736, 241, 217, 256, 248
-0.998742, 155, 297, 170, 328
-0.998747, 293, 189, 308, 220
-0.998748, 225, 161, 480, 224
-0.998749, 293, 177, 308, 208
-0.998751, 161, 165, 176, 196
-0.998757, 483, 93, 498, 124
-0.998758, 195, 169, 210, 200
-0.998766, 253, 65, 284, 320
-0.998769, 129, 265, 144, 296
-0.998774, 229, 189, 244, 220
-0.998776, 281, 45, 296, 76
-0.99878, 177, 145, 304, 208
-0.998785, 231, 301, 246, 332
-0.998786, 413, 269, 428, 300
-0.998791, 281, 29, 296, 60
-0.998791, 197, 221, 212, 252
-0.998801, 251, 217, 266, 248
-0.998805, 137, 161, 152, 288
-0.998808, 283, 153, 298, 184
-0.998809, 281, 81, 296, 112
-0.998816, 45, 65, 76, 320
-0.998839, 337, 265, 464, 296
-0.998841, 133, 209, 148, 333
-0.998853, 1, 209, 128, 240
-0.998879, 113, 41, 176, 104
-0.99888, 137, 187, 168, 202
-0.998884, 209, 213, 336, 244
-0.998889, 137, 195, 168, 210
-0.998904, 187, 177, 202, 304
-0.998936, 1, 185, 128, 216
-0.998939, 9, 49, 40, 176
-0.998946, 97, 41, 224, 104
-0.998954, 177, 181, 208, 196
-0.998971, 457, 81, 488, 208
-0.998973, 205, 161, 220, 288
-0.998977, 13, 65, 44, 320
-0.998985, 313, 33, 376, 96
-0.998993, 369, 77, 496, 108
-0.999011, 65, 113, 96, 240
-0.999022, 321, 281, 448, 312
-0.999046, 65, 81, 192, 144
-0.999058, 241, 225, 368, 256
-0.999059, 371, 209, 386, 333
-0.999071, 1, 65, 32, 320
-0.999075, 57, 17, 120, 144
-0.999093, 193, 249, 320, 280
-0.999095, 129, 17, 384, 80
-0.999097, 297, 65, 328, 320
-0.999105, 149, 183, 180, 198
-0.999108, 109, 65, 140, 320
-0.999122, 417, 161, 480, 288
-0.999124, 1, 177, 500, 240
-0.999128, 81, 65, 112, 320
-0.999134, 199, 161, 214, 288
-0.999148, 137, 181, 168, 196
-0.999149, 297, 1, 328, 128
-0.999159, 417, 257, 480, 320
-0.999183, 457, 33, 488, 288
-0.999205, 289, 161, 352, 224
-0.999222, 409, 9, 472, 72
-0.999249, 397, 65, 428, 320
-0.999251, 399, 193, 414, 320
-0.999254, 129, 81, 384, 144
-0.999282, 97, 137, 224, 168
-0.999289, 353, 253, 480, 284
-0.999289, 41, 33, 104, 96
-0.999298, 1, 101, 128, 132
-0.999304, 145, 237, 272, 268
-0.999312, 131, 161, 146, 288
-0.999318, 81, 209, 96, 333
-0.999331, 17, 233, 144, 264
-0.999335, 385, 193, 400, 320
-0.999338, 129, 105, 384, 168
-0.999339, 21, 49, 52, 176
-0.999353, 419, 209, 434, 333
-0.999357, 97, 65, 128, 320
-0.999371, 369, 5, 496, 36
-0.999373, 163, 193, 178, 320
-0.999385, 49, 145, 64, 272
-0.999389, 287, 177, 302, 304
-0.999396, 297, 177, 312, 304
-0.999401, 209, 237, 336, 268
-0.999412, 241, 25, 368, 88
-0.999438, 353, 65, 384, 320
-0.999452, 69, 209, 84, 333
-0.999465, 123, 209, 138, 333
-0.999476, 189, 81, 220, 208
-0.99948, 159, 145, 174, 272
-0.999488, 175, 145, 190, 272
-0.999493, 57, 193, 72, 320
-0.999493, 241, 253, 368, 284
-0.999497, 405, 193, 420, 320
-0.999512, 129, 57, 384, 120
-0.999515, 165, 145, 180, 272
-0.999518, 257, 57, 500, 120
-0.999518, 209, 281, 336, 312
-0.999524, 209, 81, 336, 144
-0.999526, 313, 1, 344, 256
-0.999532, 369, 65, 400, 320
-0.999535, 239, 129, 254, 256
-0.999539, 149, 129, 164, 256
-0.99954, 229, 145, 244, 272
-0.999543, 257, 33, 500, 96
-0.999543, 1, 129, 500, 192
-0.999544, 181, 193, 196, 320
-0.999552, 369, 101, 496, 132
-0.999553, 209, 301, 336, 332
-0.999556, 411, 209, 426, 333
-0.999577, 81, 315, 96, 330
-0.999578, 195, 215, 210, 230
-0.999579, 381, 221, 396, 236
-0.999579, 163, 225, 178, 240
-0.999579, 241, 193, 256, 320
-0.99958, 157, 229, 172, 244
-0.99958, 235, 289, 250, 304
-0.99958, 145, 307, 160, 322
-0.999581, 165, 209, 180, 224
-0.999581, 171, 173, 186, 188
-0.999581, 133, 285, 148, 300
-0.999582, 217, 273, 280, 333
-0.999583, 417, 239, 432, 254
-0.999583, 397, 217, 412, 232
-0.999583, 95, 315, 110, 330
-0.999584, 137, 219, 152, 234
-0.999584, 369, 243, 384, 258
-0.999585, 217, 229, 232, 244
-0.999586, 129, 185, 144, 200
-0.999586, 197, 209, 212, 224
-0.999586, 193, 177, 208, 192
-0.999586, 241, 215, 256, 230
-0.999587, 415, 233, 430, 248
-0.999587, 89, 317, 104, 332
-0.999588, 373, 227, 388, 242
-0.999588, 139, 295, 154, 310
-0.999588, 421, 215, 436, 230
-0.999589, 187, 207, 202, 222
-0.99959, 157, 185, 172, 200
-0.99959, 375, 261, 390, 276
-0.999591, 417, 221, 432, 236
-0.999591, 397, 251, 412, 266
-0.999592, 63, 225, 78, 240
-0.999592, 155, 317, 170, 332
-0.999592, 399, 257, 414, 272
-0.999592, 393, 269, 408, 284
-0.999593, 83, 305, 98, 320
-0.999593, 283, 223, 298, 238
-0.999594, 405, 247, 420, 262
-0.999594, 371, 235, 386, 250
-0.999595, 305, 235, 320, 250
-0.999595, 183, 175, 198, 190
-0.999596, 93, 301, 108, 316
-0.999597, 399, 239, 414, 254
-0.999597, 401, 265, 416, 280
-0.999597, 207, 227, 222, 242
-0.999598, 135, 197, 150, 212
-0.999598, 163, 173, 178, 188
-0.999598, 195, 201, 210, 216
-0.9996, 143, 301, 158, 316
-0.9996, 371, 249, 386, 264
-0.999601, 181, 189, 196, 204
-0.999604, 403, 227, 418, 242
-0.999604, 133, 279, 148, 294
-0.999604, 155, 223, 170, 238
-0.999604, 375, 221, 390, 236
-0.999605, 175, 201, 190, 216
-0.999605, 379, 233, 394, 248
-0.999606, 405, 213, 420, 228
-0.999607, 295, 229, 310, 244
-0.999607, 195, 189, 210, 204
-0.999609, 377, 243, 392, 258
-0.99961, 211, 221, 226, 236
-0.999612, 401, 233, 416, 248
-0.999612, 375, 255, 390, 270
-0.999613, 391, 199, 406, 214
-0.999614, 407, 237, 422, 252
-0.999617, 375, 215, 390, 230
-0.999617, 145, 177, 160, 192
-0.999617, 201, 195, 216, 210
-0.999618, 369, 259, 384, 274
-0.999619, 185, 201, 200, 216
-0.99962, 413, 211, 428, 226
-0.999621, 393, 211, 408, 226
-0.999621, 139, 275, 154, 290
-0.999622, 91, 295, 106, 310
-0.999622, 377, 197, 392, 212
-0.999624, 149, 219, 164, 234
-0.999624, 375, 207, 390, 222
-0.999625, 139, 211, 154, 226
-0.999625, 79, 229, 94, 244
-0.999625, 161, 315, 176, 330
-0.999627, 383, 211, 398, 226
-0.999628, 411, 221, 426, 236
-0.999628, 133, 291, 148, 306
-0.999629, 149, 213, 164, 228
-0.999632, 93, 307, 108, 322
-0.999634, 187, 189, 202, 204
-0.999634, 405, 219, 420, 234
-0.999634, 201, 181, 216, 196
-0.999634, 139, 205, 154, 220
-0.999634, 97, 125, 224, 156
-0.999636, 155, 311, 170, 326
-0.999637, 163, 203, 178, 218
-0.999638, 151, 231, 166, 246
-0.99964, 201, 189, 216, 204
-0.999642, 195, 183, 210, 198
-0.999642, 369, 57, 496, 88
-0.999642, 425, 205, 440, 220
-0.999642, 141, 229, 156, 244
-0.999643, 401, 207, 416, 222
-0.999644, 143, 221, 158, 236
-0.999645, 407, 199, 422, 214
-0.999648, 385, 201, 400, 216
-0.999654, 231, 193, 246, 320
-0.999655, 397, 197, 412, 212
-0.999655, 149, 225, 164, 240
-0.999656, 409, 231, 424, 246
-0.999658, 201, 175, 216, 190
-0.999658, 195, 195, 210, 210
-0.999658, 155, 209, 170, 224
-0.999659, 193, 177, 208, 304
-0.99966, 293, 1, 308, 128
-0.99966, 411, 205, 426, 220
-0.999663, 377, 191, 392, 206
-0.999664, 185, 195, 200, 210
-0.999666, 155, 179, 170, 194
-0.999666, 345, 161, 408, 224
-0.999667, 165, 195, 180, 210
-0.999668, 157, 191, 172, 206
-0.999671, 169, 187, 184, 202
-0.999672, 177, 177, 304, 208
-0.999672, 147, 205, 162, 220
-0.999674, 307, 177, 322, 304
-0.999674, 113, 177, 128, 304
-0.999678, 63, 209, 78, 333
-0.999679, 145, 185, 160, 200
-0.999679, 147, 191, 162, 206
-0.999679, 177, 195, 192, 210
-0.999691, 145, 249, 272, 280
-0.999692, 289, 137, 352, 200
-0.999696, 185, 181, 200, 196
-0.999697, 153, 203, 168, 218
-0.999697, 167, 179, 182, 194
-0.999701, 87, 209, 102, 333
-0.999701, 175, 187, 190, 202
-0.999705, 369, 25, 496, 88
-0.999705, 137, 181, 152, 196
-0.999706, 353, 89, 480, 120
-0.99971, 381, 65, 412, 320
-0.999712, 141, 199, 156, 214
-0.999716, 177, 177, 192, 192
-0.999717, 147, 199, 162, 214
-0.999721, 129, 97, 256, 128
-0.999723, 251, 161, 266, 288
-0.999727, 475, 1, 490, 128
-0.999727, 139, 191, 154, 206
-0.99973, 163, 189, 178, 204
-0.999735, 445, 1, 476, 256
-0.999737, 275, 161, 290, 288
-0.99974, 143, 129, 158, 256
-0.999741, 265, 161, 280, 288
-0.999742, 211, 193, 226, 320
-0.999743, 369, 45, 496, 76
-0.999743, 151, 185, 166, 200
-0.999752, 283, 1, 298, 128
-0.999752, 155, 197, 170, 212
-0.999754, 65, 109, 192, 140
-0.999755, 161, 179, 176, 194
-0.99976, 425, 209, 440, 333
-0.999763, 41, 113, 56, 240
-0.999766, 393, 193, 408, 320
-0.999768, 283, 129, 298, 256
-0.999775, 1, 153, 500, 216
-0.999781, 129, 113, 256, 144
-0.999787, 313, 57, 376, 120
-0.999796, 225, 81, 480, 144
-0.999798, 219, 177, 234, 304
-0.999804, 165, 209, 196, 333
-0.999806, 211, 145, 226, 272
-0.999808, 293, 97, 308, 224
-0.999811, 289, 169, 416, 200
-0.99982, 245, 145, 260, 272
-0.99982, 197, 113, 212, 240
-0.999827, 453, 33, 484, 160
-0.999829, 321, 1, 384, 128
-0.99984, 283, 81, 298, 208
-0.999871, 125, 145, 140, 272
-0.999875, 225, 265, 352, 296
-0.999876, 239, 81, 254, 208
-0.999889, 57, 65, 120, 192
-0.99989, 233, 33, 264, 160
-0.999891, 279, 209, 294, 333
-0.999895, 129, 65, 256, 128
-0.999895, 75, 193, 90, 320
-0.999896, 165, 65, 196, 192
-0.999907, 289, 301, 416, 332
-0.999907, 217, 129, 232, 256
-0.999911, 187, 129, 202, 256
-0.999923, 429, 65, 460, 320
-0.999928, 255, 209, 270, 333
-0.999928, 409, 65, 440, 320
-0.999933, 225, 209, 240, 333
-0.999934, 247, 209, 262, 333
-0.999936, 369, 33, 496, 64
-0.999938, 225, 121, 480, 184
-0.999945, 307, 129, 322, 256
-0.999946, 357, 113, 388, 240
-0.999947, 293, 49, 308, 176
-0.999953, 135, 113, 150, 240
-0.999959, 237, 1, 252, 128
-0.999962, 75, 145, 90, 272
-0.999964, 289, 157, 416, 188
-0.999973, 303, 17, 318, 144
-0.999973, 227, 97, 242, 224
-0.999976, 273, 209, 288, 333
-0.999984, 467, 17, 482, 144
-0.999987, 303, 65, 318, 192
-0.999987, 169, 193, 184, 320
-0.999989, 95, 209, 110, 333
-0.999991, 97, 57, 224, 88
-0.999994, 63, 161, 78, 288
-0.999995, 325, 1, 356, 256
-1, 209, 201, 336, 232
-1.00001, 47, 97, 62, 224
-1.00003, 1, 89, 128, 120
-1.00003, 289, 129, 416, 192
-1.00004, 175, 209, 190, 333
-1.00004, 203, 209, 218, 333
-1.00004, 243, 33, 258, 160
-1.00004, 15, 113, 30, 240
-1.00005, 129, 85, 256, 116
-1.00005, 161, 97, 176, 224
-1.00005, 97, 17, 224, 80
-1.00005, 227, 49, 242, 176
-1.00006, 273, 273, 336, 333
-1.00006, 81, 41, 208, 72
-1.00008, 341, 65, 372, 320
-1.00008, 97, 69, 224, 100
-1.00008, 87, 161, 102, 288
-1.00009, 315, 209, 330, 333
-1.00009, 145, 121, 272, 184
-1.0001, 273, 97, 288, 224
-1.0001, 105, 209, 120, 333
-1.00011, 249, 1, 264, 128
-1.00012, 353, 65, 416, 192
-1.00012, 253, 113, 268, 240
-1.00012, 5, 97, 20, 224
-1.00012, 161, 165, 288, 196
-1.00013, 181, 145, 196, 272
-1.00013, 129, 149, 256, 180
-1.00013, 473, 65, 488, 192
-1.00014, 121, 49, 152, 176
-1.00014, 147, 81, 162, 208
-1.00014, 227, 1, 242, 128
-1.00015, 289, 133, 416, 164
-1.00015, 241, 25, 368, 56
-1.00015, 365, 193, 380, 320
-1.00016, 73, 169, 136, 232
-1.00017, 65, 97, 192, 128
-1.00017, 261, 17, 292, 144
-1.00017, 289, 145, 416, 176
-1.00017, 161, 261, 288, 292
-1.00019, 467, 81, 482, 208
-1.00019, 273, 49, 288, 176
-1.0002, 381, 129, 412, 256
-1.0002, 127, 97, 142, 224
-1.00021, 41, 65, 56, 192
-1.00021, 369, 189, 496, 220
-1.00021, 233, 81, 248, 208
-1.00021, 263, 113, 278, 240
-1.00022, 371, 161, 386, 288
-1.00022, 263, 209, 278, 333
-1.00022, 175, 97, 190, 224
-1.00022, 249, 65, 264, 192
-1.00023, 205, 113, 220, 240
-1.00024, 353, 17, 480, 48
-1.00024, 257, 1, 500, 64
-1.00027, 81, 29, 208, 60
-1.00027, 65, 85, 192, 116
-1.00027, 289, 121, 416, 152
-1.00027, 209, 93, 336, 124
-1.00027, 273, 1, 288, 128
-1.00027, 35, 113, 50, 240
-1.00029, 299, 129, 314, 256
-1.00029, 219, 81, 234, 208
-1.00029, 241, 37, 368, 68
-1.00032, 385, 145, 400, 272
-1.00032, 1, 97, 500, 160
-1.00032, 81, 161, 96, 288
-1.00033, 217, 1, 232, 128
-1.00033, 21, 97, 36, 224
-1.00034, 9, 209, 24, 333
-1.00035, 263, 1, 278, 128
-1.00035, 69, 161, 84, 288
-1.00036, 209, 189, 336, 220
-1.00036, 315, 161, 330, 288
-1.00037, 121, 49, 136, 176
-1.00037, 257, 161, 272, 288
-1.00037, 413, 161, 428, 288
-1.00037, 115, 129, 130, 256
-1.00037, 241, 49, 368, 80
-1.00037, 177, 57, 304, 88
-1.00038, 481, 1, 496, 128
-1.00038, 17, 9, 144, 72
-1.00038, 177, 9, 304, 72
-1.00038, 177, 73, 304, 104
-1.00038, 313, 17, 328, 144
-1.00038, 33, 33, 160, 64
-1.00039, 13, 49, 28, 176
-1.00039, 241, 13, 368, 44
-1.00039, 53, 97, 68, 224
-1.0004, 481, 65, 496, 192
-1.0004, 135, 65, 150, 192
-1.00041, 193, 113, 320, 176
-1.00042, 113, 81, 128, 208
-1.00042, 289, 101, 416, 132
-1.00044, 369, 289, 496, 320
-1.00046, 209, 109, 336, 140
-1.00047, 177, 45, 304, 76
-1.00048, 33, 45, 160, 76
-1.00048, 145, 125, 272, 156
-1.00049, 177, 21, 304, 52
-1.00049, 177, 137, 304, 168
-1.00051, 193, 121, 320, 152
-1.00051, 209, 161, 336, 192
-1.00052, 1, 21, 128, 52
-1.00052, 33, 65, 64, 192
-1.00054, 369, 97, 496, 160
-1.00055, 1, 65, 500, 128
-1.00056, 49, 69, 176, 100
-1.00056, 161, 9, 288, 40
-1.00057, 81, 17, 208, 48
-1.0006, 241, 61, 368, 92
-1.00061, 177, 33, 304, 64
-1.00061, 245, 1, 276, 128
-1.00063, 41, 209, 72, 333
-1.00064, 289, 53, 416, 84
-1.00064, 49, 57, 176, 88
-1.00065, 289, 89, 416, 120
-1.00066, 177, 149, 304, 180
-1.00066, 1, 9, 128, 40
-1.00068, 241, 1, 368, 32
-1.00069, 289, 73, 416, 104
-1.0007, 241, 177, 368, 208
-1.00073, 241, 137, 368, 168
-1.00076, 241, 73, 368, 104
-1.00077, 241, 149, 368, 180
-1.00079, 273, 289, 400, 320
-1.00085, 177, 57, 304, 120
-1.00087, 49, 49, 176, 112
-1.0009, 289, 105, 416, 168
-1.00099, 241, 1, 368, 64
-1.00105, 197, 33, 228, 160
-1.00109, 1, 41, 500, 104
-1.00109, 345, 1, 408, 128
-1.00111, 1, 81, 256, 144
-1.00124, 297, 81, 328, 208
-1.0013, 101, 161, 132, 288
-1.00138, 33, 57, 288, 120
-1.00143, 317, 161, 348, 288
-1.00146, 133, 65, 164, 192
-1.00149, 177, 33, 304, 96
-1.00154, 1, 1, 500, 64
-1.00163, 289, 65, 416, 128
-1.00169, 1, 25, 256, 88
-1.00175, 129, 1, 160, 128
-1.00178, 241, 49, 368, 112
-1.00184, 289, 41, 416, 104
-1.00187, 81, 113, 112, 240
-1.00197, 153, 65, 184, 192
-1.00198, 337, 161, 464, 224
-1.002, 117, 1, 148, 128
-1.00203, 241, 177, 368, 240
-1.0021, 329, 209, 360, 333
-1.00211, 241, 137, 368, 200
-1.00213, 33, 1, 288, 64
-1.00213, 349, 209, 380, 333
-1.00213, 101, 113, 132, 240
-1.00236, 369, 65, 400, 192
-1.00251, 241, 113, 368, 176
-1.00257, 429, 193, 460, 320
-1.00257, 289, 17, 416, 80
-1.00262, 141, 1, 172, 128
-1.00281, 1, 33, 128, 96
-1.003, 177, 81, 208, 208
-1.00301, 65, 33, 96, 160
-1.00323, 377, 1, 440, 128
-1.0033, 393, 113, 456, 240
-1.00342, 337, 137, 464, 200
-1.00343, 1, 209, 32, 333
-1.00355, 109, 49, 140, 176
-1.00358, 309, 1, 340, 128
-1.0036, 377, 49, 440, 176
-1.00384, 77, 17, 108, 144
-1.00386, 45, 33, 76, 160
-1.00392, 153, 1, 184, 128
-1.00397, 361, 17, 392, 144
-1.00407, 441, 17, 472, 144
-1.00407, 1, 161, 32, 288
-1.00427, 185, 33, 216, 160
-1.00473, 77, 65, 108, 192
-1.00475, 29, 209, 60, 333
-1.00476, 97, 1, 128, 128
-1.00479, 381, 49, 412, 176
-1.00511, 97, 65, 128, 192
-1.00532, 317, 97, 348, 224
-1.00616, 317, 49, 348, 176
-1.00626, 429, 145, 460, 272
-1.00628, 417, 161, 448, 288
-1.0064, 165, 17, 196, 144
-1.00642, 369, 113, 400, 240
-1.00651, 445, 81, 476, 208
-1.00656, 345, 161, 376, 288
-1.00657, 33, 17, 64, 144
-1.00682, 385, 1, 416, 128
-1.00707, 321, 1, 352, 128
-1.00721, 1, 1, 32, 128
-1.00758, 329, 161, 360, 288
-1.00762, 469, 97, 500, 224
-1.00778, 357, 65, 388, 192
-1.00792, 21, 1, 52, 128
-1.00799, 13, 161, 44, 288
-1.00842, 373, 1, 404, 128
-1.00866, 433, 209, 496, 333
