1984
-0.551231, 1, 129, 500, 375
-0.650294, 1, 1, 500, 375
-0.697185, 1, 33, 500, 288
-0.732702, 225, 1, 480, 375
-0.733952, 1, 1, 256, 375
-0.765505, 97, 1, 352, 375
-0.786322, 129, 129, 384, 375
-0.803382, 1, 129, 256, 375
-0.822978, 225, 129, 480, 375
-0.896997, 1, 193, 500, 320
-0.904797, 193, 129, 320, 375
-0.913027, 145, 129, 272, 375
-0.91532, 273, 129, 400, 375
-0.916667, 1, 241, 500, 368
-0.92608, 65, 129, 192, 375
-0.92868, 33, 33, 288, 288
-0.933326, 129, 193, 384, 320
-0.933811, 321, 129, 448, 375
-0.93585, 1, 129, 128, 375
-0.938693, 1, 145, 500, 272
-0.939492, 225, 1, 352, 375
-0.942907, 161, 1, 288, 375
-0.944248, 225, 193, 480, 320
-0.946917, 1, 193, 256, 320
-0.947009, 129, 33, 384, 288
-0.948996, 337, 1, 464, 375
-0.950164, 113, 1, 240, 375
-0.951897, 161, 241, 416, 368
-0.951918, 129, 177, 256, 304
-0.953792, 193, 33, 320, 288
-0.954755, 49, 1, 176, 375
-0.954815, 209, 177, 336, 304
-0.95536, 145, 193, 208, 320
-0.957012, 257, 33, 500, 288
-0.959685, 321, 193, 448, 320
-0.959809, 81, 33, 208, 288
-0.959838, 369, 129, 496, 375
-0.959925, 145, 33, 272, 288
-0.960419, 145, 201, 208, 264
-0.96042, 257, 193, 384, 320
-0.960606, 81, 193, 208, 320
-0.961145, 249, 177, 312, 304
-0.961782, 161, 145, 416, 272
-0.962571, 273, 33, 400, 288
-0.962625, 169, 177, 232, 304
-0.963033, 145, 225, 272, 352
-0.963465, 121, 193, 184, 320
-0.964275, 193, 177, 256, 304
-0.964808, 273, 1, 400, 375
-0.965089, 273, 177, 336, 304
-0.965124, 337, 193, 400, 320
-0.965639, 377, 193, 440, 320
-0.966044, 225, 177, 288, 304
-0.966217, 17, 33, 144, 288
-0.966467, 1, 145, 256, 272
-0.967151, 249, 193, 312, 256
-0.967547, 65, 241, 320, 368
-0.96759, 257, 241, 500, 368
-0.969873, 121, 209, 184, 272
-0.970462, 1, 1, 500, 128
-0.971213, 1, 97, 500, 224
-0.971601, 169, 193, 232, 256
-0.972377, 297, 193, 360, 320
-0.97278, 209, 201, 272, 264
-0.973137, 321, 33, 448, 288
-0.973149, 33, 177, 160, 304
-0.974661, 257, 145, 500, 272
-0.975025, 273, 241, 400, 368
-0.975036, 369, 193, 496, 320
-0.975289, 1, 49, 500, 176
-0.975591, 65, 241, 192, 368
-0.975892, 273, 193, 336, 256
-0.976542, 1, 1, 128, 375
-0.977068, 1, 193, 64, 320
-0.977106, 409, 193, 472, 320
-0.977146, 161, 233, 224, 296
-0.977322, 337, 233, 400, 296
-0.977658, 305, 201, 368, 264
-0.977759, 97, 177, 160, 304
-0.97786, 129, 193, 256, 256
-0.977922, 321, 241, 448, 368
-0.977967, 289, 241, 352, 368
-0.978063, 153, 193, 184, 320
-0.9783, 361, 241, 424, 304
-0.978601, 189, 193, 220, 320
-0.978721, 145, 145, 208, 272
-0.978891, 289, 145, 416, 272
-0.979145, 169, 177, 200, 304
-0.979205, 337, 209, 400, 272
-0.979298, 193, 201, 320, 264
-0.97934, 113, 241, 176, 368
-0.979652, 185, 217, 248, 280
-0.97968, 169, 225, 232, 352
-0.979844, 257, 201, 384, 264
-0.980154, 329, 241, 392, 368
-0.9802, 377, 209, 440, 272
-0.980613, 361, 241, 424, 368
-0.980742, 25, 177, 88, 304
-0.980792, 57, 177, 120, 304
-0.981121, 165, 193, 196, 256
-0.981176, 81, 209, 208, 272
-0.981547, 377, 241, 408, 304
-0.981568, 137, 193, 168, 320
-0.981635, 161, 233, 288, 296
-0.981809, 213, 177, 244, 304
-0.981881, 9, 193, 72, 256
-0.981944, 249, 129, 312, 375
-0.982134, 433, 193, 496, 320
-0.982135, 305, 241, 368, 304
-0.982287, 281, 233, 344, 296
-0.982441, 81, 145, 208, 272
-0.982514, 257, 225, 320, 288
-0.982527, 189, 209, 220, 272
-0.982873, 153, 201, 184, 264
-0.982886, 369, 33, 496, 288
-0.98298, 385, 233, 448, 296
-0.983016, 377, 193, 408, 320
-0.983101, 245, 201, 276, 264
-0.983216, 129, 233, 192, 296
-0.983239, 177, 129, 304, 256
-0.983285, 141, 209, 172, 272
-0.983405, 105, 185, 168, 248
-0.983469, 377, 209, 408, 272
-0.983604, 213, 201, 244, 264
-0.983673, 401, 201, 464, 264
-0.983693, 261, 193, 292, 256
-0.983745, 209, 225, 272, 288
-0.983802, 145, 241, 208, 368
-0.983824, 281, 193, 312, 256
-0.983928, 177, 129, 240, 256
-0.983931, 385, 241, 448, 368
-0.983936, 97, 217, 160, 280
-0.983973, 389, 241, 420, 304
-0.984148, 297, 145, 360, 272
-0.984148, 337, 145, 400, 272
-0.984179, 177, 129, 240, 375
-0.984392, 229, 193, 260, 256
-0.984461, 285, 193, 316, 320
-0.984541, 201, 177, 232, 304
-0.984593, 297, 265, 360, 328
-0.984712, 289, 129, 352, 375
-0.984723, 397, 209, 428, 272
-0.984884, 357, 193, 388, 320
-0.984891, 369, 241, 496, 368
-0.984905, 365, 209, 396, 272
-0.984936, 33, 217, 96, 280
-0.984936, 73, 217, 136, 280
-0.985087, 225, 129, 288, 375
-0.985122, 225, 129, 288, 256
-0.985124, 209, 177, 272, 240
-0.985278, 225, 177, 256, 304
-0.985373, 257, 177, 288, 304
-0.985398, 225, 241, 352, 368
-0.985411, 265, 225, 328, 352
-0.985675, 249, 249, 312, 312
-0.985701, 333, 201, 364, 264
-0.98579, 389, 193, 420, 320
-0.985817, 201, 209, 232, 272
-0.985861, 121, 145, 184, 272
-0.985899, 321, 233, 448, 296
-0.98592, 273, 193, 304, 320
-0.985986, 201, 129, 264, 256
-0.986107, 193, 185, 224, 248
-0.986143, 365, 233, 396, 296
-0.986203, 177, 193, 208, 256
-0.986218, 433, 209, 496, 272
-0.986225, 201, 129, 264, 375
-0.986225, 237, 177, 268, 304
-0.986233, 33, 185, 96, 248
-0.986392, 377, 145, 440, 272
-0.986406, 297, 193, 328, 320
-0.986781, 173, 233, 204, 296
-0.986993, 145, 177, 208, 240
-0.987057, 337, 209, 464, 272
-0.987089, 321, 201, 352, 264
-0.987117, 249, 129, 312, 256
-0.987291, 345, 209, 376, 272
-0.987296, 325, 193, 356, 320
-0.98744, 9, 217, 72, 280
-0.98751, 329, 233, 360, 296
-0.987532, 345, 249, 376, 312
-0.987568, 197, 233, 228, 296
-0.987583, 153, 129, 216, 375
-0.987604, 241, 169, 304, 232
-0.987681, 169, 169, 232, 232
-0.987696, 233, 241, 296, 368
-0.987705, 341, 193, 372, 320
-0.987724, 293, 201, 324, 264
-0.987765, 225, 129, 352, 256
-0.988019, 309, 201, 340, 264
-0.988049, 449, 209, 480, 272
-0.988126, 385, 257, 448, 320
-0.988228, 337, 145, 464, 272
-0.988261, 105, 129, 168, 375
-0.988309, 353, 265, 416, 328
-0.988337, 277, 241, 308, 304
-0.988338, 209, 233, 240, 296
-0.988408, 129, 209, 160, 272
-0.988415, 233, 217, 296, 280
-0.988417, 265, 217, 296, 280
-0.988462, 297, 265, 328, 328
-0.988478, 185, 241, 248, 304
-0.988493, 429, 201, 460, 264
-0.988511, 313, 129, 376, 375
-0.988523, 185, 233, 216, 296
-0.988561, 149, 241, 180, 304
-0.988577, 129, 129, 192, 375
-0.988582, 161, 225, 192, 288
-0.988605, 49, 185, 176, 248
-0.988608, 405, 193, 436, 320
-0.988609, 365, 265, 396, 328
-0.988642, 1, 193, 128, 256
-0.988644, 401, 233, 432, 296
-0.988677, 81, 217, 112, 280
-0.988768, 153, 297, 216, 360
-0.988791, 409, 209, 440, 272
-0.98883, 409, 241, 472, 368
-0.988845, 177, 177, 304, 240
-0.988862, 9, 129, 72, 375
-0.98891, 305, 177, 368, 240
-0.988928, 1, 145, 64, 272
-0.988981, 129, 129, 256, 256
-0.988997, 209, 225, 336, 288
-0.989026, 345, 129, 408, 375
-0.989033, 69, 217, 100, 280
-0.989131, 65, 233, 192, 296
-0.98915, 281, 313, 344, 375
-0.989164, 13, 193, 44, 256
-0.989206, 297, 233, 328, 296
-0.989222, 25, 193, 56, 256
-0.989226, 209, 225, 272, 352
-0.989239, 273, 241, 400, 304
-0.989312, 225, 217, 256, 280
-0.989342, 245, 233, 276, 296
-0.989354, 101, 217, 132, 280
-0.989389, 1, 209, 32, 272
-0.989548, 245, 177, 276, 240
-0.989654, 321, 265, 384, 328
-0.989728, 117, 185, 148, 248
-0.989801, 205, 177, 236, 240
-0.989828, 261, 241, 292, 304
-0.989898, 121, 257, 184, 320
-0.989944, 37, 217, 68, 280
-0.990027, 157, 305, 188, 368
-0.99011, 377, 273, 408, 336
-0.990111, 81, 185, 144, 248
-0.990141, 273, 129, 336, 256
-0.990283, 293, 297, 324, 360
-0.990313, 369, 129, 432, 375
-0.990318, 273, 257, 336, 320
-0.990347, 73, 129, 136, 375
-0.990364, 57, 217, 88, 280
-0.990392, 317, 233, 348, 296
-0.990409, 33, 129, 96, 375
-0.990421, 305, 205, 368, 236
-0.990444, 17, 217, 48, 280
-0.990447, 429, 225, 460, 288
-0.990463, 409, 233, 472, 296
-0.990471, 49, 225, 112, 352
-0.990472, 273, 265, 400, 328
-0.990499, 321, 313, 384, 375
-0.990537, 401, 145, 464, 272
-0.990561, 217, 177, 248, 240
-0.990668, 417, 233, 448, 296
-0.990669, 145, 205, 208, 236
-0.99069, 365, 297, 396, 360
-0.990729, 233, 169, 264, 232
-0.990739, 469, 209, 500, 272
-0.990754, 41, 185, 72, 248
-0.990761, 297, 177, 328, 240
-0.990824, 261, 169, 292, 232
-0.990836, 313, 193, 344, 320
-0.99084, 141, 185, 172, 248
-0.990857, 137, 233, 168, 296
-0.990924, 353, 281, 384, 344
-0.990926, 169, 169, 200, 232
-0.990976, 161, 249, 192, 312
-0.990996, 385, 185, 416, 248
-0.991052, 277, 217, 308, 280
-0.991055, 277, 265, 308, 328
-0.991136, 113, 217, 144, 280
-0.991149, 273, 169, 336, 232
-0.991152, 321, 257, 352, 320
-0.991222, 273, 201, 336, 232
-0.991243, 153, 257, 216, 320
-0.991252, 145, 313, 176, 375
-0.991295, 345, 185, 376, 248
-0.991344, 405, 257, 436, 320
-0.991353, 309, 257, 340, 320
-0.991448, 277, 169, 308, 232
-0.991491, 53, 185, 84, 248
-0.991562, 361, 289, 424, 352
-0.991664, 357, 185, 388, 248
-0.991668, 321, 257, 448, 320
-0.991675, 233, 241, 264, 304
-0.991692, 17, 217, 144, 280
-0.991742, 69, 185, 100, 248
-0.991774, 329, 185, 392, 248
-0.991811, 405, 185, 436, 248
-0.991813, 333, 257, 364, 320
-0.991813, 57, 185, 120, 248
-0.991826, 221, 241, 252, 304
-0.991828, 93, 185, 124, 248
-0.991832, 305, 297, 336, 360
-0.99184, 125, 193, 156, 320
-0.991844, 81, 185, 112, 248
-0.991845, 165, 273, 196, 336
-0.991886, 105, 185, 136, 248
-0.991892, 345, 313, 376, 375
-0.991895, 129, 185, 160, 248
-0.991904, 361, 237, 424, 268
-0.991919, 369, 185, 432, 248
-0.991923, 181, 169, 212, 232
-0.991953, 321, 177, 352, 240
-0.991975, 153, 177, 184, 240
-0.992087, 1, 97, 256, 224
-0.992113, 305, 241, 336, 368
-0.992157, 401, 129, 464, 375
-0.992169, 353, 249, 416, 280
-0.992169, 1, 201, 500, 264
-0.992169, 257, 177, 384, 240
-0.99218, 193, 33, 256, 288
-0.992209, 89, 225, 152, 352
-0.992271, 385, 297, 416, 360
-0.992289, 113, 233, 240, 296
-0.99233, 145, 233, 208, 264
-0.992393, 209, 249, 336, 312
-0.992438, 25, 225, 88, 352
-0.992439, 321, 237, 384, 268
-0.99248, 433, 249, 464, 312
-0.992488, 145, 289, 272, 352
-0.992496, 189, 145, 220, 272
-0.992518, 225, 249, 288, 312
-0.992615, 1, 233, 32, 296
-0.992619, 169, 1, 232, 375
-0.992685, 389, 273, 420, 336
-0.992699, 153, 193, 216, 224
-0.992703, 281, 289, 312, 352
-0.992709, 121, 213, 184, 244
-0.992715, 233, 1, 296, 375
-0.992727, 249, 257, 280, 320
-0.992728, 429, 177, 460, 240
-0.992775, 9, 193, 40, 320
-0.992781, 1, 225, 128, 352
-0.992787, 309, 177, 340, 240
-0.992842, 249, 33, 312, 288
-0.992906, 417, 265, 448, 328
-0.992922, 341, 289, 372, 352
-0.992934, 217, 33, 280, 288
-0.992936, 121, 305, 184, 368
-0.992945, 305, 185, 432, 248
-0.992975, 385, 297, 448, 360
-0.993021, 345, 313, 408, 375
-0.993034, 129, 201, 384, 264
-0.993038, 209, 1, 272, 375
-0.993059, 337, 289, 400, 352
-0.993075, 417, 193, 448, 320
-0.993094, 217, 201, 280, 232
-0.993118, 333, 177, 364, 240
-0.993134, 233, 313, 296, 375
-0.993149, 369, 273, 496, 336
-0.993151, 433, 145, 496, 272
-0.993169, 257, 1, 320, 375
-0.993174, 417, 185, 448, 248
-0.993183, 1, 241, 64, 368
-0.993236, 161, 257, 288, 320
-0.993272, 337, 205, 368, 236
-0.993281, 161, 201, 192, 232
-0.9933, 453, 185, 484, 248
-0.993307, 445, 233, 476, 296
-0.993313, 369, 233, 496, 296
-0.993318, 333, 313, 364, 375
-0.99333, 73, 221, 136, 252
-0.993335, 281, 289, 344, 352
-0.993364, 153, 273, 184, 336
-0.99338, 273, 33, 336, 288
-0.99338, 397, 305, 428, 368
-0.993434, 225, 97, 480, 224
-0.993467, 145, 217, 208, 248
-0.993496, 17, 129, 144, 256
-0.993507, 137, 217, 168, 248
-0.993573, 241, 313, 272, 375
-0.993588, 305, 193, 368, 224
-0.993614, 273, 313, 304, 375
-0.993616, 321, 313, 352, 375
-0.99362, 393, 213, 456, 244
-0.993646, 309, 205, 340, 236
-0.99365, 381, 241, 412, 368
-0.993675, 469, 313, 500, 375
-0.993696, 149, 205, 180, 236
-0.993727, 325, 205, 356, 236
-0.993727, 125, 233, 156, 296
-0.993733, 393, 237, 456, 268
-0.993734, 97, 225, 160, 256
-0.993756, 369, 253, 400, 284
-0.993766, 261, 305, 292, 368
-0.993772, 353, 209, 416, 240
-0.993775, 177, 257, 208, 320
-0.993784, 337, 1, 400, 375
-0.993807, 49, 221, 112, 252
-0.993825, 189, 217, 220, 248
-0.993827, 89, 129, 152, 256
-0.993868, 25, 177, 56, 304
-0.99388, 369, 185, 400, 248
-0.993881, 185, 201, 248, 232
-0.993896, 33, 129, 96, 256
-0.993913, 405, 281, 436, 344
-0.993914, 405, 217, 436, 248
-0.993922, 357, 249, 388, 280
-0.993941, 429, 289, 460, 352
-0.993947, 137, 33, 200, 288
-0.993966, 257, 233, 500, 296
-0.993982, 245, 201, 276, 232
-0.993989, 397, 249, 428, 280
-0.994, 353, 237, 384, 268
-0.994002, 297, 201, 328, 232
-0.994021, 329, 253, 392, 284
-0.994031, 433, 213, 496, 244
-0.994031, 409, 313, 440, 375
-0.99404, 365, 237, 396, 268
-0.994047, 369, 209, 400, 240
-0.994057, 389, 213, 420, 244
-0.994071, 393, 237, 424, 268
-0.994085, 357, 209, 388, 240
-0.994092, 277, 205, 308, 236
-0.994107, 1, 185, 32, 248
-0.994119, 197, 229, 228, 260
-0.994143, 385, 249, 416, 280
-0.994157, 433, 129, 496, 375
-0.99417, 205, 217, 236, 248
-0.994177, 189, 201, 220, 232
-0.994179, 1, 217, 256, 280
-0.99418, 429, 217, 460, 248
-0.994191, 257, 305, 384, 368
-0.994199, 185, 229, 248, 260
-0.994201, 377, 237, 408, 268
-0.994207, 425, 205, 456, 236
-0.994207, 129, 233, 384, 296
-0.994214, 445, 213, 476, 244
-0.994217, 337, 237, 368, 268
-0.994226, 121, 221, 152, 252
-0.994247, 241, 201, 304, 232
-0.994259, 257, 201, 288, 232
-0.994264, 217, 201, 248, 232
-0.994277, 317, 241, 348, 368
-0.994318, 157, 233, 188, 264
-0.994325, 77, 217, 108, 248
-0.994327, 409, 265, 472, 328
-0.994341, 173, 201, 204, 232
-0.994354, 149, 217, 180, 248
-0.994357, 357, 261, 388, 292
-0.99436, 153, 145, 184, 272
-0.994362, 129, 257, 384, 320
-0.994375, 177, 233, 208, 264
-0.994379, 205, 201, 236, 232
-0.994382, 321, 281, 448, 344
-0.994385, 409, 241, 440, 272
-0.994386, 53, 221, 84, 252
-0.994398, 217, 217, 248, 248
-0.99442, 165, 213, 196, 244
-0.99442, 321, 193, 352, 224
-0.994423, 109, 221, 140, 252
-0.994426, 257, 313, 320, 375
-0.994428, 233, 201, 264, 232
-0.994435, 213, 237, 244, 268
-0.994439, 329, 205, 392, 236
-0.99446, 153, 257, 184, 288
-0.994466, 297, 1, 360, 375
-0.994468, 161, 189, 192, 220
-0.994468, 177, 213, 240, 244
-0.994485, 137, 237, 168, 268
-0.994502, 149, 241, 180, 368
-0.994515, 1, 225, 32, 256
-0.994523, 373, 269, 404, 300
-0.994525, 1, 221, 64, 252
-0.994527, 89, 221, 120, 252
-0.994536, 385, 225, 416, 256
-0.994547, 341, 225, 372, 256
-0.994549, 429, 241, 460, 272
-0.994552, 369, 225, 400, 256
-0.994552, 401, 253, 464, 284
-0.994554, 353, 221, 384, 252
-0.994558, 349, 241, 380, 368
-0.994561, 273, 245, 304, 276
-0.994571, 409, 297, 472, 360
-0.994571, 297, 249, 328, 280
-0.994573, 245, 241, 276, 272
-0.99458, 345, 257, 376, 288
-0.99458, 333, 193, 364, 224
-0.994586, 137, 205, 168, 236
-0.994589, 389, 265, 420, 296
-0.994592, 1, 213, 32, 244
-0.994597, 261, 213, 292, 244
-0.994614, 409, 205, 440, 236
-0.994614, 17, 225, 48, 256
-0.994627, 265, 249, 328, 280
-0.994632, 65, 221, 96, 252
-0.994636, 37, 221, 68, 252
-0.994684, 105, 237, 168, 268
-0.994688, 393, 225, 456, 256
-0.994692, 321, 265, 352, 296
-0.994694, 413, 229, 444, 260
-0.994694, 361, 273, 392, 304
-0.994702, 277, 261, 308, 292
-0.994718, 225, 237, 256, 268
-0.994719, 201, 241, 232, 272
-0.994722, 293, 301, 324, 332
-0.994724, 177, 217, 208, 248
-0.994728, 121, 161, 184, 224
-0.994731, 285, 249, 316, 280
-0.994743, 285, 285, 316, 316
-0.994747, 261, 241, 292, 272
-0.994753, 405, 261, 436, 292
-0.994755, 153, 313, 184, 344
-0.994758, 389, 201, 420, 232
-0.994763, 297, 189, 328, 220
-0.99477, 309, 193, 340, 224
-0.994774, 241, 245, 304, 276
-0.994774, 125, 233, 156, 264
-0.994795, 249, 253, 280, 284
-0.994806, 297, 285, 328, 316
-0.99481, 125, 209, 156, 240
-0.994815, 377, 261, 440, 292
-0.994817, 173, 189, 204, 220
-0.994822, 169, 33, 232, 288
-0.994826, 153, 297, 184, 328
-0.994834, 345, 269, 376, 300
-0.994846, 317, 249, 348, 280
-0.994851, 377, 249, 440, 280
-0.994852, 113, 1, 176, 375
-0.994852, 97, 97, 352, 224
-0.994853, 285, 193, 316, 224
-0.994853, 297, 265, 328, 296
-0.994862, 333, 253, 364, 284
-0.994866, 309, 341, 340, 372
-0.994875, 393, 201, 456, 232
-0.994877, 349, 197, 380, 228
-0.994882, 233, 213, 296, 244
-0.994886, 121, 193, 152, 224
-0.994887, 201, 241, 264, 272
-0.99489, 281, 241, 312, 368
-0.994891, 225, 201, 480, 264
-0.994898, 153, 245, 184, 276
-0.994901, 391, 241, 406, 304
-0.994903, 417, 217, 448, 248
-0.994904, 205, 189, 236, 220
-0.994904, 325, 321, 356, 352
-0.994912, 241, 213, 272, 244
-0.994912, 161, 253, 224, 284
-0.994914, 137, 193, 168, 224
-0.994939, 261, 257, 292, 288
-0.994939, 97, 197, 160, 228
-0.99494, 293, 321, 324, 352
-0.994944, 365, 289, 396, 320
-0.994945, 161, 285, 192, 316
-0.994946, 129, 193, 192, 224
-0.994952, 189, 189, 220, 220
-0.994952, 169, 249, 200, 280
-0.994953, 269, 193, 300, 224
-0.994958, 457, 213, 488, 244
-0.994962, 469, 213, 500, 244
-0.994962, 237, 253, 268, 284
-0.994962, 217, 249, 248, 280
-0.994963, 337, 305, 464, 368
-0.994971, 341, 329, 372, 360
-0.994979, 417, 257, 448, 288
-0.994985, 229, 221, 260, 252
-0.994987, 325, 233, 356, 264
-0.994987, 421, 337, 452, 368
-0.994991, 241, 225, 272, 256
-0.994997, 429, 229, 460, 260
-0.995, 65, 237, 96, 268
-0.995008, 41, 233, 72, 264
-0.995011, 189, 337, 220, 368
-0.995012, 397, 277, 428, 308
-0.995014, 361, 197, 392, 228
-0.995036, 159, 201, 174, 264
-0.995059, 313, 289, 376, 352
-0.995061, 1, 193, 256, 256
-0.995156, 77, 193, 108, 320
-0.995212, 93, 177, 124, 304
-0.995283, 57, 177, 88, 304
-0.995318, 289, 265, 352, 296
-0.995322, 385, 233, 400, 296
-0.995329, 175, 193, 190, 256
-0.995355, 121, 225, 184, 256
-0.995357, 433, 241, 496, 368
-0.995408, 297, 325, 360, 356
-0.995456, 257, 213, 320, 244
-0.995482, 337, 269, 400, 300
-0.995507, 417, 225, 480, 256
-0.995508, 145, 1, 208, 375
-0.995544, 25, 221, 88, 252
-0.99556, 369, 1, 432, 375
-0.995572, 25, 33, 88, 288
-0.995573, 193, 209, 208, 272
-0.995589, 429, 177, 460, 304
-0.995594, 265, 189, 328, 220
-0.995632, 217, 253, 280, 284
-0.995662, 121, 281, 184, 344
-0.995669, 201, 329, 264, 360
-0.995686, 289, 241, 352, 272
-0.995702, 65, 257, 192, 320
-0.995715, 169, 193, 184, 256
-0.995716, 369, 241, 400, 368
-0.99572, 257, 261, 320, 292
-0.995732, 257, 205, 384, 236
-0.995747, 305, 217, 368, 248
-0.995761, 201, 209, 216, 272
-0.995772, 177, 189, 240, 220
-0.995773, 219, 201, 234, 264
-0.995775, 205, 225, 236, 352
-0.995806, 313, 33, 376, 288
-0.995842, 297, 337, 360, 368
-0.995847, 379, 209, 394, 272
-0.995849, 369, 273, 432, 304
-0.995851, 269, 201, 284, 264
-0.995857, 259, 201, 274, 264
-0.99587, 1, 1, 64, 256
-0.995874, 297, 229, 360, 260
-0.99588, 149, 209, 164, 272
-0.995904, 177, 241, 240, 272
-0.995911, 393, 1, 456, 375
-0.995918, 129, 169, 256, 232
-0.995923, 433, 313, 496, 375
-0.995926, 129, 313, 256, 375
-0.995927, 121, 253, 184, 284
-0.995929, 353, 197, 416, 228
-0.995943, 89, 33, 152, 288
-0.995946, 241, 337, 304, 368
-0.995975, 337, 225, 400, 256
-0.995979, 277, 145, 308, 272
-0.99599, 329, 193, 392, 224
-0.996012, 181, 209, 196, 272
-0.996036, 337, 241, 368, 368
-0.996076, 233, 189, 296, 220
-0.996093, 1, 197, 64, 228
-0.996113, 41, 161, 72, 288
-0.996118, 187, 209, 202, 272
-0.996125, 153, 337, 216, 368
-0.996151, 281, 305, 344, 336
-0.996167, 337, 337, 400, 368
-0.996172, 113, 177, 144, 304
-0.996219, 369, 221, 432, 252
-0.996259, 433, 233, 496, 296
-0.996282, 209, 229, 272, 260
-0.996283, 145, 313, 208, 344
-0.996298, 209, 213, 272, 244
-0.996315, 49, 189, 112, 220
-0.99632, 281, 201, 296, 264
-0.996325, 1, 233, 500, 296
-0.996337, 225, 193, 240, 256
-0.996338, 231, 193, 246, 256
-0.996346, 113, 33, 176, 288
-0.996352, 253, 193, 268, 256
-0.996356, 265, 225, 328, 256
-0.996364, 173, 225, 204, 352
-0.996374, 379, 233, 394, 296
-0.996409, 321, 317, 384, 348
-0.99641, 57, 129, 120, 256
-0.996411, 129, 213, 256, 244
-0.996417, 153, 289, 216, 320
-0.99642, 265, 237, 328, 268
-0.996429, 449, 193, 480, 320
-0.996434, 97, 209, 160, 240
-0.996465, 41, 1, 104, 375
-0.996476, 305, 253, 368, 284
-0.996492, 241, 233, 304, 264
-0.996495, 257, 289, 320, 352
-0.996521, 207, 209, 222, 272
-0.996537, 337, 237, 464, 268
-0.996539, 425, 245, 488, 276
-0.996539, 185, 253, 248, 284
-0.996541, 213, 201, 228, 264
-0.996554, 145, 201, 272, 232
-0.996577, 369, 213, 496, 244
-0.99658, 275, 193, 290, 256
-0.996589, 417, 201, 480, 232
-0.996591, 385, 209, 400, 272
-0.996592, 217, 345, 280, 375
-0.996596, 247, 193, 262, 256
-0.996605, 273, 345, 336, 375
-0.99661, 397, 209, 412, 272
-0.996613, 377, 145, 408, 272
-0.996629, 143, 209, 158, 272
-0.996641, 145, 249, 272, 280
-0.996649, 313, 265, 376, 296
-0.996657, 343, 201, 358, 264
-0.996663, 65, 233, 128, 264
-0.996675, 17, 219, 48, 234
-0.996684, 393, 241, 424, 368
-0.996685, 89, 231, 120, 246
-0.996689, 341, 233, 372, 248
-0.996695, 25, 197, 56, 212
-0.996698, 221, 255, 252, 270
-0.996701, 249, 197, 280, 212
-0.996704, 141, 233, 172, 248
-0.996711, 273, 241, 400, 272
-0.996717, 281, 263, 312, 278
-0.996722, 233, 249, 264, 264
-0.996729, 245, 217, 276, 232
-0.996729, 345, 269, 376, 284
-0.996734, 409, 207, 440, 222
-0.996734, 397, 233, 428, 248
-0.996736, 373, 277, 404, 292
-0.996749, 237, 193, 252, 256
-0.99675, 369, 207, 400, 222
-0.996751, 341, 227, 372, 242
-0.996753, 37, 223, 68, 238
-0.996754, 49, 33, 112, 288
-0.996757, 409, 261, 440, 276
-0.996759, 97, 223, 128, 238
-0.996766, 205, 223, 236, 238
-0.996778, 145, 237, 272, 268
-0.996781, 33, 233, 96, 264
-0.996785, 113, 325, 176, 356
-0.996788, 261, 241, 292, 256
-0.996801, 233, 241, 264, 256
-0.996805, 285, 283, 316, 298
-0.996814, 425, 337, 456, 352
-0.996816, 177, 337, 240, 368
-0.996818, 429, 257, 460, 272
-0.996818, 153, 305, 184, 320
-0.996818, 9, 1, 72, 375
-0.99682, 369, 233, 400, 248
-0.996822, 333, 201, 364, 216
-0.996824, 381, 265, 412, 280
-0.996827, 345, 305, 408, 336
-0.996834, 121, 97, 184, 224
-0.996834, 369, 257, 400, 272
-0.996852, 205, 217, 236, 232
-0.996853, 401, 177, 464, 240
-0.996856, 213, 195, 244, 210
-0.996862, 389, 219, 420, 234
-0.996863, 221, 249, 252, 264
-0.996864, 129, 223, 160, 238
-0.996866, 165, 249, 196, 264
-0.99687, 329, 239, 360, 254
-0.996875, 277, 211, 308, 226
-0.99688, 49, 221, 176, 252
-0.996883, 405, 223, 436, 238
-0.996883, 353, 33, 416, 288
-0.996891, 193, 233, 224, 248
-0.996891, 413, 245, 444, 260
-0.996895, 293, 303, 324, 318
-0.996904, 237, 207, 268, 222
-0.996907, 325, 267, 356, 282
-0.996908, 149, 257, 180, 272
-0.996911, 221, 211, 252, 226
-0.996911, 277, 217, 308, 232
-0.996912, 273, 333, 336, 364
-0.996922, 353, 237, 384, 252
-0.996932, 305, 205, 432, 236
-0.996937, 433, 289, 496, 352
-0.996938, 429, 205, 460, 220
-0.99694, 425, 237, 456, 252
-0.996949, 121, 265, 184, 296
-0.996951, 391, 217, 406, 280
-0.996951, 1, 233, 64, 264
-0.996954, 209, 245, 240, 260
-0.996956, 153, 197, 184, 212
-0.996962, 153, 251, 184, 266
-0.996963, 301, 199, 332, 214
-0.996973, 445, 213, 476, 228
-0.996978, 183, 185, 198, 248
-0.996985, 181, 231, 212, 246
-0.996988, 189, 225, 220, 240
-0.996995, 425, 1, 488, 375
-0.997011, 285, 309, 316, 324
-0.997018, 217, 217, 248, 232
-0.99702, 361, 271, 392, 286
-0.997025, 355, 201, 370, 264
-0.99703, 287, 201, 302, 264
-0.997032, 141, 201, 172, 216
-0.997036, 349, 259, 380, 274
-0.997036, 433, 185, 496, 248
-0.997038, 169, 213, 200, 228
-0.997044, 257, 309, 320, 340
-0.997046, 209, 201, 336, 232
-0.997049, 265, 209, 296, 224
-0.997049, 357, 355, 388, 370
-0.997057, 201, 185, 264, 216
-0.997059, 357, 207, 388, 222
-0.997063, 153, 237, 184, 252
-0.997064, 329, 213, 360, 228
-0.99707, 409, 333, 472, 364
-0.99707, 209, 233, 336, 264
-0.99707, 133, 217, 164, 232
-0.997073, 281, 199, 312, 214
-0.997073, 365, 265, 396, 280
-0.997075, 165, 233, 180, 296
-0.997076, 441, 219, 472, 234
-0.997085, 211, 233, 226, 296
-0.997089, 177, 243, 208, 258
-0.997094, 197, 247, 228, 262
-0.997105, 65, 305, 192, 368
-0.997107, 77, 221, 108, 236
-0.997117, 217, 239, 248, 254
-0.99712, 189, 195, 220, 210
-0.997132, 25, 189, 88, 220
-0.997134, 417, 209, 432, 272
-0.99715, 345, 281, 408, 312
-0.997151, 369, 217, 384, 280
-0.997159, 369, 345, 432, 375
-0.997173, 253, 211, 284, 226
-0.997174, 177, 217, 304, 248
-0.99718, 341, 213, 372, 228
-0.997184, 113, 297, 176, 328
-0.997197, 185, 233, 200, 296
-0.997197, 225, 257, 480, 320
-0.997213, 321, 201, 352, 216
-0.99722, 365, 145, 396, 272
-0.997228, 1, 209, 64, 240
-0.997229, 337, 225, 464, 256
-0.99723, 1, 257, 500, 320
-0.997234, 205, 231, 236, 246
-0.997235, 65, 1, 128, 375
-0.997237, 407, 209, 422, 272
-0.997243, 353, 213, 384, 228
-0.997244, 389, 213, 420, 228
-0.997248, 413, 239, 444, 254
-0.997251, 113, 345, 176, 375
-0.997263, 397, 241, 412, 304
-0.997286, 133, 239, 164, 254
-0.997291, 335, 201, 350, 264
-0.997305, 293, 193, 308, 256
-0.997306, 369, 213, 400, 228
-0.997307, 205, 185, 220, 248
-0.997316, 165, 239, 196, 254
-0.997323, 189, 239, 220, 254
-0.997327, 185, 207, 216, 222
-0.997334, 353, 185, 480, 248
-0.997334, 401, 265, 464, 296
-0.997347, 173, 207, 204, 222
-0.997352, 191, 233, 206, 296
-0.99736, 451, 209, 466, 272
-0.997364, 359, 249, 374, 312
-0.997374, 337, 245, 368, 260
-0.997375, 177, 237, 208, 252
-0.997379, 299, 193, 314, 256
-0.99738, 161, 277, 224, 308
-0.997387, 297, 205, 328, 220
-0.997389, 205, 233, 220, 296
-0.997392, 177, 129, 208, 256
-0.997394, 161, 241, 192, 368
-0.997395, 363, 209, 378, 272
-0.997396, 195, 185, 210, 248
-0.997399, 353, 325, 416, 356
-0.997404, 205, 237, 236, 252
-0.997405, 413, 217, 444, 232
-0.997406, 347, 225, 362, 288
-0.997409, 89, 1, 152, 375
-0.99741, 321, 289, 384, 320
-0.997427, 177, 195, 208, 210
-0.997434, 205, 211, 236, 226
-0.997452, 317, 201, 332, 264
-0.997463, 189, 185, 204, 248
-0.997463, 401, 239, 432, 254
-0.997466, 113, 313, 176, 344
-0.997477, 1, 221, 128, 252
-0.997479, 129, 225, 256, 256
-0.99748, 121, 181, 184, 212
-0.997491, 225, 321, 288, 352
-0.997495, 353, 253, 384, 268
-0.997496, 369, 285, 432, 316
-0.997514, 365, 251, 396, 266
-0.997526, 401, 215, 432, 230
-0.997527, 349, 245, 380, 260
-0.997543, 289, 253, 416, 284
-0.997567, 97, 237, 224, 268
-0.997568, 265, 215, 296, 230
-0.997571, 209, 313, 336, 375
-0.997574, 373, 243, 404, 258
-0.997577, 49, 161, 176, 224
-0.997584, 201, 197, 232, 212
-0.997611, 33, 241, 288, 304
-0.997632, 175, 241, 190, 304
-0.997635, 145, 207, 176, 222
-0.997637, 299, 257, 314, 320
-0.997639, 273, 321, 336, 352
-0.997641, 153, 245, 184, 260
-0.997645, 361, 243, 392, 258
-0.997648, 277, 225, 292, 288
-0.99765, 297, 293, 360, 324
-0.997655, 377, 325, 440, 356
-0.997701, 137, 325, 200, 356
-0.997724, 201, 129, 232, 256
-0.997732, 257, 229, 384, 260
-0.997752, 261, 177, 276, 240
-0.997755, 197, 233, 212, 296
-0.997759, 189, 215, 220, 230
-0.997759, 299, 281, 314, 344
-0.997764, 261, 233, 276, 296
-0.99777, 277, 205, 308, 220
-0.997771, 403, 249, 418, 312
-0.997773, 329, 201, 344, 264
-0.997778, 433, 257, 496, 320
-0.997784, 121, 277, 184, 308
-0.99779, 157, 211, 188, 226
-0.997794, 377, 251, 408, 266
-0.997795, 65, 281, 192, 344
-0.997801, 49, 237, 176, 268
-0.997801, 273, 265, 400, 296
-0.997801, 385, 33, 448, 288
-0.997812, 385, 257, 400, 320
-0.997823, 161, 265, 224, 296
-0.997829, 337, 249, 464, 280
-0.997835, 267, 225, 282, 288
-0.997837, 323, 201, 338, 264
-0.997837, 369, 301, 432, 332
-0.997849, 333, 241, 348, 304
-0.997851, 261, 201, 292, 216
-0.997853, 31, 193, 46, 256
-0.997867, 129, 313, 384, 375
-0.997867, 357, 225, 372, 288
-0.997869, 129, 289, 384, 352
-0.997879, 425, 215, 456, 230
-0.997881, 377, 97, 440, 224
-0.997885, 3, 209, 18, 272
-0.9979, 231, 225, 246, 288
-0.997916, 83, 217, 98, 280
-0.997928, 349, 193, 364, 256
-0.99793, 159, 225, 174, 288
-0.997931, 93, 217, 108, 280
-0.997943, 221, 201, 252, 216
-0.99796, 305, 233, 320, 296
-0.99796, 307, 257, 322, 320
-0.997961, 433, 33, 496, 288
-0.997962, 165, 257, 180, 320
-0.997963, 371, 241, 386, 304
-0.997971, 433, 329, 496, 360
-0.997974, 409, 281, 472, 312
-0.997983, 429, 225, 460, 352
-0.997983, 401, 249, 432, 264
-0.997991, 159, 201, 174, 232
-0.997996, 217, 225, 232, 288
-0.998007, 293, 241, 308, 304
-0.998015, 73, 189, 136, 220
-0.998025, 345, 205, 376, 220
-0.998031, 165, 195, 196, 210
-0.998033, 33, 209, 96, 240
-0.998039, 287, 233, 302, 296
-0.998043, 205, 203, 236, 218
-0.998049, 353, 265, 480, 296
-0.998052, 145, 301, 208, 332
-0.998055, 193, 177, 448, 240
-0.998056, 99, 217, 114, 280
-0.998058, 237, 201, 268, 216
-0.998059, 81, 209, 208, 240
-0.998068, 257, 285, 320, 316
-0.998081, 309, 205, 340, 220
-0.998083, 137, 217, 152, 280
-0.998089, 173, 201, 204, 216
-0.998089, 281, 213, 344, 244
-0.998093, 225, 233, 240, 296
-0.998103, 341, 233, 356, 296
-0.998105, 309, 145, 340, 272
-0.998115, 189, 129, 220, 375
-0.99812, 37, 193, 52, 256
-0.998132, 149, 213, 164, 244
-0.998138, 321, 207, 352, 222
-0.998138, 211, 177, 226, 240
-0.998148, 145, 217, 176, 232
-0.998166, 277, 129, 308, 375
-0.998166, 445, 209, 460, 272
-0.99817, 393, 293, 456, 324
-0.998172, 77, 217, 92, 280
-0.998173, 293, 241, 324, 368
-0.998174, 433, 305, 496, 336
-0.998178, 51, 217, 66, 280
-0.998179, 253, 129, 284, 375
-0.998179, 9, 217, 24, 280
-0.998179, 69, 217, 84, 280
-0.998186, 351, 205, 366, 236
-0.998186, 145, 333, 272, 364
-0.998187, 249, 203, 280, 218
-0.998187, 297, 145, 328, 272
-0.998188, 265, 205, 280, 236
-0.998193, 43, 217, 58, 280
-0.998204, 423, 225, 438, 288
-0.998209, 23, 217, 38, 280
-0.998209, 225, 129, 256, 375
-0.99821, 409, 33, 472, 288
-0.998217, 359, 241, 374, 272
-0.998217, 169, 129, 200, 375
-0.998218, 241, 129, 272, 375
-0.998227, 321, 305, 384, 336
-0.998231, 193, 245, 320, 276
-0.998243, 381, 249, 396, 280
-0.99825, 339, 205, 354, 236
-0.998255, 213, 129, 244, 375
-0.998264, 109, 217, 124, 280
-0.998269, 409, 233, 424, 296
-0.998276, 137, 241, 168, 368
-0.998282, 193, 257, 320, 288
-0.998299, 13, 193, 28, 256
-0.9983, 429, 201, 444, 264
-0.998308, 365, 257, 380, 320
-0.99831, 371, 249, 386, 280
-0.998311, 385, 241, 416, 256
-0.998326, 269, 177, 284, 240
-0.99833, 311, 193, 326, 256
-0.998336, 113, 257, 240, 320
-0.998345, 433, 273, 496, 304
-0.998359, 125, 145, 156, 272
-0.998366, 373, 265, 388, 328
-0.998369, 299, 233, 314, 296
-0.998378, 25, 193, 40, 256
-0.998386, 365, 237, 380, 268
-0.998387, 189, 201, 220, 216
-0.998392, 389, 249, 404, 280
-0.998393, 357, 205, 372, 236
-0.998408, 317, 205, 332, 236
-0.998409, 305, 193, 320, 256
-0.998418, 273, 329, 400, 360
-0.998423, 73, 209, 136, 240
-0.998424, 247, 217, 262, 280
-0.998424, 275, 205, 290, 236
-0.998427, 15, 217, 30, 280
-0.998427, 161, 325, 224, 356
-0.998436, 209, 345, 336, 375
-0.998437, 43, 193, 58, 256
-0.998443, 115, 217, 130, 280
-0.998451, 345, 205, 360, 236
-0.998455, 283, 177, 298, 240
-0.998456, 271, 217, 286, 248
-0.998458, 33, 193, 160, 224
-0.99846, 265, 129, 296, 375
-0.998465, 321, 97, 384, 224
-0.998468, 143, 213, 158, 244
-0.998469, 133, 193, 148, 256
-0.998473, 157, 305, 172, 368
-0.998476, 163, 177, 178, 240
-0.998477, 255, 233, 270, 296
-0.998481, 29, 217, 44, 280
-0.998494, 161, 205, 224, 220
-0.998495, 309, 205, 324, 236
-0.998498, 273, 207, 336, 222
-0.998499, 337, 277, 464, 308
-0.998499, 389, 249, 420, 264
-0.998503, 305, 207, 368, 222
-0.998504, 257, 193, 384, 224
-0.998509, 353, 201, 480, 232
-0.998511, 161, 203, 192, 218
-0.998514, 237, 217, 252, 280
-0.998517, 361, 241, 424, 256
-0.998518, 301, 129, 332, 375
-0.998527, 57, 217, 72, 280
-0.998529, 349, 249, 364, 312
-0.998529, 241, 201, 304, 216
-0.99853, 329, 207, 392, 222
-0.998534, 153, 199, 216, 214
-0.998535, 259, 213, 274, 244
-0.998541, 369, 249, 432, 264
-0.998543, 145, 211, 208, 226
-0.998546, 325, 145, 356, 272
-0.998549, 329, 245, 392, 260
-0.998552, 153, 233, 168, 296
-0.998553, 311, 233, 326, 296
-0.998562, 209, 205, 272, 220
-0.998562, 201, 313, 264, 375
-0.998565, 201, 129, 232, 375
-0.998565, 273, 201, 336, 216
-0.998566, 145, 245, 208, 260
-0.998568, 381, 233, 396, 264
-0.998569, 323, 201, 338, 232
-0.998569, 363, 281, 378, 344
-0.998575, 219, 177, 234, 240
-0.998576, 185, 203, 248, 218
-0.998576, 137, 205, 200, 220
-0.998577, 153, 237, 216, 252
-0.998577, 393, 247, 456, 262
-0.99858, 153, 129, 184, 375
-0.99858, 393, 239, 456, 254
-0.998582, 129, 217, 192, 232
-0.998587, 177, 197, 240, 212
-0.998589, 405, 237, 420, 268
-0.99859, 409, 215, 472, 230
-0.998594, 281, 205, 296, 236
-0.998594, 297, 201, 360, 216
-0.998595, 345, 253, 408, 268
-0.998596, 169, 211, 232, 226
-0.998599, 225, 211, 288, 226
-0.998599, 19, 193, 34, 256
-0.998603, 323, 241, 338, 304
-0.998606, 249, 215, 312, 230
-0.998606, 169, 169, 184, 232
-0.998607, 113, 239, 176, 254
-0.998607, 209, 199, 272, 214
-0.998609, 177, 241, 240, 256
-0.99861, 369, 255, 432, 270
-0.998613, 301, 201, 316, 232
-0.998613, 305, 241, 368, 256
-0.998614, 153, 251, 216, 266
-0.998615, 369, 275, 432, 290
-0.998617, 369, 215, 432, 230
-0.998618, 345, 213, 408, 228
-0.99862, 377, 207, 440, 222
-0.998621, 313, 263, 376, 278
-0.998621, 169, 231, 232, 246
-0.998622, 129, 199, 192, 214
-0.998622, 193, 211, 256, 226
-0.998625, 321, 213, 384, 228
-0.998625, 305, 247, 368, 262
-0.998625, 417, 221, 480, 236
-0.998626, 153, 193, 216, 208
-0.998626, 209, 189, 336, 220
-0.998628, 423, 201, 438, 264
-0.998629, 273, 215, 336, 230
-0.998631, 433, 215, 496, 230
-0.998631, 97, 223, 160, 238
-0.998633, 185, 217, 248, 232
-0.998633, 185, 247, 248, 262
-0.998633, 353, 267, 416, 282
-0.998633, 337, 239, 400, 254
-0.998633, 57, 221, 120, 236
-0.998637, 345, 233, 408, 248
-0.998638, 175, 201, 190, 232
-0.998639, 113, 207, 176, 222
-0.998639, 249, 207, 312, 222
-0.998641, 129, 233, 192, 248
-0.998641, 233, 259, 296, 274
-0.998641, 249, 241, 312, 256
-0.998642, 129, 193, 192, 208
-0.998642, 123, 217, 138, 280
-0.998642, 201, 201, 216, 232
-0.998644, 209, 243, 272, 258
-0.998644, 385, 261, 448, 276
-0.998644, 201, 237, 264, 252
-0.998646, 193, 255, 256, 270
-0.998646, 289, 129, 320, 375
-0.998646, 273, 265, 336, 280
-0.998648, 401, 255, 464, 270
-0.998649, 401, 209, 464, 224
-0.998651, 37, 217, 52, 280
-0.998651, 247, 201, 262, 232
-0.998651, 377, 267, 440, 282
-0.998652, 297, 215, 360, 230
-0.998653, 41, 191, 104, 206
-0.998655, 305, 235, 368, 250
-0.998655, 105, 233, 168, 248
-0.998655, 337, 273, 400, 288
-0.998656, 353, 207, 416, 222
-0.998656, 209, 249, 272, 264
-0.998658, 129, 223, 192, 238
-0.998659, 281, 357, 344, 372
-0.99866, 329, 355, 392, 370
-0.99866, 169, 193, 184, 224
-0.99866, 33, 223, 96, 238
-0.99866, 353, 281, 416, 296
-0.99866, 281, 333, 344, 348
-0.998662, 417, 245, 480, 260
-0.998662, 217, 217, 280, 232
-0.998662, 145, 341, 208, 356
-0.998663, 297, 313, 360, 328
-0.998664, 353, 351, 416, 366
-0.998664, 273, 241, 336, 256
-0.998664, 345, 259, 408, 274
-0.998665, 313, 349, 376, 364
-0.998665, 377, 227, 440, 242
-0.998666, 185, 225, 248, 240
-0.998667, 313, 325, 376, 340
-0.998667, 97, 213, 160, 228
-0.99867, 329, 315, 392, 330
-0.99867, 337, 323, 400, 338
-0.99867, 305, 223, 368, 238
-0.998671, 161, 289, 224, 304
-0.998671, 89, 193, 152, 208
-0.998672, 313, 361, 376, 375
-0.998672, 401, 267, 464, 282
-0.998672, 73, 233, 136, 248
-0.998673, 161, 217, 224, 232
-0.998673, 351, 221, 366, 252
-0.998673, 1, 237, 64, 252
-0.998674, 1, 211, 64, 226
-0.998674, 353, 311, 416, 326
-0.998674, 297, 269, 360, 284
-0.998674, 1, 221, 64, 236
-0.998675, 121, 257, 184, 272
-0.998675, 121, 247, 184, 262
-0.998675, 393, 273, 456, 288
-0.998675, 359, 253, 374, 284
-0.998676, 1, 227, 64, 242
-0.998677, 289, 259, 352, 274
-0.998677, 257, 361, 320, 375
-0.998678, 401, 283, 464, 298
-0.998678, 409, 261, 472, 276
-0.998679, 369, 289, 432, 304
-0.998679, 369, 235, 432, 250
-0.998679, 281, 307, 344, 322
-0.99868, 257, 315, 320, 330
-0.998681, 153, 223, 216, 238
-0.998681, 281, 321, 344, 336
-0.998681, 433, 209, 496, 224
-0.998681, 425, 251, 488, 266
-0.998682, 401, 233, 464, 248
-0.998682, 305, 331, 368, 346
-0.998682, 89, 239, 152, 254
-0.998682, 169, 341, 232, 356
-0.998683, 333, 205, 348, 236
-0.998683, 353, 303, 416, 318
-0.998683, 113, 309, 176, 324
-0.998683, 217, 359, 280, 374
-0.998683, 281, 327, 344, 342
-0.998686, 187, 217, 202, 248
-0.998689, 289, 217, 416, 248
-0.998692, 63, 217, 78, 280
-0.998692, 393, 237, 408, 268
-0.998696, 149, 185, 164, 248
-0.998704, 191, 233, 206, 264
-0.998704, 299, 281, 314, 312
-0.998714, 409, 249, 424, 280
-0.998723, 371, 237, 386, 268
-0.998727, 393, 213, 408, 244
-0.998731, 253, 205, 268, 236
-0.998738, 241, 217, 368, 248
-0.998741, 149, 193, 164, 320
-0.998742, 211, 213, 226, 244
-0.998743, 347, 237, 362, 268
-0.998744, 405, 145, 436, 272
-0.998748, 399, 213, 414, 244
-0.998755, 205, 213, 220, 244
-0.998758, 181, 197, 196, 228
-0.99876, 333, 207, 364, 222
-0.998761, 181, 213, 196, 244
-0.998763, 183, 229, 198, 260
-0.998765, 1, 169, 256, 232
-0.998765, 211, 225, 226, 256
-0.998766, 411, 213, 426, 244
-0.998774, 445, 213, 460, 244
-0.99879, 383, 209, 398, 240
-0.998791, 217, 201, 232, 232
-0.998797, 451, 217, 466, 248
-0.998797, 259, 201, 274, 232
-0.998801, 313, 129, 344, 375
-0.998808, 159, 233, 174, 264
-0.998813, 157, 213, 172, 244
-0.998818, 403, 249, 418, 280
-0.998819, 287, 205, 302, 236
-0.998837, 405, 213, 420, 244
-0.998838, 153, 201, 168, 232
-0.998845, 295, 201, 310, 232
-0.998846, 417, 241, 432, 272
-0.998849, 65, 249, 192, 280
-0.99885, 205, 233, 220, 264
-0.99885, 257, 241, 272, 272
-0.998853, 211, 201, 226, 232
-0.998863, 231, 201, 246, 232
-0.998863, 137, 217, 152, 248
-0.998865, 77, 221, 92, 252
-0.998866, 9, 129, 40, 375
-0.998867, 365, 257, 380, 288
-0.998868, 165, 261, 180, 292
-0.998871, 365, 213, 380, 244
-0.998871, 353, 233, 368, 264
-0.998872, 225, 201, 240, 232
-0.998874, 197, 233, 212, 264
-0.998877, 157, 193, 172, 320
-0.998877, 359, 229, 374, 260
-0.998878, 29, 129, 60, 375
-0.998887, 341, 129, 372, 375
-0.998887, 353, 129, 384, 375
-0.998897, 329, 129, 360, 375
-0.998902, 395, 249, 410, 280
-0.998904, 193, 213, 208, 244
-0.998904, 389, 269, 404, 300
-0.998906, 217, 233, 232, 264
-0.99891, 193, 201, 208, 232
-0.998911, 287, 245, 302, 276
-0.998915, 1, 221, 16, 252
-0.998916, 379, 269, 394, 300
-0.998919, 439, 221, 454, 252
-0.99892, 93, 217, 108, 248
-0.99892, 109, 221, 124, 252
-0.998924, 329, 193, 344, 224
-0.99893, 57, 221, 72, 252
-0.998936, 217, 217, 232, 248
-0.998937, 145, 285, 272, 316
-0.99894, 221, 129, 252, 256
-0.998944, 373, 129, 404, 375
-0.998945, 123, 221, 138, 252
-0.998951, 329, 161, 392, 224
-0.998954, 339, 193, 354, 224
-0.998959, 129, 309, 256, 340
-0.99896, 211, 237, 226, 268
-0.998963, 47, 221, 62, 252
-0.998966, 169, 205, 184, 236
-0.998968, 441, 201, 456, 232
-0.998968, 133, 129, 164, 375
-0.99897, 241, 201, 256, 232
-0.998972, 81, 197, 208, 228
-0.998978, 161, 293, 176, 324
-0.998981, 63, 221, 78, 252
-0.998982, 263, 225, 278, 256
-0.998982, 417, 205, 432, 236
-0.998983, 373, 209, 388, 240
-0.998985, 347, 193, 362, 224
-0.998985, 201, 177, 216, 304
-0.998992, 129, 189, 256, 220
-0.998996, 69, 221, 84, 252
-0.998998, 365, 225, 380, 256
-0.998999, 103, 221, 118, 252
-0.999, 265, 193, 280, 224
-0.999001, 65, 129, 96, 375
-0.999001, 193, 177, 208, 304
-0.999004, 7, 221, 22, 252
-0.999004, 353, 161, 416, 224
-0.999014, 85, 129, 116, 375
-0.999016, 257, 297, 500, 360
-0.999019, 399, 237, 414, 268
-0.999021, 305, 289, 432, 320
-0.999023, 397, 129, 428, 375
-0.999024, 411, 233, 426, 264
-0.999025, 163, 177, 178, 304
-0.999027, 331, 257, 346, 288
-0.999027, 169, 177, 184, 304
-0.99903, 165, 233, 180, 264
-0.999031, 225, 233, 240, 264
-0.999034, 281, 241, 296, 272
-0.999035, 299, 297, 314, 328
-0.999039, 173, 233, 188, 264
-0.999039, 121, 129, 152, 375
-0.99904, 263, 241, 278, 272
-0.999041, 83, 217, 98, 248
-0.999041, 101, 129, 132, 375
-0.999047, 373, 225, 388, 256
-0.999049, 117, 221, 132, 252
-0.999049, 187, 197, 202, 228
-0.999057, 293, 249, 308, 280
-0.999058, 253, 193, 268, 224
-0.999062, 317, 193, 332, 224
-0.999063, 287, 229, 302, 260
-0.999064, 163, 217, 178, 248
-0.999067, 441, 241, 456, 272
-0.999069, 97, 177, 352, 240
-0.99907, 311, 193, 326, 224
-0.99907, 359, 269, 374, 300
-0.999072, 49, 129, 80, 375
-0.999085, 155, 313, 170, 344
-0.999088, 175, 177, 190, 304
-0.999092, 407, 201, 422, 232
-0.999092, 341, 237, 356, 268
-0.999092, 353, 253, 368, 284
-0.999114, 217, 177, 232, 304
-0.999135, 145, 345, 272, 375
-0.999142, 389, 193, 404, 320
-0.999149, 425, 129, 456, 375
-0.99915, 97, 337, 224, 368
-0.999153, 341, 145, 372, 272
-0.999166, 321, 317, 448, 348
-0.999177, 379, 193, 394, 320
-0.99918, 1, 177, 500, 240
-0.999183, 225, 333, 352, 364
-0.999202, 409, 129, 440, 375
-0.999203, 207, 177, 222, 304
-0.99923, 1, 289, 500, 352
-0.999244, 137, 145, 168, 272
-0.999247, 385, 129, 416, 375
-0.999252, 65, 301, 192, 332
-0.999277, 209, 321, 336, 352
-0.999283, 1, 313, 256, 375
-0.999297, 9, 169, 72, 232
-0.999301, 13, 145, 44, 272
-0.999305, 269, 193, 284, 320
-0.999323, 223, 177, 238, 304
-0.999333, 245, 33, 276, 288
-0.999336, 81, 325, 208, 356
-0.999337, 257, 33, 288, 288
-0.999343, 321, 301, 448, 332
-0.999345, 399, 193, 414, 320
-0.999345, 193, 33, 224, 288
-0.999347, 281, 33, 312, 288
-0.99935, 229, 33, 260, 288
-0.999357, 231, 177, 246, 304
-0.999358, 181, 33, 212, 288
-0.999364, 165, 33, 196, 288
-0.999372, 1, 233, 128, 264
-0.999379, 209, 33, 240, 288
-0.999387, 65, 269, 192, 300
-0.999388, 241, 309, 368, 340
-0.999406, 237, 177, 252, 304
-0.999415, 143, 193, 158, 320
-0.999418, 145, 321, 272, 352
-0.999421, 321, 329, 448, 360
-0.999426, 145, 97, 208, 224
-0.99943, 33, 205, 160, 236
-0.999432, 259, 193, 274, 320
-0.999433, 337, 345, 464, 375
-0.999437, 9, 241, 72, 304
-0.999437, 241, 253, 368, 284
-0.99946, 251, 177, 266, 304
-0.999461, 277, 193, 292, 320
-0.999467, 187, 177, 202, 304
-0.999486, 245, 177, 260, 304
-0.99949, 181, 177, 196, 304
-0.999502, 145, 265, 272, 296
-0.999514, 153, 33, 184, 288
-0.999531, 65, 289, 192, 320
-0.999532, 355, 259, 370, 274
-0.999533, 285, 215, 300, 230
-0.999533, 161, 195, 176, 210
-0.999533, 177, 211, 192, 226
-0.999533, 335, 201, 350, 216
-0.999533, 147, 239, 162, 254
-0.999533, 217, 195, 232, 210
-0.999533, 387, 275, 402, 290
-0.999534, 211, 247, 226, 262
-0.999534, 203, 217, 218, 232
-0.999534, 359, 239, 374, 254
-0.999534, 191, 243, 206, 258
-0.999535, 393, 213, 408, 228
-0.999535, 385, 219, 400, 234
-0.999535, 345, 239, 360, 254
-0.999536, 181, 241, 196, 256
-0.999536, 417, 223, 432, 238
-0.999536, 45, 223, 60, 238
-0.999537, 205, 243, 220, 258
-0.999538, 405, 215, 420, 230
-0.999538, 197, 243, 212, 258
-0.999539, 209, 195, 224, 210
-0.999539, 363, 233, 378, 248
-0.99954, 211, 241, 226, 256
-0.999542, 295, 193, 310, 320
-0.999542, 399, 213, 414, 228
-0.999542, 193, 209, 208, 224
-0.999543, 453, 215, 468, 230
-0.999543, 393, 285, 408, 300
-0.999544, 445, 217, 460, 232
-0.999544, 219, 211, 234, 226
-0.999544, 163, 233, 178, 248
-0.999544, 367, 241, 382, 256
-0.999545, 375, 253, 390, 268
-0.999546, 163, 243, 178, 258
-0.999546, 225, 239, 240, 254
-0.999548, 261, 197, 276, 212
-0.999548, 411, 215, 426, 230
-0.999549, 365, 259, 380, 274
-0.99955, 167, 211, 182, 226
-0.99955, 353, 215, 368, 230
-0.99955, 289, 203, 304, 218
-0.99955, 183, 229, 198, 244
-0.999551, 431, 215, 446, 230
-0.999551, 303, 207, 318, 222
-0.999552, 365, 193, 380, 320
-0.999553, 283, 205, 298, 220
-0.999553, 157, 243, 172, 258
-0.999554, 369, 211, 384, 226
-0.999555, 141, 223, 156, 238
-0.999555, 153, 207, 168, 222
-0.999556, 157, 249, 172, 264
-0.999556, 415, 239, 430, 254
-0.999557, 379, 213, 394, 228
-0.999558, 295, 207, 310, 222
-0.999562, 199, 211, 214, 226
-0.999562, 197, 237, 212, 252
-0.999562, 249, 199, 264, 214
-0.999564, 267, 217, 282, 232
-0.999565, 355, 205, 370, 220
-0.999565, 419, 217, 434, 232
-0.999565, 169, 239, 184, 254
-0.999566, 387, 255, 402, 270
-0.999566, 415, 247, 430, 262
-0.999567, 183, 211, 198, 226
-0.999568, 175, 239, 190, 254
-0.999569, 235, 201, 250, 216
-0.99957, 309, 205, 324, 220
-0.99957, 219, 239, 234, 254
-0.999571, 257, 215, 272, 230
-0.999573, 205, 237, 220, 252
-0.999573, 317, 203, 332, 218
-0.999574, 423, 239, 438, 254
-0.999574, 439, 215, 454, 230
-0.999575, 391, 243, 406, 258
-0.999575, 347, 213, 362, 228
-0.999576, 371, 247, 386, 262
-0.999577, 175, 197, 190, 212
-0.999577, 269, 201, 284, 216
-0.999577, 183, 235, 198, 250
-0.999578, 193, 215, 208, 230
-0.999578, 165, 201, 180, 216
-0.999578, 373, 241, 388, 256
-0.999578, 143, 217, 158, 232
-0.999578, 297, 283, 312, 298
-0.999579, 357, 245, 372, 260
-0.999579, 277, 203, 292, 218
-0.999579, 191, 237, 206, 252
-0.999579, 211, 233, 226, 248
-0.99958, 277, 209, 292, 224
-0.999582, 405, 239, 420, 254
-0.999583, 205, 211, 220, 226
-0.999585, 257, 203, 272, 218
-0.999586, 385, 213, 400, 228
-0.999587, 265, 211, 280, 226
-0.999587, 213, 201, 228, 216
-0.999588, 211, 211, 226, 226
-0.999588, 353, 193, 368, 320
-0.999588, 329, 205, 344, 220
-0.999592, 241, 203, 256, 218
-0.999592, 359, 211, 374, 226
-0.999592, 351, 245, 366, 260
-0.999596, 229, 201, 244, 216
-0.999597, 171, 203, 186, 218
-0.999597, 341, 207, 356, 222
-0.999598, 401, 249, 416, 264
-0.999603, 169, 195, 184, 210
-0.999604, 263, 203, 278, 218
-0.999606, 195, 203, 210, 218
-0.999606, 399, 241, 414, 256
-0.999608, 273, 345, 400, 375
-0.99961, 219, 201, 234, 216
-0.999611, 187, 205, 202, 220
-0.999612, 273, 215, 288, 230
-0.999612, 381, 245, 396, 260
-0.999613, 409, 247, 424, 262
-0.99962, 203, 197, 218, 212
-0.99962, 207, 203, 222, 218
-0.999621, 269, 33, 300, 288
-0.999621, 177, 203, 192, 218
-0.999623, 251, 205, 266, 220
-0.999628, 369, 253, 384, 268
-0.999628, 407, 193, 422, 320
-0.999628, 323, 193, 338, 320
-0.999633, 195, 195, 210, 210
-0.999634, 329, 193, 344, 320
-0.999636, 159, 211, 174, 226
-0.999636, 189, 199, 204, 214
-0.999641, 201, 203, 216, 218
-0.999643, 323, 205, 338, 220
-0.999643, 391, 249, 406, 264
-0.999644, 159, 203, 174, 218
-0.999646, 289, 193, 304, 320
-0.999646, 181, 197, 196, 212
-0.999648, 149, 215, 164, 230
-0.999657, 349, 207, 364, 222
-0.999661, 21, 1, 52, 256
-0.999661, 129, 297, 256, 328
-0.999664, 293, 33, 324, 288
-0.999665, 381, 251, 396, 266
-0.999669, 449, 129, 480, 375
-0.999674, 283, 193, 298, 320
-0.999675, 257, 1, 500, 128
-0.999677, 301, 193, 316, 320
-0.999682, 317, 193, 332, 320
-0.999682, 359, 253, 374, 268
-0.999684, 343, 193, 358, 320
-0.999685, 409, 241, 440, 368
-0.999696, 461, 129, 492, 375
-0.999701, 329, 33, 360, 288
-0.999711, 335, 207, 350, 222
-0.999715, 305, 193, 432, 224
-0.999715, 233, 129, 264, 256
-0.999719, 317, 33, 348, 288
-0.999726, 353, 289, 480, 320
-0.999733, 45, 33, 76, 288
-0.999734, 137, 33, 168, 288
-0.999748, 253, 129, 284, 256
-0.999751, 305, 33, 336, 288
-0.999757, 307, 193, 322, 320
-0.999774, 65, 313, 192, 344
-0.999776, 9, 33, 40, 288
-0.99978, 65, 33, 96, 288
-0.99978, 33, 1, 64, 256
-0.999782, 437, 129, 468, 375
-0.999797, 359, 193, 374, 320
-0.999804, 389, 145, 420, 272
-0.999805, 49, 345, 176, 375
-0.999817, 371, 193, 386, 320
-0.999819, 233, 225, 264, 352
-0.99982, 391, 241, 406, 368
-0.999825, 341, 33, 372, 288
-0.999847, 413, 33, 444, 288
-0.999848, 415, 193, 430, 320
-0.999852, 117, 33, 148, 288
-0.999869, 105, 33, 136, 288
-0.999872, 369, 301, 496, 332
-0.999876, 383, 241, 398, 368
-0.999896, 337, 193, 352, 320
-0.999896, 85, 33, 116, 288
-0.999921, 357, 33, 388, 288
-0.999946, 97, 305, 160, 368
-0.999955, 29, 177, 44, 304
-0.999976, 163, 241, 178, 368
-0.999978, 137, 177, 152, 304
-0.999979, 389, 33, 420, 288
-0.999985, 421, 193, 436, 320
-0.999996, 21, 193, 36, 320
-1, 209, 153, 272, 216
-1.00001, 373, 33, 404, 288
-1.00002, 397, 241, 412, 368
-1.00002, 13, 193, 28, 320
-1.00003, 211, 225, 226, 352
-1.00004, 165, 129, 196, 256
-1.00005, 65, 181, 192, 212
-1.00005, 35, 177, 50, 304
-1.00005, 377, 241, 392, 368
-1.00005, 257, 49, 500, 176
-1.00006, 7, 193, 22, 320
-1.00009, 465, 33, 496, 288
-1.00009, 299, 241, 314, 368
-1.00009, 131, 177, 146, 304
-1.0001, 95, 177, 110, 304
-1.0001, 401, 33, 432, 288
-1.0001, 43, 177, 58, 304
-1.0001, 425, 33, 456, 288
-1.00011, 265, 129, 296, 256
-1.00011, 151, 145, 166, 272
-1.00011, 451, 193, 466, 320
-1.00012, 445, 33, 476, 288
-1.00012, 169, 241, 184, 368
-1.00012, 357, 241, 372, 368
-1.00013, 103, 177, 118, 304
-1.00013, 429, 177, 444, 304
-1.00014, 1, 273, 256, 336
-1.00014, 319, 241, 334, 368
-1.00014, 439, 193, 454, 320
-1.00015, 65, 177, 80, 304
-1.00016, 307, 241, 322, 368
-1.00016, 289, 277, 416, 308
-1.00016, 349, 241, 364, 368
-1.00017, 1, 345, 128, 375
-1.00017, 157, 145, 172, 272
-1.00017, 331, 241, 346, 368
-1.00017, 79, 177, 94, 304
-1.00018, 57, 177, 72, 304
-1.00018, 117, 177, 132, 304
-1.00019, 81, 241, 144, 304
-1.00019, 89, 177, 104, 304
-1.0002, 49, 161, 64, 288
-1.0002, 109, 177, 124, 304
-1.00021, 405, 241, 420, 368
-1.00021, 257, 297, 384, 328
-1.00021, 153, 241, 168, 368
-1.00021, 181, 129, 196, 256
-1.00021, 71, 177, 86, 304
-1.00022, 211, 129, 226, 256
-1.00023, 445, 193, 460, 320
-1.00023, 369, 313, 496, 344
-1.00024, 123, 177, 138, 304
-1.00024, 373, 145, 388, 272
-1.00025, 261, 145, 276, 272
-1.00026, 275, 145, 290, 272
-1.00026, 167, 129, 182, 256
-1.00027, 381, 145, 396, 272
-1.00027, 389, 145, 404, 272
-1.00029, 199, 129, 214, 256
-1.0003, 287, 241, 302, 368
-1.0003, 205, 225, 220, 352
-1.00031, 187, 225, 202, 352
-1.00033, 187, 129, 202, 256
-1.00033, 1, 193, 16, 320
-1.00033, 341, 241, 356, 368
-1.00034, 325, 241, 340, 368
-1.00035, 17, 333, 144, 364
-1.00036, 143, 145, 158, 272
-1.00036, 363, 241, 378, 368
-1.00037, 15, 145, 30, 272
-1.00037, 323, 145, 338, 272
-1.00037, 21, 145, 36, 272
-1.00037, 303, 145, 318, 272
-1.00037, 175, 129, 190, 256
-1.00038, 337, 145, 352, 272
-1.00039, 223, 129, 238, 256
-1.00039, 413, 241, 428, 368
-1.00039, 17, 181, 144, 212
-1.0004, 225, 225, 240, 352
-1.0004, 395, 145, 410, 272
-1.00041, 371, 241, 386, 368
-1.00041, 239, 129, 254, 256
-1.00041, 249, 129, 264, 256
-1.00042, 241, 225, 256, 352
-1.00042, 407, 145, 422, 272
-1.00043, 269, 145, 284, 272
-1.00043, 205, 129, 220, 256
-1.00044, 293, 145, 308, 272
-1.00044, 313, 241, 328, 368
-1.00045, 287, 145, 302, 272
-1.00045, 193, 129, 208, 256
-1.00045, 229, 129, 244, 256
-1.00046, 259, 241, 274, 368
-1.00046, 369, 333, 496, 364
-1.00046, 311, 145, 326, 272
-1.00047, 329, 145, 344, 272
-1.00047, 233, 225, 248, 352
-1.00047, 253, 241, 268, 368
-1.00048, 57, 241, 120, 304
-1.00048, 417, 145, 432, 272
-1.00048, 281, 145, 296, 272
-1.00049, 145, 177, 272, 208
-1.00049, 225, 269, 352, 300
-1.0005, 485, 177, 500, 304
-1.0005, 293, 241, 308, 368
-1.0005, 217, 225, 232, 352
-1.0005, 41, 313, 104, 375
-1.00053, 353, 189, 480, 220
-1.00054, 245, 225, 276, 352
-1.00066, 353, 145, 384, 272
-1.00067, 1, 313, 500, 375
-1.00068, 321, 161, 448, 224
-1.00068, 269, 241, 300, 368
-1.00075, 33, 161, 96, 224
-1.00081, 1, 169, 128, 232
-1.00081, 33, 241, 96, 304
-1.00083, 81, 161, 144, 224
-1.00087, 1, 293, 128, 324
-1.00089, 193, 177, 320, 208
-1.00094, 217, 225, 248, 352
-1.00094, 145, 165, 272, 196
-1.00096, 65, 33, 320, 160
-1.00096, 273, 181, 400, 212
-1.00099, 177, 313, 240, 375
-1.001, 241, 285, 368, 316
-1.00103, 41, 209, 72, 336
-1.00103, 433, 97, 496, 224
-1.00106, 377, 161, 440, 224
-1.00112, 97, 153, 352, 216
-1.00118, 65, 169, 192, 200
-1.00119, 1, 317, 128, 348
-1.00123, 1, 265, 128, 296
-1.00126, 225, 81, 288, 208
-1.00127, 1, 313, 64, 375
-1.00127, 129, 153, 256, 184
-1.00129, 177, 301, 304, 332
-1.00129, 209, 157, 336, 188
-1.00132, 337, 173, 464, 204
-1.00132, 17, 305, 144, 336
-1.00134, 1, 281, 128, 312
-1.00134, 1, 169, 128, 200
-1.00134, 369, 1, 496, 32
-1.00135, 289, 169, 416, 200
-1.00139, 1, 1, 128, 32
-1.0014, 145, 153, 208, 216
-1.0014, 289, 133, 416, 164
-1.0014, 113, 141, 240, 172
-1.0014, 241, 169, 368, 200
-1.00141, 353, 161, 480, 192
-1.00142, 209, 81, 336, 208
-1.00143, 369, 13, 496, 44
-1.00144, 65, 133, 192, 164
-1.00146, 273, 153, 400, 184
-1.00147, 193, 289, 320, 320
-1.0015, 461, 177, 492, 304
-1.0015, 1, 145, 32, 272
-1.00152, 257, 33, 384, 64
-1.00153, 209, 37, 336, 68
-1.00153, 321, 89, 448, 120
-1.00153, 97, 61, 224, 92
-1.00153, 321, 69, 448, 100
-1.00154, 49, 1, 176, 32
-1.00154, 369, 73, 496, 104
-1.00154, 353, 145, 480, 176
-1.00155, 369, 25, 496, 56
-1.00155, 17, 49, 144, 80
-1.00155, 161, 1, 288, 32
-1.00156, 241, 1, 368, 32
-1.00157, 177, 17, 304, 48
-1.00157, 57, 161, 120, 224
-1.00158, 81, 49, 208, 80
-1.00158, 17, 253, 144, 284
-1.0016, 33, 21, 160, 52
-1.0016, 177, 145, 304, 176
-1.0016, 369, 37, 496, 68
-1.0016, 353, 57, 480, 88
-1.0016, 337, 133, 464, 164
-1.00161, 17, 33, 144, 64
-1.00161, 49, 121, 176, 152
-1.00162, 289, 121, 416, 152
-1.00162, 161, 129, 288, 160
-1.00163, 81, 157, 208, 188
-1.00164, 1, 157, 128, 188
-1.00167, 177, 153, 304, 216
-1.00173, 97, 281, 160, 344
-1.0018, 193, 241, 224, 368
-1.00182, 21, 225, 52, 352
-1.00182, 193, 153, 448, 216
-1.00184, 305, 153, 368, 216
-1.00188, 77, 145, 108, 272
-1.00191, 289, 97, 416, 224
-1.00194, 17, 241, 144, 304
-1.00196, 25, 1, 88, 128
-1.00202, 193, 129, 448, 192
-1.00202, 345, 97, 408, 224
-1.0022, 109, 225, 140, 352
-1.00222, 257, 153, 384, 216
-1.00226, 225, 273, 352, 336
-1.00226, 417, 145, 448, 272
-1.00227, 9, 1, 72, 64
-1.00231, 257, 1, 500, 64
-1.00232, 201, 81, 264, 208
-1.00234, 1, 137, 256, 200
-1.00238, 161, 49, 416, 176
-1.0024, 93, 225, 124, 352
-1.00243, 1, 97, 64, 224
-1.00245, 249, 81, 312, 208
-1.00246, 273, 65, 336, 192
-1.00248, 53, 225, 84, 352
-1.0026, 225, 25, 480, 88
-1.00262, 33, 273, 96, 336
-1.00263, 73, 313, 136, 375
-1.00267, 257, 225, 288, 352
-1.00274, 33, 81, 96, 208
-1.00278, 65, 65, 320, 128
-1.00278, 65, 97, 192, 224
-1.00279, 409, 97, 472, 224
-1.00285, 225, 49, 480, 112
-1.00287, 225, 105, 480, 168
-1.00287, 1, 17, 64, 144
-1.00292, 97, 129, 352, 192
-1.00292, 1, 145, 64, 208
-1.00292, 129, 105, 384, 168
-1.00296, 1, 113, 256, 176
-1.00302, 225, 81, 480, 144
-1.00305, 65, 17, 320, 80
-1.00306, 1, 153, 500, 216
-1.00309, 1, 313, 128, 375
-1.0031, 65, 225, 96, 352
-1.00311, 297, 81, 360, 208
-1.00315, 169, 65, 232, 192
-1.00316, 65, 41, 320, 104
-1.00318, 249, 33, 312, 160
-1.0032, 1, 289, 64, 352
-1.00325, 201, 289, 264, 352
-1.00327, 441, 241, 472, 368
-1.0033, 65, 1, 128, 128
-1.0033, 161, 1, 416, 128
-1.00333, 337, 97, 464, 224
-1.00337, 33, 89, 288, 152
-1.00341, 361, 137, 424, 200
-1.00342, 65, 273, 128, 336
-1.00344, 225, 289, 288, 352
-1.00346, 121, 241, 152, 368
-1.00348, 113, 145, 240, 208
-1.00355, 25, 129, 56, 256
-1.00358, 161, 1, 416, 64
-1.00367, 201, 17, 264, 144
-1.00373, 433, 17, 496, 144
-1.00375, 9, 265, 72, 328
-1.00393, 209, 129, 336, 192
-1.00393, 429, 129, 460, 256
-1.00394, 9, 241, 40, 368
-1.00402, 73, 49, 136, 176
-1.00411, 1, 273, 128, 336
-1.00416, 33, 1, 96, 64
-1.00422, 433, 1, 496, 64
-1.00422, 161, 1, 224, 128
-1.00423, 313, 129, 376, 192
-1.00436, 385, 137, 448, 200
-1.0044, 233, 145, 296, 208
-1.00441, 225, 33, 288, 160
-1.00445, 49, 89, 112, 152
-1.00447, 337, 137, 400, 200
-1.00447, 409, 49, 472, 176
-1.0045, 233, 113, 296, 176
-1.0045, 145, 65, 272, 192
-1.00451, 289, 129, 352, 192
-1.00458, 145, 105, 272, 168
-1.0046, 369, 113, 432, 176
-1.00464, 1, 49, 500, 112
-1.00471, 321, 49, 448, 176
-1.00478, 169, 137, 232, 200
-1.0048, 65, 129, 96, 256
-1.00487, 73, 49, 136, 112
-1.00487, 97, 49, 160, 112
-1.00487, 289, 121, 416, 184
-1.00488, 433, 161, 496, 224
-1.00491, 1, 9, 500, 72
-1.00493, 57, 17, 120, 80
-1.00494, 1, 33, 128, 96
-1.00495, 97, 129, 128, 256
-1.00496, 273, 17, 336, 144
-1.00496, 25, 25, 88, 88
-1.00497, 17, 1, 144, 64
-1.00498, 257, 121, 320, 184
-1.005, 113, 129, 144, 256
-1.00501, 265, 33, 328, 96
-1.00501, 161, 113, 224, 176
-1.00505, 65, 121, 192, 184
-1.00506, 1, 33, 128, 160
-1.0051, 321, 49, 384, 176
-1.00512, 137, 129, 200, 192
-1.00513, 353, 113, 480, 176
-1.00514, 105, 49, 168, 176
-1.00515, 297, 33, 360, 160
-1.00515, 185, 265, 248, 328
-1.00516, 361, 49, 424, 176
-1.0052, 161, 129, 288, 192
-1.0052, 1, 25, 64, 88
-1.0052, 241, 33, 304, 96
-1.0052, 369, 1, 496, 64
-1.00522, 1, 129, 500, 192
-1.00522, 369, 49, 496, 176
-1.00523, 369, 73, 496, 136
-1.00526, 113, 1, 176, 128
-1.00527, 353, 137, 480, 200
-1.0053, 313, 97, 376, 160
-1.0053, 409, 113, 472, 176
-1.00533, 385, 49, 448, 176
-1.00535, 17, 89, 80, 152
-1.00535, 193, 113, 256, 176
-1.00539, 53, 129, 84, 256
-1.00546, 225, 105, 352, 168
-1.00549, 65, 73, 192, 136
-1.0055, 49, 49, 176, 176
-1.00551, 461, 129, 492, 256
-1.00551, 193, 33, 320, 160
-1.0056, 273, 89, 400, 152
-1.00563, 97, 49, 224, 112
-1.00567, 1, 89, 128, 152
-1.00568, 369, 33, 496, 96
-1.00569, 409, 1, 472, 128
-1.00571, 161, 1, 288, 64
-1.00571, 1, 73, 500, 136
-1.00571, 41, 113, 72, 240
-1.00578, 321, 57, 448, 120
-1.00578, 161, 73, 288, 136
-1.0058, 241, 33, 368, 160
-1.00581, 209, 41, 336, 104
-1.00582, 321, 1, 384, 128
-1.00584, 1, 145, 128, 208
-1.00586, 81, 241, 112, 368
-1.006, 369, 161, 496, 224
-1.00602, 1, 105, 500, 168
-1.00608, 1, 81, 128, 208
-1.00608, 113, 1, 240, 128
-1.00609, 441, 145, 472, 272
-1.00609, 369, 1, 496, 128
-1.00611, 1, 57, 128, 120
-1.00612, 189, 97, 220, 224
-1.00614, 65, 17, 192, 80
-1.00614, 257, 33, 384, 96
-1.00618, 49, 49, 176, 112
-1.00624, 145, 49, 208, 176
-1.00629, 321, 89, 448, 152
-1.0063, 137, 1, 200, 128
-1.00637, 113, 17, 240, 80
-1.00637, 49, 97, 176, 160
-1.00647, 225, 65, 352, 128
-1.00651, 257, 9, 384, 72
-1.00655, 305, 33, 432, 96
-1.00658, 209, 1, 336, 64
-1.00664, 469, 225, 500, 352
-1.00673, 89, 1, 152, 128
-1.0068, 161, 25, 288, 88
-1.00686, 385, 1, 448, 128
-1.00687, 361, 1, 424, 128
-1.00691, 1, 113, 128, 176
-1.00695, 49, 1, 176, 128
-1.00698, 161, 49, 288, 112
-1.00706, 321, 1, 448, 64
-1.00709, 273, 65, 400, 128
-1.00714, 277, 97, 308, 224
-1.00717, 113, 73, 240, 136
-1.00724, 97, 97, 224, 160
-1.00729, 349, 97, 380, 224
-1.00732, 453, 241, 484, 368
-1.00741, 289, 1, 416, 128
-1.00777, 369, 97, 400, 224
-1.00777, 405, 97, 436, 224
-1.0078, 297, 97, 328, 224
-1.00795, 321, 97, 352, 224
-1.00818, 333, 97, 364, 224
-1.00825, 9, 97, 40, 224
-1.00826, 309, 97, 340, 224
-1.0084, 149, 97, 180, 224
-1.00853, 37, 1, 68, 128
-1.00863, 233, 81, 264, 208
-1.00865, 385, 97, 416, 224
-1.00879, 97, 49, 224, 176
-1.00887, 53, 33, 84, 160
-1.00896, 253, 49, 284, 176
-1.00915, 13, 17, 44, 144
-1.00923, 213, 81, 244, 208
-1.00924, 25, 1, 56, 128
-1.0093, 25, 81, 56, 208
-1.00935, 441, 97, 472, 224
-1.00943, 469, 1, 500, 128
-1.00945, 137, 97, 168, 224
-1.0095, 65, 33, 96, 160
-1.00955, 233, 33, 264, 160
-1.00956, 81, 97, 112, 224
-1.00963, 269, 33, 300, 160
-1.00967, 465, 65, 496, 192
-1.00972, 313, 49, 344, 176
-1.00973, 57, 81, 88, 208
-1.00975, 85, 1, 116, 128
