1970
-0.294193, 1, 1, 500, 375
-0.372159, 1, 129, 500, 375
-0.471694, 1, 1, 500, 256
-0.497076, 257, 1, 500, 375
-0.569735, 161, 1, 416, 375
-0.640203, 33, 1, 288, 375
-0.671125, 129, 129, 384, 375
-0.70138, 257, 97, 500, 352
-0.704373, 33, 129, 288, 375
-0.755896, 257, 1, 500, 256
-0.793259, 161, 1, 416, 256
-0.850294, 305, 1, 432, 375
-0.854396, 1, 33, 256, 288
-0.868336, 369, 1, 496, 375
-0.876651, 129, 129, 256, 375
-0.884164, 305, 65, 432, 320
-0.884583, 257, 1, 384, 375
-0.886486, 369, 97, 496, 352
-0.88875, 33, 129, 160, 375
-0.895756, 1, 193, 500, 320
-0.896597, 81, 129, 208, 375
-0.901838, 209, 129, 336, 375
-0.907337, 1, 129, 500, 256
-0.908282, 1, 241, 500, 368
-0.913178, 257, 129, 384, 375
-0.917373, 369, 1, 496, 256
-0.917628, 1, 81, 500, 208
-0.918166, 1, 17, 500, 144
-0.920292, 65, 1, 192, 375
-0.920328, 193, 225, 448, 352
-0.921782, 1, 1, 128, 375
-0.921912, 145, 1, 272, 375
-0.925513, 65, 177, 320, 304
-0.931272, 257, 1, 384, 256
-0.932949, 209, 1, 336, 375
-0.933292, 257, 177, 500, 304
-0.933471, 1, 33, 128, 288
-0.935026, 49, 33, 176, 288
-0.938593, 161, 177, 416, 304
-0.938928, 33, 225, 288, 352
-0.940088, 257, 1, 500, 128
-0.941302, 65, 193, 192, 320
-0.944405, 257, 49, 500, 176
-0.944858, 129, 129, 384, 256
-0.94527, 241, 209, 368, 336
-0.945295, 161, 33, 288, 288
-0.946353, 225, 129, 480, 256
-0.94729, 209, 33, 336, 288
-0.947843, 193, 241, 320, 368
-0.948069, 297, 177, 360, 304
-0.94811, 129, 193, 192, 320
-0.948216, 97, 1, 224, 256
-0.949615, 33, 129, 288, 256
-0.949939, 105, 193, 168, 320
-0.951817, 1, 177, 128, 304
-0.952216, 129, 161, 256, 288
-0.953495, 289, 193, 416, 320
-0.955766, 49, 145, 176, 272
-0.95668, 129, 225, 256, 352
-0.956735, 193, 177, 320, 304
-0.957091, 241, 209, 304, 336
-0.957269, 65, 241, 192, 368
-0.957761, 273, 193, 336, 320
-0.96096, 369, 177, 496, 304
-0.961172, 113, 201, 176, 264
-0.961274, 49, 161, 112, 288
-0.961424, 161, 33, 416, 160
-0.963116, 209, 193, 272, 320
-0.963264, 289, 113, 416, 240
-0.96332, 337, 145, 400, 272
-0.963527, 57, 241, 120, 368
-0.964031, 257, 241, 320, 304
-0.964622, 289, 201, 352, 264
-0.964922, 17, 209, 80, 336
-0.96507, 89, 145, 152, 272
-0.965897, 321, 49, 448, 176
-0.966582, 417, 1, 480, 128
-0.966641, 145, 145, 208, 272
-0.966899, 81, 225, 144, 352
-0.966933, 17, 241, 144, 368
-0.967082, 385, 161, 448, 288
-0.967449, 193, 241, 256, 368
-0.967483, 105, 241, 168, 368
-0.967614, 97, 233, 160, 296
-0.967914, 361, 209, 424, 336
-0.968231, 321, 209, 384, 336
-0.968488, 321, 1, 448, 128
-0.968668, 161, 81, 416, 208
-0.968737, 73, 257, 136, 320
-0.969103, 97, 113, 224, 240
-0.969338, 369, 97, 496, 224
-0.969681, 1, 129, 128, 256
-0.970051, 297, 225, 360, 352
-0.970126, 265, 145, 328, 272
-0.970166, 369, 17, 496, 144
-0.970244, 233, 257, 296, 320
-0.970428, 129, 241, 192, 368
-0.970516, 401, 81, 464, 208
-0.971314, 241, 145, 368, 272
-0.971427, 289, 225, 352, 288
-0.971471, 1, 81, 256, 208
-0.971894, 137, 201, 200, 264
-0.972194, 273, 241, 336, 368
-0.97236, 97, 257, 160, 320
-0.972367, 65, 265, 192, 328
-0.972452, 193, 129, 320, 256
-0.972628, 65, 281, 128, 344
-0.972876, 305, 129, 368, 256
-0.97298, 9, 265, 72, 328
-0.972998, 177, 129, 240, 256
-0.973124, 233, 161, 296, 288
-0.973196, 209, 145, 272, 272
-0.973258, 121, 265, 184, 328
-0.973299, 41, 289, 104, 352
-0.973426, 49, 209, 176, 272
-0.973944, 217, 241, 280, 368
-0.973962, 1, 65, 128, 192
-0.974151, 225, 225, 288, 288
-0.974301, 153, 281, 216, 344
-0.974917, 89, 209, 152, 272
-0.975013, 113, 129, 176, 256
-0.975286, 385, 209, 448, 336
-0.975314, 169, 209, 232, 336
-0.975818, 121, 225, 184, 288
-0.97589, 9, 297, 72, 360
-0.975962, 57, 193, 120, 256
-0.976008, 49, 257, 112, 320
-0.976204, 265, 209, 328, 272
-0.976407, 41, 225, 104, 288
-0.976448, 137, 193, 168, 320
-0.976505, 369, 33, 432, 160
-0.976537, 209, 209, 336, 272
-0.976568, 337, 225, 464, 352
-0.977053, 273, 1, 400, 128
-0.977108, 145, 241, 272, 304
-0.977189, 97, 169, 160, 232
-0.977395, 393, 1, 456, 128
-0.97742, 17, 113, 80, 240
-0.977498, 313, 193, 376, 256
-0.977532, 233, 201, 296, 264
-0.977667, 337, 233, 400, 296
-0.97774, 1, 249, 128, 312
-0.977972, 377, 209, 440, 272
-0.978029, 193, 249, 256, 312
-0.978114, 353, 97, 416, 224
-0.978119, 377, 129, 440, 375
-0.978145, 257, 241, 384, 304
-0.978152, 301, 193, 332, 320
-0.978206, 361, 161, 424, 288
-0.978306, 25, 161, 88, 288
-0.978381, 405, 97, 436, 224
-0.9786, 305, 249, 368, 312
-0.978709, 289, 193, 320, 320
-0.978799, 65, 113, 128, 240
-0.978828, 305, 225, 432, 288
-0.978866, 133, 201, 164, 264
-0.978909, 89, 97, 152, 224
-0.978924, 305, 129, 368, 375
-0.979237, 49, 97, 176, 224
-0.979279, 273, 49, 400, 176
-0.979706, 33, 185, 160, 248
-0.97971, 269, 193, 300, 320
-0.979749, 353, 145, 416, 208
-0.979894, 337, 177, 400, 240
-0.979896, 417, 209, 480, 336
-0.979994, 397, 145, 428, 272
-0.980091, 113, 217, 240, 280
-0.980117, 145, 113, 272, 240
-0.980226, 89, 129, 152, 375
-0.980331, 161, 209, 288, 272
-0.980355, 153, 129, 216, 375
-0.98037, 433, 233, 496, 296
-0.98041, 61, 281, 92, 344
-0.980632, 17, 241, 80, 304
-0.980978, 65, 217, 128, 280
-0.981004, 65, 161, 96, 288
-0.981071, 345, 65, 408, 320
-0.981096, 385, 177, 448, 240
-0.981137, 57, 129, 120, 375
-0.981148, 401, 65, 464, 320
-0.981188, 313, 49, 376, 176
-0.981327, 269, 249, 300, 312
-0.98135, 233, 281, 296, 344
-0.981359, 313, 225, 376, 288
-0.98138, 1, 33, 256, 160
-0.981447, 57, 169, 120, 232
-0.981451, 401, 137, 464, 200
-0.981461, 397, 177, 428, 240
-0.98148, 321, 1, 384, 128
-0.981605, 257, 193, 288, 320
-0.981635, 161, 265, 288, 328
-0.981642, 241, 265, 368, 328
-0.98171, 281, 241, 312, 304
-0.981761, 317, 177, 348, 304
-0.981862, 45, 209, 76, 336
-0.981981, 245, 193, 276, 320
-0.982075, 145, 193, 176, 256
-0.982083, 1, 17, 128, 144
-0.98212, 17, 281, 144, 344
-0.98217, 421, 1, 452, 128
-0.982303, 209, 241, 336, 304
-0.982396, 1, 217, 128, 280
-0.982409, 317, 193, 348, 256
-0.982444, 145, 225, 208, 288
-0.982521, 17, 177, 80, 240
-0.982591, 121, 201, 152, 264
-0.982655, 129, 289, 256, 352
-0.982715, 97, 241, 224, 304
-0.98275, 321, 57, 448, 120
-0.982777, 409, 1, 472, 64
-0.982801, 185, 129, 248, 375
-0.982828, 113, 129, 176, 375
-0.982837, 41, 289, 72, 352
-0.982874, 105, 289, 168, 352
-0.982923, 257, 257, 288, 320
-0.982924, 121, 177, 184, 240
-0.983023, 409, 113, 472, 176
-0.983066, 265, 185, 328, 248
-0.983069, 433, 1, 496, 64
-0.983071, 281, 209, 312, 272
-0.983185, 401, 121, 432, 184
-0.983239, 369, 217, 496, 280
-0.983291, 417, 49, 448, 176
-0.983295, 121, 193, 152, 320
-0.983309, 377, 81, 440, 208
-0.983334, 425, 49, 488, 176
-0.983335, 121, 313, 184, 375
-0.983351, 149, 193, 180, 320
-0.983444, 265, 97, 328, 352
-0.983469, 301, 201, 332, 264
-0.983521, 113, 145, 176, 208
-0.983634, 345, 201, 408, 264
-0.983731, 193, 273, 256, 336
-0.983808, 293, 225, 324, 288
-0.98381, 145, 161, 208, 224
-0.983822, 105, 241, 136, 304
-0.983868, 321, 1, 384, 375
-0.983873, 369, 233, 432, 296
-0.983986, 393, 1, 456, 375
-0.984131, 101, 209, 132, 272
-0.984236, 85, 265, 116, 328
-0.984246, 117, 233, 148, 296
-0.98427, 257, 217, 384, 280
-0.984289, 273, 265, 336, 328
-0.984328, 129, 169, 256, 232
-0.984344, 145, 217, 176, 280
-0.984355, 209, 129, 272, 375
-0.984412, 69, 257, 100, 320
-0.984491, 401, 217, 464, 280
-0.984525, 409, 129, 472, 256
-0.984682, 409, 257, 472, 320
-0.9847, 289, 241, 416, 368
-0.984727, 61, 193, 92, 256
-0.984769, 53, 305, 84, 368
-0.984805, 377, 89, 440, 152
-0.984829, 421, 1, 452, 64
-0.984831, 61, 241, 92, 368
-0.984896, 397, 153, 428, 216
-0.984912, 33, 129, 96, 375
-0.984926, 393, 209, 424, 272
-0.984945, 65, 169, 96, 232
-0.984986, 385, 9, 448, 72
-0.984996, 97, 313, 160, 375
-0.985005, 129, 225, 160, 288
-0.985032, 17, 153, 80, 216
-0.985086, 157, 201, 188, 264
-0.985102, 413, 65, 444, 128
-0.985111, 245, 265, 276, 328
-0.98524, 209, 185, 272, 248
-0.985283, 133, 177, 164, 240
-0.985298, 113, 81, 176, 208
-0.985376, 105, 193, 136, 320
-0.985407, 169, 233, 232, 296
-0.985414, 369, 57, 432, 120
-0.98542, 337, 193, 368, 320
-0.98553, 409, 49, 472, 112
-0.985532, 313, 33, 376, 288
-0.985709, 37, 257, 68, 320
-0.985747, 17, 65, 80, 192
-0.985784, 113, 121, 176, 184
-0.985815, 177, 297, 240, 360
-0.985837, 401, 81, 464, 144
-0.985861, 409, 89, 440, 152
-0.985876, 321, 105, 448, 168
-0.985945, 345, 1, 408, 375
-0.986006, 377, 121, 440, 184
-0.98601, 169, 161, 232, 224
-0.986011, 1, 161, 128, 224
-0.986027, 193, 225, 256, 288
-0.986042, 113, 193, 240, 256
-0.986063, 149, 273, 180, 336
-0.986128, 133, 145, 164, 272
-0.986176, 249, 209, 280, 272
-0.986237, 17, 217, 80, 280
-0.986269, 265, 161, 328, 224
-0.986358, 73, 193, 104, 256
-0.98642, 45, 225, 76, 288
-0.986423, 73, 281, 104, 344
-0.986511, 49, 257, 80, 320
-0.986518, 133, 265, 164, 328
-0.986532, 313, 169, 376, 232
-0.986551, 405, 201, 436, 264
-0.986566, 385, 193, 416, 320
-0.986566, 357, 209, 388, 336
-0.986653, 89, 193, 120, 256
-0.986653, 237, 233, 268, 296
-0.986701, 109, 137, 140, 200
-0.986727, 417, 25, 480, 88
-0.986733, 329, 201, 360, 264
-0.986748, 265, 217, 296, 280
-0.986753, 105, 205, 168, 236
-0.986777, 209, 185, 336, 248
-0.986821, 121, 145, 152, 272
-0.986848, 233, 129, 296, 375
-0.986873, 421, 25, 452, 88
-0.986878, 9, 97, 72, 352
-0.986883, 209, 161, 336, 224
-0.986891, 1, 161, 64, 288
-0.986907, 369, 233, 400, 296
-0.98691, 345, 49, 408, 176
-0.986918, 433, 265, 496, 328
-0.986919, 257, 193, 384, 256
-0.986957, 73, 145, 136, 208
-0.986959, 169, 281, 200, 344
-0.986974, 313, 49, 376, 112
-0.986974, 221, 193, 252, 320
-0.987064, 321, 9, 448, 72
-0.987074, 97, 265, 128, 328
-0.987081, 117, 297, 148, 360
-0.987103, 345, 225, 376, 288
-0.987157, 409, 177, 440, 240
-0.987163, 413, 121, 444, 184
-0.987239, 217, 153, 280, 216
-0.987241, 305, 201, 432, 264
-0.987258, 13, 265, 44, 328
-0.987263, 157, 225, 188, 288
-0.987295, 89, 121, 152, 184
-0.987306, 157, 145, 188, 272
-0.987345, 121, 177, 152, 240
-0.987363, 433, 1, 464, 64
-0.987371, 29, 209, 60, 336
-0.987395, 77, 193, 108, 320
-0.987436, 221, 241, 252, 368
-0.987452, 69, 313, 100, 375
-0.987465, 305, 225, 336, 288
-0.987488, 1, 257, 32, 320
-0.987515, 17, 129, 80, 192
-0.987528, 89, 241, 120, 304
-0.987599, 357, 225, 388, 288
-0.987642, 49, 241, 176, 304
-0.987715, 289, 129, 416, 192
-0.987805, 105, 33, 168, 288
-0.987855, 49, 161, 176, 224
-0.987885, 25, 265, 56, 328
-0.987998, 201, 297, 264, 360
-0.988024, 305, 145, 368, 208
-0.988043, 129, 289, 160, 352
-0.988051, 57, 217, 88, 280
-0.988086, 393, 97, 424, 160
-0.98809, 129, 289, 192, 352
-0.988114, 377, 153, 440, 216
-0.988114, 221, 257, 252, 320
-0.988116, 377, 33, 440, 288
-0.988179, 109, 185, 140, 248
-0.988205, 289, 17, 352, 144
-0.988237, 353, 121, 416, 184
-0.988354, 209, 81, 336, 208
-0.988357, 285, 241, 316, 368
-0.988379, 305, 169, 432, 232
-0.988384, 145, 249, 208, 312
-0.988398, 337, 81, 464, 144
-0.988402, 33, 233, 64, 296
-0.988424, 381, 225, 412, 288
-0.988431, 5, 289, 36, 352
-0.988436, 157, 169, 188, 232
-0.988517, 409, 153, 440, 216
-0.988519, 113, 113, 144, 176
-0.988531, 385, 33, 448, 96
-0.988576, 385, 153, 416, 216
-0.98858, 409, 225, 440, 288
-0.988645, 337, 177, 368, 240
-0.988662, 73, 305, 136, 368
-0.988689, 121, 265, 152, 328
-0.98874, 77, 169, 108, 232
-0.988753, 141, 241, 172, 304
-0.988774, 233, 193, 264, 320
-0.988779, 273, 57, 400, 120
-0.988796, 345, 57, 376, 120
-0.988811, 333, 225, 364, 288
-0.988821, 469, 241, 500, 304
-0.988887, 53, 161, 84, 288
-0.988909, 457, 273, 488, 336
-0.988942, 453, 225, 484, 288
-0.988957, 233, 273, 264, 336
-0.98897, 245, 241, 276, 368
-0.988974, 369, 1, 432, 375
-0.988975, 369, 169, 496, 232
-0.989011, 153, 249, 184, 312
-0.989016, 441, 241, 472, 304
-0.989027, 369, 145, 496, 208
-0.989121, 81, 217, 112, 280
-0.989126, 397, 193, 428, 320
-0.989206, 409, 1, 440, 64
-0.989217, 169, 209, 232, 272
-0.989226, 29, 297, 60, 360
-0.989245, 357, 57, 388, 120
-0.989287, 177, 137, 240, 200
-0.989292, 141, 241, 172, 368
-0.989299, 221, 185, 252, 248
-0.989346, 113, 313, 240, 375
-0.989354, 321, 225, 352, 288
-0.989356, 21, 225, 52, 288
-0.989369, 289, 169, 352, 232
-0.989383, 209, 241, 240, 368
-0.989389, 181, 289, 212, 352
-0.989395, 93, 193, 124, 320
-0.989396, 49, 313, 112, 375
-0.989437, 53, 169, 84, 232
-0.989447, 285, 265, 316, 328
-0.989476, 341, 145, 372, 272
-0.989504, 369, 41, 496, 104
-0.989523, 149, 297, 180, 360
-0.989565, 137, 137, 168, 200
-0.989578, 397, 233, 428, 296
-0.989601, 469, 265, 500, 328
-0.989642, 17, 289, 48, 352
-0.989661, 225, 225, 256, 288
-0.989675, 125, 121, 156, 184
-0.989679, 297, 1, 360, 375
-0.989698, 297, 177, 328, 240
-0.989699, 421, 225, 452, 288
-0.989717, 301, 257, 332, 320
-0.989745, 1, 105, 128, 168
-0.989785, 345, 289, 408, 352
-0.989792, 385, 177, 416, 240
-0.989801, 389, 129, 420, 192
-0.989827, 369, 121, 496, 184
-0.989827, 125, 153, 156, 216
-0.989831, 129, 65, 256, 192
-0.989834, 73, 241, 104, 368
-0.989873, 237, 209, 268, 272
-0.989894, 113, 89, 144, 152
-0.989895, 121, 225, 184, 256
-0.989912, 113, 193, 176, 224
-0.989916, 369, 225, 400, 352
-0.98993, 433, 129, 496, 375
-0.990023, 273, 241, 336, 272
-0.990027, 265, 97, 328, 224
-0.990036, 177, 297, 304, 360
-0.990042, 269, 193, 300, 256
-0.990042, 129, 313, 160, 375
-0.990053, 289, 145, 320, 272
-0.990056, 113, 265, 240, 328
-0.990072, 9, 17, 72, 144
-0.9901, 129, 213, 192, 244
-0.990111, 361, 177, 424, 240
-0.990143, 201, 297, 232, 360
-0.990143, 81, 277, 144, 308
-0.990149, 213, 145, 244, 208
-0.990152, 357, 249, 388, 312
-0.990177, 397, 33, 428, 96
-0.990187, 65, 33, 128, 288
-0.990196, 89, 105, 120, 168
-0.99022, 313, 249, 344, 312
-0.99026, 1, 73, 32, 136
-0.990266, 121, 1, 184, 375
-0.990284, 129, 281, 192, 312
-0.990288, 133, 97, 164, 160
-0.99029, 421, 97, 452, 160
-0.99029, 457, 249, 488, 312
-0.990305, 341, 201, 372, 264
-0.990321, 69, 225, 100, 288
-0.990347, 305, 33, 432, 96
-0.990362, 417, 1, 480, 375
-0.990364, 297, 229, 360, 260
-0.990372, 249, 257, 312, 288
-0.990379, 97, 153, 128, 216
-0.99044, 317, 169, 348, 232
-0.990471, 89, 97, 152, 160
-0.990491, 425, 1, 488, 256
-0.990545, 269, 241, 300, 368
-0.990561, 65, 1, 128, 375
-0.990664, 345, 57, 408, 120
-0.990692, 97, 265, 160, 296
-0.990736, 33, 289, 96, 320
-0.990744, 433, 161, 496, 288
-0.990779, 109, 113, 140, 240
-0.990836, 289, 33, 352, 288
-0.990838, 405, 49, 436, 176
-0.99092, 257, 221, 320, 252
-0.990948, 289, 205, 352, 236
-0.990986, 17, 209, 48, 336
-0.991009, 225, 1, 352, 128
-0.991026, 409, 161, 472, 224
-0.991036, 97, 233, 352, 296
-0.991081, 337, 257, 400, 320
-0.991108, 57, 281, 120, 312
-0.991135, 425, 289, 488, 352
-0.991142, 321, 17, 384, 80
-0.991142, 385, 273, 448, 336
-0.99115, 105, 293, 168, 324
-0.991154, 161, 209, 192, 336
-0.99116, 49, 261, 112, 292
-0.991184, 257, 241, 288, 368
-0.991237, 89, 249, 152, 280
-0.991238, 9, 297, 72, 328
-0.991259, 65, 137, 192, 200
-0.991289, 81, 205, 144, 236
-0.991312, 145, 145, 176, 272
-0.991336, 369, 193, 496, 256
-0.991362, 305, 249, 432, 312
-0.991401, 385, 145, 416, 272
-0.991472, 9, 1, 72, 256
-0.991479, 145, 97, 208, 224
-0.991521, 265, 1, 328, 375
-0.991576, 129, 145, 256, 208
-0.991649, 369, 17, 496, 80
-0.991654, 89, 193, 152, 224
-0.991668, 97, 1, 160, 375
-0.991696, 1, 73, 128, 136
-0.991712, 133, 201, 164, 232
-0.991724, 225, 265, 288, 296
-0.991785, 97, 129, 128, 256
-0.991939, 301, 145, 332, 272
-0.991953, 121, 201, 152, 232
-0.991976, 225, 289, 352, 352
-0.992089, 433, 1, 464, 128
-0.992148, 385, 217, 448, 248
-0.992233, 137, 105, 200, 168
-0.992261, 121, 241, 152, 368
-0.992266, 1, 185, 500, 248
-0.992268, 177, 65, 240, 192
-0.992287, 345, 233, 408, 264
-0.99229, 1, 273, 256, 336
-0.992317, 97, 217, 160, 248
-0.992336, 257, 225, 500, 288
-0.992347, 177, 185, 240, 248
-0.992382, 145, 217, 176, 248
-0.992393, 353, 249, 480, 312
-0.992395, 49, 313, 176, 375
-0.992406, 297, 217, 360, 248
-0.992413, 353, 145, 384, 272
-0.992476, 289, 81, 352, 208
-0.992512, 441, 225, 472, 352
-0.99253, 417, 97, 448, 224
-0.992573, 209, 97, 272, 224
-0.992577, 161, 293, 224, 324
-0.992589, 1, 241, 500, 304
-0.992623, 389, 49, 420, 176
-0.992658, 357, 65, 388, 192
-0.992687, 89, 237, 152, 268
-0.99272, 65, 65, 128, 192
-0.992723, 97, 325, 160, 356
-0.992752, 1, 1, 64, 375
-0.992753, 121, 313, 184, 344
-0.992761, 409, 177, 440, 304
-0.992763, 65, 209, 320, 272
-0.992833, 57, 289, 88, 320
-0.992844, 161, 33, 224, 288
-0.992849, 225, 233, 288, 264
-0.992854, 233, 217, 296, 248
-0.992859, 145, 225, 208, 256
-0.992877, 209, 33, 272, 288
-0.992888, 97, 185, 352, 248
-0.992895, 273, 105, 400, 168
-0.9929, 9, 65, 72, 128
-0.992919, 1, 273, 64, 304
-0.992927, 9, 145, 40, 272
-0.992933, 133, 213, 164, 244
-0.992934, 1, 129, 128, 192
-0.992939, 337, 49, 368, 176
-0.992968, 337, 1, 368, 128
-0.99297, 289, 241, 320, 272
-0.992971, 257, 261, 288, 292
-0.993013, 9, 41, 72, 104
-0.993014, 317, 197, 348, 228
-0.99304, 221, 145, 252, 272
-0.993062, 57, 249, 120, 280
-0.993072, 257, 249, 500, 312
-0.993117, 409, 1, 440, 128
-0.993119, 277, 249, 308, 280
-0.993125, 133, 229, 164, 260
-0.993125, 1, 49, 32, 176
-0.99315, 401, 81, 464, 112
-0.993175, 137, 1, 200, 256
-0.993179, 141, 189, 172, 220
-0.993214, 93, 241, 124, 368
-0.99323, 305, 253, 368, 284
-0.993269, 421, 1, 452, 32
-0.993275, 37, 293, 68, 324
-0.993288, 121, 189, 152, 220
-0.993321, 161, 209, 416, 272
-0.993341, 285, 221, 316, 252
-0.993348, 257, 49, 500, 112
-0.993354, 409, 85, 440, 116
-0.993369, 25, 1, 88, 375
-0.99337, 397, 177, 428, 208
-0.993385, 121, 213, 152, 244
-0.993395, 289, 25, 352, 88
-0.993395, 361, 33, 424, 96
-0.993402, 265, 1, 328, 256
-0.993437, 81, 145, 112, 272
-0.993442, 245, 265, 276, 296
-0.993449, 265, 209, 328, 240
-0.993474, 145, 1, 208, 375
-0.99348, 173, 225, 204, 352
-0.993486, 353, 161, 416, 192
-0.993487, 113, 89, 176, 152
-0.993502, 57, 305, 88, 336
-0.993516, 201, 253, 264, 284
-0.993532, 425, 229, 488, 260
-0.993565, 421, 17, 452, 48
-0.993567, 69, 285, 100, 316
-0.993574, 185, 1, 248, 375
-0.993588, 301, 237, 332, 268
-0.99359, 401, 229, 464, 260
-0.993616, 25, 261, 88, 292
-0.993617, 145, 229, 176, 260
-0.993621, 241, 33, 368, 96
-0.993623, 401, 153, 432, 184
-0.99364, 45, 305, 76, 336
-0.993647, 129, 289, 160, 320
-0.993674, 405, 109, 436, 140
-0.993675, 425, 73, 488, 136
-0.993706, 241, 161, 304, 224
-0.993719, 377, 229, 440, 260
-0.993725, 81, 289, 208, 352
-0.993731, 121, 237, 184, 268
-0.993731, 157, 213, 188, 244
-0.99375, 149, 309, 180, 340
-0.993756, 301, 213, 332, 244
-0.993767, 145, 201, 176, 232
-0.99377, 109, 205, 140, 236
-0.993774, 433, 209, 496, 272
-0.993776, 305, 313, 368, 375
-0.993777, 209, 213, 272, 244
-0.993784, 133, 317, 164, 348
-0.993806, 257, 25, 500, 88
-0.993807, 393, 213, 424, 244
-0.99382, 409, 185, 472, 248
-0.993822, 269, 225, 300, 256
-0.993828, 81, 281, 112, 312
-0.993828, 61, 201, 92, 232
-0.99383, 405, 121, 436, 152
-0.993833, 313, 197, 376, 228
-0.993834, 153, 213, 216, 244
-0.99385, 117, 241, 148, 272
-0.99386, 121, 317, 152, 348
-0.993862, 73, 185, 104, 216
-0.993866, 73, 257, 104, 288
-0.993876, 417, 29, 448, 60
-0.99388, 81, 293, 144, 324
-0.99388, 317, 129, 348, 256
-0.993891, 41, 333, 104, 364
-0.993899, 397, 165, 428, 196
-0.993903, 409, 97, 440, 128
-0.993907, 1, 1, 64, 64
-0.993917, 61, 185, 92, 216
-0.993921, 233, 113, 296, 240
-0.993924, 401, 297, 464, 360
-0.993926, 357, 233, 388, 264
-0.993934, 309, 225, 340, 256
-0.99394, 129, 113, 256, 176
-0.993971, 397, 189, 428, 220
-0.993977, 17, 185, 80, 216
-0.993982, 65, 105, 128, 168
-0.993984, 61, 329, 92, 360
-0.993999, 185, 33, 248, 288
-0.994002, 413, 73, 444, 104
-0.994005, 65, 165, 96, 196
-0.994009, 397, 201, 428, 232
-0.994024, 225, 1, 288, 375
-0.994031, 17, 169, 80, 200
-0.994031, 1, 49, 128, 112
-0.994037, 217, 253, 248, 284
-0.994039, 389, 225, 420, 256
-0.994042, 313, 337, 344, 368
-0.994045, 49, 217, 112, 248
-0.994068, 65, 205, 192, 236
-0.994098, 177, 137, 304, 200
-0.994116, 373, 233, 404, 264
-0.994132, 85, 261, 116, 292
-0.994132, 57, 201, 120, 232
-0.994143, 9, 269, 40, 300
-0.994148, 105, 141, 136, 172
-0.994148, 105, 257, 136, 288
-0.994149, 73, 197, 104, 228
-0.994171, 433, 1, 496, 32
-0.994175, 237, 253, 268, 284
-0.994177, 85, 201, 116, 232
-0.994178, 249, 217, 280, 248
-0.994183, 169, 241, 232, 272
-0.994186, 145, 277, 176, 308
-0.994191, 433, 5, 464, 36
-0.994192, 297, 241, 328, 368
-0.994193, 97, 269, 128, 300
-0.994204, 313, 57, 376, 88
-0.994205, 1, 261, 64, 292
-0.994209, 117, 133, 148, 164
-0.99421, 121, 269, 184, 300
-0.994212, 125, 97, 156, 224
-0.994215, 409, 241, 472, 272
-0.994216, 345, 233, 376, 264
-0.994224, 417, 61, 448, 92
-0.994229, 49, 253, 80, 284
-0.994244, 5, 289, 36, 320
-0.994247, 57, 189, 120, 220
-0.994252, 425, 29, 488, 60
-0.994258, 385, 177, 448, 208
-0.994258, 49, 329, 80, 360
-0.994258, 145, 201, 208, 232
-0.99426, 409, 9, 440, 40
-0.994263, 93, 249, 124, 280
-0.994275, 133, 137, 164, 168
-0.994275, 433, 249, 496, 280
-0.994276, 129, 241, 160, 272
-0.994277, 153, 193, 168, 256
-0.99428, 193, 153, 448, 216
-0.994292, 357, 61, 388, 92
-0.994305, 401, 233, 432, 264
-0.994306, 157, 233, 188, 264
-0.994309, 113, 329, 144, 360
-0.994316, 117, 297, 148, 328
-0.994327, 13, 253, 44, 284
-0.994327, 1, 273, 500, 336
-0.994334, 233, 273, 264, 304
-0.994337, 101, 217, 132, 248
-0.994347, 173, 289, 204, 320
-0.994364, 325, 225, 356, 256
-0.994366, 113, 225, 144, 256
-0.994368, 417, 41, 448, 72
-0.994371, 353, 149, 416, 180
-0.994371, 141, 289, 172, 320
-0.994375, 97, 237, 128, 268
-0.994384, 269, 237, 300, 268
-0.994388, 345, 61, 376, 92
-0.994396, 225, 245, 288, 276
-0.9944, 321, 241, 384, 272
-0.994401, 105, 193, 136, 224
-0.994404, 53, 225, 84, 256
-0.994405, 113, 121, 144, 152
-0.994408, 289, 209, 320, 240
-0.994412, 193, 161, 256, 224
-0.994412, 405, 133, 436, 164
-0.994422, 89, 181, 152, 212
-0.994422, 133, 125, 164, 156
-0.994428, 17, 297, 48, 328
-0.994435, 393, 97, 424, 224
-0.994437, 65, 317, 96, 348
-0.994439, 369, 249, 400, 280
-0.994458, 437, 305, 468, 336
-0.99447, 229, 213, 260, 244
-0.994471, 37, 233, 68, 264
-0.994472, 69, 305, 100, 336
-0.994476, 409, 169, 440, 200
-0.994478, 65, 273, 192, 304
-0.994481, 201, 129, 232, 256
-0.994485, 405, 217, 436, 248
-0.994487, 445, 229, 476, 260
-0.994491, 137, 113, 168, 144
-0.994493, 393, 33, 456, 64
-0.994498, 429, 221, 460, 252
-0.994499, 157, 277, 188, 308
-0.994499, 41, 229, 104, 260
-0.994501, 305, 201, 336, 232
-0.994502, 77, 173, 108, 204
-0.994505, 465, 269, 496, 300
-0.994506, 129, 253, 160, 284
-0.994506, 457, 245, 488, 276
-0.994511, 397, 85, 428, 116
-0.994516, 1, 249, 256, 312
-0.994519, 101, 333, 132, 364
-0.99452, 393, 17, 456, 48
-0.994525, 249, 277, 280, 308
-0.994527, 393, 245, 424, 276
-0.994528, 29, 261, 60, 292
-0.994531, 125, 265, 156, 296
-0.994534, 421, 89, 452, 120
-0.994538, 329, 189, 360, 220
-0.994538, 177, 149, 240, 180
-0.994541, 121, 253, 184, 284
-0.994542, 61, 261, 92, 292
-0.994549, 321, 325, 352, 356
-0.99455, 33, 161, 288, 224
-0.994552, 93, 117, 124, 148
-0.994563, 161, 257, 416, 320
-0.994584, 345, 1, 408, 128
-0.994591, 241, 277, 304, 308
-0.994631, 289, 1, 352, 64
-0.994647, 297, 345, 360, 375
-0.994693, 201, 153, 264, 184
-0.9947, 81, 17, 144, 144
-0.994702, 273, 241, 400, 272
-0.99473, 113, 149, 176, 180
-0.99473, 411, 113, 426, 176
-0.994734, 97, 297, 352, 360
-0.994737, 353, 89, 416, 152
-0.994737, 137, 129, 200, 192
-0.99474, 265, 129, 328, 192
-0.994747, 289, 49, 352, 112
-0.994757, 33, 249, 96, 280
-0.994758, 233, 33, 296, 288
-0.994758, 145, 309, 208, 340
-0.994763, 273, 249, 288, 312
-0.994775, 233, 241, 264, 368
-0.9948, 81, 337, 144, 368
-0.994807, 421, 209, 452, 336
-0.994822, 49, 305, 112, 336
-0.994833, 401, 165, 464, 196
-0.994838, 393, 149, 456, 180
-0.994851, 17, 197, 80, 228
-0.994881, 353, 177, 416, 208
-0.994882, 113, 113, 176, 144
-0.994889, 361, 69, 424, 100
-0.994927, 409, 129, 472, 160
-0.99493, 321, 225, 384, 256
-0.994949, 105, 125, 168, 156
-0.994983, 147, 193, 162, 256
-0.995016, 57, 165, 120, 196
-0.995036, 17, 157, 80, 188
-0.995043, 411, 161, 426, 224
-0.995072, 413, 89, 428, 152
-0.995074, 289, 265, 352, 296
-0.995078, 65, 321, 128, 352
-0.995096, 297, 241, 360, 272
-0.995099, 397, 1, 428, 128
-0.995101, 141, 201, 156, 264
-0.995103, 457, 225, 488, 352
-0.995126, 135, 201, 150, 264
-0.995129, 385, 205, 448, 236
-0.99515, 1, 25, 128, 88
-0.995165, 429, 1, 444, 64
-0.995166, 377, 85, 440, 116
-0.995173, 417, 117, 480, 148
-0.995176, 321, 289, 448, 352
-0.995177, 289, 193, 352, 224
-0.995178, 425, 17, 488, 48
-0.99521, 289, 229, 416, 260
-0.995226, 33, 217, 160, 248
-0.995232, 65, 289, 80, 352
-0.995256, 257, 193, 500, 256
-0.995261, 277, 145, 308, 272
-0.995263, 185, 229, 248, 260
-0.99527, 209, 257, 336, 288
-0.99527, 1, 209, 500, 272
-0.995292, 425, 261, 488, 292
-0.995293, 33, 33, 96, 288
-0.995309, 209, 237, 336, 268
-0.995324, 241, 221, 368, 252
-0.99534, 113, 181, 176, 212
-0.995346, 193, 301, 256, 332
-0.995352, 1, 145, 500, 208
-0.995353, 177, 169, 240, 200
-0.995364, 5, 241, 36, 368
-0.99537, 329, 145, 360, 272
-0.995378, 401, 273, 464, 304
-0.99539, 253, 145, 284, 272
-0.995395, 403, 153, 418, 216
-0.995431, 263, 257, 278, 320
-0.995431, 281, 233, 296, 296
-0.995435, 193, 281, 256, 312
-0.995435, 9, 89, 72, 152
-0.995435, 361, 265, 424, 328
-0.995437, 65, 237, 128, 268
-0.995451, 153, 281, 216, 312
-0.995454, 209, 201, 272, 232
-0.995459, 57, 177, 120, 208
-0.995476, 81, 169, 144, 200
-0.995497, 65, 137, 320, 200
-0.995514, 9, 233, 72, 264
-0.995519, 81, 105, 208, 168
-0.995525, 405, 129, 420, 192
-0.995525, 81, 49, 208, 176
-0.995532, 145, 189, 208, 220
-0.99554, 369, 241, 432, 272
-0.995583, 325, 225, 356, 352
-0.995596, 337, 209, 400, 240
-0.99561, 369, 57, 432, 88
-0.995615, 161, 269, 288, 300
-0.995623, 153, 161, 216, 192
-0.995625, 291, 241, 306, 304
-0.995631, 435, 1, 450, 64
-0.995635, 265, 197, 328, 228
-0.995644, 225, 129, 480, 192
-0.995671, 89, 97, 152, 128
-0.99568, 317, 193, 332, 256
-0.995687, 369, 297, 432, 360
-0.9957, 73, 261, 136, 292
-0.995722, 313, 165, 376, 196
-0.995739, 201, 265, 264, 296
-0.995758, 417, 69, 480, 100
-0.995774, 89, 109, 152, 140
-0.995779, 73, 217, 136, 248
-0.995796, 105, 137, 168, 168
-0.995806, 17, 253, 144, 284
-0.995813, 257, 1, 500, 64
-0.995817, 265, 273, 328, 304
-0.995831, 257, 81, 384, 144
-0.995837, 145, 237, 208, 268
-0.995855, 345, 249, 408, 280
-0.995879, 257, 89, 500, 152
-0.99588, 67, 169, 82, 232
-0.99588, 381, 97, 412, 224
-0.995881, 113, 221, 240, 252
-0.995903, 113, 217, 128, 280
-0.995909, 399, 177, 414, 240
-0.995949, 33, 289, 160, 320
-0.995953, 373, 177, 404, 304
-0.995967, 303, 225, 318, 288
-0.995978, 287, 209, 302, 272
-0.995988, 265, 313, 328, 375
-0.996003, 53, 289, 68, 352
-0.996004, 91, 257, 106, 320
-0.996012, 169, 257, 232, 320
-0.996026, 17, 205, 144, 236
-0.996051, 293, 217, 308, 280
-0.996052, 33, 193, 160, 224
-0.996076, 297, 241, 312, 304
-0.996086, 113, 65, 144, 192
-0.996106, 193, 221, 320, 252
-0.996115, 197, 225, 228, 352
-0.996121, 145, 313, 208, 375
-0.99615, 59, 289, 74, 352
-0.996153, 413, 137, 428, 200
-0.996181, 161, 241, 288, 272
-0.996214, 121, 233, 136, 296
-0.996236, 341, 241, 372, 368
-0.996252, 145, 209, 272, 240
-0.996259, 257, 253, 384, 284
-0.996267, 1, 265, 128, 296
-0.996295, 185, 225, 216, 352
-0.996308, 321, 61, 448, 92
-0.996343, 113, 233, 240, 264
-0.99635, 121, 193, 136, 256
-0.996387, 331, 193, 346, 256
-0.996403, 419, 65, 434, 128
-0.996403, 73, 281, 88, 344
-0.996447, 5, 97, 36, 224
-0.996453, 145, 301, 272, 332
-0.996454, 47, 289, 62, 352
-0.996505, 127, 233, 142, 296
-0.996519, 77, 257, 92, 320
-0.996522, 69, 113, 100, 240
-0.996534, 153, 217, 168, 280
-0.996569, 419, 121, 434, 184
-0.996587, 65, 81, 128, 144
-0.996608, 71, 257, 86, 320
-0.996613, 29, 161, 60, 288
-0.996615, 257, 257, 272, 320
-0.996633, 1, 297, 256, 360
-0.996647, 1, 1, 128, 64
-0.99665, 419, 89, 434, 152
-0.99666, 337, 233, 464, 264
-0.996674, 225, 1, 352, 64
-0.996677, 41, 113, 104, 240
-0.996682, 145, 253, 272, 284
-0.996688, 309, 209, 324, 272
-0.996691, 159, 193, 174, 256
-0.996724, 321, 113, 448, 144
-0.996733, 427, 25, 442, 88
-0.996742, 395, 201, 410, 264
-0.996742, 77, 177, 92, 240
-0.996747, 297, 121, 360, 184
-0.996754, 273, 9, 400, 72
-0.996758, 351, 217, 366, 280
-0.99676, 303, 201, 318, 264
-0.99678, 97, 249, 112, 312
-0.996799, 189, 129, 220, 256
-0.996803, 177, 153, 304, 184
-0.996811, 209, 177, 240, 304
-0.996845, 83, 249, 98, 312
-0.996856, 137, 49, 200, 176
-0.996863, 271, 217, 286, 280
-0.996865, 81, 281, 96, 344
-0.996868, 321, 245, 448, 276
-0.996872, 133, 225, 148, 288
-0.99688, 1, 185, 256, 248
-0.996887, 145, 225, 160, 288
-0.996917, 97, 285, 224, 316
-0.996919, 321, 125, 448, 156
-0.996924, 405, 65, 436, 320
-0.996938, 405, 177, 420, 240
-0.996942, 1, 17, 500, 80
-0.996959, 423, 1, 438, 64
-0.99697, 59, 313, 74, 375
-0.99697, 1, 113, 256, 176
-0.996971, 237, 145, 268, 272
-0.996988, 185, 17, 248, 144
-0.996994, 241, 269, 368, 300
-0.997052, 265, 145, 296, 272
-0.997063, 239, 265, 254, 328
-0.997064, 65, 265, 80, 328
-0.997087, 81, 261, 208, 292
-0.997099, 55, 265, 70, 328
-0.997115, 165, 235, 196, 250
-0.997117, 1, 1, 32, 128
-0.997121, 417, 129, 448, 144
-0.997125, 5, 259, 36, 274
-0.997127, 357, 129, 372, 192
-0.997127, 297, 215, 328, 230
-0.997127, 209, 209, 336, 240
-0.997127, 325, 227, 356, 242
-0.997128, 101, 241, 132, 256
-0.997128, 113, 193, 240, 224
-0.997142, 61, 257, 92, 272
-0.997146, 145, 117, 176, 132
-0.997149, 61, 189, 92, 204
-0.997152, 127, 209, 142, 272
-0.99716, 129, 315, 160, 330
-0.997164, 413, 65, 428, 128
-0.997177, 265, 1, 328, 128
-0.997178, 177, 145, 208, 272
-0.997179, 157, 113, 188, 128
-0.997179, 155, 273, 170, 336
-0.99718, 17, 269, 48, 284
-0.99718, 109, 333, 140, 348
-0.997183, 133, 139, 164, 154
-0.997185, 33, 181, 160, 212
-0.99719, 101, 111, 132, 126
-0.99719, 411, 185, 426, 248
-0.997195, 407, 209, 422, 272
-0.997196, 233, 265, 264, 280
-0.997199, 323, 185, 338, 248
-0.997208, 397, 189, 428, 204
-0.997215, 145, 209, 176, 224
-0.99722, 397, 165, 428, 180
-0.99722, 127, 177, 142, 240
-0.99722, 125, 127, 156, 142
-0.997225, 177, 17, 304, 144
-0.99723, 357, 233, 388, 248
-0.997236, 417, 65, 448, 80
-0.997238, 133, 117, 164, 132
-0.997243, 245, 233, 276, 248
-0.997244, 397, 201, 428, 216
-0.997245, 113, 135, 144, 150
-0.997245, 393, 217, 424, 232
-0.997246, 409, 101, 440, 116
-0.997252, 409, 225, 440, 352
-0.997253, 73, 203, 104, 218
-0.997254, 345, 63, 376, 78
-0.997256, 61, 195, 92, 210
-0.997256, 305, 223, 336, 238
-0.997258, 25, 301, 56, 316
-0.997261, 401, 149, 432, 164
-0.997261, 321, 37, 448, 68
-0.997262, 141, 97, 172, 224
-0.997262, 17, 263, 48, 278
-0.997267, 355, 161, 370, 224
-0.997277, 145, 351, 176, 366
-0.997284, 309, 233, 340, 248
-0.997284, 121, 295, 152, 310
-0.997291, 107, 201, 122, 264
-0.997301, 359, 57, 374, 120
-0.997302, 357, 63, 388, 78
-0.997306, 409, 107, 440, 122
-0.99731, 57, 217, 72, 280
-0.997311, 81, 111, 112, 126
-0.997315, 159, 169, 174, 232
-0.997324, 17, 229, 144, 260
-0.997325, 353, 57, 368, 120
-0.997325, 325, 1, 356, 128
-0.99733, 385, 231, 416, 246
-0.99733, 1, 313, 128, 375
-0.997333, 251, 265, 266, 328
-0.997335, 129, 181, 256, 212
-0.997351, 281, 209, 296, 272
-0.997355, 105, 241, 120, 304
-0.997358, 51, 225, 66, 288
-0.997361, 425, 83, 456, 98
-0.997366, 193, 281, 448, 344
-0.997368, 121, 225, 152, 240
-0.997375, 129, 169, 256, 200
-0.997375, 393, 211, 424, 226
-0.997383, 397, 171, 428, 186
-0.997384, 237, 259, 268, 274
-0.997385, 421, 31, 452, 46
-0.997388, 369, 273, 496, 336
-0.997391, 125, 289, 140, 352
-0.997392, 71, 201, 86, 264
-0.997398, 413, 79, 444, 94
-0.997398, 289, 217, 416, 248
-0.9974, 217, 253, 248, 268
-0.9974, 359, 105, 374, 168
-0.997403, 69, 305, 100, 320
-0.997403, 81, 249, 208, 280
-0.997408, 421, 25, 452, 40
-0.997408, 101, 197, 132, 212
-0.997414, 15, 257, 30, 320
-0.997425, 41, 307, 72, 322
-0.997426, 265, 233, 296, 248
-0.997429, 139, 201, 154, 232
-0.99743, 65, 179, 96, 194
-0.997434, 105, 33, 168, 160
-0.997438, 65, 337, 96, 352
-0.997438, 353, 193, 368, 256
-0.997442, 389, 129, 420, 375
-0.997446, 63, 201, 78, 264
-0.997448, 61, 201, 92, 216
-0.99745, 21, 255, 52, 270
-0.997452, 1, 277, 128, 308
-0.997452, 421, 13, 452, 28
-0.997452, 409, 173, 440, 188
-0.997454, 133, 235, 164, 250
-0.997455, 135, 161, 150, 224
-0.997459, 257, 153, 384, 216
-0.997464, 241, 233, 256, 296
-0.997467, 369, 129, 496, 160
-0.997472, 49, 249, 64, 312
-0.997473, 145, 289, 272, 320
-0.997491, 53, 337, 84, 352
-0.997491, 129, 105, 144, 168
-0.997492, 145, 215, 176, 230
-0.997493, 141, 177, 156, 240
-0.997493, 345, 177, 360, 240
-0.997494, 1, 121, 500, 184
-0.997495, 129, 287, 160, 302
-0.997499, 285, 215, 316, 230
-0.997499, 417, 37, 448, 52
-0.9975, 113, 195, 144, 210
-0.997506, 65, 229, 192, 260
-0.997508, 321, 101, 448, 132
-0.997512, 61, 209, 92, 224
-0.997513, 41, 261, 72, 276
-0.997517, 113, 247, 144, 262
-0.997518, 443, 1, 458, 64
-0.997519, 45, 331, 76, 346
-0.99752, 163, 273, 178, 336
-0.997522, 141, 257, 156, 320
-0.997528, 65, 167, 96, 182
-0.997534, 313, 241, 344, 368
-0.997534, 139, 225, 154, 288
-0.997535, 97, 137, 224, 168
-0.997539, 397, 195, 428, 210
-0.997547, 369, 169, 496, 200
-0.997552, 305, 313, 432, 375
-0.997553, 97, 1, 224, 128
-0.997561, 73, 193, 104, 208
-0.997561, 45, 255, 76, 270
-0.997562, 289, 161, 416, 192
-0.997563, 135, 265, 150, 328
-0.997564, 409, 113, 440, 128
-0.997565, 145, 235, 176, 250
-0.997571, 279, 257, 294, 320
-0.997571, 285, 235, 316, 250
-0.997572, 397, 183, 428, 198
-0.997575, 117, 327, 148, 342
-0.997578, 241, 271, 272, 286
-0.997578, 375, 233, 390, 296
-0.997578, 369, 245, 496, 276
-0.99759, 83, 161, 98, 224
-0.997609, 157, 213, 188, 228
-0.997612, 65, 331, 96, 346
-0.997613, 249, 209, 264, 272
-0.997618, 385, 225, 400, 288
-0.997619, 157, 129, 188, 375
-0.997625, 401, 157, 432, 172
-0.997625, 149, 265, 164, 328
-0.997634, 77, 201, 92, 264
-0.997642, 357, 225, 372, 288
-0.997644, 369, 221, 496, 252
-0.997645, 113, 193, 128, 256
-0.997649, 305, 21, 432, 52
-0.99766, 75, 313, 90, 375
-0.997662, 407, 89, 422, 152
-0.997667, 7, 257, 22, 320
-0.997681, 433, 25, 448, 88
-0.997691, 173, 281, 188, 344
-0.997693, 343, 201, 358, 264
-0.997706, 159, 217, 174, 280
-0.997706, 153, 309, 184, 324
-0.997708, 429, 49, 460, 176
-0.997708, 17, 241, 144, 272
-0.997709, 301, 239, 332, 254
-0.997709, 431, 17, 446, 48
-0.997709, 1, 169, 128, 200
-0.997715, 265, 209, 280, 272
-0.997719, 413, 91, 444, 106
-0.997721, 87, 281, 102, 344
-0.99773, 421, 19, 452, 34
-0.997733, 73, 285, 104, 300
-0.997738, 73, 261, 104, 276
-0.997739, 49, 293, 80, 308
-0.99774, 83, 185, 98, 248
-0.997743, 89, 185, 104, 248
-0.997745, 417, 1, 448, 256
-0.997748, 121, 241, 152, 256
-0.997756, 57, 325, 88, 340
-0.997761, 157, 229, 188, 244
-0.997762, 289, 227, 320, 242
-0.997764, 77, 153, 92, 216
-0.997765, 253, 265, 284, 280
-0.997769, 113, 97, 144, 352
-0.99777, 349, 129, 380, 375
-0.997771, 269, 239, 300, 254
-0.997772, 321, 73, 448, 104
-0.997774, 309, 233, 324, 296
-0.997775, 113, 219, 144, 234
-0.99778, 29, 265, 44, 328
-0.997781, 265, 259, 296, 274
-0.997786, 119, 297, 134, 360
-0.997787, 345, 225, 360, 288
-0.997791, 409, 165, 424, 196
-0.997799, 337, 97, 368, 224
-0.997799, 1, 41, 500, 104
-0.997801, 221, 357, 252, 372
-0.997802, 419, 41, 434, 104
-0.997809, 41, 289, 56, 352
-0.99782, 401, 201, 416, 264
-0.997824, 245, 273, 260, 336
-0.997825, 391, 225, 406, 288
-0.997827, 133, 193, 164, 208
-0.997827, 421, 241, 436, 304
-0.997835, 151, 241, 166, 304
-0.997845, 337, 201, 352, 264
-0.997857, 61, 289, 92, 304
-0.997858, 147, 169, 162, 232
-0.997859, 149, 197, 164, 228
-0.997866, 405, 123, 436, 138
-0.997869, 137, 221, 152, 252
-0.997869, 471, 233, 486, 296
-0.997875, 321, 49, 448, 80
-0.997877, 421, 7, 452, 22
-0.997877, 289, 245, 320, 260
-0.99789, 369, 53, 496, 84
-0.997892, 369, 305, 496, 368
-0.997894, 133, 201, 148, 232
-0.997897, 85, 281, 116, 296
-0.997903, 263, 261, 278, 292
-0.997907, 309, 129, 340, 375
-0.997912, 209, 165, 336, 196
-0.997914, 53, 311, 84, 326
-0.997914, 281, 251, 312, 266
-0.997918, 225, 197, 352, 228
-0.997921, 369, 29, 496, 60
-0.997922, 129, 321, 160, 336
-0.997926, 133, 227, 164, 242
-0.997939, 321, 85, 448, 116
-0.99795, 433, 5, 448, 36
-0.99795, 319, 197, 334, 228
-0.997952, 137, 129, 168, 375
-0.997952, 65, 289, 80, 320
-0.997955, 353, 257, 480, 288
-0.997966, 257, 265, 272, 296
-0.997971, 273, 61, 400, 92
-0.997976, 127, 197, 142, 228
-0.997984, 141, 315, 172, 330
-0.997986, 61, 129, 92, 375
-0.997996, 413, 153, 428, 184
-0.997997, 125, 129, 156, 375
-0.998001, 469, 225, 500, 352
-0.998006, 415, 85, 430, 116
-0.998027, 325, 129, 356, 375
-0.998032, 49, 169, 176, 200
-0.998043, 369, 145, 496, 176
-0.998049, 429, 1, 460, 256
-0.998049, 113, 213, 144, 228
-0.99805, 57, 17, 120, 144
-0.998055, 121, 205, 136, 236
-0.998074, 337, 129, 368, 375
-0.998082, 121, 201, 152, 216
-0.998083, 53, 293, 68, 324
-0.998097, 403, 173, 418, 204
-0.998103, 405, 153, 420, 184
-0.998121, 317, 199, 348, 214
-0.998123, 151, 221, 166, 252
-0.998133, 427, 29, 442, 60
-0.998144, 271, 257, 286, 288
-0.998153, 157, 219, 188, 234
-0.998162, 425, 1, 456, 16
-0.998164, 17, 109, 144, 140
-0.998166, 289, 205, 416, 236
-0.998176, 101, 97, 132, 352
-0.998177, 57, 305, 72, 336
-0.998177, 369, 185, 496, 216
-0.998181, 143, 213, 158, 244
-0.998184, 357, 33, 388, 288
-0.998192, 305, 145, 432, 176
-0.998203, 241, 129, 368, 192
-0.998208, 17, 121, 144, 152
-0.998236, 301, 241, 316, 272
-0.99824, 69, 165, 84, 196
-0.998246, 129, 153, 256, 184
-0.998249, 421, 81, 436, 112
-0.998251, 301, 213, 316, 244
-0.99827, 251, 269, 266, 300
-0.998276, 425, 1, 440, 32
-0.998282, 113, 313, 240, 344
-0.998284, 407, 133, 422, 164
-0.998284, 135, 189, 150, 220
-0.998286, 273, 113, 400, 144
-0.998288, 73, 285, 88, 316
-0.998296, 361, 129, 392, 375
-0.9983, 73, 97, 104, 352
-0.998304, 413, 121, 428, 152
-0.998307, 279, 253, 294, 284
-0.998309, 369, 81, 496, 112
-0.998311, 49, 305, 176, 336
-0.998316, 141, 189, 156, 220
-0.998318, 337, 33, 368, 288
-0.998319, 417, 97, 448, 352
-0.998322, 169, 129, 200, 375
-0.998342, 145, 203, 176, 218
-0.998348, 1, 97, 128, 128
-0.998348, 377, 65, 408, 320
-0.99836, 225, 293, 352, 324
-0.99836, 49, 321, 176, 352
-0.998363, 145, 229, 160, 260
-0.998369, 151, 209, 166, 240
-0.998371, 321, 9, 448, 40
-0.998374, 59, 289, 74, 320
-0.998377, 47, 293, 62, 324
-0.998384, 293, 245, 308, 276
-0.998384, 113, 205, 176, 220
-0.998385, 369, 13, 496, 44
-0.998389, 97, 125, 224, 156
-0.998395, 405, 131, 436, 146
-0.998396, 305, 257, 432, 288
-0.998398, 411, 105, 426, 136
-0.9984, 369, 157, 496, 188
-0.998413, 1, 1, 32, 256
-0.998418, 147, 185, 162, 216
-0.998419, 205, 129, 236, 375
-0.998421, 63, 301, 78, 332
-0.998421, 193, 129, 224, 375
-0.998437, 37, 297, 68, 312
-0.998441, 285, 245, 300, 276
-0.998448, 133, 33, 164, 288
-0.99845, 417, 133, 432, 164
-0.99846, 369, 41, 496, 72
-0.99846, 209, 185, 336, 216
-0.99846, 225, 281, 352, 312
-0.998465, 381, 241, 412, 368
-0.998468, 105, 211, 168, 226
-0.998468, 121, 193, 136, 224
-0.998472, 423, 17, 438, 48
-0.998472, 133, 221, 164, 236
-0.998475, 297, 129, 328, 375
-0.998486, 1, 301, 128, 332
-0.998487, 95, 261, 110, 292
-0.998491, 129, 215, 192, 230
-0.998493, 143, 313, 158, 344
-0.998499, 145, 229, 176, 244
-0.998501, 49, 1, 176, 128
-0.998504, 49, 133, 176, 164
-0.998504, 63, 321, 78, 352
-0.998508, 75, 301, 90, 332
-0.998509, 409, 93, 424, 124
-0.99851, 129, 17, 384, 80
-0.998511, 129, 221, 192, 236
-0.998514, 361, 61, 376, 92
-0.998514, 397, 177, 428, 192
-0.998516, 413, 65, 428, 192
-0.998518, 437, 17, 452, 48
-0.998518, 59, 333, 74, 364
-0.99852, 245, 129, 276, 375
-0.998525, 249, 263, 312, 278
-0.998526, 221, 129, 252, 375
-0.998529, 273, 251, 336, 266
-0.998533, 289, 229, 304, 260
-0.998533, 5, 97, 36, 352
-0.998533, 105, 217, 168, 232
-0.998537, 139, 285, 154, 316
-0.998538, 89, 197, 152, 212
-0.998542, 297, 239, 360, 254
-0.998544, 81, 279, 144, 294
-0.998544, 77, 185, 92, 216
-0.998546, 241, 49, 368, 80
-0.998546, 129, 235, 192, 250
-0.998547, 121, 227, 184, 242
-0.998553, 111, 213, 126, 244
-0.998553, 65, 285, 128, 300
-0.998554, 241, 239, 304, 254
-0.998554, 33, 297, 96, 312
-0.998555, 257, 233, 320, 248
-0.998557, 261, 129, 292, 375
-0.998557, 307, 237, 322, 268
-0.998557, 281, 245, 344, 260
-0.998557, 257, 257, 320, 272
-0.998558, 139, 101, 154, 132
-0.998559, 351, 225, 366, 256
-0.998559, 265, 225, 328, 240
-0.998559, 137, 287, 200, 302
-0.998562, 401, 185, 416, 216
-0.998563, 417, 69, 432, 100
-0.998563, 309, 217, 324, 248
-0.998563, 137, 203, 200, 218
-0.998564, 411, 177, 426, 208
-0.998565, 83, 281, 98, 312
-0.998565, 161, 49, 416, 112
-0.998566, 113, 193, 176, 208
-0.998568, 73, 203, 136, 218
-0.998568, 49, 261, 112, 276
-0.998569, 157, 221, 172, 252
-0.99857, 401, 87, 464, 102
-0.998571, 305, 233, 368, 248
-0.998573, 97, 81, 224, 144
-0.998573, 49, 337, 112, 352
-0.998573, 17, 257, 80, 272
-0.998574, 217, 357, 280, 372
-0.998575, 297, 209, 360, 224
-0.998576, 49, 291, 112, 306
-0.998576, 85, 97, 116, 224
-0.998579, 419, 101, 434, 132
-0.99858, 9, 297, 72, 312
-0.998582, 81, 209, 144, 224
-0.998583, 41, 307, 104, 322
-0.998586, 233, 271, 296, 286
-0.998587, 297, 225, 312, 256
-0.998587, 1, 157, 128, 188
-0.998588, 305, 227, 368, 242
-0.998589, 129, 113, 384, 176
-0.998589, 153, 185, 168, 216
-0.99859, 109, 241, 140, 368
-0.998591, 1, 81, 128, 112
-0.998591, 133, 209, 164, 224
-0.998591, 333, 197, 348, 228
-0.998592, 97, 271, 160, 286
-0.998594, 57, 267, 120, 282
-0.998594, 89, 243, 152, 258
-0.998595, 417, 81, 480, 96
-0.998595, 89, 129, 120, 375
-0.998597, 289, 201, 352, 216
-0.998599, 225, 249, 288, 264
-0.998599, 97, 297, 224, 328
-0.998599, 285, 129, 316, 375
-0.998602, 97, 261, 160, 276
-0.998603, 113, 293, 176, 308
-0.998603, 289, 215, 352, 230
-0.998603, 129, 313, 192, 328
-0.998604, 241, 219, 304, 234
-0.998604, 97, 109, 160, 124
-0.998605, 353, 171, 416, 186
-0.998605, 135, 317, 150, 348
-0.998605, 369, 101, 496, 132
-0.998605, 113, 199, 176, 214
-0.998606, 209, 257, 272, 272
-0.998606, 105, 233, 168, 248
-0.998606, 209, 271, 272, 286
-0.998606, 129, 319, 192, 334
-0.998606, 145, 229, 208, 244
-0.998607, 17, 181, 80, 196
-0.998607, 113, 299, 176, 314
-0.998607, 155, 197, 170, 228
-0.998607, 57, 331, 120, 346
-0.998608, 1, 263, 64, 278
-0.998608, 97, 227, 160, 242
-0.998608, 337, 235, 400, 250
-0.998608, 217, 265, 280, 280
-0.998609, 325, 33, 356, 288
-0.998609, 401, 129, 464, 144
-0.998609, 129, 115, 192, 130
-0.99861, 153, 221, 216, 236
-0.99861, 385, 177, 448, 192
-0.998611, 297, 221, 360, 236
-0.998611, 129, 289, 144, 320
-0.998612, 49, 333, 176, 364
-0.998613, 81, 217, 144, 232
-0.998614, 17, 175, 80, 190
-0.998615, 121, 241, 184, 256
-0.998615, 41, 255, 104, 270
-0.998615, 137, 209, 200, 224
-0.998616, 129, 281, 192, 296
-0.998616, 17, 187, 80, 202
-0.998616, 377, 229, 440, 244
-0.998616, 265, 215, 328, 230
-0.998617, 169, 245, 232, 260
-0.998617, 425, 31, 488, 46
-0.998617, 113, 325, 176, 340
-0.998618, 369, 239, 432, 254
-0.998618, 65, 305, 128, 320
-0.998618, 353, 179, 416, 194
-0.998618, 409, 239, 472, 254
-0.998619, 209, 215, 272, 230
-0.998619, 25, 263, 88, 278
-0.998619, 9, 287, 72, 302
-0.99862, 353, 165, 416, 180
-0.99862, 9, 303, 72, 318
-0.99862, 385, 219, 448, 234
-0.99862, 89, 249, 152, 264
-0.99862, 17, 195, 80, 210
-0.998621, 217, 233, 280, 248
-0.998623, 73, 259, 136, 274
-0.998623, 393, 35, 456, 50
-0.998623, 149, 309, 164, 340
-0.998625, 329, 245, 392, 260
-0.998625, 17, 169, 80, 184
-0.998625, 321, 63, 384, 78
-0.998626, 65, 253, 128, 268
-0.998626, 49, 195, 112, 210
-0.998627, 369, 79, 432, 94
-0.998627, 425, 233, 488, 248
-0.998627, 125, 241, 140, 272
-0.998628, 377, 87, 440, 102
-0.99863, 393, 251, 456, 266
-0.99863, 153, 307, 216, 322
-0.99863, 153, 215, 216, 230
-0.998632, 105, 305, 168, 320
-0.998632, 177, 151, 240, 166
-0.998632, 393, 19, 456, 34
-0.998633, 73, 169, 136, 184
-0.998633, 57, 189, 120, 204
-0.998634, 161, 297, 224, 312
-0.998634, 393, 25, 456, 40
-0.998634, 95, 277, 110, 308
-0.998635, 401, 233, 464, 248
-0.998635, 81, 197, 96, 228
-0.998635, 313, 201, 376, 216
-0.998635, 265, 357, 328, 372
-0.998636, 1, 277, 64, 292
-0.998636, 313, 253, 376, 268
-0.998637, 273, 221, 288, 252
-0.998638, 355, 61, 370, 92
-0.998638, 65, 323, 128, 338
-0.998638, 433, 249, 496, 264
-0.998638, 17, 327, 80, 342
-0.998639, 233, 159, 296, 174
-0.998639, 89, 115, 152, 130
-0.998639, 433, 241, 496, 256
-0.998639, 377, 131, 440, 146
-0.998639, 17, 201, 80, 216
-0.998639, 57, 247, 120, 262
-0.99864, 433, 255, 496, 270
-0.99864, 193, 237, 256, 252
-0.99864, 119, 237, 134, 268
-0.99864, 81, 237, 144, 252
-0.998641, 25, 335, 88, 350
-0.998645, 379, 237, 394, 268
-0.998648, 369, 269, 496, 300
-0.998659, 79, 169, 94, 200
-0.99866, 101, 265, 116, 296
-0.998664, 279, 237, 294, 268
-0.998666, 141, 193, 156, 320
-0.998667, 85, 257, 100, 288
-0.99867, 1, 97, 500, 160
-0.998671, 113, 229, 128, 260
-0.998673, 137, 233, 152, 264
-0.998678, 131, 237, 146, 268
-0.99868, 161, 89, 416, 152
-0.998681, 129, 345, 256, 375
-0.998683, 97, 325, 224, 356
-0.998683, 129, 185, 144, 216
-0.998686, 433, 29, 448, 60
-0.998691, 421, 33, 436, 64
-0.998691, 61, 217, 76, 248
-0.998692, 369, 113, 496, 144
-0.998694, 145, 223, 176, 238
-0.998695, 323, 333, 338, 364
-0.998695, 21, 129, 52, 375
-0.9987, 181, 129, 212, 375
-0.998701, 133, 215, 164, 230
-0.998702, 387, 229, 402, 260
-0.998702, 407, 97, 422, 224
-0.998705, 369, 65, 496, 96
-0.998707, 419, 113, 434, 144
-0.998712, 1, 297, 500, 360
-0.998719, 65, 197, 80, 228
-0.99873, 149, 177, 164, 304
-0.998731, 401, 201, 416, 232
-0.998736, 1, 65, 500, 128
-0.998742, 369, 1, 496, 32
-0.998742, 401, 217, 416, 248
-0.998742, 129, 125, 144, 156
-0.998744, 295, 209, 310, 240
-0.998747, 393, 245, 408, 276
-0.998747, 305, 193, 432, 224
-0.99876, 279, 225, 294, 256
-0.998761, 393, 233, 408, 264
-0.998764, 393, 33, 424, 288
-0.998765, 127, 321, 142, 352
-0.998767, 49, 129, 80, 375
-0.998774, 41, 297, 56, 328
-0.998778, 251, 213, 266, 244
-0.998778, 273, 101, 400, 132
-0.998781, 449, 129, 480, 375
-0.998783, 55, 321, 70, 352
-0.998784, 343, 205, 358, 236
-0.998786, 301, 193, 316, 320
-0.998793, 415, 165, 430, 196
-0.998797, 413, 85, 444, 100
-0.9988, 83, 185, 98, 216
-0.9988, 423, 129, 438, 160
-0.998801, 75, 205, 90, 236
-0.998802, 439, 1, 454, 32
-0.998802, 65, 153, 192, 184
-0.998806, 407, 121, 422, 152
-0.998808, 433, 113, 496, 240
-0.998809, 159, 305, 174, 336
-0.998816, 303, 225, 318, 256
-0.998818, 131, 213, 146, 244
-0.998827, 69, 301, 84, 332
-0.998829, 157, 233, 172, 264
-0.998836, 161, 209, 176, 240
-0.998836, 119, 325, 134, 356
-0.998836, 109, 201, 124, 232
-0.998841, 69, 321, 84, 352
-0.998842, 409, 201, 424, 232
-0.998844, 69, 181, 84, 212
-0.998849, 315, 213, 330, 244
-0.99885, 97, 113, 224, 144
-0.998851, 163, 225, 178, 256
-0.998852, 27, 257, 42, 288
-0.998865, 453, 177, 484, 304
-0.998874, 305, 177, 432, 208
-0.998877, 1, 133, 128, 164
-0.99888, 209, 345, 336, 375
-0.998881, 1, 317, 128, 348
-0.998901, 233, 129, 264, 375
-0.998921, 295, 193, 310, 320
-0.998923, 429, 1, 444, 128
-0.998942, 403, 145, 418, 272
-0.998948, 113, 273, 240, 304
-0.998961, 369, 197, 496, 228
-0.998984, 265, 49, 328, 176
-0.998988, 337, 305, 464, 336
-0.999007, 289, 193, 304, 320
-0.99901, 1, 53, 128, 84
-0.999021, 1, 69, 128, 100
-0.999031, 155, 177, 170, 304
-0.999038, 1, 145, 128, 176
-0.999038, 273, 125, 400, 156
-0.999042, 321, 293, 448, 324
-0.999043, 419, 49, 434, 176
-0.999047, 273, 129, 304, 375
-0.999053, 1, 81, 256, 144
-0.999056, 269, 193, 284, 320
-0.999079, 69, 145, 84, 272
-0.999099, 309, 193, 324, 320
-0.999104, 353, 161, 368, 288
-0.999114, 433, 177, 464, 304
-0.999133, 33, 129, 64, 375
-0.999134, 133, 193, 148, 320
-0.999148, 465, 65, 496, 320
-0.99916, 357, 113, 372, 240
-0.999175, 57, 305, 88, 320
-0.999176, 85, 33, 116, 288
-0.999186, 279, 193, 294, 320
-0.999198, 1, 41, 128, 72
-0.999204, 261, 193, 276, 320
-0.999217, 313, 33, 344, 288
-0.999225, 429, 97, 460, 352
-0.999236, 435, 1, 450, 128
-0.999239, 249, 193, 264, 320
-0.999244, 273, 89, 400, 120
-0.999252, 241, 37, 368, 68
-0.999252, 337, 209, 464, 240
-0.99926, 423, 1, 438, 128
-0.999261, 1, 57, 256, 120
-0.999266, 113, 1, 144, 256
-0.999269, 177, 197, 304, 228
-0.999269, 73, 1, 104, 256
-0.999277, 397, 161, 412, 288
-0.999282, 13, 1, 44, 256
-0.999294, 145, 141, 272, 172
-0.999298, 413, 113, 428, 240
-0.999301, 329, 97, 392, 224
-0.999308, 293, 33, 324, 288
-0.999312, 289, 345, 416, 375
-0.999312, 347, 177, 362, 304
-0.999328, 225, 21, 352, 52
-0.999333, 1, 17, 128, 48
-0.999344, 193, 305, 320, 336
-0.999357, 53, 209, 68, 336
-0.99936, 333, 177, 348, 304
-0.999367, 1, 29, 128, 60
-0.99938, 59, 193, 74, 320
-0.999383, 409, 161, 424, 288
-0.999384, 65, 101, 192, 132
-0.99939, 151, 225, 166, 352
-0.999396, 153, 33, 184, 288
-0.999402, 315, 177, 330, 304
-0.999408, 225, 313, 352, 375
-0.999413, 1, 329, 128, 360
-0.999414, 241, 9, 368, 40
-0.999422, 125, 177, 140, 304
-0.999427, 181, 33, 212, 288
-0.999429, 209, 65, 336, 128
-0.999459, 357, 209, 372, 336
-0.999461, 65, 193, 80, 320
-0.999467, 169, 33, 200, 288
-0.999471, 73, 193, 88, 320
-0.999474, 361, 65, 376, 192
-0.999477, 353, 281, 480, 312
-0.999481, 325, 177, 340, 304
-0.999484, 419, 113, 434, 240
-0.999493, 217, 1, 280, 128
-0.999494, 133, 203, 164, 218
-0.999521, 73, 241, 88, 368
-0.999525, 135, 145, 150, 272
-0.999528, 245, 33, 276, 288
-0.999529, 217, 33, 248, 288
-0.999546, 255, 193, 270, 320
-0.999547, 101, 1, 132, 256
-0.999562, 45, 209, 60, 336
-0.999563, 137, 323, 152, 338
-0.999563, 139, 235, 154, 250
-0.999563, 333, 201, 348, 216
-0.999564, 273, 235, 288, 250
-0.999564, 43, 297, 58, 312
-0.999564, 137, 199, 152, 214
-0.999564, 69, 337, 84, 352
-0.999564, 119, 199, 134, 214
-0.999565, 115, 237, 130, 252
-0.999565, 351, 231, 366, 246
-0.999565, 51, 307, 66, 322
-0.999566, 69, 289, 84, 304
-0.999566, 123, 293, 138, 308
-0.999566, 407, 217, 422, 232
-0.999566, 77, 187, 92, 202
-0.999566, 63, 241, 78, 368
-0.999567, 117, 207, 148, 222
-0.999568, 95, 279, 110, 294
-0.999568, 57, 313, 72, 328
-0.999568, 323, 337, 338, 352
-0.999568, 413, 97, 428, 112
-0.999568, 393, 229, 408, 244
-0.999568, 413, 145, 428, 160
-0.999569, 419, 113, 434, 128
-0.999569, 161, 231, 176, 246
-0.999571, 413, 135, 428, 150
-0.999571, 145, 319, 160, 334
-0.999571, 69, 173, 84, 188
-0.999572, 87, 259, 102, 274
-0.999572, 415, 175, 430, 190
-0.999572, 79, 173, 94, 188
-0.999572, 97, 265, 112, 280
-0.999573, 163, 305, 178, 320
-0.999574, 415, 79, 430, 94
-0.999575, 401, 193, 416, 208
-0.999575, 75, 287, 90, 302
-0.999575, 55, 253, 70, 268
-0.999575, 285, 239, 300, 254
-0.999576, 301, 229, 316, 244
-0.999576, 135, 287, 150, 302
-0.999577, 149, 227, 164, 242
-0.999578, 155, 309, 170, 324
-0.999579, 227, 357, 242, 372
-0.999581, 123, 325, 138, 340
-0.999581, 57, 293, 72, 308
-0.999582, 263, 237, 278, 252
-0.999583, 409, 113, 424, 128
-0.999583, 407, 157, 422, 172
-0.999584, 83, 283, 98, 298
-0.999585, 427, 13, 442, 28
-0.999585, 149, 193, 164, 208
-0.999586, 405, 149, 420, 164
-0.999587, 221, 359, 236, 374
-0.999588, 413, 163, 428, 178
-0.999588, 77, 193, 92, 208
-0.999589, 103, 115, 118, 130
-0.999589, 423, 91, 438, 106
-0.99959, 149, 351, 164, 366
-0.99959, 89, 281, 104, 296
-0.99959, 409, 119, 424, 134
-0.999591, 301, 213, 316, 228
-0.999592, 349, 49, 364, 176
-0.999592, 403, 181, 418, 196
-0.999592, 153, 221, 168, 236
-0.999593, 131, 321, 146, 336
-0.999593, 403, 163, 418, 178
-0.999593, 249, 271, 264, 286
-0.999595, 97, 115, 112, 130
-0.999595, 131, 241, 146, 256
-0.999595, 413, 157, 428, 172
-0.999596, 429, 85, 444, 100
-0.999597, 155, 227, 170, 242
-0.999597, 423, 37, 438, 52
-0.999597, 147, 313, 162, 328
-0.999599, 145, 233, 160, 248
-0.999599, 413, 91, 428, 106
-0.9996, 427, 7, 442, 22
-0.9996, 407, 129, 422, 144
-0.9996, 139, 317, 154, 332
-0.999603, 237, 241, 252, 368
-0.999605, 69, 167, 84, 182
-0.999605, 79, 167, 94, 182
-0.999607, 131, 199, 146, 214
-0.999607, 143, 209, 158, 224
-0.999608, 321, 199, 336, 214
-0.999608, 141, 287, 156, 302
-0.99961, 49, 295, 64, 310
-0.99961, 151, 213, 166, 228
-0.99961, 305, 241, 320, 256
-0.999611, 143, 225, 158, 240
-0.999612, 133, 211, 148, 226
-0.999613, 429, 1, 444, 16
-0.999613, 193, 33, 224, 288
-0.999613, 77, 145, 92, 272
-0.999614, 403, 169, 418, 184
-0.999616, 431, 33, 446, 48
-0.999617, 125, 241, 140, 256
-0.999618, 359, 63, 374, 78
-0.99962, 117, 207, 132, 222
-0.99962, 63, 337, 78, 352
-0.999621, 427, 19, 442, 34
-0.999621, 149, 207, 164, 222
-0.999623, 437, 5, 452, 20
-0.999625, 125, 199, 140, 214
-0.999627, 421, 79, 436, 94
-0.999627, 25, 33, 56, 288
-0.999627, 419, 131, 434, 146
-0.999628, 293, 247, 308, 262
-0.999629, 143, 219, 158, 234
-0.99963, 49, 33, 80, 288
-0.999631, 285, 251, 300, 266
-0.999632, 33, 209, 48, 336
-0.999632, 127, 129, 142, 256
-0.999633, 137, 219, 152, 234
-0.999634, 75, 305, 90, 320
-0.999636, 409, 175, 424, 190
-0.999639, 299, 243, 314, 258
-0.999639, 431, 27, 446, 42
-0.999641, 277, 255, 292, 270
-0.999641, 263, 263, 278, 278
-0.999643, 269, 259, 284, 274
-0.999644, 205, 33, 236, 288
-0.999644, 57, 331, 72, 346
-0.999648, 223, 241, 238, 368
-0.999653, 415, 123, 430, 138
-0.999656, 255, 267, 270, 282
-0.999657, 65, 305, 80, 320
-0.999659, 433, 21, 448, 36
-0.99966, 61, 33, 92, 288
-0.999661, 281, 33, 312, 288
-0.999664, 387, 209, 402, 336
-0.999665, 81, 193, 96, 320
-0.999668, 63, 327, 78, 342
-0.999671, 433, 11, 448, 26
-0.999673, 137, 225, 152, 240
-0.999674, 117, 209, 132, 336
-0.999683, 57, 307, 72, 322
-0.999683, 441, 1, 472, 256
-0.999685, 417, 85, 432, 100
-0.999686, 413, 129, 428, 144
-0.999689, 163, 145, 178, 272
-0.999692, 403, 175, 418, 190
-0.999693, 229, 33, 260, 288
-0.999694, 123, 205, 138, 220
-0.999695, 151, 201, 166, 216
-0.9997, 143, 203, 158, 218
-0.999703, 339, 177, 354, 304
-0.999704, 411, 169, 426, 184
-0.999706, 135, 205, 150, 220
-0.999711, 129, 205, 144, 220
-0.999716, 423, 85, 438, 100
-0.999723, 401, 97, 416, 224
-0.999725, 379, 225, 394, 352
-0.999725, 287, 241, 302, 368
-0.999725, 49, 81, 176, 144
-0.999738, 79, 241, 94, 368
-0.999738, 83, 145, 98, 272
-0.99974, 107, 193, 122, 320
-0.999743, 299, 241, 314, 368
-0.999776, 293, 241, 308, 368
-0.999779, 41, 65, 104, 192
-0.999783, 393, 241, 424, 368
-0.999784, 231, 193, 246, 320
-0.999785, 217, 225, 232, 352
-0.999792, 393, 209, 408, 336
-0.999811, 415, 161, 430, 288
-0.999814, 225, 177, 240, 304
-0.999816, 143, 145, 158, 272
-0.999822, 145, 241, 160, 368
-0.999824, 307, 145, 322, 272
-0.999827, 373, 225, 388, 352
-0.99983, 91, 177, 106, 304
-0.999835, 239, 193, 254, 320
-0.999838, 257, 33, 288, 288
-0.999852, 453, 33, 484, 288
-0.999852, 111, 113, 126, 240
-0.999852, 137, 241, 152, 368
-0.999874, 101, 193, 116, 320
-0.999874, 229, 241, 244, 368
-0.999875, 349, 225, 364, 352
-0.999876, 209, 105, 336, 168
-0.99988, 161, 193, 176, 320
-0.999881, 441, 1, 456, 128
-0.999881, 367, 209, 382, 336
-0.999889, 269, 1, 300, 256
-0.999908, 151, 129, 166, 256
-0.99991, 343, 225, 358, 352
-0.999919, 439, 225, 454, 352
-0.999924, 427, 225, 442, 352
-0.999934, 447, 225, 462, 352
-0.999938, 219, 177, 234, 304
-0.999939, 353, 1, 368, 128
-0.999947, 271, 241, 286, 368
-0.99995, 103, 145, 118, 272
-0.999954, 63, 145, 78, 272
-0.999959, 259, 241, 274, 368
-0.999965, 281, 241, 296, 368
-0.999965, 39, 241, 54, 368
-0.999975, 427, 65, 442, 192
-0.999981, 27, 209, 42, 336
-0.999982, 355, 49, 370, 176
-0.999987, 359, 161, 374, 288
-0.999991, 243, 241, 258, 368
-0.999992, 265, 241, 280, 368
-0.999992, 133, 81, 148, 208
-0.999995, 403, 193, 418, 320
-0.999999, 179, 209, 194, 336
-1, 347, 129, 362, 256
-1.00001, 295, 145, 310, 272
-1.00001, 193, 41, 320, 104
-1.00001, 117, 81, 132, 208
-1.00002, 13, 241, 28, 368
-1.00002, 115, 161, 130, 288
-1.00002, 301, 145, 316, 272
-1.00003, 157, 129, 172, 256
-1.00004, 305, 241, 320, 368
-1.00005, 91, 225, 106, 352
-1.00005, 23, 129, 38, 256
-1.00005, 121, 129, 136, 256
-1.00006, 99, 241, 114, 368
-1.00006, 221, 129, 236, 256
-1.00007, 251, 241, 266, 368
-1.00008, 433, 225, 448, 352
-1.00008, 37, 33, 68, 288
-1.00009, 425, 113, 440, 240
-1.00009, 139, 97, 154, 224
-1.00009, 421, 225, 436, 352
-1.00009, 15, 49, 30, 176
-1.0001, 11, 1, 26, 128
-1.0001, 321, 241, 336, 368
-1.0001, 453, 225, 468, 352
-1.00012, 21, 241, 36, 368
-1.00012, 411, 209, 426, 336
-1.00013, 173, 225, 188, 352
-1.00014, 1, 17, 256, 80
-1.00015, 289, 145, 304, 272
-1.00015, 97, 145, 112, 272
-1.00023, 469, 49, 500, 176
-1.00027, 241, 65, 304, 192
-1.00057, 1, 193, 32, 320
-1.00091, 169, 97, 200, 224
-1.00097, 241, 17, 304, 144
-1.00104, 153, 1, 216, 128
-1.00115, 193, 305, 448, 368
-1.00131, 349, 1, 380, 128
-1.00133, 217, 49, 280, 176
-1.00139, 361, 17, 392, 144
-1.00148, 369, 129, 400, 256
-1.00149, 197, 177, 228, 304
-1.00164, 41, 145, 72, 272
-1.00165, 97, 57, 224, 120
-1.00178, 457, 113, 488, 240
-1.00179, 33, 1, 96, 128
-1.00194, 145, 89, 272, 152
-1.00197, 313, 17, 344, 144
-1.00222, 293, 97, 324, 224
-1.00234, 273, 289, 400, 352
-1.00235, 421, 161, 452, 288
-1.00238, 377, 49, 408, 176
-1.00266, 17, 97, 48, 224
-1.00266, 145, 65, 272, 128
-1.00269, 177, 1, 304, 64
-1.00293, 213, 97, 244, 224
-1.00298, 13, 17, 44, 144
-1.00304, 129, 1, 192, 128
-1.00308, 97, 81, 128, 208
-1.00312, 49, 33, 176, 96
-1.00315, 49, 9, 176, 72
-1.00316, 49, 57, 176, 120
-1.00316, 305, 97, 336, 224
-1.00318, 125, 49, 156, 176
-1.0032, 325, 49, 356, 176
-1.00329, 49, 97, 80, 224
-1.0035, 465, 177, 496, 304
-1.00383, 97, 1, 224, 64
-1.00418, 145, 25, 272, 88
-1.00427, 97, 33, 224, 96
