1963
-0.182507, 1, 1, 500, 375
-0.293712, 1, 33, 500, 288
-0.320666, 193, 1, 448, 375
-0.443414, 97, 1, 352, 375
-0.454264, 1, 129, 500, 375
-0.531344, 161, 1, 416, 256
-0.582873, 33, 65, 288, 320
-0.609669, 1, 1, 256, 375
-0.622107, 257, 33, 500, 288
-0.753438, 193, 129, 448, 375
-0.836417, 145, 1, 272, 375
-0.850356, 113, 65, 240, 320
-0.854985, 161, 33, 288, 288
-0.857848, 289, 1, 416, 375
-0.864638, 209, 1, 336, 256
-0.86474, 33, 97, 160, 352
-0.865113, 193, 1, 320, 375
-0.865356, 97, 1, 224, 375
-0.866421, 1, 81, 500, 208
-0.877139, 1, 209, 500, 336
-0.878017, 321, 33, 448, 288
-0.878871, 369, 97, 496, 352
-0.882639, 273, 1, 400, 256
-0.889139, 241, 1, 368, 375
-0.890166, 337, 1, 464, 375
-0.89423, 161, 33, 416, 160
-0.906024, 1, 33, 500, 160
-0.912122, 305, 129, 432, 375
-0.915348, 1, 129, 500, 256
-0.915815, 33, 97, 288, 224
-0.915948, 161, 129, 288, 375
-0.917877, 33, 1, 160, 375
-0.924477, 193, 193, 448, 320
-0.93138, 209, 129, 336, 375
-0.932487, 65, 1, 192, 256
-0.937015, 369, 1, 496, 256
-0.939764, 257, 65, 500, 192
-0.939814, 377, 65, 440, 192
-0.940259, 113, 65, 240, 192
-0.940298, 1, 145, 256, 272
-0.94055, 257, 129, 384, 375
-0.940761, 257, 241, 500, 368
-0.941882, 137, 65, 200, 192
-0.942601, 177, 33, 240, 160
-0.942958, 65, 209, 320, 336
-0.944475, 177, 33, 304, 160
-0.94467, 33, 113, 160, 240
-0.946968, 377, 73, 440, 136
-0.948685, 401, 81, 464, 208
-0.949013, 305, 241, 432, 368
-0.949842, 337, 49, 400, 176
-0.950262, 369, 113, 496, 240
-0.9514, 289, 33, 416, 160
-0.951746, 113, 81, 176, 208
-0.951906, 49, 113, 112, 240
-0.952561, 65, 49, 320, 176
-0.953554, 257, 113, 500, 240
-0.953688, 137, 81, 200, 144
-0.953715, 385, 97, 448, 160
-0.953817, 9, 161, 72, 288
-0.95519, 369, 193, 432, 320
-0.955326, 97, 145, 352, 272
-0.955366, 201, 33, 264, 160
-0.955449, 433, 313, 496, 375
-0.955606, 369, 161, 496, 288
-0.955686, 401, 241, 464, 368
-0.958366, 161, 57, 224, 120
-0.958367, 89, 97, 152, 224
-0.959167, 177, 193, 304, 320
-0.959443, 329, 49, 392, 112
-0.959455, 401, 121, 464, 184
-0.959483, 17, 241, 144, 368
-0.959517, 425, 113, 488, 240
-0.9598, 161, 241, 416, 368
-0.959939, 161, 81, 224, 208
-0.960318, 305, 193, 432, 320
-0.960371, 225, 33, 352, 160
-0.960391, 377, 113, 440, 240
-0.960727, 161, 81, 416, 208
-0.9609, 337, 49, 464, 176
-0.961406, 305, 33, 368, 160
-0.961461, 401, 265, 464, 328
-0.96149, 385, 305, 448, 368
-0.961594, 353, 225, 480, 352
-0.961829, 409, 313, 472, 375
-0.961997, 129, 113, 256, 240
-0.962187, 241, 193, 368, 320
-0.962407, 129, 193, 256, 320
-0.962611, 9, 169, 72, 232
-0.963321, 185, 41, 248, 104
-0.9636, 257, 313, 384, 375
-0.963822, 361, 241, 424, 368
-0.964724, 273, 313, 336, 375
-0.964946, 113, 97, 176, 160
-0.965617, 189, 33, 220, 160
-0.965766, 305, 97, 432, 224
-0.965951, 353, 49, 416, 112
-0.966016, 81, 105, 144, 168
-0.966081, 361, 209, 424, 272
-0.966167, 225, 33, 288, 160
-0.966238, 49, 137, 112, 200
-0.966698, 17, 193, 144, 320
-0.967264, 313, 305, 376, 368
-0.967435, 169, 49, 200, 176
-0.967506, 345, 193, 408, 320
-0.967732, 413, 65, 444, 192
-0.967832, 81, 113, 208, 240
-0.967939, 177, 33, 240, 288
-0.96814, 257, 193, 320, 320
-0.968346, 369, 281, 432, 344
-0.968414, 257, 33, 320, 160
-0.968417, 65, 65, 192, 192
-0.968597, 361, 313, 424, 375
-0.969114, 297, 41, 360, 104
-0.969218, 409, 289, 472, 352
-0.969247, 161, 49, 288, 112
-0.969394, 249, 313, 312, 375
-0.969482, 289, 177, 352, 304
-0.96952, 1, 241, 64, 368
-0.969598, 241, 241, 304, 368
-0.96963, 353, 97, 416, 224
-0.969702, 329, 241, 392, 368
-0.969825, 17, 1, 144, 256
-0.969851, 369, 313, 496, 375
-0.969894, 81, 97, 208, 160
-0.969985, 145, 17, 208, 144
-0.970194, 161, 89, 224, 152
-0.970312, 281, 33, 344, 160
-0.970522, 401, 193, 464, 320
-0.970601, 425, 113, 488, 176
-0.970695, 401, 129, 464, 256
-0.970834, 361, 97, 424, 160
-0.970838, 337, 201, 400, 264
-0.971003, 217, 193, 280, 320
-0.971018, 433, 241, 496, 368
-0.971022, 257, 17, 500, 144
-0.971613, 145, 129, 208, 256
-0.971633, 425, 137, 488, 200
-0.971729, 33, 161, 96, 288
-0.97177, 409, 89, 472, 152
-0.971855, 233, 41, 296, 104
-0.972157, 305, 145, 432, 272
-0.972226, 169, 129, 232, 256
-0.972265, 209, 41, 272, 104
-0.972309, 289, 41, 416, 104
-0.97242, 361, 33, 392, 160
-0.972575, 377, 121, 440, 184
-0.972611, 265, 41, 328, 104
-0.97262, 137, 57, 200, 120
-0.972696, 369, 17, 432, 144
-0.972731, 337, 313, 400, 375
-0.97281, 193, 193, 256, 320
-0.972949, 137, 65, 200, 320
-0.972993, 305, 313, 432, 375
-0.973161, 401, 241, 464, 304
-0.973342, 129, 241, 256, 368
-0.973355, 393, 65, 424, 128
-0.973366, 377, 33, 440, 288
-0.973557, 273, 201, 336, 264
-0.973753, 65, 161, 192, 288
-0.973777, 321, 289, 448, 352
-0.973876, 65, 241, 192, 368
-0.974141, 433, 289, 496, 352
-0.974158, 289, 225, 352, 352
-0.974309, 1, 113, 64, 240
-0.974312, 25, 209, 88, 336
-0.974335, 413, 81, 444, 144
-0.974369, 225, 209, 288, 272
-0.974543, 401, 65, 464, 320
-0.974891, 401, 65, 432, 192
-0.975058, 177, 145, 304, 272
-0.975136, 185, 49, 216, 112
-0.975296, 381, 81, 412, 208
-0.975383, 249, 193, 312, 256
-0.975468, 225, 241, 352, 368
-0.97554, 377, 233, 440, 296
-0.975656, 361, 185, 424, 248
-0.975723, 145, 209, 208, 336
-0.975804, 369, 129, 496, 192
-0.975856, 209, 1, 272, 256
-0.975857, 113, 73, 240, 136
-0.975861, 49, 129, 80, 256
-0.975913, 65, 97, 128, 352
-0.975977, 33, 161, 96, 224
-0.975989, 385, 193, 448, 256
-0.976064, 33, 129, 160, 192
-0.976105, 353, 73, 416, 136
-0.976108, 169, 57, 200, 120
-0.976199, 137, 105, 200, 168
-0.976224, 369, 81, 496, 144
-0.976674, 113, 73, 176, 136
-0.976715, 145, 65, 176, 192
-0.976762, 193, 313, 256, 375
-0.976835, 185, 81, 248, 208
-0.977017, 321, 209, 448, 272
-0.977032, 177, 113, 240, 176
-0.977036, 17, 129, 80, 375
-0.977099, 397, 225, 428, 352
-0.977148, 113, 65, 176, 320
-0.977291, 249, 1, 312, 256
-0.97731, 337, 1, 400, 128
-0.97731, 321, 193, 384, 320
-0.977767, 125, 81, 156, 208
-0.977828, 25, 113, 88, 240
-0.97786, 5, 145, 36, 272
-0.977896, 365, 49, 396, 112
-0.978067, 169, 209, 232, 336
-0.978073, 97, 97, 128, 224
-0.978124, 313, 185, 376, 248
-0.978282, 41, 129, 104, 375
-0.978318, 101, 105, 132, 168
-0.978389, 413, 105, 444, 168
-0.978454, 425, 193, 488, 320
-0.978492, 129, 17, 256, 144
-0.978533, 225, 201, 352, 264
-0.978775, 289, 1, 352, 256
-0.978887, 29, 161, 60, 288
-0.978894, 381, 193, 412, 320
-0.978904, 241, 41, 368, 104
-0.97895, 425, 49, 488, 176
-0.979085, 361, 129, 424, 375
-0.979182, 445, 305, 476, 368
-0.979401, 217, 313, 280, 375
-0.979447, 425, 129, 488, 375
-0.979522, 289, 289, 352, 352
-0.979578, 273, 209, 400, 272
-0.979585, 73, 113, 104, 240
-0.979664, 345, 33, 408, 288
-0.979682, 381, 89, 412, 152
-0.979708, 401, 305, 432, 368
-0.97977, 369, 273, 496, 336
-0.97987, 109, 97, 140, 224
-0.979898, 381, 65, 412, 128
-0.979937, 125, 89, 156, 152
-0.979942, 401, 145, 464, 208
-0.979947, 329, 145, 392, 272
-0.979954, 377, 257, 440, 320
-0.980025, 121, 145, 184, 272
-0.980041, 89, 97, 152, 352
-0.980109, 73, 129, 136, 192
-0.980125, 213, 33, 244, 160
-0.980154, 353, 145, 416, 272
-0.980166, 405, 113, 436, 240
-0.980203, 185, 217, 248, 280
-0.980273, 85, 97, 116, 224
-0.980305, 233, 145, 296, 272
-0.980416, 293, 305, 324, 368
-0.980439, 273, 185, 400, 248
-0.980529, 305, 209, 368, 272
-0.980609, 397, 177, 428, 304
-0.98061, 149, 73, 180, 136
-0.980698, 157, 65, 188, 192
-0.980721, 113, 97, 144, 160
-0.980746, 49, 145, 80, 208
-0.980849, 177, 81, 304, 208
-0.980903, 185, 185, 248, 248
-0.980989, 1, 1, 256, 128
-0.981018, 433, 121, 464, 184
-0.981034, 401, 121, 432, 184
-0.981043, 121, 169, 184, 232
-0.981055, 165, 81, 196, 144
-0.981065, 49, 241, 112, 368
-0.98114, 17, 257, 80, 320
-0.981233, 397, 273, 428, 336
-0.981292, 25, 193, 88, 256
-0.981334, 397, 217, 428, 280
-0.981343, 417, 305, 448, 368
-0.981344, 469, 313, 500, 375
-0.981427, 1, 145, 64, 208
-0.98144, 377, 209, 408, 272
-0.981447, 469, 121, 500, 184
-0.981452, 369, 185, 496, 248
-0.981463, 161, 1, 224, 375
-0.981491, 29, 169, 60, 232
-0.981529, 305, 65, 432, 128
-0.981586, 313, 1, 376, 256
-0.981593, 273, 313, 304, 375
-0.981646, 85, 113, 116, 176
-0.981653, 193, 145, 256, 272
-0.981744, 377, 153, 440, 216
-0.981831, 421, 241, 452, 368
-0.981973, 153, 129, 216, 192
-0.981991, 209, 41, 240, 104
-0.982014, 1, 153, 128, 216
-0.982114, 321, 185, 448, 248
-0.982315, 5, 161, 36, 224
-0.982336, 321, 233, 448, 296
-0.982374, 201, 33, 232, 160
-0.982415, 129, 113, 256, 176
-0.982417, 433, 265, 496, 328
-0.982433, 253, 313, 284, 375
-0.982461, 321, 25, 384, 88
-0.98249, 1, 225, 64, 288
-0.982504, 185, 1, 248, 375
-0.982516, 17, 161, 48, 288
-0.982565, 337, 1, 400, 375
-0.982569, 317, 305, 348, 368
-0.982615, 137, 89, 168, 152
-0.982652, 197, 41, 228, 104
-0.982716, 373, 313, 404, 375
-0.982736, 385, 33, 416, 160
-0.982743, 353, 121, 416, 184
-0.982782, 193, 313, 320, 375
-0.982819, 381, 121, 412, 184
-0.982864, 337, 289, 400, 352
-0.982895, 185, 65, 248, 128
-0.98291, 433, 161, 496, 224
-0.98291, 241, 281, 304, 344
-0.982927, 377, 81, 440, 112
-0.982945, 165, 129, 196, 256
-0.982973, 305, 305, 336, 368
-0.983014, 325, 41, 356, 104
-0.98304, 113, 121, 176, 184
-0.983056, 393, 89, 424, 152
-0.983137, 73, 121, 104, 184
-0.983137, 341, 33, 372, 160
-0.983186, 417, 265, 448, 328
-0.983301, 1, 193, 64, 256
-0.983325, 65, 161, 128, 288
-0.983382, 433, 313, 464, 375
-0.983549, 389, 313, 420, 375
-0.983591, 393, 193, 424, 256
-0.983604, 465, 289, 496, 352
-0.983634, 17, 313, 80, 375
-0.983646, 413, 241, 444, 304
-0.983647, 465, 113, 496, 240
-0.983661, 433, 113, 464, 240
-0.983668, 161, 201, 224, 264
-0.983707, 309, 41, 340, 104
-0.983719, 453, 273, 484, 336
-0.983867, 17, 161, 48, 224
-0.983867, 329, 313, 360, 375
-0.983899, 237, 41, 268, 104
-0.983902, 249, 41, 280, 104
-0.984043, 297, 41, 328, 104
-0.984063, 285, 201, 316, 264
-0.984066, 349, 41, 380, 104
-0.984075, 73, 241, 136, 368
-0.984098, 105, 225, 168, 352
-0.984135, 113, 33, 176, 160
-0.984138, 377, 49, 440, 112
-0.984161, 265, 145, 328, 272
-0.984303, 337, 41, 368, 104
-0.984305, 61, 113, 92, 240
-0.984329, 25, 241, 56, 368
-0.984338, 277, 41, 308, 104
-0.984358, 265, 41, 296, 104
-0.984407, 217, 281, 280, 344
-0.984411, 61, 129, 92, 192
-0.984465, 225, 145, 352, 272
-0.984491, 41, 313, 104, 375
-0.984574, 421, 113, 452, 240
-0.984576, 401, 169, 464, 232
-0.984621, 137, 1, 200, 375
-0.984636, 225, 41, 256, 104
-0.984664, 137, 81, 200, 112
-0.984675, 145, 313, 272, 375
-0.984704, 453, 129, 484, 192
-0.984714, 185, 89, 248, 152
-0.984717, 245, 201, 276, 264
-0.984769, 161, 33, 224, 96
-0.984797, 457, 313, 488, 375
-0.984799, 373, 33, 404, 160
-0.984817, 289, 177, 352, 240
-0.984842, 177, 241, 304, 368
-0.985006, 229, 209, 260, 272
-0.985033, 369, 217, 496, 280
-0.985102, 161, 185, 288, 248
-0.985116, 365, 201, 396, 264
-0.985141, 25, 137, 88, 200
-0.985144, 97, 161, 160, 288
-0.98515, 165, 105, 196, 168
-0.985168, 361, 1, 424, 375
-0.985279, 161, 209, 288, 272
-0.98528, 409, 317, 472, 348
-0.985283, 353, 313, 384, 375
-0.985291, 297, 201, 328, 264
-0.985295, 165, 137, 196, 200
-0.98531, 49, 201, 112, 264
-0.985418, 409, 241, 440, 368
-0.985484, 401, 217, 464, 280
-0.985505, 201, 241, 264, 368
-0.985509, 65, 65, 128, 192
-0.985525, 149, 97, 180, 160
-0.985559, 225, 185, 288, 248
-0.985592, 445, 113, 476, 240
-0.985693, 341, 313, 372, 375
-0.985703, 369, 105, 496, 168
-0.985705, 257, 209, 288, 272
-0.985711, 441, 241, 472, 368
-0.98573, 229, 33, 260, 160
-0.985739, 385, 101, 448, 132
-0.985765, 385, 153, 416, 216
-0.98578, 321, 33, 352, 160
-0.985805, 145, 249, 208, 312
-0.985834, 209, 1, 272, 375
-0.985898, 401, 113, 464, 144
-0.9859, 385, 129, 416, 256
-0.98593, 233, 1, 296, 375
-0.985949, 405, 57, 436, 120
-0.986037, 161, 313, 224, 375
-0.986044, 249, 217, 312, 280
-0.98605, 421, 129, 452, 192
-0.986071, 289, 309, 352, 340
-0.986097, 337, 177, 400, 240
-0.986119, 17, 201, 144, 264
-0.986126, 313, 1, 376, 375
-0.986136, 177, 281, 304, 344
-0.986138, 425, 241, 488, 304
-0.9862, 469, 97, 500, 160
-0.986275, 353, 209, 384, 272
-0.986289, 433, 313, 496, 344
-0.986306, 229, 193, 260, 320
-0.986335, 129, 137, 256, 200
-0.986438, 401, 305, 464, 336
-0.986479, 189, 81, 220, 144
-0.986481, 405, 193, 436, 256
-0.986484, 233, 313, 264, 375
-0.986524, 417, 65, 480, 128
-0.986573, 425, 97, 456, 160
-0.986582, 145, 153, 176, 216
-0.986617, 397, 249, 428, 312
-0.986698, 225, 313, 480, 375
-0.986743, 177, 129, 240, 375
-0.986762, 97, 109, 160, 140
-0.986787, 329, 97, 392, 224
-0.986827, 185, 113, 216, 176
-0.98683, 385, 241, 416, 368
-0.986831, 289, 1, 352, 375
-0.986849, 13, 225, 44, 288
-0.98686, 433, 273, 464, 336
-0.986902, 369, 249, 496, 312
-0.986927, 117, 121, 148, 184
-0.986944, 369, 81, 400, 144
-0.986947, 161, 41, 416, 104
-0.986955, 377, 41, 408, 104
-0.98699, 169, 57, 232, 88
-0.987013, 5, 201, 36, 264
-0.987039, 457, 105, 488, 168
-0.987056, 1, 281, 64, 344
-0.987094, 309, 209, 340, 272
-0.9871, 321, 89, 448, 152
-0.987102, 225, 289, 352, 352
-0.987121, 409, 145, 440, 208
-0.987144, 137, 97, 200, 128
-0.987179, 401, 1, 464, 375
-0.98718, 273, 193, 304, 256
-0.987186, 25, 217, 88, 280
-0.987328, 257, 1, 320, 375
-0.987354, 369, 69, 432, 100
-0.987367, 297, 33, 328, 160
-0.987376, 413, 217, 444, 280
-0.987392, 265, 17, 328, 80
-0.98743, 157, 49, 188, 112
-0.987476, 353, 153, 416, 216
-0.98751, 161, 89, 288, 152
-0.98753, 341, 209, 372, 272
-0.987578, 285, 33, 316, 160
-0.98759, 41, 169, 72, 232
-0.987596, 137, 65, 168, 128
-0.987654, 337, 129, 400, 375
-0.98768, 353, 185, 384, 248
-0.987721, 17, 313, 144, 375
-0.987734, 25, 257, 56, 320
-0.987746, 265, 241, 328, 368
-0.987766, 245, 281, 276, 344
-0.987847, 321, 209, 352, 272
-0.987861, 305, 257, 432, 320
-0.987862, 89, 49, 152, 176
-0.987904, 393, 41, 424, 104
-0.987906, 81, 177, 208, 240
-0.987959, 113, 145, 176, 208
-0.987963, 97, 1, 160, 375
-0.987972, 101, 129, 132, 192
-0.987987, 365, 105, 396, 168
-0.987988, 289, 17, 352, 80
-0.987989, 417, 193, 448, 256
-0.988007, 121, 313, 184, 375
-0.988027, 145, 289, 208, 352
-0.988066, 145, 69, 208, 100
-0.988087, 209, 129, 272, 375
-0.988116, 169, 33, 200, 96
-0.988123, 329, 81, 392, 144
-0.98815, 369, 177, 400, 304
-0.98817, 377, 325, 440, 356
-0.988179, 409, 169, 440, 232
-0.988189, 401, 273, 464, 304
-0.988193, 273, 33, 304, 160
-0.988209, 453, 241, 484, 368
-0.988217, 13, 209, 44, 336
-0.988246, 65, 129, 128, 160
-0.988247, 305, 121, 432, 184
-0.988281, 417, 329, 480, 360
-0.988295, 345, 209, 408, 240
-0.9883, 185, 81, 216, 208
-0.988369, 409, 177, 440, 304
-0.988426, 465, 177, 496, 240
-0.988468, 241, 33, 272, 160
-0.988508, 393, 125, 456, 156
-0.988508, 409, 293, 472, 324
-0.988513, 257, 33, 288, 160
-0.988514, 81, 17, 208, 144
-0.988519, 29, 313, 60, 375
-0.988526, 369, 1, 496, 128
-0.988529, 425, 185, 488, 248
-0.988538, 225, 265, 256, 328
-0.988553, 329, 49, 392, 80
-0.988559, 393, 337, 456, 368
-0.988562, 153, 249, 184, 312
-0.98857, 177, 137, 240, 200
-0.988572, 377, 313, 440, 344
-0.988588, 353, 193, 384, 320
-0.988589, 425, 133, 488, 164
-0.988594, 201, 257, 264, 320
-0.988603, 429, 241, 460, 304
-0.988631, 1, 165, 64, 196
-0.988659, 377, 185, 408, 248
-0.988674, 433, 193, 464, 320
-0.988676, 137, 193, 200, 256
-0.988677, 333, 185, 364, 248
-0.988692, 17, 297, 48, 360
-0.988702, 241, 341, 304, 372
-0.988711, 81, 121, 208, 184
-0.988714, 401, 33, 464, 160
-0.988761, 113, 97, 176, 128
-0.98878, 377, 113, 440, 144
-0.988801, 461, 249, 492, 312
-0.988823, 289, 129, 352, 375
-0.988829, 381, 281, 412, 344
-0.988848, 141, 273, 172, 336
-0.988859, 401, 89, 464, 120
-0.988891, 169, 177, 200, 240
-0.988893, 285, 177, 316, 304
-0.988918, 297, 129, 360, 256
-0.988927, 225, 17, 288, 80
-0.988929, 161, 89, 224, 120
-0.988929, 425, 109, 488, 140
-0.988937, 81, 177, 144, 240
-0.988959, 317, 185, 348, 248
-0.988971, 129, 113, 160, 176
-0.988972, 189, 217, 220, 280
-0.988979, 5, 313, 36, 375
-0.989005, 177, 81, 208, 144
-0.989028, 29, 145, 60, 208
-0.989042, 313, 313, 376, 344
-0.989043, 113, 233, 176, 296
-0.989086, 5, 289, 36, 352
-0.989106, 137, 313, 168, 375
-0.989132, 153, 281, 184, 344
-0.989336, 345, 61, 408, 92
-0.989336, 369, 277, 432, 308
-0.989367, 89, 81, 152, 144
-0.989372, 193, 25, 320, 88
-0.989482, 433, 89, 496, 152
-0.989502, 337, 161, 464, 224
-0.989509, 433, 33, 496, 288
-0.989512, 193, 17, 256, 80
-0.989583, 361, 101, 424, 132
-0.989585, 193, 45, 256, 76
-0.989591, 353, 249, 416, 312
-0.989594, 1, 113, 500, 176
-0.989606, 425, 65, 456, 192
-0.98964, 329, 249, 392, 312
-0.989713, 1, 257, 128, 320
-0.989734, 425, 217, 488, 280
-0.989742, 25, 33, 88, 288
-0.989792, 149, 209, 180, 336
-0.989826, 265, 281, 328, 344
-0.989913, 81, 153, 144, 216
-0.989986, 373, 241, 404, 368
-0.990033, 113, 281, 176, 344
-0.990035, 265, 317, 328, 348
-0.990127, 265, 209, 328, 240
-0.990148, 365, 97, 396, 224
-0.990189, 241, 329, 304, 360
-0.9902, 9, 337, 72, 368
-0.990246, 193, 281, 256, 344
-0.990287, 241, 129, 304, 375
-0.990332, 121, 109, 184, 140
-0.990431, 177, 129, 208, 256
-0.990448, 89, 1, 152, 256
-0.990494, 253, 193, 284, 320
-0.9905, 49, 193, 80, 320
-0.990508, 361, 221, 424, 252
-0.990535, 309, 33, 340, 160
-0.990565, 129, 161, 256, 224
-0.990569, 273, 289, 400, 352
-0.990574, 137, 25, 200, 88
-0.990591, 177, 161, 240, 224
-0.990676, 33, 289, 96, 352
-0.990731, 401, 261, 464, 292
-0.990767, 233, 217, 296, 248
-0.990774, 305, 41, 368, 72
-0.990775, 33, 129, 288, 192
-0.990785, 433, 145, 496, 176
-0.990822, 321, 201, 384, 232
-0.990839, 193, 209, 448, 272
-0.990845, 41, 241, 104, 304
-0.990869, 113, 49, 240, 112
-0.990956, 265, 129, 328, 375
-0.990974, 73, 117, 136, 148
-0.991011, 201, 329, 264, 360
-0.991017, 241, 317, 304, 348
-0.991029, 393, 73, 424, 104
-0.991075, 289, 321, 352, 352
-0.991079, 313, 281, 376, 344
-0.991104, 1, 225, 128, 288
-0.991156, 105, 257, 168, 320
-0.991188, 49, 145, 112, 176
-0.99119, 1, 241, 32, 368
-0.991225, 337, 241, 368, 368
-0.991231, 89, 313, 152, 375
-0.991236, 401, 137, 464, 168
-0.991241, 329, 105, 392, 168
-0.991255, 193, 193, 224, 320
-0.991269, 361, 241, 392, 368
-0.9913, 273, 177, 304, 304
-0.991304, 217, 45, 280, 76
-0.991317, 257, 81, 500, 144
-0.991324, 361, 345, 424, 375
-0.99134, 345, 25, 408, 88
-0.99135, 217, 177, 248, 304
-0.991362, 369, 301, 432, 332
-0.991409, 169, 177, 200, 304
-0.991416, 9, 65, 72, 192
-0.991419, 9, 177, 72, 208
-0.991446, 241, 201, 304, 232
-0.991466, 65, 1, 128, 256
-0.991481, 209, 177, 336, 240
-0.991484, 417, 341, 480, 372
-0.991509, 1, 49, 500, 112
-0.991542, 385, 209, 448, 240
-0.991549, 297, 193, 328, 320
-0.991637, 409, 77, 440, 108
-0.991649, 281, 41, 344, 72
-0.991655, 387, 65, 402, 128
-0.991675, 169, 129, 232, 160
-0.991692, 369, 289, 432, 320
-0.991704, 169, 61, 200, 92
-0.991711, 205, 209, 236, 336
-0.991712, 257, 289, 500, 352
-0.991748, 241, 41, 304, 72
-0.991749, 433, 1, 496, 375
-0.991767, 433, 297, 496, 328
-0.991778, 217, 81, 280, 208
-0.991792, 369, 125, 432, 156
-0.991848, 97, 313, 224, 375
-0.99185, 393, 85, 424, 116
-0.991858, 177, 113, 304, 176
-0.991862, 157, 69, 188, 100
-0.991885, 413, 89, 444, 120
-0.991988, 137, 241, 168, 368
-0.991999, 453, 313, 484, 344
-0.992001, 65, 313, 128, 375
-0.992005, 1, 257, 64, 288
-0.992037, 169, 77, 232, 108
-0.992045, 161, 101, 224, 132
-0.992045, 413, 105, 444, 136
-0.992057, 49, 1, 112, 375
-0.992063, 241, 193, 272, 320
-0.992086, 401, 313, 432, 344
-0.992097, 101, 109, 132, 140
-0.992103, 313, 129, 376, 375
-0.992108, 113, 345, 176, 375
-0.992145, 125, 97, 156, 128
-0.992164, 309, 193, 340, 320
-0.992176, 41, 165, 104, 196
-0.992186, 369, 57, 496, 120
-0.992188, 401, 77, 464, 108
-0.992192, 1, 217, 500, 280
-0.992195, 345, 197, 408, 228
-0.992224, 265, 97, 328, 224
-0.992236, 469, 313, 500, 344
-0.992253, 421, 193, 452, 320
-0.992253, 129, 313, 384, 375
-0.992255, 193, 57, 256, 88
-0.992259, 113, 85, 176, 116
-0.992268, 241, 17, 368, 80
-0.992275, 137, 89, 168, 120
-0.992294, 89, 117, 120, 148
-0.992304, 397, 277, 428, 308
-0.992327, 365, 53, 396, 84
-0.992357, 189, 49, 220, 80
-0.992362, 169, 77, 200, 108
-0.992364, 149, 81, 180, 112
-0.99238, 73, 1, 136, 375
-0.992396, 421, 337, 452, 368
-0.992427, 465, 209, 496, 336
-0.992445, 137, 121, 200, 152
-0.992502, 393, 221, 424, 252
-0.992518, 401, 121, 432, 152
-0.992525, 441, 317, 472, 348
-0.992587, 129, 249, 256, 312
-0.992605, 33, 105, 288, 168
-0.992613, 9, 153, 72, 184
-0.992619, 381, 69, 412, 100
-0.99262, 353, 317, 416, 348
-0.99265, 25, 113, 56, 240
-0.992676, 169, 89, 200, 120
-0.992677, 121, 113, 152, 144
-0.992684, 289, 193, 352, 224
-0.992685, 113, 101, 144, 132
-0.992707, 305, 53, 368, 84
-0.992712, 169, 1, 200, 128
-0.992731, 77, 125, 108, 156
-0.992736, 65, 73, 192, 136
-0.992752, 433, 197, 496, 228
-0.992794, 113, 209, 240, 272
-0.992795, 273, 345, 304, 375
-0.992797, 1, 165, 32, 196
-0.992803, 293, 309, 324, 340
-0.992808, 53, 145, 84, 176
-0.992811, 321, 325, 384, 356
-0.992834, 369, 313, 496, 344
-0.992836, 265, 345, 328, 375
-0.992839, 377, 213, 408, 244
-0.992855, 1, 33, 64, 288
-0.992855, 317, 309, 348, 340
-0.992872, 217, 205, 280, 236
-0.992909, 337, 89, 400, 120
-0.992911, 401, 149, 464, 180
-0.992927, 321, 193, 352, 320
-0.992936, 393, 97, 424, 128
-0.992938, 417, 73, 432, 136
-0.992944, 169, 117, 232, 148
-0.992947, 413, 117, 444, 148
-0.992966, 381, 117, 412, 148
-0.992974, 413, 313, 444, 344
-0.992993, 401, 237, 464, 268
-0.993027, 381, 273, 412, 304
-0.993027, 65, 133, 96, 164
-0.993035, 353, 45, 384, 76
-0.993051, 297, 81, 360, 208
-0.993067, 445, 109, 476, 140
-0.993076, 405, 325, 436, 356
-0.993091, 245, 345, 276, 375
-0.993099, 297, 205, 360, 236
-0.993118, 377, 89, 408, 120
-0.993124, 141, 101, 172, 132
-0.993138, 421, 325, 452, 356
-0.993142, 125, 345, 156, 375
-0.993143, 433, 129, 464, 160
-0.993147, 201, 45, 232, 76
-0.993149, 329, 313, 360, 344
-0.993156, 377, 49, 392, 112
-0.993174, 357, 197, 388, 228
-0.993174, 441, 329, 472, 360
-0.993183, 169, 45, 232, 76
-0.99319, 353, 113, 416, 144
-0.993196, 105, 125, 136, 156
-0.993197, 177, 49, 208, 80
-0.993204, 185, 201, 248, 232
-0.993209, 9, 189, 72, 220
-0.993215, 1, 273, 500, 336
-0.99322, 425, 273, 488, 304
-0.993222, 169, 101, 200, 132
-0.993227, 389, 209, 420, 240
-0.99323, 29, 169, 60, 200
-0.993233, 461, 133, 492, 164
-0.993233, 361, 157, 424, 188
-0.993234, 305, 309, 336, 340
-0.993235, 33, 177, 96, 208
-0.993253, 129, 273, 256, 336
-0.993265, 401, 165, 464, 196
-0.993276, 221, 45, 252, 76
-0.993277, 321, 313, 448, 344
-0.993281, 185, 65, 216, 96
-0.993291, 281, 317, 312, 348
-0.993296, 429, 313, 460, 344
-0.993308, 433, 109, 464, 140
-0.993329, 1, 313, 500, 375
-0.993342, 453, 193, 484, 320
-0.993362, 277, 209, 308, 240
-0.993362, 225, 277, 256, 308
-0.99337, 341, 45, 372, 76
-0.993386, 149, 113, 180, 240
-0.993392, 97, 121, 160, 152
-0.993394, 229, 217, 260, 248
-0.993396, 345, 201, 376, 232
-0.993406, 241, 205, 272, 236
-0.993418, 261, 345, 292, 375
-0.993419, 201, 129, 232, 256
-0.993442, 369, 345, 400, 375
-0.993467, 377, 257, 440, 288
-0.993474, 425, 121, 488, 152
-0.993482, 277, 197, 308, 228
-0.993484, 1, 89, 500, 152
-0.993485, 409, 337, 440, 368
-0.993487, 97, 81, 352, 144
-0.993491, 401, 265, 432, 296
-0.993494, 217, 317, 280, 348
-0.993509, 165, 113, 196, 144
-0.993514, 149, 161, 180, 288
-0.993516, 25, 333, 56, 364
-0.993519, 445, 297, 476, 328
-0.993526, 413, 245, 444, 276
-0.993537, 377, 201, 408, 232
-0.993538, 385, 129, 416, 160
-0.993545, 453, 325, 484, 356
-0.993548, 261, 329, 292, 360
-0.993556, 329, 41, 360, 72
-0.993557, 405, 217, 436, 248
-0.993564, 81, 113, 208, 144
-0.993565, 285, 345, 316, 375
-0.993567, 377, 101, 408, 132
-0.993569, 405, 301, 436, 332
-0.993572, 417, 301, 448, 332
-0.993581, 257, 201, 288, 232
-0.993585, 233, 41, 264, 72
-0.993586, 313, 41, 344, 72
-0.993586, 405, 205, 436, 236
-0.993593, 337, 305, 400, 336
-0.993598, 205, 57, 236, 88
-0.993603, 17, 165, 48, 196
-0.993613, 159, 73, 174, 136
-0.993618, 1, 297, 64, 328
-0.993619, 265, 213, 296, 244
-0.99362, 233, 329, 264, 360
-0.993629, 369, 197, 432, 228
-0.993631, 413, 265, 444, 296
-0.993632, 249, 325, 280, 356
-0.993647, 449, 133, 480, 164
-0.99365, 183, 49, 198, 112
-0.993657, 141, 169, 172, 200
-0.993665, 365, 213, 396, 244
-0.993666, 353, 321, 384, 352
-0.993667, 245, 41, 276, 72
-0.993667, 441, 341, 472, 372
-0.993672, 289, 209, 320, 240
-0.993674, 257, 41, 288, 72
-0.993684, 49, 249, 176, 312
-0.993686, 241, 53, 304, 84
-0.993696, 253, 217, 284, 248
-0.9937, 297, 41, 328, 72
-0.993703, 269, 41, 300, 72
-0.993706, 409, 233, 440, 264
-0.993713, 193, 49, 208, 112
-0.993713, 265, 197, 328, 228
-0.993715, 421, 129, 452, 160
-0.993716, 469, 325, 500, 356
-0.993726, 165, 65, 180, 128
-0.993735, 401, 249, 464, 280
-0.993744, 393, 325, 424, 356
-0.993745, 285, 41, 316, 72
-0.99375, 273, 329, 304, 360
-0.993751, 229, 241, 260, 368
-0.993752, 17, 253, 48, 284
-0.993753, 397, 109, 428, 140
-0.993754, 193, 185, 448, 248
-0.993764, 217, 345, 280, 375
-0.993766, 389, 313, 420, 344
-0.993793, 185, 221, 248, 252
-0.993798, 369, 65, 400, 96
-0.993808, 397, 289, 428, 320
-0.993824, 345, 189, 376, 220
-0.993827, 45, 169, 76, 200
-0.993834, 161, 53, 288, 84
-0.993841, 29, 297, 60, 328
-0.993842, 201, 317, 232, 348
-0.993847, 189, 77, 220, 108
-0.993849, 457, 297, 488, 328
-0.993851, 365, 93, 396, 124
-0.993851, 449, 277, 480, 308
-0.99386, 89, 341, 152, 372
-0.993893, 385, 221, 448, 252
-0.993897, 65, 273, 192, 336
-0.993902, 81, 153, 208, 216
-0.993907, 57, 201, 120, 232
-0.993909, 9, 1, 72, 375
-0.993934, 33, 185, 288, 248
-0.993949, 45, 241, 76, 368
-0.993952, 273, 309, 400, 340
-0.99398, 97, 101, 224, 132
-0.993987, 33, 345, 96, 375
-0.993993, 321, 213, 384, 244
-0.994029, 385, 89, 400, 152
-0.994036, 345, 73, 408, 104
-0.994051, 313, 189, 376, 220
-0.994072, 393, 65, 408, 128
-0.994084, 401, 185, 464, 216
-0.994087, 281, 53, 344, 84
-0.99411, 369, 133, 496, 164
-0.994139, 1, 153, 256, 216
-0.994142, 177, 317, 240, 348
-0.994155, 397, 17, 428, 144
-0.994166, 369, 185, 432, 216
-0.994185, 9, 201, 72, 232
-0.994201, 113, 173, 176, 204
-0.994226, 293, 305, 308, 368
-0.994227, 305, 241, 336, 368
-0.994259, 105, 161, 136, 288
-0.994325, 1, 193, 32, 320
-0.994347, 305, 217, 432, 248
-0.994376, 265, 305, 328, 336
-0.994384, 209, 221, 272, 252
-0.994411, 273, 49, 400, 80
-0.994414, 17, 213, 80, 244
-0.994417, 399, 65, 414, 128
-0.994425, 17, 65, 144, 192
-0.994441, 369, 237, 432, 268
-0.994443, 369, 337, 496, 368
-0.994448, 225, 213, 352, 244
-0.994461, 425, 97, 488, 128
-0.994462, 53, 145, 68, 208
-0.99447, 199, 41, 214, 104
-0.994478, 361, 145, 424, 176
-0.994519, 175, 57, 190, 120
-0.994519, 425, 81, 440, 144
-0.994522, 193, 281, 256, 312
-0.994523, 145, 57, 208, 88
-0.994535, 437, 121, 452, 184
-0.994558, 149, 17, 180, 144
-0.99468, 337, 325, 464, 356
-0.994722, 349, 241, 380, 368
-0.994761, 245, 241, 276, 368
-0.994777, 325, 241, 356, 368
-0.994799, 113, 105, 128, 168
-0.994818, 1, 249, 500, 312
-0.994823, 285, 313, 300, 375
-0.994826, 153, 73, 168, 136
-0.994875, 417, 305, 432, 368
-0.994885, 257, 49, 500, 112
-0.994898, 313, 305, 328, 368
-0.994905, 181, 177, 212, 304
-0.994943, 391, 209, 406, 272
-0.994944, 383, 201, 398, 264
-0.994961, 319, 305, 334, 368
-0.99497, 65, 125, 192, 156
-0.994986, 481, 121, 496, 184
-0.995022, 299, 305, 314, 368
-0.995033, 119, 97, 134, 160
-0.995046, 485, 289, 500, 352
-0.995062, 451, 305, 466, 368
-0.995095, 193, 321, 320, 352
-0.995114, 407, 121, 422, 184
-0.995158, 97, 217, 352, 280
-0.995167, 209, 345, 336, 375
-0.99517, 1, 305, 256, 368
-0.995174, 407, 65, 422, 128
-0.995184, 337, 25, 464, 88
-0.995194, 241, 321, 368, 352
-0.995195, 257, 201, 384, 232
-0.995204, 1, 281, 128, 344
-0.995206, 33, 177, 160, 240
-0.995208, 1, 337, 128, 368
-0.995223, 257, 121, 500, 184
-0.995248, 415, 105, 430, 168
-0.99525, 193, 265, 448, 328
-0.99527, 13, 161, 28, 224
-0.995273, 321, 301, 448, 332
-0.995274, 1, 145, 500, 208
-0.995306, 483, 97, 498, 160
-0.995312, 209, 41, 224, 104
-0.995327, 97, 25, 224, 88
-0.995339, 305, 305, 320, 368
-0.995366, 257, 313, 272, 375
-0.995375, 225, 41, 352, 72
-0.995416, 369, 301, 496, 332
-0.995433, 273, 241, 304, 368
-0.995459, 7, 161, 22, 224
-0.995464, 445, 313, 460, 375
-0.995485, 147, 81, 162, 144
-0.995485, 21, 161, 36, 224
-0.995493, 333, 41, 348, 104
-0.99551, 225, 265, 352, 328
-0.995518, 113, 89, 240, 120
-0.995556, 105, 49, 136, 176
-0.995607, 437, 65, 468, 192
-0.995632, 371, 49, 386, 112
-0.995633, 97, 113, 112, 176
-0.995637, 17, 97, 144, 160
-0.995655, 267, 313, 282, 375
-0.995658, 177, 201, 304, 232
-0.995673, 411, 289, 426, 352
-0.995681, 339, 41, 354, 104
-0.995681, 125, 97, 140, 160
-0.995691, 129, 289, 384, 352
-0.995699, 369, 101, 496, 132
-0.995727, 369, 81, 496, 112
-0.995737, 141, 81, 156, 144
-0.995743, 209, 225, 336, 288
-0.995748, 369, 209, 496, 240
-0.995759, 33, 145, 160, 176
-0.99576, 321, 205, 448, 236
-0.995762, 181, 73, 196, 136
-0.995765, 225, 309, 352, 340
-0.995767, 333, 193, 364, 320
-0.995771, 209, 153, 336, 216
-0.995782, 289, 325, 416, 356
-0.995791, 471, 105, 486, 168
-0.995795, 443, 129, 458, 192
-0.995798, 455, 273, 470, 336
-0.995814, 457, 305, 472, 368
-0.995843, 323, 41, 338, 104
-0.995851, 317, 41, 332, 104
-0.995851, 131, 89, 146, 152
-0.995921, 485, 313, 500, 375
-0.995928, 375, 201, 390, 264
-0.995945, 145, 65, 272, 96
-0.995945, 63, 137, 78, 200
-0.995949, 289, 61, 416, 92
-0.995958, 377, 113, 392, 176
-0.995976, 161, 97, 176, 160
-0.996008, 273, 345, 400, 375
-0.996049, 391, 105, 406, 168
-0.99606, 251, 313, 266, 375
-0.996061, 387, 313, 402, 375
-0.996066, 255, 41, 270, 104
-0.996083, 73, 129, 88, 192
-0.996087, 395, 313, 410, 375
-0.99609, 261, 41, 276, 104
-0.996092, 325, 305, 340, 368
-0.996097, 237, 41, 252, 104
-0.996104, 171, 81, 186, 144
-0.996104, 17, 161, 144, 192
-0.996105, 479, 289, 494, 352
-0.996111, 419, 233, 434, 296
-0.996112, 249, 41, 264, 104
-0.996114, 311, 41, 326, 104
-0.996127, 177, 41, 304, 72
-0.996129, 269, 41, 284, 104
-0.996133, 333, 305, 348, 368
-0.996148, 439, 313, 454, 375
-0.996152, 295, 41, 310, 104
-0.99616, 409, 225, 424, 288
-0.996164, 337, 121, 464, 152
-0.996165, 291, 193, 306, 256
-0.996177, 347, 41, 362, 104
-0.99619, 367, 313, 382, 375
-0.99619, 243, 41, 258, 104
-0.996192, 155, 97, 170, 160
-0.996196, 33, 17, 160, 144
-0.996199, 283, 41, 298, 104
-0.996199, 431, 121, 446, 184
-0.996199, 279, 313, 294, 375
-0.9962, 305, 41, 320, 104
-0.996215, 113, 77, 240, 108
-0.996225, 225, 241, 480, 304
-0.996236, 397, 217, 412, 280
-0.996245, 231, 41, 246, 104
-0.99626, 275, 41, 290, 104
-0.996261, 369, 193, 384, 256
-0.996264, 461, 129, 476, 192
-0.99627, 479, 313, 494, 375
-0.996281, 405, 313, 420, 375
-0.996284, 289, 41, 304, 104
-0.996299, 185, 33, 216, 288
-0.996311, 419, 281, 434, 344
-0.996318, 87, 121, 102, 184
-0.996323, 29, 161, 44, 224
-0.996329, 409, 193, 424, 256
-0.996367, 299, 193, 314, 256
-0.996367, 413, 65, 444, 320
-0.996374, 401, 129, 416, 192
-0.996396, 365, 41, 380, 104
-0.996405, 65, 49, 192, 112
-0.996418, 305, 193, 432, 224
-0.996441, 359, 41, 374, 104
-0.996453, 209, 53, 336, 84
-0.996454, 373, 313, 388, 375
-0.996456, 463, 305, 478, 368
-0.996458, 469, 305, 484, 368
-0.996463, 423, 313, 438, 375
-0.996469, 19, 185, 34, 248
-0.99647, 225, 41, 240, 104
-0.996494, 379, 313, 394, 375
-0.996506, 409, 265, 424, 328
-0.996512, 241, 145, 272, 272
-0.996519, 353, 41, 368, 104
-0.996549, 449, 129, 464, 192
-0.996551, 381, 137, 396, 200
-0.996577, 165, 33, 196, 288
-0.99658, 125, 193, 156, 320
-0.996593, 407, 73, 422, 104
-0.9966, 43, 169, 58, 232
-0.996602, 219, 41, 234, 104
-0.996602, 411, 313, 426, 375
-0.996661, 289, 17, 416, 80
-0.996671, 369, 277, 496, 308
-0.996701, 339, 313, 354, 375
-0.996702, 257, 209, 272, 272
-0.996708, 321, 73, 448, 104
-0.996709, 65, 225, 192, 288
-0.996714, 403, 193, 418, 256
-0.996718, 81, 121, 96, 184
-0.996733, 251, 209, 266, 272
-0.996734, 359, 313, 374, 375
-0.99674, 35, 161, 50, 224
-0.996755, 369, 145, 496, 176
-0.996756, 307, 201, 322, 264
-0.996757, 461, 273, 476, 336
-0.996757, 383, 113, 398, 176
-0.99676, 177, 221, 304, 252
-0.996762, 369, 197, 496, 228
-0.996771, 145, 329, 272, 360
-0.996773, 289, 153, 416, 216
-0.996779, 89, 145, 120, 272
-0.996836, 97, 161, 352, 224
-0.996853, 293, 241, 324, 368
-0.996862, 1, 209, 256, 272
-0.996872, 141, 65, 172, 320
-0.996878, 181, 57, 196, 88
-0.996894, 37, 113, 68, 240
-0.996912, 41, 65, 104, 192
-0.996922, 169, 65, 184, 96
-0.996923, 321, 277, 448, 308
-0.996926, 33, 325, 160, 356
-0.99693, 193, 145, 448, 208
-0.996943, 97, 177, 224, 208
-0.996985, 413, 73, 428, 104
-0.996985, 65, 49, 320, 112
-0.996985, 33, 241, 288, 304
-0.997025, 387, 69, 402, 100
-0.997026, 353, 185, 480, 216
-0.997045, 161, 85, 176, 116
-0.997046, 257, 81, 384, 208
-0.997062, 49, 129, 80, 375
-0.997072, 175, 61, 190, 92
-0.997075, 153, 33, 184, 288
-0.997078, 129, 137, 256, 168
-0.997084, 305, 289, 432, 320
-0.99709, 145, 113, 272, 144
-0.997095, 257, 189, 384, 220
-0.997097, 197, 33, 228, 288
-0.997101, 115, 105, 130, 136
-0.997119, 393, 69, 408, 100
-0.997121, 337, 245, 464, 276
-0.997151, 129, 105, 384, 168
-0.997173, 455, 313, 470, 344
-0.99718, 1, 129, 32, 375
-0.997196, 161, 189, 288, 220
-0.997197, 385, 33, 416, 288
-0.997218, 97, 345, 224, 375
-0.997241, 483, 313, 498, 344
-0.997287, 401, 69, 416, 100
-0.9973, 217, 1, 248, 256
-0.997308, 449, 313, 464, 344
-0.997321, 353, 221, 480, 252
-0.997324, 321, 345, 448, 375
-0.997331, 397, 33, 428, 288
-0.997344, 179, 73, 194, 104
-0.997347, 125, 33, 156, 160
-0.997354, 391, 209, 406, 240
-0.997358, 133, 341, 148, 372
-0.997359, 337, 257, 464, 288
-0.997367, 113, 65, 144, 320
-0.99737, 273, 1, 304, 256
-0.997384, 321, 49, 448, 80
-0.997414, 397, 129, 428, 375
-0.997415, 129, 165, 256, 196
-0.997429, 387, 85, 402, 116
-0.99743, 145, 101, 272, 132
-0.997435, 1, 185, 500, 248
-0.99746, 321, 85, 448, 116
-0.997465, 17, 253, 144, 284
-0.997469, 261, 1, 292, 256
-0.99747, 81, 57, 208, 88
-0.997475, 65, 97, 96, 352
-0.997479, 285, 1, 316, 256
-0.997483, 129, 129, 160, 256
-0.997485, 249, 1, 280, 256
-0.997491, 133, 93, 148, 124
-0.997492, 113, 269, 240, 300
-0.997493, 213, 129, 244, 256
-0.997504, 397, 81, 412, 112
-0.997514, 149, 81, 164, 112
-0.997522, 127, 97, 142, 128
-0.997528, 49, 341, 176, 372
-0.997545, 229, 1, 260, 256
-0.997552, 21, 129, 52, 375
-0.997559, 161, 73, 176, 104
-0.997583, 415, 313, 430, 344
-0.997584, 97, 117, 112, 148
-0.997587, 293, 309, 308, 340
-0.997599, 385, 205, 400, 236
-0.997613, 461, 313, 476, 344
-0.997614, 129, 125, 256, 156
-0.99762, 379, 61, 394, 92
-0.997626, 187, 49, 202, 80
-0.997635, 421, 77, 436, 108
-0.997642, 437, 97, 468, 352
-0.997644, 197, 49, 212, 80
-0.997649, 155, 81, 170, 112
-0.997649, 401, 217, 416, 248
-0.997651, 305, 1, 336, 256
-0.997661, 465, 97, 496, 352
-0.997664, 333, 309, 348, 340
-0.997667, 161, 77, 288, 108
-0.99768, 81, 189, 208, 220
-0.997684, 173, 77, 188, 108
-0.997686, 17, 73, 144, 136
-0.99769, 77, 97, 108, 352
-0.9977, 209, 81, 336, 144
-0.997701, 477, 313, 492, 344
-0.997716, 161, 89, 288, 120
-0.997722, 121, 101, 136, 132
-0.997724, 303, 309, 318, 340
-0.997724, 1, 81, 256, 144
-0.997727, 53, 149, 68, 180
-0.997742, 101, 65, 132, 320
-0.997744, 57, 241, 88, 368
-0.997755, 425, 65, 456, 320
-0.997764, 407, 313, 422, 344
-0.997772, 317, 1, 348, 256
-0.997773, 105, 113, 120, 144
-0.997773, 453, 97, 484, 352
-0.997775, 125, 65, 156, 320
-0.997777, 89, 97, 120, 352
-0.997782, 369, 289, 496, 320
-0.997803, 201, 81, 232, 208
-0.997809, 319, 309, 334, 340
-0.997813, 409, 121, 424, 152
-0.997815, 385, 129, 416, 144
-0.997819, 209, 57, 240, 72
-0.99782, 313, 309, 328, 340
-0.99782, 433, 105, 464, 120
-0.99782, 397, 271, 428, 286
-0.997829, 401, 131, 432, 146
-0.99783, 29, 173, 60, 188
-0.99783, 65, 265, 320, 328
-0.997839, 393, 107, 424, 122
-0.997841, 17, 233, 144, 264
-0.997844, 141, 89, 156, 120
-0.997846, 369, 33, 400, 288
-0.997848, 369, 203, 400, 218
-0.997853, 165, 129, 196, 375
-0.997862, 373, 49, 388, 80
-0.997862, 325, 309, 340, 340
-0.997864, 337, 319, 368, 334
-0.997868, 7, 165, 22, 196
-0.997871, 379, 205, 394, 236
-0.997873, 273, 37, 400, 68
-0.997877, 241, 97, 304, 224
-0.99788, 433, 319, 464, 334
-0.997884, 273, 321, 304, 336
-0.997884, 443, 313, 458, 344
-0.997887, 423, 337, 438, 368
-0.997893, 293, 353, 324, 368
-0.997896, 21, 261, 52, 276
-0.997896, 321, 233, 448, 264
-0.997899, 317, 199, 348, 214
-0.997901, 65, 201, 192, 264
-0.997906, 357, 33, 388, 288
-0.997907, 381, 129, 412, 375
-0.997911, 337, 55, 368, 70
-0.997911, 329, 1, 360, 256
-0.997919, 431, 337, 446, 368
-0.99792, 403, 125, 418, 156
-0.997922, 33, 197, 160, 228
-0.997925, 417, 297, 448, 312
-0.997927, 159, 97, 174, 128
-0.997927, 287, 345, 302, 375
-0.997935, 305, 109, 432, 140
-0.99794, 377, 115, 408, 130
-0.997942, 153, 167, 184, 182
-0.997943, 369, 157, 496, 188
-0.997946, 437, 329, 468, 344
-0.997946, 13, 165, 28, 196
-0.997947, 427, 325, 442, 356
-0.997954, 275, 345, 290, 375
-0.997955, 261, 347, 292, 362
-0.997959, 365, 353, 396, 368
-0.99796, 113, 121, 128, 152
-0.997963, 297, 145, 328, 272
-0.997963, 413, 269, 444, 284
-0.99797, 403, 273, 418, 304
-0.99797, 415, 85, 430, 116
-0.99798, 149, 89, 180, 104
-0.997984, 121, 181, 152, 196
-0.997992, 409, 333, 440, 348
-0.997995, 65, 161, 96, 288
-0.997996, 377, 87, 408, 102
-0.998001, 369, 69, 496, 100
-0.998006, 207, 45, 222, 76
-0.998007, 125, 343, 156, 358
-0.998009, 411, 281, 426, 312
-0.998016, 129, 221, 256, 252
-0.998017, 253, 217, 284, 232
-0.998021, 397, 113, 428, 128
-0.998025, 289, 197, 320, 212
-0.998026, 407, 221, 422, 252
-0.998028, 181, 81, 212, 96
-0.998033, 421, 319, 452, 334
-0.998034, 91, 121, 106, 152
-0.998035, 415, 113, 430, 144
-0.998046, 485, 293, 500, 324
-0.998056, 197, 57, 228, 72
-0.998056, 377, 95, 408, 110
-0.998057, 453, 301, 468, 332
-0.998058, 463, 133, 478, 164
-0.998059, 141, 103, 172, 118
-0.998063, 265, 217, 296, 232
-0.998066, 413, 349, 444, 364
-0.998069, 13, 193, 28, 224
-0.998074, 147, 269, 162, 300
-0.998083, 145, 281, 272, 312
-0.998084, 17, 169, 48, 184
-0.998085, 285, 325, 300, 356
-0.998087, 415, 65, 430, 192
-0.998092, 63, 141, 78, 172
-0.998097, 469, 137, 500, 152
-0.998098, 437, 125, 452, 156
-0.998099, 467, 313, 482, 344
-0.998103, 169, 111, 200, 126
-0.998105, 325, 319, 356, 334
-0.998112, 165, 105, 196, 120
-0.998118, 305, 313, 336, 328
-0.998118, 305, 97, 432, 128
-0.998119, 181, 85, 196, 116
-0.998121, 485, 325, 500, 356
-0.998123, 469, 133, 484, 164
-0.998124, 177, 309, 304, 340
-0.998124, 289, 197, 304, 228
-0.998126, 361, 51, 392, 66
-0.998127, 415, 325, 430, 356
-0.99813, 397, 277, 412, 308
-0.998134, 17, 213, 144, 244
-0.998135, 177, 125, 304, 156
-0.998135, 17, 129, 144, 160
-0.998135, 387, 97, 402, 128
-0.998137, 283, 201, 298, 232
-0.998138, 291, 209, 306, 240
-0.99814, 457, 315, 488, 330
-0.998144, 451, 105, 466, 136
-0.998147, 33, 113, 160, 144
-0.998147, 201, 283, 232, 298
-0.99815, 355, 45, 370, 76
-0.99815, 417, 301, 432, 332
-0.998153, 363, 45, 378, 76
-0.998155, 37, 129, 68, 375
-0.998155, 25, 255, 56, 270
-0.998157, 369, 233, 496, 264
-0.998158, 249, 345, 264, 375
-0.998165, 339, 313, 354, 344
-0.998167, 223, 45, 238, 76
-0.998169, 469, 113, 500, 128
-0.998172, 33, 169, 48, 200
-0.998172, 479, 325, 494, 356
-0.998176, 269, 345, 284, 375
-0.998177, 449, 325, 464, 356
-0.998177, 437, 337, 452, 368
-0.998177, 419, 237, 434, 268
-0.998178, 125, 113, 140, 144
-0.998185, 141, 169, 172, 184
-0.998185, 359, 197, 374, 228
-0.998192, 381, 97, 396, 128
-0.998194, 349, 45, 364, 76
-0.998196, 443, 133, 458, 164
-0.998205, 43, 177, 58, 208
-0.998208, 65, 269, 192, 300
-0.998211, 421, 313, 436, 344
-0.998212, 1, 169, 16, 200
-0.998213, 127, 341, 142, 372
-0.998216, 179, 49, 194, 176
-0.998222, 149, 77, 180, 92
-0.998225, 401, 313, 416, 344
-0.998226, 281, 345, 296, 375
-0.998227, 343, 45, 358, 76
-0.998229, 369, 63, 400, 78
-0.998231, 353, 195, 384, 210
-0.998233, 263, 345, 278, 375
-0.998234, 433, 133, 464, 148
-0.998236, 229, 45, 244, 76
-0.998236, 457, 135, 488, 150
-0.998238, 385, 123, 416, 138
-0.99824, 287, 313, 302, 344
-0.998241, 395, 221, 410, 252
-0.998243, 185, 69, 200, 100
-0.998245, 217, 45, 232, 76
-0.998246, 85, 125, 100, 156
-0.998248, 167, 77, 182, 108
-0.998248, 381, 113, 396, 144
-0.99825, 153, 101, 168, 132
-0.99825, 341, 1, 372, 256
-0.998252, 365, 217, 396, 232
-0.998253, 371, 205, 386, 236
-0.998257, 249, 329, 264, 360
-0.99826, 257, 341, 272, 372
-0.99826, 271, 325, 286, 356
-0.99826, 277, 325, 292, 356
-0.998263, 169, 99, 200, 114
-0.998266, 75, 133, 90, 164
-0.998274, 325, 193, 356, 208
-0.998281, 191, 61, 206, 92
-0.998282, 469, 325, 500, 340
-0.998283, 171, 89, 186, 120
-0.998284, 391, 269, 406, 300
-0.998285, 415, 265, 430, 296
-0.998285, 105, 129, 136, 144
-0.998286, 445, 323, 476, 338
-0.998286, 129, 153, 256, 184
-0.998291, 139, 345, 154, 375
-0.998292, 413, 275, 444, 290
-0.998293, 193, 333, 320, 364
-0.998299, 141, 109, 172, 124
-0.998303, 421, 311, 452, 326
-0.998306, 113, 313, 240, 344
-0.998314, 65, 69, 192, 100
-0.998327, 209, 181, 336, 212
-0.998329, 377, 83, 440, 98
-0.998336, 153, 129, 184, 375
-0.99835, 61, 141, 92, 156
-0.998381, 401, 125, 432, 140
-0.998383, 401, 325, 432, 340
-0.998389, 17, 101, 144, 132
-0.998396, 189, 33, 204, 160
-0.998398, 137, 87, 168, 102
-0.9984, 309, 355, 340, 370
-0.998407, 401, 107, 464, 122
-0.998408, 145, 83, 208, 98
-0.998408, 373, 209, 404, 224
-0.99841, 425, 113, 488, 128
-0.998413, 433, 315, 496, 330
-0.998417, 409, 317, 472, 332
-0.998419, 409, 335, 472, 350
-0.998419, 17, 173, 144, 204
-0.998419, 377, 89, 440, 104
-0.99842, 1, 169, 64, 184
-0.998422, 421, 127, 452, 142
-0.998425, 305, 195, 336, 210
-0.998425, 285, 323, 316, 338
-0.998425, 97, 45, 224, 76
-0.99843, 241, 347, 304, 362
-0.998433, 297, 317, 360, 332
-0.998442, 401, 113, 464, 128
-0.998443, 377, 111, 440, 126
-0.998447, 137, 89, 200, 104
-0.99845, 169, 91, 200, 106
-0.998451, 409, 323, 472, 338
-0.998453, 393, 125, 456, 140
-0.998455, 297, 311, 360, 326
-0.998456, 73, 131, 136, 146
-0.998456, 229, 283, 260, 298
-0.998458, 121, 97, 184, 112
-0.998459, 401, 101, 464, 116
-0.998459, 97, 113, 160, 128
-0.99846, 393, 101, 424, 116
-0.99846, 237, 219, 268, 234
-0.99846, 425, 135, 488, 150
-0.998461, 257, 233, 384, 296
-0.998461, 17, 265, 144, 296
-0.998464, 377, 105, 440, 120
-0.998464, 393, 131, 456, 146
-0.998464, 369, 75, 432, 90
-0.998467, 233, 219, 296, 234
-0.998469, 117, 145, 148, 272
-0.998469, 145, 101, 208, 116
-0.99847, 81, 123, 144, 138
-0.998472, 281, 197, 344, 212
-0.998473, 385, 327, 448, 342
-0.998473, 377, 95, 440, 110
-0.998474, 145, 77, 208, 92
-0.998476, 401, 309, 464, 324
-0.998479, 273, 319, 336, 334
-0.99848, 169, 61, 232, 76
-0.99848, 401, 275, 464, 290
-0.99848, 353, 217, 416, 232
-0.998481, 229, 129, 260, 256
-0.998482, 321, 193, 384, 208
-0.998485, 413, 327, 444, 342
-0.99849, 53, 147, 84, 162
-0.99849, 177, 55, 240, 70
-0.998491, 393, 119, 456, 134
-0.998493, 401, 351, 464, 366
-0.998494, 409, 329, 472, 344
-0.998494, 369, 129, 400, 375
-0.998494, 145, 95, 208, 110
-0.998495, 369, 277, 432, 292
-0.9985, 97, 241, 224, 272
-0.9985, 337, 57, 400, 72
-0.9985, 433, 335, 496, 350
-0.998501, 121, 103, 184, 118
-0.998505, 137, 109, 200, 124
-0.998505, 281, 355, 344, 370
-0.998507, 161, 89, 224, 104
-0.998508, 161, 67, 224, 82
-0.998508, 433, 325, 496, 340
-0.998509, 361, 117, 424, 132
-0.998509, 9, 339, 72, 354
-0.998511, 185, 49, 248, 64
-0.998512, 257, 217, 320, 232
-0.998513, 273, 313, 336, 328
-0.998515, 353, 353, 416, 368
-0.998515, 171, 49, 186, 176
-0.998516, 393, 89, 424, 104
-0.998523, 345, 209, 408, 224
-0.998526, 409, 297, 472, 312
-0.998528, 329, 199, 392, 214
-0.998529, 377, 319, 440, 334
-0.998531, 9, 163, 72, 178
-0.998535, 313, 55, 376, 70
-0.998537, 65, 137, 128, 152
-0.998537, 385, 333, 448, 348
-0.998537, 169, 67, 200, 82
-0.998537, 421, 339, 452, 354
-0.998539, 337, 63, 400, 78
-0.998539, 329, 49, 392, 64
-0.99854, 97, 107, 160, 122
-0.99854, 49, 145, 112, 160
-0.998541, 201, 57, 264, 72
-0.998542, 129, 71, 192, 86
-0.998543, 389, 217, 420, 232
-0.998545, 401, 95, 464, 110
-0.998546, 369, 269, 432, 284
-0.998547, 393, 137, 456, 152
-0.998547, 417, 341, 480, 356
-0.998548, 329, 319, 392, 334
-0.998548, 329, 215, 392, 230
-0.998549, 369, 287, 432, 302
-0.99855, 401, 269, 464, 284
-0.99855, 361, 123, 424, 138
-0.998551, 169, 81, 232, 96
-0.998554, 161, 345, 288, 375
-0.998554, 369, 211, 432, 226
-0.998556, 385, 217, 448, 232
-0.998556, 361, 325, 424, 340
-0.998556, 169, 73, 232, 88
-0.998556, 401, 81, 464, 96
-0.998557, 369, 303, 432, 318
-0.998557, 433, 141, 496, 156
-0.998558, 273, 325, 336, 340
-0.998558, 257, 203, 320, 218
-0.998559, 313, 355, 376, 370
-0.99856, 369, 223, 432, 238
-0.99856, 33, 289, 160, 320
-0.998562, 1, 261, 64, 276
-0.998562, 369, 311, 432, 326
-0.998563, 249, 321, 312, 336
-0.998563, 425, 107, 488, 122
-0.998564, 161, 107, 224, 122
-0.998565, 121, 115, 184, 130
-0.998565, 225, 55, 288, 70
-0.998565, 401, 89, 464, 104
-0.998566, 305, 323, 368, 338
-0.998566, 65, 89, 192, 120
-0.998568, 389, 65, 404, 192
-0.998568, 305, 199, 368, 214
-0.998569, 361, 347, 424, 362
-0.99857, 97, 357, 160, 372
-0.998571, 281, 215, 344, 230
-0.998571, 297, 191, 360, 206
-0.998571, 369, 129, 432, 144
-0.998572, 401, 185, 464, 200
-0.998572, 401, 303, 464, 318
-0.998572, 121, 83, 184, 98
-0.998573, 169, 133, 232, 148
-0.998574, 401, 155, 464, 170
-0.998574, 137, 121, 200, 136
-0.998574, 401, 291, 464, 306
-0.998575, 401, 259, 464, 274
-0.998575, 425, 129, 488, 144
-0.998576, 401, 161, 464, 176
-0.998578, 369, 293, 432, 308
-0.998578, 425, 147, 488, 162
-0.998579, 25, 169, 88, 184
-0.99858, 161, 113, 224, 128
-0.99858, 17, 255, 80, 270
-0.99858, 153, 55, 216, 70
-0.99858, 385, 341, 448, 356
-0.998581, 361, 69, 424, 84
-0.998581, 97, 129, 160, 144
-0.998582, 289, 53, 352, 68
-0.998583, 185, 215, 248, 230
-0.998583, 241, 327, 304, 342
-0.998605, 189, 49, 220, 64
-0.998607, 383, 49, 398, 176
-0.998607, 177, 129, 208, 375
-0.99861, 129, 209, 256, 240
-0.998622, 433, 111, 464, 126
-0.998624, 457, 113, 488, 128
-0.99864, 393, 95, 424, 110
-0.998649, 401, 317, 432, 332
-0.998654, 425, 65, 440, 192
-0.998667, 413, 79, 444, 94
-0.998674, 361, 57, 392, 72
-0.99868, 381, 277, 412, 292
-0.998685, 273, 347, 304, 362
-0.998688, 121, 115, 152, 130
-0.998692, 375, 33, 390, 160
-0.998701, 321, 133, 448, 164
-0.998701, 53, 129, 68, 256
-0.998704, 433, 335, 464, 350
-0.998705, 317, 311, 348, 326
-0.998709, 29, 337, 60, 352
-0.998717, 209, 97, 240, 352
-0.998718, 393, 223, 424, 238
-0.998727, 305, 149, 432, 180
-0.998743, 81, 131, 112, 146
-0.998744, 9, 97, 40, 224
-0.998748, 173, 241, 204, 368
-0.998759, 161, 65, 176, 192
-0.99876, 69, 241, 100, 368
-0.998767, 289, 313, 320, 328
-0.998768, 397, 285, 428, 300
-0.998782, 197, 33, 212, 160
-0.998785, 125, 97, 156, 112
-0.998804, 457, 325, 488, 340
-0.998818, 203, 33, 218, 160
-0.998822, 113, 97, 128, 224
-0.998823, 99, 97, 114, 224
-0.998827, 445, 111, 476, 126
-0.998833, 297, 129, 328, 375
-0.998833, 1, 171, 32, 186
-0.998834, 193, 285, 320, 316
-0.998843, 401, 311, 432, 326
-0.998858, 161, 177, 288, 208
-0.998865, 125, 81, 140, 208
-0.998892, 409, 225, 424, 352
-0.998898, 353, 129, 384, 375
-0.998904, 1, 185, 128, 216
-0.998911, 1, 301, 128, 332
-0.998921, 81, 137, 208, 168
-0.998921, 221, 129, 252, 375
-0.998928, 421, 333, 452, 348
-0.998943, 435, 97, 450, 224
-0.998944, 321, 161, 448, 192
-0.998957, 9, 145, 24, 272
-0.998963, 129, 257, 256, 288
-0.998967, 19, 161, 34, 288
-0.998974, 377, 215, 408, 230
-0.998983, 197, 129, 228, 375
-0.998989, 413, 101, 444, 116
-0.999004, 245, 347, 276, 362
-0.999005, 225, 273, 352, 304
-0.999014, 145, 65, 160, 192
-0.999019, 285, 129, 316, 375
-0.999019, 381, 113, 396, 240
-0.99902, 65, 253, 192, 284
-0.999024, 153, 65, 168, 192
-0.999026, 413, 93, 444, 108
-0.999029, 209, 49, 224, 176
-0.999031, 137, 93, 168, 108
-0.999037, 465, 161, 496, 288
-0.999048, 397, 277, 428, 292
-0.999056, 217, 225, 248, 352
-0.99907, 369, 33, 384, 160
-0.999075, 77, 113, 92, 240
-0.999075, 237, 97, 268, 352
-0.999082, 413, 107, 444, 122
-0.999083, 85, 1, 116, 256
-0.999111, 139, 81, 154, 208
-0.999119, 409, 97, 424, 224
-0.999122, 403, 177, 418, 304
-0.999127, 273, 97, 304, 352
-0.99913, 341, 129, 372, 375
-0.999138, 173, 61, 204, 76
-0.999146, 1, 277, 128, 308
-0.999147, 97, 333, 224, 364
-0.99915, 25, 145, 40, 272
-0.999151, 189, 241, 220, 368
-0.999159, 241, 333, 368, 364
-0.999164, 413, 117, 444, 132
-0.99917, 169, 79, 200, 94
-0.999171, 391, 193, 406, 320
-0.999177, 215, 33, 230, 160
-0.999188, 401, 113, 416, 240
-0.999188, 59, 129, 74, 256
-0.999192, 305, 181, 432, 212
-0.999196, 181, 55, 212, 70
-0.9992, 369, 169, 496, 200
-0.999203, 93, 49, 124, 176
-0.999207, 177, 137, 304, 168
-0.99921, 89, 125, 120, 140
-0.999211, 309, 129, 340, 375
-0.999215, 65, 129, 80, 256
-0.999222, 91, 113, 106, 240
-0.999228, 453, 1, 484, 256
-0.999234, 97, 119, 128, 134
-0.999234, 477, 113, 492, 240
-0.999247, 71, 113, 86, 240
-0.999251, 53, 33, 84, 288
-0.999252, 113, 33, 240, 64
-0.999262, 83, 113, 98, 240
-0.999268, 249, 129, 280, 375
-0.999274, 429, 241, 444, 368
-0.999281, 469, 315, 500, 330
-0.999284, 261, 129, 292, 375
-0.999293, 17, 33, 48, 288
-0.999295, 437, 1, 468, 256
-0.999298, 105, 97, 120, 224
-0.999301, 329, 129, 360, 375
-0.999318, 379, 193, 394, 320
-0.999325, 29, 33, 60, 288
-0.999327, 397, 209, 412, 336
-0.99933, 357, 33, 372, 160
-0.999332, 435, 241, 450, 368
-0.999337, 221, 33, 236, 160
-0.999341, 81, 165, 208, 196
-0.999345, 133, 81, 148, 208
-0.999348, 471, 113, 486, 240
-0.999352, 193, 109, 320, 140
-0.999359, 397, 49, 412, 176
-0.999371, 351, 33, 366, 160
-0.999373, 369, 53, 496, 84
-0.999384, 409, 177, 424, 304
-0.999392, 455, 241, 470, 368
-0.999392, 105, 111, 136, 126
-0.999393, 3, 145, 18, 272
-0.999394, 119, 81, 134, 208
-0.999397, 421, 241, 436, 368
-0.999399, 145, 233, 272, 264
-0.99943, 465, 113, 480, 240
-0.999437, 363, 33, 378, 160
-0.999446, 269, 129, 300, 256
-0.999447, 415, 241, 430, 368
-0.999452, 457, 113, 472, 240
-0.999458, 169, 85, 200, 100
-0.999459, 289, 121, 416, 152
-0.999459, 291, 33, 306, 160
-0.999462, 73, 1, 104, 256
-0.999462, 297, 33, 312, 160
-0.999462, 41, 241, 56, 368
-0.999465, 183, 129, 198, 256
-0.99947, 117, 105, 148, 120
-0.999474, 469, 1, 500, 256
-0.999482, 445, 113, 460, 240
-0.999484, 31, 145, 46, 272
-0.999486, 145, 241, 160, 368
-0.999493, 305, 33, 320, 160
-0.9995, 145, 293, 272, 324
-0.999505, 273, 89, 400, 152
-0.999505, 81, 209, 208, 240
-0.999506, 45, 161, 60, 288
-0.99951, 227, 33, 242, 160
-0.999538, 235, 33, 250, 160
-0.99954, 429, 113, 444, 240
-0.999541, 291, 177, 306, 304
-0.999545, 65, 229, 192, 260
-0.999547, 149, 83, 180, 98
-0.999548, 333, 33, 348, 160
-0.99955, 1, 33, 32, 288
-0.999551, 277, 33, 292, 160
-0.999553, 235, 193, 250, 320
-0.999556, 257, 25, 500, 88
-0.999567, 35, 241, 50, 368
-0.999576, 167, 97, 182, 224
-0.999577, 81, 153, 208, 184
-0.99959, 33, 25, 288, 88
-0.999591, 445, 315, 476, 330
-0.999592, 241, 33, 256, 160
-0.999594, 403, 225, 418, 352
-0.999596, 415, 113, 430, 240
-0.9996, 373, 241, 388, 368
-0.99961, 373, 193, 388, 320
-0.999611, 283, 33, 298, 160
-0.999618, 161, 73, 192, 88
-0.999619, 129, 241, 384, 304
-0.99962, 343, 33, 358, 160
-0.999627, 97, 127, 112, 142
-0.999627, 467, 111, 482, 126
-0.999627, 473, 137, 488, 152
-0.999628, 85, 129, 100, 144
-0.999628, 317, 33, 332, 160
-0.999629, 443, 315, 458, 330
-0.99963, 303, 197, 318, 212
-0.99963, 335, 319, 350, 334
-0.99963, 13, 191, 28, 206
-0.99963, 383, 217, 398, 232
-0.999631, 69, 139, 84, 154
-0.999631, 469, 325, 484, 340
-0.999631, 161, 103, 176, 118
-0.999632, 249, 33, 264, 160
-0.999632, 161, 111, 176, 126
-0.999633, 403, 129, 418, 144
-0.999634, 481, 137, 496, 152
-0.999634, 485, 325, 500, 340
-0.999635, 447, 135, 462, 150
-0.999636, 413, 73, 428, 88
-0.999636, 149, 169, 164, 184
-0.999636, 417, 115, 432, 130
-0.999637, 143, 89, 158, 104
-0.999637, 311, 33, 326, 160
-0.999637, 31, 337, 46, 352
-0.999638, 271, 33, 286, 160
-0.999638, 309, 197, 324, 212
-0.999638, 375, 209, 390, 224
-0.999639, 381, 277, 396, 292
-0.999639, 173, 85, 188, 100
-0.999639, 431, 339, 446, 354
-0.99964, 263, 33, 278, 160
-0.999641, 473, 111, 488, 126
-0.999641, 385, 211, 400, 226
-0.999641, 25, 255, 40, 270
-0.999641, 247, 219, 262, 234
-0.999641, 183, 71, 198, 86
-0.999644, 417, 325, 432, 340
-0.999644, 457, 315, 472, 330
-0.999644, 409, 81, 424, 96
-0.999644, 365, 197, 380, 212
-0.999645, 399, 277, 414, 292
-0.999646, 383, 69, 398, 84
-0.999647, 437, 131, 452, 146
-0.999647, 377, 217, 392, 232
-0.999647, 199, 55, 214, 70
-0.999648, 453, 135, 468, 150
-0.999648, 437, 335, 452, 350
-0.999648, 63, 143, 78, 158
-0.99965, 29, 241, 44, 368
-0.99965, 1, 173, 16, 188
-0.99965, 319, 311, 334, 326
-0.999651, 461, 241, 476, 368
-0.999651, 153, 103, 168, 118
-0.999652, 91, 125, 106, 140
-0.999652, 333, 311, 348, 326
-0.999653, 299, 313, 314, 328
-0.999653, 41, 33, 72, 288
-0.999654, 323, 355, 338, 370
-0.999654, 323, 199, 338, 214
-0.999655, 387, 79, 402, 94
-0.999655, 195, 49, 210, 64
-0.999655, 47, 337, 62, 352
-0.999656, 397, 83, 412, 98
-0.999657, 275, 347, 290, 362
-0.999657, 315, 195, 330, 210
-0.999658, 407, 319, 422, 334
-0.999659, 371, 201, 386, 216
-0.99966, 411, 309, 426, 324
-0.99966, 459, 135, 474, 150
-0.99966, 249, 345, 264, 360
-0.999661, 161, 79, 176, 94
-0.999662, 471, 315, 486, 330
-0.999663, 477, 315, 492, 330
-0.999663, 157, 165, 172, 180
-0.999664, 31, 255, 46, 270
-0.999664, 375, 55, 390, 70
-0.999666, 55, 147, 70, 162
-0.999666, 479, 113, 494, 128
-0.999666, 425, 339, 440, 354
-0.999667, 323, 33, 338, 160
-0.999667, 291, 321, 306, 336
-0.999668, 463, 325, 478, 340
-0.999668, 137, 93, 152, 108
-0.999669, 387, 93, 402, 108
-0.99967, 449, 323, 464, 338
-0.999672, 393, 215, 408, 230
-0.999673, 389, 279, 404, 294
-0.999674, 113, 127, 128, 142
-0.999675, 115, 121, 130, 136
-0.999675, 409, 123, 424, 138
-0.999676, 119, 105, 134, 120
-0.999677, 161, 91, 176, 106
-0.999678, 485, 129, 500, 256
-0.999678, 179, 87, 194, 102
-0.999678, 161, 97, 176, 112
-0.999679, 389, 87, 404, 102
-0.999679, 287, 347, 302, 362
-0.999679, 411, 277, 426, 292
-0.999679, 405, 279, 420, 294
-0.99968, 401, 75, 432, 90
-0.99968, 423, 83, 438, 98
-0.999682, 415, 315, 430, 330
-0.999683, 167, 67, 182, 82
-0.999687, 459, 111, 474, 126
-0.999687, 257, 33, 272, 160
-0.999688, 401, 73, 416, 88
-0.999689, 377, 203, 392, 218
-0.99969, 367, 193, 382, 320
-0.999691, 175, 79, 190, 94
-0.999691, 457, 325, 472, 340
-0.999691, 379, 63, 394, 78
-0.999691, 125, 105, 140, 120
-0.999691, 115, 111, 130, 126
-0.999693, 105, 117, 120, 132
-0.999693, 7, 169, 22, 184
-0.999696, 485, 113, 500, 128
-0.999697, 245, 281, 260, 296
-0.999697, 133, 99, 148, 114
-0.999699, 155, 81, 170, 96
-0.999699, 177, 73, 192, 88
-0.999702, 37, 161, 52, 288
-0.999703, 403, 221, 418, 236
-0.999704, 183, 57, 198, 72
-0.99971, 293, 313, 308, 328
-0.99971, 449, 315, 464, 330
-0.99971, 165, 73, 180, 88
-0.999712, 415, 87, 430, 102
-0.999712, 483, 315, 498, 330
-0.999713, 169, 79, 184, 94
-0.999714, 389, 241, 404, 368
-0.999715, 97, 121, 112, 136
-0.999725, 427, 333, 442, 348
-0.999725, 297, 193, 312, 320
-0.999729, 413, 85, 444, 100
-0.99973, 395, 97, 410, 224
-0.99973, 151, 87, 166, 102
-0.99973, 161, 85, 176, 100
-0.999732, 389, 17, 404, 144
-0.999735, 387, 113, 402, 240
-0.999735, 15, 209, 30, 336
-0.999737, 173, 63, 188, 78
-0.999738, 187, 81, 202, 208
-0.99974, 245, 193, 260, 320
-0.999741, 189, 53, 204, 68
-0.999743, 385, 193, 400, 320
-0.999743, 213, 209, 228, 336
-0.999745, 391, 73, 406, 88
-0.999745, 403, 81, 418, 96
-0.999748, 385, 73, 416, 88
-0.999748, 133, 341, 148, 356
-0.999751, 403, 49, 418, 176
-0.999752, 449, 109, 464, 124
-0.999755, 181, 81, 196, 96
-0.999763, 407, 75, 422, 90
-0.999764, 171, 73, 186, 88
-0.999766, 417, 79, 432, 94
-0.999774, 175, 113, 190, 240
-0.999775, 283, 193, 298, 320
-0.999786, 441, 225, 456, 352
-0.99979, 21, 209, 36, 336
-0.9998, 209, 1, 224, 128
-0.999804, 415, 193, 430, 320
-0.999812, 163, 17, 178, 144
-0.999817, 449, 241, 464, 368
-0.99983, 229, 177, 244, 304
-0.99983, 177, 257, 304, 320
-0.999833, 457, 65, 488, 192
-0.999848, 151, 241, 166, 368
-0.999851, 221, 145, 236, 272
-0.999857, 421, 113, 436, 240
-0.999858, 343, 241, 358, 368
-0.999862, 303, 193, 318, 320
-0.999863, 435, 145, 450, 272
-0.999869, 309, 177, 324, 304
-0.999875, 245, 241, 260, 368
-0.999881, 445, 177, 460, 304
-0.999885, 193, 209, 208, 336
-0.999885, 451, 113, 466, 240
-0.999887, 159, 113, 174, 240
-0.999897, 317, 193, 332, 320
-0.999916, 361, 193, 376, 320
-0.99992, 313, 241, 328, 368
-0.999971, 129, 17, 384, 80
-1.00017, 49, 17, 112, 144
-1.00026, 81, 193, 112, 320
-1.00029, 101, 241, 132, 368
-1.00036, 317, 145, 348, 272
-1.00045, 393, 83, 424, 98
-1.00049, 145, 25, 272, 88
-1.00058, 469, 65, 500, 192
-1.00062, 281, 129, 312, 256
-1.00068, 73, 65, 104, 192
-1.00068, 49, 81, 80, 208
-1.00076, 161, 241, 192, 368
-1.0008, 137, 193, 168, 320
-1.00116, 225, 105, 352, 168
-1.00198, 257, 65, 384, 128
-1.00221, 257, 129, 384, 192
-1.00222, 33, 1, 288, 64
-1.0024, 17, 49, 144, 112
-1.00244, 49, 25, 176, 88
-1.00291, 1, 25, 500, 88
-1.00334, 161, 1, 288, 64
-1.00338, 257, 1, 500, 64
-1.00376, 81, 1, 144, 128
-1.00422, 113, 1, 240, 64
-1.00533, 1, 1, 500, 64
-1.00538, 425, 1, 488, 128
-1.00663, 25, 17, 88, 144
-1.00727, 1, 1, 128, 64
-1.00727, 1, 25, 128, 88
-1.00745, 337, 1, 464, 64
-1.00759, 1, 1, 64, 128
-1.00786, 49, 1, 176, 64
