1874
-0.330838, 1, 1, 500, 333
-0.412674, 1, 1, 500, 256
-0.484289, 129, 1, 384, 333
-0.48915, 257, 1, 500, 333
-0.560413, 1, 1, 256, 333
-0.580732, 65, 1, 320, 256
-0.631528, 225, 1, 480, 256
-0.836122, 289, 1, 416, 333
-0.841776, 177, 1, 304, 333
-0.858847, 289, 1, 416, 256
-0.859671, 177, 1, 304, 256
-0.860305, 369, 1, 496, 333
-0.862781, 81, 1, 208, 256
-0.865478, 129, 1, 256, 256
-0.874366, 241, 1, 368, 256
-0.874764, 369, 1, 496, 256
-0.878687, 97, 1, 224, 333
-0.88711, 241, 1, 368, 333
-0.894383, 1, 1, 500, 128
-0.895664, 1, 1, 128, 256
-0.902974, 49, 1, 176, 333
-0.910056, 1, 193, 500, 320
-0.925336, 1, 1, 128, 333
-0.931559, 1, 1, 256, 128
-0.933383, 1, 1, 128, 128
-0.934424, 193, 1, 448, 128
-0.937936, 1, 49, 500, 176
-0.941659, 97, 17, 352, 144
-0.94313, 129, 177, 384, 304
-0.943204, 145, 1, 272, 128
-0.944079, 201, 1, 264, 128
-0.944319, 289, 17, 416, 144
-0.945783, 1, 129, 500, 256
-0.946821, 209, 1, 336, 128
-0.947768, 241, 17, 304, 144
-0.948049, 33, 177, 288, 304
-0.949622, 153, 1, 216, 128
-0.950775, 57, 1, 120, 128
-0.950826, 33, 1, 96, 128
-0.950982, 81, 1, 208, 128
-0.951454, 297, 17, 360, 144
-0.952127, 177, 177, 240, 304
-0.952749, 177, 161, 304, 288
-0.95322, 129, 1, 192, 128
-0.955039, 113, 177, 240, 304
-0.955746, 65, 129, 320, 256
-0.956114, 193, 129, 448, 256
-0.956735, 1, 65, 256, 192
-0.957023, 369, 17, 496, 144
-0.957264, 129, 193, 192, 320
-0.958317, 257, 161, 320, 288
-0.958465, 81, 1, 144, 128
-0.958816, 257, 177, 384, 304
-0.959137, 9, 1, 72, 128
-0.959913, 217, 129, 280, 256
-0.960693, 433, 17, 496, 144
-0.96073, 177, 1, 240, 128
-0.960815, 337, 1, 400, 128
-0.960982, 105, 17, 168, 144
-0.961138, 129, 81, 384, 208
-0.962645, 257, 161, 320, 224
-0.962981, 49, 193, 176, 320
-0.963603, 273, 17, 336, 144
-0.963634, 409, 17, 472, 144
-0.964325, 217, 177, 280, 240
-0.964413, 329, 17, 392, 80
-0.964529, 145, 17, 208, 80
-0.965309, 297, 25, 360, 88
-0.965359, 201, 177, 264, 304
-0.965547, 129, 193, 192, 256
-0.965637, 161, 177, 224, 240
-0.965709, 257, 25, 320, 88
-0.965899, 225, 177, 480, 304
-0.966381, 193, 193, 256, 256
-0.966425, 153, 177, 216, 304
-0.966432, 25, 9, 88, 72
-0.966508, 177, 81, 304, 208
-0.966535, 385, 17, 448, 144
-0.966632, 241, 113, 304, 240
-0.966701, 73, 193, 136, 320
-0.966997, 57, 9, 120, 72
-0.967817, 257, 129, 384, 256
-0.967849, 121, 17, 184, 80
-0.968213, 201, 17, 264, 80
-0.968559, 433, 17, 496, 80
-0.968571, 361, 17, 424, 144
-0.969442, 1, 9, 128, 72
-0.969622, 97, 129, 224, 256
-0.96986, 257, 65, 384, 192
-0.969947, 161, 129, 224, 256
-0.97023, 225, 81, 480, 208
-0.970288, 257, 185, 320, 248
-0.970509, 305, 177, 432, 304
-0.970802, 233, 25, 296, 88
-0.971089, 169, 201, 232, 264
-0.971289, 217, 81, 280, 208
-0.97138, 241, 65, 304, 192
-0.971657, 265, 65, 328, 192
-0.972427, 97, 209, 160, 333
-0.972567, 233, 1, 296, 256
-0.972845, 297, 1, 360, 256
-0.972889, 97, 25, 160, 88
-0.973223, 81, 1, 112, 128
-0.97337, 129, 185, 256, 248
-0.97338, 209, 177, 336, 240
-0.973702, 217, 201, 280, 264
-0.973772, 169, 17, 232, 80
-0.973985, 385, 17, 448, 80
-0.97412, 265, 113, 328, 240
-0.974248, 97, 1, 160, 256
-0.974359, 201, 1, 264, 256
-0.9746, 185, 169, 248, 232
-0.974633, 257, 1, 320, 256
-0.974848, 161, 1, 224, 256
-0.974935, 121, 1, 184, 256
-0.975062, 49, 49, 176, 176
-0.975148, 225, 193, 288, 320
-0.975242, 321, 1, 384, 256
-0.975349, 281, 193, 344, 320
-0.975728, 65, 193, 128, 256
-0.975731, 353, 25, 416, 88
-0.975881, 289, 17, 416, 80
-0.975912, 193, 129, 256, 256
-0.976055, 393, 1, 456, 256
-0.976082, 97, 17, 224, 80
-0.976181, 177, 17, 304, 80
-0.976284, 345, 1, 408, 256
-0.976372, 1, 1, 64, 256
-0.976385, 269, 17, 300, 144
-0.976389, 193, 49, 256, 176
-0.976393, 73, 65, 136, 192
-0.976566, 121, 217, 184, 280
-0.976743, 29, 1, 60, 128
-0.976776, 257, 17, 288, 144
-0.976962, 209, 1, 240, 128
-0.97698, 225, 1, 256, 128
-0.977045, 69, 1, 100, 128
-0.977083, 157, 1, 188, 128
-0.9771, 409, 17, 472, 80
-0.977348, 433, 1, 496, 256
-0.977423, 81, 193, 208, 256
-0.977448, 241, 225, 304, 288
-0.977454, 301, 17, 332, 144
-0.97753, 369, 1, 432, 256
-0.977753, 369, 193, 432, 320
-0.977882, 97, 65, 160, 192
-0.977889, 173, 1, 204, 128
-0.977914, 1, 113, 128, 240
-0.978075, 49, 1, 80, 128
-0.978164, 177, 209, 304, 333
-0.978331, 257, 97, 320, 160
-0.978459, 73, 1, 136, 256
-0.978463, 289, 81, 352, 208
-0.978739, 129, 1, 160, 128
-0.978988, 1, 17, 64, 80
-0.97904, 289, 17, 320, 144
-0.979089, 49, 97, 176, 224
-0.979447, 113, 65, 240, 192
-0.97952, 209, 177, 240, 240
-0.979609, 141, 1, 172, 128
-0.979872, 353, 209, 480, 333
-0.979878, 317, 17, 348, 144
-0.979954, 337, 201, 400, 264
-0.979988, 289, 193, 352, 256
-0.980053, 177, 201, 304, 264
-0.980203, 469, 17, 500, 80
-0.98022, 257, 25, 288, 88
-0.980226, 301, 25, 332, 88
-0.98038, 137, 129, 200, 256
-0.980469, 377, 225, 440, 288
-0.980474, 25, 1, 88, 256
-0.980506, 305, 129, 432, 256
-0.980581, 105, 161, 168, 288
-0.980852, 33, 113, 96, 240
-0.98087, 93, 1, 124, 128
-0.980874, 369, 201, 432, 264
-0.980984, 249, 209, 312, 333
-0.981109, 129, 209, 256, 272
-0.981216, 237, 1, 268, 128
-0.981228, 229, 193, 260, 256
-0.981256, 257, 1, 320, 64
-0.981318, 369, 17, 496, 80
-0.981417, 49, 9, 176, 72
-0.981429, 1, 17, 32, 144
-0.981507, 169, 225, 232, 288
-0.981507, 341, 1, 372, 128
-0.981531, 1, 161, 128, 288
-0.981539, 49, 1, 112, 256
-0.981645, 257, 121, 320, 184
-0.98169, 193, 193, 224, 256
-0.98169, 81, 145, 144, 272
-0.981722, 153, 9, 184, 72
-0.981746, 177, 17, 208, 80
-0.981755, 265, 161, 296, 224
-0.981829, 129, 17, 160, 80
-0.981852, 1, 65, 128, 192
-0.981895, 305, 129, 368, 256
-0.981896, 265, 209, 328, 272
-0.9819, 269, 33, 300, 96
-0.981932, 341, 17, 372, 80
-0.981951, 161, 81, 224, 208
-0.982202, 65, 89, 128, 152
-0.982255, 281, 153, 312, 216
-0.982344, 265, 161, 296, 288
-0.982391, 49, 49, 112, 176
-0.98248, 85, 9, 116, 72
-0.982483, 129, 65, 192, 192
-0.98253, 177, 177, 208, 240
-0.982581, 241, 25, 368, 88
-0.982589, 345, 193, 408, 320
-0.98264, 161, 177, 192, 240
-0.982683, 321, 25, 352, 88
-0.9827, 257, 73, 320, 136
-0.98276, 297, 105, 360, 168
-0.982778, 345, 129, 408, 256
-0.982855, 141, 17, 172, 80
-0.982908, 13, 17, 44, 144
-0.982924, 353, 1, 416, 333
-0.982957, 145, 185, 176, 248
-0.982965, 33, 9, 64, 72
-0.983003, 297, 1, 360, 333
-0.983007, 49, 193, 112, 320
-0.983054, 329, 17, 360, 144
-0.983067, 305, 177, 368, 304
-0.983073, 385, 1, 448, 333
-0.983112, 113, 25, 144, 88
-0.983137, 233, 145, 264, 272
-0.983209, 217, 225, 280, 288
-0.983242, 445, 17, 476, 80
-0.983285, 461, 17, 492, 144
-0.983325, 353, 129, 480, 256
-0.983359, 297, 169, 360, 232
-0.983368, 189, 17, 220, 144
-0.983384, 205, 17, 236, 80
-0.983401, 249, 193, 280, 256
-0.983447, 289, 25, 320, 88
-0.983456, 165, 9, 196, 72
-0.983457, 289, 193, 416, 256
-0.983487, 137, 169, 200, 232
-0.983519, 281, 129, 312, 256
-0.983658, 201, 1, 264, 333
-0.983733, 173, 201, 204, 264
-0.983751, 285, 185, 316, 248
-0.983803, 233, 169, 264, 232
-0.983813, 241, 1, 304, 333
-0.983864, 393, 17, 424, 80
-0.983865, 353, 17, 384, 80
-0.983872, 433, 65, 496, 192
-0.983878, 337, 177, 400, 240
-0.983903, 1, 65, 64, 192
-0.98391, 405, 17, 436, 80
-0.983941, 417, 1, 480, 333
-0.98396, 233, 153, 296, 216
-0.984069, 105, 1, 168, 333
-0.984105, 225, 17, 256, 80
-0.984118, 249, 169, 280, 232
-0.984238, 117, 17, 148, 144
-0.98426, 253, 113, 284, 240
-0.984286, 45, 9, 76, 72
-0.984327, 105, 17, 136, 144
-0.984373, 377, 25, 408, 88
-0.984385, 57, 9, 88, 72
-0.984404, 437, 17, 468, 144
-0.984443, 213, 145, 244, 272
-0.984516, 1, 25, 32, 88
-0.984566, 81, 1, 144, 64
-0.98463, 213, 201, 244, 264
-0.984647, 413, 17, 444, 144
-0.984673, 449, 17, 480, 144
-0.984748, 269, 193, 300, 256
-0.984751, 321, 1, 384, 333
-0.98476, 73, 65, 136, 128
-0.984878, 161, 201, 192, 264
-0.984883, 41, 193, 104, 256
-0.984953, 177, 1, 240, 333
-0.985009, 241, 153, 368, 216
-0.985032, 233, 97, 296, 160
-0.985054, 297, 145, 360, 208
-0.985061, 89, 185, 152, 248
-0.985074, 89, 225, 152, 288
-0.985074, 193, 169, 224, 232
-0.985103, 393, 193, 456, 320
-0.985115, 393, 17, 424, 144
-0.985134, 145, 217, 208, 280
-0.985197, 101, 17, 132, 80
-0.985238, 73, 9, 104, 72
-0.985246, 245, 25, 276, 88
-0.985262, 81, 185, 112, 248
-0.985264, 281, 1, 344, 64
-0.985281, 281, 97, 312, 160
-0.985295, 357, 17, 388, 144
-0.985298, 113, 113, 176, 240
-0.985438, 193, 217, 256, 280
-0.985457, 289, 1, 320, 64
-0.985467, 433, 17, 464, 80
-0.985498, 193, 25, 224, 88
-0.985586, 365, 17, 396, 80
-0.985599, 421, 17, 452, 80
-0.985628, 241, 1, 368, 64
-0.985646, 17, 25, 48, 88
-0.985651, 153, 177, 184, 304
-0.985653, 233, 1, 296, 64
-0.9857, 457, 25, 488, 88
-0.985708, 233, 129, 296, 192
-0.985786, 381, 17, 412, 144
-0.985795, 381, 217, 412, 280
-0.985816, 381, 193, 412, 256
-0.985885, 69, 185, 100, 248
-0.985977, 141, 177, 172, 304
-0.986015, 177, 177, 208, 304
-0.986073, 285, 129, 316, 192
-0.986255, 305, 81, 432, 208
-0.986303, 353, 233, 416, 296
-0.986323, 165, 177, 196, 304
-0.986379, 261, 225, 292, 288
-0.986432, 245, 1, 276, 64
-0.986486, 209, 105, 336, 168
-0.986515, 81, 1, 144, 333
-0.986544, 177, 225, 304, 288
-0.986581, 169, 197, 232, 228
-0.986592, 277, 177, 308, 304
-0.986667, 257, 49, 320, 112
-0.986723, 65, 217, 128, 280
-0.986734, 57, 113, 120, 240
-0.986737, 9, 89, 72, 152
-0.986738, 301, 193, 332, 256
-0.98679, 369, 17, 400, 144
-0.986796, 389, 177, 420, 304
-0.986812, 93, 201, 124, 264
-0.986822, 129, 1, 192, 333
-0.986859, 369, 65, 496, 192
-0.986914, 281, 81, 344, 144
-0.986923, 129, 201, 160, 264
-0.986978, 225, 217, 256, 280
-0.987049, 289, 217, 320, 280
-0.987051, 17, 113, 80, 176
-0.987226, 145, 161, 272, 224
-0.987231, 101, 65, 132, 128
-0.987234, 289, 73, 320, 136
-0.987322, 81, 217, 208, 280
-0.987361, 221, 169, 252, 232
-0.987398, 257, 105, 384, 168
-0.987457, 269, 105, 300, 168
-0.987458, 393, 201, 424, 264
-0.98751, 33, 89, 96, 152
-0.987543, 245, 233, 276, 296
-0.987608, 385, 129, 448, 256
-0.987657, 273, 217, 304, 280
-0.98767, 265, 1, 328, 333
-0.987673, 201, 177, 232, 304
-0.987673, 145, 17, 208, 48
-0.987739, 261, 129, 292, 192
-0.987751, 149, 209, 180, 272
-0.987755, 193, 17, 256, 48
-0.987818, 293, 65, 324, 192
-0.987861, 257, 189, 320, 220
-0.987866, 109, 225, 140, 288
-0.98787, 241, 201, 368, 264
-0.987879, 425, 17, 456, 144
-0.987882, 121, 41, 184, 104
-0.987888, 33, 13, 96, 44
-0.98792, 1, 1, 64, 333
-0.987945, 277, 9, 308, 72
-0.987966, 329, 21, 392, 52
-0.987995, 337, 193, 368, 256
-0.98809, 201, 217, 232, 280
-0.988095, 313, 81, 376, 208
-0.988157, 97, 65, 160, 128
-0.9882, 393, 225, 424, 288
-0.988203, 353, 1, 416, 64
-0.988247, 173, 225, 204, 288
-0.988289, 297, 129, 328, 192
-0.988316, 49, 65, 112, 128
-0.988335, 257, 29, 320, 60
-0.988379, 281, 49, 344, 112
-0.988434, 217, 193, 280, 224
-0.988435, 1, 113, 64, 240
-0.988478, 193, 241, 256, 304
-0.988539, 209, 57, 272, 120
-0.988556, 213, 233, 244, 296
-0.988609, 81, 169, 208, 232
-0.988643, 57, 13, 120, 44
-0.98867, 153, 1, 216, 333
-0.988675, 185, 181, 248, 212
-0.988681, 393, 201, 456, 264
-0.988699, 297, 105, 328, 168
-0.988719, 281, 49, 312, 112
-0.988721, 273, 129, 304, 192
-0.98878, 69, 209, 100, 272
-0.98879, 273, 81, 304, 208
-0.988847, 221, 193, 252, 320
-0.988876, 81, 209, 112, 272
-0.988884, 433, 21, 496, 52
-0.988936, 137, 185, 200, 216
-0.98894, 25, 65, 88, 192
-0.988987, 249, 169, 312, 200
-0.989008, 289, 217, 416, 280
-0.989038, 297, 169, 328, 232
-0.989108, 129, 193, 160, 320
-0.989166, 33, 89, 160, 152
-0.98918, 209, 81, 336, 144
-0.989186, 77, 57, 108, 120
-0.98928, 377, 177, 408, 304
-0.989287, 145, 205, 208, 236
-0.989299, 225, 225, 352, 288
-0.989328, 253, 161, 284, 288
-0.98935, 297, 217, 360, 280
-0.989389, 109, 209, 140, 333
-0.989405, 193, 197, 256, 228
-0.989492, 305, 1, 368, 64
-0.989502, 265, 233, 328, 296
-0.989514, 49, 145, 176, 272
-0.989528, 369, 81, 432, 208
-0.989587, 89, 57, 120, 120
-0.989606, 301, 65, 332, 128
-0.989651, 269, 65, 300, 128
-0.989661, 189, 217, 220, 280
-0.989716, 97, 89, 128, 152
-0.989743, 297, 29, 360, 60
-0.989766, 93, 177, 124, 304
-0.989798, 189, 177, 220, 304
-0.989821, 233, 65, 296, 128
-0.989831, 97, 177, 128, 240
-0.989838, 377, 241, 408, 304
-0.989841, 301, 217, 332, 280
-0.989852, 185, 97, 248, 160
-0.989854, 121, 225, 152, 288
-0.989878, 365, 201, 396, 264
-0.989882, 249, 89, 280, 152
-0.989888, 189, 1, 220, 64
-0.989898, 81, 81, 208, 144
-0.989931, 257, 65, 288, 128
-0.989934, 329, 1, 360, 64
-0.989972, 57, 89, 88, 152
-0.989993, 81, 161, 112, 224
-0.989994, 41, 89, 72, 152
-0.99, 129, 241, 256, 304
-0.990014, 301, 1, 332, 64
-0.990028, 257, 129, 384, 192
-0.990034, 177, 41, 304, 104
-0.990039, 257, 65, 288, 192
-0.990105, 97, 57, 224, 120
-0.99011, 265, 1, 296, 64
-0.990135, 161, 181, 224, 212
-0.990144, 405, 217, 436, 280
-0.990155, 325, 193, 356, 256
-0.990167, 57, 185, 88, 248
-0.990181, 425, 105, 488, 168
-0.990184, 113, 1, 144, 64
-0.990193, 113, 65, 144, 128
-0.990215, 225, 169, 288, 200
-0.990227, 89, 89, 152, 152
-0.990284, 249, 129, 280, 192
-0.990341, 457, 1, 488, 64
-0.990344, 309, 113, 340, 176
-0.990345, 177, 129, 304, 192
-0.990357, 385, 105, 448, 168
-0.990362, 305, 193, 368, 224
-0.990373, 85, 89, 116, 152
-0.990389, 433, 113, 496, 240
-0.990391, 237, 65, 268, 192
-0.990392, 441, 105, 472, 168
-0.990415, 209, 153, 240, 216
-0.990435, 9, 1, 40, 64
-0.990475, 21, 89, 52, 152
-0.990502, 49, 113, 112, 176
-0.990521, 233, 241, 264, 304
-0.990554, 257, 81, 384, 144
-0.990577, 313, 193, 376, 256
-0.990612, 149, 161, 180, 224
-0.990625, 265, 201, 328, 232
-0.990625, 121, 21, 184, 52
-0.990684, 69, 89, 100, 152
-0.990693, 313, 201, 344, 264
-0.990723, 329, 105, 360, 168
-0.990823, 233, 33, 296, 64
-0.990829, 377, 1, 408, 64
-0.990878, 125, 177, 156, 240
-0.990882, 105, 201, 136, 264
-0.990884, 377, 249, 440, 312
-0.990912, 33, 201, 160, 264
-0.990933, 1, 9, 256, 72
-0.990997, 97, 177, 352, 240
-0.990998, 161, 233, 192, 296
-0.99115, 293, 145, 324, 272
-0.99115, 385, 25, 448, 56
-0.99118, 153, 41, 216, 104
-0.991184, 345, 81, 408, 208
-0.991243, 145, 241, 208, 304
-0.991257, 121, 217, 184, 248
-0.991277, 385, 177, 448, 240
-0.991301, 217, 209, 280, 240
-0.991369, 209, 153, 272, 216
-0.991417, 337, 205, 400, 236
-0.991441, 289, 173, 352, 204
-0.991533, 189, 129, 220, 256
-0.991552, 281, 189, 344, 220
-0.991569, 201, 129, 232, 256
-0.991622, 209, 97, 272, 160
-0.991639, 153, 121, 216, 184
-0.991748, 97, 25, 160, 56
-0.99183, 177, 57, 240, 120
-0.991875, 89, 81, 152, 112
-0.991946, 257, 57, 384, 120
-0.991955, 17, 13, 144, 44
-0.992042, 177, 129, 208, 256
-0.992046, 409, 21, 472, 52
-0.992071, 225, 181, 288, 212
-0.992134, 81, 177, 112, 304
-0.992171, 193, 193, 224, 224
-0.992199, 337, 201, 464, 264
-0.992238, 161, 89, 288, 152
-0.992261, 373, 129, 404, 256
-0.992283, 161, 225, 224, 256
-0.992285, 1, 209, 128, 333
-0.992307, 121, 201, 184, 232
-0.992308, 65, 193, 128, 224
-0.992316, 241, 205, 304, 236
-0.992339, 89, 161, 152, 224
-0.992359, 193, 201, 448, 264
-0.992364, 73, 33, 136, 96
-0.992381, 353, 121, 416, 184
-0.992382, 17, 113, 144, 176
-0.992388, 321, 105, 384, 168
-0.992407, 57, 1, 120, 333
-0.992441, 401, 233, 464, 296
-0.992485, 409, 97, 472, 224
-0.99249, 265, 157, 328, 188
-0.992616, 257, 29, 288, 60
-0.992617, 9, 17, 72, 48
-0.992643, 25, 1, 88, 333
-0.992663, 341, 21, 372, 52
-0.992681, 81, 205, 144, 236
-0.992682, 305, 205, 368, 236
-0.992702, 273, 33, 304, 64
-0.992719, 97, 17, 352, 80
-0.992723, 469, 21, 500, 52
-0.992731, 169, 21, 232, 52
-0.992753, 209, 193, 240, 224
-0.992757, 113, 169, 176, 232
-0.992769, 257, 209, 288, 333
-0.992794, 65, 201, 320, 264
-0.992831, 241, 97, 304, 128
-0.992847, 29, 17, 60, 48
-0.992859, 321, 29, 352, 60
-0.992868, 353, 25, 416, 56
-0.992868, 361, 229, 424, 260
-0.992883, 81, 13, 112, 44
-0.992893, 229, 193, 260, 224
-0.992897, 153, 81, 216, 144
-0.992921, 177, 193, 208, 224
-0.992923, 289, 29, 320, 60
-0.992936, 169, 17, 200, 48
-0.992939, 73, 121, 136, 184
-0.992972, 361, 213, 424, 244
-0.992987, 173, 181, 204, 212
-0.992991, 153, 17, 184, 48
-0.992992, 217, 249, 280, 312
-0.993006, 321, 129, 384, 192
-0.993007, 17, 109, 80, 140
-0.993033, 301, 29, 332, 60
-0.993035, 133, 21, 164, 52
-0.993044, 241, 225, 304, 256
-0.993056, 49, 13, 80, 44
-0.993056, 225, 177, 256, 208
-0.993066, 97, 121, 160, 184
-0.993117, 277, 185, 308, 216
-0.993121, 189, 181, 220, 212
-0.993144, 445, 21, 476, 52
-0.993149, 361, 201, 424, 232
-0.993154, 301, 201, 332, 232
-0.993161, 193, 153, 320, 216
-0.993172, 277, 157, 308, 188
-0.993172, 97, 193, 160, 224
-0.993186, 193, 177, 448, 240
-0.993232, 205, 177, 236, 208
-0.993272, 229, 213, 260, 244
-0.993279, 353, 97, 416, 160
-0.993289, 205, 21, 236, 52
-0.993293, 253, 169, 284, 200
-0.993306, 241, 249, 304, 312
-0.993308, 237, 173, 268, 204
-0.993338, 121, 229, 184, 260
-0.993344, 65, 193, 96, 320
-0.99335, 69, 197, 100, 228
-0.993355, 189, 25, 220, 56
-0.993355, 293, 189, 324, 220
-0.993363, 253, 229, 284, 260
-0.993384, 1, 29, 64, 60
-0.993406, 393, 25, 424, 56
-0.993414, 353, 21, 384, 52
-0.993443, 157, 181, 188, 212
-0.993451, 353, 225, 480, 288
-0.993451, 145, 185, 176, 216
-0.993452, 85, 193, 116, 224
-0.993479, 409, 129, 472, 192
-0.993482, 69, 185, 100, 216
-0.993496, 285, 201, 316, 232
-0.993496, 241, 193, 272, 224
-0.993498, 145, 205, 176, 236
-0.993514, 209, 205, 240, 236
-0.993518, 93, 205, 124, 236
-0.993518, 41, 233, 104, 296
-0.993523, 65, 13, 96, 44
-0.993558, 117, 25, 148, 56
-0.993569, 193, 209, 256, 240
-0.993584, 225, 17, 256, 48
-0.993586, 277, 173, 308, 204
-0.993592, 265, 165, 296, 196
-0.993595, 389, 221, 420, 252
-0.993607, 265, 181, 296, 212
-0.993625, 289, 17, 320, 48
-0.993629, 329, 185, 392, 216
-0.99363, 173, 205, 204, 236
-0.993637, 369, 205, 400, 236
-0.993658, 97, 81, 128, 112
-0.993673, 405, 21, 436, 52
-0.993677, 365, 25, 396, 56
-0.99368, 245, 17, 276, 48
-0.993692, 381, 193, 412, 224
-0.993693, 5, 29, 36, 60
-0.993738, 165, 225, 196, 256
-0.993752, 161, 205, 192, 236
-0.993763, 217, 17, 280, 48
-0.993766, 105, 25, 136, 56
-0.993768, 217, 229, 280, 260
-0.993773, 265, 209, 296, 240
-0.993779, 41, 189, 104, 220
-0.993788, 193, 17, 448, 80
-0.99379, 129, 129, 256, 192
-0.993817, 425, 25, 456, 56
-0.993817, 117, 221, 148, 252
-0.99382, 17, 25, 48, 56
-0.993831, 241, 13, 304, 44
-0.993836, 241, 213, 272, 244
-0.993846, 257, 193, 288, 224
-0.993848, 289, 89, 320, 120
-0.993858, 289, 177, 320, 208
-0.993866, 189, 205, 220, 236
-0.993877, 241, 237, 304, 268
-0.993883, 129, 217, 160, 248
-0.993894, 281, 17, 344, 48
-0.993896, 269, 197, 300, 228
-0.993897, 129, 181, 256, 212
-0.993899, 89, 69, 152, 100
-0.993901, 245, 33, 276, 64
-0.993904, 329, 217, 392, 248
-0.993905, 389, 209, 420, 240
-0.993914, 381, 25, 412, 56
-0.993922, 81, 181, 112, 212
-0.993927, 289, 193, 320, 320
-0.993929, 241, 109, 304, 140
-0.993937, 133, 201, 164, 232
-0.993938, 161, 65, 288, 128
-0.993938, 337, 185, 368, 216
-0.99394, 165, 193, 196, 224
-0.993944, 365, 217, 396, 248
-0.993982, 457, 25, 488, 56
-0.993992, 93, 17, 124, 48
-0.994004, 281, 145, 312, 176
-0.994006, 265, 221, 296, 252
-0.99401, 61, 49, 92, 176
-0.99403, 81, 205, 112, 236
-0.994047, 217, 97, 280, 128
-0.994053, 165, 237, 196, 268
-0.994055, 265, 213, 328, 244
-0.994056, 97, 197, 224, 228
-0.994056, 97, 9, 160, 40
-0.994057, 317, 197, 348, 228
-0.994081, 281, 105, 312, 136
-0.994082, 337, 201, 368, 232
-0.994088, 249, 181, 280, 212
-0.994095, 281, 65, 312, 96
-0.994095, 377, 217, 408, 248
-0.994102, 33, 169, 96, 232
-0.994107, 109, 81, 140, 112
-0.994111, 181, 225, 212, 256
-0.994112, 25, 113, 56, 144
-0.994157, 57, 77, 120, 108
-0.994164, 237, 93, 268, 124
-0.994178, 253, 217, 284, 248
-0.994188, 69, 209, 100, 240
-0.994193, 357, 205, 388, 236
-0.994196, 281, 49, 312, 80
-0.994197, 377, 233, 408, 264
-0.994201, 117, 233, 148, 264
-0.99422, 81, 21, 208, 52
-0.994221, 281, 213, 312, 244
-0.994229, 289, 77, 320, 108
-0.994231, 321, 185, 352, 216
-0.994239, 129, 229, 160, 260
-0.994245, 93, 65, 124, 96
-0.994246, 97, 193, 128, 224
-0.994248, 289, 133, 320, 164
-0.994265, 41, 109, 72, 140
-0.994276, 85, 77, 116, 108
-0.994279, 201, 129, 264, 192
-0.994282, 253, 205, 284, 236
-0.994284, 169, 209, 232, 240
-0.994287, 265, 125, 296, 156
-0.994296, 105, 225, 136, 256
-0.994299, 161, 129, 192, 256
-0.994314, 25, 193, 88, 320
-0.994318, 241, 229, 272, 260
-0.994334, 65, 169, 128, 232
-0.994336, 181, 13, 212, 44
-0.994337, 177, 237, 208, 268
-0.994348, 249, 241, 280, 272
-0.994348, 269, 137, 300, 168
-0.994353, 81, 89, 112, 120
-0.994355, 113, 205, 144, 236
-0.994356, 277, 93, 308, 124
-0.994372, 65, 89, 128, 120
-0.994383, 277, 233, 308, 264
-0.994383, 209, 217, 240, 248
-0.994389, 161, 153, 224, 216
-0.994397, 277, 21, 308, 52
-0.994399, 257, 93, 288, 124
-0.9944, 177, 177, 304, 208
-0.994402, 133, 189, 164, 220
-0.994414, 289, 25, 416, 56
-0.994444, 281, 41, 344, 72
-0.994451, 233, 193, 264, 320
-0.994456, 5, 17, 36, 48
-0.994465, 129, 129, 192, 192
-0.99448, 289, 161, 416, 224
-0.994518, 121, 241, 184, 304
-0.994527, 1, 65, 128, 128
-0.994533, 257, 85, 320, 116
-0.99455, 221, 81, 252, 208
-0.994566, 57, 213, 120, 244
-0.99457, 177, 193, 304, 224
-0.994575, 297, 137, 360, 168
-0.9946, 9, 65, 72, 128
-0.994617, 17, 225, 80, 288
-0.994638, 433, 81, 496, 144
-0.99464, 185, 169, 248, 200
-0.994707, 145, 17, 272, 48
-0.994718, 393, 129, 424, 256
-0.994752, 257, 125, 320, 156
-0.994785, 65, 181, 128, 212
-0.994826, 89, 181, 152, 212
-0.994829, 41, 105, 104, 136
-0.994835, 385, 229, 448, 260
-0.994838, 281, 101, 344, 132
-0.994841, 1, 193, 500, 256
-0.994851, 217, 177, 232, 240
-0.994859, 369, 113, 496, 176
-0.994887, 321, 105, 448, 168
-0.994887, 1, 177, 128, 240
-0.994893, 1, 17, 500, 80
-0.994899, 113, 97, 176, 160
-0.994903, 361, 241, 424, 272
-0.99497, 297, 217, 360, 248
-0.994971, 77, 97, 108, 224
-0.994996, 303, 25, 318, 88
-0.995008, 73, 49, 104, 176
-0.995016, 329, 133, 392, 164
-0.995017, 209, 29, 272, 60
-0.995024, 149, 129, 180, 256
-0.995037, 385, 129, 448, 192
-0.995046, 89, 225, 152, 256
-0.995059, 281, 117, 344, 148
-0.995084, 261, 25, 276, 88
-0.995085, 89, 49, 120, 176
-0.995096, 209, 249, 336, 312
-0.995097, 337, 233, 400, 264
-0.995097, 433, 129, 496, 192
-0.995118, 353, 129, 416, 160
-0.995157, 223, 201, 238, 264
-0.995186, 113, 73, 176, 104
-0.995193, 131, 17, 146, 80
-0.9952, 425, 209, 488, 333
-0.995205, 153, 237, 216, 268
-0.995215, 161, 9, 176, 72
-0.995242, 329, 225, 392, 288
-0.995261, 149, 17, 164, 80
-0.995279, 285, 25, 300, 88
-0.995286, 179, 9, 194, 72
-0.995302, 253, 17, 268, 80
-0.995305, 169, 33, 232, 64
-0.99531, 65, 65, 128, 96
-0.995314, 407, 17, 422, 80
-0.995316, 451, 17, 466, 80
-0.995351, 177, 237, 240, 268
-0.995351, 205, 177, 220, 240
-0.995358, 271, 25, 286, 88
-0.995369, 169, 5, 232, 36
-0.99537, 167, 9, 182, 72
-0.995377, 141, 17, 156, 80
-0.99538, 257, 45, 320, 76
-0.995394, 483, 17, 498, 80
-0.995413, 41, 1, 104, 32
-0.995424, 231, 177, 246, 240
-0.995432, 65, 113, 128, 144
-0.995433, 319, 25, 334, 88
-0.995447, 205, 65, 236, 192
-0.995463, 341, 17, 356, 80
-0.99548, 353, 13, 416, 44
-0.995512, 253, 193, 268, 256
-0.995519, 81, 129, 208, 192
-0.995534, 241, 137, 304, 168
-0.995554, 325, 25, 340, 88
-0.995557, 113, 25, 128, 88
-0.995558, 95, 9, 110, 72
-0.995571, 177, 121, 240, 184
-0.995575, 223, 177, 238, 240
-0.995581, 233, 125, 296, 156
-0.995598, 103, 17, 118, 80
-0.995602, 25, 265, 88, 328
-0.995626, 241, 29, 368, 60
-0.995638, 191, 17, 206, 80
-0.995651, 193, 21, 320, 52
-0.995658, 289, 145, 304, 208
-0.995664, 81, 185, 208, 216
-0.995678, 281, 61, 344, 92
-0.995684, 155, 17, 170, 80
-0.995688, 281, 85, 344, 116
-0.995728, 217, 113, 280, 144
-0.995731, 1, 97, 64, 128
-0.995733, 185, 177, 200, 240
-0.995733, 385, 201, 448, 232
-0.995749, 377, 189, 440, 220
-0.995754, 121, 241, 184, 272
-0.995774, 473, 17, 488, 80
-0.995774, 193, 225, 448, 288
-0.995786, 257, 69, 320, 100
-0.995795, 119, 25, 134, 88
-0.995797, 343, 185, 358, 248
-0.995808, 225, 169, 352, 200
-0.995818, 185, 221, 248, 252
-0.995827, 39, 9, 54, 72
-0.995827, 263, 169, 278, 232
-0.995827, 153, 185, 168, 248
-0.995835, 391, 185, 406, 248
-0.995838, 157, 81, 188, 208
-0.995845, 225, 193, 352, 224
-0.995846, 11, 25, 26, 88
-0.995852, 173, 177, 188, 240
-0.995855, 273, 145, 336, 176
-0.995856, 269, 169, 284, 232
-0.995857, 125, 17, 140, 80
-0.995868, 33, 17, 48, 80
-0.995878, 377, 121, 440, 152
-0.995883, 391, 17, 406, 80
-0.995889, 241, 157, 304, 188
-0.995904, 217, 241, 280, 272
-0.995905, 209, 17, 224, 80
-0.995912, 273, 197, 400, 228
-0.995918, 293, 9, 308, 72
-0.99592, 385, 217, 448, 248
-0.99592, 193, 81, 224, 208
-0.995939, 257, 57, 320, 88
-0.995962, 97, 249, 160, 312
-0.995962, 169, 249, 232, 312
-0.995965, 259, 193, 274, 256
-0.995976, 393, 241, 456, 272
-0.996005, 239, 17, 254, 80
-0.99601, 313, 25, 328, 88
-0.996024, 369, 25, 496, 56
-0.99603, 435, 17, 450, 80
-0.996037, 269, 193, 284, 256
-0.996045, 17, 121, 80, 152
-0.996046, 73, 185, 88, 248
-0.996053, 177, 121, 240, 152
-0.996056, 41, 121, 104, 152
-0.996068, 245, 193, 260, 256
-0.996075, 313, 49, 376, 112
-0.996077, 331, 25, 346, 88
-0.996105, 241, 13, 368, 44
-0.996116, 129, 105, 384, 168
-0.996118, 457, 17, 472, 80
-0.996122, 165, 177, 180, 240
-0.996131, 369, 81, 496, 144
-0.996133, 347, 17, 362, 80
-0.996141, 237, 177, 252, 240
-0.99616, 425, 233, 488, 296
-0.996184, 369, 17, 384, 80
-0.996186, 1, 65, 32, 192
-0.996191, 369, 57, 496, 120
-0.996202, 79, 9, 94, 72
-0.996213, 355, 17, 370, 80
-0.996225, 73, 25, 136, 56
-0.996225, 279, 153, 294, 216
-0.996228, 97, 105, 224, 168
-0.996229, 173, 201, 188, 264
-0.996232, 1, 25, 16, 88
-0.996239, 245, 169, 260, 232
-0.996239, 211, 177, 226, 240
-0.996246, 273, 209, 400, 240
-0.996249, 433, 57, 496, 120
-0.996252, 97, 241, 160, 272
-0.996256, 305, 81, 368, 144
-0.996259, 293, 193, 308, 256
-0.996259, 41, 201, 104, 232
-0.996272, 185, 9, 200, 72
-0.996283, 277, 25, 292, 88
-0.996283, 179, 185, 194, 248
-0.996289, 201, 25, 216, 88
-0.996291, 361, 17, 376, 80
-0.996294, 51, 9, 66, 72
-0.996295, 345, 153, 408, 216
-0.996312, 161, 209, 288, 240
-0.996318, 49, 205, 176, 236
-0.996318, 73, 9, 88, 72
-0.996322, 85, 9, 100, 72
-0.996332, 197, 177, 212, 240
-0.996345, 173, 9, 188, 72
-0.996346, 193, 93, 256, 124
-0.996351, 159, 185, 174, 248
-0.996367, 161, 169, 224, 200
-0.996368, 281, 73, 344, 104
-0.99637, 393, 209, 408, 272
-0.996374, 321, 121, 384, 152
-0.996394, 59, 9, 74, 72
-0.996402, 401, 117, 464, 148
-0.996411, 201, 41, 264, 72
-0.996423, 1, 193, 64, 320
-0.996454, 297, 5, 360, 36
-0.996458, 81, 125, 144, 156
-0.996466, 255, 169, 270, 232
-0.996481, 45, 9, 60, 72
-0.996493, 167, 201, 182, 264
-0.996498, 295, 153, 310, 216
-0.996498, 289, 161, 352, 192
-0.996503, 417, 193, 480, 256
-0.996518, 337, 81, 368, 208
-0.99652, 23, 25, 38, 88
-0.99653, 397, 25, 412, 88
-0.996532, 321, 81, 448, 144
-0.996534, 33, 233, 160, 296
-0.996555, 279, 185, 294, 248
-0.996574, 49, 97, 80, 224
-0.996585, 247, 25, 262, 88
-0.996587, 65, 9, 80, 72
-0.996597, 113, 65, 144, 192
-0.996602, 301, 1, 332, 256
-0.996602, 121, 65, 184, 128
-0.996606, 269, 1, 300, 256
-0.996614, 299, 177, 314, 240
-0.996621, 235, 201, 250, 264
-0.996623, 215, 201, 230, 264
-0.996626, 17, 25, 32, 88
-0.996627, 321, 129, 448, 192
-0.996639, 409, 145, 472, 272
-0.996651, 1, 177, 256, 240
-0.996652, 49, 41, 112, 104
-0.996669, 147, 185, 162, 248
-0.996679, 383, 25, 398, 88
-0.996698, 305, 241, 432, 304
-0.996716, 375, 17, 390, 80
-0.996724, 467, 25, 482, 88
-0.996728, 413, 17, 428, 80
-0.996742, 385, 201, 400, 264
-0.99675, 215, 17, 230, 80
-0.99678, 121, 217, 136, 280
-0.996782, 225, 153, 480, 216
-0.996788, 189, 201, 204, 264
-0.996793, 145, 65, 176, 192
-0.996805, 177, 233, 304, 264
-0.996808, 255, 233, 270, 296
-0.996808, 195, 201, 210, 264
-0.996818, 229, 201, 244, 264
-0.996832, 273, 185, 400, 216
-0.996844, 193, 1, 224, 256
-0.996851, 101, 1, 132, 256
-0.996854, 205, 1, 236, 256
-0.99687, 1, 89, 256, 152
-0.99688, 209, 201, 224, 264
-0.996884, 229, 1, 260, 256
-0.996904, 257, 1, 288, 256
-0.996905, 321, 1, 352, 256
-0.996911, 301, 137, 316, 200
-0.996943, 209, 213, 336, 244
-0.996963, 337, 177, 464, 240
-0.996963, 139, 185, 154, 248
-0.997021, 245, 225, 260, 288
-0.997025, 241, 229, 368, 260
-0.997041, 169, 1, 200, 256
-0.997041, 181, 1, 212, 256
-0.997042, 337, 1, 368, 256
-0.997047, 191, 177, 206, 240
-0.997054, 309, 81, 340, 208
-0.99706, 9, 1, 40, 256
-0.997067, 423, 25, 438, 88
-0.997072, 177, 225, 192, 288
-0.997083, 231, 17, 246, 80
-0.997106, 225, 17, 240, 80
-0.997121, 269, 217, 284, 280
-0.997131, 285, 113, 300, 176
-0.997134, 101, 185, 116, 248
-0.997136, 103, 57, 118, 120
-0.997138, 113, 209, 240, 240
-0.997157, 445, 25, 460, 88
-0.997163, 125, 1, 156, 256
-0.997164, 1, 25, 128, 56
-0.997174, 81, 9, 208, 40
-0.997176, 405, 1, 436, 256
-0.997186, 89, 1, 120, 256
-0.997193, 217, 1, 248, 256
-0.997196, 321, 229, 448, 260
-0.997206, 21, 1, 52, 256
-0.997211, 285, 1, 316, 256
-0.997212, 141, 1, 172, 256
-0.997215, 95, 185, 110, 248
-0.997218, 305, 185, 320, 248
-0.997219, 157, 1, 188, 256
-0.99722, 365, 1, 396, 256
-0.997222, 97, 233, 352, 296
-0.997236, 1, 217, 500, 280
-0.997239, 285, 201, 300, 264
-0.997243, 465, 1, 496, 256
-0.997245, 393, 1, 424, 256
-0.997252, 245, 1, 276, 256
-0.997252, 377, 1, 408, 256
-0.997252, 349, 1, 380, 256
-0.997261, 433, 1, 464, 256
-0.997287, 421, 1, 452, 256
-0.997289, 337, 201, 464, 232
-0.997292, 293, 41, 308, 104
-0.997312, 49, 49, 176, 112
-0.99732, 113, 1, 144, 256
-0.997336, 293, 105, 308, 168
-0.997344, 183, 209, 198, 272
-0.997352, 293, 81, 308, 144
-0.997364, 317, 129, 348, 256
-0.997372, 453, 1, 484, 256
-0.997378, 109, 83, 140, 98
-0.99738, 209, 97, 336, 128
-0.997381, 399, 201, 414, 264
-0.997392, 237, 189, 268, 204
-0.9974, 229, 217, 260, 232
-0.997401, 225, 181, 352, 212
-0.997405, 429, 17, 444, 80
-0.997409, 337, 183, 368, 198
-0.997411, 165, 191, 196, 206
-0.997414, 83, 185, 98, 248
-0.99742, 149, 217, 180, 232
-0.997427, 261, 195, 292, 210
-0.997432, 245, 27, 276, 42
-0.997432, 241, 235, 272, 250
-0.997438, 341, 213, 372, 228
-0.997439, 325, 81, 356, 208
-0.997439, 303, 209, 318, 272
-0.997441, 417, 27, 448, 42
-0.997442, 381, 243, 412, 258
-0.997446, 209, 181, 240, 196
-0.997462, 385, 233, 416, 248
-0.997469, 129, 97, 160, 224
-0.997472, 281, 39, 312, 54
-0.997474, 285, 151, 316, 166
-0.997477, 225, 125, 352, 156
-0.997489, 279, 217, 294, 280
-0.99749, 189, 17, 220, 32
-0.997496, 69, 209, 100, 224
-0.997498, 301, 199, 332, 214
-0.997513, 113, 231, 144, 246
-0.997517, 321, 213, 448, 244
-0.997527, 257, 239, 288, 254
-0.997533, 261, 169, 292, 184
-0.997541, 257, 211, 288, 226
-0.997545, 109, 237, 140, 252
-0.997548, 241, 97, 272, 112
-0.997554, 273, 163, 304, 178
-0.997555, 89, 21, 120, 36
-0.997563, 193, 31, 224, 46
-0.997582, 13, 31, 44, 46
-0.997582, 457, 25, 488, 40
-0.997586, 1, 65, 256, 128
-0.997588, 97, 201, 128, 216
-0.997594, 337, 203, 368, 218
-0.997595, 389, 227, 420, 242
-0.9976, 117, 211, 148, 226
-0.9976, 81, 229, 208, 260
-0.997602, 33, 1, 64, 256
-0.997605, 245, 219, 276, 234
-0.997611, 181, 81, 212, 208
-0.997612, 177, 209, 208, 224
-0.997617, 289, 137, 416, 168
-0.997618, 203, 193, 218, 224
-0.997634, 301, 211, 332, 226
-0.997637, 385, 213, 416, 228
-0.997637, 169, 243, 200, 258
-0.997652, 73, 185, 104, 200
-0.997654, 281, 97, 312, 112
-0.997666, 373, 215, 404, 230
-0.997667, 245, 35, 276, 50
-0.997671, 177, 25, 208, 40
-0.997676, 169, 183, 200, 198
-0.997682, 303, 29, 318, 60
-0.997687, 105, 73, 136, 88
-0.997691, 241, 157, 368, 188
-0.997693, 193, 181, 224, 196
-0.997694, 265, 233, 296, 248
-0.997697, 225, 21, 256, 36
-0.997702, 117, 223, 148, 238
-0.997704, 165, 225, 196, 240
-0.997713, 221, 179, 252, 194
-0.997714, 409, 193, 440, 320
-0.997714, 311, 197, 326, 228
-0.997717, 1, 109, 128, 140
-0.997725, 243, 193, 258, 224
-0.997725, 141, 195, 172, 210
-0.997726, 225, 105, 480, 168
-0.997731, 289, 193, 320, 208
-0.997732, 287, 149, 302, 180
-0.997735, 329, 189, 360, 204
-0.997735, 69, 197, 100, 212
-0.997743, 381, 201, 412, 216
-0.997743, 225, 185, 256, 200
-0.997752, 209, 209, 240, 224
-0.997754, 377, 29, 408, 44
-0.997758, 69, 203, 100, 218
-0.997759, 141, 187, 172, 202
-0.997769, 105, 27, 136, 42
-0.997775, 341, 181, 356, 212
-0.997778, 285, 29, 300, 60
-0.997779, 39, 17, 54, 48
-0.997782, 269, 29, 284, 60
-0.997798, 265, 225, 296, 240
-0.997809, 75, 185, 90, 216
-0.997809, 289, 187, 320, 202
-0.997811, 129, 241, 256, 272
-0.997814, 81, 241, 208, 304
-0.997814, 215, 189, 230, 220
-0.997827, 255, 229, 270, 260
-0.997847, 85, 209, 116, 224
-0.997848, 281, 189, 296, 220
-0.997849, 81, 81, 208, 112
-0.99786, 249, 195, 280, 210
-0.997868, 305, 177, 336, 304
-0.99787, 451, 21, 466, 52
-0.997877, 193, 193, 208, 224
-0.997878, 161, 221, 288, 252
-0.99788, 209, 21, 224, 52
-0.997884, 277, 183, 308, 198
-0.997885, 285, 217, 316, 232
-0.997886, 65, 97, 96, 224
-0.99789, 1, 257, 128, 320
-0.997898, 353, 249, 480, 312
-0.997898, 429, 27, 460, 42
-0.997899, 323, 29, 338, 60
-0.9979, 29, 25, 44, 56
-0.997903, 209, 41, 336, 72
-0.997906, 249, 171, 280, 186
-0.997912, 177, 129, 304, 160
-0.997913, 223, 201, 238, 232
-0.997917, 95, 13, 110, 44
-0.997921, 277, 177, 308, 192
-0.997923, 1, 29, 32, 44
-0.997924, 225, 203, 256, 218
-0.997924, 189, 25, 220, 40
-0.997937, 181, 183, 212, 198
-0.997938, 345, 21, 360, 52
-0.997951, 69, 191, 100, 206
-0.997959, 165, 209, 196, 224
-0.997959, 97, 129, 352, 192
-0.997965, 97, 83, 128, 98
-0.997967, 237, 175, 268, 190
-0.997972, 141, 207, 172, 222
-0.997972, 365, 27, 396, 42
-0.997972, 181, 203, 212, 218
-0.997979, 147, 21, 162, 52
-0.997983, 277, 157, 308, 172
-0.997983, 159, 17, 174, 48
-0.997983, 133, 21, 148, 52
-0.997988, 193, 181, 208, 212
-0.997989, 229, 211, 260, 226
-0.997995, 177, 189, 208, 204
-0.998001, 81, 199, 112, 214
-0.99801, 183, 17, 198, 48
-0.998024, 261, 29, 276, 60
-0.998038, 183, 181, 198, 212
-0.998039, 117, 27, 148, 42
-0.998052, 177, 165, 304, 196
-0.998053, 51, 13, 66, 44
-0.998058, 165, 197, 196, 212
-0.998061, 483, 21, 498, 52
-0.998073, 161, 201, 176, 232
-0.998074, 193, 25, 208, 56
-0.998075, 245, 211, 276, 226
-0.99808, 301, 193, 316, 224
-0.998092, 251, 25, 266, 56
-0.998095, 121, 221, 136, 252
-0.998098, 153, 185, 184, 200
-0.998098, 393, 81, 424, 208
-0.998109, 205, 181, 220, 212
-0.998113, 231, 193, 246, 224
-0.998113, 209, 21, 240, 36
-0.998123, 295, 21, 310, 52
-0.998123, 317, 29, 332, 60
-0.998128, 457, 21, 472, 52
-0.998129, 97, 189, 112, 220
-0.998129, 9, 29, 24, 60
-0.998132, 391, 189, 406, 220
-0.998132, 293, 205, 308, 236
-0.998135, 393, 25, 408, 56
-0.998135, 353, 129, 480, 160
-0.998142, 301, 33, 332, 48
-0.998142, 123, 25, 138, 56
-0.998143, 365, 177, 396, 304
-0.998143, 141, 23, 172, 38
-0.998144, 239, 17, 254, 48
-0.998146, 45, 13, 60, 44
-0.998147, 215, 201, 230, 232
-0.99815, 173, 17, 188, 48
-0.998151, 257, 129, 500, 192
-0.998155, 139, 21, 154, 52
-0.998162, 253, 231, 284, 246
-0.998166, 355, 21, 370, 52
-0.998171, 279, 33, 294, 64
-0.998172, 33, 193, 160, 224
-0.998175, 361, 21, 376, 52
-0.998176, 225, 177, 240, 208
-0.99818, 189, 189, 220, 204
-0.998184, 301, 169, 316, 200
-0.998185, 289, 105, 416, 136
-0.998187, 177, 109, 304, 140
-0.998189, 369, 21, 384, 52
-0.998194, 475, 21, 490, 52
-0.998196, 167, 17, 182, 48
-0.998197, 309, 29, 324, 60
-0.998198, 1, 169, 500, 232
-0.998201, 281, 209, 312, 224
-0.998202, 185, 193, 200, 224
-0.998203, 407, 21, 422, 52
-0.998206, 353, 23, 384, 38
-0.998211, 221, 235, 252, 250
-0.998215, 387, 25, 402, 56
-0.998216, 329, 29, 344, 60
-0.998218, 65, 41, 320, 104
-0.998224, 209, 197, 224, 228
-0.998224, 147, 185, 162, 216
-0.998226, 239, 173, 254, 204
-0.998227, 81, 69, 208, 100
-0.998228, 245, 209, 260, 240
-0.998229, 105, 197, 120, 228
-0.998231, 277, 191, 308, 206
-0.998231, 281, 173, 296, 204
-0.998233, 259, 193, 274, 224
-0.998236, 89, 13, 104, 44
-0.998241, 337, 25, 352, 56
-0.998243, 257, 85, 384, 116
-0.998247, 257, 213, 272, 244
-0.998255, 81, 241, 208, 272
-0.998255, 249, 13, 264, 44
-0.998255, 223, 213, 238, 244
-0.998256, 83, 13, 98, 44
-0.998257, 209, 69, 336, 100
-0.998258, 285, 201, 300, 232
-0.998259, 111, 25, 126, 56
-0.998261, 273, 33, 304, 48
-0.998262, 23, 29, 38, 60
-0.998269, 105, 81, 120, 112
-0.998269, 171, 201, 186, 232
-0.99827, 291, 177, 306, 208
-0.99827, 1, 41, 128, 104
-0.998275, 275, 193, 290, 224
-0.998279, 209, 203, 240, 218
-0.998281, 249, 173, 264, 204
-0.998282, 69, 13, 84, 44
-0.998285, 59, 13, 74, 44
-0.998293, 369, 213, 496, 244
-0.998294, 99, 81, 114, 112
-0.998295, 1, 209, 128, 240
-0.998296, 321, 13, 448, 44
-0.998297, 405, 25, 436, 40
-0.998297, 153, 21, 168, 52
-0.998299, 279, 157, 294, 188
-0.9983, 25, 27, 56, 42
-0.998306, 77, 13, 92, 44
-0.998307, 219, 177, 234, 208
-0.998307, 129, 153, 384, 216
-0.998316, 341, 197, 356, 228
-0.998329, 103, 21, 118, 52
-0.998337, 81, 193, 112, 208
-0.998339, 321, 189, 448, 220
-0.998347, 173, 181, 188, 212
-0.998348, 289, 199, 320, 214
-0.998349, 155, 205, 170, 236
-0.998355, 1, 25, 16, 56
-0.998357, 271, 165, 286, 196
-0.998361, 77, 1, 108, 256
-0.998369, 469, 25, 484, 56
-0.998385, 209, 85, 336, 116
-0.998386, 399, 25, 414, 56
-0.99839, 145, 19, 208, 34
-0.998392, 199, 29, 214, 60
-0.998392, 249, 37, 264, 68
-0.998393, 261, 229, 276, 260
-0.998399, 1, 105, 500, 168
-0.998403, 161, 33, 288, 64
-0.998404, 253, 193, 268, 224
-0.998404, 329, 25, 392, 40
-0.998408, 65, 13, 96, 28
-0.998409, 233, 177, 248, 208
-0.998415, 317, 201, 332, 232
-0.998431, 435, 25, 450, 56
-0.998431, 375, 25, 390, 56
-0.998433, 275, 177, 290, 208
-0.998433, 111, 81, 126, 112
-0.998434, 41, 15, 104, 30
-0.998434, 177, 57, 304, 88
-0.998436, 225, 233, 240, 264
-0.998437, 347, 189, 362, 220
-0.99844, 433, 23, 496, 38
-0.998441, 117, 25, 132, 56
-0.998442, 167, 225, 182, 256
-0.998448, 251, 209, 266, 240
-0.998449, 229, 195, 260, 210
-0.998452, 177, 203, 240, 218
-0.998455, 145, 201, 176, 216
-0.998457, 301, 205, 316, 236
-0.998457, 385, 197, 400, 228
-0.998458, 129, 169, 256, 200
-0.998459, 177, 197, 240, 212
-0.99846, 377, 209, 392, 240
-0.998464, 369, 209, 384, 240
-0.998468, 153, 199, 216, 214
-0.998469, 241, 33, 304, 48
-0.998471, 209, 191, 240, 206
-0.998475, 353, 113, 384, 240
-0.998477, 177, 197, 192, 228
-0.998478, 289, 29, 320, 44
-0.998478, 137, 187, 200, 202
-0.998481, 97, 205, 112, 236
-0.998484, 175, 237, 190, 268
-0.998485, 193, 21, 256, 36
-0.998489, 257, 189, 320, 204
-0.998493, 429, 25, 444, 56
-0.998494, 273, 173, 400, 204
-0.998497, 225, 193, 288, 208
-0.998497, 121, 23, 184, 38
-0.998499, 141, 197, 156, 228
-0.998503, 257, 65, 384, 96
-0.998504, 15, 29, 30, 60
-0.998504, 161, 191, 224, 206
-0.998504, 75, 197, 90, 228
-0.998504, 147, 201, 162, 232
-0.998505, 281, 31, 344, 46
-0.998505, 257, 45, 384, 76
-0.998507, 257, 165, 320, 180
-0.998513, 293, 193, 308, 224
-0.998518, 45, 1, 76, 256
-0.998522, 153, 209, 216, 224
-0.998522, 301, 181, 316, 212
-0.998525, 381, 233, 396, 264
-0.998525, 217, 211, 280, 226
-0.998528, 61, 1, 92, 256
-0.998533, 393, 27, 456, 42
-0.998533, 265, 195, 328, 210
-0.998534, 241, 211, 304, 226
-0.998534, 129, 203, 192, 218
-0.998534, 185, 189, 248, 204
-0.998536, 185, 181, 248, 196
-0.998536, 201, 195, 264, 210
-0.998536, 233, 173, 296, 188
-0.998537, 297, 205, 360, 220
-0.99854, 289, 185, 352, 200
-0.998541, 161, 183, 224, 198
-0.998543, 257, 97, 320, 112
-0.998543, 121, 223, 184, 238
-0.998548, 305, 199, 368, 214
-0.998548, 265, 189, 296, 204
-0.998553, 201, 27, 264, 42
-0.998555, 97, 117, 224, 148
-0.998555, 265, 201, 328, 216
-0.998556, 17, 25, 80, 40
-0.998558, 301, 205, 332, 220
-0.998561, 161, 203, 192, 218
-0.998561, 217, 235, 280, 250
-0.998561, 297, 193, 360, 208
-0.998562, 97, 27, 160, 42
-0.998563, 201, 201, 264, 216
-0.998563, 57, 193, 120, 208
-0.998563, 65, 15, 128, 30
-0.998563, 89, 215, 152, 230
-0.998563, 369, 27, 432, 42
-0.998563, 241, 205, 304, 220
-0.998565, 273, 207, 336, 222
-0.998565, 345, 209, 408, 224
-0.998569, 249, 231, 312, 246
-0.99857, 393, 25, 424, 40
-0.99857, 129, 209, 192, 224
-0.998571, 97, 15, 160, 30
-0.998573, 45, 15, 76, 30
-0.998573, 97, 1, 112, 128
-0.998573, 97, 85, 160, 100
-0.998574, 209, 187, 272, 202
-0.998574, 345, 215, 408, 230
-0.998575, 243, 1, 258, 128
-0.998576, 137, 193, 200, 208
-0.998579, 305, 29, 368, 44
-0.99858, 225, 179, 288, 194
-0.998581, 369, 199, 432, 214
-0.998581, 369, 243, 432, 258
-0.998581, 369, 117, 496, 148
-0.998582, 257, 27, 320, 42
-0.998583, 249, 181, 312, 196
-0.998583, 193, 209, 256, 224
-0.998585, 329, 189, 392, 204
-0.998586, 345, 201, 408, 216
-0.998586, 65, 201, 128, 216
-0.998588, 297, 211, 360, 226
-0.998588, 57, 21, 120, 36
-0.998588, 81, 21, 144, 36
-0.998588, 233, 187, 296, 202
-0.998588, 1, 31, 64, 46
-0.998589, 289, 179, 352, 194
-0.99859, 265, 215, 328, 230
-0.99859, 129, 217, 192, 232
-0.998592, 321, 29, 352, 44
-0.998592, 65, 213, 128, 228
-0.998593, 305, 217, 368, 232
-0.998595, 25, 113, 88, 128
-0.998597, 297, 101, 360, 116
-0.998598, 97, 199, 160, 214
-0.9986, 361, 235, 424, 250
-0.9986, 89, 209, 152, 224
-0.998601, 169, 221, 232, 236
-0.998601, 217, 241, 280, 256
-0.998601, 265, 159, 328, 174
-0.998602, 225, 217, 288, 232
-0.998604, 257, 91, 320, 106
-0.998604, 81, 79, 144, 94
-0.998604, 369, 215, 432, 230
-0.998604, 169, 21, 232, 36
-0.998604, 361, 21, 424, 36
-0.998605, 217, 229, 280, 244
-0.998606, 321, 211, 384, 226
-0.998606, 233, 23, 296, 38
-0.998607, 337, 237, 400, 252
-0.998607, 145, 25, 208, 40
-0.998607, 249, 237, 312, 252
-0.998609, 257, 111, 320, 126
-0.998609, 177, 235, 240, 250
-0.99861, 257, 133, 320, 148
-0.998612, 377, 205, 440, 220
-0.998613, 81, 225, 144, 240
-0.998613, 281, 25, 344, 40
-0.998614, 1, 117, 64, 132
-0.998614, 257, 171, 320, 186
-0.998614, 249, 225, 312, 240
-0.998615, 121, 231, 184, 246
-0.998616, 289, 173, 352, 188
-0.998618, 241, 39, 304, 54
-0.998618, 217, 95, 280, 110
-0.998618, 193, 201, 224, 216
-0.998619, 137, 181, 200, 196
-0.99862, 401, 21, 464, 36
-0.99862, 345, 221, 408, 236
-0.998622, 337, 19, 400, 34
-0.998622, 361, 229, 424, 244
-0.998622, 297, 19, 360, 34
-0.998622, 241, 199, 304, 214
-0.998623, 57, 207, 120, 222
-0.998623, 241, 139, 304, 154
-0.998624, 193, 245, 256, 260
-0.998624, 65, 187, 128, 202
-0.998624, 185, 215, 248, 230
-0.998624, 281, 133, 344, 148
-0.998625, 241, 117, 304, 132
-0.998625, 161, 245, 224, 260
-0.998626, 161, 13, 224, 28
-0.998626, 177, 197, 208, 212
-0.998627, 241, 17, 304, 32
-0.998627, 65, 121, 128, 136
-0.998627, 401, 205, 464, 220
-0.998628, 113, 125, 176, 140
-0.998628, 105, 79, 168, 94
-0.998628, 121, 237, 184, 252
-0.998629, 33, 191, 96, 206
-0.998631, 73, 73, 136, 88
-0.998636, 285, 17, 300, 144
-0.998643, 91, 1, 106, 128
-0.998653, 303, 17, 318, 144
-0.998675, 35, 1, 50, 128
-0.998687, 105, 161, 136, 288
-0.9987, 33, 229, 160, 260
-0.998709, 1, 73, 128, 104
-0.99871, 241, 1, 368, 32
-0.998713, 209, 197, 240, 212
-0.998716, 273, 117, 400, 148
-0.998729, 369, 229, 496, 260
-0.998732, 85, 1, 100, 128
-0.998737, 211, 1, 226, 128
-0.998742, 369, 89, 496, 120
-0.998745, 157, 1, 172, 128
-0.998748, 145, 89, 272, 120
-0.998761, 305, 41, 432, 104
-0.998765, 157, 19, 188, 34
-0.998767, 185, 1, 200, 128
-0.998775, 241, 137, 368, 168
-0.998786, 73, 1, 88, 128
-0.998786, 353, 1, 368, 128
-0.998791, 29, 65, 60, 192
-0.998804, 49, 93, 176, 124
-0.998809, 321, 241, 448, 272
-0.99881, 253, 1, 268, 128
-0.998813, 169, 81, 200, 208
-0.998832, 17, 121, 144, 152
-0.998848, 177, 153, 304, 184
-0.99885, 1, 225, 256, 288
-0.998853, 133, 49, 164, 176
-0.998853, 245, 209, 276, 333
-0.998857, 169, 19, 200, 34
-0.998863, 141, 1, 156, 128
-0.998869, 129, 145, 160, 272
-0.99888, 33, 19, 64, 34
-0.998884, 129, 23, 160, 38
-0.998884, 369, 13, 496, 44
-0.998918, 81, 15, 112, 30
-0.998927, 17, 61, 144, 92
-0.99893, 61, 1, 76, 128
-0.998937, 161, 5, 288, 36
-0.99894, 49, 49, 176, 80
-0.998946, 41, 1, 56, 128
-0.998955, 205, 1, 220, 128
-0.998957, 241, 241, 368, 272
-0.998961, 103, 1, 118, 128
-0.998974, 1, 17, 16, 144
-0.998982, 79, 1, 94, 128
-0.99899, 9, 17, 24, 144
-0.999, 47, 1, 62, 128
-0.999001, 17, 17, 32, 144
-0.999005, 445, 25, 476, 40
-0.999006, 219, 1, 234, 128
-0.999013, 261, 17, 276, 144
-0.999019, 369, 249, 496, 280
-0.999029, 173, 1, 188, 128
-0.999036, 167, 1, 182, 128
-0.999038, 193, 249, 320, 280
-0.999044, 23, 17, 38, 144
-0.999052, 225, 113, 352, 144
-0.999057, 233, 1, 248, 128
-0.999057, 317, 17, 332, 144
-0.999081, 113, 57, 240, 88
-0.999093, 269, 17, 284, 144
-0.999098, 49, 217, 176, 248
-0.999104, 53, 1, 68, 128
-0.999109, 33, 245, 160, 276
-0.999117, 329, 17, 344, 144
-0.999117, 311, 17, 326, 144
-0.999119, 179, 1, 194, 128
-0.999125, 225, 1, 240, 128
-0.999133, 129, 17, 144, 144
-0.999135, 453, 1, 468, 128
-0.999143, 129, 129, 256, 160
-0.999151, 191, 1, 206, 128
-0.999152, 135, 1, 150, 128
-0.999154, 67, 1, 82, 128
-0.999164, 199, 17, 214, 144
-0.999173, 121, 17, 136, 144
-0.99918, 217, 145, 232, 272
-0.999181, 347, 1, 362, 128
-0.999181, 293, 1, 308, 128
-0.999184, 335, 17, 350, 144
-0.999196, 29, 1, 44, 128
-0.999201, 269, 145, 284, 272
-0.999219, 475, 17, 490, 144
-0.999229, 279, 17, 294, 144
-0.999239, 115, 17, 130, 144
-0.999242, 97, 105, 224, 136
-0.999262, 469, 25, 500, 40
-0.999266, 255, 113, 270, 240
-0.999267, 173, 177, 188, 304
-0.999279, 289, 161, 416, 192
-0.999286, 323, 17, 338, 144
-0.999297, 179, 177, 194, 304
-0.999298, 1, 153, 256, 216
-0.999303, 463, 17, 478, 144
-0.999307, 147, 17, 162, 144
-0.999309, 483, 17, 498, 144
-0.99931, 341, 17, 356, 144
-0.999318, 81, 169, 208, 200
-0.999321, 337, 177, 368, 304
-0.999322, 81, 129, 208, 160
-0.999326, 109, 17, 124, 144
-0.999331, 405, 17, 420, 144
-0.999332, 97, 81, 352, 144
-0.999339, 391, 17, 406, 144
-0.999352, 399, 17, 414, 144
-0.999353, 289, 129, 304, 256
-0.999355, 369, 141, 496, 172
-0.999356, 33, 181, 160, 212
-0.999361, 1, 89, 128, 120
-0.99937, 385, 17, 400, 144
-0.999372, 341, 23, 372, 38
-0.999396, 447, 17, 462, 144
-0.999405, 257, 33, 288, 48
-0.999423, 469, 17, 484, 144
-0.999423, 117, 209, 132, 333
-0.999442, 413, 17, 428, 144
-0.999451, 369, 17, 384, 144
-0.99946, 33, 1, 160, 32
-0.99946, 161, 73, 288, 104
-0.999473, 147, 177, 162, 304
-0.999474, 425, 17, 440, 144
-0.999499, 375, 17, 390, 144
-0.9995, 225, 145, 240, 272
-0.999502, 1, 49, 128, 80
-0.999504, 419, 17, 434, 144
-0.999505, 359, 1, 374, 128
-0.999507, 437, 17, 452, 144
-0.99951, 193, 249, 448, 312
-0.999518, 97, 33, 224, 64
-0.999519, 263, 81, 278, 208
-0.999519, 431, 17, 446, 144
-0.999519, 123, 209, 138, 333
-0.999525, 377, 81, 408, 208
-0.999532, 277, 161, 292, 288
-0.999534, 49, 109, 176, 140
-0.999537, 249, 177, 264, 304
-0.999542, 243, 145, 258, 272
-0.99955, 369, 189, 496, 220
-0.999566, 209, 177, 224, 304
-0.999597, 213, 181, 228, 196
-0.999597, 191, 181, 206, 196
-0.999598, 153, 207, 168, 222
-0.999599, 249, 171, 264, 186
-0.9996, 161, 161, 176, 288
-0.999601, 189, 205, 204, 220
-0.999601, 265, 189, 280, 204
-0.999601, 251, 209, 266, 224
-0.999601, 375, 25, 390, 40
-0.999602, 83, 15, 98, 30
-0.999603, 431, 25, 446, 40
-0.999603, 293, 215, 308, 230
-0.999604, 443, 27, 458, 42
-0.999605, 171, 225, 186, 240
-0.999605, 115, 223, 130, 238
-0.999606, 75, 209, 90, 224
-0.999606, 11, 31, 26, 46
-0.999606, 119, 29, 134, 44
-0.999607, 105, 205, 120, 220
-0.999607, 147, 187, 162, 202
-0.999607, 205, 213, 220, 228
-0.999607, 299, 201, 314, 216
-0.999608, 121, 237, 136, 252
-0.999608, 97, 209, 112, 224
-0.999608, 181, 189, 196, 204
-0.99961, 253, 49, 268, 176
-0.99961, 303, 217, 318, 232
-0.999611, 233, 207, 248, 222
-0.999612, 223, 179, 238, 194
-0.999612, 21, 31, 36, 46
-0.999612, 269, 167, 284, 182
-0.999612, 75, 13, 90, 28
-0.999612, 239, 177, 254, 192
-0.999613, 145, 23, 160, 38
-0.999613, 281, 197, 296, 212
-0.999614, 101, 21, 116, 36
-0.999614, 341, 195, 356, 210
-0.999614, 193, 25, 208, 40
-0.999614, 203, 181, 218, 196
-0.999615, 339, 25, 354, 40
-0.999615, 173, 199, 188, 214
-0.999617, 199, 33, 214, 48
-0.999617, 233, 145, 248, 272
-0.999617, 251, 239, 266, 254
-0.999617, 173, 183, 188, 198
-0.999619, 293, 27, 308, 42
-0.999619, 241, 193, 256, 208
-0.99962, 59, 15, 74, 30
-0.999621, 239, 211, 254, 226
-0.999622, 97, 191, 112, 206
-0.999622, 155, 201, 170, 216
-0.999623, 437, 25, 452, 40
-0.999624, 239, 21, 254, 36
-0.999624, 75, 197, 90, 212
-0.999624, 165, 17, 180, 32
-0.999625, 185, 235, 200, 250
-0.999625, 89, 15, 104, 30
-0.999625, 293, 207, 308, 222
-0.999625, 175, 19, 190, 34
-0.999625, 457, 23, 472, 38
-0.999625, 333, 29, 348, 44
-0.999626, 151, 23, 166, 38
-0.999626, 215, 191, 230, 206
-0.999627, 193, 199, 208, 214
-0.999627, 183, 203, 198, 218
-0.999627, 127, 211, 142, 226
-0.999627, 159, 209, 174, 224
-0.999628, 193, 187, 208, 202
-0.999628, 253, 95, 268, 110
-0.999629, 101, 83, 116, 98
-0.999631, 475, 25, 490, 40
-0.999631, 211, 21, 226, 36
-0.999631, 183, 183, 198, 198
-0.999631, 261, 145, 276, 272
-0.999632, 311, 197, 326, 212
-0.999632, 231, 195, 246, 210
-0.999634, 399, 27, 414, 42
-0.999634, 47, 15, 62, 30
-0.999635, 279, 35, 294, 50
-0.999635, 303, 207, 318, 222
-0.999636, 303, 195, 318, 210
-0.999637, 271, 193, 286, 208
-0.999637, 215, 209, 230, 224
-0.999638, 225, 233, 240, 248
-0.999639, 109, 27, 124, 42
-0.999641, 393, 177, 408, 304
-0.999643, 125, 27, 140, 42
-0.999643, 257, 57, 500, 120
-0.999645, 187, 21, 202, 36
-0.999645, 391, 191, 406, 206
-0.999645, 233, 213, 248, 228
-0.999645, 267, 193, 282, 320
-0.999646, 279, 113, 294, 240
-0.999647, 299, 161, 314, 288
-0.999648, 99, 177, 114, 304
-0.999649, 119, 229, 134, 244
-0.999649, 359, 23, 374, 38
-0.999651, 251, 27, 266, 42
-0.999651, 203, 129, 218, 256
-0.999651, 139, 23, 154, 38
-0.999653, 27, 29, 42, 44
-0.999654, 131, 25, 146, 40
-0.999654, 285, 33, 300, 48
-0.999654, 287, 151, 302, 166
-0.999655, 201, 189, 216, 204
-0.999656, 323, 31, 338, 46
-0.999658, 269, 31, 284, 46
-0.999659, 215, 199, 230, 214
-0.99966, 69, 13, 84, 28
-0.99966, 159, 19, 174, 34
-0.999662, 5, 29, 20, 44
-0.999662, 263, 31, 278, 46
-0.999663, 223, 203, 238, 218
-0.999664, 345, 23, 360, 38
-0.999665, 387, 27, 402, 42
-0.999666, 341, 185, 356, 200
-0.999667, 95, 15, 110, 30
-0.999667, 223, 211, 238, 226
-0.999668, 393, 27, 408, 42
-0.999668, 181, 19, 196, 34
-0.999669, 245, 209, 260, 224
-0.99967, 185, 197, 200, 212
-0.99967, 253, 33, 268, 48
-0.99967, 305, 31, 320, 46
-0.999671, 167, 203, 182, 218
-0.999671, 353, 23, 368, 38
-0.999678, 369, 25, 384, 40
-0.999679, 153, 177, 168, 304
-0.999681, 407, 25, 422, 40
-0.999682, 53, 13, 68, 28
-0.999685, 167, 177, 182, 304
-0.999686, 257, 229, 272, 244
-0.999691, 485, 25, 500, 40
-0.999693, 73, 187, 88, 202
-0.999694, 279, 189, 294, 204
-0.999696, 35, 21, 50, 36
-0.999696, 121, 223, 136, 238
-0.999697, 161, 203, 176, 218
-0.999698, 295, 49, 310, 176
-0.999703, 75, 193, 90, 320
-0.999705, 193, 193, 208, 208
-0.999708, 41, 17, 56, 32
-0.999715, 305, 93, 432, 124
-0.999725, 161, 41, 416, 104
-0.999727, 305, 37, 432, 68
-0.999736, 145, 253, 272, 284
-0.999736, 1, 113, 256, 176
-0.999737, 187, 177, 202, 304
-0.999739, 259, 209, 274, 333
-0.999747, 311, 203, 326, 218
-0.99975, 451, 23, 466, 38
-0.999768, 97, 93, 224, 124
-0.999769, 343, 177, 358, 304
-0.999774, 205, 195, 220, 210
-0.999779, 113, 45, 240, 76
-0.999783, 341, 129, 372, 256
-0.999796, 285, 81, 300, 208
-0.999796, 321, 253, 448, 284
-0.999799, 387, 177, 402, 304
-0.999812, 171, 129, 186, 256
-0.999815, 249, 97, 264, 224
-0.999824, 193, 141, 320, 172
-0.999824, 1, 153, 128, 216
-0.999832, 309, 177, 324, 304
-0.999843, 321, 117, 448, 148
-0.999861, 243, 97, 258, 224
-0.999866, 141, 177, 156, 304
-0.999871, 203, 177, 218, 304
-0.999871, 13, 65, 44, 192
-0.999878, 255, 161, 270, 288
-0.999887, 101, 97, 132, 224
-0.999888, 161, 209, 176, 333
-0.99989, 215, 193, 230, 320
-0.99989, 399, 193, 414, 320
-0.99989, 283, 161, 298, 288
-0.999897, 299, 113, 314, 240
-0.999943, 353, 101, 480, 132
-0.999946, 97, 65, 112, 192
-0.99995, 189, 195, 220, 210
-0.999952, 181, 129, 196, 256
-0.999962, 209, 129, 224, 256
-0.999962, 1, 261, 128, 292
-0.999963, 223, 193, 238, 320
-0.99997, 93, 177, 108, 304
-0.999975, 229, 193, 244, 320
-0.999999, 407, 193, 422, 320
-1, 131, 209, 146, 333
-1, 81, 177, 96, 304
-1.00001, 309, 65, 324, 192
-1.00001, 289, 1, 416, 32
-1.00001, 469, 65, 500, 192
-1.00002, 107, 177, 122, 304
-1.00002, 337, 177, 352, 304
-1.00002, 103, 49, 118, 176
-1.00003, 321, 177, 448, 208
-1.00003, 189, 129, 204, 256
-1.00004, 337, 49, 464, 80
-1.00008, 413, 113, 444, 240
-1.00016, 129, 157, 256, 188
-1.00017, 273, 253, 400, 284
-1.00017, 321, 81, 448, 112
-1.00018, 49, 33, 176, 64
-1.00023, 321, 265, 448, 296
-1.00023, 193, 81, 448, 144
-1.00025, 305, 65, 432, 96
-1.00025, 369, 137, 496, 200
-1.00026, 161, 45, 288, 76
-1.00027, 325, 177, 356, 304
-1.0003, 425, 81, 456, 208
-1.00033, 37, 113, 68, 240
-1.00037, 33, 169, 160, 200
-1.00039, 289, 149, 416, 180
-1.0004, 457, 81, 488, 208
-1.00041, 369, 37, 496, 68
-1.00043, 369, 265, 496, 296
-1.00046, 369, 77, 496, 108
-1.00047, 117, 161, 148, 288
-1.00048, 1, 273, 128, 304
-1.0005, 1, 37, 128, 68
-1.0005, 49, 257, 176, 288
-1.00056, 49, 289, 176, 320
-1.00059, 49, 277, 176, 308
-1.00066, 117, 113, 148, 240
-1.00066, 1, 249, 256, 312
-1.00069, 1, 129, 500, 192
-1.0008, 1, 241, 500, 304
-1.00083, 49, 265, 176, 328
-1.00086, 1, 41, 500, 104
-1.00089, 97, 257, 352, 320
-1.00112, 161, 265, 288, 328
-1.00114, 425, 129, 456, 256
-1.00151, 49, 49, 80, 176
-1.00154, 433, 161, 496, 288
-1.00179, 21, 113, 52, 240
-1.00183, 353, 177, 384, 304
-1.0019, 365, 81, 396, 208
-1.00194, 469, 113, 500, 240
-1.00196, 1, 81, 500, 144
-1.00197, 305, 265, 432, 328
-1.00199, 257, 273, 500, 333
-1.0021, 369, 273, 496, 333
-1.00215, 53, 161, 84, 288
-1.00221, 89, 113, 120, 240
-1.00223, 437, 129, 468, 256
-1.00229, 69, 145, 100, 272
-1.00237, 113, 265, 240, 328
-1.0025, 1, 273, 256, 333
-1.00253, 349, 65, 380, 192
-1.00259, 445, 81, 476, 208
-1.00261, 241, 273, 368, 333
-1.00269, 257, 249, 384, 312
-1.00273, 305, 129, 336, 256
-1.00313, 405, 65, 436, 192
-1.00336, 421, 177, 452, 304
-1.00349, 1, 265, 500, 328
-1.00351, 329, 129, 360, 256
-1.00393, 449, 129, 480, 256
-1.00401, 9, 113, 40, 240
