1960
-0.322572, 193, 1, 448, 375
-0.351794, 1, 1, 500, 375
-0.383831, 1, 129, 500, 375
-0.432889, 97, 1, 352, 375
-0.490867, 1, 33, 500, 288
-0.551938, 193, 33, 448, 288
-0.648515, 97, 129, 352, 375
-0.685114, 1, 1, 256, 375
-0.698605, 97, 33, 352, 288
-0.700746, 257, 129, 500, 375
-0.774713, 1, 129, 256, 375
-0.829039, 305, 1, 432, 375
-0.832288, 257, 1, 384, 375
-0.833769, 145, 1, 272, 375
-0.847062, 193, 1, 320, 375
-0.851383, 257, 65, 384, 320
-0.852714, 161, 97, 288, 352
-0.854842, 353, 1, 480, 375
-0.867242, 321, 33, 448, 288
-0.869315, 1, 1, 256, 256
-0.875732, 177, 1, 304, 256
-0.880165, 113, 129, 240, 375
-0.880585, 337, 129, 464, 375
-0.880687, 1, 161, 500, 288
-0.890454, 97, 1, 224, 375
-0.893499, 1, 209, 500, 336
-0.895996, 209, 97, 336, 352
-0.898667, 193, 65, 448, 192
-0.899098, 369, 33, 496, 288
-0.900515, 113, 33, 240, 288
-0.910423, 1, 113, 500, 240
-0.913312, 1, 49, 500, 176
-0.921011, 65, 129, 192, 375
-0.924352, 17, 129, 144, 375
-0.924597, 97, 209, 352, 336
-0.924869, 193, 129, 448, 256
-0.927342, 97, 49, 352, 176
-0.930155, 1, 209, 256, 336
-0.930919, 257, 17, 500, 144
-0.933397, 65, 161, 320, 288
-0.933689, 257, 177, 500, 304
-0.935192, 161, 161, 288, 288
-0.935717, 161, 49, 288, 176
-0.936455, 113, 177, 240, 304
-0.936681, 177, 49, 240, 176
-0.937648, 193, 225, 448, 352
-0.938937, 329, 145, 392, 272
-0.939321, 65, 33, 192, 288
-0.939553, 217, 81, 280, 208
-0.94175, 289, 161, 416, 288
-0.942004, 337, 161, 464, 288
-0.942593, 209, 81, 336, 208
-0.944902, 177, 145, 240, 272
-0.945452, 257, 65, 384, 192
-0.945904, 161, 113, 288, 240
-0.946086, 97, 97, 352, 224
-0.946382, 353, 161, 416, 288
-0.947334, 377, 129, 440, 256
-0.948801, 337, 113, 464, 240
-0.950736, 161, 209, 288, 336
-0.951015, 241, 129, 368, 256
-0.951645, 265, 49, 328, 176
-0.951768, 417, 49, 480, 176
-0.951839, 113, 65, 240, 192
-0.95235, 305, 49, 432, 176
-0.953641, 353, 1, 480, 128
-0.953806, 1, 1, 500, 128
-0.954066, 433, 1, 496, 128
-0.95423, 337, 185, 400, 248
-0.954581, 137, 193, 200, 320
-0.956287, 33, 1, 160, 375
-0.957129, 113, 193, 176, 320
-0.95791, 337, 209, 464, 336
-0.958235, 377, 177, 440, 304
-0.958378, 177, 153, 240, 216
-0.958437, 377, 1, 440, 128
-0.958444, 161, 1, 416, 128
-0.958507, 113, 225, 240, 352
-0.958706, 377, 81, 440, 208
-0.958719, 49, 209, 176, 336
-0.958974, 177, 209, 240, 336
-0.960505, 209, 33, 336, 160
-0.960565, 329, 153, 392, 216
-0.961218, 297, 49, 360, 176
-0.961471, 217, 81, 280, 144
-0.961577, 353, 161, 416, 224
-0.961742, 233, 33, 296, 160
-0.962386, 177, 97, 240, 224
-0.962415, 241, 241, 304, 368
-0.962606, 137, 81, 200, 208
-0.962883, 409, 1, 472, 128
-0.963011, 241, 209, 368, 336
-0.963026, 377, 161, 440, 224
-0.963383, 113, 113, 240, 240
-0.96386, 297, 161, 360, 288
-0.963914, 345, 209, 408, 336
-0.964743, 417, 1, 480, 64
-0.964777, 217, 129, 280, 256
-0.965378, 177, 193, 240, 256
-0.965509, 377, 185, 440, 248
-0.965538, 241, 57, 304, 120
-0.966359, 145, 193, 208, 256
-0.966412, 201, 241, 264, 368
-0.966914, 353, 49, 416, 176
-0.967122, 377, 49, 440, 112
-0.967675, 177, 57, 240, 120
-0.967699, 105, 193, 168, 256
-0.967808, 225, 281, 288, 344
-0.967901, 377, 241, 440, 368
-0.968122, 353, 57, 416, 120
-0.968143, 417, 49, 480, 112
-0.968339, 217, 129, 280, 192
-0.968361, 377, 73, 440, 136
-0.96845, 305, 57, 432, 120
-0.968525, 297, 161, 360, 224
-0.96853, 1, 49, 256, 176
-0.968545, 1, 33, 128, 288
-0.969139, 145, 241, 208, 368
-0.969233, 313, 57, 376, 120
-0.969344, 313, 193, 376, 256
-0.969353, 377, 137, 440, 200
-0.969369, 217, 177, 280, 304
-0.969375, 49, 193, 112, 256
-0.969869, 97, 193, 224, 256
-0.970102, 49, 161, 176, 288
-0.970454, 177, 97, 240, 160
-0.970505, 161, 57, 288, 120
-0.970896, 177, 129, 240, 192
-0.970937, 153, 129, 216, 256
-0.971205, 361, 145, 392, 272
-0.971233, 105, 241, 168, 368
-0.971273, 265, 193, 328, 320
-0.971436, 377, 161, 408, 288
-0.971449, 353, 49, 480, 176
-0.971501, 1, 225, 128, 352
-0.971503, 161, 177, 288, 240
-0.971512, 25, 193, 88, 256
-0.971833, 217, 57, 280, 120
-0.971911, 289, 209, 416, 336
-0.972147, 177, 257, 240, 320
-0.972198, 201, 257, 264, 320
-0.9722, 201, 281, 264, 344
-0.972258, 393, 17, 456, 80
-0.972341, 337, 185, 464, 248
-0.972381, 241, 305, 304, 368
-0.972473, 113, 217, 240, 280
-0.972534, 305, 1, 432, 128
-0.972574, 321, 193, 384, 320
-0.972634, 65, 209, 128, 336
-0.972944, 281, 49, 344, 112
-0.973118, 137, 217, 200, 280
-0.973134, 401, 97, 464, 224
-0.973216, 161, 89, 288, 152
-0.973253, 177, 33, 240, 288
-0.973272, 341, 145, 372, 272
-0.973357, 217, 169, 280, 232
-0.973363, 377, 65, 440, 320
-0.973427, 353, 209, 416, 272
-0.973702, 177, 153, 304, 216
-0.973747, 321, 33, 384, 160
-0.973758, 145, 273, 208, 336
-0.973801, 377, 217, 440, 280
-0.973899, 165, 49, 196, 176
-0.973919, 337, 97, 400, 224
-0.973963, 241, 57, 368, 120
-0.974021, 209, 129, 240, 256
-0.974133, 417, 161, 480, 288
-0.974265, 373, 169, 404, 232
-0.974307, 217, 97, 280, 352
-0.974328, 249, 265, 312, 328
-0.974799, 257, 129, 320, 256
-0.974799, 409, 209, 472, 336
-0.974924, 73, 193, 136, 256
-0.97498, 417, 1, 480, 256
-0.975009, 65, 217, 128, 280
-0.975178, 433, 25, 496, 88
-0.975257, 217, 105, 280, 168
-0.975429, 177, 233, 240, 296
-0.975488, 269, 49, 300, 176
-0.975658, 329, 129, 392, 375
-0.975751, 257, 17, 384, 144
-0.975864, 161, 129, 288, 192
-0.975947, 33, 225, 96, 352
-0.976084, 289, 113, 352, 240
-0.976108, 153, 65, 216, 128
-0.976168, 377, 105, 440, 168
-0.976287, 145, 257, 272, 320
-0.97651, 313, 33, 376, 288
-0.976548, 257, 161, 384, 224
-0.976636, 337, 209, 464, 272
-0.976656, 289, 33, 352, 288
-0.976682, 177, 129, 240, 375
-0.976757, 201, 33, 264, 160
-0.976834, 33, 193, 160, 256
-0.976981, 361, 177, 392, 240
-0.977003, 349, 177, 380, 240
-0.977016, 1, 177, 128, 304
-0.977016, 185, 49, 216, 176
-0.97711, 353, 129, 416, 375
-0.977298, 65, 1, 320, 128
-0.977341, 177, 209, 304, 272
-0.977423, 369, 145, 400, 208
-0.977448, 289, 193, 416, 256
-0.977468, 365, 193, 396, 320
-0.977476, 137, 33, 200, 160
-0.977534, 137, 89, 200, 152
-0.97764, 265, 33, 328, 288
-0.977644, 465, 1, 496, 128
-0.977722, 1, 225, 64, 352
-0.977778, 193, 289, 320, 352
-0.977964, 257, 81, 320, 144
-0.978023, 1, 97, 256, 224
-0.97818, 337, 33, 400, 288
-0.978227, 17, 225, 144, 288
-0.978409, 1, 193, 64, 256
-0.97841, 161, 1, 288, 128
-0.978476, 273, 1, 336, 128
-0.978609, 205, 49, 236, 176
-0.97861, 305, 161, 432, 224
-0.978672, 33, 217, 96, 280
-0.978684, 257, 185, 320, 248
-0.978725, 145, 169, 208, 232
-0.978733, 97, 241, 224, 304
-0.978881, 353, 153, 384, 216
-0.978972, 209, 81, 336, 144
-0.979034, 353, 137, 416, 200
-0.979162, 105, 217, 168, 280
-0.979192, 353, 1, 416, 128
-0.979418, 465, 25, 496, 88
-0.979453, 129, 153, 256, 216
-0.979464, 241, 185, 368, 248
-0.979594, 177, 233, 304, 296
-0.979681, 377, 257, 440, 320
-0.97976, 337, 137, 464, 200
-0.979908, 217, 225, 280, 288
-0.97994, 105, 145, 168, 272
-0.980001, 209, 145, 240, 208
-0.980013, 165, 65, 196, 128
-0.980115, 145, 129, 208, 375
-0.980154, 369, 161, 496, 224
-0.980236, 177, 1, 240, 375
-0.980251, 265, 57, 296, 120
-0.980341, 113, 289, 176, 352
-0.980451, 105, 257, 168, 320
-0.980473, 273, 153, 336, 216
-0.980569, 1, 177, 64, 304
-0.980581, 149, 177, 180, 304
-0.980603, 205, 169, 236, 232
-0.980615, 149, 193, 180, 256
-0.980656, 113, 89, 240, 152
-0.980708, 405, 17, 436, 144
-0.980935, 281, 73, 344, 136
-0.981092, 305, 1, 368, 375
-0.981116, 409, 81, 472, 144
-0.981184, 389, 161, 420, 288
-0.981237, 217, 1, 280, 375
-0.981267, 377, 193, 408, 256
-0.981292, 353, 233, 416, 296
-0.981382, 265, 313, 328, 375
-0.981572, 201, 209, 232, 336
-0.981574, 333, 153, 364, 216
-0.981656, 369, 25, 432, 88
-0.981661, 113, 65, 240, 128
-0.98169, 433, 241, 496, 368
-0.98169, 185, 305, 248, 368
-0.981698, 465, 1, 496, 64
-0.981741, 233, 1, 296, 256
-0.981755, 305, 137, 368, 200
-0.981761, 257, 129, 320, 192
-0.981773, 225, 81, 256, 208
-0.981804, 265, 1, 328, 375
-0.98185, 137, 121, 200, 184
-0.981944, 289, 113, 416, 240
-0.98197, 177, 1, 240, 128
-0.981991, 145, 33, 208, 288
-0.981992, 25, 177, 88, 304
-0.982002, 417, 1, 480, 375
-0.982128, 245, 57, 276, 120
-0.982176, 353, 1, 416, 375
-0.982178, 409, 105, 472, 168
-0.982303, 353, 57, 480, 120
-0.982395, 405, 49, 436, 112
-0.982415, 337, 193, 368, 256
-0.982453, 193, 193, 224, 256
-0.982461, 409, 249, 472, 312
-0.982533, 25, 281, 88, 344
-0.982537, 237, 281, 268, 344
-0.98259, 409, 97, 440, 224
-0.982614, 33, 257, 160, 320
-0.982631, 425, 49, 456, 176
-0.982636, 385, 153, 416, 216
-0.982693, 241, 209, 368, 272
-0.982758, 377, 1, 440, 375
-0.982828, 353, 81, 416, 144
-0.98284, 129, 65, 192, 128
-0.982877, 305, 129, 368, 375
-0.982903, 193, 265, 320, 328
-0.982922, 249, 81, 280, 144
-0.982982, 257, 81, 384, 144
-0.98303, 169, 185, 200, 248
-0.983044, 57, 193, 88, 256
-0.983064, 305, 81, 432, 144
-0.983099, 137, 193, 168, 256
-0.983201, 253, 305, 284, 368
-0.983266, 161, 89, 192, 152
-0.983276, 217, 169, 248, 232
-0.983292, 325, 57, 356, 120
-0.983303, 209, 57, 240, 120
-0.983325, 249, 49, 280, 176
-0.983334, 389, 185, 420, 248
-0.983343, 81, 17, 208, 144
-0.983409, 253, 281, 284, 344
-0.983414, 265, 209, 328, 272
-0.983488, 241, 81, 304, 208
-0.983533, 373, 113, 404, 240
-0.98355, 113, 129, 240, 192
-0.983557, 1, 257, 64, 320
-0.983614, 185, 169, 216, 232
-0.983662, 241, 137, 368, 200
-0.983669, 361, 201, 392, 264
-0.983737, 337, 189, 400, 220
-0.983743, 417, 177, 480, 240
-0.983775, 229, 81, 260, 144
-0.98378, 73, 161, 136, 288
-0.983804, 337, 33, 464, 96
-0.98383, 97, 273, 224, 336
-0.983847, 177, 313, 304, 375
-0.983871, 225, 273, 256, 336
-0.983893, 201, 233, 232, 296
-0.984024, 409, 105, 440, 168
-0.984038, 233, 57, 264, 120
-0.984043, 353, 1, 480, 64
-0.984079, 137, 297, 200, 360
-0.984092, 253, 241, 284, 368
-0.9841, 293, 49, 324, 176
-0.984117, 73, 273, 136, 336
-0.984117, 77, 193, 108, 256
-0.984161, 329, 145, 360, 272
-0.984235, 217, 201, 280, 264
-0.984262, 265, 241, 328, 304
-0.984441, 385, 49, 416, 112
-0.98445, 405, 73, 436, 136
-0.984509, 401, 97, 464, 352
-0.984517, 317, 49, 348, 176
-0.984546, 205, 193, 236, 256
-0.984617, 329, 1, 392, 375
-0.984619, 153, 249, 216, 312
-0.984632, 181, 57, 212, 120
-0.984651, 281, 49, 312, 176
-0.984723, 105, 129, 168, 375
-0.984746, 41, 193, 72, 256
-0.98475, 73, 249, 136, 312
-0.98476, 377, 313, 440, 375
-0.98478, 113, 193, 144, 256
-0.984848, 89, 193, 120, 256
-0.984981, 325, 201, 356, 264
-0.985009, 197, 161, 228, 288
-0.985025, 417, 201, 480, 264
-0.985074, 217, 305, 280, 368
-0.985094, 449, 49, 480, 112
-0.9851, 433, 113, 496, 240
-0.985121, 125, 193, 156, 256
-0.985163, 93, 217, 124, 280
-0.985202, 405, 25, 436, 88
-0.985246, 265, 241, 296, 368
-0.985349, 153, 1, 216, 375
-0.985434, 145, 281, 272, 344
-0.98544, 217, 241, 248, 368
-0.985474, 369, 1, 432, 64
-0.985486, 425, 33, 456, 96
-0.985493, 185, 161, 216, 288
-0.985515, 33, 249, 96, 312
-0.985523, 401, 313, 464, 375
-0.985533, 165, 97, 196, 224
-0.985538, 101, 193, 132, 256
-0.985565, 65, 217, 192, 280
-0.985586, 425, 1, 456, 128
-0.985637, 205, 257, 236, 320
-0.985696, 33, 129, 96, 375
-0.985703, 277, 297, 308, 360
-0.985771, 137, 145, 200, 208
-0.985779, 241, 177, 304, 304
-0.985829, 425, 1, 456, 64
-0.985835, 337, 233, 464, 296
-0.985851, 281, 185, 344, 248
-0.985897, 409, 129, 472, 192
-0.985964, 177, 281, 240, 344
-0.985974, 29, 193, 60, 256
-0.985983, 273, 25, 336, 88
-0.986024, 221, 57, 252, 120
-0.986052, 257, 129, 320, 375
-0.986063, 409, 225, 472, 288
-0.986119, 289, 305, 352, 368
-0.98612, 405, 1, 436, 64
-0.986158, 81, 169, 208, 232
-0.986179, 305, 217, 368, 280
-0.986266, 297, 209, 360, 336
-0.98629, 177, 165, 240, 196
-0.986317, 329, 217, 392, 280
-0.986479, 65, 129, 128, 375
-0.986491, 369, 281, 432, 344
-0.986511, 197, 145, 228, 208
-0.986519, 137, 177, 168, 304
-0.986537, 417, 153, 480, 216
-0.986566, 409, 177, 440, 240
-0.986581, 209, 1, 272, 256
-0.986607, 281, 57, 312, 120
-0.986614, 313, 153, 344, 216
-0.986699, 209, 281, 240, 344
-0.98674, 217, 85, 280, 116
-0.986754, 269, 161, 300, 224
-0.986779, 425, 89, 456, 152
-0.986788, 425, 57, 456, 120
-0.986834, 193, 57, 224, 120
-0.986842, 409, 137, 440, 200
-0.986933, 189, 225, 220, 288
-0.986952, 97, 225, 128, 352
-0.986991, 309, 57, 340, 120
-0.986997, 49, 113, 176, 240
-0.987031, 345, 201, 408, 232
-0.987039, 225, 257, 288, 320
-0.987077, 257, 65, 500, 128
-0.987122, 181, 193, 212, 256
-0.98716, 189, 257, 220, 320
-0.987168, 445, 1, 476, 64
-0.987203, 145, 217, 176, 280
-0.98722, 185, 145, 216, 208
-0.987255, 361, 57, 392, 120
-0.987264, 345, 193, 376, 320
-0.987287, 129, 129, 192, 256
-0.987288, 405, 273, 436, 336
-0.987293, 377, 185, 440, 216
-0.987302, 257, 105, 320, 168
-0.987323, 221, 129, 252, 192
-0.987384, 121, 169, 184, 232
-0.987488, 369, 81, 496, 144
-0.987568, 1, 217, 64, 280
-0.987582, 1, 281, 64, 344
-0.98762, 337, 57, 368, 120
-0.987664, 9, 193, 40, 256
-0.987677, 49, 161, 112, 288
-0.987695, 329, 193, 360, 320
-0.987715, 337, 113, 464, 176
-0.98773, 269, 81, 300, 144
-0.987731, 437, 49, 468, 112
-0.987766, 321, 33, 384, 96
-0.987786, 145, 281, 176, 344
-0.987845, 169, 161, 200, 288
-0.987851, 349, 57, 380, 120
-0.987866, 289, 313, 320, 375
-0.987901, 265, 297, 296, 360
-0.987904, 273, 185, 304, 248
-0.987906, 189, 209, 220, 336
-0.987914, 389, 73, 420, 136
-0.987977, 377, 197, 440, 228
-0.988015, 65, 65, 192, 192
-0.988032, 209, 113, 336, 176
-0.988054, 221, 249, 252, 312
-0.988067, 297, 1, 360, 128
-0.988113, 77, 217, 108, 280
-0.988124, 377, 165, 440, 196
-0.988134, 145, 169, 176, 232
-0.988154, 269, 137, 300, 200
-0.988166, 409, 201, 440, 264
-0.988179, 373, 49, 404, 112
-0.988209, 61, 217, 92, 280
-0.98821, 349, 209, 380, 272
-0.988216, 177, 153, 240, 184
-0.988225, 445, 25, 476, 88
-0.988256, 45, 217, 76, 280
-0.988261, 209, 121, 240, 184
-0.98829, 17, 281, 144, 344
-0.98831, 265, 273, 296, 336
-0.988312, 337, 265, 464, 328
-0.988412, 313, 97, 376, 224
-0.988441, 257, 233, 384, 296
-0.988445, 241, 297, 368, 360
-0.988468, 101, 257, 132, 320
-0.988546, 433, 305, 496, 368
-0.988583, 129, 1, 192, 375
-0.988589, 409, 225, 440, 288
-0.988592, 241, 1, 304, 375
-0.988614, 345, 177, 408, 208
-0.98862, 1, 129, 64, 256
-0.988652, 173, 161, 204, 224
-0.988683, 377, 217, 408, 280
-0.988688, 281, 81, 312, 144
-0.988738, 161, 65, 224, 96
-0.988745, 229, 33, 260, 160
-0.988748, 177, 209, 240, 240
-0.98878, 265, 241, 328, 368
-0.988786, 273, 177, 304, 304
-0.988791, 253, 257, 284, 320
-0.988804, 393, 113, 424, 240
-0.988821, 225, 33, 288, 96
-0.98884, 321, 241, 384, 368
-0.988863, 221, 297, 252, 360
-0.988886, 241, 33, 368, 96
-0.988934, 157, 273, 188, 336
-0.988942, 397, 161, 428, 224
-0.988953, 161, 209, 192, 272
-0.988979, 269, 241, 300, 304
-0.989001, 425, 217, 456, 280
-0.989023, 253, 185, 284, 248
-0.989025, 1, 129, 128, 256
-0.989041, 1, 169, 64, 232
-0.989047, 305, 49, 336, 176
-0.989048, 345, 33, 408, 96
-0.989049, 1, 129, 64, 375
-0.989062, 389, 209, 420, 272
-0.989081, 425, 185, 456, 248
-0.989088, 169, 193, 232, 224
-0.9891, 409, 241, 440, 368
-0.989106, 37, 249, 68, 312
-0.989114, 241, 265, 368, 328
-0.98913, 217, 193, 248, 256
-0.98914, 433, 1, 496, 32
-0.989143, 297, 81, 328, 144
-0.989146, 445, 1, 476, 128
-0.989218, 145, 193, 208, 224
-0.989225, 177, 177, 240, 208
-0.989235, 33, 217, 64, 280
-0.989251, 269, 105, 300, 168
-0.989253, 377, 77, 440, 108
-0.98926, 425, 161, 456, 224
-0.989283, 225, 105, 256, 168
-0.989291, 389, 129, 420, 192
-0.989316, 309, 81, 340, 144
-0.989362, 313, 153, 376, 184
-0.989363, 221, 161, 252, 288
-0.989404, 21, 233, 52, 296
-0.989441, 293, 57, 324, 120
-0.989443, 273, 209, 304, 272
-0.989463, 101, 281, 132, 344
-0.989465, 117, 217, 148, 280
-0.989473, 281, 65, 344, 96
-0.989479, 161, 57, 416, 120
-0.989482, 385, 33, 416, 160
-0.989487, 113, 17, 176, 144
-0.98956, 65, 169, 128, 232
-0.989578, 193, 169, 448, 232
-0.98963, 353, 257, 416, 320
-0.989649, 353, 57, 416, 88
-0.989667, 33, 193, 288, 256
-0.98981, 1, 177, 500, 240
-0.989818, 233, 61, 296, 92
-0.989846, 417, 57, 480, 88
-0.989854, 337, 153, 400, 184
-0.989977, 393, 49, 456, 80
-0.990014, 401, 273, 464, 336
-0.990027, 417, 25, 480, 56
-0.990043, 281, 129, 344, 375
-0.990067, 121, 197, 184, 228
-0.99014, 321, 57, 384, 88
-0.990143, 313, 197, 376, 228
-0.990185, 445, 49, 476, 176
-0.990229, 305, 81, 368, 144
-0.990257, 393, 65, 456, 96
-0.990297, 241, 161, 304, 224
-0.99032, 409, 161, 440, 288
-0.990372, 377, 153, 440, 184
-0.990417, 417, 13, 480, 44
-0.990466, 217, 133, 280, 164
-0.990478, 401, 329, 464, 360
-0.990488, 117, 193, 148, 320
-0.990496, 217, 177, 280, 208
-0.990508, 153, 281, 216, 312
-0.990591, 241, 297, 304, 328
-0.99062, 193, 145, 448, 208
-0.990641, 177, 141, 240, 172
-0.990647, 177, 129, 240, 160
-0.990698, 433, 97, 496, 352
-0.990742, 417, 41, 480, 72
-0.990769, 1, 193, 32, 320
-0.990784, 329, 49, 360, 176
-0.990822, 389, 209, 420, 336
-0.990836, 377, 209, 408, 336
-0.990893, 145, 213, 208, 244
-0.990906, 177, 93, 240, 124
-0.990922, 209, 297, 272, 328
-0.990933, 193, 89, 448, 152
-0.990965, 129, 41, 192, 104
-0.991079, 337, 165, 400, 196
-0.991083, 313, 181, 376, 212
-0.991137, 265, 289, 328, 352
-0.991144, 385, 209, 448, 240
-0.991156, 25, 169, 88, 232
-0.991171, 97, 169, 160, 232
-0.991187, 217, 273, 280, 304
-0.991211, 369, 169, 400, 200
-0.99128, 177, 117, 240, 148
-0.991288, 349, 185, 380, 216
-0.991292, 201, 285, 264, 316
-0.991297, 353, 313, 480, 375
-0.991297, 345, 97, 376, 224
-0.991313, 377, 221, 440, 252
-0.991329, 257, 77, 320, 108
-0.99133, 217, 165, 280, 196
-0.991331, 345, 213, 408, 244
-0.991367, 97, 297, 224, 360
-0.991395, 189, 113, 220, 240
-0.991397, 177, 209, 208, 336
-0.991423, 393, 37, 456, 68
-0.991436, 273, 53, 336, 84
-0.991467, 209, 145, 272, 176
-0.991485, 49, 273, 112, 336
-0.991492, 313, 129, 344, 256
-0.991502, 97, 313, 160, 375
-0.991504, 161, 269, 224, 300
-0.991576, 1, 169, 128, 232
-0.991602, 137, 337, 200, 368
-0.991616, 269, 129, 300, 256
-0.991664, 289, 137, 416, 200
-0.991683, 433, 225, 496, 288
-0.991698, 433, 337, 496, 368
-0.991707, 369, 185, 400, 216
-0.991818, 377, 89, 440, 120
-0.991834, 217, 113, 280, 144
-0.991843, 177, 105, 240, 136
-0.991857, 129, 85, 192, 116
-0.991887, 217, 97, 280, 128
-0.991907, 1, 1, 64, 256
-0.991926, 233, 309, 296, 340
-0.991984, 329, 129, 392, 192
-0.991993, 409, 1, 472, 32
-0.991995, 363, 177, 378, 240
-0.992057, 425, 193, 456, 320
-0.99208, 97, 285, 160, 316
-0.992086, 177, 229, 240, 260
-0.992091, 377, 105, 440, 136
-0.992109, 377, 233, 440, 264
-0.992113, 121, 1, 184, 256
-0.992134, 425, 97, 456, 224
-0.992134, 433, 249, 496, 312
-0.99216, 65, 233, 128, 264
-0.992183, 257, 149, 320, 180
-0.992211, 49, 313, 176, 375
-0.992247, 265, 185, 328, 216
-0.992267, 257, 41, 500, 104
-0.992279, 185, 265, 248, 296
-0.992282, 281, 77, 344, 108
-0.992322, 113, 273, 176, 304
-0.992326, 297, 165, 360, 196
-0.99236, 361, 97, 392, 224
-0.992365, 177, 253, 240, 284
-0.992378, 433, 113, 496, 176
-0.992379, 377, 137, 440, 168
-0.992385, 369, 197, 400, 228
-0.992435, 465, 33, 496, 64
-0.992445, 341, 197, 372, 228
-0.99245, 97, 197, 160, 228
-0.992469, 393, 13, 456, 44
-0.99247, 201, 193, 232, 224
-0.99249, 257, 201, 500, 264
-0.992521, 65, 217, 320, 280
-0.992556, 209, 61, 272, 92
-0.992564, 229, 241, 260, 368
-0.992573, 1, 33, 64, 160
-0.992582, 353, 85, 416, 116
-0.992636, 177, 81, 240, 112
-0.992655, 381, 185, 412, 216
-0.992659, 105, 213, 168, 244
-0.992663, 353, 197, 384, 228
-0.992666, 213, 145, 244, 176
-0.992679, 381, 169, 412, 200
-0.992686, 393, 25, 456, 56
-0.992686, 313, 69, 376, 100
-0.992712, 193, 113, 448, 176
-0.992715, 221, 145, 236, 208
-0.992756, 97, 81, 352, 144
-0.992768, 265, 201, 328, 232
-0.992797, 357, 173, 388, 204
-0.992823, 305, 61, 432, 92
-0.992845, 189, 193, 220, 224
-0.992848, 313, 153, 344, 184
-0.992856, 209, 169, 240, 200
-0.992857, 217, 189, 280, 220
-0.992863, 353, 113, 416, 176
-0.992866, 377, 1, 440, 32
-0.992879, 177, 241, 240, 272
-0.99288, 165, 65, 196, 96
-0.992894, 149, 193, 180, 224
-0.992905, 353, 237, 416, 268
-0.992907, 329, 241, 392, 304
-0.992916, 161, 89, 192, 120
-0.992936, 349, 153, 380, 184
-0.992973, 129, 193, 384, 256
-0.992979, 65, 217, 128, 248
-0.99299, 233, 293, 264, 324
-0.993002, 225, 273, 256, 304
-0.993008, 325, 153, 356, 184
-0.993014, 465, 17, 496, 48
-0.993022, 305, 1, 432, 64
-0.993025, 145, 293, 208, 324
-0.993028, 153, 49, 184, 176
-0.993045, 353, 69, 416, 100
-0.993045, 73, 197, 136, 228
-0.993057, 249, 85, 280, 116
-0.993065, 385, 153, 400, 216
-0.993069, 289, 153, 352, 184
-0.993087, 193, 33, 320, 96
-0.993088, 1, 153, 500, 216
-0.993091, 217, 33, 248, 160
-0.993095, 261, 61, 292, 92
-0.993119, 425, 241, 456, 368
-0.993124, 369, 45, 432, 76
-0.993143, 257, 309, 320, 340
-0.993143, 405, 61, 436, 92
-0.993169, 373, 157, 404, 188
-0.993177, 197, 205, 228, 236
-0.993186, 257, 65, 320, 96
-0.993191, 257, 305, 288, 336
-0.993226, 345, 173, 376, 204
-0.993237, 173, 193, 204, 224
-0.99324, 161, 313, 224, 375
-0.99326, 337, 185, 368, 216
-0.993262, 73, 293, 136, 324
-0.993297, 329, 57, 360, 88
-0.993311, 185, 177, 216, 208
-0.993314, 269, 177, 300, 208
-0.993326, 65, 265, 320, 328
-0.99333, 241, 285, 304, 316
-0.993342, 245, 273, 276, 304
-0.993358, 381, 197, 412, 228
-0.993358, 149, 289, 180, 320
-0.993362, 405, 73, 436, 104
-0.993362, 465, 5, 496, 36
-0.993369, 185, 65, 248, 96
-0.99337, 169, 205, 200, 236
-0.993376, 409, 113, 440, 144
-0.993389, 81, 209, 112, 336
-0.993398, 465, 45, 496, 76
-0.99341, 41, 193, 104, 224
-0.993427, 305, 81, 368, 112
-0.993447, 161, 277, 192, 308
-0.993452, 409, 341, 472, 372
-0.993453, 405, 49, 436, 80
-0.993462, 433, 81, 496, 144
-0.993477, 437, 333, 468, 364
-0.993506, 433, 281, 496, 344
-0.993508, 253, 97, 284, 224
-0.993511, 417, 329, 448, 360
-0.993512, 389, 157, 420, 188
-0.993516, 377, 117, 440, 148
-0.993528, 97, 297, 160, 328
-0.993534, 245, 297, 276, 328
-0.993544, 229, 85, 260, 116
-0.993544, 25, 289, 88, 320
-0.993548, 137, 197, 168, 228
-0.99355, 217, 245, 280, 276
-0.993551, 361, 153, 392, 184
-0.99356, 277, 297, 308, 328
-0.993587, 405, 89, 436, 120
-0.993613, 289, 181, 352, 212
-0.993613, 401, 93, 464, 124
-0.993621, 385, 57, 416, 88
-0.993624, 377, 329, 440, 360
-0.993676, 405, 277, 436, 308
-0.993684, 265, 77, 296, 108
-0.993685, 445, 53, 476, 84
-0.993696, 405, 9, 436, 40
-0.993697, 405, 21, 436, 52
-0.993706, 65, 57, 192, 120
-0.993707, 233, 345, 296, 375
-0.99371, 365, 209, 396, 240
-0.993712, 205, 265, 236, 296
-0.993713, 281, 65, 312, 96
-0.993737, 241, 325, 304, 356
-0.993742, 209, 181, 240, 212
-0.993744, 369, 289, 496, 352
-0.993744, 405, 37, 436, 68
-0.993745, 401, 109, 464, 140
-0.993754, 177, 197, 304, 228
-0.993764, 257, 9, 500, 72
-0.993769, 121, 301, 184, 332
-0.993778, 393, 273, 456, 304
-0.993779, 221, 169, 236, 232
-0.993779, 137, 297, 168, 328
-0.993781, 313, 165, 344, 196
-0.993783, 409, 101, 440, 132
-0.993783, 417, 69, 480, 100
-0.993783, 177, 61, 304, 92
-0.993792, 169, 181, 200, 212
-0.993796, 421, 41, 452, 72
-0.993804, 93, 233, 124, 264
-0.993817, 379, 177, 394, 240
-0.993823, 185, 161, 216, 192
-0.993834, 113, 261, 176, 292
-0.993835, 225, 233, 480, 296
-0.993843, 137, 101, 200, 132
-0.993846, 369, 49, 400, 176
-0.993848, 1, 285, 64, 316
-0.993852, 197, 157, 228, 188
-0.993856, 149, 213, 180, 244
-0.993872, 193, 265, 224, 296
-0.993873, 281, 81, 312, 112
-0.993874, 333, 165, 364, 196
-0.993876, 33, 233, 96, 264
-0.993878, 377, 245, 440, 276
-0.993878, 125, 197, 156, 228
-0.993892, 273, 309, 304, 340
-0.993893, 65, 57, 320, 120
-0.993894, 125, 301, 156, 332
-0.993895, 445, 1, 476, 32
-0.993895, 409, 177, 440, 208
-0.993897, 225, 297, 480, 360
-0.9939, 425, 61, 456, 92
-0.993901, 209, 289, 240, 320
-0.993912, 89, 217, 120, 248
-0.993918, 277, 321, 308, 352
-0.993929, 409, 161, 440, 192
-0.993932, 213, 193, 244, 224
-0.993932, 309, 65, 340, 96
-0.993938, 101, 197, 132, 228
-0.993939, 329, 201, 360, 232
-0.993941, 289, 33, 416, 96
-0.993958, 101, 293, 132, 324
-0.993962, 389, 209, 420, 240
-0.993967, 409, 189, 440, 220
-0.993968, 185, 209, 216, 240
-0.993979, 193, 197, 256, 228
-0.993979, 149, 341, 180, 372
-0.993982, 145, 181, 208, 212
-0.993984, 241, 273, 304, 304
-0.993986, 337, 153, 368, 184
-0.993987, 409, 133, 440, 164
-0.99399, 209, 65, 240, 96
-0.993991, 409, 145, 440, 176
-0.993992, 421, 17, 452, 48
-0.993992, 425, 105, 456, 136
-0.993993, 421, 1, 452, 32
-0.994002, 325, 181, 356, 212
-0.994011, 325, 73, 356, 104
-0.994013, 137, 213, 168, 244
-0.994018, 393, 185, 424, 216
-0.994021, 389, 81, 420, 112
-0.994024, 9, 201, 72, 232
-0.994025, 409, 209, 440, 240
-0.994035, 85, 197, 116, 228
-0.994038, 391, 177, 406, 240
-0.994048, 445, 25, 476, 56
-0.994049, 221, 285, 252, 316
-0.99405, 261, 293, 292, 324
-0.994063, 113, 197, 144, 228
-0.994076, 421, 29, 452, 60
-0.994078, 265, 161, 328, 192
-0.994083, 273, 197, 304, 228
-0.994094, 309, 77, 340, 108
-0.994096, 97, 241, 352, 304
-0.994103, 65, 217, 96, 248
-0.994126, 213, 157, 244, 188
-0.994134, 337, 189, 464, 220
-0.994136, 393, 197, 424, 228
-0.994146, 385, 177, 400, 240
-0.994147, 93, 177, 124, 304
-0.99415, 417, 185, 480, 216
-0.994151, 81, 293, 112, 324
-0.994153, 257, 89, 320, 120
-0.994156, 197, 65, 228, 96
-0.99416, 269, 341, 300, 372
-0.994164, 137, 125, 200, 156
-0.994167, 77, 217, 108, 248
-0.994169, 241, 61, 272, 92
-0.994174, 229, 61, 260, 92
-0.994176, 377, 209, 408, 240
-0.994187, 393, 173, 424, 204
-0.994189, 113, 217, 144, 248
-0.994192, 269, 1, 300, 128
-0.994192, 241, 241, 272, 368
-0.994201, 301, 153, 332, 184
-0.994206, 215, 153, 230, 216
-0.994208, 21, 225, 52, 352
-0.994211, 241, 77, 368, 108
-0.994218, 161, 141, 288, 172
-0.994249, 161, 89, 288, 120
-0.994256, 373, 169, 388, 232
-0.994263, 105, 1, 168, 375
-0.994283, 305, 73, 432, 104
-0.99433, 305, 201, 432, 232
-0.994352, 177, 169, 304, 200
-0.994353, 193, 265, 448, 328
-0.994386, 149, 225, 180, 352
-0.994467, 161, 157, 288, 188
-0.994471, 161, 185, 288, 216
-0.994475, 1, 1, 64, 375
-0.99449, 161, 209, 192, 336
-0.994514, 161, 101, 288, 132
-0.994521, 65, 81, 192, 144
-0.994524, 161, 273, 288, 304
-0.994575, 97, 289, 352, 352
-0.994591, 177, 213, 304, 244
-0.994592, 375, 201, 390, 264
-0.994623, 349, 177, 364, 240
-0.99466, 257, 197, 384, 228
-0.99468, 425, 145, 456, 272
-0.994693, 365, 153, 380, 216
-0.994701, 1, 297, 500, 360
-0.994717, 161, 113, 288, 144
-0.994722, 253, 161, 284, 288
-0.994724, 97, 193, 224, 224
-0.994732, 257, 105, 384, 168
-0.994748, 1, 273, 500, 336
-0.994798, 17, 233, 144, 264
-0.994803, 241, 177, 368, 208
-0.99484, 125, 145, 156, 272
-0.994846, 321, 289, 448, 352
-0.994859, 161, 129, 288, 160
-0.994925, 225, 61, 352, 92
-0.994958, 129, 209, 256, 240
-0.994964, 357, 185, 372, 248
-0.995037, 169, 65, 184, 128
-0.995088, 1, 241, 256, 304
-0.995118, 81, 217, 208, 248
-0.995183, 1, 225, 500, 288
-0.995187, 359, 153, 374, 216
-0.995195, 33, 169, 288, 232
-0.9952, 37, 225, 68, 352
-0.995211, 161, 225, 288, 256
-0.995215, 145, 285, 272, 316
-0.995268, 341, 193, 356, 256
-0.995281, 149, 193, 164, 256
-0.9953, 113, 245, 240, 276
-0.995315, 281, 1, 312, 128
-0.995345, 97, 129, 352, 192
-0.99535, 249, 273, 264, 336
-0.995432, 1, 81, 64, 208
-0.995451, 201, 185, 216, 248
-0.995487, 305, 157, 432, 188
-0.9955, 309, 1, 340, 128
-0.995511, 259, 57, 274, 120
-0.995521, 331, 57, 346, 120
-0.995524, 317, 177, 348, 304
-0.995535, 337, 169, 464, 200
-0.995542, 289, 173, 416, 204
-0.995551, 207, 185, 222, 248
-0.995556, 163, 193, 178, 256
-0.995563, 305, 85, 432, 116
-0.995564, 161, 245, 288, 276
-0.995586, 391, 153, 406, 216
-0.995588, 61, 185, 76, 248
-0.995616, 161, 261, 288, 292
-0.995616, 337, 153, 352, 216
-0.995624, 241, 149, 368, 180
-0.995632, 381, 201, 396, 264
-0.995654, 195, 201, 210, 264
-0.995659, 209, 89, 336, 120
-0.995678, 255, 273, 270, 336
-0.995683, 337, 145, 464, 176
-0.995695, 247, 57, 262, 120
-0.995704, 357, 49, 388, 176
-0.995724, 219, 121, 234, 184
-0.995728, 143, 193, 158, 256
-0.995763, 155, 193, 170, 256
-0.995775, 49, 197, 176, 228
-0.99578, 113, 265, 240, 296
-0.995787, 289, 185, 416, 216
-0.995789, 369, 61, 496, 92
-0.995791, 235, 57, 250, 120
-0.995801, 375, 145, 390, 208
-0.995812, 193, 301, 320, 332
-0.995857, 253, 57, 268, 120
-0.995863, 25, 129, 88, 256
-0.995887, 97, 281, 224, 312
-0.995899, 33, 277, 160, 308
-0.995904, 1, 201, 500, 264
-0.995928, 337, 213, 464, 244
-0.995939, 345, 49, 376, 176
-0.995943, 241, 57, 256, 120
-0.995957, 1, 129, 500, 192
-0.995958, 33, 293, 160, 324
-0.99596, 113, 89, 240, 120
-0.995962, 351, 153, 366, 216
-0.995962, 177, 65, 192, 128
-0.995964, 221, 57, 236, 120
-0.99597, 231, 81, 246, 144
-0.995987, 55, 193, 70, 256
-0.996014, 369, 77, 496, 108
-0.996032, 65, 1, 128, 375
-0.996058, 481, 33, 496, 96
-0.99607, 97, 97, 160, 224
-0.996072, 369, 49, 496, 80
-0.996075, 369, 201, 384, 264
-0.996082, 175, 89, 190, 152
-0.996105, 261, 81, 276, 144
-0.996114, 225, 161, 352, 192
-0.996149, 369, 201, 496, 232
-0.996152, 305, 49, 432, 80
-0.996153, 241, 209, 368, 240
-0.996158, 105, 193, 120, 256
-0.996162, 255, 297, 270, 360
-0.996172, 141, 129, 172, 256
-0.996176, 113, 153, 240, 184
-0.996178, 129, 173, 256, 204
-0.996188, 113, 125, 240, 156
-0.996202, 67, 185, 82, 248
-0.996203, 33, 265, 160, 296
-0.996226, 389, 201, 404, 264
-0.996239, 113, 229, 240, 260
-0.996266, 99, 193, 114, 256
-0.996278, 113, 137, 240, 168
-0.996292, 89, 33, 152, 288
-0.99634, 83, 193, 98, 256
-0.996356, 243, 281, 258, 344
-0.996364, 129, 313, 384, 375
-0.996376, 189, 193, 204, 256
-0.996386, 135, 193, 150, 256
-0.996387, 97, 105, 352, 168
-0.996404, 75, 193, 90, 256
-0.99643, 229, 57, 244, 120
-0.996431, 129, 65, 256, 96
-0.996438, 217, 233, 232, 296
-0.996439, 109, 225, 124, 288
-0.996442, 335, 201, 350, 264
-0.996452, 193, 289, 320, 320
-0.996457, 129, 33, 384, 96
-0.99646, 111, 193, 126, 256
-0.996494, 263, 273, 278, 336
-0.996496, 369, 1, 496, 32
-0.996497, 113, 101, 240, 132
-0.99651, 213, 185, 228, 248
-0.996512, 269, 57, 284, 120
-0.996519, 353, 33, 480, 64
-0.99653, 275, 57, 290, 120
-0.996559, 49, 193, 64, 256
-0.996572, 117, 193, 132, 256
-0.996591, 209, 145, 224, 208
-0.996591, 33, 1, 96, 375
-0.996599, 113, 41, 240, 104
-0.996615, 185, 57, 200, 120
-0.996676, 89, 193, 104, 256
-0.996678, 207, 209, 222, 272
-0.996691, 223, 193, 238, 256
-0.996693, 221, 281, 236, 344
-0.996698, 33, 253, 160, 284
-0.996721, 387, 185, 402, 216
-0.996759, 1, 289, 256, 352
-0.996769, 337, 225, 464, 256
-0.996789, 177, 97, 208, 224
-0.996794, 363, 185, 378, 216
-0.996828, 67, 209, 82, 272
-0.996835, 333, 97, 364, 224
-0.99684, 227, 169, 242, 232
-0.996851, 217, 257, 232, 320
-0.996865, 369, 21, 496, 52
-0.996876, 57, 177, 88, 304
-0.996893, 1, 105, 500, 168
-0.996897, 227, 273, 242, 336
-0.996898, 145, 77, 272, 108
-0.996907, 383, 169, 398, 200
-0.996914, 189, 169, 204, 232
-0.996916, 279, 313, 294, 375
-0.996928, 113, 113, 240, 144
-0.996974, 1, 197, 128, 228
-0.996978, 369, 157, 496, 188
-0.996985, 129, 193, 144, 256
-0.996986, 317, 33, 348, 288
-0.996998, 227, 145, 242, 208
-0.997002, 113, 297, 240, 328
-0.997021, 199, 225, 214, 288
-0.99703, 33, 217, 160, 248
-0.997036, 169, 193, 184, 256
-0.997044, 177, 313, 304, 344
-0.997045, 151, 289, 166, 352
-0.99705, 61, 225, 92, 352
-0.997054, 5, 145, 36, 272
-0.997059, 241, 137, 368, 168
-0.99706, 61, 209, 76, 272
-0.997063, 281, 57, 296, 120
-0.997077, 337, 97, 464, 128
-0.997079, 461, 1, 476, 64
-0.997096, 241, 225, 368, 256
-0.997101, 1, 249, 500, 312
-0.997107, 205, 1, 236, 128
-0.997108, 355, 209, 370, 272
-0.997111, 1, 81, 500, 144
-0.997125, 321, 57, 336, 120
-0.997148, 43, 193, 58, 256
-0.99715, 241, 49, 368, 80
-0.997151, 337, 237, 464, 268
-0.997163, 459, 41, 474, 104
-0.997164, 193, 241, 208, 304
-0.997167, 483, 1, 498, 64
-0.997179, 285, 297, 300, 360
-0.997189, 237, 273, 252, 336
-0.997209, 357, 189, 372, 220
-0.99722, 193, 57, 208, 120
-0.997223, 261, 297, 276, 360
-0.997225, 205, 57, 220, 120
-0.997229, 185, 33, 216, 288
-0.997241, 199, 57, 214, 120
-0.99725, 357, 129, 388, 375
-0.997254, 269, 281, 284, 344
-0.997261, 363, 57, 378, 120
-0.997264, 337, 97, 368, 352
-0.997265, 419, 105, 434, 168
-0.99727, 401, 65, 416, 128
-0.997272, 205, 33, 236, 288
-0.997279, 389, 169, 404, 200
-0.997297, 101, 217, 116, 280
-0.9973, 215, 281, 230, 344
-0.997302, 287, 57, 302, 120
-0.997313, 249, 297, 264, 360
-0.997318, 293, 313, 308, 375
-0.99732, 213, 209, 228, 272
-0.997324, 363, 201, 378, 264
-0.997327, 473, 1, 488, 64
-0.997331, 377, 129, 408, 375
-0.997331, 113, 241, 144, 368
-0.997333, 213, 57, 228, 120
-0.997345, 193, 77, 320, 108
-0.997346, 337, 249, 464, 280
-0.997349, 273, 33, 304, 288
-0.997371, 183, 185, 198, 248
-0.997372, 397, 185, 412, 248
-0.997376, 427, 25, 442, 88
-0.99739, 195, 177, 210, 240
-0.997394, 95, 217, 110, 280
-0.997396, 159, 281, 174, 344
-0.997402, 391, 197, 406, 228
-0.997418, 349, 181, 364, 212
-0.997419, 451, 49, 466, 112
-0.997421, 219, 145, 234, 176
-0.997424, 37, 193, 52, 256
-0.997434, 209, 129, 240, 375
-0.997442, 211, 241, 226, 304
-0.997447, 357, 57, 372, 120
-0.997476, 405, 33, 436, 288
-0.997477, 351, 57, 366, 120
-0.997478, 11, 193, 26, 256
-0.997479, 391, 49, 406, 112
-0.997481, 409, 213, 440, 228
-0.997482, 337, 109, 464, 140
-0.997484, 345, 173, 376, 188
-0.997489, 145, 221, 176, 236
-0.997492, 409, 193, 440, 208
-0.997493, 425, 5, 456, 20
-0.997495, 381, 155, 412, 170
-0.997496, 421, 39, 452, 54
-0.997497, 409, 207, 440, 222
-0.997503, 285, 79, 316, 94
-0.997505, 153, 291, 184, 306
-0.997505, 213, 193, 244, 208
-0.997507, 205, 193, 220, 224
-0.997509, 409, 137, 440, 152
-0.997511, 161, 217, 176, 280
-0.997512, 213, 163, 244, 178
-0.997513, 317, 153, 332, 184
-0.997514, 193, 155, 224, 170
-0.997521, 129, 337, 256, 368
-0.997522, 297, 87, 328, 102
-0.997525, 409, 171, 440, 186
-0.997528, 165, 1, 196, 128
-0.997529, 425, 1, 456, 256
-0.99753, 281, 65, 312, 80
-0.997535, 269, 187, 300, 202
-0.997535, 349, 233, 380, 248
-0.997539, 201, 243, 232, 258
-0.997541, 425, 55, 456, 70
-0.997545, 409, 185, 440, 200
-0.997548, 369, 33, 400, 288
-0.997549, 375, 173, 390, 204
-0.997549, 429, 97, 444, 160
-0.997549, 61, 193, 92, 208
-0.997554, 333, 195, 364, 210
-0.997554, 309, 63, 340, 78
-0.997555, 189, 235, 220, 250
-0.997557, 125, 217, 156, 232
-0.997558, 409, 149, 440, 164
-0.997558, 409, 199, 440, 214
-0.997566, 329, 177, 360, 192
-0.997567, 205, 233, 220, 296
-0.997568, 289, 213, 416, 244
-0.997569, 241, 293, 368, 324
-0.99758, 257, 9, 384, 72
-0.997583, 409, 177, 440, 192
-0.997594, 389, 163, 420, 178
-0.997596, 197, 129, 228, 375
-0.997598, 465, 49, 496, 176
-0.997605, 317, 145, 332, 208
-0.997608, 165, 215, 196, 230
-0.997609, 337, 133, 464, 164
-0.997609, 379, 201, 394, 232
-0.997614, 269, 175, 300, 190
-0.997617, 321, 1, 448, 32
-0.997622, 405, 1, 436, 16
-0.997624, 123, 193, 138, 256
-0.997628, 381, 185, 396, 216
-0.99763, 125, 303, 156, 318
-0.997636, 405, 107, 436, 122
-0.997638, 441, 341, 472, 356
-0.997642, 313, 85, 344, 100
-0.997644, 281, 85, 312, 100
-0.997644, 221, 97, 252, 352
-0.997658, 373, 189, 388, 220
-0.99766, 389, 215, 420, 230
-0.997672, 357, 33, 388, 288
-0.997677, 405, 9, 436, 24
-0.997687, 389, 201, 420, 216
-0.997692, 329, 183, 360, 198
-0.997701, 201, 209, 232, 224
-0.997702, 367, 197, 382, 228
-0.997714, 25, 177, 56, 304
-0.99772, 409, 95, 440, 110
-0.997721, 393, 65, 424, 320
-0.997721, 173, 97, 204, 352
-0.997726, 405, 15, 436, 30
-0.997729, 333, 151, 364, 166
-0.99773, 445, 57, 476, 72
-0.997734, 449, 333, 464, 364
-0.997735, 209, 187, 240, 202
-0.997736, 313, 167, 344, 182
-0.997741, 405, 51, 436, 66
-0.997743, 73, 197, 104, 212
-0.997745, 189, 211, 220, 226
-0.997749, 161, 283, 192, 298
-0.997752, 405, 89, 436, 104
-0.997753, 249, 305, 280, 320
-0.997754, 369, 337, 496, 368
-0.997769, 429, 329, 444, 360
-0.99777, 357, 169, 388, 184
-0.997773, 369, 265, 496, 296
-0.997779, 209, 249, 336, 280
-0.997782, 237, 303, 268, 318
-0.997784, 405, 33, 436, 48
-0.997786, 213, 157, 244, 172
-0.99779, 213, 197, 228, 228
-0.99779, 325, 129, 356, 375
-0.997791, 241, 237, 368, 268
-0.997792, 185, 185, 216, 200
-0.997794, 81, 177, 208, 208
-0.997795, 397, 65, 428, 192
-0.997803, 257, 1, 288, 128
-0.997806, 435, 329, 450, 360
-0.997807, 193, 337, 320, 368
-0.997812, 405, 23, 436, 38
-0.997812, 405, 83, 436, 98
-0.997815, 177, 1, 208, 128
-0.99782, 385, 59, 416, 74
-0.997825, 169, 277, 200, 292
-0.997842, 405, 39, 436, 54
-0.997842, 405, 45, 436, 60
-0.997842, 405, 101, 436, 116
-0.997842, 221, 169, 236, 200
-0.997844, 445, 1, 476, 16
-0.997854, 189, 197, 220, 212
-0.997862, 329, 1, 360, 128
-0.997862, 465, 177, 496, 304
-0.997866, 225, 289, 256, 304
-0.997869, 329, 189, 360, 204
-0.99787, 337, 121, 464, 152
-0.997881, 409, 113, 440, 128
-0.997881, 257, 89, 384, 120
-0.997881, 161, 359, 192, 374
-0.997885, 361, 193, 392, 208
-0.997891, 221, 283, 252, 298
-0.997909, 185, 129, 216, 375
-0.997931, 373, 201, 388, 232
-0.997939, 197, 197, 212, 228
-0.997951, 169, 193, 200, 208
-0.997952, 165, 67, 196, 82
-0.997958, 465, 1, 496, 256
-0.997961, 321, 17, 448, 48
-0.997962, 345, 205, 376, 220
-0.99798, 405, 57, 436, 72
-0.997988, 305, 33, 336, 288
-0.99799, 289, 33, 320, 288
-0.997993, 261, 85, 276, 116
-0.998008, 175, 89, 190, 120
-0.998013, 465, 27, 496, 42
-0.998016, 249, 89, 280, 104
-0.998026, 247, 293, 262, 324
-0.998026, 361, 205, 392, 220
-0.998026, 163, 193, 178, 224
-0.998032, 385, 201, 400, 232
-0.998037, 157, 285, 172, 316
-0.998042, 345, 1, 376, 256
-0.998062, 465, 49, 496, 64
-0.998066, 275, 61, 290, 92
-0.998071, 363, 173, 378, 204
-0.998076, 169, 65, 184, 96
-0.998083, 405, 69, 436, 84
-0.998094, 359, 201, 374, 232
-0.998095, 391, 209, 406, 240
-0.998095, 149, 293, 164, 324
-0.998099, 65, 233, 192, 264
-0.998099, 241, 309, 368, 340
-0.998103, 405, 63, 436, 78
-0.998104, 331, 57, 346, 88
-0.998111, 1, 57, 500, 120
-0.998112, 445, 33, 476, 288
-0.998115, 465, 11, 496, 26
-0.998116, 189, 193, 204, 224
-0.998122, 485, 37, 500, 68
-0.998122, 269, 181, 300, 196
-0.998122, 209, 101, 336, 132
-0.998123, 333, 201, 364, 216
-0.998123, 409, 129, 440, 375
-0.998131, 393, 185, 408, 216
-0.998131, 469, 41, 500, 56
-0.998136, 325, 157, 356, 172
-0.998145, 169, 209, 200, 224
-0.998152, 33, 33, 96, 288
-0.998157, 215, 165, 230, 196
-0.998157, 219, 193, 234, 224
-0.998163, 349, 155, 380, 170
-0.998165, 461, 19, 492, 34
-0.998166, 389, 169, 420, 184
-0.998166, 417, 331, 448, 346
-0.998173, 253, 33, 284, 288
-0.998174, 289, 233, 416, 264
-0.998175, 261, 309, 292, 324
-0.998176, 373, 163, 404, 178
-0.998181, 383, 153, 398, 184
-0.998185, 229, 89, 260, 104
-0.998192, 209, 273, 336, 304
-0.998193, 381, 33, 412, 288
-0.998196, 65, 33, 192, 96
-0.998202, 443, 333, 458, 364
-0.998212, 369, 321, 496, 352
-0.998216, 405, 77, 436, 92
-0.998219, 165, 1, 196, 256
-0.998222, 233, 297, 264, 312
-0.998224, 325, 61, 356, 76
-0.998226, 193, 209, 208, 240
-0.998232, 177, 325, 304, 356
-0.998234, 239, 285, 254, 316
-0.998234, 461, 1, 492, 16
-0.998239, 237, 273, 252, 304
-0.998254, 189, 191, 220, 206
-0.998255, 347, 193, 362, 224
-0.998265, 289, 265, 416, 328
-0.998272, 165, 277, 180, 308
-0.998272, 227, 273, 242, 304
-0.998286, 137, 129, 168, 375
-0.998288, 261, 63, 292, 78
-0.998302, 149, 197, 164, 228
-0.998307, 245, 273, 260, 304
-0.998308, 209, 171, 240, 186
-0.998318, 217, 129, 232, 256
-0.998337, 349, 191, 380, 206
-0.998351, 231, 89, 246, 120
-0.998352, 1, 181, 128, 212
-0.998353, 149, 197, 180, 212
-0.998358, 329, 1, 360, 256
-0.998359, 425, 97, 456, 352
-0.99836, 255, 301, 270, 332
-0.998364, 461, 49, 476, 80
-0.998366, 357, 199, 388, 214
-0.998366, 389, 157, 404, 188
-0.998371, 217, 289, 232, 320
-0.998373, 337, 189, 400, 204
-0.998378, 143, 197, 158, 228
-0.998378, 369, 155, 400, 170
-0.998388, 237, 81, 268, 208
-0.99839, 349, 179, 380, 194
-0.998393, 321, 65, 336, 96
-0.998395, 209, 121, 336, 152
-0.998395, 109, 233, 124, 264
-0.998397, 229, 1, 260, 256
-0.998399, 337, 153, 352, 184
-0.998399, 355, 177, 370, 208
-0.998402, 141, 301, 156, 332
-0.998403, 421, 329, 436, 360
-0.998411, 81, 77, 208, 108
-0.998412, 105, 177, 136, 304
-0.998417, 337, 199, 400, 214
-0.998417, 211, 269, 226, 300
-0.998421, 209, 261, 336, 292
-0.998421, 389, 161, 404, 288
-0.998424, 285, 65, 300, 96
-0.998424, 157, 197, 172, 228
-0.998426, 367, 145, 382, 272
-0.998432, 49, 305, 176, 336
-0.998432, 365, 153, 380, 184
-0.998432, 479, 37, 494, 68
-0.998434, 305, 37, 432, 68
-0.998435, 361, 195, 424, 210
-0.998447, 377, 189, 440, 204
-0.998448, 337, 277, 464, 308
-0.998449, 217, 89, 280, 104
-0.998449, 177, 171, 240, 186
-0.998458, 337, 183, 400, 198
-0.998462, 417, 277, 432, 308
-0.998468, 1, 145, 256, 208
-0.998468, 1, 305, 128, 368
-0.99847, 149, 129, 180, 375
-0.998474, 219, 265, 234, 296
-0.998474, 377, 213, 440, 228
-0.998475, 377, 157, 392, 188
-0.998478, 177, 165, 240, 180
-0.998479, 433, 335, 464, 350
-0.99848, 345, 205, 408, 220
-0.99848, 273, 73, 336, 88
-0.998486, 327, 157, 342, 188
-0.998489, 273, 65, 336, 80
-0.99849, 377, 181, 440, 196
-0.998492, 233, 63, 296, 78
-0.998493, 377, 201, 440, 216
-0.998496, 177, 213, 240, 228
-0.998496, 353, 59, 416, 74
-0.998497, 313, 129, 344, 375
-0.998498, 337, 177, 400, 192
-0.998499, 417, 41, 480, 56
-0.9985, 393, 55, 456, 70
-0.9985, 81, 341, 208, 372
-0.9985, 297, 157, 360, 172
-0.998501, 433, 3, 496, 18
-0.998501, 377, 167, 440, 182
-0.998502, 105, 217, 120, 248
-0.998502, 385, 175, 416, 190
-0.998502, 161, 67, 224, 82
-0.998503, 377, 83, 440, 98
-0.998504, 177, 177, 240, 192
-0.998505, 177, 151, 240, 166
-0.998507, 177, 159, 240, 174
-0.998508, 177, 193, 240, 208
-0.998509, 285, 81, 300, 112
-0.998512, 401, 333, 464, 348
-0.998512, 273, 309, 288, 340
-0.998512, 377, 71, 440, 86
-0.998513, 269, 129, 300, 375
-0.998516, 217, 143, 280, 158
-0.998521, 177, 133, 240, 148
-0.998523, 225, 307, 288, 322
-0.998525, 417, 47, 480, 62
-0.998525, 393, 63, 456, 78
-0.998527, 145, 213, 208, 228
-0.998527, 433, 9, 496, 24
-0.998527, 305, 197, 368, 212
-0.998528, 313, 61, 376, 76
-0.998528, 281, 79, 344, 94
-0.998528, 177, 143, 240, 158
-0.998531, 377, 175, 440, 190
-0.998531, 417, 21, 480, 36
-0.998532, 377, 77, 440, 92
-0.998532, 417, 29, 480, 44
-0.998533, 177, 187, 240, 202
-0.998533, 337, 171, 400, 186
-0.998534, 217, 187, 280, 202
-0.998535, 455, 333, 470, 364
-0.998535, 217, 181, 280, 196
-0.998537, 209, 301, 272, 316
-0.99854, 293, 193, 324, 320
-0.998541, 417, 15, 480, 30
-0.998541, 217, 175, 280, 190
-0.998542, 417, 59, 480, 74
-0.998542, 217, 129, 280, 144
-0.998543, 417, 35, 480, 50
-0.998544, 241, 1, 272, 128
-0.998545, 177, 127, 240, 142
-0.998546, 273, 177, 288, 208
-0.998546, 257, 85, 320, 100
-0.998546, 177, 99, 240, 114
-0.998547, 73, 113, 136, 240
-0.998547, 377, 207, 440, 222
-0.998548, 417, 53, 480, 68
-0.998549, 393, 49, 456, 64
-0.998549, 369, 173, 384, 204
-0.99855, 177, 93, 240, 108
-0.99855, 201, 295, 264, 310
-0.998551, 321, 205, 384, 220
-0.998552, 377, 221, 440, 236
-0.998552, 175, 49, 190, 176
-0.998554, 337, 155, 400, 170
-0.998554, 161, 277, 224, 292
-0.998554, 385, 195, 448, 210
-0.998555, 217, 169, 280, 184
-0.998555, 377, 89, 440, 104
-0.998557, 353, 215, 416, 230
-0.998557, 159, 217, 174, 248
-0.998557, 217, 123, 280, 138
-0.998558, 129, 91, 192, 106
-0.998559, 249, 303, 312, 318
-0.998559, 217, 101, 280, 116
-0.998559, 201, 149, 264, 164
-0.998559, 329, 165, 392, 180
-0.998559, 111, 257, 126, 288
-0.99856, 249, 311, 312, 326
-0.99856, 241, 295, 304, 310
-0.998561, 169, 199, 232, 214
-0.998561, 377, 97, 440, 112
-0.998562, 257, 159, 320, 174
-0.998562, 217, 137, 280, 152
-0.998563, 137, 361, 200, 375
-0.998563, 273, 59, 336, 74
-0.998563, 121, 197, 184, 212
-0.998564, 145, 197, 208, 212
-0.998564, 137, 219, 200, 234
-0.998564, 433, 343, 496, 358
-0.998564, 161, 93, 192, 108
-0.998564, 377, 103, 440, 118
-0.998564, 217, 107, 280, 122
-0.998565, 217, 95, 280, 110
-0.998565, 313, 187, 376, 202
-0.998565, 281, 85, 344, 100
-0.998565, 217, 193, 280, 208
-0.998566, 99, 217, 114, 248
-0.998567, 177, 119, 240, 134
-0.998567, 409, 7, 472, 22
-0.998568, 177, 235, 240, 250
-0.99857, 217, 115, 280, 130
-0.998571, 393, 15, 456, 30
-0.998571, 177, 229, 240, 244
-0.998572, 177, 221, 240, 236
-0.998573, 177, 249, 240, 264
-0.998573, 177, 255, 240, 270
-0.998573, 377, 149, 440, 164
-0.998573, 377, 155, 440, 170
-0.998573, 313, 151, 376, 166
-0.998573, 177, 111, 240, 126
-0.998574, 305, 231, 368, 246
-0.998574, 41, 199, 104, 214
-0.998574, 377, 109, 440, 124
-0.998575, 97, 299, 160, 314
-0.998576, 65, 197, 128, 212
-0.998577, 369, 53, 432, 68
-0.998577, 177, 105, 240, 120
-0.998578, 409, 1, 472, 16
-0.998578, 359, 153, 374, 184
-0.998578, 69, 177, 100, 304
-0.998578, 393, 37, 456, 52
-0.998578, 353, 71, 416, 86
-0.998579, 137, 197, 152, 228
-0.998579, 393, 21, 456, 36
-0.998579, 377, 9, 440, 24
-0.998579, 177, 243, 240, 258
-0.998579, 257, 153, 320, 168
-0.998579, 161, 207, 224, 222
-0.998579, 353, 87, 416, 102
-0.99858, 105, 293, 168, 308
-0.99858, 113, 281, 176, 296
-0.998581, 113, 217, 176, 232
-0.998581, 153, 285, 216, 300
-0.998581, 377, 233, 440, 248
-0.998587, 369, 309, 496, 340
-0.998588, 367, 209, 382, 240
-0.998589, 313, 157, 344, 172
-0.998591, 253, 129, 284, 375
-0.998592, 261, 305, 276, 336
-0.998592, 221, 133, 236, 164
-0.998593, 109, 197, 124, 228
-0.998598, 189, 177, 204, 208
-0.998598, 153, 213, 168, 244
-0.998608, 169, 89, 184, 120
-0.998609, 131, 197, 146, 228
-0.998612, 291, 81, 306, 112
-0.998612, 465, 33, 496, 48
-0.998614, 115, 197, 130, 228
-0.998617, 213, 209, 228, 240
-0.998617, 283, 313, 298, 344
-0.998618, 419, 113, 434, 144
-0.99862, 175, 65, 190, 96
-0.998621, 125, 301, 140, 332
-0.998622, 73, 217, 88, 248
-0.998624, 225, 145, 240, 176
-0.998625, 193, 65, 208, 96
-0.998639, 483, 21, 498, 52
-0.998639, 165, 213, 180, 244
-0.99864, 217, 253, 232, 284
-0.998644, 345, 199, 376, 214
-0.998648, 213, 149, 228, 180
-0.998649, 375, 193, 390, 320
-0.998654, 189, 161, 204, 192
-0.998658, 103, 197, 118, 228
-0.998659, 121, 197, 136, 228
-0.998659, 227, 169, 242, 200
-0.99866, 203, 65, 218, 96
-0.99866, 361, 129, 376, 256
-0.998663, 249, 61, 264, 92
-0.998667, 321, 261, 448, 292
-0.998667, 223, 129, 238, 256
-0.998668, 265, 273, 280, 304
-0.998669, 171, 273, 186, 304
-0.998673, 93, 217, 108, 248
-0.998673, 133, 301, 148, 332
-0.998674, 385, 185, 416, 200
-0.998676, 115, 293, 130, 324
-0.998676, 45, 129, 76, 375
-0.998677, 207, 205, 222, 236
-0.998678, 397, 197, 412, 228
-0.998679, 411, 273, 426, 304
-0.99868, 257, 329, 384, 360
-0.99868, 323, 77, 338, 108
-0.998681, 125, 129, 156, 375
-0.998682, 393, 57, 408, 88
-0.998684, 461, 1, 476, 32
-0.998686, 81, 293, 96, 324
-0.998693, 353, 241, 384, 368
-0.998695, 273, 161, 288, 192
-0.998696, 67, 217, 82, 248
-0.998696, 427, 105, 442, 136
-0.998701, 375, 145, 390, 176
-0.998704, 81, 65, 208, 96
-0.998711, 425, 1, 440, 32
-0.998713, 337, 201, 352, 232
-0.998715, 425, 17, 440, 48
-0.998715, 61, 217, 76, 248
-0.998738, 369, 171, 400, 186
-0.998759, 57, 129, 88, 375
-0.99876, 373, 205, 404, 220
-0.998765, 1, 129, 32, 375
-0.998765, 81, 165, 208, 196
-0.998771, 169, 49, 184, 176
-0.998772, 57, 33, 120, 288
-0.998781, 93, 129, 124, 375
-0.998784, 383, 161, 398, 288
-0.998786, 337, 145, 352, 272
-0.998794, 241, 1, 272, 256
-0.998795, 73, 129, 104, 375
-0.998809, 217, 1, 248, 256
-0.998828, 257, 249, 384, 280
-0.998833, 201, 193, 232, 208
-0.998841, 65, 145, 192, 208
-0.998854, 161, 97, 192, 352
-0.998856, 357, 177, 372, 304
-0.998861, 375, 129, 390, 256
-0.998865, 293, 241, 324, 368
-0.998881, 213, 149, 244, 164
-0.998884, 187, 49, 202, 176
-0.998894, 49, 225, 80, 352
-0.99891, 41, 177, 72, 304
-0.998986, 97, 309, 224, 340
-0.998996, 349, 161, 364, 288
-0.999004, 231, 65, 246, 192
-0.999005, 361, 183, 392, 198
-0.999011, 193, 49, 320, 80
-0.999024, 219, 49, 234, 176
-0.999033, 1, 81, 256, 144
-0.999037, 149, 33, 180, 288
-0.999043, 25, 129, 56, 375
-0.99908, 389, 195, 420, 210
-0.999082, 181, 49, 196, 176
-0.999089, 155, 177, 170, 304
-0.999138, 211, 129, 226, 256
-0.99915, 369, 289, 496, 320
-0.999155, 1, 305, 128, 336
-0.999183, 365, 193, 380, 320
-0.999195, 465, 97, 496, 352
-0.999196, 149, 177, 164, 304
-0.999196, 237, 97, 268, 352
-0.999208, 369, 199, 400, 214
-0.999214, 273, 49, 288, 176
-0.999216, 113, 129, 144, 375
-0.999219, 65, 53, 192, 84
-0.999236, 321, 289, 448, 320
-0.999236, 153, 129, 184, 256
-0.999239, 289, 313, 416, 344
-0.999249, 257, 265, 384, 296
-0.999257, 301, 129, 332, 375
-0.999258, 343, 145, 358, 272
-0.999259, 291, 49, 306, 176
-0.999279, 241, 37, 368, 68
-0.999284, 395, 177, 410, 304
-0.999285, 283, 49, 298, 176
-0.999295, 307, 49, 322, 176
-0.999306, 327, 49, 342, 176
-0.999309, 217, 241, 232, 368
-0.99931, 161, 177, 176, 304
-0.99931, 301, 49, 316, 176
-0.999336, 213, 49, 228, 176
-0.999342, 281, 129, 312, 375
-0.999343, 5, 33, 36, 288
-0.999348, 207, 49, 222, 176
-0.99938, 137, 225, 168, 352
-0.999396, 289, 145, 416, 176
-0.999415, 261, 49, 276, 176
-0.99942, 189, 161, 204, 288
-0.999444, 177, 97, 192, 224
-0.999457, 313, 49, 328, 176
-0.999458, 349, 113, 364, 240
-0.999458, 355, 129, 370, 256
-0.999474, 65, 89, 192, 120
-0.999487, 483, 33, 498, 160
-0.999503, 321, 325, 448, 356
-0.999508, 387, 113, 402, 240
-0.999515, 215, 193, 230, 320
-0.999533, 419, 97, 434, 224
-0.999537, 293, 1, 324, 128
-0.999547, 237, 49, 252, 176
-0.999556, 335, 193, 350, 320
-0.999558, 381, 113, 396, 240
-0.999559, 111, 225, 126, 352
-0.99956, 373, 191, 404, 206
-0.999564, 293, 301, 308, 316
-0.999565, 207, 233, 222, 248
-0.999566, 361, 235, 376, 250
-0.999566, 167, 91, 182, 106
-0.999566, 191, 199, 206, 214
-0.999566, 435, 341, 450, 356
-0.999567, 409, 279, 424, 294
-0.999567, 285, 85, 300, 100
-0.999568, 401, 187, 416, 202
-0.999568, 483, 27, 498, 42
-0.999568, 295, 87, 310, 102
-0.999568, 377, 161, 392, 176
-0.999568, 207, 155, 222, 170
-0.999569, 461, 1, 476, 16
-0.999569, 173, 67, 188, 82
-0.999569, 139, 217, 154, 232
-0.999569, 361, 153, 376, 168
-0.999569, 375, 155, 390, 170
-0.999569, 321, 71, 336, 86
-0.999569, 189, 169, 204, 184
-0.999569, 159, 219, 174, 234
-0.999569, 109, 235, 124, 250
-0.999569, 81, 197, 96, 212
-0.99957, 195, 49, 210, 176
-0.99957, 213, 207, 228, 222
-0.999573, 217, 165, 232, 180
-0.999573, 173, 359, 188, 374
-0.999573, 213, 189, 228, 204
-0.999573, 473, 1, 488, 16
-0.999573, 307, 87, 322, 102
-0.999573, 393, 215, 408, 230
-0.999574, 257, 345, 384, 375
-0.999575, 317, 85, 332, 100
-0.999575, 167, 85, 182, 100
-0.999575, 81, 329, 208, 360
-0.999575, 189, 193, 204, 208
-0.999576, 393, 221, 408, 236
-0.999577, 273, 177, 288, 192
-0.999577, 339, 151, 354, 166
-0.999578, 395, 187, 410, 202
-0.999578, 425, 27, 440, 42
-0.999578, 193, 209, 208, 224
-0.99958, 301, 85, 316, 100
-0.99958, 145, 299, 160, 314
-0.99958, 455, 337, 470, 352
-0.999581, 327, 151, 342, 166
-0.999581, 223, 189, 238, 204
-0.999582, 327, 159, 342, 174
-0.999583, 341, 201, 356, 216
-0.999584, 457, 55, 472, 70
-0.999584, 197, 199, 212, 214
-0.999586, 193, 231, 208, 246
-0.999587, 357, 203, 372, 218
-0.999587, 219, 271, 234, 286
-0.99959, 169, 277, 184, 292
-0.99959, 267, 309, 282, 324
-0.999591, 215, 243, 230, 258
-0.999592, 483, 33, 498, 48
-0.999593, 139, 303, 154, 318
-0.999594, 421, 331, 436, 346
-0.999594, 157, 291, 172, 306
-0.999594, 163, 283, 178, 298
-0.999595, 223, 177, 238, 304
-0.999595, 167, 69, 182, 84
-0.999596, 151, 297, 166, 312
-0.999596, 387, 165, 402, 180
-0.999596, 253, 299, 268, 314
-0.999596, 213, 197, 228, 212
-0.999597, 441, 341, 456, 356
-0.999597, 393, 169, 408, 184
-0.999597, 65, 193, 80, 208
-0.9996, 399, 195, 414, 210
-0.9996, 323, 85, 338, 100
-0.9996, 463, 51, 478, 66
-0.9996, 349, 181, 364, 196
-0.999602, 261, 307, 276, 322
-0.999602, 373, 189, 388, 204
-0.999604, 215, 291, 230, 306
-0.999605, 447, 341, 462, 356
-0.999605, 381, 217, 396, 232
-0.999607, 223, 147, 238, 162
-0.999607, 259, 89, 274, 104
-0.999608, 247, 295, 262, 310
-0.999608, 199, 233, 214, 248
-0.999609, 355, 233, 370, 248
-0.99961, 215, 171, 230, 186
-0.99961, 347, 197, 362, 212
-0.999611, 225, 49, 240, 176
-0.999614, 419, 241, 434, 368
-0.999616, 429, 337, 444, 352
-0.999616, 173, 91, 188, 106
-0.999616, 371, 205, 386, 220
-0.999618, 383, 203, 398, 218
-0.99962, 241, 289, 256, 304
-0.999621, 355, 185, 370, 200
-0.999623, 363, 193, 378, 208
-0.999624, 75, 197, 90, 212
-0.999629, 383, 155, 398, 170
-0.999631, 359, 179, 374, 194
-0.999633, 231, 89, 246, 104
-0.999635, 349, 233, 364, 248
-0.999635, 389, 207, 404, 222
-0.999635, 221, 195, 236, 210
-0.999638, 275, 63, 290, 78
-0.999638, 229, 113, 244, 240
-0.99964, 375, 195, 390, 210
-0.999641, 331, 61, 346, 76
-0.999641, 483, 41, 498, 56
-0.999641, 331, 145, 346, 272
-0.999641, 363, 203, 378, 218
-0.999645, 145, 1, 176, 128
-0.999645, 163, 197, 178, 212
-0.999645, 387, 171, 402, 186
-0.999645, 391, 199, 406, 214
-0.999646, 257, 241, 272, 368
-0.999647, 195, 161, 210, 288
-0.999647, 377, 205, 392, 220
-0.999647, 201, 49, 216, 176
-0.999649, 321, 65, 336, 192
-0.99965, 273, 311, 288, 326
-0.999661, 205, 193, 220, 208
-0.999661, 373, 183, 388, 198
-0.999662, 387, 215, 402, 230
-0.999663, 429, 331, 444, 346
-0.999665, 381, 191, 396, 206
-0.999665, 369, 177, 400, 192
-0.999666, 373, 175, 388, 190
-0.99967, 461, 1, 476, 128
-0.999682, 439, 335, 454, 350
-0.999682, 357, 197, 372, 212
-0.999685, 223, 241, 238, 368
-0.999686, 389, 209, 404, 336
-0.999686, 195, 209, 210, 336
-0.999686, 221, 171, 236, 186
-0.999692, 317, 157, 332, 172
-0.999692, 369, 199, 384, 214
-0.999693, 349, 187, 364, 202
-0.999698, 363, 187, 378, 202
-0.999701, 383, 197, 398, 212
-0.999701, 449, 335, 464, 350
-0.999705, 217, 147, 232, 162
-0.999711, 247, 241, 262, 368
-0.999716, 389, 177, 404, 192
-0.999722, 133, 33, 164, 288
-0.999722, 143, 177, 158, 304
-0.999725, 381, 169, 396, 184
-0.999733, 381, 209, 396, 336
-0.999733, 383, 177, 398, 192
-0.999736, 183, 161, 198, 288
-0.999737, 379, 183, 394, 198
-0.999744, 13, 129, 44, 375
-0.999747, 167, 177, 182, 304
-0.999753, 1, 177, 16, 304
-0.99976, 243, 33, 258, 160
-0.999762, 389, 193, 404, 208
-0.999768, 365, 181, 380, 196
-0.99977, 163, 65, 178, 192
-0.999772, 161, 1, 416, 64
-0.999778, 429, 65, 444, 192
-0.99979, 121, 1, 152, 256
-0.999798, 341, 193, 356, 320
-0.999798, 427, 241, 442, 368
-0.999799, 333, 49, 348, 176
-0.999807, 21, 33, 52, 288
-0.99981, 349, 185, 380, 200
-0.999812, 267, 241, 282, 368
-0.999813, 273, 209, 288, 336
-0.99982, 253, 33, 268, 160
-0.999833, 1, 145, 128, 208
-0.999834, 439, 1, 454, 128
-0.999848, 401, 177, 416, 304
-0.999851, 211, 241, 226, 368
-0.999851, 33, 33, 288, 96
-0.999858, 389, 185, 404, 200
-0.999863, 267, 49, 282, 176
-0.999873, 427, 193, 442, 320
-0.999883, 477, 1, 492, 128
-0.999883, 451, 33, 466, 160
-0.99989, 81, 161, 112, 288
-0.999893, 429, 17, 444, 144
-0.999896, 445, 1, 460, 128
-0.9999, 441, 129, 472, 375
-0.9999, 359, 225, 374, 352
-0.999901, 419, 49, 434, 176
-0.999901, 203, 209, 218, 336
-0.999918, 209, 193, 224, 320
-0.999922, 189, 209, 204, 336
-0.999923, 33, 33, 64, 288
-0.999925, 401, 33, 416, 160
-0.999928, 113, 17, 240, 80
-0.999943, 1, 81, 128, 208
-0.999947, 137, 161, 152, 288
-0.999948, 61, 33, 92, 288
-0.99995, 265, 129, 280, 256
-0.999955, 457, 49, 472, 176
-0.999971, 413, 241, 428, 368
-0.999974, 103, 209, 118, 336
-0.999985, 401, 129, 416, 256
-0.999992, 203, 161, 218, 288
-1.00002, 469, 1, 484, 128
-1.00002, 417, 1, 432, 128
-1.00002, 45, 33, 76, 288
-1.00003, 109, 177, 124, 304
-1.00003, 439, 49, 454, 176
-1.00003, 273, 1, 288, 128
-1.00003, 419, 145, 434, 272
-1.00003, 393, 113, 408, 240
-1.00003, 367, 97, 382, 224
-1.00004, 373, 49, 388, 176
-1.00004, 305, 193, 336, 320
-1.00004, 429, 145, 444, 272
-1.00005, 445, 49, 460, 176
-1.00006, 273, 129, 288, 256
-1.00006, 121, 177, 136, 304
-1.00006, 453, 129, 484, 375
-1.00006, 337, 97, 352, 224
-1.00006, 157, 225, 172, 352
-1.00007, 373, 185, 404, 200
-1.00007, 89, 33, 120, 288
-1.00007, 321, 17, 336, 144
-1.00008, 1, 313, 256, 375
-1.00009, 93, 209, 108, 336
-1.00009, 183, 113, 198, 240
-1.00009, 101, 33, 132, 288
-1.0001, 235, 241, 250, 368
-1.0001, 421, 193, 436, 320
-1.00011, 189, 97, 204, 224
-1.00011, 339, 49, 354, 176
-1.00011, 29, 225, 44, 352
-1.00011, 77, 33, 108, 288
-1.00013, 283, 1, 298, 128
-1.00013, 351, 49, 366, 176
-1.00013, 177, 1, 192, 128
-1.00014, 289, 313, 416, 375
-1.00014, 221, 1, 236, 128
-1.00015, 87, 209, 102, 336
-1.00015, 117, 241, 132, 368
-1.00015, 325, 129, 340, 256
-1.00015, 155, 129, 170, 256
-1.00016, 329, 193, 344, 320
-1.00022, 465, 129, 496, 256
-1.00046, 1, 105, 256, 168
-1.00065, 369, 1, 400, 128
-1.00068, 1, 33, 32, 160
-1.0008, 9, 241, 40, 368
-1.00084, 65, 9, 320, 72
-1.00088, 277, 225, 308, 352
-1.00093, 193, 1, 224, 128
-1.00095, 1, 25, 500, 88
-1.00105, 353, 1, 384, 128
-1.00105, 293, 145, 324, 272
-1.00129, 89, 49, 152, 176
-1.00143, 1, 33, 128, 96
-1.0015, 1, 33, 128, 160
-1.00161, 469, 241, 500, 368
-1.00166, 89, 1, 152, 128
-1.00167, 365, 241, 396, 368
-1.00186, 49, 113, 112, 240
-1.00201, 177, 1, 304, 64
-1.00244, 97, 129, 128, 256
-1.00245, 49, 105, 176, 168
-1.00258, 1, 105, 128, 168
-1.00277, 141, 49, 172, 176
-1.00283, 281, 129, 312, 256
-1.00288, 1, 1, 500, 64
-1.003, 341, 241, 372, 368
-1.00313, 125, 241, 156, 368
-1.0035, 49, 1, 176, 64
-1.0035, 113, 129, 144, 256
-1.00368, 233, 193, 264, 320
-1.00373, 1, 65, 128, 128
-1.00396, 5, 97, 36, 224
-1.00421, 25, 81, 88, 208
-1.00422, 25, 33, 88, 160
-1.00508, 49, 1, 112, 128
-1.00593, 1, 9, 128, 72
-1.00594, 49, 49, 112, 176
