1871
-0.342821, 1, 1, 500, 326
-0.377291, 1, 1, 256, 326
-0.404256, 1, 1, 500, 256
-0.53062, 161, 1, 416, 326
-0.548815, 257, 1, 500, 326
-0.564373, 1, 33, 256, 288
-0.625853, 129, 1, 384, 256
-0.710042, 225, 65, 480, 320
-0.824421, 81, 1, 208, 326
-0.853414, 17, 1, 144, 326
-0.85965, 129, 1, 256, 326
-0.869852, 65, 33, 192, 288
-0.870469, 129, 1, 256, 256
-0.876427, 1, 1, 128, 256
-0.877414, 305, 1, 432, 326
-0.881539, 193, 1, 320, 256
-0.889408, 257, 65, 384, 320
-0.891114, 305, 1, 432, 256
-0.892252, 1, 33, 500, 160
-0.893522, 353, 1, 480, 326
-0.89373, 177, 1, 304, 326
-0.900515, 369, 65, 496, 320
-0.901257, 225, 1, 352, 326
-0.90172, 1, 81, 500, 208
-0.901923, 1, 161, 500, 288
-0.902539, 161, 145, 416, 272
-0.907196, 257, 161, 500, 288
-0.916426, 1, 65, 256, 192
-0.919052, 161, 193, 416, 320
-0.920733, 97, 33, 352, 160
-0.924221, 81, 49, 208, 176
-0.926406, 1, 17, 256, 144
-0.927782, 1, 113, 256, 240
-0.930474, 257, 145, 384, 272
-0.93484, 121, 33, 184, 160
-0.935066, 97, 49, 160, 176
-0.935691, 161, 129, 288, 256
-0.935799, 369, 145, 496, 272
-0.936149, 145, 193, 272, 320
-0.936753, 1, 33, 128, 160
-0.939296, 49, 33, 112, 160
-0.942071, 9, 1, 72, 128
-0.942432, 393, 145, 456, 272
-0.944531, 129, 17, 256, 144
-0.945175, 169, 193, 232, 320
-0.946328, 177, 129, 240, 256
-0.946529, 33, 177, 288, 304
-0.946847, 137, 97, 200, 224
-0.946985, 81, 97, 208, 224
-0.947389, 193, 97, 448, 224
-0.947573, 361, 161, 424, 288
-0.947963, 73, 49, 136, 176
-0.948565, 97, 81, 352, 208
-0.94971, 273, 145, 336, 272
-0.949972, 209, 145, 336, 272
-0.950605, 89, 57, 152, 120
-0.951105, 129, 65, 256, 192
-0.951124, 417, 129, 480, 256
-0.951847, 145, 17, 208, 144
-0.952817, 33, 81, 160, 208
-0.953227, 321, 161, 448, 288
-0.953917, 257, 49, 500, 176
-0.954999, 241, 193, 304, 320
-0.955102, 193, 193, 256, 320
-0.955147, 193, 193, 320, 320
-0.955388, 113, 73, 176, 136
-0.955432, 321, 161, 384, 288
-0.956139, 249, 145, 312, 272
-0.956805, 49, 41, 112, 104
-0.957839, 9, 49, 72, 176
-0.957872, 65, 1, 192, 128
-0.958124, 225, 193, 288, 256
-0.95832, 425, 137, 488, 200
-0.958769, 121, 49, 184, 112
-0.95882, 209, 145, 272, 272
-0.958974, 393, 161, 456, 224
-0.959228, 169, 225, 232, 288
-0.95951, 241, 193, 368, 320
-0.959892, 145, 113, 208, 176
-0.960254, 89, 81, 152, 144
-0.961083, 49, 81, 112, 208
-0.961295, 1, 49, 64, 112
-0.961411, 121, 265, 184, 326
-0.961673, 193, 1, 448, 128
-0.962196, 169, 185, 232, 248
-0.96221, 201, 209, 264, 272
-0.962946, 297, 161, 360, 288
-0.962946, 217, 193, 280, 320
-0.962983, 145, 249, 208, 312
-0.963178, 97, 177, 224, 304
-0.963503, 305, 113, 432, 240
-0.963859, 65, 81, 128, 144
-0.964237, 97, 1, 160, 128
-0.964299, 257, 145, 320, 208
-0.96449, 25, 41, 88, 104
-0.964602, 145, 177, 208, 304
-0.965106, 361, 169, 424, 232
-0.965168, 133, 33, 164, 160
-0.966198, 49, 49, 176, 112
-0.966528, 149, 33, 180, 160
-0.966659, 145, 217, 272, 280
-0.966773, 65, 89, 192, 152
-0.96694, 289, 97, 352, 224
-0.96696, 137, 89, 200, 152
-0.966984, 289, 169, 352, 232
-0.967557, 329, 177, 392, 240
-0.967693, 273, 177, 400, 240
-0.967881, 161, 193, 288, 256
-0.968231, 329, 113, 392, 240
-0.968313, 321, 1, 384, 128
-0.968327, 121, 113, 184, 176
-0.969022, 145, 33, 208, 96
-0.969488, 185, 153, 248, 216
-0.969532, 41, 81, 104, 144
-0.969661, 113, 97, 176, 224
-0.969868, 193, 81, 320, 208
-0.970442, 305, 17, 432, 144
-0.970578, 81, 113, 208, 176
-0.970686, 345, 1, 408, 128
-0.970842, 137, 1, 200, 256
-0.971473, 193, 265, 256, 326
-0.971483, 369, 193, 432, 256
-0.972316, 97, 41, 224, 104
-0.972339, 81, 33, 112, 160
-0.972623, 233, 169, 296, 232
-0.972653, 193, 1, 320, 128
-0.972715, 105, 33, 136, 160
-0.972728, 73, 1, 136, 128
-0.972773, 225, 241, 288, 304
-0.972829, 1, 33, 128, 96
-0.973011, 81, 97, 144, 224
-0.973212, 265, 169, 328, 232
-0.973363, 377, 161, 408, 288
-0.973369, 425, 129, 456, 256
-0.97343, 97, 265, 224, 326
-0.973521, 185, 145, 216, 272
-0.973719, 257, 97, 384, 224
-0.973772, 257, 201, 320, 264
-0.974245, 369, 161, 496, 224
-0.974399, 93, 49, 124, 176
-0.974521, 89, 113, 152, 176
-0.97456, 17, 1, 80, 256
-0.974772, 401, 145, 432, 272
-0.974775, 17, 73, 80, 136
-0.974846, 393, 97, 456, 224
-0.974861, 121, 33, 152, 160
-0.974906, 97, 33, 160, 96
-0.974914, 17, 17, 80, 80
-0.974964, 69, 33, 100, 160
-0.974965, 241, 1, 368, 128
-0.975391, 165, 97, 196, 224
-0.975607, 161, 137, 288, 200
-0.975687, 129, 241, 256, 304
-0.975767, 269, 129, 300, 256
-0.975833, 313, 49, 376, 176
-0.975936, 233, 145, 296, 208
-0.975956, 265, 177, 296, 304
-0.975961, 133, 49, 164, 112
-0.97615, 161, 65, 224, 192
-0.976393, 113, 33, 176, 288
-0.976731, 369, 113, 432, 240
-0.976744, 401, 137, 464, 200
-0.976863, 337, 153, 400, 216
-0.976926, 65, 113, 128, 176
-0.976932, 137, 81, 168, 144
-0.977086, 177, 65, 240, 320
-0.977096, 265, 1, 328, 128
-0.9772, 153, 81, 184, 208
-0.977225, 137, 201, 200, 264
-0.97727, 177, 265, 304, 326
-0.977328, 77, 73, 108, 136
-0.97742, 433, 81, 496, 208
-0.977445, 9, 17, 40, 144
-0.977549, 49, 17, 80, 144
-0.977616, 225, 185, 352, 248
-0.977629, 321, 169, 448, 232
-0.977687, 185, 65, 248, 192
-0.977933, 161, 1, 224, 64
-0.97801, 293, 145, 324, 272
-0.978061, 89, 49, 120, 112
-0.978078, 433, 65, 496, 320
-0.978128, 129, 161, 192, 224
-0.978151, 17, 89, 144, 152
-0.978178, 173, 193, 204, 320
-0.978247, 281, 129, 312, 256
-0.97836, 389, 145, 420, 272
-0.97844, 41, 1, 104, 256
-0.978491, 169, 17, 232, 144
-0.978497, 321, 1, 384, 256
-0.978617, 397, 161, 428, 224
-0.978632, 89, 81, 120, 144
-0.978744, 169, 129, 232, 192
-0.978842, 385, 169, 416, 232
-0.978932, 161, 161, 288, 224
-0.978945, 241, 193, 272, 256
-0.97902, 129, 81, 160, 208
-0.979026, 73, 33, 136, 288
-0.979027, 249, 225, 312, 288
-0.979114, 201, 185, 264, 248
-0.979128, 425, 145, 456, 208
-0.979153, 69, 49, 100, 112
-0.97919, 281, 33, 344, 288
-0.979257, 37, 1, 68, 128
-0.979277, 257, 97, 320, 224
-0.979472, 369, 97, 496, 224
-0.979482, 349, 161, 380, 288
-0.979484, 121, 49, 152, 112
-0.979497, 273, 153, 400, 216
-0.979498, 177, 97, 208, 224
-0.979519, 289, 1, 352, 128
-0.979546, 141, 81, 172, 208
-0.979569, 409, 153, 440, 216
-0.979571, 365, 161, 396, 288
-0.979603, 465, 113, 496, 240
-0.979619, 265, 201, 296, 264
-0.979663, 305, 65, 432, 192
-0.979749, 145, 17, 272, 80
-0.979777, 101, 57, 132, 120
-0.979839, 185, 193, 216, 320
-0.979879, 157, 105, 188, 168
-0.979913, 257, 49, 384, 176
-0.979913, 1, 65, 128, 128
-0.979914, 149, 81, 180, 144
-0.979951, 209, 153, 272, 216
-0.979959, 441, 137, 472, 200
-0.980046, 413, 145, 444, 272
-0.980208, 145, 57, 208, 120
-0.98022, 201, 193, 232, 320
-0.980281, 257, 177, 288, 240
-0.980412, 109, 89, 140, 152
-0.98043, 233, 97, 296, 224
-0.980511, 125, 73, 156, 136
-0.980725, 145, 41, 176, 104
-0.980812, 53, 41, 84, 104
-0.980826, 437, 129, 468, 256
-0.980857, 1, 49, 32, 112
-0.98086, 249, 145, 280, 272
-0.980936, 113, 89, 240, 152
-0.98103, 225, 209, 256, 272
-0.981053, 353, 193, 480, 256
-0.981058, 305, 57, 368, 120
-0.981087, 89, 1, 152, 326
-0.981161, 197, 129, 228, 256
-0.981176, 281, 33, 344, 96
-0.981254, 209, 145, 336, 208
-0.981348, 145, 105, 176, 168
-0.981386, 213, 193, 244, 320
-0.98158, 121, 1, 184, 326
-0.981612, 121, 145, 184, 272
-0.981623, 161, 153, 224, 216
-0.98174, 337, 161, 368, 288
-0.98177, 345, 265, 408, 326
-0.981939, 73, 33, 136, 96
-0.982072, 297, 161, 328, 224
-0.982073, 225, 241, 352, 304
-0.982202, 269, 177, 300, 240
-0.982216, 229, 193, 260, 320
-0.982249, 453, 129, 484, 256
-0.982304, 265, 193, 328, 320
-0.982384, 161, 33, 192, 160
-0.982409, 453, 129, 484, 192
-0.982412, 169, 249, 232, 312
-0.982433, 241, 65, 304, 320
-0.982498, 25, 49, 56, 176
-0.982545, 273, 49, 336, 176
-0.982605, 113, 193, 176, 320
-0.982623, 177, 129, 208, 192
-0.982706, 41, 1, 104, 326
-0.982717, 177, 233, 208, 296
-0.982731, 181, 193, 212, 256
-0.982771, 165, 249, 196, 312
-0.982776, 261, 145, 292, 208
-0.982778, 465, 129, 496, 192
-0.982833, 353, 1, 416, 256
-0.982841, 105, 81, 136, 208
-0.982849, 305, 145, 368, 208
-0.982859, 373, 201, 404, 264
-0.982917, 373, 169, 404, 232
-0.983021, 13, 33, 44, 96
-0.983167, 253, 193, 284, 320
-0.983181, 193, 145, 224, 208
-0.983294, 321, 33, 384, 96
-0.983302, 113, 65, 240, 128
-0.983326, 281, 145, 312, 208
-0.98333, 273, 57, 336, 120
-0.983347, 353, 217, 416, 280
-0.98335, 245, 241, 276, 304
-0.983393, 345, 1, 408, 64
-0.983396, 229, 145, 260, 272
-0.983468, 257, 209, 384, 272
-0.983486, 393, 65, 456, 320
-0.983557, 161, 81, 192, 144
-0.983621, 81, 185, 208, 248
-0.983631, 33, 41, 64, 104
-0.98365, 105, 113, 136, 176
-0.983761, 361, 177, 392, 240
-0.98384, 73, 53, 136, 84
-0.983862, 141, 265, 172, 326
-0.983895, 121, 25, 184, 88
-0.98391, 217, 145, 248, 272
-0.983929, 217, 265, 280, 326
-0.983964, 285, 177, 316, 240
-0.983989, 157, 41, 188, 104
-0.984049, 181, 161, 212, 224
-0.984058, 77, 97, 108, 160
-0.984116, 233, 257, 264, 320
-0.98416, 369, 145, 432, 208
-0.984195, 317, 65, 348, 192
-0.984276, 1, 1, 64, 326
-0.984336, 209, 81, 272, 208
-0.984362, 309, 169, 340, 232
-0.984392, 433, 177, 496, 240
-0.984409, 217, 1, 280, 128
-0.984417, 65, 1, 128, 326
-0.984454, 201, 1, 264, 256
-0.984464, 153, 257, 184, 320
-0.984534, 93, 113, 124, 176
-0.984593, 345, 25, 408, 88
-0.984636, 129, 105, 160, 168
-0.984645, 53, 89, 84, 152
-0.984721, 349, 177, 380, 240
-0.984727, 209, 217, 240, 280
-0.984785, 145, 1, 208, 326
-0.984825, 173, 49, 204, 176
-0.984829, 225, 197, 288, 228
-0.984859, 21, 57, 52, 120
-0.984875, 113, 53, 176, 84
-0.984942, 165, 145, 196, 272
-0.984958, 193, 217, 224, 280
-0.984976, 177, 105, 208, 168
-0.985038, 309, 161, 340, 288
-0.985083, 433, 113, 496, 176
-0.985089, 41, 9, 72, 72
-0.985146, 321, 201, 384, 264
-0.985259, 317, 65, 348, 128
-0.98527, 253, 201, 284, 264
-0.985279, 393, 185, 456, 248
-0.985329, 225, 185, 256, 248
-0.985344, 321, 1, 384, 326
-0.985366, 213, 193, 244, 256
-0.985411, 65, 265, 128, 326
-0.985552, 89, 193, 152, 320
-0.985589, 209, 209, 336, 272
-0.985705, 221, 265, 252, 326
-0.98576, 257, 225, 288, 288
-0.985766, 369, 137, 496, 200
-0.985837, 41, 81, 72, 144
-0.985889, 241, 1, 304, 128
-0.98594, 117, 81, 148, 208
-0.985948, 165, 17, 196, 80
-0.985989, 165, 161, 196, 224
-0.985993, 337, 169, 368, 232
-0.986065, 369, 193, 496, 320
-0.986126, 249, 1, 312, 64
-0.986187, 37, 49, 68, 176
-0.98621, 321, 145, 448, 208
-0.986254, 277, 201, 308, 264
-0.986269, 201, 241, 264, 304
-0.986275, 193, 1, 256, 128
-0.986288, 201, 193, 232, 256
-0.986296, 305, 25, 432, 88
-0.9863, 89, 265, 152, 326
-0.986313, 281, 1, 344, 326
-0.986355, 65, 17, 192, 80
-0.986409, 161, 89, 224, 152
-0.986409, 197, 265, 228, 326
-0.986426, 33, 45, 96, 76
-0.986427, 345, 1, 408, 326
-0.986505, 281, 137, 344, 200
-0.986522, 113, 225, 176, 288
-0.986531, 57, 17, 88, 80
-0.986554, 369, 1, 432, 64
-0.986565, 33, 177, 160, 304
-0.986627, 81, 65, 144, 96
-0.98663, 245, 169, 276, 232
-0.986633, 249, 145, 280, 208
-0.986669, 113, 85, 176, 116
-0.986688, 65, 73, 96, 136
-0.986706, 65, 97, 96, 160
-0.986721, 49, 73, 112, 104
-0.98674, 129, 117, 192, 148
-0.986744, 169, 185, 200, 248
-0.986921, 49, 17, 112, 80
-0.986921, 237, 217, 268, 280
-0.986962, 129, 113, 256, 176
-0.986964, 353, 33, 480, 160
-0.986976, 193, 1, 256, 326
-0.986987, 53, 65, 84, 128
-0.987015, 321, 41, 352, 104
-0.987032, 281, 9, 344, 72
-0.987038, 165, 225, 196, 288
-0.987056, 225, 217, 288, 280
-0.987071, 425, 177, 488, 304
-0.987102, 369, 1, 432, 128
-0.987123, 313, 89, 344, 152
-0.987182, 1, 9, 128, 72
-0.987208, 193, 129, 256, 192
-0.98721, 113, 153, 240, 216
-0.987242, 241, 57, 304, 120
-0.98726, 325, 169, 356, 232
-0.987268, 73, 241, 136, 304
-0.987352, 209, 257, 240, 320
-0.987365, 305, 81, 368, 144
-0.987368, 241, 1, 368, 64
-0.987394, 433, 201, 496, 264
-0.987413, 361, 65, 424, 192
-0.987413, 241, 185, 304, 216
-0.987462, 225, 17, 288, 80
-0.987601, 397, 185, 428, 248
-0.987706, 333, 25, 364, 88
-0.987747, 365, 225, 396, 288
-0.987775, 229, 153, 260, 216
-0.987776, 277, 177, 308, 304
-0.987805, 353, 217, 480, 280
-0.987839, 89, 89, 152, 120
-0.98786, 257, 33, 320, 96
-0.987896, 313, 249, 376, 312
-0.987928, 25, 1, 56, 128
-0.987946, 109, 33, 140, 96
-0.987954, 209, 213, 272, 244
-0.988, 105, 73, 168, 104
-0.988, 121, 1, 184, 64
-0.988001, 385, 193, 416, 256
-0.988005, 241, 193, 272, 320
-0.988007, 81, 81, 112, 208
-0.98802, 121, 137, 184, 200
-0.988037, 409, 177, 440, 240
-0.988046, 421, 169, 452, 232
-0.988068, 369, 1, 432, 326
-0.988077, 69, 25, 100, 88
-0.988178, 125, 265, 156, 326
-0.98821, 433, 141, 496, 172
-0.988324, 41, 61, 104, 92
-0.988353, 145, 225, 208, 288
-0.988394, 97, 217, 224, 280
-0.988394, 221, 241, 252, 304
-0.988438, 257, 153, 320, 184
-0.988473, 377, 1, 408, 64
-0.988493, 217, 153, 248, 216
-0.988547, 169, 1, 232, 326
-0.988575, 301, 97, 332, 224
-0.988593, 169, 197, 232, 228
-0.988649, 293, 137, 324, 200
-0.988662, 225, 177, 480, 240
-0.988669, 281, 193, 344, 256
-0.988761, 9, 41, 72, 72
-0.988845, 333, 17, 364, 144
-0.988855, 65, 265, 96, 326
-0.988882, 385, 165, 448, 196
-0.988914, 185, 265, 216, 326
-0.988984, 193, 1, 320, 64
-0.988984, 321, 1, 448, 64
-0.989049, 225, 41, 352, 104
-0.989066, 41, 85, 104, 116
-0.98908, 145, 41, 272, 104
-0.989112, 81, 25, 112, 88
-0.989163, 105, 121, 168, 152
-0.989191, 1, 1, 32, 64
-0.989195, 441, 113, 472, 176
-0.989196, 185, 33, 248, 96
-0.989212, 145, 73, 208, 104
-0.989213, 353, 241, 416, 304
-0.989215, 353, 113, 384, 240
-0.989234, 113, 265, 144, 326
-0.989238, 165, 129, 196, 192
-0.989254, 321, 17, 352, 144
-0.989254, 325, 161, 356, 288
-0.989261, 365, 1, 396, 64
-0.989271, 265, 185, 328, 216
-0.989272, 293, 57, 324, 120
-0.989304, 1, 53, 64, 84
-0.989323, 321, 9, 384, 72
-0.989324, 357, 201, 388, 264
-0.989325, 409, 149, 472, 180
-0.989344, 29, 17, 60, 80
-0.989345, 353, 265, 384, 326
-0.989359, 381, 145, 412, 208
-0.989384, 41, 265, 104, 326
-0.989424, 161, 73, 288, 136
-0.989478, 25, 97, 88, 224
-0.989502, 53, 65, 84, 192
-0.989511, 149, 129, 180, 192
-0.989518, 129, 25, 160, 88
-0.989692, 361, 153, 392, 216
-0.989724, 137, 233, 168, 296
-0.989733, 289, 177, 352, 208
-0.98982, 1, 25, 32, 88
-0.989839, 157, 193, 188, 256
-0.989848, 233, 49, 296, 176
-0.989854, 393, 1, 456, 326
-0.989855, 149, 17, 180, 80
-0.989871, 49, 233, 176, 296
-0.989875, 197, 121, 228, 184
-0.989917, 393, 49, 456, 176
-0.989921, 145, 105, 208, 136
-0.989934, 465, 177, 496, 240
-0.989981, 265, 169, 328, 200
-0.989996, 125, 129, 156, 192
-0.990002, 225, 1, 288, 326
-0.990009, 17, 9, 48, 72
-0.990022, 433, 1, 496, 326
-0.990062, 377, 121, 440, 184
-0.990091, 349, 9, 380, 72
-0.990112, 353, 241, 384, 304
-0.990123, 193, 277, 256, 308
-0.990184, 329, 65, 360, 128
-0.990186, 137, 41, 200, 72
-0.990188, 65, 85, 128, 116
-0.990202, 185, 105, 248, 168
-0.990245, 169, 229, 232, 260
-0.990258, 345, 41, 376, 104
-0.990303, 409, 105, 472, 168
-0.99034, 89, 265, 120, 326
-0.990355, 337, 177, 400, 208
-0.990356, 353, 105, 480, 168
-0.990372, 153, 137, 216, 168
-0.990438, 161, 145, 416, 208
-0.990442, 129, 193, 384, 256
-0.990455, 177, 113, 304, 176
-0.990471, 185, 1, 248, 64
-0.990569, 1, 41, 256, 104
-0.990601, 305, 49, 432, 112
-0.990623, 65, 297, 128, 326
-0.990726, 257, 1, 320, 326
-0.990748, 57, 97, 120, 128
-0.990804, 329, 129, 392, 192
-0.99083, 265, 81, 328, 144
-0.990842, 169, 213, 232, 244
-0.990898, 177, 289, 240, 320
-0.990905, 185, 81, 248, 144
-0.991046, 113, 105, 176, 136
-0.991076, 273, 265, 400, 326
-0.991091, 217, 49, 280, 112
-0.991146, 305, 201, 432, 264
-0.99126, 153, 253, 216, 284
-0.991281, 65, 121, 128, 152
-0.991344, 1, 65, 64, 96
-0.991407, 257, 121, 320, 184
-0.991433, 121, 273, 184, 304
-0.991511, 17, 193, 80, 320
-0.991514, 69, 81, 100, 208
-0.991539, 193, 149, 256, 180
-0.991552, 65, 85, 192, 116
-0.991576, 137, 81, 168, 112
-0.991615, 321, 225, 384, 288
-0.991667, 105, 285, 168, 316
-0.99167, 361, 173, 424, 204
-0.991675, 249, 193, 280, 224
-0.991688, 1, 121, 256, 184
-0.991694, 153, 113, 184, 144
-0.991707, 153, 125, 216, 156
-0.991747, 405, 97, 436, 224
-0.991749, 241, 245, 304, 276
-0.991757, 321, 113, 352, 240
-0.991759, 161, 193, 192, 320
-0.991839, 5, 49, 36, 80
-0.99185, 85, 53, 116, 84
-0.991864, 257, 209, 320, 240
-0.991875, 17, 77, 80, 108
-0.991876, 169, 185, 232, 216
-0.991897, 297, 165, 360, 196
-0.9919, 137, 213, 200, 244
-0.991908, 145, 265, 208, 296
-0.991912, 193, 249, 448, 312
-0.99193, 33, 129, 160, 256
-0.99199, 177, 241, 304, 304
-0.992, 9, 1, 72, 32
-0.992005, 265, 185, 296, 216
-0.992022, 137, 85, 200, 116
-0.992058, 73, 49, 104, 80
-0.992081, 185, 57, 248, 120
-0.992152, 137, 225, 200, 256
-0.992156, 97, 41, 352, 104
-0.992157, 41, 33, 104, 64
-0.992161, 17, 25, 80, 56
-0.992167, 89, 109, 152, 140
-0.992173, 433, 233, 496, 296
-0.992174, 169, 241, 232, 272
-0.992185, 289, 113, 352, 176
-0.992197, 145, 69, 176, 100
-0.992226, 369, 201, 432, 232
-0.99224, 161, 29, 224, 60
-0.992259, 217, 265, 280, 296
-0.992313, 393, 165, 424, 196
-0.99232, 353, 1, 384, 128
-0.992367, 53, 45, 84, 76
-0.992368, 377, 113, 408, 240
-0.992376, 133, 53, 164, 84
-0.992391, 65, 41, 128, 72
-0.992407, 393, 181, 456, 212
-0.992415, 369, 189, 432, 220
-0.99242, 425, 161, 488, 192
-0.992465, 81, 137, 144, 200
-0.992475, 97, 265, 352, 326
-0.992519, 265, 197, 296, 228
-0.992529, 65, 57, 192, 88
-0.992535, 161, 217, 288, 248
-0.992536, 93, 97, 124, 224
-0.992563, 193, 225, 256, 256
-0.992608, 49, 69, 176, 100
-0.992612, 9, 13, 72, 44
-0.992629, 217, 121, 280, 184
-0.992658, 97, 85, 128, 116
-0.992683, 97, 53, 128, 84
-0.992697, 81, 81, 112, 112
-0.992705, 33, 113, 160, 176
-0.992713, 193, 225, 448, 288
-0.992744, 157, 65, 188, 96
-0.992782, 141, 113, 172, 144
-0.992783, 1, 265, 500, 326
-0.992789, 233, 197, 264, 228
-0.992791, 469, 129, 500, 160
-0.992806, 313, 177, 376, 208
-0.992822, 1, 265, 128, 326
-0.992831, 109, 53, 140, 84
-0.992842, 1, 49, 500, 112
-0.992845, 105, 121, 136, 152
-0.99288, 321, 265, 448, 326
-0.992882, 145, 45, 176, 76
-0.992884, 189, 289, 220, 320
-0.992903, 117, 69, 148, 100
-0.992903, 17, 53, 144, 84
-0.992914, 381, 177, 412, 208
-0.992919, 105, 41, 168, 72
-0.99292, 425, 149, 456, 180
-0.992924, 105, 65, 136, 96
-0.992928, 449, 141, 480, 172
-0.992928, 405, 157, 436, 188
-0.992938, 89, 117, 120, 148
-0.99296, 353, 297, 416, 326
-0.992964, 69, 69, 100, 100
-0.992982, 169, 157, 232, 188
-0.992982, 301, 173, 332, 204
-0.993012, 257, 153, 500, 216
-0.993017, 129, 69, 160, 100
-0.993029, 137, 269, 168, 300
-0.993029, 269, 209, 300, 240
-0.993052, 121, 57, 152, 88
-0.993054, 129, 121, 160, 152
-0.993072, 105, 289, 136, 320
-0.993078, 85, 101, 116, 132
-0.993089, 225, 157, 288, 188
-0.993092, 233, 213, 296, 244
-0.993093, 137, 181, 200, 212
-0.993093, 201, 201, 264, 232
-0.993121, 145, 61, 208, 92
-0.993123, 93, 65, 124, 96
-0.993124, 253, 237, 284, 268
-0.99314, 217, 273, 248, 304
-0.993162, 177, 133, 208, 164
-0.993168, 53, 33, 84, 64
-0.993172, 177, 297, 208, 326
-0.993182, 365, 113, 396, 240
-0.993198, 1, 145, 500, 208
-0.993206, 81, 117, 208, 148
-0.993208, 129, 169, 384, 232
-0.99321, 129, 17, 384, 80
-0.993216, 141, 93, 172, 124
-0.993216, 157, 97, 188, 128
-0.993225, 117, 281, 148, 312
-0.993247, 277, 181, 308, 212
-0.993251, 41, 41, 72, 72
-0.993265, 229, 265, 260, 296
-0.993272, 425, 81, 488, 144
-0.993275, 273, 129, 400, 192
-0.993306, 65, 97, 96, 128
-0.993306, 1, 81, 256, 144
-0.993331, 437, 141, 468, 172
-0.993344, 85, 297, 116, 326
-0.993347, 253, 181, 284, 212
-0.99337, 169, 245, 200, 276
-0.993376, 265, 145, 296, 176
-0.993379, 21, 37, 52, 68
-0.993384, 77, 117, 108, 148
-0.99339, 173, 165, 204, 196
-0.993395, 197, 153, 228, 184
-0.993402, 201, 281, 232, 312
-0.993405, 213, 217, 244, 248
-0.993412, 153, 257, 184, 288
-0.993427, 337, 113, 368, 240
-0.993439, 181, 233, 212, 264
-0.993455, 125, 81, 156, 112
-0.993465, 61, 57, 92, 88
-0.993468, 397, 185, 428, 216
-0.99347, 81, 69, 112, 100
-0.993472, 33, 69, 64, 100
-0.993479, 41, 105, 104, 168
-0.993496, 41, 25, 72, 56
-0.993502, 289, 173, 416, 204
-0.993521, 129, 81, 384, 144
-0.99353, 65, 297, 192, 326
-0.993532, 245, 249, 276, 280
-0.993534, 69, 81, 100, 112
-0.993549, 147, 73, 162, 136
-0.993556, 369, 177, 400, 208
-0.993568, 9, 61, 40, 92
-0.993572, 169, 113, 200, 144
-0.993573, 233, 237, 264, 268
-0.993579, 337, 49, 400, 176
-0.993596, 229, 209, 260, 240
-0.993604, 177, 201, 304, 232
-0.993606, 181, 213, 212, 244
-0.993614, 193, 189, 256, 220
-0.99363, 289, 181, 320, 212
-0.993643, 161, 17, 224, 48
-0.993643, 293, 157, 324, 188
-0.993644, 21, 69, 52, 100
-0.993656, 49, 85, 80, 116
-0.993668, 321, 57, 352, 88
-0.993673, 221, 197, 252, 228
-0.993673, 249, 205, 280, 236
-0.993687, 313, 173, 344, 204
-0.993687, 381, 201, 412, 232
-0.993695, 409, 173, 440, 204
-0.993696, 129, 193, 192, 224
-0.993709, 161, 225, 192, 256
-0.993718, 329, 193, 392, 224
-0.993726, 181, 197, 212, 228
-0.993726, 361, 213, 424, 244
-0.993734, 117, 117, 148, 148
-0.993737, 225, 201, 480, 264
-0.993751, 193, 81, 224, 208
-0.993757, 149, 81, 180, 112
-0.99376, 81, 285, 144, 316
-0.993769, 21, 57, 52, 88
-0.993771, 445, 81, 476, 208
-0.993779, 161, 1, 224, 32
-0.993789, 257, 157, 288, 188
-0.99379, 93, 129, 124, 160
-0.993809, 337, 241, 464, 304
-0.993809, 153, 89, 168, 152
-0.993812, 277, 193, 308, 224
-0.99383, 157, 37, 188, 68
-0.993843, 129, 289, 192, 320
-0.993847, 265, 173, 296, 204
-0.993847, 169, 153, 200, 184
-0.993873, 317, 73, 348, 104
-0.993876, 105, 133, 136, 164
-0.993876, 281, 205, 312, 236
-0.993889, 385, 193, 448, 320
-0.993894, 313, 93, 344, 124
-0.993904, 201, 221, 232, 252
-0.993915, 201, 237, 264, 268
-0.993919, 277, 165, 308, 196
-0.993924, 145, 165, 208, 196
-0.993933, 161, 165, 192, 196
-0.993935, 33, 57, 64, 88
-0.993941, 161, 53, 192, 84
-0.993953, 333, 177, 364, 208
-0.993961, 65, 37, 96, 68
-0.993963, 1, 41, 128, 72
-0.993981, 281, 149, 312, 180
-0.993984, 79, 57, 94, 120
-0.994004, 257, 141, 320, 172
-0.994005, 271, 177, 286, 240
-0.994014, 65, 153, 192, 216
-0.99402, 129, 281, 160, 312
-0.994024, 81, 285, 208, 316
-0.994028, 109, 89, 140, 120
-0.994042, 49, 65, 80, 96
-0.994051, 161, 77, 192, 108
-0.994052, 257, 65, 384, 128
-0.994062, 93, 1, 124, 128
-0.994064, 105, 109, 136, 140
-0.994065, 97, 97, 128, 128
-0.994084, 113, 49, 240, 80
-0.994086, 33, 1, 64, 32
-0.994099, 1, 73, 500, 136
-0.9941, 141, 125, 172, 156
-0.99411, 181, 185, 212, 216
-0.994112, 357, 177, 388, 208
-0.994115, 361, 297, 392, 326
-0.994118, 369, 209, 400, 240
-0.994119, 9, 37, 40, 68
-0.99412, 185, 153, 216, 184
-0.994123, 41, 13, 72, 44
-0.994123, 121, 45, 152, 76
-0.994128, 429, 161, 460, 192
-0.994134, 201, 141, 232, 172
-0.994174, 385, 153, 448, 184
-0.99419, 91, 73, 106, 136
-0.9942, 269, 81, 300, 208
-0.99421, 249, 233, 312, 264
-0.994225, 161, 229, 288, 260
-0.994233, 17, 265, 80, 326
-0.994238, 277, 185, 292, 248
-0.994254, 241, 181, 368, 212
-0.994255, 49, 97, 176, 128
-0.994257, 369, 81, 496, 144
-0.994274, 217, 185, 280, 216
-0.994278, 137, 49, 152, 112
-0.994279, 65, 193, 128, 320
-0.994291, 249, 197, 312, 228
-0.994293, 113, 73, 240, 104
-0.994323, 15, 41, 30, 104
-0.994343, 369, 169, 496, 200
-0.994343, 93, 49, 108, 112
-0.994344, 57, 281, 120, 312
-0.994347, 153, 297, 216, 326
-0.994348, 49, 265, 176, 326
-0.994354, 89, 297, 152, 326
-0.994361, 41, 193, 104, 320
-0.994364, 145, 41, 160, 104
-0.994377, 145, 257, 272, 288
-0.994384, 241, 173, 304, 204
-0.9944, 99, 81, 114, 144
-0.994447, 369, 1, 496, 64
-0.994448, 329, 57, 392, 120
-0.994451, 403, 161, 418, 224
-0.994461, 429, 81, 460, 208
-0.994472, 369, 81, 432, 144
-0.994536, 65, 217, 320, 280
-0.994543, 395, 169, 410, 232
-0.994546, 217, 225, 280, 256
-0.994551, 33, 193, 288, 256
-0.994551, 209, 65, 336, 128
-0.994556, 65, 109, 128, 140
-0.994578, 289, 265, 352, 326
-0.994597, 81, 273, 144, 304
-0.994605, 1, 201, 500, 264
-0.994618, 159, 97, 174, 160
-0.994621, 103, 49, 118, 112
-0.994649, 71, 41, 86, 104
-0.994658, 17, 89, 80, 120
-0.99466, 281, 65, 344, 96
-0.994674, 141, 81, 156, 144
-0.99469, 257, 97, 288, 224
-0.994691, 313, 53, 376, 84
-0.994697, 135, 81, 150, 144
-0.994702, 233, 145, 296, 176
-0.994714, 121, 241, 184, 272
-0.994719, 377, 297, 440, 326
-0.994728, 383, 169, 398, 232
-0.994729, 125, 49, 140, 112
-0.994733, 1, 169, 500, 232
-0.994755, 431, 145, 446, 208
-0.994768, 151, 49, 166, 112
-0.99477, 389, 169, 404, 232
-0.994795, 433, 129, 496, 160
-0.994814, 49, 9, 64, 72
-0.994827, 433, 197, 496, 228
-0.994828, 177, 169, 240, 200
-0.994831, 85, 73, 100, 136
-0.994852, 411, 153, 426, 216
-0.994865, 57, 25, 72, 88
-0.994868, 1, 65, 128, 96
-0.994873, 337, 205, 400, 236
-0.994895, 329, 297, 392, 326
-0.994896, 145, 241, 272, 272
-0.994913, 385, 137, 448, 168
-0.994922, 305, 65, 368, 96
-0.994924, 409, 217, 472, 280
-0.994926, 265, 77, 328, 108
-0.994935, 419, 153, 434, 216
-0.99494, 105, 81, 120, 144
-0.994943, 281, 41, 344, 72
-0.994944, 417, 185, 480, 216
-0.994959, 271, 201, 286, 264
-0.99496, 113, 201, 176, 264
-0.994981, 121, 1, 184, 32
-0.994985, 273, 197, 336, 228
-0.994986, 113, 269, 240, 300
-0.994991, 97, 257, 160, 288
-0.995011, 177, 189, 304, 220
-0.995025, 283, 193, 298, 256
-0.995027, 345, 9, 408, 40
-0.995039, 353, 29, 416, 60
-0.995046, 385, 265, 448, 326
-0.995047, 201, 249, 264, 280
-0.995051, 65, 45, 192, 76
-0.995057, 217, 25, 280, 56
-0.995067, 169, 113, 184, 176
-0.995069, 425, 145, 440, 208
-0.99509, 225, 121, 480, 184
-0.995107, 297, 153, 312, 216
-0.995129, 289, 233, 416, 296
-0.995145, 321, 17, 384, 48
-0.995146, 119, 49, 134, 112
-0.995151, 145, 277, 208, 308
-0.995152, 65, 145, 320, 208
-0.99518, 329, 33, 392, 64
-0.995183, 131, 49, 146, 112
-0.995205, 1, 9, 256, 72
-0.995205, 265, 177, 280, 240
-0.99522, 1, 169, 256, 232
-0.995234, 97, 9, 160, 72
-0.995239, 129, 37, 256, 68
-0.995242, 153, 129, 184, 256
-0.995247, 3, 49, 18, 112
-0.995253, 137, 29, 200, 60
-0.995258, 337, 281, 400, 312
-0.995291, 97, 241, 352, 304
-0.995299, 17, 85, 144, 116
-0.995299, 281, 25, 344, 56
-0.995302, 267, 145, 282, 208
-0.995306, 297, 297, 360, 326
-0.995349, 447, 137, 462, 200
-0.995361, 281, 145, 296, 208
-0.995392, 309, 161, 324, 224
-0.995404, 329, 105, 392, 168
-0.995413, 87, 49, 102, 112
-0.99542, 439, 137, 454, 200
-0.995472, 161, 153, 288, 184
-0.995498, 97, 105, 352, 168
-0.995498, 129, 73, 144, 136
-0.995515, 9, 41, 24, 104
-0.995526, 293, 17, 324, 144
-0.995539, 111, 49, 126, 112
-0.995552, 175, 153, 190, 216
-0.995584, 179, 217, 194, 280
-0.995636, 129, 113, 144, 176
-0.995648, 1, 265, 256, 326
-0.995652, 107, 113, 122, 176
-0.995665, 65, 41, 80, 104
-0.995681, 165, 81, 180, 144
-0.995708, 305, 73, 432, 136
-0.995722, 121, 81, 136, 144
-0.995732, 9, 113, 72, 176
-0.995745, 253, 193, 268, 256
-0.995748, 469, 65, 500, 192
-0.995755, 289, 177, 304, 240
-0.995763, 189, 129, 204, 192
-0.995781, 469, 129, 484, 192
-0.995793, 129, 85, 256, 116
-0.995796, 303, 153, 318, 216
-0.995835, 1, 25, 500, 88
-0.995842, 369, 181, 496, 212
-0.995845, 175, 105, 190, 168
-0.995854, 275, 153, 290, 216
-0.995856, 1, 105, 500, 168
-0.995871, 129, 101, 256, 132
-0.995895, 305, 161, 432, 192
-0.995914, 455, 129, 470, 192
-0.995921, 483, 121, 498, 184
-0.995926, 245, 201, 260, 264
-0.995951, 159, 33, 174, 96
-0.995964, 1, 97, 64, 224
-0.996028, 197, 137, 212, 200
-0.996034, 259, 177, 274, 240
-0.996036, 159, 65, 174, 128
-0.996044, 115, 89, 130, 152
-0.996079, 1, 241, 128, 304
-0.996099, 259, 153, 274, 216
-0.99613, 145, 25, 272, 56
-0.996135, 151, 113, 166, 176
-0.996152, 89, 145, 152, 272
-0.996152, 69, 89, 84, 152
-0.996156, 99, 105, 114, 168
-0.996166, 185, 169, 200, 232
-0.996177, 369, 157, 496, 188
-0.996187, 225, 201, 352, 232
-0.996191, 377, 177, 392, 240
-0.996205, 49, 33, 176, 64
-0.996209, 43, 73, 58, 136
-0.996238, 185, 233, 200, 296
-0.996241, 239, 201, 254, 264
-0.996243, 273, 197, 400, 228
-0.996279, 81, 33, 96, 96
-0.996283, 281, 81, 312, 208
-0.996299, 353, 193, 480, 224
-0.996312, 259, 233, 274, 296
-0.996319, 17, 17, 32, 80
-0.996334, 233, 257, 248, 320
-0.996345, 1, 241, 256, 304
-0.99638, 191, 161, 206, 224
-0.996389, 209, 213, 336, 244
-0.996394, 463, 137, 478, 200
-0.996394, 133, 193, 164, 320
-0.9964, 57, 81, 72, 144
-0.996421, 209, 157, 336, 188
-0.99645, 105, 177, 168, 240
-0.996457, 353, 205, 480, 236
-0.99648, 209, 265, 336, 296
-0.996486, 253, 217, 268, 280
-0.996488, 393, 65, 456, 128
-0.9965, 177, 281, 304, 312
-0.996501, 227, 209, 242, 272
-0.996518, 183, 193, 198, 256
-0.99653, 273, 1, 304, 128
-0.996532, 29, 33, 44, 96
-0.996539, 183, 129, 198, 192
-0.99654, 283, 169, 298, 232
-0.996546, 315, 169, 330, 232
-0.996551, 169, 249, 184, 312
-0.996551, 9, 145, 72, 272
-0.996562, 475, 129, 490, 192
-0.996573, 97, 137, 224, 168
-0.996573, 49, 209, 176, 272
-0.996586, 23, 49, 38, 112
-0.996598, 41, 41, 56, 104
-0.996618, 113, 201, 240, 232
-0.996621, 161, 169, 288, 200
-0.996623, 265, 217, 280, 280
-0.996625, 221, 209, 236, 272
-0.996641, 87, 97, 102, 160
-0.99666, 35, 41, 50, 104
-0.996665, 173, 177, 188, 240
-0.996667, 319, 65, 334, 128
-0.996668, 371, 177, 386, 240
-0.996683, 287, 145, 302, 208
-0.996687, 1, 13, 128, 44
-0.99669, 57, 129, 120, 256
-0.996698, 243, 241, 258, 304
-0.996701, 113, 225, 240, 256
-0.996701, 159, 121, 174, 184
-0.996705, 163, 249, 178, 312
-0.996706, 225, 241, 352, 272
-0.99672, 393, 97, 424, 224
-0.996746, 149, 193, 180, 320
-0.996749, 209, 81, 272, 144
-0.996753, 349, 177, 364, 240
-0.996759, 393, 1, 456, 128
-0.996772, 365, 177, 380, 240
-0.996777, 1, 113, 128, 144
-0.996785, 49, 241, 112, 304
-0.996801, 257, 213, 384, 244
-0.996801, 251, 241, 266, 304
-0.996804, 157, 257, 172, 320
-0.99682, 53, 1, 84, 256
-0.99682, 227, 249, 242, 312
-0.996821, 383, 201, 398, 264
-0.996844, 33, 65, 48, 128
-0.996844, 277, 209, 292, 272
-0.99685, 193, 225, 208, 288
-0.996859, 79, 97, 94, 160
-0.99687, 469, 161, 500, 288
-0.996881, 373, 209, 388, 272
-0.996882, 149, 1, 180, 256
-0.996889, 129, 113, 256, 144
-0.996904, 215, 217, 230, 280
-0.996914, 177, 141, 304, 172
-0.996919, 41, 1, 72, 256
-0.996924, 215, 193, 230, 256
-0.996955, 115, 113, 130, 176
-0.99696, 51, 49, 66, 112
-0.997, 33, 129, 96, 192
-0.997007, 177, 241, 192, 304
-0.997018, 23, 25, 38, 88
-0.997022, 343, 169, 358, 232
-0.997041, 1, 101, 128, 132
-0.997043, 1, 225, 500, 288
-0.997051, 145, 265, 160, 326
-0.997052, 43, 1, 58, 64
-0.997056, 259, 201, 274, 264
-0.997069, 145, 1, 272, 32
-0.997069, 181, 105, 196, 168
-0.997081, 145, 13, 272, 44
-0.997086, 365, 1, 396, 128
-0.997105, 63, 81, 78, 144
-0.997106, 17, 225, 80, 288
-0.997112, 257, 21, 384, 52
-0.997128, 147, 77, 162, 108
-0.997138, 177, 65, 304, 96
-0.997152, 13, 1, 44, 256
-0.997168, 161, 293, 288, 324
-0.997187, 3, 57, 18, 88
-0.997197, 137, 1, 168, 256
-0.997211, 113, 61, 240, 92
-0.997215, 241, 169, 368, 200
-0.997222, 73, 9, 136, 72
-0.997229, 305, 185, 432, 216
-0.99725, 353, 217, 480, 248
-0.997252, 225, 253, 352, 284
-0.997253, 65, 41, 80, 72
-0.997276, 15, 45, 30, 76
-0.997283, 97, 213, 224, 244
-0.997284, 155, 113, 170, 144
-0.99729, 369, 25, 432, 88
-0.99729, 41, 209, 104, 272
-0.997311, 321, 297, 448, 326
-0.997318, 29, 1, 60, 256
-0.997369, 155, 69, 170, 100
-0.997381, 417, 33, 480, 160
-0.997389, 81, 189, 208, 220
-0.997389, 81, 241, 208, 272
-0.997395, 257, 225, 384, 256
-0.997398, 79, 49, 94, 80
-0.997401, 273, 201, 288, 232
-0.997426, 129, 189, 256, 220
-0.997427, 71, 49, 86, 80
-0.997453, 225, 45, 352, 76
-0.997465, 87, 49, 102, 80
-0.997479, 33, 125, 160, 156
-0.997481, 165, 65, 196, 320
-0.997495, 59, 33, 74, 64
-0.997505, 257, 1, 500, 64
-0.997521, 149, 117, 164, 148
-0.99753, 115, 53, 130, 84
-0.997532, 107, 117, 122, 148
-0.997567, 153, 85, 168, 116
-0.99757, 281, 193, 296, 224
-0.997573, 153, 97, 168, 128
-0.997575, 257, 49, 500, 112
-0.997585, 193, 1, 320, 32
-0.997585, 33, 145, 96, 272
-0.997595, 265, 189, 280, 220
-0.997595, 325, 1, 356, 256
-0.9976, 165, 115, 196, 130
-0.9976, 81, 65, 96, 96
-0.997605, 177, 135, 208, 150
-0.997614, 93, 293, 124, 308
-0.997619, 271, 181, 286, 212
-0.99762, 141, 125, 172, 140
-0.997621, 317, 71, 348, 86
-0.997625, 175, 157, 190, 188
-0.99763, 241, 33, 368, 64
-0.997631, 233, 239, 264, 254
-0.997631, 157, 61, 188, 76
-0.997632, 297, 167, 328, 182
-0.997639, 41, 77, 72, 92
-0.997641, 249, 49, 280, 176
-0.997642, 99, 81, 114, 112
-0.997642, 441, 65, 472, 320
-0.997643, 181, 197, 212, 212
-0.997652, 1, 1, 32, 256
-0.997654, 47, 9, 62, 40
-0.997655, 143, 49, 158, 80
-0.997667, 237, 263, 268, 278
-0.997667, 289, 149, 416, 180
-0.997676, 141, 99, 172, 114
-0.997676, 101, 57, 116, 88
-0.997678, 285, 159, 316, 174
-0.997678, 41, 85, 72, 100
-0.997682, 189, 293, 220, 308
-0.997683, 265, 205, 296, 220
-0.99769, 113, 149, 240, 180
-0.997692, 145, 111, 176, 126
-0.997707, 397, 191, 428, 206
-0.997709, 399, 169, 414, 200
-0.99772, 277, 191, 308, 206
-0.997722, 65, 97, 96, 112
-0.997722, 173, 157, 204, 172
-0.997723, 161, 227, 192, 242
-0.997725, 453, 65, 484, 320
-0.997726, 281, 177, 312, 192
-0.997728, 193, 13, 320, 44
-0.997728, 45, 37, 76, 52
-0.997731, 91, 89, 106, 120
-0.997733, 173, 169, 204, 184
-0.997739, 21, 71, 52, 86
-0.997743, 313, 175, 344, 190
-0.997743, 173, 307, 204, 322
-0.997747, 393, 173, 408, 204
-0.997749, 89, 77, 104, 108
-0.997749, 229, 197, 260, 212
-0.997753, 97, 257, 224, 288
-0.997755, 81, 103, 112, 118
-0.997755, 33, 277, 160, 308
-0.997759, 281, 177, 296, 208
-0.997761, 161, 113, 176, 144
-0.997764, 133, 113, 164, 128
-0.997766, 33, 253, 160, 284
-0.997769, 109, 53, 124, 84
-0.997772, 73, 87, 104, 102
-0.997781, 95, 53, 110, 84
-0.997781, 121, 33, 152, 288
-0.997785, 85, 75, 116, 90
-0.997785, 469, 65, 500, 320
-0.997792, 159, 101, 174, 132
-0.997795, 277, 209, 308, 224
-0.997807, 229, 269, 260, 284
-0.997811, 247, 197, 262, 228
-0.997816, 405, 181, 436, 196
-0.997818, 139, 81, 154, 112
-0.997824, 125, 87, 156, 102
-0.997834, 145, 45, 176, 60
-0.997837, 133, 67, 164, 82
-0.997839, 73, 305, 104, 320
-0.997844, 411, 161, 426, 192
-0.997846, 9, 49, 24, 80
-0.997849, 157, 123, 188, 138
-0.997861, 225, 57, 352, 88
-0.997863, 141, 105, 172, 120
-0.997865, 121, 57, 136, 88
-0.997875, 265, 149, 296, 164
-0.997886, 441, 143, 472, 158
-0.997886, 251, 249, 266, 280
-0.997886, 97, 9, 224, 40
-0.997887, 297, 183, 328, 198
-0.997888, 405, 165, 420, 196
-0.997888, 185, 65, 216, 320
-0.997889, 217, 217, 248, 232
-0.99789, 253, 193, 268, 224
-0.997896, 169, 127, 200, 142
-0.997901, 161, 69, 176, 100
-0.997902, 157, 259, 188, 274
-0.997904, 65, 1, 96, 256
-0.997905, 369, 145, 496, 176
-0.997916, 309, 169, 324, 200
-0.997922, 249, 205, 280, 220
-0.997923, 193, 287, 224, 302
-0.997924, 237, 97, 268, 224
-0.997925, 133, 275, 164, 290
-0.997925, 131, 53, 146, 84
-0.997925, 169, 113, 184, 144
-0.997929, 267, 145, 282, 176
-0.997931, 155, 33, 170, 160
-0.997933, 201, 149, 232, 164
-0.997937, 105, 133, 136, 148
-0.997938, 305, 41, 432, 72
-0.997939, 273, 5, 400, 36
-0.99794, 461, 139, 492, 154
-0.997941, 217, 207, 248, 222
-0.997951, 109, 55, 140, 70
-0.997951, 53, 21, 68, 52
-0.997953, 259, 189, 274, 220
-0.997953, 75, 61, 90, 92
-0.997959, 181, 141, 212, 156
-0.997959, 161, 103, 192, 118
-0.997961, 337, 133, 464, 164
-0.997961, 77, 81, 108, 96
-0.997967, 191, 133, 206, 164
-0.997968, 257, 241, 272, 272
-0.997977, 131, 117, 146, 148
-0.997977, 141, 269, 172, 284
-0.997981, 49, 91, 80, 106
-0.997984, 77, 1, 108, 256
-0.997984, 85, 101, 100, 132
-0.997991, 435, 145, 450, 176
-0.997997, 387, 177, 402, 208
-0.997999, 169, 251, 200, 266
-0.997999, 147, 65, 162, 96
-0.998001, 423, 153, 438, 184
-0.998003, 473, 133, 488, 164
-0.998003, 105, 291, 136, 306
-0.998008, 273, 213, 288, 244
-0.998009, 265, 65, 296, 320
-0.998027, 153, 53, 168, 84
-0.998027, 417, 157, 432, 188
-0.998028, 193, 29, 320, 60
-0.998037, 17, 43, 48, 58
-0.998038, 213, 277, 244, 292
-0.998043, 181, 221, 212, 236
-0.998045, 341, 65, 372, 320
-0.998045, 117, 283, 148, 298
-0.998049, 95, 101, 110, 132
-0.998049, 143, 121, 158, 152
-0.99805, 169, 163, 200, 178
-0.998053, 101, 117, 116, 148
-0.998059, 89, 61, 104, 92
-0.998062, 141, 69, 156, 100
-0.998066, 281, 205, 296, 236
-0.998067, 201, 281, 232, 296
-0.998073, 313, 65, 344, 320
-0.998079, 479, 129, 494, 160
-0.998081, 125, 69, 140, 100
-0.998083, 137, 57, 168, 72
-0.998084, 257, 97, 500, 160
-0.998084, 485, 125, 500, 156
-0.998087, 253, 199, 284, 214
-0.998089, 155, 41, 170, 72
-0.998089, 285, 65, 316, 320
-0.998092, 177, 225, 192, 256
-0.998096, 117, 121, 132, 152
-0.998097, 167, 157, 182, 188
-0.9981, 131, 69, 146, 100
-0.998104, 171, 249, 186, 280
-0.998105, 429, 149, 444, 180
-0.998105, 189, 293, 204, 324
-0.998108, 199, 153, 214, 184
-0.998108, 147, 33, 162, 160
-0.998113, 113, 69, 144, 84
-0.998114, 257, 25, 500, 88
-0.998119, 109, 127, 140, 142
-0.99812, 85, 299, 116, 314
-0.998126, 105, 85, 120, 116
-0.998129, 137, 277, 152, 308
-0.998136, 445, 141, 460, 172
-0.998136, 137, 53, 152, 84
-0.99814, 463, 137, 478, 168
-0.998142, 377, 1, 408, 256
-0.998147, 177, 169, 192, 200
-0.998151, 157, 261, 172, 292
-0.998155, 41, 73, 56, 104
-0.998157, 289, 189, 304, 220
-0.998158, 107, 65, 122, 96
-0.998163, 129, 281, 144, 312
-0.998164, 457, 137, 472, 168
-0.998165, 353, 233, 480, 264
-0.998172, 149, 85, 180, 100
-0.998173, 233, 269, 248, 300
-0.998176, 129, 125, 256, 156
-0.998178, 81, 61, 112, 76
-0.998179, 9, 63, 40, 78
-0.998183, 265, 213, 296, 228
-0.998183, 241, 193, 256, 224
-0.998184, 125, 73, 156, 88
-0.998187, 151, 265, 166, 296
-0.998193, 165, 89, 180, 120
-0.998194, 429, 65, 460, 320
-0.998195, 141, 33, 156, 160
-0.998196, 235, 205, 250, 236
-0.998196, 117, 63, 148, 78
-0.9982, 389, 65, 420, 320
-0.998201, 265, 183, 296, 198
-0.998202, 305, 29, 432, 60
-0.998202, 73, 97, 88, 128
-0.998203, 257, 241, 288, 256
-0.998203, 163, 257, 178, 288
-0.998205, 145, 269, 160, 300
-0.998208, 267, 205, 282, 236
-0.998208, 93, 117, 108, 148
-0.99821, 315, 173, 330, 204
-0.998211, 277, 183, 308, 198
-0.998214, 389, 175, 420, 190
-0.998214, 229, 1, 260, 128
-0.998214, 409, 65, 440, 320
-0.998215, 89, 33, 120, 288
-0.998215, 197, 137, 212, 168
-0.998217, 301, 157, 316, 188
-0.998218, 117, 69, 132, 100
-0.998224, 137, 79, 168, 94
-0.998228, 29, 65, 44, 96
-0.998234, 69, 69, 100, 84
-0.998236, 183, 233, 198, 264
-0.99824, 249, 65, 280, 320
-0.998244, 55, 85, 70, 116
-0.998251, 403, 185, 418, 216
-0.998254, 65, 21, 192, 52
-0.998258, 101, 63, 132, 78
-0.99826, 229, 205, 260, 220
-0.998267, 385, 1, 416, 128
-0.998272, 301, 177, 332, 192
-0.998276, 105, 33, 136, 288
-0.998284, 67, 93, 82, 124
-0.998284, 287, 201, 302, 232
-0.998292, 77, 93, 108, 108
-0.998293, 185, 129, 200, 160
-0.998298, 73, 75, 104, 90
-0.998299, 123, 285, 138, 316
-0.998299, 41, 43, 72, 58
-0.998301, 133, 81, 148, 112
-0.998302, 241, 261, 256, 292
-0.998309, 253, 1, 284, 128
-0.99831, 195, 289, 210, 320
-0.998322, 127, 129, 142, 160
-0.998322, 79, 97, 94, 128
-0.99833, 259, 201, 274, 232
-0.998333, 97, 33, 112, 160
-0.998336, 105, 129, 120, 160
-0.998338, 389, 197, 404, 228
-0.998343, 93, 125, 124, 140
-0.998346, 183, 297, 198, 326
-0.99835, 49, 81, 64, 112
-0.998351, 395, 193, 410, 224
-0.998351, 273, 237, 400, 268
-0.998351, 361, 1, 392, 256
-0.998351, 177, 245, 192, 276
-0.998354, 97, 87, 128, 102
-0.998355, 179, 125, 194, 156
-0.998355, 59, 45, 74, 76
-0.998356, 429, 311, 460, 326
-0.998364, 353, 121, 480, 152
-0.998365, 23, 33, 38, 64
-0.998365, 49, 265, 176, 296
-0.998367, 121, 53, 152, 68
-0.998369, 157, 109, 188, 124
-0.998379, 35, 73, 50, 104
-0.998383, 233, 65, 264, 320
-0.998386, 65, 63, 96, 78
-0.998387, 201, 1, 232, 256
-0.998394, 233, 201, 296, 216
-0.998406, 129, 121, 192, 136
-0.998407, 135, 33, 150, 160
-0.99841, 241, 145, 368, 176
-0.998411, 417, 155, 448, 170
-0.998418, 113, 161, 240, 192
-0.998419, 193, 77, 320, 108
-0.99842, 149, 75, 180, 90
-0.998422, 353, 25, 480, 88
-0.998428, 49, 1, 64, 128
-0.998433, 369, 297, 496, 326
-0.998437, 105, 59, 168, 74
-0.998444, 65, 53, 128, 68
-0.998446, 57, 83, 120, 98
-0.998447, 73, 59, 136, 74
-0.998451, 89, 119, 152, 134
-0.998454, 429, 147, 460, 162
-0.998457, 241, 193, 304, 208
-0.998459, 113, 87, 176, 102
-0.99846, 225, 207, 288, 222
-0.998462, 469, 133, 500, 148
-0.998464, 17, 45, 80, 60
-0.998466, 145, 69, 176, 84
-0.998471, 105, 53, 168, 68
-0.998473, 61, 57, 92, 72
-0.998474, 41, 51, 104, 66
-0.998476, 425, 147, 488, 162
-0.998483, 379, 161, 394, 288
-0.998485, 305, 53, 432, 84
-0.998487, 113, 65, 176, 80
-0.998488, 217, 215, 280, 230
-0.99849, 89, 75, 152, 90
-0.998492, 129, 281, 256, 312
-0.998492, 89, 89, 152, 104
-0.998493, 65, 89, 128, 104
-0.998494, 129, 71, 192, 86
-0.998494, 377, 311, 440, 326
-0.998496, 49, 77, 112, 92
-0.998499, 97, 177, 224, 208
-0.998502, 1, 57, 64, 72
-0.998509, 265, 183, 328, 198
-0.99851, 297, 65, 328, 320
-0.998513, 73, 65, 136, 80
-0.998514, 233, 211, 264, 226
-0.998515, 401, 159, 464, 174
-0.998515, 281, 129, 296, 256
-0.998516, 433, 141, 496, 156
-0.998519, 169, 213, 232, 228
-0.998519, 297, 177, 360, 192
-0.998519, 141, 93, 172, 108
-0.99852, 105, 125, 168, 140
-0.998521, 121, 115, 184, 130
-0.998521, 377, 173, 440, 188
-0.998523, 393, 165, 456, 180
-0.998524, 257, 159, 320, 174
-0.998527, 17, 39, 80, 54
-0.998527, 89, 81, 152, 96
-0.998528, 169, 221, 232, 236
-0.998528, 401, 311, 464, 326
-0.998529, 113, 109, 176, 124
-0.998531, 145, 111, 208, 126
-0.998532, 81, 297, 144, 312
-0.998536, 113, 95, 176, 110
-0.998537, 1, 67, 64, 82
-0.998538, 169, 199, 232, 214
-0.998539, 169, 227, 232, 242
-0.998539, 137, 127, 200, 142
-0.998539, 265, 167, 328, 182
-0.998539, 41, 71, 104, 86
-0.99854, 337, 309, 400, 324
-0.99854, 65, 303, 128, 318
-0.998541, 57, 121, 120, 136
-0.998542, 1, 29, 128, 60
-0.998542, 241, 187, 304, 202
-0.998543, 409, 153, 472, 168
-0.998545, 187, 113, 202, 240
-0.998546, 353, 177, 416, 192
-0.998546, 153, 257, 216, 272
-0.998547, 33, 65, 96, 80
-0.998547, 217, 195, 280, 210
-0.998548, 13, 65, 44, 192
-0.998549, 89, 95, 152, 110
-0.998552, 221, 81, 252, 208
-0.998553, 129, 51, 192, 66
-0.998554, 257, 105, 384, 168
-0.998555, 193, 151, 256, 166
-0.998556, 153, 143, 216, 158
-0.998556, 17, 23, 80, 38
-0.998556, 1, 51, 64, 66
-0.998556, 87, 33, 102, 160
-0.998558, 113, 283, 176, 298
-0.998558, 17, 89, 80, 104
-0.998559, 57, 95, 120, 110
-0.99856, 97, 291, 160, 306
-0.99856, 201, 221, 264, 236
-0.998561, 397, 169, 428, 184
-0.998561, 137, 223, 200, 238
-0.998561, 265, 173, 328, 188
-0.998561, 153, 137, 216, 152
-0.998562, 257, 153, 320, 168
-0.998562, 145, 43, 208, 58
-0.998562, 177, 205, 240, 220
-0.998563, 1, 73, 64, 88
-0.998563, 49, 39, 112, 54
-0.998563, 129, 275, 192, 290
-0.998564, 85, 55, 116, 70
-0.998564, 153, 77, 216, 92
-0.998567, 41, 45, 104, 60
-0.998568, 137, 83, 200, 98
-0.998568, 41, 89, 104, 104
-0.998571, 33, 1, 160, 32
-0.998573, 249, 193, 280, 208
-0.998574, 289, 183, 352, 198
-0.998574, 113, 81, 176, 96
-0.998575, 1, 81, 64, 96
-0.998575, 193, 199, 256, 214
-0.998577, 145, 103, 208, 118
-0.998577, 201, 277, 264, 292
-0.99858, 169, 193, 232, 208
-0.99858, 89, 47, 152, 62
-0.99858, 217, 271, 280, 286
-0.99858, 81, 125, 144, 140
-0.998581, 141, 51, 172, 66
-0.998581, 257, 297, 384, 326
-0.998582, 25, 57, 88, 72
-0.998583, 49, 309, 112, 324
-0.998584, 137, 267, 200, 282
-0.998584, 161, 251, 224, 266
-0.998584, 49, 59, 112, 74
-0.998585, 281, 189, 344, 204
-0.998585, 185, 283, 248, 298
-0.998585, 65, 115, 128, 130
-0.998586, 17, 29, 80, 44
-0.998586, 177, 295, 240, 310
-0.998587, 153, 97, 216, 112
-0.998587, 161, 29, 224, 44
-0.998588, 153, 37, 216, 52
-0.998588, 241, 245, 304, 260
-0.998589, 369, 207, 432, 222
-0.998589, 73, 101, 136, 116
-0.99859, 145, 65, 208, 80
-0.99859, 145, 89, 208, 104
-0.99859, 393, 183, 456, 198
-0.998591, 273, 205, 336, 220
-0.998592, 137, 229, 200, 244
-0.998592, 57, 127, 120, 142
-0.998593, 41, 303, 104, 318
-0.998593, 425, 161, 488, 176
-0.998594, 289, 69, 416, 100
-0.998596, 177, 289, 240, 304
-0.998596, 9, 17, 72, 32
-0.998597, 161, 311, 224, 326
-0.998598, 201, 207, 264, 222
-0.998598, 297, 169, 360, 184
-0.998598, 209, 235, 272, 250
-0.998599, 169, 233, 232, 248
-0.998599, 33, 83, 96, 98
-0.998599, 129, 59, 192, 74
-0.998601, 65, 47, 128, 62
-0.998601, 185, 157, 248, 172
-0.998601, 129, 215, 192, 230
-0.998601, 97, 271, 160, 286
-0.998602, 161, 131, 224, 146
-0.998603, 257, 147, 320, 162
-0.998604, 129, 33, 144, 160
-0.998605, 65, 153, 192, 184
-0.998606, 369, 265, 496, 326
-0.998612, 177, 125, 304, 156
-0.998618, 77, 33, 92, 160
-0.998628, 103, 49, 118, 176
-0.998628, 1, 289, 128, 320
-0.998632, 241, 199, 272, 214
-0.998639, 429, 129, 444, 256
-0.998643, 161, 269, 288, 300
-0.998649, 289, 285, 416, 316
-0.998654, 405, 161, 436, 176
-0.998687, 57, 51, 88, 66
-0.998691, 273, 145, 288, 272
-0.998693, 89, 81, 120, 96
-0.998699, 161, 53, 288, 84
-0.998706, 175, 97, 190, 224
-0.998723, 403, 145, 418, 272
-0.998727, 195, 129, 210, 256
-0.998741, 97, 55, 128, 70
-0.998741, 391, 161, 406, 288
-0.99876, 161, 33, 176, 160
-0.998764, 187, 161, 202, 288
-0.998765, 389, 311, 420, 326
-0.998765, 321, 1, 448, 32
-0.998771, 337, 13, 464, 44
-0.998776, 457, 177, 488, 304
-0.998783, 295, 145, 310, 272
-0.998788, 385, 161, 400, 288
-0.99879, 217, 33, 248, 288
-0.998819, 305, 49, 336, 176
-0.998825, 353, 245, 480, 276
-0.998836, 65, 229, 192, 260
-0.998839, 169, 97, 184, 224
-0.99884, 153, 81, 168, 208
-0.998852, 289, 273, 416, 304
-0.998857, 119, 33, 134, 160
-0.998858, 69, 33, 84, 160
-0.998869, 419, 145, 434, 272
-0.998877, 373, 161, 388, 288
-0.998881, 141, 119, 172, 134
-0.998885, 337, 285, 464, 316
-0.998893, 77, 119, 108, 134
-0.998903, 337, 257, 464, 288
-0.998905, 409, 145, 424, 272
-0.998913, 97, 119, 128, 134
-0.998921, 241, 77, 368, 108
-0.99894, 177, 41, 304, 72
-0.998943, 15, 1, 30, 128
-0.998943, 259, 145, 274, 272
-0.998946, 397, 145, 412, 272
-0.998972, 59, 17, 74, 144
-0.99898, 441, 129, 456, 256
-0.998984, 265, 199, 296, 214
-0.998985, 435, 129, 450, 256
-0.998987, 267, 193, 282, 320
-0.998995, 225, 73, 480, 136
-0.999, 363, 161, 378, 288
-0.999016, 113, 119, 144, 134
-0.999018, 109, 33, 124, 160
-0.999023, 209, 97, 240, 224
-0.999025, 163, 97, 178, 224
-0.999027, 179, 161, 194, 288
-0.999027, 305, 213, 432, 244
-0.99903, 129, 81, 144, 208
-0.999038, 129, 123, 160, 138
-0.999042, 161, 69, 192, 84
-0.999048, 9, 49, 40, 64
-0.999048, 265, 129, 280, 256
-0.99905, 417, 81, 448, 208
-0.999064, 199, 193, 214, 320
-0.999083, 289, 145, 304, 272
-0.999091, 193, 193, 208, 320
-0.999092, 9, 33, 24, 160
-0.999109, 301, 145, 316, 272
-0.999117, 349, 161, 364, 288
-0.999117, 463, 129, 478, 256
-0.999118, 225, 193, 240, 320
-0.999133, 239, 193, 254, 320
-0.999137, 177, 89, 304, 120
-0.999145, 449, 129, 464, 256
-0.999147, 273, 261, 400, 292
-0.999155, 217, 193, 232, 320
-0.999156, 471, 113, 486, 240
-0.999157, 209, 193, 224, 320
-0.999167, 311, 145, 326, 272
-0.999171, 455, 129, 470, 256
-0.999175, 273, 249, 400, 280
-0.999177, 181, 113, 196, 240
-0.999181, 241, 1, 272, 128
-0.999196, 147, 81, 162, 208
-0.999206, 205, 1, 236, 128
-0.99921, 201, 129, 216, 256
-0.999216, 261, 189, 292, 204
-0.999249, 1, 1, 500, 64
-0.999253, 357, 161, 372, 288
-0.999263, 245, 161, 260, 288
-0.999272, 281, 177, 296, 304
-0.999275, 167, 33, 182, 160
-0.999276, 117, 81, 132, 208
-0.999283, 29, 33, 44, 160
-0.999285, 231, 145, 246, 272
-0.999292, 53, 45, 84, 60
-0.9993, 43, 49, 58, 176
-0.999315, 231, 193, 246, 320
-0.999319, 329, 65, 360, 192
-0.999322, 255, 193, 270, 320
-0.999334, 113, 297, 240, 326
-0.999335, 5, 57, 36, 72
-0.999339, 49, 65, 64, 192
-0.999349, 343, 161, 358, 288
-0.999365, 3, 49, 18, 176
-0.999384, 95, 81, 110, 208
-0.999395, 477, 97, 492, 224
-0.999397, 139, 81, 154, 208
-0.999411, 209, 229, 336, 260
-0.999413, 209, 129, 224, 256
-0.999414, 317, 161, 332, 288
-0.999417, 223, 145, 238, 272
-0.999417, 55, 65, 70, 192
-0.999425, 485, 113, 500, 240
-0.999434, 21, 17, 36, 144
-0.999435, 179, 49, 194, 176
-0.999437, 43, 1, 58, 128
-0.99944, 353, 33, 480, 64
-0.999445, 305, 225, 432, 256
-0.999446, 121, 193, 152, 320
-0.999448, 177, 113, 304, 144
-0.999454, 457, 65, 488, 192
-0.999493, 35, 49, 50, 176
-0.9995, 109, 81, 124, 208
-0.999513, 137, 85, 168, 100
-0.999521, 273, 193, 288, 320
-0.999527, 225, 265, 352, 326
-0.99953, 65, 165, 192, 196
-0.999532, 215, 145, 230, 272
-0.99954, 237, 145, 252, 272
-0.999549, 327, 33, 342, 160
-0.999572, 123, 81, 138, 208
-0.999582, 73, 51, 104, 66
-0.999589, 1, 265, 128, 296
-0.99959, 313, 97, 328, 224
-0.999595, 335, 161, 350, 288
-0.999601, 305, 81, 432, 112
-0.999611, 251, 145, 266, 272
-0.999611, 319, 49, 334, 176
-0.999612, 141, 79, 156, 94
-0.999613, 293, 185, 308, 200
-0.999614, 71, 97, 86, 112
-0.999614, 263, 237, 278, 252
-0.999615, 287, 189, 302, 204
-0.999615, 409, 181, 424, 196
-0.999616, 107, 131, 122, 146
-0.999616, 273, 179, 288, 194
-0.999616, 87, 59, 102, 74
-0.999618, 151, 125, 166, 140
-0.999618, 119, 63, 134, 78
-0.999619, 299, 181, 314, 196
-0.999619, 207, 283, 222, 298
-0.99962, 169, 65, 184, 80
-0.99962, 155, 263, 170, 278
-0.999621, 153, 101, 168, 116
-0.999621, 181, 129, 196, 144
-0.999621, 139, 119, 154, 134
-0.999622, 283, 209, 298, 224
-0.999622, 203, 151, 218, 166
-0.999622, 153, 89, 168, 104
-0.999623, 153, 73, 168, 88
-0.999623, 77, 99, 92, 114
-0.999623, 413, 159, 428, 174
-0.999623, 225, 275, 240, 290
-0.999624, 427, 151, 442, 166
-0.999624, 263, 189, 278, 204
-0.999624, 135, 51, 150, 66
-0.999625, 115, 131, 130, 146
-0.999625, 435, 147, 450, 162
-0.999625, 187, 297, 202, 312
-0.999626, 173, 117, 188, 132
-0.999626, 57, 89, 72, 104
-0.999626, 85, 75, 100, 90
-0.999627, 145, 49, 160, 64
-0.999627, 87, 115, 102, 130
-0.999627, 67, 53, 82, 68
-0.999627, 15, 51, 30, 66
-0.999628, 115, 289, 130, 304
-0.999628, 65, 93, 80, 108
-0.999628, 397, 173, 412, 188
-0.999628, 271, 207, 286, 222
-0.999628, 195, 141, 210, 156
-0.999629, 33, 69, 48, 84
-0.99963, 69, 41, 84, 56
-0.99963, 69, 81, 84, 208
-0.999631, 143, 271, 158, 286
-0.999631, 239, 265, 254, 280
-0.999631, 181, 303, 196, 318
-0.999631, 153, 117, 184, 132
-0.999632, 41, 75, 56, 90
-0.999632, 309, 175, 324, 190
-0.999632, 421, 155, 436, 170
-0.999632, 155, 61, 170, 76
-0.999633, 75, 47, 90, 62
-0.999633, 107, 57, 122, 72
-0.999635, 267, 149, 282, 164
-0.999635, 229, 207, 244, 222
-0.999636, 281, 181, 296, 196
-0.999636, 401, 311, 416, 326
-0.999637, 163, 257, 178, 272
-0.999638, 469, 135, 484, 150
-0.999638, 135, 89, 150, 104
-0.999638, 125, 283, 140, 298
-0.999639, 187, 131, 202, 146
-0.99964, 475, 131, 490, 146
-0.999641, 485, 125, 500, 140
-0.999641, 49, 17, 64, 32
-0.999641, 157, 81, 172, 96
-0.999642, 171, 251, 186, 266
-0.999642, 463, 139, 478, 154
-0.999643, 135, 277, 150, 292
-0.999644, 59, 33, 74, 48
-0.999645, 149, 267, 164, 282
-0.999646, 231, 271, 246, 286
-0.999647, 439, 311, 454, 326
-0.999647, 159, 121, 174, 136
-0.99965, 281, 193, 296, 208
-0.99965, 407, 163, 422, 178
-0.999651, 87, 51, 102, 66
-0.999654, 175, 157, 190, 172
-0.999654, 113, 61, 128, 76
-0.999655, 81, 57, 96, 72
-0.999656, 47, 11, 62, 26
-0.999656, 141, 85, 156, 100
-0.999656, 141, 71, 156, 86
-0.999658, 93, 119, 108, 134
-0.999658, 53, 23, 68, 38
-0.999659, 273, 187, 288, 202
-0.99966, 153, 67, 168, 82
-0.99966, 177, 229, 192, 244
-0.999662, 161, 107, 176, 122
-0.999663, 257, 243, 272, 258
-0.999664, 51, 87, 66, 102
-0.999664, 155, 95, 170, 110
-0.999665, 99, 85, 114, 100
-0.999666, 103, 121, 118, 136
-0.999668, 1, 65, 16, 80
-0.999668, 401, 167, 416, 182
-0.999668, 43, 3, 58, 18
-0.999668, 147, 75, 162, 90
-0.999669, 101, 55, 116, 70
-0.99967, 247, 197, 262, 212
-0.999671, 159, 73, 174, 88
-0.999673, 119, 117, 134, 132
-0.999673, 235, 205, 250, 220
-0.999677, 395, 311, 410, 326
-0.999677, 157, 113, 172, 128
-0.999678, 253, 193, 268, 208
-0.999679, 175, 71, 190, 86
-0.99968, 95, 53, 110, 68
-0.99968, 241, 201, 256, 216
-0.999681, 73, 59, 88, 74
-0.999683, 79, 63, 94, 78
-0.999684, 163, 87, 178, 102
-0.999686, 173, 161, 188, 288
-0.999697, 81, 69, 96, 84
-0.999697, 45, 81, 60, 96
-0.999698, 131, 121, 146, 136
-0.999705, 91, 77, 106, 92
-0.999706, 145, 121, 160, 136
-0.99971, 165, 115, 180, 130
-0.999711, 279, 199, 294, 214
-0.999712, 3, 59, 18, 74
-0.999713, 81, 51, 96, 66
-0.999714, 69, 47, 84, 62
-0.99972, 323, 161, 338, 288
-0.999722, 173, 49, 188, 176
-0.999724, 271, 97, 286, 224
-0.999733, 151, 117, 166, 132
-0.999734, 59, 39, 74, 54
-0.999735, 73, 53, 88, 68
-0.999741, 15, 45, 30, 60
-0.999741, 273, 201, 288, 216
-0.999743, 75, 81, 90, 208
-0.999743, 389, 113, 404, 240
-0.99975, 63, 45, 78, 60
-0.999756, 121, 129, 152, 256
-0.999758, 185, 65, 200, 192
-0.99976, 329, 161, 344, 288
-0.999765, 147, 83, 162, 98
-0.999768, 305, 97, 320, 224
-0.99977, 287, 193, 302, 320
-0.999776, 1, 1, 16, 128
-0.999785, 295, 97, 310, 224
-0.999793, 61, 81, 76, 208
-0.999801, 217, 1, 248, 128
-0.999827, 89, 81, 104, 208
-0.999832, 379, 113, 394, 240
-0.999837, 261, 193, 276, 320
-0.99985, 333, 17, 348, 144
-0.999863, 35, 1, 50, 128
-0.999871, 287, 97, 302, 224
-0.999878, 357, 1, 372, 128
-0.999887, 101, 97, 116, 224
-0.999918, 417, 97, 432, 224
-0.999918, 193, 81, 208, 208
-0.999928, 363, 1, 378, 128
-0.999937, 241, 1, 256, 128
-0.999941, 369, 113, 384, 240
-0.999961, 337, 113, 352, 240
-0.999973, 319, 97, 334, 224
-1.00001, 349, 1, 364, 128
-1.00002, 409, 97, 424, 224
-1.00002, 15, 49, 30, 176
-1.00003, 457, 81, 472, 208
-1.00003, 339, 17, 354, 144
-1.00022, 109, 129, 140, 256
-1.00032, 17, 137, 144, 200
-1.00062, 17, 169, 144, 232
-1.00075, 1, 209, 128, 272
-1.00086, 33, 177, 64, 304
-1.00097, 193, 33, 224, 160
-1.00109, 345, 49, 376, 176
-1.00112, 369, 57, 496, 120
-1.00123, 305, 97, 432, 160
-1.00127, 109, 193, 140, 320
-1.00139, 173, 1, 204, 128
-1.00142, 233, 49, 264, 176
-1.00162, 141, 129, 172, 256
-1.00171, 209, 49, 240, 176
-1.00176, 305, 1, 336, 128
-1.0021, 1, 65, 32, 192
-1.00226, 445, 177, 476, 304
-1.00232, 389, 193, 420, 320
-1.00237, 45, 193, 76, 320
-1.00275, 65, 193, 96, 320
-1.00369, 209, 89, 336, 152
-1.00377, 377, 65, 408, 192
-1.00379, 289, 193, 320, 320
-1.00386, 41, 97, 72, 224
-1.00394, 97, 193, 128, 320
-1.0044, 433, 177, 464, 304
-1.00442, 401, 193, 432, 320
-1.00463, 397, 1, 428, 128
-1.00486, 413, 193, 444, 320
-1.00505, 21, 177, 52, 304
-1.00532, 9, 177, 40, 304
-1.0054, 357, 65, 388, 192
-1.00543, 445, 33, 476, 160
