1968
-0.454183, 1, 97, 500, 352
-0.583074, 1, 1, 500, 375
-0.588533, 1, 1, 500, 256
-0.593101, 257, 1, 500, 375
-0.658222, 161, 1, 416, 375
-0.675969, 97, 97, 352, 352
-0.703333, 1, 1, 256, 375
-0.730101, 257, 65, 500, 320
-0.782939, 1, 97, 256, 352
-0.868725, 321, 97, 448, 352
-0.869757, 1, 1, 256, 256
-0.88574, 257, 97, 384, 352
-0.890762, 97, 1, 352, 256
-0.892307, 209, 97, 336, 352
-0.897977, 129, 129, 256, 375
-0.902179, 209, 1, 336, 375
-0.903951, 49, 97, 176, 352
-0.909215, 1, 177, 500, 304
-0.911364, 369, 65, 496, 320
-0.913992, 321, 1, 448, 375
-0.914706, 161, 1, 288, 375
-0.917024, 257, 1, 384, 375
-0.917189, 1, 113, 500, 240
-0.921633, 1, 97, 128, 352
-0.921802, 1, 241, 500, 368
-0.921815, 49, 1, 176, 375
-0.925767, 129, 161, 384, 288
-0.929884, 257, 1, 384, 256
-0.932043, 369, 1, 496, 375
-0.93546, 321, 1, 448, 256
-0.938359, 145, 33, 272, 288
-0.940609, 97, 33, 224, 288
-0.943263, 49, 1, 176, 256
-0.944274, 113, 1, 240, 375
-0.945121, 193, 241, 448, 368
-0.945635, 209, 1, 336, 256
-0.947561, 257, 97, 500, 224
-0.94876, 129, 113, 384, 240
-0.948786, 1, 1, 128, 375
-0.950923, 1, 65, 500, 192
-0.952268, 193, 241, 320, 368
-0.952843, 97, 241, 352, 368
-0.953156, 129, 177, 256, 304
-0.957351, 1, 1, 128, 256
-0.957422, 1, 241, 256, 368
-0.959163, 241, 241, 368, 368
-0.959995, 249, 241, 312, 368
-0.962084, 33, 177, 288, 304
-0.962183, 113, 225, 240, 352
-0.963171, 241, 161, 368, 288
-0.963343, 321, 129, 448, 256
-0.96496, 289, 161, 352, 288
-0.96534, 113, 241, 176, 368
-0.965426, 1, 113, 256, 240
-0.965428, 193, 241, 256, 368
-0.965626, 329, 81, 392, 208
-0.965684, 321, 81, 448, 208
-0.965956, 273, 81, 400, 208
-0.966158, 353, 81, 416, 208
-0.966993, 81, 113, 208, 240
-0.967504, 209, 97, 336, 224
-0.967617, 289, 289, 352, 352
-0.96777, 145, 177, 208, 304
-0.967814, 1, 17, 500, 144
-0.968839, 161, 113, 288, 240
-0.969036, 225, 161, 480, 288
-0.969163, 369, 81, 496, 208
-0.969463, 289, 97, 352, 224
-0.969495, 1, 113, 64, 240
-0.970057, 305, 241, 368, 368
-0.970651, 321, 193, 448, 320
-0.970714, 217, 241, 280, 368
-0.970759, 209, 265, 272, 328
-0.971808, 433, 81, 496, 208
-0.972128, 329, 129, 392, 256
-0.972147, 121, 113, 184, 240
-0.972476, 425, 153, 488, 216
-0.97259, 273, 241, 336, 368
-0.972992, 169, 161, 232, 288
-0.973021, 393, 97, 456, 224
-0.9732, 249, 97, 312, 224
-0.973241, 97, 113, 160, 240
-0.973393, 153, 289, 216, 352
-0.973612, 177, 113, 240, 240
-0.973649, 249, 257, 312, 320
-0.973797, 225, 97, 288, 224
-0.973904, 425, 145, 488, 272
-0.973935, 201, 97, 264, 224
-0.97427, 289, 169, 352, 232
-0.974394, 153, 113, 216, 240
-0.974794, 289, 313, 352, 375
-0.974883, 1, 113, 128, 240
-0.974994, 65, 241, 192, 368
-0.975047, 9, 121, 72, 184
-0.975076, 121, 193, 184, 320
-0.975616, 25, 113, 88, 240
-0.975732, 329, 225, 392, 352
-0.975822, 329, 97, 392, 352
-0.976127, 329, 105, 392, 168
-0.976366, 313, 289, 376, 352
-0.976601, 129, 65, 384, 192
-0.976771, 353, 97, 416, 160
-0.976788, 289, 241, 416, 368
-0.976873, 233, 161, 296, 288
-0.977339, 73, 305, 136, 368
-0.977433, 329, 177, 392, 304
-0.977814, 1, 65, 256, 192
-0.978085, 105, 273, 168, 336
-0.978141, 425, 89, 488, 152
-0.978183, 177, 161, 304, 288
-0.978231, 289, 129, 352, 375
-0.978639, 209, 265, 336, 328
-0.979117, 81, 209, 144, 336
-0.979654, 161, 241, 224, 368
-0.979843, 145, 185, 208, 248
-0.979884, 289, 257, 352, 320
-0.980055, 129, 281, 256, 344
-0.980158, 265, 97, 328, 352
-0.980162, 249, 289, 312, 352
-0.980211, 225, 49, 480, 176
-0.980271, 353, 81, 384, 208
-0.980493, 185, 289, 248, 352
-0.980643, 49, 193, 176, 320
-0.980758, 241, 97, 304, 352
-0.980867, 329, 193, 392, 256
-0.980925, 129, 305, 192, 368
-0.980931, 161, 97, 224, 352
-0.981164, 425, 177, 488, 240
-0.98121, 49, 129, 112, 256
-0.98158, 201, 97, 264, 352
-0.981643, 353, 65, 416, 320
-0.981775, 137, 129, 200, 375
-0.98178, 309, 289, 340, 352
-0.981874, 105, 97, 168, 352
-0.982044, 217, 265, 248, 328
-0.98259, 273, 241, 304, 368
-0.982661, 357, 97, 388, 160
-0.982799, 257, 273, 384, 336
-0.982892, 217, 241, 248, 368
-0.982948, 313, 265, 376, 328
-0.983048, 73, 129, 136, 256
-0.983199, 313, 313, 376, 375
-0.98333, 265, 313, 328, 375
-0.983373, 369, 161, 496, 288
-0.98338, 409, 313, 472, 375
-0.983628, 453, 89, 484, 152
-0.983642, 193, 161, 256, 288
-0.9839, 265, 161, 328, 288
-0.983926, 9, 121, 40, 184
-0.98395, 401, 145, 464, 272
-0.983993, 121, 241, 152, 368
-0.983998, 273, 313, 400, 375
-0.984132, 113, 249, 176, 312
-0.98425, 353, 137, 416, 200
-0.984267, 425, 65, 488, 320
-0.984272, 325, 265, 356, 328
-0.984527, 401, 65, 464, 320
-0.984557, 369, 313, 496, 375
-0.984562, 305, 105, 368, 168
-0.984564, 169, 177, 232, 240
-0.984694, 273, 257, 304, 320
-0.984708, 385, 313, 448, 375
-0.984788, 169, 313, 232, 375
-0.98483, 433, 153, 464, 216
-0.985064, 329, 137, 392, 200
-0.985163, 97, 185, 160, 248
-0.98518, 9, 97, 72, 352
-0.985211, 65, 289, 192, 352
-0.98523, 393, 145, 456, 208
-0.985314, 25, 65, 88, 192
-0.985326, 273, 97, 400, 160
-0.985354, 209, 313, 272, 375
-0.985363, 185, 265, 248, 328
-0.985485, 153, 193, 184, 256
-0.985541, 329, 297, 360, 360
-0.985573, 81, 281, 144, 344
-0.985587, 445, 153, 476, 216
-0.985667, 401, 169, 464, 232
-0.985669, 409, 241, 472, 368
-0.985689, 137, 209, 168, 336
-0.985821, 157, 281, 188, 344
-0.985936, 113, 129, 176, 192
-0.985964, 33, 289, 96, 352
-0.986059, 113, 257, 240, 320
-0.986095, 337, 97, 464, 160
-0.986187, 337, 281, 400, 344
-0.986204, 321, 137, 448, 200
-0.986215, 297, 297, 328, 360
-0.986247, 97, 313, 160, 375
-0.986266, 241, 169, 368, 232
-0.986334, 177, 169, 304, 232
-0.986336, 441, 177, 472, 240
-0.986493, 137, 209, 200, 272
-0.986506, 49, 97, 112, 352
-0.986576, 353, 33, 480, 160
-0.986577, 297, 265, 328, 328
-0.986577, 457, 169, 488, 232
-0.98658, 193, 305, 224, 368
-0.986619, 25, 129, 56, 192
-0.986728, 149, 177, 180, 304
-0.986772, 345, 97, 376, 160
-0.986784, 337, 241, 464, 368
-0.98685, 97, 161, 160, 288
-0.986889, 257, 249, 384, 312
-0.98689, 409, 313, 440, 375
-0.98694, 289, 233, 352, 296
-0.986974, 73, 129, 136, 192
-0.987003, 321, 169, 352, 232
-0.987042, 213, 289, 244, 352
-0.98705, 129, 305, 256, 368
-0.987056, 81, 225, 144, 288
-0.987067, 73, 97, 136, 352
-0.987079, 321, 217, 448, 280
-0.987114, 433, 313, 496, 375
-0.987154, 373, 105, 404, 168
-0.987217, 333, 241, 364, 368
-0.987264, 329, 225, 392, 288
-0.987279, 357, 129, 388, 192
-0.987396, 117, 273, 148, 336
-0.987401, 385, 105, 448, 168
-0.987464, 193, 169, 256, 232
-0.987474, 377, 33, 440, 288
-0.987508, 105, 209, 168, 272
-0.987553, 161, 121, 224, 184
-0.987582, 437, 97, 468, 224
-0.987586, 41, 225, 104, 352
-0.987586, 193, 281, 224, 344
-0.987595, 249, 169, 312, 232
-0.987645, 145, 305, 176, 368
-0.987689, 317, 161, 348, 288
-0.987724, 177, 281, 208, 344
-0.987733, 345, 313, 376, 375
-0.987756, 337, 313, 400, 375
-0.987885, 289, 33, 352, 288
-0.987891, 465, 89, 496, 152
-0.987896, 317, 313, 348, 375
-0.987991, 213, 313, 244, 375
-0.988008, 165, 185, 196, 248
-0.988038, 137, 225, 168, 288
-0.988042, 129, 185, 256, 248
-0.988147, 277, 281, 308, 344
-0.988148, 245, 265, 276, 328
-0.988174, 153, 65, 216, 192
-0.988202, 101, 297, 132, 360
-0.988325, 65, 81, 128, 208
-0.988326, 137, 121, 200, 184
-0.988328, 161, 265, 224, 328
-0.988344, 429, 177, 460, 240
-0.988351, 273, 1, 336, 375
-0.988351, 225, 313, 352, 375
-0.988371, 433, 225, 496, 352
-0.988395, 257, 265, 288, 328
-0.988497, 209, 289, 272, 352
-0.98851, 385, 225, 448, 352
-0.988523, 229, 241, 260, 368
-0.988534, 225, 169, 288, 232
-0.988547, 137, 241, 200, 368
-0.988575, 129, 265, 160, 328
-0.98862, 409, 49, 472, 176
-0.988654, 65, 265, 192, 328
-0.988677, 229, 265, 260, 328
-0.988713, 313, 1, 376, 256
-0.988715, 225, 113, 288, 176
-0.988795, 349, 289, 380, 352
-0.988917, 285, 313, 316, 375
-0.988928, 17, 241, 144, 368
-0.988988, 341, 233, 372, 296
-0.988989, 33, 217, 160, 280
-0.989021, 457, 81, 488, 208
-0.989049, 129, 113, 160, 240
-0.989067, 157, 113, 188, 240
-0.989135, 13, 97, 44, 160
-0.989152, 337, 273, 368, 336
-0.989206, 321, 241, 352, 304
-0.989217, 377, 49, 440, 176
-0.989224, 241, 313, 304, 375
-0.989231, 33, 65, 160, 192
-0.989253, 65, 297, 96, 360
-0.989278, 341, 97, 372, 224
-0.989308, 341, 193, 372, 256
-0.989362, 193, 113, 256, 176
-0.989394, 449, 313, 480, 375
-0.989416, 369, 313, 400, 375
-0.989434, 333, 105, 364, 168
-0.989448, 461, 145, 492, 208
-0.989451, 421, 313, 452, 375
-0.98946, 365, 81, 396, 208
-0.989467, 65, 313, 192, 375
-0.989469, 309, 169, 340, 232
-0.989504, 85, 297, 116, 360
-0.989514, 377, 137, 408, 200
-0.989594, 25, 113, 56, 240
-0.989596, 361, 313, 424, 375
-0.989598, 181, 177, 212, 240
-0.989637, 25, 97, 88, 160
-0.989638, 305, 97, 336, 224
-0.989641, 329, 1, 392, 375
-0.989713, 321, 305, 448, 368
-0.98974, 197, 257, 228, 320
-0.989742, 305, 49, 368, 176
-0.989845, 249, 113, 312, 176
-0.989864, 369, 129, 432, 256
-0.989911, 153, 121, 184, 184
-0.98998, 397, 313, 428, 375
-0.989989, 289, 297, 352, 328
-0.990011, 57, 129, 88, 192
-0.990014, 417, 97, 448, 224
-0.990044, 313, 265, 344, 328
-0.990055, 277, 161, 308, 224
-0.990065, 117, 129, 148, 192
-0.990078, 241, 1, 304, 256
-0.990089, 33, 129, 96, 192
-0.990113, 409, 193, 472, 320
-0.990196, 437, 97, 468, 160
-0.990203, 289, 317, 352, 348
-0.990203, 177, 121, 208, 184
-0.990241, 273, 105, 336, 168
-0.990249, 153, 289, 216, 320
-0.990259, 105, 1, 168, 375
-0.990312, 137, 33, 200, 288
-0.990333, 125, 201, 156, 264
-0.990345, 425, 129, 488, 192
-0.990346, 161, 1, 224, 375
-0.990355, 265, 97, 296, 224
-0.990361, 1, 65, 64, 192
-0.990362, 41, 313, 104, 375
-0.990368, 233, 1, 296, 375
-0.990376, 421, 153, 452, 216
-0.990381, 193, 289, 320, 352
-0.990405, 97, 129, 128, 192
-0.990409, 145, 65, 272, 192
-0.990416, 345, 105, 408, 136
-0.990463, 337, 169, 464, 232
-0.990492, 329, 169, 392, 232
-0.990507, 297, 201, 360, 264
-0.990508, 29, 105, 60, 168
-0.990527, 317, 97, 348, 224
-0.990535, 385, 313, 416, 375
-0.990541, 33, 225, 96, 288
-0.990554, 433, 313, 464, 375
-0.990555, 433, 129, 464, 192
-0.990577, 225, 233, 288, 296
-0.99058, 469, 177, 500, 240
-0.990588, 225, 49, 352, 176
-0.990603, 245, 313, 276, 375
-0.990603, 357, 313, 388, 375
-0.990617, 453, 193, 484, 256
-0.990626, 409, 1, 472, 375
-0.99063, 257, 169, 288, 232
-0.990669, 105, 161, 168, 224
-0.990699, 105, 1, 168, 256
-0.990712, 289, 161, 320, 224
-0.99076, 101, 273, 132, 336
-0.990789, 217, 1, 280, 256
-0.990795, 129, 121, 256, 184
-0.990796, 297, 1, 360, 375
-0.990834, 209, 269, 272, 300
-0.990847, 121, 305, 152, 368
-0.990848, 9, 1, 72, 256
-0.990866, 421, 97, 452, 160
-0.990881, 185, 1, 248, 375
-0.990882, 49, 169, 176, 232
-0.990884, 17, 129, 144, 192
-0.990892, 137, 121, 168, 184
-0.990903, 433, 97, 496, 128
-0.99092, 113, 233, 144, 296
-0.99092, 181, 313, 212, 375
-0.990944, 313, 105, 344, 168
-0.990949, 133, 313, 164, 375
-0.99095, 141, 201, 172, 264
-0.99097, 125, 241, 156, 304
-0.991005, 1, 125, 64, 156
-0.991023, 73, 257, 136, 320
-0.991027, 265, 113, 296, 176
-0.99103, 293, 241, 324, 304
-0.991075, 45, 129, 76, 192
-0.991078, 77, 129, 108, 192
-0.991081, 165, 121, 196, 184
-0.991095, 369, 345, 432, 375
-0.991103, 253, 97, 284, 224
-0.991145, 417, 177, 448, 240
-0.991149, 185, 1, 248, 256
-0.991172, 289, 285, 352, 316
-0.991184, 245, 241, 276, 368
-0.991192, 233, 97, 264, 224
-0.991246, 213, 169, 244, 232
-0.991285, 321, 241, 352, 368
-0.991306, 245, 105, 276, 168
-0.99131, 177, 113, 208, 240
-0.991316, 153, 145, 216, 208
-0.991317, 193, 177, 224, 240
-0.991319, 97, 65, 224, 192
-0.991326, 265, 1, 328, 256
-0.991342, 225, 169, 256, 232
-0.991363, 393, 105, 424, 168
-0.991367, 77, 273, 108, 336
-0.991383, 125, 177, 156, 240
-0.991394, 349, 265, 380, 328
-0.991402, 217, 113, 248, 176
-0.991408, 321, 265, 448, 328
-0.991415, 385, 1, 448, 375
-0.991421, 229, 113, 260, 176
-0.991422, 237, 169, 268, 232
-0.991424, 285, 105, 316, 168
-0.991424, 165, 305, 196, 368
-0.991442, 249, 265, 312, 296
-0.991446, 1, 97, 32, 160
-0.991449, 265, 289, 328, 320
-0.99146, 201, 121, 232, 184
-0.991461, 321, 193, 448, 256
-0.991551, 221, 97, 252, 224
-0.991589, 49, 217, 80, 280
-0.991614, 469, 241, 500, 304
-0.991616, 289, 97, 320, 224
-0.99164, 129, 325, 192, 356
-0.991651, 461, 313, 492, 375
-0.991655, 129, 225, 256, 288
-0.991677, 17, 297, 144, 360
-0.991678, 229, 297, 260, 360
-0.991721, 33, 265, 96, 328
-0.99174, 377, 177, 440, 304
-0.991777, 325, 201, 356, 264
-0.991781, 209, 1, 272, 375
-0.991784, 1, 97, 64, 160
-0.991793, 225, 241, 256, 304
-0.991796, 341, 161, 372, 224
-0.991805, 257, 297, 288, 360
-0.991811, 149, 161, 180, 224
-0.991819, 409, 137, 440, 200
-0.991819, 37, 297, 68, 360
-0.991834, 425, 157, 488, 188
-0.991834, 297, 241, 328, 368
-0.99186, 189, 113, 220, 176
-0.991878, 161, 1, 224, 256
-0.99188, 321, 241, 448, 304
-0.991883, 405, 97, 436, 160
-0.991883, 9, 273, 72, 336
-0.99189, 37, 233, 68, 296
-0.99191, 353, 33, 416, 160
-0.991926, 445, 129, 476, 192
-0.991938, 361, 225, 424, 352
-0.991942, 41, 177, 104, 304
-0.991979, 377, 81, 408, 144
-0.991982, 57, 281, 120, 344
-0.992005, 13, 233, 44, 296
-0.992009, 17, 241, 144, 304
-0.992028, 177, 113, 304, 176
-0.992031, 329, 133, 392, 164
-0.992047, 205, 113, 236, 240
-0.992048, 17, 225, 80, 352
-0.99206, 193, 145, 256, 208
-0.992062, 161, 185, 224, 216
-0.992063, 9, 17, 40, 80
-0.992079, 189, 153, 220, 216
-0.9921, 177, 241, 240, 304
-0.992109, 1, 1, 64, 375
-0.992122, 233, 145, 296, 208
-0.992137, 425, 177, 488, 208
-0.992138, 33, 193, 160, 256
-0.992146, 265, 317, 328, 348
-0.992211, 277, 97, 308, 224
-0.99227, 433, 1, 496, 375
-0.992281, 277, 161, 308, 288
-0.992312, 329, 201, 392, 232
-0.992356, 65, 201, 128, 264
-0.992371, 129, 161, 192, 224
-0.992375, 177, 65, 240, 192
-0.992389, 381, 81, 412, 208
-0.992395, 13, 121, 44, 152
-0.992402, 393, 193, 456, 256
-0.992428, 453, 89, 484, 120
-0.992433, 441, 145, 472, 272
-0.992434, 289, 145, 352, 208
-0.992445, 177, 313, 304, 375
-0.992494, 401, 81, 464, 144
-0.99252, 193, 113, 224, 240
-0.992523, 425, 289, 488, 352
-0.9926, 1, 105, 128, 168
-0.992615, 353, 101, 384, 132
-0.992661, 321, 81, 384, 144
-0.992661, 337, 249, 400, 312
-0.99267, 469, 81, 500, 208
-0.992676, 353, 1, 416, 375
-0.992763, 313, 297, 376, 328
-0.992767, 457, 129, 488, 256
-0.992776, 129, 169, 384, 232
-0.992782, 129, 1, 192, 375
-0.992806, 1, 113, 32, 240
-0.992806, 261, 241, 292, 368
-0.992828, 273, 129, 400, 192
-0.992841, 281, 173, 344, 204
-0.992865, 121, 65, 184, 192
-0.99287, 105, 289, 168, 320
-0.992889, 25, 129, 88, 160
-0.992909, 321, 105, 384, 136
-0.992936, 1, 225, 64, 288
-0.992945, 357, 133, 388, 164
-0.992966, 225, 113, 352, 176
-0.992973, 393, 345, 456, 375
-0.993016, 13, 113, 44, 240
-0.993021, 73, 1, 136, 375
-0.993026, 269, 265, 300, 296
-0.993059, 41, 185, 104, 248
-0.993061, 425, 345, 488, 375
-0.993089, 145, 305, 208, 336
-0.993091, 313, 297, 344, 328
-0.993144, 13, 65, 44, 192
-0.993157, 353, 129, 416, 160
-0.993163, 1, 313, 64, 375
-0.99317, 109, 113, 140, 240
-0.993199, 221, 265, 252, 296
-0.993208, 81, 129, 208, 192
-0.993244, 281, 329, 344, 360
-0.993264, 113, 277, 176, 308
-0.993271, 317, 285, 348, 316
-0.993291, 329, 345, 392, 375
-0.993324, 353, 73, 480, 136
-0.993338, 161, 265, 416, 328
-0.993363, 17, 133, 48, 164
-0.993378, 137, 233, 200, 296
-0.993402, 401, 289, 464, 352
-0.993424, 249, 329, 312, 360
-0.99343, 73, 313, 136, 344
-0.993495, 305, 329, 368, 360
-0.993503, 329, 281, 360, 312
-0.993511, 157, 289, 188, 320
-0.993535, 257, 145, 320, 208
-0.993547, 369, 289, 432, 352
-0.993554, 321, 309, 384, 340
-0.993565, 5, 133, 36, 164
-0.993597, 441, 177, 472, 208
-0.993616, 265, 301, 328, 332
-0.993656, 249, 277, 312, 308
-0.993659, 297, 293, 328, 324
-0.993694, 293, 317, 324, 348
-0.993696, 33, 1, 96, 256
-0.993703, 177, 289, 208, 320
-0.993713, 213, 325, 244, 356
-0.993719, 325, 269, 356, 300
-0.993727, 1, 121, 32, 152
-0.993755, 417, 217, 480, 280
-0.993758, 157, 193, 188, 224
-0.993761, 429, 181, 460, 212
-0.993771, 29, 129, 60, 160
-0.993781, 461, 173, 492, 204
-0.993781, 469, 97, 500, 128
-0.993791, 469, 185, 500, 216
-0.9938, 433, 313, 496, 344
-0.993801, 1, 289, 500, 352
-0.993808, 97, 65, 160, 192
-0.993815, 277, 285, 308, 316
-0.993819, 377, 129, 440, 375
-0.993822, 365, 101, 396, 132
-0.993824, 297, 277, 328, 308
-0.993828, 133, 329, 164, 360
-0.993841, 73, 1, 136, 256
-0.993856, 193, 177, 256, 208
-0.993864, 73, 301, 136, 332
-0.993884, 193, 305, 224, 336
-0.993888, 193, 313, 256, 344
-0.993894, 197, 325, 228, 356
-0.993898, 433, 157, 464, 188
-0.993913, 405, 97, 436, 224
-0.993923, 121, 337, 152, 368
-0.993931, 105, 309, 168, 340
-0.993947, 289, 257, 352, 288
-0.993964, 289, 273, 352, 304
-0.993973, 209, 281, 272, 312
-0.99398, 329, 301, 360, 332
-0.99398, 329, 225, 392, 256
-0.993995, 313, 285, 376, 316
-0.994009, 293, 329, 324, 360
-0.994043, 257, 269, 288, 300
-0.99405, 149, 313, 180, 344
-0.994066, 169, 185, 200, 216
-0.994066, 113, 105, 176, 168
-0.994067, 469, 313, 500, 344
-0.994074, 1, 193, 128, 320
-0.994079, 309, 313, 340, 344
-0.994086, 81, 309, 112, 340
-0.994087, 257, 225, 384, 288
-0.994092, 81, 325, 144, 356
-0.994101, 297, 305, 328, 336
-0.994109, 101, 241, 132, 368
-0.994123, 217, 277, 248, 308
-0.994144, 389, 345, 420, 375
-0.994151, 321, 181, 352, 212
-0.994153, 341, 105, 372, 136
-0.994169, 317, 325, 348, 356
-0.994174, 337, 201, 368, 232
-0.99418, 153, 301, 184, 332
-0.994189, 353, 193, 416, 256
-0.99419, 197, 285, 228, 316
-0.9942, 185, 317, 216, 348
-0.994206, 69, 313, 100, 344
-0.994206, 453, 101, 484, 132
-0.994214, 413, 345, 444, 375
-0.994223, 185, 325, 248, 356
-0.994224, 337, 325, 368, 356
-0.994225, 161, 257, 288, 320
-0.994228, 109, 333, 140, 364
-0.994229, 213, 313, 244, 344
-0.99423, 213, 297, 244, 328
-0.994244, 121, 317, 152, 348
-0.994259, 141, 113, 172, 240
-0.994267, 145, 325, 176, 356
-0.99427, 329, 313, 360, 344
-0.99427, 369, 345, 400, 375
-0.994273, 297, 265, 328, 296
-0.994274, 233, 269, 264, 300
-0.994281, 429, 345, 460, 375
-0.994288, 57, 233, 120, 296
-0.994289, 457, 185, 488, 216
-0.994298, 113, 337, 176, 368
-0.994299, 61, 301, 92, 332
-0.994311, 441, 97, 472, 128
-0.994316, 333, 337, 364, 368
-0.994323, 97, 301, 128, 332
-0.99436, 453, 313, 484, 344
-0.994367, 449, 157, 480, 188
-0.994367, 369, 133, 400, 164
-0.994369, 273, 33, 400, 160
-0.994381, 277, 321, 308, 352
-0.994383, 345, 281, 376, 312
-0.994404, 445, 189, 476, 220
-0.994407, 185, 289, 248, 320
-0.994408, 65, 341, 96, 372
-0.994408, 305, 329, 336, 360
-0.994415, 197, 177, 228, 208
-0.994421, 169, 305, 232, 336
-0.994422, 349, 345, 380, 375
-0.994427, 121, 273, 152, 304
-0.994432, 305, 173, 336, 204
-0.99444, 361, 145, 392, 176
-0.994459, 357, 121, 388, 152
-0.994463, 1, 137, 64, 168
-0.994464, 153, 317, 216, 348
-0.994472, 129, 221, 160, 252
-0.994484, 57, 137, 88, 168
-0.994496, 181, 177, 212, 208
-0.994504, 341, 241, 372, 272
-0.994516, 449, 345, 480, 375
-0.994517, 349, 317, 380, 348
-0.99452, 1, 193, 500, 256
-0.99452, 49, 137, 112, 168
-0.994521, 193, 269, 320, 300
-0.994522, 129, 197, 160, 228
-0.994529, 137, 193, 200, 224
-0.994539, 97, 289, 128, 320
-0.994552, 321, 257, 352, 288
-0.994557, 49, 313, 112, 344
-0.994567, 465, 161, 496, 192
-0.994578, 401, 177, 464, 208
-0.994579, 401, 345, 432, 375
-0.994582, 9, 109, 40, 140
-0.994587, 313, 273, 344, 304
-0.994589, 185, 333, 216, 364
-0.9946, 117, 233, 148, 264
-0.994602, 341, 189, 372, 220
-0.994602, 25, 161, 88, 224
-0.994616, 133, 257, 164, 288
-0.994621, 277, 297, 308, 328
-0.994628, 209, 177, 240, 208
-0.99463, 241, 173, 272, 204
-0.99463, 413, 317, 444, 348
-0.994637, 245, 265, 276, 296
-0.994638, 345, 297, 376, 328
-0.994653, 149, 205, 180, 236
-0.994659, 321, 337, 352, 368
-0.994662, 77, 341, 108, 372
-0.994663, 93, 345, 124, 375
-0.994665, 33, 301, 96, 332
-0.994671, 85, 297, 116, 328
-0.994672, 65, 217, 96, 248
-0.994672, 197, 241, 228, 368
-0.994677, 25, 345, 56, 375
-0.994681, 465, 345, 496, 375
-0.994682, 265, 317, 296, 348
-0.994688, 101, 317, 132, 348
-0.994692, 33, 1, 96, 375
-0.994696, 69, 133, 100, 164
-0.994705, 269, 173, 300, 204
-0.994709, 329, 325, 392, 356
-0.99471, 125, 209, 156, 240
-0.994714, 433, 313, 464, 344
-0.994717, 205, 337, 236, 368
-0.99472, 277, 333, 308, 364
-0.994726, 117, 289, 148, 320
-0.994729, 421, 169, 452, 200
-0.994731, 317, 169, 348, 200
-0.994737, 341, 229, 372, 260
-0.994737, 1, 249, 64, 312
-0.994738, 225, 325, 256, 356
-0.994739, 73, 297, 104, 328
-0.99474, 421, 157, 452, 188
-0.994741, 401, 157, 464, 188
-0.994741, 89, 341, 152, 372
-0.994801, 257, 49, 320, 176
-0.994835, 65, 345, 128, 375
-0.99484, 73, 281, 136, 312
-0.994852, 329, 189, 392, 220
-0.99487, 1, 161, 64, 288
-0.994881, 105, 193, 168, 224
-0.994887, 409, 101, 472, 132
-0.994892, 177, 161, 208, 288
-0.994898, 209, 325, 272, 356
-0.994911, 33, 341, 96, 372
-0.994926, 129, 281, 192, 344
-0.99493, 169, 277, 232, 308
-0.994936, 225, 145, 352, 208
-0.99499, 97, 221, 160, 252
-0.994997, 337, 281, 400, 312
-0.995014, 393, 97, 424, 224
-0.99503, 329, 213, 392, 244
-0.995032, 289, 345, 352, 375
-0.995034, 105, 321, 168, 352
-0.995038, 257, 161, 288, 288
-0.99504, 369, 121, 496, 184
-0.99504, 17, 265, 144, 328
-0.995089, 241, 313, 304, 344
-0.995118, 367, 97, 382, 160
-0.995123, 319, 281, 334, 344
-0.995136, 297, 113, 360, 144
-0.99515, 1, 169, 64, 232
-0.99516, 289, 161, 320, 288
-0.995168, 37, 113, 68, 240
-0.995175, 385, 217, 448, 280
-0.995178, 193, 301, 256, 332
-0.995181, 313, 273, 376, 304
-0.995195, 345, 313, 408, 344
-0.9952, 329, 241, 392, 272
-0.99523, 337, 297, 400, 328
-0.995239, 89, 233, 152, 264
-0.995274, 249, 233, 312, 296
-0.995288, 257, 193, 384, 256
-0.995306, 409, 309, 472, 340
-0.995315, 25, 329, 88, 360
-0.995321, 385, 317, 448, 348
-0.995331, 121, 181, 184, 212
-0.995343, 41, 233, 104, 264
-0.995348, 1, 17, 256, 144
-0.995348, 417, 189, 480, 220
-0.995356, 97, 289, 224, 320
-0.995371, 289, 185, 352, 216
-0.995373, 73, 105, 136, 168
-0.995417, 369, 145, 496, 208
-0.995423, 65, 281, 320, 344
-0.995435, 65, 257, 320, 320
-0.995458, 321, 117, 384, 148
-0.995461, 257, 173, 320, 204
-0.995468, 225, 173, 288, 204
-0.995482, 137, 209, 200, 240
-0.995544, 301, 145, 332, 272
-0.995546, 353, 177, 416, 304
-0.995556, 361, 73, 424, 136
-0.995556, 409, 333, 472, 364
-0.995603, 385, 333, 448, 364
-0.995617, 409, 85, 472, 116
-0.995643, 329, 193, 360, 320
-0.995672, 121, 185, 184, 248
-0.995679, 409, 241, 472, 304
-0.995696, 241, 297, 304, 328
-0.995698, 237, 161, 268, 288
-0.995701, 393, 265, 456, 328
-0.995703, 329, 173, 392, 204
-0.995709, 225, 257, 288, 288
-0.995715, 185, 337, 248, 368
-0.995763, 89, 245, 152, 276
-0.995775, 49, 113, 80, 240
-0.995779, 329, 81, 360, 208
-0.995782, 129, 253, 192, 284
-0.995782, 353, 333, 416, 364
-0.995825, 113, 265, 176, 296
-0.99583, 433, 325, 496, 356
-0.995839, 1, 225, 64, 256
-0.995846, 161, 97, 224, 160
-0.99586, 153, 169, 216, 200
-0.995863, 81, 193, 208, 256
-0.99589, 297, 201, 360, 232
-0.995892, 65, 153, 128, 216
-0.995911, 105, 205, 168, 236
-0.995965, 285, 241, 316, 368
-0.995991, 341, 177, 372, 304
-0.995998, 9, 297, 72, 328
-0.996012, 1, 201, 64, 264
-0.996015, 137, 129, 200, 160
-0.996034, 25, 117, 88, 148
-0.996036, 113, 129, 176, 160
-0.996044, 73, 201, 136, 232
-0.996056, 137, 221, 200, 252
-0.996058, 409, 321, 472, 352
-0.996061, 161, 125, 224, 156
-0.996068, 305, 173, 368, 204
-0.99607, 377, 145, 440, 176
-0.996072, 97, 313, 224, 344
-0.996074, 217, 301, 280, 332
-0.996077, 273, 161, 336, 192
-0.996086, 161, 329, 224, 360
-0.996086, 223, 257, 238, 320
-0.996088, 49, 289, 112, 320
-0.996133, 241, 265, 368, 296
-0.996133, 429, 145, 460, 272
-0.996136, 289, 237, 352, 268
-0.996137, 361, 93, 424, 124
-0.996144, 289, 221, 352, 252
-0.996174, 353, 141, 416, 172
-0.996193, 185, 121, 248, 152
-0.996231, 25, 121, 40, 184
-0.99624, 1, 217, 500, 280
-0.996255, 153, 345, 216, 375
-0.996264, 289, 169, 416, 232
-0.996271, 129, 193, 384, 256
-0.996272, 361, 117, 424, 148
-0.996275, 165, 177, 196, 304
-0.99633, 209, 241, 336, 304
-0.996338, 15, 121, 30, 184
-0.99635, 205, 161, 236, 288
-0.996385, 97, 153, 224, 216
-0.996387, 257, 153, 500, 216
-0.996408, 365, 129, 396, 256
-0.996431, 359, 97, 374, 160
-0.996441, 329, 33, 392, 160
-0.996457, 1, 145, 64, 208
-0.996493, 433, 265, 496, 328
-0.996521, 369, 289, 496, 352
-0.996528, 31, 129, 46, 192
-0.996534, 217, 273, 232, 336
-0.996536, 61, 113, 92, 240
-0.996549, 249, 89, 312, 152
-0.99656, 1, 313, 500, 375
-0.996574, 129, 325, 256, 356
-0.996575, 369, 193, 496, 256
-0.996595, 81, 129, 112, 256
-0.996602, 361, 225, 424, 288
-0.996602, 467, 89, 482, 152
-0.996623, 309, 241, 340, 368
-0.996647, 209, 317, 336, 348
-0.996661, 145, 285, 272, 316
-0.996672, 225, 173, 352, 204
-0.996679, 321, 105, 448, 136
-0.996682, 1, 265, 500, 328
-0.996682, 325, 281, 340, 344
-0.996708, 177, 241, 208, 368
-0.996729, 225, 313, 480, 375
-0.996762, 335, 177, 350, 240
-0.996768, 217, 49, 280, 176
-0.996774, 257, 281, 384, 312
-0.99681, 457, 89, 472, 152
-0.996833, 193, 281, 320, 312
-0.996855, 453, 153, 468, 216
-0.996944, 155, 297, 170, 360
-0.99695, 339, 281, 354, 344
-0.996964, 273, 105, 400, 136
-0.996971, 129, 233, 384, 296
-0.996977, 129, 113, 384, 176
-0.997029, 137, 97, 200, 160
-0.997029, 143, 225, 158, 288
-0.99704, 447, 153, 462, 216
-0.997044, 321, 173, 448, 204
-0.997049, 443, 177, 458, 240
-0.99705, 325, 273, 356, 288
-0.997053, 97, 291, 128, 306
-0.997054, 413, 319, 444, 334
-0.997055, 345, 281, 376, 296
-0.997058, 349, 315, 380, 330
-0.997061, 321, 225, 448, 256
-0.997065, 129, 301, 256, 332
-0.997067, 345, 303, 376, 318
-0.997075, 277, 283, 308, 298
-0.997077, 217, 283, 248, 298
-0.99708, 289, 273, 304, 336
-0.997086, 357, 65, 388, 320
-0.997092, 333, 323, 364, 338
-0.997092, 29, 139, 60, 154
-0.997093, 277, 301, 308, 316
-0.997095, 347, 313, 362, 375
-0.997096, 21, 125, 52, 140
-0.997096, 65, 139, 96, 154
-0.997097, 441, 95, 472, 110
-0.997103, 377, 349, 408, 364
-0.997108, 197, 181, 228, 196
-0.997114, 213, 321, 244, 336
-0.997114, 151, 201, 166, 264
-0.997115, 121, 273, 136, 336
-0.997117, 429, 347, 460, 362
-0.997121, 421, 181, 452, 196
-0.997132, 313, 297, 328, 360
-0.997138, 191, 281, 206, 344
-0.997141, 193, 309, 224, 324
-0.997143, 105, 193, 136, 320
-0.997145, 285, 323, 316, 338
-0.99715, 129, 313, 384, 375
-0.997154, 157, 299, 188, 314
-0.997154, 121, 331, 152, 346
-0.997155, 121, 177, 152, 304
-0.997161, 459, 153, 474, 216
-0.997162, 445, 103, 476, 118
-0.997164, 317, 333, 348, 348
-0.997165, 121, 235, 152, 250
-0.997165, 133, 339, 164, 354
-0.997166, 349, 349, 380, 364
-0.99717, 69, 315, 100, 330
-0.997171, 441, 191, 472, 206
-0.997173, 97, 301, 128, 316
-0.997174, 249, 271, 280, 286
-0.997179, 153, 309, 184, 324
-0.99718, 185, 333, 216, 348
-0.99718, 285, 175, 316, 190
-0.997184, 197, 299, 228, 314
-0.997186, 305, 331, 336, 346
-0.997189, 309, 319, 340, 334
-0.9972, 353, 361, 384, 375
-0.997205, 177, 145, 304, 208
-0.99721, 433, 329, 464, 344
-0.997212, 373, 105, 388, 168
-0.997217, 369, 137, 400, 152
-0.997218, 345, 323, 376, 338
-0.997231, 201, 315, 232, 330
-0.997235, 433, 153, 448, 216
-0.997236, 213, 295, 244, 310
-0.997237, 161, 195, 192, 210
-0.997247, 113, 261, 240, 292
-0.997248, 309, 325, 340, 340
-0.99725, 309, 311, 340, 326
-0.997255, 469, 317, 500, 332
-0.997259, 317, 359, 348, 374
-0.997259, 439, 153, 454, 216
-0.997267, 337, 359, 368, 374
-0.997271, 13, 119, 44, 134
-0.997272, 321, 201, 448, 232
-0.997276, 293, 335, 324, 350
-0.997277, 169, 189, 200, 204
-0.997286, 457, 105, 488, 120
-0.997293, 147, 313, 162, 375
-0.997297, 1, 131, 32, 146
-0.997297, 297, 281, 328, 296
-0.997297, 213, 333, 244, 348
-0.997313, 449, 177, 464, 240
-0.997325, 277, 289, 308, 304
-0.997331, 417, 57, 480, 120
-0.997331, 353, 97, 368, 160
-0.997344, 193, 325, 224, 340
-0.997347, 197, 335, 228, 350
-0.997355, 325, 291, 356, 306
-0.997361, 361, 145, 392, 160
-0.997362, 177, 177, 304, 208
-0.997362, 81, 217, 208, 280
-0.997365, 353, 109, 384, 124
-0.997366, 433, 157, 464, 172
-0.997368, 369, 345, 496, 375
-0.997375, 469, 359, 500, 374
-0.997379, 217, 277, 248, 292
-0.997379, 297, 309, 328, 324
-0.997383, 369, 93, 496, 124
-0.997393, 161, 281, 176, 344
-0.997393, 313, 177, 344, 192
-0.997394, 193, 301, 320, 332
-0.997397, 429, 353, 460, 368
-0.997402, 1, 241, 500, 304
-0.997405, 33, 313, 160, 344
-0.997408, 197, 287, 228, 302
-0.997426, 333, 329, 364, 344
-0.997429, 331, 297, 346, 360
-0.997434, 233, 269, 264, 284
-0.997439, 405, 349, 436, 364
-0.997444, 461, 177, 492, 192
-0.997449, 209, 89, 272, 152
-0.997455, 141, 327, 172, 342
-0.99746, 5, 137, 36, 152
-0.99746, 369, 129, 384, 192
-0.997464, 449, 179, 480, 194
-0.997467, 1, 133, 128, 164
-0.997468, 379, 105, 394, 168
-0.997473, 81, 301, 208, 332
-0.997475, 49, 337, 176, 368
-0.997477, 247, 265, 262, 328
-0.997483, 65, 241, 192, 304
-0.997489, 295, 313, 310, 375
-0.997492, 473, 89, 488, 152
-0.997492, 49, 201, 176, 232
-0.997496, 257, 317, 384, 348
-0.997501, 135, 249, 150, 312
-0.997507, 235, 265, 250, 328
-0.997508, 181, 185, 212, 200
-0.997511, 319, 285, 334, 316
-0.997513, 261, 265, 276, 328
-0.997514, 365, 105, 396, 120
-0.997518, 329, 305, 360, 320
-0.997525, 177, 289, 208, 304
-0.997533, 15, 121, 30, 152
-0.997544, 205, 327, 236, 342
-0.997546, 297, 287, 328, 302
-0.99755, 369, 177, 496, 208
-0.997553, 469, 101, 500, 116
-0.997555, 305, 345, 432, 375
-0.997556, 377, 361, 408, 375
-0.997557, 85, 305, 100, 368
-0.99756, 279, 257, 294, 320
-0.99757, 345, 97, 376, 352
-0.997572, 269, 265, 284, 328
-0.997574, 297, 301, 328, 316
-0.997576, 463, 89, 478, 120
-0.997577, 329, 297, 360, 312
-0.997592, 1, 305, 256, 368
-0.9976, 49, 225, 176, 256
-0.997602, 365, 351, 396, 366
-0.997603, 297, 317, 328, 332
-0.997603, 197, 293, 228, 308
-0.997607, 23, 121, 38, 152
-0.997608, 167, 281, 182, 344
-0.99762, 129, 265, 144, 328
-0.997621, 289, 329, 320, 344
-0.997622, 325, 279, 356, 294
-0.997631, 257, 97, 500, 160
-0.997633, 433, 241, 496, 304
-0.997634, 337, 189, 464, 220
-0.997641, 345, 241, 376, 368
-0.997642, 9, 121, 24, 184
-0.997643, 149, 319, 180, 334
-0.997644, 397, 359, 428, 374
-0.997656, 137, 333, 168, 348
-0.997657, 465, 153, 480, 216
-0.997658, 441, 185, 472, 200
-0.99766, 317, 97, 348, 352
-0.997662, 329, 315, 360, 330
-0.997667, 29, 133, 60, 148
-0.99767, 273, 133, 400, 164
-0.997677, 145, 313, 272, 344
-0.997684, 313, 305, 344, 320
-0.997686, 453, 317, 484, 332
-0.997697, 453, 357, 484, 372
-0.997703, 121, 337, 152, 352
-0.997705, 241, 253, 368, 284
-0.997714, 359, 101, 374, 132
-0.997717, 153, 129, 184, 375
-0.997718, 197, 289, 212, 352
-0.997724, 365, 101, 380, 132
-0.997727, 97, 337, 224, 368
-0.997731, 1, 129, 256, 192
-0.997737, 375, 137, 390, 200
-0.997738, 17, 97, 32, 160
-0.997738, 299, 289, 314, 352
-0.997738, 329, 169, 344, 232
-0.997742, 281, 49, 344, 176
-0.997743, 27, 97, 42, 160
-0.997743, 305, 245, 432, 276
-0.997744, 213, 313, 228, 375
-0.997745, 337, 257, 352, 320
-0.997746, 289, 97, 320, 352
-0.997747, 449, 157, 480, 172
-0.997747, 161, 291, 192, 306
-0.997757, 419, 313, 434, 375
-0.997776, 193, 97, 224, 352
-0.997778, 33, 281, 160, 312
-0.997779, 469, 145, 500, 272
-0.997795, 269, 97, 300, 352
-0.997795, 177, 329, 304, 360
-0.997798, 457, 93, 472, 124
-0.997809, 97, 113, 128, 240
-0.99781, 207, 313, 222, 375
-0.997814, 1, 153, 128, 216
-0.997819, 157, 193, 172, 256
-0.997819, 439, 313, 454, 375
-0.997824, 353, 133, 480, 164
-0.997833, 9, 17, 72, 80
-0.997844, 353, 161, 480, 192
-0.997859, 257, 129, 500, 192
-0.997863, 65, 325, 192, 356
-0.997871, 297, 295, 328, 310
-0.997884, 73, 177, 136, 240
-0.997892, 469, 313, 484, 375
-0.997893, 229, 97, 260, 352
-0.997894, 81, 313, 112, 328
-0.997896, 441, 357, 472, 372
-0.997901, 273, 293, 400, 324
-0.997907, 301, 97, 332, 352
-0.997908, 257, 97, 288, 352
-0.997915, 369, 169, 432, 232
-0.997915, 361, 265, 424, 328
-0.997927, 1, 121, 128, 152
-0.997931, 183, 281, 198, 344
-0.997931, 469, 93, 484, 124
-0.997937, 417, 361, 448, 375
-0.997942, 171, 185, 186, 248
-0.997944, 313, 293, 344, 308
-0.997957, 451, 89, 466, 152
-0.997958, 287, 249, 302, 312
-0.99796, 369, 129, 384, 160
-0.997965, 257, 333, 384, 364
-0.997969, 357, 139, 388, 154
-0.997984, 165, 97, 196, 352
-0.99799, 213, 97, 244, 352
-0.997993, 313, 299, 344, 314
-0.998, 49, 105, 112, 168
-0.998009, 427, 313, 442, 375
-0.99801, 17, 137, 48, 152
-0.998019, 325, 285, 356, 300
-0.998027, 345, 233, 360, 296
-0.998028, 305, 321, 432, 352
-0.998032, 229, 257, 244, 320
-0.998033, 337, 145, 464, 176
-0.998034, 241, 97, 272, 352
-0.99804, 461, 185, 492, 200
-0.99804, 37, 129, 52, 192
-0.99804, 369, 65, 400, 320
-0.998047, 177, 129, 208, 375
-0.998055, 437, 65, 468, 320
-0.998063, 457, 185, 472, 248
-0.998063, 209, 289, 224, 352
-0.998063, 75, 297, 90, 360
-0.998065, 253, 265, 268, 328
-0.998068, 353, 313, 368, 375
-0.998072, 33, 245, 160, 276
-0.998076, 17, 325, 144, 356
-0.998076, 409, 313, 424, 375
-0.998078, 341, 305, 356, 368
-0.998089, 361, 129, 376, 160
-0.99809, 361, 129, 376, 192
-0.99809, 241, 265, 256, 328
-0.998092, 453, 177, 484, 304
-0.998099, 29, 125, 44, 156
-0.998109, 117, 137, 132, 200
-0.998116, 437, 179, 468, 194
-0.998126, 257, 241, 500, 304
-0.998134, 269, 267, 300, 282
-0.998135, 113, 289, 128, 352
-0.998136, 457, 99, 488, 114
-0.998137, 141, 129, 172, 375
-0.998147, 463, 177, 478, 240
-0.998151, 223, 265, 238, 296
-0.998152, 97, 277, 224, 308
-0.998155, 13, 131, 44, 146
-0.998173, 1, 113, 500, 176
-0.998181, 353, 355, 384, 370
-0.998185, 463, 313, 478, 375
-0.998189, 257, 265, 500, 328
-0.9982, 289, 265, 416, 296
-0.998206, 225, 161, 256, 288
-0.998209, 403, 313, 418, 375
-0.998214, 433, 313, 448, 375
-0.99822, 25, 97, 56, 352
-0.998235, 339, 233, 354, 296
-0.998237, 461, 65, 492, 320
-0.998238, 337, 309, 464, 340
-0.998244, 161, 289, 176, 320
-0.998246, 349, 281, 364, 344
-0.998251, 81, 281, 96, 344
-0.998253, 177, 281, 192, 344
-0.998266, 65, 97, 96, 352
-0.998275, 413, 355, 444, 370
-0.998276, 161, 241, 192, 368
-0.998277, 319, 257, 334, 320
-0.998278, 345, 201, 360, 264
-0.998291, 257, 305, 384, 336
-0.998295, 201, 313, 216, 375
-0.998305, 111, 129, 126, 192
-0.998311, 49, 213, 176, 244
-0.998314, 307, 305, 322, 368
-0.998321, 453, 313, 468, 375
-0.998323, 323, 169, 338, 232
-0.998328, 329, 97, 360, 352
-0.998328, 441, 177, 456, 208
-0.99833, 129, 97, 160, 352
-0.99834, 9, 121, 24, 152
-0.998341, 19, 133, 34, 164
-0.998345, 125, 241, 140, 304
-0.998349, 241, 185, 368, 216
-0.998349, 129, 97, 256, 160
-0.998356, 121, 313, 136, 375
-0.998358, 123, 129, 138, 192
-0.998358, 139, 329, 154, 360
-0.998362, 313, 273, 328, 304
-0.998363, 17, 293, 144, 324
-0.998364, 215, 325, 230, 356
-0.998367, 337, 333, 464, 364
-0.998371, 167, 121, 182, 184
-0.998371, 321, 213, 448, 244
-0.998376, 249, 313, 264, 375
-0.998378, 13, 133, 28, 164
-0.998383, 425, 65, 456, 320
-0.99839, 369, 305, 384, 368
-0.998391, 191, 289, 206, 320
-0.998392, 435, 177, 450, 240
-0.998403, 149, 317, 164, 348
-0.998403, 49, 133, 176, 164
-0.998407, 221, 267, 252, 282
-0.998408, 371, 101, 386, 132
-0.998408, 113, 125, 240, 156
-0.998413, 459, 153, 474, 184
-0.998415, 353, 105, 368, 136
-0.998415, 177, 185, 192, 248
-0.998416, 301, 305, 316, 336
-0.998423, 185, 177, 200, 240
-0.998424, 337, 353, 368, 368
-0.99843, 369, 357, 432, 372
-0.998437, 129, 185, 256, 216
-0.998442, 393, 105, 408, 168
-0.998444, 13, 97, 44, 352
-0.998446, 33, 193, 288, 256
-0.998447, 299, 317, 314, 348
-0.998449, 283, 261, 298, 292
-0.998449, 185, 89, 248, 152
-0.998453, 429, 359, 460, 374
-0.998455, 33, 233, 288, 296
-0.99846, 365, 357, 396, 372
-0.998464, 485, 185, 500, 216
-0.998464, 207, 325, 222, 356
-0.998466, 311, 317, 326, 348
-0.998467, 1, 337, 128, 368
-0.998472, 201, 169, 216, 232
-0.998472, 35, 133, 50, 164
-0.998475, 329, 357, 392, 372
-0.998475, 451, 97, 466, 128
-0.998483, 123, 273, 138, 304
-0.998483, 229, 265, 244, 296
-0.998485, 375, 313, 390, 375
-0.998485, 161, 289, 416, 352
-0.99849, 193, 117, 320, 148
-0.998492, 475, 97, 490, 128
-0.998492, 373, 141, 388, 172
-0.998493, 153, 291, 216, 306
-0.998493, 377, 351, 440, 366
-0.998495, 219, 277, 234, 308
-0.9985, 279, 169, 294, 232
-0.998502, 471, 145, 486, 208
-0.998503, 409, 361, 472, 375
-0.998503, 411, 345, 426, 375
-0.998505, 445, 313, 460, 375
-0.998505, 433, 181, 448, 212
-0.998507, 289, 161, 304, 224
-0.998508, 289, 299, 352, 314
-0.998517, 1, 129, 64, 144
-0.998519, 481, 169, 496, 232
-0.998522, 425, 95, 488, 110
-0.998523, 117, 97, 148, 352
-0.998524, 433, 357, 496, 372
-0.998525, 329, 351, 392, 366
-0.998525, 409, 355, 472, 370
-0.998526, 131, 337, 146, 368
-0.998529, 113, 225, 128, 288
-0.998533, 417, 159, 480, 174
-0.998534, 289, 81, 352, 144
-0.998535, 289, 305, 352, 320
-0.99854, 479, 181, 494, 212
-0.998542, 353, 133, 384, 148
-0.998542, 429, 177, 444, 240
-0.998542, 9, 1, 40, 256
-0.998545, 413, 65, 444, 320
-0.998545, 241, 117, 368, 148
-0.998546, 385, 345, 400, 375
-0.998547, 51, 233, 66, 296
-0.998549, 209, 269, 272, 284
-0.998551, 281, 321, 344, 336
-0.998552, 345, 105, 408, 120
-0.998552, 65, 181, 192, 212
-0.998553, 273, 169, 288, 232
-0.998557, 121, 289, 136, 320
-0.99856, 417, 179, 480, 194
-0.998562, 433, 101, 496, 116
-0.998562, 289, 313, 352, 328
-0.998563, 73, 313, 136, 328
-0.998563, 335, 105, 350, 168
-0.998564, 153, 301, 216, 316
-0.998565, 113, 291, 176, 306
-0.998565, 313, 299, 376, 314
-0.998567, 3, 129, 18, 192
-0.998567, 129, 249, 256, 280
-0.998568, 249, 267, 312, 282
-0.998571, 281, 285, 344, 300
-0.998572, 449, 65, 480, 320
-0.998572, 369, 345, 384, 375
-0.998573, 289, 293, 352, 308
-0.998573, 265, 291, 328, 306
-0.998574, 265, 297, 328, 312
-0.998574, 207, 313, 222, 344
-0.998576, 349, 257, 364, 320
-0.998578, 215, 169, 230, 232
-0.998579, 433, 185, 496, 200
-0.998586, 321, 103, 384, 118
-0.998587, 91, 297, 106, 360
-0.998588, 321, 315, 384, 330
-0.998589, 155, 305, 170, 336
-0.998589, 185, 295, 248, 310
-0.998589, 297, 331, 360, 346
-0.99859, 121, 329, 184, 344
-0.99859, 395, 345, 410, 375
-0.99859, 1, 123, 64, 138
-0.998591, 1, 135, 64, 150
-0.998591, 237, 269, 252, 300
-0.998592, 353, 351, 416, 366
-0.998592, 249, 325, 312, 340
-0.998593, 281, 175, 344, 190
-0.998594, 321, 291, 384, 306
-0.998594, 25, 137, 88, 152
-0.998595, 345, 135, 408, 150
-0.998596, 265, 303, 328, 318
-0.998596, 347, 201, 362, 232
-0.998598, 113, 297, 176, 312
-0.998598, 329, 229, 392, 244
-0.998598, 305, 325, 368, 340
-0.998599, 329, 199, 392, 214
-0.998599, 305, 283, 368, 298
-0.9986, 257, 345, 384, 375
-0.998601, 433, 173, 496, 188
-0.998601, 73, 319, 136, 334
-0.998602, 241, 273, 304, 288
-0.998602, 263, 161, 278, 224
-0.998605, 249, 331, 312, 346
-0.998606, 49, 315, 112, 330
-0.998607, 209, 331, 272, 346
-0.998607, 321, 133, 384, 148
-0.998607, 433, 351, 496, 366
-0.998608, 177, 329, 240, 344
-0.998608, 113, 313, 176, 328
-0.998608, 185, 181, 248, 196
-0.998608, 417, 319, 480, 334
-0.998609, 153, 307, 216, 322
-0.998609, 417, 167, 480, 182
-0.998609, 137, 335, 200, 350
-0.998609, 393, 177, 456, 192
-0.99861, 113, 285, 176, 300
-0.99861, 329, 205, 392, 220
-0.998611, 337, 143, 400, 158
-0.998611, 167, 285, 182, 316
-0.998611, 145, 321, 208, 336
-0.998611, 289, 271, 352, 286
-0.998612, 329, 221, 392, 236
-0.998612, 209, 279, 272, 294
-0.998613, 409, 193, 472, 208
-0.998613, 249, 285, 312, 300
-0.998614, 113, 337, 176, 352
-0.998614, 151, 121, 166, 184
-0.998614, 289, 265, 352, 280
-0.998615, 129, 343, 192, 358
-0.998616, 169, 285, 232, 300
-0.998616, 265, 337, 328, 352
-0.998616, 89, 337, 152, 352
-0.998617, 267, 269, 282, 300
-0.998619, 337, 323, 400, 338
-0.998619, 451, 177, 466, 208
-0.998619, 101, 97, 132, 352
-0.998619, 169, 187, 232, 202
-0.99862, 113, 321, 176, 336
-0.99862, 265, 315, 328, 330
-0.99862, 97, 331, 160, 346
-0.99862, 73, 283, 136, 298
-0.99862, 321, 309, 384, 324
-0.99862, 113, 305, 176, 320
-0.998621, 145, 313, 208, 328
-0.998621, 305, 355, 368, 370
-0.998621, 97, 237, 160, 252
-0.998622, 339, 341, 354, 372
-0.998623, 329, 215, 392, 230
-0.998623, 33, 341, 96, 356
-0.998624, 257, 175, 320, 190
-0.998625, 433, 193, 496, 208
-0.998625, 25, 131, 88, 146
-0.998626, 185, 337, 248, 352
-0.998626, 169, 317, 232, 332
-0.998627, 401, 185, 464, 200
-0.998627, 329, 237, 392, 252
-0.998628, 73, 307, 136, 322
-0.99863, 153, 193, 216, 208
-0.99863, 291, 285, 306, 316
-0.998631, 401, 349, 464, 364
-0.998631, 105, 343, 168, 358
-0.998631, 105, 213, 168, 228
-0.998631, 113, 189, 176, 204
-0.998631, 209, 325, 272, 340
-0.998631, 281, 277, 344, 292
-0.998632, 305, 361, 368, 375
-0.998632, 393, 325, 456, 340
-0.998632, 377, 331, 440, 346
-0.998633, 325, 293, 340, 324
-0.998633, 105, 207, 168, 222
-0.998633, 313, 277, 376, 292
-0.998633, 361, 145, 424, 160
-0.998635, 193, 303, 256, 318
-0.998635, 293, 325, 308, 356
-0.998636, 73, 299, 136, 314
-0.998636, 209, 177, 272, 192
-0.998637, 381, 65, 412, 320
-0.998637, 73, 343, 136, 358
-0.998637, 33, 355, 96, 370
-0.998638, 385, 191, 448, 206
-0.998638, 73, 289, 136, 304
-0.998638, 73, 277, 136, 292
-0.998639, 329, 193, 392, 208
-0.998639, 337, 285, 400, 300
-0.998639, 273, 327, 336, 342
-0.998639, 105, 275, 168, 290
-0.998639, 97, 223, 160, 238
-0.998639, 295, 161, 310, 224
-0.99864, 161, 335, 224, 350
-0.99864, 405, 345, 420, 375
-0.998641, 289, 259, 352, 274
-0.998642, 233, 177, 296, 192
-0.998642, 427, 345, 442, 375
-0.998642, 209, 291, 272, 306
-0.998643, 37, 105, 52, 168
-0.998649, 319, 273, 334, 304
-0.99865, 71, 129, 86, 192
-0.99865, 143, 185, 158, 248
-0.998651, 379, 345, 394, 375
-0.998652, 277, 265, 292, 296
-0.998656, 443, 105, 458, 168
-0.998661, 85, 309, 100, 340
-0.998663, 381, 313, 396, 375
-0.998664, 37, 65, 68, 320
-0.998665, 433, 157, 448, 188
-0.99867, 303, 329, 318, 360
-0.99867, 311, 169, 326, 232
-0.998679, 393, 353, 424, 368
-0.998682, 451, 189, 466, 220
-0.998691, 217, 313, 232, 344
-0.998694, 81, 97, 112, 352
-0.998698, 315, 301, 330, 332
-0.998702, 5, 133, 20, 164
-0.998704, 217, 289, 232, 320
-0.998712, 359, 141, 374, 172
-0.998717, 241, 233, 368, 264
-0.998719, 453, 157, 468, 188
-0.998719, 397, 65, 428, 320
-0.99872, 463, 101, 478, 132
-0.998723, 287, 273, 302, 304
-0.998748, 337, 185, 352, 216
-0.998752, 467, 313, 482, 344
-0.998753, 129, 197, 256, 228
-0.998754, 53, 97, 84, 352
-0.998757, 177, 285, 192, 316
-0.998758, 207, 301, 222, 332
-0.998761, 243, 269, 258, 300
-0.998763, 467, 165, 482, 196
-0.998771, 339, 293, 354, 324
-0.998773, 455, 345, 470, 375
-0.998775, 157, 197, 172, 228
-0.998778, 113, 297, 128, 328
-0.998786, 309, 329, 324, 360
-0.998796, 321, 277, 448, 308
-0.998799, 33, 257, 160, 288
-0.998801, 337, 269, 352, 300
-0.998804, 349, 317, 364, 348
-0.998805, 337, 1, 368, 256
-0.998815, 23, 109, 38, 140
-0.998822, 359, 345, 374, 375
-0.998826, 421, 345, 436, 375
-0.99883, 337, 297, 464, 328
-0.998832, 445, 345, 460, 375
-0.998834, 123, 333, 138, 364
-0.998835, 257, 197, 384, 228
-0.998841, 67, 137, 82, 168
-0.998844, 1, 97, 32, 352
-0.99885, 457, 181, 472, 212
-0.998853, 261, 269, 276, 300
-0.998858, 339, 317, 354, 348
-0.998859, 329, 317, 344, 348
-0.998859, 461, 313, 476, 344
-0.998861, 153, 33, 184, 288
-0.998861, 257, 289, 500, 352
-0.998863, 347, 329, 362, 360
-0.998866, 379, 141, 394, 172
-0.998876, 191, 181, 206, 212
-0.998884, 327, 305, 342, 336
-0.998885, 29, 137, 44, 168
-0.998895, 251, 269, 266, 300
-0.998898, 135, 261, 150, 292
-0.998899, 345, 341, 360, 372
-0.998901, 349, 285, 364, 316
-0.998901, 165, 193, 180, 224
-0.998904, 173, 189, 188, 220
-0.998906, 353, 345, 368, 375
-0.998906, 331, 177, 346, 208
-0.998909, 441, 189, 456, 220
-0.99891, 1, 65, 32, 192
-0.998915, 375, 129, 390, 160
-0.998917, 345, 217, 360, 248
-0.998917, 81, 345, 96, 375
-0.998919, 145, 329, 160, 360
-0.998921, 273, 173, 288, 204
-0.998922, 181, 185, 196, 216
-0.998924, 365, 141, 380, 172
-0.998924, 115, 329, 130, 360
-0.998927, 331, 333, 346, 364
-0.99893, 113, 221, 240, 252
-0.998932, 319, 173, 334, 204
-0.998937, 199, 325, 214, 356
-0.998939, 93, 309, 108, 340
-0.998943, 97, 169, 224, 200
-0.998947, 91, 297, 106, 328
-0.99895, 431, 193, 446, 224
-0.998951, 257, 209, 384, 240
-0.998956, 469, 345, 484, 375
-0.998963, 473, 185, 488, 216
-0.998965, 205, 337, 220, 368
-0.998968, 225, 89, 352, 152
-0.998969, 355, 129, 370, 160
-0.998976, 177, 33, 208, 288
-0.998979, 353, 121, 480, 152
-0.999015, 129, 209, 256, 240
-0.999031, 337, 265, 464, 296
-0.999032, 49, 269, 176, 300
-0.999036, 161, 341, 288, 372
-0.999037, 233, 1, 264, 256
-0.999041, 269, 1, 300, 256
-0.999072, 249, 1, 280, 256
-0.999081, 145, 273, 272, 304
-0.999087, 65, 105, 192, 168
-0.999095, 141, 33, 172, 288
-0.999107, 297, 1, 328, 256
-0.999113, 273, 173, 400, 204
-0.999115, 281, 1, 312, 256
-0.999123, 189, 161, 220, 288
-0.999146, 241, 221, 368, 252
-0.999146, 205, 1, 236, 256
-0.999168, 1, 169, 500, 232
-0.999169, 221, 1, 252, 256
-0.999179, 25, 1, 56, 256
-0.999185, 193, 1, 224, 256
-0.999186, 309, 1, 340, 256
-0.999192, 241, 161, 368, 192
-0.999196, 1, 221, 128, 252
-0.999219, 325, 1, 356, 256
-0.999228, 353, 103, 384, 118
-0.999228, 367, 81, 382, 208
-0.999258, 113, 233, 240, 264
-0.999276, 377, 355, 408, 370
-0.999292, 369, 233, 496, 264
-0.999299, 129, 1, 160, 256
-0.999304, 1, 181, 128, 212
-0.999305, 65, 1, 96, 256
-0.999312, 77, 1, 108, 256
-0.999317, 453, 97, 468, 224
-0.999321, 385, 209, 416, 336
-0.999327, 1, 201, 128, 232
-0.999329, 53, 1, 84, 256
-0.999342, 1, 1, 64, 128
-0.999343, 353, 321, 480, 352
-0.99935, 165, 1, 196, 256
-0.999367, 105, 1, 136, 256
-0.999413, 93, 1, 124, 256
-0.999415, 257, 185, 500, 248
-0.999416, 9, 125, 40, 140
-0.999418, 257, 93, 384, 124
-0.999425, 359, 81, 374, 208
-0.999454, 161, 157, 288, 188
-0.999469, 223, 241, 238, 368
-0.999484, 161, 145, 416, 208
-0.9995, 305, 161, 432, 192
-0.999502, 369, 249, 496, 280
-0.999515, 1, 233, 128, 264
-0.999522, 337, 241, 352, 368
-0.999524, 209, 341, 336, 372
-0.999549, 433, 33, 496, 160
-0.99955, 135, 241, 150, 368
-0.999554, 117, 1, 148, 256
-0.999557, 199, 327, 214, 342
-0.999557, 5, 121, 20, 136
-0.999558, 311, 321, 326, 336
-0.999558, 339, 325, 354, 340
-0.999559, 177, 287, 192, 302
-0.99956, 5, 133, 20, 148
-0.99956, 439, 193, 454, 208
-0.99956, 433, 185, 448, 200
-0.99956, 339, 277, 354, 292
-0.999561, 155, 309, 170, 324
-0.999561, 341, 359, 356, 374
-0.999561, 367, 349, 382, 364
-0.999562, 111, 301, 126, 316
-0.999563, 485, 189, 500, 204
-0.999564, 169, 193, 184, 208
-0.999564, 351, 323, 366, 338
-0.999565, 431, 177, 446, 192
-0.999565, 197, 333, 212, 348
-0.999566, 159, 299, 174, 314
-0.999566, 79, 315, 94, 330
-0.999566, 181, 187, 196, 202
-0.999566, 363, 361, 378, 375
-0.999567, 293, 331, 308, 346
-0.999567, 347, 331, 362, 346
-0.999567, 93, 315, 108, 330
-0.999568, 339, 331, 354, 346
-0.999568, 375, 107, 390, 122
-0.999569, 303, 333, 318, 348
-0.999569, 207, 317, 222, 332
-0.99957, 347, 207, 362, 222
-0.99957, 301, 311, 316, 326
-0.99957, 29, 127, 44, 142
-0.99957, 241, 269, 256, 284
-0.999571, 123, 337, 138, 352
-0.999571, 309, 327, 324, 342
-0.999572, 123, 275, 138, 290
-0.999572, 373, 349, 388, 364
-0.999572, 299, 319, 314, 334
-0.999573, 431, 353, 446, 368
-0.999573, 263, 271, 278, 286
-0.999573, 351, 359, 366, 374
-0.999574, 485, 359, 500, 374
-0.999575, 423, 349, 438, 364
-0.999576, 447, 97, 462, 224
-0.999576, 333, 357, 348, 372
-0.999576, 283, 263, 298, 278
-0.999577, 121, 291, 136, 306
-0.999577, 37, 137, 52, 152
-0.999578, 463, 361, 478, 375
-0.999578, 235, 269, 250, 284
-0.99958, 371, 139, 386, 154
-0.99958, 471, 101, 486, 116
-0.99958, 175, 189, 190, 204
-0.999581, 217, 323, 232, 338
-0.999581, 465, 315, 480, 330
-0.999581, 151, 317, 166, 332
-0.999581, 477, 101, 492, 116
-0.999581, 213, 331, 228, 346
-0.999581, 357, 109, 372, 124
-0.999584, 463, 177, 478, 192
-0.999584, 345, 353, 360, 368
-0.999585, 393, 349, 408, 364
-0.999586, 471, 355, 486, 370
-0.999587, 459, 157, 474, 172
-0.999587, 229, 267, 244, 282
-0.999588, 395, 361, 410, 375
-0.999589, 19, 117, 34, 132
-0.99959, 209, 325, 224, 340
-0.999592, 357, 351, 372, 366
-0.999592, 133, 337, 148, 352
-0.999592, 373, 145, 388, 160
-0.999592, 11, 133, 26, 148
-0.999593, 369, 109, 384, 124
-0.999594, 353, 81, 368, 208
-0.999595, 411, 361, 426, 375
-0.999596, 269, 269, 284, 284
-0.999596, 19, 137, 34, 152
-0.999597, 415, 349, 430, 364
-0.999597, 361, 131, 376, 146
-0.999598, 359, 141, 374, 156
-0.999601, 463, 183, 478, 198
-0.999601, 165, 289, 180, 304
-0.999601, 207, 335, 222, 350
-0.999602, 191, 291, 206, 306
-0.999603, 463, 103, 478, 118
-0.999604, 453, 183, 468, 198
-0.999605, 313, 273, 328, 288
-0.999605, 141, 331, 156, 346
-0.999606, 365, 141, 380, 156
-0.999608, 321, 283, 336, 298
-0.999609, 149, 323, 164, 338
-0.999611, 475, 183, 490, 198
-0.999612, 471, 95, 486, 110
-0.999614, 369, 361, 384, 375
-0.999615, 389, 361, 404, 375
-0.999616, 27, 133, 42, 148
-0.999617, 417, 361, 432, 375
-0.999617, 483, 183, 498, 198
-0.999619, 479, 357, 494, 372
-0.99962, 401, 351, 416, 366
-0.999621, 289, 185, 416, 216
-0.999622, 339, 353, 354, 368
-0.999622, 145, 209, 160, 336
-0.999623, 351, 353, 366, 368
-0.999624, 445, 357, 460, 372
-0.999624, 439, 357, 454, 372
-0.999627, 223, 267, 238, 282
-0.999628, 315, 279, 330, 294
-0.999629, 29, 113, 44, 240
-0.99963, 455, 357, 470, 372
-0.99963, 379, 359, 394, 374
-0.999635, 425, 361, 440, 375
-0.999637, 443, 179, 458, 194
-0.999641, 407, 353, 422, 368
-0.999641, 85, 311, 100, 326
-0.999643, 369, 133, 384, 148
-0.999645, 469, 241, 500, 368
-0.999646, 23, 125, 38, 140
-0.999651, 469, 361, 484, 375
-0.999651, 319, 289, 334, 304
-0.999654, 457, 103, 472, 118
-0.999655, 369, 217, 496, 248
-0.999657, 365, 355, 380, 370
-0.999662, 413, 355, 428, 370
-0.999662, 401, 357, 416, 372
-0.999666, 373, 355, 388, 370
-0.999671, 123, 241, 138, 368
-0.999677, 357, 357, 372, 372
-0.999678, 367, 103, 382, 118
-0.99968, 1, 169, 128, 200
-0.99968, 433, 359, 448, 374
-0.999683, 441, 97, 456, 224
-0.999692, 15, 123, 30, 138
-0.999692, 465, 93, 480, 108
-0.999697, 473, 81, 488, 208
-0.999697, 331, 97, 346, 224
-0.999699, 359, 101, 374, 116
-0.999699, 233, 241, 248, 368
-0.9997, 151, 193, 166, 320
-0.999707, 391, 355, 406, 370
-0.99971, 457, 93, 472, 108
-0.99972, 299, 97, 314, 224
-0.999722, 35, 113, 50, 240
-0.999722, 289, 241, 304, 368
-0.999722, 253, 97, 268, 224
-0.99973, 385, 355, 400, 370
-0.99973, 321, 93, 448, 124
-0.99973, 97, 157, 224, 188
-0.999732, 267, 97, 282, 224
-0.999733, 379, 353, 394, 368
-0.999734, 467, 81, 482, 208
-0.999734, 423, 355, 438, 370
-0.99974, 375, 97, 390, 224
-0.999743, 177, 113, 192, 240
-0.999743, 457, 145, 472, 272
-0.999755, 289, 145, 416, 176
-0.999756, 321, 97, 336, 224
-0.999758, 459, 81, 474, 208
-0.999765, 369, 201, 496, 232
-0.999765, 453, 93, 484, 108
-0.999765, 293, 97, 308, 224
-0.999768, 33, 65, 64, 192
-0.99977, 9, 113, 24, 240
-0.999772, 1, 153, 256, 216
-0.999779, 1, 105, 256, 168
-0.99978, 417, 145, 448, 272
-0.999786, 277, 97, 292, 224
-0.999789, 315, 97, 330, 224
-0.999791, 213, 113, 228, 240
-0.999794, 319, 241, 334, 368
-0.999795, 305, 97, 320, 224
-0.999795, 435, 97, 450, 224
-0.999802, 187, 113, 202, 240
-0.999803, 157, 113, 172, 240
-0.999807, 15, 113, 30, 240
-0.999807, 217, 241, 232, 368
-0.999813, 373, 225, 404, 352
-0.999817, 337, 97, 352, 224
-0.999819, 199, 113, 214, 240
-0.999822, 337, 161, 352, 288
-0.999822, 231, 97, 246, 224
-0.999828, 479, 81, 494, 208
-0.999831, 285, 97, 300, 224
-0.999834, 177, 257, 304, 288
-0.999838, 167, 113, 182, 240
-0.999839, 207, 113, 222, 240
-0.999842, 283, 241, 298, 368
-0.999852, 369, 105, 496, 136
-0.999857, 259, 97, 274, 224
-0.999859, 241, 97, 256, 224
-0.999861, 219, 97, 234, 224
-0.999866, 369, 81, 496, 112
-0.999874, 143, 113, 158, 240
-0.999876, 239, 241, 254, 368
-0.999884, 193, 113, 208, 240
-0.999889, 369, 233, 496, 296
-0.999892, 19, 65, 34, 192
-0.999893, 247, 97, 262, 224
-0.999894, 273, 241, 288, 368
-0.999907, 281, 161, 296, 288
-0.999908, 225, 113, 240, 240
-0.999913, 485, 81, 500, 208
-0.999924, 1, 109, 128, 140
-0.999928, 257, 217, 500, 280
-0.999929, 257, 241, 272, 368
-0.99994, 49, 121, 176, 152
-0.999948, 425, 97, 440, 224
-0.999959, 245, 241, 260, 368
-0.999964, 409, 97, 424, 224
-0.999965, 49, 145, 176, 176
-0.999965, 275, 161, 290, 288
-0.999967, 267, 241, 282, 368
-0.999972, 381, 97, 396, 224
-0.999975, 451, 145, 466, 272
-0.999979, 81, 245, 208, 276
-0.999986, 345, 193, 360, 320
-1.00001, 419, 81, 434, 208
-1.00001, 289, 117, 416, 148
-1.00002, 177, 145, 304, 176
-1.00002, 113, 113, 128, 240
-1.00002, 21, 113, 36, 240
-1.00002, 343, 241, 358, 368
-1.00002, 225, 129, 352, 160
-1.00003, 353, 129, 384, 256
-1.00003, 151, 113, 166, 240
-1.00004, 129, 241, 144, 368
-1.00004, 331, 161, 346, 288
-1.00004, 289, 145, 304, 272
-1.00004, 463, 145, 478, 272
-1.00004, 325, 241, 340, 368
-1.00007, 357, 33, 388, 160
-1.00007, 27, 65, 42, 192
-1.00008, 1, 157, 128, 188
-1.00009, 193, 105, 320, 136
-1.00009, 403, 97, 418, 224
-1.00009, 263, 161, 278, 288
-1.0001, 59, 113, 74, 240
-1.00011, 121, 113, 136, 240
-1.00012, 1, 129, 16, 256
-1.00012, 347, 97, 362, 224
-1.00013, 129, 113, 144, 240
-1.00013, 111, 225, 126, 352
-1.00013, 97, 129, 112, 256
-1.00013, 393, 81, 408, 208
-1.00014, 251, 241, 266, 368
-1.00014, 157, 177, 172, 304
-1.00015, 71, 129, 86, 256
-1.00016, 325, 161, 340, 288
-1.00017, 295, 161, 310, 288
-1.00017, 217, 161, 232, 288
-1.00017, 313, 241, 328, 368
-1.00017, 225, 161, 240, 288
-1.00017, 185, 161, 200, 288
-1.00018, 179, 177, 194, 304
-1.00018, 107, 113, 122, 240
-1.00019, 3, 81, 18, 208
-1.00019, 307, 161, 322, 288
-1.00019, 53, 113, 68, 240
-1.0002, 41, 97, 56, 224
-1.0002, 145, 113, 272, 144
-1.00021, 171, 177, 186, 304
-1.00022, 137, 113, 152, 240
-1.00022, 477, 145, 492, 272
-1.00023, 239, 161, 254, 288
-1.00023, 89, 113, 104, 240
-1.00024, 49, 169, 176, 200
-1.00025, 79, 113, 94, 240
-1.00025, 387, 81, 402, 208
-1.00025, 211, 161, 226, 288
-1.00025, 231, 161, 246, 288
-1.00025, 445, 145, 460, 272
-1.00026, 269, 161, 284, 288
-1.00026, 139, 193, 154, 320
-1.00026, 273, 73, 400, 136
-1.00026, 65, 113, 80, 240
-1.00026, 161, 89, 416, 152
-1.00027, 433, 145, 448, 272
-1.00028, 97, 145, 224, 176
-1.00028, 257, 161, 272, 288
-1.00028, 469, 129, 484, 256
-1.00029, 245, 161, 260, 288
-1.00029, 165, 177, 180, 304
-1.00029, 205, 241, 220, 368
-1.00029, 359, 129, 374, 256
-1.00029, 301, 145, 316, 272
-1.0003, 161, 129, 288, 160
-1.0003, 251, 161, 266, 288
-1.0003, 317, 161, 332, 288
-1.0003, 9, 65, 24, 192
-1.00031, 47, 113, 62, 240
-1.00032, 1, 145, 128, 176
-1.00032, 457, 241, 488, 368
-1.0004, 1, 269, 128, 300
-1.00043, 193, 245, 320, 276
-1.00047, 365, 177, 396, 304
-1.00066, 93, 193, 124, 320
-1.00068, 81, 105, 208, 136
-1.00069, 421, 49, 452, 176
-1.00069, 225, 149, 352, 180
-1.00074, 369, 277, 496, 308
-1.00075, 65, 241, 96, 368
-1.00081, 49, 157, 176, 188
-1.00088, 1, 1, 128, 32
-1.00095, 129, 101, 256, 132
-1.00098, 149, 65, 180, 192
-1.00114, 321, 81, 448, 112
-1.00115, 81, 225, 112, 352
-1.00116, 1, 137, 500, 200
-1.0012, 329, 145, 360, 272
-1.00123, 273, 77, 400, 108
-1.00123, 57, 33, 120, 160
-1.0014, 441, 49, 472, 176
-1.00143, 9, 241, 40, 368
-1.00155, 257, 73, 500, 136
-1.00161, 177, 89, 304, 152
-1.00169, 149, 241, 180, 368
-1.00172, 193, 65, 224, 192
-1.00178, 373, 33, 404, 160
-1.00189, 193, 217, 320, 280
-1.00193, 429, 241, 460, 368
-1.00194, 1, 81, 256, 144
-1.00194, 129, 65, 160, 192
-1.00198, 397, 49, 428, 176
-1.00201, 341, 49, 372, 176
-1.00207, 389, 145, 420, 272
-1.00212, 137, 161, 168, 288
-1.00214, 9, 17, 40, 144
-1.00214, 409, 1, 472, 128
-1.00214, 61, 193, 92, 320
-1.00216, 165, 65, 196, 192
-1.00219, 129, 17, 384, 144
-1.00221, 305, 1, 368, 128
-1.00223, 45, 65, 76, 192
-1.00224, 205, 65, 236, 192
-1.00228, 77, 81, 108, 208
-1.0023, 181, 65, 212, 192
-1.00247, 441, 225, 472, 352
-1.00249, 1, 81, 500, 144
-1.00253, 469, 193, 500, 320
-1.0026, 53, 241, 84, 368
-1.00262, 161, 65, 416, 128
-1.0027, 409, 49, 440, 176
-1.00278, 369, 257, 496, 320
-1.00285, 81, 177, 112, 304
-1.00294, 377, 129, 408, 256
-1.00295, 361, 225, 392, 352
-1.00295, 21, 241, 52, 368
-1.00297, 113, 65, 144, 192
-1.00304, 413, 225, 444, 352
-1.0031, 33, 81, 160, 144
-1.00322, 1, 193, 32, 320
-1.00332, 65, 65, 96, 192
-1.00333, 453, 33, 484, 160
-1.00337, 93, 65, 124, 192
-1.0034, 317, 49, 348, 176
-1.0034, 45, 161, 76, 288
-1.00344, 1, 1, 256, 64
-1.00347, 301, 193, 332, 320
-1.00349, 1, 57, 256, 120
-1.00351, 469, 33, 500, 160
-1.0036, 1, 33, 256, 96
-1.0036, 425, 193, 456, 320
-1.0036, 25, 17, 88, 144
-1.00362, 161, 41, 416, 104
-1.00368, 401, 145, 432, 272
-1.0038, 257, 33, 500, 96
-1.00382, 257, 9, 500, 72
-1.00382, 161, 17, 416, 80
-1.00412, 193, 17, 256, 144
-1.00422, 21, 17, 52, 144
-1.00425, 225, 65, 352, 128
-1.00427, 277, 49, 308, 176
-1.00434, 1, 57, 500, 120
-1.00462, 353, 49, 480, 112
-1.00484, 169, 17, 232, 144
-1.00493, 1, 9, 128, 72
-1.00514, 137, 17, 200, 144
-1.00522, 89, 1, 152, 128
-1.00523, 81, 81, 208, 144
-1.00529, 1, 9, 500, 72
-1.00534, 377, 1, 440, 128
-1.00556, 129, 73, 256, 136
-1.00563, 225, 1, 480, 128
-1.00582, 1, 33, 128, 96
-1.00594, 289, 49, 416, 112
-1.00606, 1, 33, 500, 96
-1.00612, 193, 193, 320, 256
-1.00617, 129, 17, 256, 144
-1.00618, 113, 17, 176, 144
-1.0066, 1, 57, 128, 120
-1.0067, 1, 17, 128, 144
-1.00672, 177, 65, 304, 128
-1.0068, 273, 1, 336, 128
-1.00706, 65, 57, 192, 120
-1.0071, 225, 1, 288, 128
-1.00716, 113, 41, 240, 104
-1.0072, 225, 41, 352, 104
-1.00731, 273, 1, 400, 64
-1.00731, 321, 1, 448, 64
-1.00731, 369, 1, 496, 64
-1.00731, 81, 9, 208, 72
-1.00731, 177, 9, 304, 72
-1.00731, 129, 17, 256, 80
-1.00731, 225, 17, 352, 80
-1.00731, 273, 25, 400, 88
-1.00731, 321, 25, 448, 88
-1.00731, 369, 25, 496, 88
-1.00731, 65, 33, 192, 96
-1.00731, 177, 33, 304, 96
-1.00747, 249, 1, 312, 128
-1.00777, 177, 17, 304, 144
-1.00797, 81, 17, 208, 144
-1.01084, 225, 1, 352, 128
