1920
-0.492292, 1, 33, 500, 288
-0.526409, 1, 1, 500, 359
-0.621243, 33, 1, 288, 359
-0.664055, 193, 1, 448, 359
-0.775664, 33, 65, 288, 320
-0.809275, 161, 1, 416, 256
-0.85569, 129, 97, 384, 352
-0.890551, 273, 1, 400, 359
-0.892274, 257, 65, 500, 320
-0.905003, 81, 1, 208, 359
-0.905969, 1, 65, 128, 320
-0.907578, 1, 65, 500, 192
-0.909057, 81, 65, 208, 320
-0.9166, 289, 33, 416, 288
-0.920928, 1, 209, 500, 336
-0.921083, 161, 65, 288, 320
-0.924544, 209, 1, 336, 359
-0.926346, 145, 1, 272, 359
-0.92817, 209, 1, 336, 256
-0.928329, 369, 65, 496, 320
-0.931948, 321, 1, 448, 359
-0.937288, 33, 1, 160, 359
-0.937682, 1, 17, 500, 144
-0.937705, 1, 129, 500, 256
-0.944863, 33, 81, 288, 208
-0.948913, 193, 193, 448, 320
-0.94951, 369, 1, 496, 359
-0.950145, 161, 81, 416, 208
-0.95536, 193, 145, 448, 272
-0.95757, 65, 145, 320, 272
-0.959204, 81, 81, 208, 208
-0.959215, 273, 145, 400, 272
-0.960158, 209, 81, 336, 208
-0.96062, 209, 97, 336, 352
-0.965498, 273, 49, 400, 176
-0.965608, 257, 65, 500, 192
-0.966118, 1, 33, 256, 160
-0.966453, 1, 65, 64, 192
-0.966844, 161, 97, 288, 224
-0.966849, 1, 209, 256, 336
-0.968056, 33, 81, 160, 208
-0.969099, 217, 81, 280, 208
-0.971207, 321, 81, 448, 208
-0.971927, 33, 65, 96, 192
-0.972004, 97, 145, 224, 272
-0.972239, 161, 145, 288, 272
-0.972672, 129, 49, 192, 176
-0.972675, 97, 33, 352, 160
-0.972885, 97, 193, 352, 320
-0.972964, 193, 97, 256, 224
-0.973205, 257, 17, 500, 144
-0.973369, 337, 81, 400, 208
-0.973406, 273, 97, 400, 224
-0.973706, 249, 97, 312, 224
-0.973737, 105, 177, 168, 304
-0.974419, 297, 65, 360, 192
-0.974432, 329, 129, 392, 256
-0.974649, 1, 73, 64, 136
-0.975286, 313, 17, 376, 144
-0.975469, 65, 97, 128, 224
-0.975692, 241, 145, 304, 272
-0.975849, 49, 145, 176, 272
-0.976063, 369, 81, 432, 208
-0.976063, 41, 113, 104, 240
-0.976201, 273, 81, 336, 208
-0.976301, 65, 209, 128, 336
-0.976427, 209, 161, 272, 288
-0.97647, 177, 129, 240, 192
-0.976613, 209, 129, 336, 256
-0.976874, 49, 193, 176, 320
-0.976978, 273, 1, 400, 128
-0.977005, 169, 113, 232, 240
-0.977228, 161, 193, 288, 320
-0.977546, 241, 209, 304, 336
-0.977574, 153, 209, 216, 336
-0.977782, 73, 161, 136, 288
-0.977942, 97, 81, 160, 208
-0.978224, 209, 209, 336, 336
-0.978319, 297, 145, 360, 272
-0.978331, 217, 97, 280, 160
-0.97888, 321, 1, 448, 128
-0.978925, 1, 97, 64, 160
-0.978995, 1, 113, 64, 240
-0.97929, 1, 145, 128, 272
-0.979436, 113, 209, 240, 336
-0.979601, 217, 209, 280, 336
-0.979905, 113, 33, 240, 160
-0.980163, 369, 97, 496, 224
-0.980295, 137, 97, 200, 224
-0.980437, 201, 121, 264, 184
-0.980471, 177, 49, 240, 176
-0.980616, 329, 97, 392, 160
-0.980685, 273, 193, 400, 320
-0.98077, 113, 129, 176, 256
-0.981467, 1, 65, 64, 320
-0.981806, 297, 97, 360, 160
-0.981913, 153, 225, 216, 288
-0.981943, 25, 65, 88, 320
-0.982185, 305, 97, 432, 160
-0.982289, 25, 81, 88, 144
-0.982369, 337, 33, 400, 160
-0.982386, 257, 97, 320, 160
-0.982591, 65, 225, 128, 288
-0.982741, 369, 81, 432, 144
-0.982911, 33, 17, 160, 144
-0.983177, 105, 225, 168, 352
-0.983199, 265, 161, 328, 288
-0.983204, 1, 73, 32, 136
-0.983287, 129, 73, 192, 136
-0.9834, 353, 105, 416, 168
-0.983494, 369, 129, 432, 256
-0.983808, 129, 1, 192, 128
-0.983865, 129, 225, 192, 352
-0.983922, 177, 105, 240, 168
-0.983943, 97, 233, 160, 296
-0.984071, 329, 73, 392, 136
-0.984147, 273, 153, 400, 216
-0.984197, 161, 33, 288, 160
-0.984294, 153, 129, 216, 192
-0.984308, 169, 161, 232, 288
-0.984335, 105, 65, 168, 320
-0.984627, 209, 97, 336, 160
-0.984689, 257, 161, 320, 224
-0.984767, 81, 65, 144, 320
-0.984791, 313, 25, 376, 88
-0.984832, 13, 73, 44, 136
-0.984855, 393, 65, 456, 192
-0.984873, 321, 1, 384, 64
-0.984984, 137, 145, 200, 272
-0.985081, 257, 121, 320, 184
-0.985286, 169, 97, 232, 352
-0.985407, 321, 49, 384, 112
-0.985484, 393, 113, 456, 240
-0.985496, 189, 129, 220, 192
-0.985516, 49, 65, 112, 320
-0.985523, 105, 209, 168, 272
-0.985824, 113, 81, 240, 144
-0.985876, 129, 33, 192, 288
-0.985877, 177, 81, 240, 144
-0.985927, 361, 1, 424, 128
-0.986072, 273, 73, 400, 136
-0.986168, 241, 225, 304, 288
-0.986218, 297, 73, 360, 136
-0.986225, 177, 153, 240, 216
-0.986452, 201, 129, 232, 192
-0.986471, 25, 73, 56, 136
-0.986518, 153, 17, 216, 144
-0.986546, 25, 161, 88, 288
-0.986566, 161, 105, 288, 168
-0.98672, 225, 145, 288, 208
-0.986798, 297, 153, 360, 216
-0.9868, 289, 1, 352, 128
-0.986894, 249, 185, 312, 248
-0.986974, 289, 121, 352, 184
-0.987013, 305, 97, 336, 160
-0.987041, 225, 177, 288, 240
-0.987087, 353, 145, 480, 272
-0.987136, 313, 121, 376, 184
-0.987196, 377, 105, 440, 168
-0.987268, 273, 121, 400, 184
-0.987268, 193, 209, 256, 336
-0.987281, 41, 145, 104, 208
-0.987312, 25, 105, 88, 168
-0.987317, 337, 153, 400, 216
-0.987324, 121, 153, 184, 216
-0.987346, 33, 97, 64, 160
-0.987451, 377, 65, 440, 320
-0.987535, 105, 1, 168, 128
-0.987538, 193, 65, 256, 320
-0.987556, 201, 241, 264, 304
-0.987598, 257, 97, 384, 160
-0.987628, 5, 65, 36, 192
-0.987821, 249, 49, 312, 176
-0.987867, 377, 137, 440, 200
-0.987882, 201, 185, 264, 248
-0.987951, 325, 81, 356, 144
-0.987952, 1, 161, 64, 224
-0.988063, 25, 65, 56, 192
-0.98809, 9, 97, 40, 160
-0.988113, 21, 97, 52, 160
-0.988132, 221, 97, 252, 160
-0.988185, 297, 1, 360, 256
-0.988193, 225, 121, 288, 184
-0.988315, 1, 161, 64, 288
-0.988387, 273, 177, 400, 240
-0.988478, 329, 1, 392, 256
-0.988493, 201, 145, 264, 208
-0.988524, 65, 97, 128, 160
-0.988539, 245, 97, 276, 160
-0.988554, 265, 209, 328, 336
-0.988563, 65, 153, 128, 216
-0.98858, 129, 233, 192, 296
-0.988599, 73, 201, 136, 264
-0.988617, 293, 97, 324, 160
-0.988638, 361, 89, 392, 152
-0.988697, 369, 49, 496, 176
-0.9887, 265, 97, 296, 160
-0.98872, 1, 81, 64, 112
-0.988739, 401, 113, 464, 176
-0.988782, 209, 145, 336, 208
-0.988886, 341, 97, 372, 160
-0.988997, 1, 17, 64, 144
-0.989009, 129, 1, 192, 359
-0.989016, 385, 81, 416, 144
-0.989032, 213, 121, 244, 184
-0.989034, 113, 185, 176, 248
-0.989068, 49, 153, 176, 216
-0.9891, 125, 233, 156, 296
-0.989159, 129, 1, 192, 64
-0.989249, 201, 209, 264, 272
-0.98925, 37, 73, 68, 136
-0.989331, 281, 97, 312, 160
-0.98934, 161, 129, 288, 192
-0.989346, 353, 97, 480, 160
-0.989348, 233, 97, 264, 160
-0.989383, 393, 129, 424, 192
-0.989396, 33, 17, 96, 144
-0.989405, 249, 225, 280, 288
-0.989499, 209, 33, 336, 160
-0.98953, 369, 121, 400, 184
-0.989558, 213, 241, 244, 304
-0.989569, 161, 217, 288, 280
-0.989612, 305, 73, 336, 136
-0.989616, 233, 153, 264, 216
-0.989646, 321, 121, 448, 184
-0.989683, 273, 73, 336, 136
-0.989691, 209, 121, 336, 184
-0.989696, 113, 209, 144, 272
-0.989699, 321, 1, 352, 64
-0.989729, 153, 105, 216, 168
-0.989739, 161, 153, 288, 216
-0.989742, 153, 1, 216, 256
-0.989742, 157, 73, 188, 136
-0.989747, 321, 25, 352, 88
-0.989773, 177, 129, 208, 192
-0.989792, 181, 105, 212, 168
-0.989799, 273, 201, 400, 264
-0.989909, 193, 185, 320, 248
-0.990002, 165, 217, 196, 280
-0.990037, 249, 209, 280, 336
-0.990105, 273, 49, 400, 112
-0.990109, 217, 33, 280, 160
-0.990122, 317, 113, 348, 176
-0.990123, 113, 153, 240, 216
-0.990129, 249, 121, 280, 184
-0.99014, 33, 89, 160, 152
-0.990191, 337, 193, 400, 320
-0.990197, 413, 105, 444, 168
-0.990219, 337, 129, 400, 192
-0.990223, 53, 81, 84, 144
-0.990226, 129, 153, 160, 216
-0.990251, 217, 1, 280, 256
-0.99026, 353, 209, 480, 336
-0.990309, 137, 233, 168, 296
-0.990342, 221, 81, 252, 208
-0.990386, 229, 177, 260, 240
-0.990399, 93, 225, 124, 288
-0.990424, 285, 121, 316, 184
-0.990477, 65, 49, 128, 176
-0.990502, 329, 121, 360, 184
-0.990511, 53, 105, 84, 168
-0.990539, 381, 105, 412, 168
-0.990636, 77, 193, 108, 256
-0.9907, 341, 121, 372, 184
-0.990758, 245, 185, 276, 248
-0.990783, 405, 129, 436, 192
-0.990792, 137, 49, 200, 112
-0.990798, 241, 1, 304, 256
-0.990818, 213, 145, 244, 208
-0.99087, 301, 153, 332, 216
-0.990887, 153, 49, 184, 112
-0.990889, 369, 177, 432, 304
-0.99093, 117, 153, 148, 216
-0.990936, 297, 1, 360, 359
-0.990941, 69, 217, 100, 280
-0.990962, 321, 57, 352, 120
-0.990965, 1, 209, 128, 336
-0.990982, 273, 1, 336, 256
-0.991028, 13, 161, 44, 224
-0.991067, 201, 265, 264, 328
-0.991072, 289, 49, 352, 112
-0.991081, 89, 1, 152, 359
-0.991117, 185, 153, 216, 216
-0.991118, 245, 81, 276, 208
-0.991151, 165, 113, 196, 176
-0.991156, 97, 153, 128, 216
-0.991212, 153, 153, 216, 216
-0.991231, 321, 73, 448, 136
-0.991232, 277, 153, 308, 216
-0.991252, 109, 233, 140, 296
-0.991272, 89, 153, 152, 216
-0.991296, 297, 1, 360, 64
-0.991308, 161, 65, 288, 128
-0.991366, 217, 1, 280, 359
-0.991366, 257, 177, 288, 240
-0.991369, 397, 89, 428, 152
-0.99137, 217, 265, 248, 328
-0.991371, 217, 73, 280, 136
-0.991377, 165, 65, 196, 192
-0.991382, 409, 17, 472, 144
-0.991384, 81, 201, 208, 264
-0.991385, 249, 1, 312, 359
-0.991399, 117, 177, 148, 240
-0.991417, 329, 1, 392, 359
-0.991448, 149, 241, 180, 304
-0.991451, 261, 121, 292, 184
-0.991476, 353, 121, 384, 184
-0.9915, 281, 185, 312, 248
-0.991516, 169, 57, 232, 120
-0.991555, 337, 57, 368, 120
-0.991556, 73, 97, 104, 160
-0.991566, 165, 49, 196, 112
-0.991569, 141, 153, 172, 216
-0.991601, 293, 73, 324, 136
-0.991601, 241, 73, 304, 136
-0.991611, 357, 153, 388, 216
-0.991611, 33, 161, 64, 224
-0.99163, 297, 121, 328, 184
-0.99164, 145, 73, 176, 136
-0.991654, 341, 81, 372, 208
-0.991663, 1, 161, 32, 224
-0.991705, 1, 1, 64, 359
-0.991715, 253, 145, 284, 208
-0.991729, 85, 97, 116, 160
-0.991732, 197, 153, 228, 216
-0.991753, 289, 25, 352, 88
-0.991754, 233, 201, 264, 264
-0.991755, 281, 73, 312, 136
-0.991762, 377, 145, 408, 208
-0.991774, 53, 145, 84, 208
-0.991813, 49, 161, 112, 288
-0.991819, 373, 81, 404, 144
-0.991822, 201, 105, 232, 168
-0.991884, 185, 225, 216, 288
-0.991902, 237, 121, 268, 184
-0.991934, 401, 89, 464, 152
-0.991939, 257, 129, 288, 256
-0.991946, 321, 33, 448, 96
-0.991956, 193, 1, 256, 359
-0.991986, 225, 241, 256, 304
-0.991999, 273, 209, 336, 272
-0.992006, 377, 273, 440, 336
-0.992011, 181, 65, 212, 128
-0.992018, 125, 73, 156, 136
-0.992023, 361, 65, 392, 128
-0.992024, 25, 81, 88, 112
-0.992024, 241, 97, 304, 352
-0.992028, 285, 217, 316, 280
-0.992034, 65, 193, 96, 256
-0.992053, 353, 1, 416, 256
-0.992056, 41, 1, 104, 359
-0.992057, 205, 265, 236, 328
-0.992082, 101, 97, 132, 160
-0.992093, 153, 1, 216, 359
-0.99211, 361, 57, 424, 120
-0.992139, 81, 217, 112, 280
-0.99214, 69, 153, 100, 216
-0.992146, 37, 65, 68, 192
-0.992146, 385, 273, 416, 336
-0.992166, 201, 113, 232, 240
-0.992188, 229, 73, 260, 136
-0.992218, 361, 225, 424, 352
-0.992223, 233, 265, 264, 328
-0.992226, 245, 73, 276, 136
-0.992243, 369, 169, 432, 232
-0.992249, 265, 73, 296, 136
-0.992256, 261, 225, 292, 288
-0.992259, 417, 65, 480, 192
-0.992278, 257, 201, 288, 264
-0.992286, 73, 177, 136, 240
-0.992319, 157, 1, 188, 64
-0.992345, 169, 153, 200, 216
-0.992379, 209, 225, 336, 288
-0.992394, 117, 257, 148, 320
-0.992399, 341, 1, 372, 64
-0.992399, 49, 225, 176, 288
-0.992402, 225, 121, 256, 184
-0.992412, 273, 121, 304, 184
-0.992416, 113, 97, 144, 160
-0.99244, 273, 25, 400, 88
-0.992458, 25, 169, 88, 232
-0.992472, 361, 129, 392, 256
-0.992494, 273, 1, 400, 64
-0.992499, 197, 225, 228, 288
-0.992527, 5, 81, 36, 112
-0.992532, 297, 201, 328, 264
-0.99256, 397, 65, 428, 128
-0.992604, 237, 233, 268, 296
-0.99261, 89, 97, 152, 160
-0.992623, 369, 129, 496, 192
-0.992633, 341, 33, 372, 96
-0.992646, 129, 177, 160, 240
-0.992655, 145, 209, 176, 272
-0.992658, 113, 225, 240, 288
-0.992662, 169, 73, 200, 136
-0.992678, 225, 201, 288, 264
-0.99271, 209, 73, 336, 136
-0.992748, 265, 145, 296, 208
-0.992757, 105, 257, 136, 320
-0.992787, 273, 217, 304, 280
-0.992801, 345, 97, 408, 352
-0.992802, 305, 49, 336, 112
-0.992809, 301, 177, 332, 240
-0.992812, 85, 145, 116, 208
-0.9929, 177, 109, 240, 140
-0.992917, 289, 97, 352, 352
-0.992959, 265, 81, 296, 208
-0.992966, 185, 129, 216, 256
-0.992966, 321, 9, 448, 72
-0.992979, 401, 97, 464, 352
-0.993005, 17, 81, 48, 112
-0.993009, 217, 121, 280, 152
-0.993074, 1, 65, 128, 128
-0.993125, 281, 81, 312, 208
-0.993138, 177, 133, 240, 164
-0.993204, 161, 201, 224, 264
-0.993225, 1, 161, 128, 224
-0.993227, 53, 65, 84, 192
-0.993235, 389, 81, 420, 208
-0.993265, 41, 209, 104, 336
-0.993293, 417, 113, 480, 240
-0.993342, 289, 185, 352, 248
-0.993371, 29, 81, 60, 112
-0.993409, 361, 25, 424, 88
-0.993414, 273, 1, 336, 359
-0.993418, 201, 133, 264, 164
-0.993434, 177, 225, 240, 288
-0.993441, 65, 1, 128, 359
-0.993465, 105, 257, 168, 320
-0.993504, 369, 193, 432, 256
-0.99363, 401, 1, 464, 256
-0.993662, 161, 225, 224, 256
-0.993694, 309, 65, 340, 192
-0.993699, 49, 73, 112, 136
-0.993777, 321, 65, 352, 192
-0.99379, 113, 129, 240, 192
-0.993797, 109, 81, 140, 208
-0.993814, 169, 149, 232, 180
-0.993823, 189, 133, 220, 164
-0.993833, 1, 109, 64, 140
-0.993837, 361, 1, 424, 64
-0.993849, 177, 121, 240, 152
-0.993879, 377, 1, 440, 359
-0.993912, 265, 97, 328, 352
-0.993931, 229, 161, 260, 288
-0.993939, 69, 97, 100, 224
-0.993945, 145, 25, 208, 88
-0.993953, 337, 25, 400, 88
-0.99399, 1, 81, 256, 144
-0.994002, 321, 17, 352, 144
-0.994028, 361, 117, 424, 148
-0.994042, 201, 133, 232, 164
-0.994046, 245, 145, 276, 272
-0.994053, 353, 1, 416, 359
-0.994117, 97, 81, 128, 208
-0.994131, 337, 125, 400, 156
-0.994136, 329, 209, 392, 272
-0.99415, 221, 121, 252, 152
-0.994194, 41, 81, 72, 112
-0.994196, 237, 121, 268, 152
-0.994218, 361, 65, 392, 192
-0.994219, 185, 145, 216, 176
-0.994233, 329, 101, 392, 132
-0.994245, 65, 225, 128, 256
-0.994248, 425, 97, 488, 352
-0.994273, 33, 109, 64, 140
-0.994291, 365, 105, 396, 136
-0.994295, 217, 101, 280, 132
-0.994308, 1, 93, 64, 124
-0.994347, 9, 69, 40, 100
-0.994362, 301, 145, 332, 272
-0.994366, 221, 101, 252, 132
-0.994379, 313, 1, 376, 32
-0.994396, 329, 121, 360, 152
-0.994423, 277, 129, 308, 256
-0.994427, 245, 149, 276, 180
-0.994457, 401, 281, 464, 344
-0.994463, 233, 81, 264, 208
-0.994468, 185, 121, 216, 152
-0.994469, 249, 121, 280, 152
-0.994478, 25, 93, 56, 124
-0.994493, 209, 121, 240, 152
-0.994495, 229, 161, 260, 192
-0.994504, 33, 113, 64, 240
-0.994511, 313, 53, 376, 84
-0.994512, 213, 133, 244, 164
-0.994518, 41, 193, 104, 256
-0.994519, 1, 93, 32, 124
-0.994521, 169, 153, 200, 184
-0.994525, 345, 125, 376, 156
-0.994526, 113, 161, 144, 288
-0.99453, 165, 225, 196, 256
-0.994546, 361, 89, 424, 120
-0.994559, 229, 181, 260, 212
-0.994582, 321, 1, 352, 32
-0.994595, 57, 257, 120, 320
-0.994603, 81, 81, 112, 208
-0.994604, 125, 245, 156, 276
-0.99461, 153, 1, 216, 64
-0.994611, 245, 185, 276, 216
-0.994623, 321, 13, 352, 44
-0.994629, 321, 37, 352, 68
-0.994629, 321, 53, 352, 84
-0.99463, 249, 229, 280, 260
-0.994642, 397, 137, 428, 168
-0.994646, 217, 97, 280, 352
-0.99465, 321, 25, 352, 56
-0.994651, 249, 185, 312, 216
-0.994651, 385, 117, 416, 148
-0.994663, 369, 125, 400, 156
-0.994665, 321, 13, 384, 44
-0.994677, 129, 209, 192, 272
-0.994678, 5, 105, 36, 136
-0.994679, 21, 105, 52, 136
-0.994684, 313, 37, 376, 68
-0.994687, 197, 149, 228, 180
-0.994689, 93, 225, 124, 256
-0.994705, 305, 101, 336, 132
-0.994711, 53, 105, 84, 136
-0.994721, 229, 133, 260, 164
-0.994722, 321, 25, 384, 56
-0.994726, 13, 93, 44, 124
-0.99473, 297, 81, 328, 208
-0.994734, 137, 233, 168, 264
-0.994734, 401, 1, 464, 359
-0.994744, 217, 165, 248, 196
-0.994747, 225, 249, 256, 280
-0.994757, 257, 181, 288, 212
-0.994774, 297, 117, 328, 148
-0.994774, 285, 101, 316, 132
-0.994776, 169, 33, 232, 96
-0.994784, 317, 101, 348, 132
-0.9948, 281, 193, 312, 224
-0.994801, 105, 233, 168, 264
-0.994801, 317, 121, 348, 152
-0.994805, 113, 233, 144, 264
-0.994806, 193, 145, 256, 176
-0.994815, 49, 121, 112, 184
-0.994816, 217, 265, 248, 296
-0.994818, 269, 121, 300, 152
-0.994828, 321, 65, 352, 96
-0.994832, 425, 129, 488, 192
-0.994837, 249, 169, 280, 200
-0.994838, 177, 133, 208, 164
-0.994839, 357, 125, 388, 156
-0.994848, 397, 89, 428, 120
-0.994855, 253, 101, 284, 132
-0.99486, 93, 145, 124, 272
-0.994863, 97, 153, 128, 184
-0.994865, 165, 117, 196, 148
-0.99488, 77, 205, 108, 236
-0.994891, 97, 105, 224, 168
-0.994893, 157, 73, 188, 104
-0.994893, 37, 93, 68, 124
-0.994896, 21, 69, 52, 100
-0.994902, 365, 89, 396, 120
-0.994905, 273, 101, 304, 132
-0.994908, 329, 101, 360, 132
-0.994921, 121, 177, 152, 208
-0.994923, 405, 125, 436, 156
-0.99493, 353, 273, 480, 336
-0.994931, 153, 81, 216, 144
-0.994934, 53, 81, 84, 112
-0.994937, 157, 17, 188, 144
-0.994946, 225, 153, 288, 184
-0.994951, 157, 29, 188, 60
-0.994956, 193, 165, 256, 196
-0.994961, 185, 65, 216, 192
-0.994961, 349, 101, 380, 132
-0.994968, 33, 169, 64, 200
-0.994969, 105, 73, 168, 136
-0.994973, 109, 153, 140, 184
-0.994981, 377, 81, 408, 208
-0.994989, 69, 225, 100, 256
-0.99499, 213, 249, 244, 280
-0.994992, 133, 153, 164, 184
-0.994994, 153, 1, 184, 32
-0.995001, 301, 153, 332, 184
-0.995004, 385, 141, 416, 172
-0.995009, 97, 245, 160, 276
-0.99501, 181, 225, 212, 256
-0.995016, 325, 89, 356, 120
-0.995022, 81, 153, 112, 184
-0.995022, 249, 173, 312, 204
-0.995024, 241, 101, 272, 132
-0.995024, 117, 257, 148, 288
-0.995028, 225, 193, 256, 224
-0.995033, 173, 41, 204, 72
-0.995034, 285, 117, 316, 148
-0.995036, 9, 165, 40, 196
-0.995043, 281, 157, 312, 188
-0.995046, 137, 77, 200, 108
-0.995048, 121, 157, 152, 188
-0.995053, 113, 217, 144, 248
-0.995054, 165, 105, 196, 136
-0.995061, 157, 153, 188, 184
-0.995062, 289, 193, 352, 320
-0.995062, 65, 101, 96, 132
-0.995067, 233, 237, 264, 268
-0.995076, 305, 121, 368, 152
-0.995077, 257, 133, 288, 164
-0.99508, 69, 153, 100, 184
-0.995083, 73, 129, 136, 192
-0.995086, 117, 189, 148, 220
-0.995087, 129, 105, 192, 168
-0.99509, 285, 225, 316, 256
-0.995093, 341, 21, 372, 52
-0.995096, 241, 133, 272, 164
-0.9951, 261, 225, 292, 256
-0.995101, 341, 1, 372, 32
-0.995101, 385, 89, 416, 120
-0.995107, 209, 289, 272, 352
-0.995113, 53, 153, 84, 184
-0.995113, 165, 93, 196, 124
-0.995114, 277, 169, 308, 200
-0.995115, 209, 237, 240, 268
-0.995116, 137, 253, 168, 284
-0.995116, 281, 205, 312, 236
-0.995116, 217, 277, 248, 308
-0.995118, 109, 245, 140, 276
-0.995119, 417, 105, 448, 136
-0.995121, 181, 81, 212, 112
-0.995121, 185, 109, 216, 140
-0.995129, 69, 193, 100, 320
-0.99513, 313, 89, 344, 120
-0.995135, 257, 161, 320, 192
-0.995137, 1, 73, 16, 136
-0.995138, 65, 201, 96, 232
-0.995139, 189, 165, 220, 196
-0.995144, 281, 181, 312, 212
-0.995147, 157, 237, 188, 268
-0.995148, 129, 273, 160, 304
-0.995158, 205, 169, 236, 200
-0.995158, 329, 133, 360, 164
-0.99516, 101, 101, 132, 132
-0.995193, 193, 105, 448, 168
-0.995208, 225, 181, 288, 212
-0.995233, 249, 229, 312, 260
-0.995251, 193, 161, 448, 224
-0.995259, 369, 217, 432, 280
-0.995283, 241, 121, 304, 152
-0.995301, 409, 225, 472, 352
-0.995312, 393, 65, 456, 128
-0.995313, 137, 153, 200, 184
-0.995373, 345, 249, 408, 312
-0.995387, 201, 221, 264, 252
-0.995408, 313, 65, 376, 96
-0.995414, 1, 69, 64, 100
-0.99542, 41, 105, 104, 136
-0.995423, 85, 193, 116, 320
-0.995435, 249, 201, 312, 232
-0.995435, 369, 249, 432, 312
-0.995441, 177, 97, 240, 128
-0.995461, 281, 117, 344, 148
-0.995503, 177, 257, 240, 320
-0.995505, 201, 237, 264, 268
-0.995539, 7, 73, 22, 136
-0.995546, 49, 113, 80, 240
-0.995549, 105, 9, 168, 72
-0.995577, 81, 177, 208, 240
-0.995624, 337, 177, 400, 240
-0.995624, 193, 217, 448, 280
-0.995662, 401, 25, 464, 88
-0.99569, 121, 65, 152, 192
-0.995719, 73, 201, 136, 232
-0.995747, 361, 105, 424, 136
-0.99579, 137, 185, 200, 248
-0.995814, 257, 101, 320, 132
-0.995835, 89, 153, 152, 184
-0.995847, 113, 57, 240, 120
-0.995855, 217, 165, 280, 196
-0.995914, 133, 145, 164, 272
-0.995923, 17, 137, 80, 200
-0.995938, 177, 1, 240, 128
-0.995975, 161, 209, 192, 336
-0.996038, 137, 93, 200, 124
-0.996054, 313, 97, 376, 352
-0.996073, 65, 153, 128, 184
-0.996076, 401, 65, 432, 192
-0.996079, 281, 101, 344, 132
-0.996079, 129, 193, 256, 256
-0.996113, 137, 65, 168, 192
-0.996123, 393, 133, 456, 164
-0.996128, 153, 129, 216, 160
-0.996128, 201, 249, 264, 280
-0.996131, 25, 93, 88, 124
-0.996133, 129, 9, 192, 40
-0.996153, 433, 281, 496, 344
-0.996178, 145, 145, 176, 272
-0.996217, 201, 129, 216, 192
-0.996224, 13, 113, 44, 240
-0.996225, 289, 157, 352, 188
-0.996239, 145, 225, 176, 352
-0.996241, 105, 213, 168, 244
-0.996262, 385, 17, 448, 144
-0.996264, 137, 117, 200, 148
-0.996271, 289, 41, 352, 72
-0.996273, 1, 153, 256, 216
-0.996276, 225, 249, 288, 312
-0.996277, 401, 117, 464, 148
-0.996284, 41, 149, 104, 180
-0.996293, 193, 193, 448, 256
-0.996319, 97, 129, 160, 192
-0.996321, 157, 15, 188, 30
-0.996321, 341, 19, 372, 34
-0.996322, 385, 111, 416, 126
-0.996324, 341, 27, 372, 42
-0.996325, 253, 175, 284, 190
-0.996335, 13, 167, 44, 182
-0.996338, 69, 227, 100, 242
-0.996342, 341, 65, 372, 80
-0.996347, 213, 245, 244, 260
-0.996354, 341, 33, 372, 48
-0.996354, 1, 165, 64, 196
-0.996358, 341, 7, 372, 22
-0.996358, 137, 253, 168, 268
-0.996362, 157, 21, 188, 36
-0.996363, 305, 101, 368, 132
-0.996364, 221, 115, 252, 130
-0.996365, 69, 155, 100, 170
-0.996369, 177, 83, 208, 98
-0.99637, 385, 117, 416, 132
-0.99637, 281, 203, 312, 218
-0.996372, 185, 117, 216, 132
-0.996373, 153, 31, 184, 46
-0.996373, 109, 155, 140, 170
-0.996374, 185, 43, 216, 58
-0.996374, 241, 185, 272, 200
-0.996375, 245, 147, 276, 162
-0.996375, 53, 151, 84, 166
-0.996377, 169, 165, 200, 180
-0.996378, 341, 1, 372, 16
-0.996381, 385, 139, 416, 154
-0.996381, 145, 241, 176, 256
-0.996382, 361, 129, 424, 160
-0.996387, 205, 43, 236, 58
-0.996397, 365, 127, 396, 142
-0.996399, 97, 145, 352, 208
-0.996402, 213, 225, 244, 352
-0.996403, 289, 241, 416, 304
-0.996405, 53, 107, 84, 122
-0.996409, 237, 177, 268, 192
-0.99641, 1, 77, 32, 92
-0.996413, 213, 251, 244, 266
-0.996415, 45, 91, 76, 106
-0.996417, 201, 261, 264, 292
-0.996424, 157, 7, 188, 22
-0.996426, 321, 75, 352, 90
-0.996428, 393, 147, 424, 162
-0.996432, 269, 137, 300, 152
-0.996432, 257, 153, 288, 168
-0.996433, 117, 259, 148, 274
-0.996434, 245, 255, 276, 270
-0.996435, 217, 167, 248, 182
-0.996437, 249, 169, 280, 184
-0.99645, 217, 273, 248, 288
-0.996453, 261, 193, 292, 320
-0.996454, 165, 123, 196, 138
-0.996455, 249, 135, 280, 150
-0.996455, 145, 229, 176, 244
-0.996457, 217, 259, 248, 274
-0.99646, 65, 201, 96, 216
-0.996461, 157, 1, 188, 16
-0.996464, 117, 239, 148, 254
-0.996465, 281, 189, 312, 204
-0.996467, 173, 45, 204, 60
-0.996471, 337, 157, 400, 188
-0.996472, 129, 241, 192, 272
-0.996473, 93, 229, 124, 244
-0.996473, 137, 235, 168, 250
-0.996478, 157, 39, 188, 54
-0.996483, 169, 85, 232, 116
-0.996486, 113, 245, 144, 260
-0.996488, 153, 41, 216, 72
-0.996497, 401, 101, 464, 132
-0.996497, 201, 131, 232, 146
-0.996501, 61, 85, 92, 100
-0.996501, 385, 225, 448, 352
-0.996505, 269, 131, 300, 146
-0.99652, 145, 29, 208, 60
-0.996527, 401, 257, 464, 320
-0.996528, 209, 41, 336, 104
-0.996529, 157, 77, 188, 92
-0.996529, 17, 225, 80, 352
-0.996531, 281, 197, 312, 212
-0.996532, 109, 209, 140, 336
-0.996534, 117, 191, 148, 206
-0.996537, 237, 135, 268, 150
-0.996542, 37, 79, 68, 94
-0.996546, 113, 185, 176, 216
-0.996548, 309, 121, 340, 136
-0.996558, 341, 127, 372, 142
-0.996562, 213, 141, 244, 156
-0.996565, 181, 229, 212, 244
-0.996566, 5, 109, 36, 124
-0.996568, 289, 69, 352, 100
-0.99657, 113, 33, 176, 96
-0.996572, 245, 153, 276, 168
-0.996584, 125, 253, 156, 268
-0.996587, 289, 53, 352, 84
-0.996587, 353, 273, 416, 336
-0.996589, 81, 189, 144, 220
-0.99659, 217, 265, 248, 280
-0.996591, 13, 73, 28, 136
-0.996592, 97, 155, 128, 170
-0.996593, 21, 111, 52, 126
-0.996595, 221, 123, 252, 138
-0.996596, 405, 133, 436, 148
-0.996598, 253, 229, 284, 244
-0.996599, 29, 73, 44, 136
-0.996608, 225, 249, 256, 264
-0.996609, 13, 77, 44, 92
-0.996613, 229, 163, 260, 178
-0.996613, 285, 121, 316, 136
-0.99662, 241, 125, 272, 140
-0.996627, 77, 201, 108, 216
-0.996646, 249, 145, 312, 176
-0.99665, 397, 141, 428, 156
-0.99665, 165, 157, 196, 172
-0.996652, 49, 249, 176, 312
-0.996659, 297, 13, 360, 44
-0.996663, 133, 241, 164, 256
-0.996666, 253, 185, 284, 200
-0.99667, 161, 165, 224, 196
-0.996671, 97, 73, 352, 136
-0.996676, 353, 169, 480, 232
-0.996703, 221, 101, 252, 116
-0.996709, 277, 157, 308, 172
-0.996728, 409, 37, 472, 68
-0.996729, 197, 147, 228, 162
-0.996737, 25, 79, 56, 94
-0.996737, 1, 89, 500, 152
-0.996744, 217, 193, 280, 224
-0.996746, 289, 185, 352, 216
-0.996749, 169, 281, 232, 344
-0.996756, 137, 229, 200, 260
-0.996761, 269, 123, 300, 138
-0.996763, 321, 29, 352, 44
-0.996771, 19, 73, 34, 136
-0.996773, 113, 153, 176, 184
-0.996773, 165, 229, 196, 244
-0.996776, 337, 89, 400, 120
-0.996777, 385, 123, 416, 138
-0.996781, 229, 187, 260, 202
-0.996786, 81, 101, 144, 132
-0.996803, 321, 69, 352, 84
-0.996806, 337, 113, 400, 144
-0.996813, 289, 29, 352, 60
-0.996813, 321, 9, 352, 24
-0.996814, 257, 125, 288, 140
-0.996815, 289, 1, 352, 32
-0.996818, 369, 1, 496, 128
-0.996819, 77, 145, 108, 272
-0.996824, 185, 153, 216, 168
-0.996826, 321, 23, 352, 38
-0.996827, 65, 65, 192, 128
-0.996837, 321, 57, 352, 72
-0.996842, 129, 247, 160, 262
-0.996853, 297, 89, 360, 120
-0.996853, 321, 41, 352, 56
-0.996869, 185, 127, 216, 142
-0.99687, 217, 135, 248, 150
-0.996871, 321, 35, 352, 50
-0.996871, 321, 15, 352, 30
-0.996883, 321, 63, 352, 78
-0.996896, 1, 85, 128, 116
-0.996901, 161, 117, 288, 148
-0.99692, 321, 1, 352, 16
-0.99692, 321, 49, 352, 64
-0.996924, 65, 213, 128, 244
-0.996929, 33, 111, 64, 126
-0.996951, 297, 121, 328, 136
-0.996965, 353, 217, 480, 280
-0.996977, 49, 85, 80, 100
-0.996981, 25, 57, 88, 120
-0.997, 425, 257, 488, 320
-0.997001, 365, 105, 396, 120
-0.997007, 225, 133, 288, 164
-0.997011, 137, 105, 200, 136
-0.997026, 97, 169, 352, 232
-0.997043, 249, 133, 312, 164
-0.997047, 35, 73, 50, 136
-0.997048, 249, 213, 312, 244
-0.997053, 33, 91, 64, 106
-0.997072, 325, 123, 356, 138
-0.997083, 209, 101, 336, 132
-0.99709, 289, 173, 352, 204
-0.997093, 185, 139, 216, 154
-0.997102, 369, 141, 432, 172
-0.997108, 361, 61, 424, 92
-0.99711, 305, 121, 432, 152
-0.997134, 337, 57, 400, 88
-0.997138, 25, 69, 88, 100
-0.997148, 345, 141, 408, 172
-0.997151, 289, 217, 352, 248
-0.997152, 193, 185, 256, 216
-0.997165, 97, 121, 352, 184
-0.997167, 273, 1, 336, 64
-0.997169, 377, 281, 440, 312
-0.997182, 121, 173, 184, 204
-0.997184, 185, 133, 216, 148
-0.997184, 57, 237, 120, 268
-0.99719, 185, 147, 216, 162
-0.997194, 57, 253, 120, 284
-0.997196, 337, 129, 368, 256
-0.997196, 281, 193, 312, 320
-0.997201, 353, 73, 416, 104
-0.997223, 329, 77, 392, 108
-0.997225, 273, 193, 400, 224
-0.997228, 97, 261, 160, 292
-0.997246, 49, 89, 112, 120
-0.997247, 41, 137, 104, 168
-0.997265, 161, 241, 288, 304
-0.997272, 105, 197, 168, 228
-0.997293, 337, 41, 400, 72
-0.997297, 425, 81, 488, 144
-0.997305, 273, 181, 400, 212
-0.997307, 209, 185, 336, 216
-0.997309, 121, 21, 184, 52
-0.997316, 113, 281, 176, 312
-0.997323, 337, 1, 400, 32
-0.99733, 369, 249, 496, 312
-0.997344, 105, 97, 168, 128
-0.997372, 369, 169, 432, 200
-0.997383, 313, 137, 376, 168
-0.99739, 201, 273, 264, 304
-0.997394, 193, 57, 256, 120
-0.997399, 361, 49, 424, 80
-0.997403, 385, 89, 448, 120
-0.997403, 129, 209, 192, 240
-0.997414, 161, 137, 288, 168
-0.99742, 401, 137, 464, 200
-0.997423, 1, 97, 16, 160
-0.997425, 129, 129, 192, 192
-0.997429, 33, 121, 160, 184
-0.997432, 207, 129, 222, 192
-0.997433, 21, 91, 52, 106
-0.997435, 273, 101, 400, 132
-0.997442, 73, 73, 136, 136
-0.997447, 1, 49, 64, 112
-0.997453, 97, 97, 224, 128
-0.997466, 169, 73, 232, 104
-0.997467, 353, 113, 480, 144
-0.997477, 41, 205, 104, 236
-0.997481, 409, 1, 472, 64
-0.997484, 327, 81, 342, 144
-0.997489, 161, 225, 288, 256
-0.997492, 33, 153, 160, 184
-0.997503, 129, 197, 192, 228
-0.997509, 265, 1, 328, 128
-0.997513, 7, 81, 22, 112
-0.997517, 29, 97, 44, 160
-0.99752, 33, 101, 160, 132
-0.997523, 273, 217, 400, 248
-0.997526, 41, 161, 104, 192
-0.997528, 361, 25, 424, 56
-0.997528, 369, 73, 496, 136
-0.997534, 173, 129, 204, 256
-0.99756, 305, 97, 320, 160
-0.997568, 1, 113, 32, 240
-0.997569, 1, 225, 500, 288
-0.997578, 11, 97, 26, 160
-0.997578, 1, 81, 16, 112
-0.997586, 129, 193, 160, 320
-0.997601, 289, 157, 416, 188
-0.997604, 433, 1, 496, 128
-0.997617, 201, 65, 232, 192
-0.997631, 349, 129, 380, 256
-0.997636, 33, 193, 160, 256
-0.997641, 23, 97, 38, 160
-0.997649, 197, 137, 228, 152
-0.997657, 237, 209, 268, 336
-0.99767, 319, 97, 334, 160
-0.997677, 1, 225, 128, 288
-0.997691, 193, 161, 320, 192
-0.997703, 35, 97, 50, 160
-0.99771, 333, 81, 348, 144
-0.997716, 161, 101, 288, 132
-0.99775, 13, 81, 28, 112
-0.997756, 425, 1, 488, 256
-0.997769, 241, 121, 368, 152
-0.997777, 295, 97, 310, 160
-0.997799, 45, 97, 60, 160
-0.997806, 209, 197, 336, 228
-0.997808, 353, 193, 480, 256
-0.997811, 1, 233, 256, 296
-0.997855, 273, 169, 400, 200
-0.997862, 311, 97, 326, 160
-0.997863, 273, 205, 400, 236
-0.997873, 31, 81, 46, 112
-0.997883, 433, 1, 496, 359
-0.997885, 259, 97, 274, 160
-0.997894, 195, 137, 210, 200
-0.997931, 209, 173, 336, 204
-0.997953, 1, 137, 500, 200
-0.997956, 223, 97, 238, 160
-0.997965, 349, 97, 364, 160
-0.997965, 5, 89, 36, 104
-0.997974, 341, 97, 356, 160
-0.997982, 321, 89, 448, 120
-0.997982, 41, 73, 56, 136
-0.997992, 25, 81, 40, 112
-0.997997, 17, 97, 32, 160
-0.998005, 129, 165, 256, 196
-0.99801, 375, 81, 390, 144
-0.998011, 19, 81, 34, 112
-0.998063, 289, 97, 304, 160
-0.998075, 17, 265, 80, 328
-0.998076, 113, 85, 240, 116
-0.998081, 9, 65, 40, 320
-0.998082, 37, 85, 68, 100
-0.998088, 265, 97, 280, 160
-0.998092, 129, 149, 256, 180
-0.998109, 253, 97, 268, 160
-0.998112, 209, 229, 336, 260
-0.99812, 1, 105, 256, 168
-0.99812, 89, 65, 120, 320
-0.998123, 433, 225, 496, 352
-0.998136, 37, 81, 52, 112
-0.998141, 33, 65, 64, 320
-0.998144, 355, 97, 370, 160
-0.998173, 273, 33, 400, 64
-0.998178, 243, 97, 258, 160
-0.998185, 33, 73, 160, 104
-0.998188, 321, 25, 448, 56
-0.998188, 177, 177, 240, 240
-0.998189, 273, 69, 400, 100
-0.99821, 189, 129, 204, 192
-0.998211, 193, 129, 448, 192
-0.998213, 21, 65, 52, 320
-0.998214, 1, 129, 256, 192
-0.998222, 145, 257, 208, 320
-0.998223, 49, 225, 176, 256
-0.998225, 275, 97, 290, 160
-0.998232, 237, 97, 252, 160
-0.998246, 97, 209, 128, 336
-0.998249, 321, 73, 336, 136
-0.998269, 321, 145, 448, 208
-0.998277, 45, 65, 76, 320
-0.998279, 229, 97, 244, 160
-0.998289, 213, 129, 244, 256
-0.998294, 325, 105, 340, 168
-0.998298, 109, 65, 140, 320
-0.998312, 79, 193, 94, 256
-0.998314, 81, 153, 208, 184
-0.998331, 321, 37, 448, 68
-0.998333, 77, 65, 108, 320
-0.998337, 141, 233, 156, 296
-0.998337, 201, 133, 216, 164
-0.998338, 289, 57, 416, 88
-0.99835, 97, 97, 352, 160
-0.998353, 255, 217, 270, 280
-0.998369, 321, 101, 448, 132
-0.998372, 227, 241, 242, 304
-0.998372, 273, 1, 400, 32
-0.998376, 97, 193, 352, 256
-0.998382, 361, 97, 376, 160
-0.998386, 367, 89, 382, 152
-0.998387, 283, 97, 298, 160
-0.998394, 1, 57, 256, 120
-0.998411, 133, 153, 148, 216
-0.998418, 109, 225, 124, 288
-0.998419, 1, 265, 500, 328
-0.998419, 381, 121, 396, 184
-0.998433, 113, 229, 240, 260
-0.998442, 235, 153, 250, 216
-0.998449, 233, 177, 248, 240
-0.99846, 249, 185, 264, 248
-0.998461, 409, 121, 424, 184
-0.998462, 193, 65, 448, 128
-0.998471, 1, 85, 64, 100
-0.998472, 267, 121, 282, 184
-0.998478, 1, 65, 500, 128
-0.998494, 193, 209, 320, 240
-0.99851, 47, 73, 62, 136
-0.998516, 193, 97, 224, 352
-0.998517, 43, 81, 58, 112
-0.998534, 305, 273, 432, 336
-0.99854, 321, 113, 352, 240
-0.998542, 321, 13, 448, 44
-0.998545, 25, 85, 88, 100
-0.99855, 25, 85, 56, 100
-0.998552, 161, 237, 288, 268
-0.998576, 339, 73, 354, 136
-0.998592, 1, 91, 64, 106
-0.998595, 57, 65, 88, 320
-0.998598, 177, 115, 240, 130
-0.998599, 177, 135, 240, 150
-0.998603, 213, 129, 228, 192
-0.998616, 177, 121, 240, 136
-0.998618, 161, 229, 224, 244
-0.998621, 313, 5, 376, 20
-0.998621, 339, 121, 354, 184
-0.998623, 265, 49, 328, 112
-0.998623, 1, 79, 64, 94
-0.998624, 65, 229, 128, 244
-0.998624, 313, 27, 376, 42
-0.998625, 1, 111, 64, 126
-0.998627, 321, 17, 384, 32
-0.998627, 313, 55, 376, 70
-0.998628, 313, 49, 376, 64
-0.998628, 209, 133, 336, 164
-0.998628, 265, 123, 328, 138
-0.99863, 201, 135, 264, 150
-0.998631, 313, 35, 376, 50
-0.998631, 321, 11, 384, 26
-0.998632, 313, 65, 376, 80
-0.998633, 249, 187, 312, 202
-0.998634, 313, 41, 376, 56
-0.998635, 177, 107, 240, 122
-0.998636, 193, 141, 256, 156
-0.998639, 233, 125, 296, 140
-0.99864, 337, 105, 400, 120
-0.998641, 289, 121, 352, 136
-0.998642, 257, 165, 320, 180
-0.998643, 217, 101, 280, 116
-0.998643, 177, 147, 240, 162
-0.998643, 65, 145, 96, 272
-0.998643, 25, 91, 88, 106
-0.998645, 177, 155, 240, 170
-0.998645, 105, 241, 168, 256
-0.998645, 313, 125, 376, 140
-0.998647, 361, 123, 424, 138
-0.998648, 313, 71, 376, 86
-0.998651, 347, 121, 362, 184
-0.998652, 209, 123, 272, 138
-0.998653, 177, 127, 240, 142
-0.998653, 201, 239, 264, 254
-0.998654, 225, 189, 288, 204
-0.998654, 129, 1, 192, 16
-0.998654, 257, 159, 320, 174
-0.998655, 97, 247, 160, 262
-0.998655, 257, 171, 320, 186
-0.998656, 369, 111, 432, 126
-0.998657, 225, 159, 288, 174
-0.998657, 41, 107, 104, 122
-0.998657, 249, 229, 312, 244
-0.998657, 353, 129, 416, 144
-0.998658, 249, 181, 312, 196
-0.998658, 201, 165, 264, 180
-0.998659, 257, 201, 320, 216
-0.998659, 289, 45, 352, 60
-0.99866, 129, 11, 192, 26
-0.99866, 249, 195, 312, 210
-0.99866, 369, 117, 432, 132
-0.99866, 153, 165, 216, 180
-0.998661, 113, 233, 176, 248
-0.998661, 201, 229, 264, 244
-0.998662, 137, 33, 168, 288
-0.998662, 177, 101, 240, 116
-0.998663, 225, 135, 288, 150
-0.998663, 65, 205, 128, 220
-0.998664, 153, 157, 216, 172
-0.998665, 173, 73, 188, 136
-0.998665, 65, 155, 128, 170
-0.998665, 369, 105, 432, 120
-0.998665, 129, 19, 192, 34
-0.998666, 201, 261, 264, 276
-0.998667, 169, 45, 232, 60
-0.998667, 153, 65, 184, 192
-0.998668, 337, 119, 400, 134
-0.998668, 201, 253, 264, 268
-0.998668, 137, 123, 200, 138
-0.998669, 193, 171, 256, 186
-0.998669, 201, 247, 264, 262
-0.99867, 369, 99, 432, 114
-0.998671, 1, 83, 32, 98
-0.998671, 169, 141, 232, 156
-0.998671, 137, 79, 200, 94
-0.998672, 105, 253, 168, 268
-0.998672, 153, 131, 216, 146
-0.998672, 233, 169, 296, 184
-0.998672, 137, 91, 200, 106
-0.998673, 201, 149, 264, 164
-0.998673, 49, 85, 112, 100
-0.998674, 409, 39, 472, 54
-0.998674, 81, 199, 144, 214
-0.998675, 201, 267, 264, 282
-0.998675, 181, 97, 212, 352
-0.998675, 297, 15, 360, 30
-0.998675, 289, 51, 352, 66
-0.998675, 257, 207, 320, 222
-0.998675, 273, 131, 336, 146
-0.998676, 265, 137, 328, 152
-0.998677, 233, 151, 296, 166
-0.998677, 161, 235, 224, 250
-0.998678, 41, 151, 104, 166
-0.998678, 289, 39, 352, 54
-0.998678, 369, 139, 432, 154
-0.998678, 169, 95, 232, 110
-0.998678, 289, 163, 352, 178
-0.998678, 273, 21, 400, 52
-0.998679, 289, 1, 352, 16
-0.998679, 401, 115, 464, 130
-0.998679, 145, 41, 208, 56
-0.998679, 289, 71, 352, 86
-0.998679, 393, 135, 456, 150
-0.998679, 1, 105, 64, 120
-0.99868, 129, 85, 192, 100
-0.998681, 129, 97, 192, 112
-0.998681, 73, 105, 136, 120
-0.998681, 113, 185, 176, 200
-0.998682, 249, 213, 312, 228
-0.998682, 129, 157, 192, 172
-0.998683, 289, 187, 352, 202
-0.998683, 377, 89, 440, 104
-0.998683, 217, 115, 280, 130
-0.998683, 289, 65, 352, 80
-0.998684, 337, 139, 400, 154
-0.998685, 65, 211, 128, 226
-0.998685, 289, 7, 352, 22
-0.998685, 249, 131, 312, 146
-0.998686, 289, 27, 352, 42
-0.998687, 297, 21, 360, 36
-0.998687, 289, 57, 352, 72
-0.998687, 229, 121, 244, 152
-0.998687, 129, 25, 192, 40
-0.998687, 33, 79, 96, 94
-0.998688, 257, 153, 320, 168
-0.998688, 225, 183, 288, 198
-0.998688, 201, 273, 264, 288
-0.998689, 217, 221, 280, 236
-0.99869, 145, 47, 208, 62
-0.99869, 289, 33, 352, 48
-0.99869, 57, 241, 120, 256
-0.99869, 225, 175, 288, 190
-0.9987, 1, 69, 16, 100
-0.998705, 131, 241, 146, 304
-0.998713, 297, 121, 312, 184
-0.998716, 223, 121, 238, 152
-0.998717, 107, 249, 122, 312
-0.998726, 321, 69, 448, 100
-0.998727, 331, 105, 346, 168
-0.998736, 209, 149, 336, 180
-0.998739, 385, 65, 416, 320
-0.998739, 389, 89, 404, 152
-0.998742, 121, 65, 152, 320
-0.998746, 127, 153, 142, 216
-0.998746, 273, 45, 400, 76
-0.998748, 165, 33, 196, 288
-0.998752, 355, 121, 370, 184
-0.998758, 13, 83, 44, 98
-0.998758, 339, 121, 354, 152
-0.99876, 229, 153, 244, 216
-0.99877, 241, 121, 256, 152
-0.998773, 235, 121, 250, 152
-0.998773, 179, 113, 194, 176
-0.99879, 261, 121, 276, 184
-0.998793, 179, 89, 194, 152
-0.998796, 403, 129, 418, 192
-0.998798, 303, 153, 318, 216
-0.998803, 201, 225, 232, 352
-0.998804, 267, 185, 282, 248
-0.998811, 369, 101, 496, 132
-0.998812, 7, 69, 22, 100
-0.998821, 415, 105, 430, 168
-0.998825, 51, 97, 66, 160
-0.998827, 103, 217, 118, 280
-0.998837, 223, 121, 238, 184
-0.998842, 273, 89, 400, 120
-0.99885, 243, 145, 258, 208
-0.998859, 345, 121, 360, 152
-0.99886, 115, 153, 130, 216
-0.998861, 81, 1, 144, 128
-0.998873, 45, 109, 60, 140
-0.998874, 87, 193, 102, 256
-0.998882, 315, 73, 330, 136
-0.998892, 201, 153, 216, 216
-0.998896, 115, 217, 130, 280
-0.9989, 185, 1, 216, 256
-0.998906, 259, 185, 274, 248
-0.998906, 161, 85, 288, 116
-0.998908, 15, 69, 30, 100
-0.998908, 81, 213, 208, 244
-0.998914, 253, 121, 268, 184
-0.998914, 33, 93, 48, 124
-0.998915, 361, 121, 376, 184
-0.998916, 5, 93, 20, 124
-0.998924, 247, 121, 262, 152
-0.998935, 139, 153, 154, 216
-0.998936, 189, 133, 204, 164
-0.99894, 161, 73, 288, 104
-0.998941, 49, 237, 176, 268
-0.998943, 391, 145, 406, 208
-0.998946, 321, 1, 448, 32
-0.998949, 27, 93, 42, 124
-0.998952, 207, 133, 222, 164
-0.998954, 353, 125, 480, 156
-0.998956, 289, 145, 416, 176
-0.998957, 401, 113, 432, 240
-0.998959, 161, 185, 288, 216
-0.99896, 57, 81, 72, 144
-0.998962, 377, 105, 392, 136
-0.998964, 11, 93, 26, 124
-0.998976, 57, 105, 72, 168
-0.998977, 167, 217, 182, 280
-0.998981, 49, 81, 64, 112
-0.998986, 205, 97, 236, 352
-0.998991, 223, 101, 238, 132
-0.998992, 375, 121, 390, 184
-0.998995, 377, 129, 408, 256
-0.998998, 331, 121, 346, 152
-0.999, 39, 93, 54, 124
-0.999003, 257, 1, 500, 64
-0.999006, 33, 105, 48, 136
-0.99901, 15, 161, 30, 224
-0.999012, 229, 121, 244, 184
-0.999013, 381, 81, 396, 144
-0.999014, 295, 217, 310, 280
-0.999018, 351, 125, 366, 156
-0.999019, 341, 17, 372, 144
-0.999026, 29, 161, 44, 224
-0.999027, 407, 89, 422, 152
-0.99903, 253, 121, 268, 152
-0.99903, 81, 197, 96, 228
-0.999031, 113, 113, 240, 144
-0.999031, 285, 33, 316, 288
-0.999031, 369, 121, 384, 184
-0.999033, 209, 45, 336, 76
-0.999037, 191, 105, 206, 168
-0.999037, 213, 1, 244, 256
-0.999039, 161, 41, 288, 104
-0.99904, 227, 245, 242, 276
-0.999041, 267, 145, 282, 208
-0.999045, 87, 97, 102, 160
-0.999047, 21, 105, 36, 136
-0.99905, 169, 49, 184, 112
-0.999051, 399, 81, 414, 144
-0.999055, 181, 153, 196, 184
-0.999055, 7, 105, 22, 136
-0.999056, 197, 149, 212, 180
-0.999063, 259, 121, 274, 152
-0.999064, 213, 177, 244, 304
-0.999071, 405, 133, 420, 164
-0.999071, 373, 153, 388, 216
-0.999074, 27, 69, 42, 100
-0.999074, 357, 125, 372, 156
-0.999074, 21, 69, 36, 100
-0.999076, 121, 1, 152, 128
-0.999077, 321, 1, 352, 256
-0.999079, 421, 97, 436, 160
-0.999079, 151, 249, 166, 312
-0.99908, 295, 73, 310, 136
-0.999081, 305, 1, 336, 256
-0.999082, 13, 105, 28, 136
-0.999082, 303, 73, 318, 136
-0.999083, 233, 181, 248, 212
-0.999085, 39, 105, 54, 136
-0.999086, 33, 161, 64, 288
-0.99909, 303, 117, 318, 148
-0.999091, 1, 105, 16, 136
-0.999091, 17, 93, 32, 124
-0.999091, 223, 161, 238, 224
-0.999092, 169, 225, 184, 256
-0.999094, 305, 133, 432, 164
-0.999095, 197, 1, 228, 256
-0.999098, 97, 225, 112, 288
-0.999099, 49, 273, 176, 336
-0.9991, 245, 121, 260, 184
-0.9991, 27, 105, 42, 136
-0.999103, 397, 141, 412, 172
-0.999103, 297, 101, 312, 132
-0.999105, 117, 97, 132, 160
-0.999114, 183, 145, 198, 208
-0.999118, 257, 181, 272, 212
-0.999127, 317, 101, 332, 132
-0.999128, 3, 161, 18, 224
-0.99913, 153, 1, 184, 256
-0.999133, 303, 121, 318, 184
-0.999133, 269, 225, 284, 288
-0.999133, 79, 209, 94, 240
-0.999139, 325, 121, 340, 152
-0.99914, 333, 101, 348, 132
-0.999141, 257, 33, 288, 288
-0.999142, 243, 201, 258, 264
-0.999143, 65, 197, 192, 228
-0.999146, 229, 161, 244, 192
-0.999147, 307, 101, 322, 132
-0.999148, 175, 217, 190, 280
-0.999149, 327, 101, 342, 132
-0.99915, 213, 105, 228, 168
-0.999151, 273, 97, 304, 352
-0.999152, 193, 241, 448, 304
-0.999153, 93, 97, 108, 160
-0.999154, 285, 73, 300, 136
-0.999155, 187, 149, 202, 180
-0.999155, 253, 229, 268, 260
-0.999158, 273, 121, 288, 152
-0.999173, 267, 121, 282, 152
-0.999174, 173, 153, 188, 184
-0.999178, 83, 217, 98, 280
-0.999181, 17, 165, 144, 196
-0.999182, 131, 241, 146, 272
-0.999182, 141, 245, 156, 276
-0.999185, 249, 177, 264, 208
-0.999187, 363, 125, 378, 156
-0.999188, 207, 153, 222, 216
-0.99919, 309, 73, 324, 136
-0.999192, 397, 137, 412, 200
-0.999192, 205, 149, 220, 180
-0.999194, 291, 101, 306, 132
-0.999197, 45, 93, 60, 124
-0.999197, 161, 41, 416, 104
-0.999198, 215, 117, 230, 148
-0.9992, 33, 69, 48, 100
-0.999203, 71, 105, 86, 168
-0.999206, 353, 33, 384, 288
-0.999207, 133, 153, 148, 184
-0.999209, 261, 73, 276, 136
-0.999209, 269, 101, 284, 132
-0.99921, 261, 217, 276, 280
-0.99921, 375, 89, 390, 120
-0.999211, 107, 225, 122, 256
-0.999216, 113, 153, 128, 184
-0.999217, 107, 249, 122, 280
-0.999221, 341, 101, 356, 132
-0.999223, 169, 73, 184, 104
-0.99923, 235, 161, 250, 192
-0.999233, 297, 117, 312, 148
-0.999236, 257, 33, 500, 96
-0.999236, 241, 157, 256, 188
-0.999238, 265, 169, 280, 200
-0.999241, 253, 145, 268, 176
-0.999243, 85, 209, 100, 240
-0.999244, 245, 1, 276, 256
-0.999249, 213, 137, 228, 168
-0.99925, 365, 1, 396, 256
-0.999251, 337, 1, 368, 256
-0.999251, 281, 101, 296, 132
-0.999251, 273, 1, 304, 256
-0.999252, 265, 185, 280, 216
-0.999255, 137, 233, 152, 264
-0.999258, 411, 125, 426, 156
-0.999259, 55, 81, 70, 112
-0.99926, 93, 153, 108, 184
-0.999262, 179, 117, 194, 148
-0.999264, 223, 133, 238, 164
-0.999264, 259, 225, 274, 256
-0.999264, 337, 53, 464, 84
-0.99927, 223, 165, 238, 196
-0.999271, 347, 101, 362, 132
-0.999274, 327, 89, 342, 120
-0.999276, 165, 153, 180, 184
-0.999279, 255, 101, 270, 132
-0.999279, 251, 189, 266, 220
-0.999286, 229, 133, 244, 164
-0.999287, 373, 97, 404, 352
-0.999288, 175, 225, 190, 256
-0.999292, 175, 85, 190, 116
-0.999292, 275, 101, 290, 132
-0.9993, 81, 25, 208, 88
-0.999307, 239, 133, 254, 164
-0.999311, 369, 89, 384, 120
-0.999311, 419, 105, 434, 136
-0.999311, 319, 121, 334, 152
-0.999311, 113, 241, 128, 272
-0.999314, 189, 121, 204, 152
-0.999315, 235, 101, 250, 132
-0.999319, 371, 125, 386, 156
-0.999322, 51, 109, 66, 140
-0.999327, 397, 33, 428, 288
-0.99933, 57, 105, 72, 136
-0.999332, 249, 101, 264, 132
-0.999334, 389, 149, 404, 180
-0.999335, 121, 189, 136, 220
-0.999335, 229, 101, 244, 132
-0.999337, 279, 121, 294, 152
-0.999338, 39, 69, 54, 100
-0.999339, 333, 89, 348, 120
-0.99934, 261, 101, 276, 132
-0.999342, 243, 173, 258, 204
-0.999347, 369, 137, 496, 168
-0.999355, 409, 97, 440, 352
-0.999359, 413, 97, 444, 224
-0.999367, 229, 33, 260, 288
-0.999377, 161, 41, 288, 72
-0.999399, 369, 269, 496, 300
-0.999402, 241, 57, 368, 88
-0.999405, 429, 97, 460, 352
-0.999442, 353, 177, 480, 208
-0.999443, 97, 241, 224, 272
-0.999452, 301, 97, 332, 352
-0.999456, 97, 225, 352, 288
-0.999461, 189, 193, 220, 320
-0.999466, 353, 217, 480, 248
-0.999467, 65, 85, 192, 116
-0.999471, 217, 97, 248, 352
-0.999473, 81, 209, 96, 224
-0.999473, 287, 123, 302, 138
-0.999473, 245, 171, 260, 186
-0.999473, 377, 129, 392, 144
-0.999473, 283, 137, 298, 152
-0.999473, 217, 43, 232, 58
-0.999473, 145, 243, 160, 258
-0.999474, 335, 137, 350, 152
-0.999474, 121, 189, 136, 204
-0.999474, 201, 43, 216, 58
-0.999474, 227, 245, 242, 260
-0.999474, 207, 169, 222, 184
-0.999475, 373, 103, 388, 118
-0.999475, 105, 155, 120, 170
-0.999475, 207, 43, 222, 58
-0.999475, 195, 43, 210, 58
-0.999475, 141, 265, 156, 280
-0.999476, 57, 109, 72, 124
-0.999476, 51, 111, 66, 126
-0.999476, 213, 169, 228, 184
-0.999476, 289, 137, 304, 152
-0.999476, 21, 77, 36, 92
-0.999476, 249, 185, 264, 200
-0.999476, 179, 83, 194, 98
-0.999476, 147, 281, 162, 296
-0.999477, 189, 127, 204, 142
-0.999477, 261, 135, 276, 150
-0.999477, 355, 127, 370, 142
-0.999478, 193, 227, 208, 242
-0.999478, 111, 251, 126, 266
-0.999478, 223, 115, 238, 130
-0.999478, 239, 161, 254, 176
-0.999478, 175, 45, 190, 60
-0.999478, 391, 151, 406, 166
-0.999478, 187, 43, 202, 58
-0.999478, 77, 155, 92, 170
-0.999479, 87, 155, 102, 170
-0.999479, 165, 157, 180, 172
-0.999479, 179, 229, 194, 244
-0.99948, 313, 121, 328, 136
-0.99948, 237, 123, 252, 138
-0.999481, 231, 135, 246, 150
-0.999481, 213, 139, 228, 154
-0.999481, 141, 251, 156, 266
-0.999482, 9, 65, 24, 192
-0.999483, 141, 233, 156, 248
-0.999483, 207, 149, 222, 164
-0.999483, 269, 169, 284, 184
-0.999484, 411, 129, 426, 144
-0.999484, 107, 227, 122, 242
-0.999485, 199, 147, 214, 162
-0.999485, 199, 141, 214, 156
-0.999485, 185, 229, 200, 244
-0.999486, 251, 135, 266, 150
-0.999486, 97, 155, 112, 170
-0.999486, 229, 123, 244, 138
-0.999486, 15, 77, 30, 92
-0.999486, 229, 185, 244, 200
-0.999487, 281, 123, 296, 138
-0.999487, 219, 137, 234, 152
-0.999487, 229, 165, 244, 180
-0.999487, 319, 121, 334, 136
-0.999487, 285, 131, 300, 146
-0.999487, 179, 121, 194, 136
-0.999487, 247, 125, 262, 140
-0.999489, 307, 121, 322, 136
-0.999489, 49, 91, 64, 106
-0.99949, 293, 123, 308, 138
-0.999491, 249, 177, 264, 192
-0.999491, 325, 121, 340, 136
-0.999491, 1, 109, 16, 124
-0.999491, 275, 133, 290, 148
-0.999492, 7, 109, 22, 124
-0.999492, 345, 125, 360, 140
-0.999492, 257, 229, 272, 244
-0.999492, 111, 155, 126, 170
-0.999492, 225, 273, 480, 336
-0.999492, 181, 43, 196, 58
-0.999492, 395, 145, 410, 160
-0.999493, 223, 101, 238, 116
-0.999493, 171, 157, 186, 172
-0.999494, 189, 151, 204, 166
-0.999495, 199, 153, 214, 168
-0.999495, 131, 247, 146, 262
-0.999496, 221, 123, 236, 138
-0.999496, 269, 125, 284, 140
-0.999496, 23, 111, 38, 126
-0.999497, 257, 125, 272, 140
-0.999497, 13, 109, 28, 124
-0.999497, 29, 111, 44, 126
-0.999497, 227, 251, 242, 266
-0.999498, 41, 79, 56, 94
-0.999499, 137, 239, 152, 254
-0.999499, 257, 185, 272, 200
-0.9995, 181, 155, 196, 170
-0.999502, 331, 123, 346, 138
-0.999503, 35, 111, 50, 126
-0.999504, 213, 133, 228, 148
-0.999505, 407, 135, 422, 150
-0.999506, 189, 133, 204, 148
-0.999506, 225, 135, 240, 150
-0.999507, 275, 123, 290, 138
-0.999507, 253, 147, 268, 162
-0.999508, 353, 205, 480, 236
-0.99951, 5, 77, 20, 92
-0.999511, 339, 123, 354, 138
-0.999511, 1, 225, 128, 256
-0.999511, 401, 139, 416, 154
-0.999512, 273, 229, 400, 260
-0.999514, 189, 139, 204, 154
-0.999514, 3, 65, 18, 192
-0.999514, 57, 85, 72, 100
-0.999516, 171, 229, 186, 244
-0.999516, 263, 125, 278, 140
-0.999517, 35, 79, 50, 94
-0.999519, 379, 105, 394, 120
-0.999521, 45, 111, 60, 126
-0.999524, 43, 91, 58, 106
-0.999526, 189, 145, 204, 160
-0.999529, 1, 273, 128, 336
-0.999533, 301, 121, 316, 136
-0.999536, 209, 69, 336, 100
-0.999539, 257, 133, 384, 164
-0.999541, 369, 281, 496, 312
-0.999543, 353, 189, 480, 220
-0.999543, 145, 213, 272, 244
-0.99955, 409, 1, 440, 256
-0.999551, 81, 201, 96, 216
-0.999553, 51, 85, 66, 100
-0.999562, 37, 91, 52, 106
-0.99957, 209, 17, 336, 80
-0.999573, 31, 91, 46, 106
-0.999575, 149, 97, 180, 352
-0.999576, 173, 193, 204, 320
-0.999577, 113, 133, 240, 164
-0.999583, 65, 185, 192, 216
-0.999583, 441, 97, 472, 352
-0.999583, 353, 229, 480, 260
-0.999586, 25, 65, 40, 192
-0.999589, 25, 91, 40, 106
-0.99959, 245, 97, 276, 352
-0.999591, 203, 135, 218, 150
-0.999599, 45, 85, 60, 100
-0.999602, 145, 17, 176, 144
-0.999603, 15, 89, 30, 104
-0.999611, 15, 65, 30, 192
-0.999612, 5, 89, 20, 104
-0.999616, 1, 113, 500, 176
-0.999634, 421, 1, 452, 256
-0.999638, 49, 261, 176, 292
-0.99964, 39, 85, 54, 100
-0.999649, 289, 265, 416, 296
-0.999649, 31, 65, 46, 192
-0.999651, 21, 83, 36, 98
-0.999662, 113, 181, 240, 212
-0.999665, 27, 83, 42, 98
-0.999667, 33, 85, 48, 100
-0.999668, 1, 83, 16, 98
-0.999671, 49, 249, 176, 280
-0.999671, 161, 265, 288, 328
-0.999682, 15, 83, 30, 98
-0.999685, 225, 209, 256, 336
-0.999694, 81, 29, 208, 60
-0.999698, 7, 83, 22, 98
-0.9997, 209, 89, 336, 120
-0.999717, 113, 73, 240, 104
-0.999721, 353, 161, 480, 192
-0.999727, 161, 17, 416, 80
-0.999728, 453, 97, 484, 352
-0.99973, 5, 17, 36, 144
-0.999732, 161, 197, 288, 228
-0.999739, 321, 277, 448, 308
-0.999756, 37, 65, 52, 192
-0.999781, 49, 273, 176, 304
-0.999821, 313, 97, 344, 352
-0.999828, 325, 97, 356, 352
-0.999833, 201, 113, 216, 240
-0.999837, 33, 209, 160, 240
-0.999838, 209, 33, 336, 64
-0.999852, 251, 209, 266, 336
-0.999853, 353, 241, 480, 272
-0.999856, 353, 257, 480, 288
-0.99986, 177, 249, 304, 280
-0.999863, 353, 81, 368, 208
-0.999882, 45, 65, 60, 192
-0.999886, 289, 253, 416, 284
-0.999887, 437, 1, 468, 256
-0.999893, 343, 81, 358, 208
-0.999897, 49, 293, 176, 324
-0.999903, 337, 97, 368, 352
-0.999903, 369, 149, 496, 180
-0.999909, 289, 241, 416, 272
-0.99991, 263, 129, 278, 256
-0.999916, 267, 81, 282, 208
-0.999924, 65, 173, 192, 204
-0.999934, 223, 81, 238, 208
-0.999945, 241, 1, 304, 128
-0.999946, 469, 97, 500, 352
-0.999948, 87, 81, 102, 208
-0.999955, 65, 141, 192, 172
-0.999956, 179, 81, 194, 208
-0.999959, 161, 29, 288, 60
-0.99996, 257, 161, 272, 288
-0.999961, 111, 81, 126, 208
-0.999964, 259, 81, 274, 208
-0.999969, 113, 41, 240, 72
-0.999974, 359, 81, 374, 208
-0.99999, 81, 1, 208, 32
-1, 253, 81, 268, 208
-1.00002, 81, 161, 96, 288
-1.00002, 273, 81, 288, 208
-1.00002, 315, 81, 330, 208
-1.00003, 81, 1, 208, 64
-1.00003, 103, 81, 118, 208
-1.00004, 293, 81, 308, 208
-1.00005, 369, 89, 496, 120
-1.00005, 399, 65, 414, 192
-1.00006, 195, 129, 210, 256
-1.00007, 243, 81, 258, 208
-1.00007, 71, 97, 86, 224
-1.00007, 117, 81, 132, 208
-1.00008, 409, 65, 424, 192
-1.00008, 449, 1, 480, 256
-1.00008, 373, 129, 388, 256
-1.00009, 263, 193, 278, 320
-1.0001, 309, 65, 324, 192
-1.0001, 1, 277, 128, 308
-1.0001, 97, 81, 112, 208
-1.0001, 387, 81, 402, 208
-1.00011, 303, 65, 318, 192
-1.00012, 229, 81, 244, 208
-1.00012, 1, 257, 256, 320
-1.00012, 97, 249, 224, 312
-1.00012, 271, 161, 286, 288
-1.00012, 113, 193, 128, 320
-1.00012, 97, 253, 224, 284
-1.00013, 187, 129, 202, 256
-1.00013, 77, 97, 92, 224
-1.00014, 243, 129, 258, 256
-1.00014, 365, 97, 380, 224
-1.00014, 279, 81, 294, 208
-1.00015, 305, 145, 320, 272
-1.00015, 101, 209, 116, 336
-1.00015, 125, 81, 140, 208
-1.00015, 257, 209, 272, 336
-1.00016, 81, 13, 208, 44
-1.00016, 369, 73, 496, 104
-1.00016, 145, 285, 272, 316
-1.00016, 69, 49, 100, 176
-1.00017, 189, 65, 204, 192
-1.00018, 47, 113, 62, 240
-1.00018, 235, 81, 250, 208
-1.00018, 157, 161, 188, 288
-1.00018, 469, 1, 500, 256
-1.00018, 277, 193, 292, 320
-1.00018, 381, 113, 396, 240
-1.00019, 1, 249, 128, 312
-1.00019, 337, 65, 352, 192
-1.00019, 321, 65, 336, 192
-1.0002, 287, 65, 302, 192
-1.0002, 173, 65, 188, 192
-1.0002, 29, 113, 44, 240
-1.0002, 121, 161, 136, 288
-1.0002, 135, 65, 150, 192
-1.00021, 15, 113, 30, 240
-1.00021, 209, 17, 336, 48
-1.00021, 141, 65, 156, 192
-1.00022, 21, 113, 36, 240
-1.00023, 151, 65, 166, 192
-1.00023, 161, 273, 288, 304
-1.00023, 167, 209, 182, 336
-1.00023, 97, 281, 224, 312
-1.00023, 89, 145, 104, 272
-1.00023, 359, 129, 374, 256
-1.00024, 59, 65, 74, 192
-1.00024, 17, 197, 144, 228
-1.00024, 177, 261, 304, 292
-1.00025, 1, 177, 128, 208
-1.00025, 251, 145, 266, 272
-1.00025, 87, 193, 102, 320
-1.00026, 107, 209, 122, 336
-1.00026, 73, 193, 88, 320
-1.00026, 373, 81, 388, 208
-1.00026, 271, 209, 286, 336
-1.00026, 1, 113, 128, 144
-1.00026, 113, 145, 128, 272
-1.00026, 279, 145, 294, 272
-1.00026, 347, 129, 362, 256
-1.00026, 5, 113, 20, 240
-1.00027, 135, 145, 150, 272
-1.00027, 283, 193, 298, 320
-1.00027, 35, 113, 50, 240
-1.00027, 207, 113, 222, 240
-1.00028, 41, 113, 56, 240
-1.00028, 353, 129, 368, 256
-1.00029, 99, 145, 114, 272
-1.00029, 1, 253, 128, 284
-1.0003, 215, 113, 230, 240
-1.0003, 393, 65, 408, 192
-1.0003, 337, 113, 352, 240
-1.0003, 51, 65, 66, 192
-1.00031, 241, 253, 368, 284
-1.00032, 331, 97, 346, 224
-1.00032, 75, 145, 90, 272
-1.00032, 173, 193, 188, 320
-1.00033, 291, 129, 306, 256
-1.00033, 213, 65, 228, 192
-1.00033, 209, 301, 336, 332
-1.00034, 107, 145, 122, 272
-1.00034, 1, 209, 256, 272
-1.00034, 209, 5, 336, 36
-1.00035, 167, 33, 182, 160
-1.00036, 159, 145, 174, 272
-1.00036, 159, 225, 174, 352
-1.00037, 159, 49, 174, 176
-1.00037, 113, 201, 240, 232
-1.00037, 243, 193, 258, 320
-1.00038, 79, 209, 94, 336
-1.00038, 125, 17, 140, 144
-1.00039, 209, 225, 224, 352
-1.00041, 381, 65, 396, 192
-1.00041, 227, 225, 242, 352
-1.00041, 323, 113, 338, 240
-1.00041, 295, 193, 310, 320
-1.00042, 411, 113, 426, 240
-1.00042, 285, 145, 300, 272
-1.00042, 131, 193, 146, 320
-1.00043, 165, 145, 180, 272
-1.00043, 137, 209, 152, 336
-1.00043, 389, 129, 420, 256
-1.00043, 181, 129, 196, 256
-1.00043, 147, 225, 162, 352
-1.00044, 95, 193, 110, 320
-1.00044, 415, 65, 430, 192
-1.00045, 145, 145, 160, 272
-1.00045, 365, 145, 380, 272
-1.00045, 1, 17, 16, 144
-1.00045, 69, 145, 84, 272
-1.00046, 161, 297, 288, 328
-1.00046, 387, 129, 402, 256
-1.00046, 233, 129, 248, 256
-1.00047, 65, 65, 80, 192
-1.00047, 15, 17, 30, 144
-1.00047, 129, 145, 144, 272
-1.00047, 173, 17, 188, 144
-1.00047, 289, 209, 304, 336
-1.00047, 315, 129, 330, 256
-1.00048, 369, 33, 496, 64
-1.00049, 241, 241, 368, 272
-1.0005, 1, 177, 256, 240
-1.00051, 1, 241, 128, 272
-1.00052, 273, 33, 304, 160
-1.00054, 161, 1, 288, 32
-1.00057, 129, 17, 256, 80
-1.00061, 1, 201, 500, 264
-1.00066, 121, 113, 152, 240
-1.00074, 33, 289, 288, 352
-1.00075, 1, 161, 500, 224
-1.00077, 293, 193, 324, 320
-1.00082, 209, 297, 336, 359
-1.00083, 113, 273, 240, 336
-1.00086, 1, 33, 256, 96
-1.001, 245, 33, 276, 160
-1.00112, 17, 17, 48, 144
-1.00114, 369, 41, 496, 104
-1.00115, 169, 17, 200, 144
-1.00118, 201, 161, 232, 288
-1.00135, 1, 1, 256, 64
-1.00145, 381, 193, 412, 320
-1.00148, 413, 33, 444, 160
-1.00151, 57, 1, 120, 128
-1.00157, 129, 297, 384, 359
-1.0016, 365, 17, 396, 144
-1.00167, 161, 289, 288, 352
-1.0017, 37, 17, 68, 144
-1.00171, 49, 297, 176, 359
-1.00177, 133, 1, 164, 128
-1.00182, 33, 1, 160, 64
-1.00198, 1, 297, 128, 359
-1.00199, 53, 161, 84, 288
-1.00211, 297, 33, 328, 160
-1.00232, 1, 289, 500, 352
-1.00238, 225, 297, 480, 359
-1.00243, 233, 33, 264, 160
-1.00246, 97, 249, 352, 312
-1.00256, 129, 273, 384, 336
-1.00259, 1, 161, 32, 288
-1.00261, 369, 225, 400, 352
-1.00262, 241, 265, 368, 328
-1.00267, 353, 17, 384, 144
-1.00267, 289, 145, 320, 272
-1.0028, 1, 33, 500, 96
-1.00281, 389, 33, 420, 160
-1.0029, 49, 17, 80, 144
-1.00294, 369, 1, 496, 64
-1.00297, 369, 177, 400, 304
-1.00297, 285, 33, 316, 160
-1.00299, 1, 9, 500, 72
-1.003, 181, 17, 212, 144
-1.003, 33, 41, 160, 104
-1.00304, 261, 33, 292, 160
-1.0031, 429, 113, 460, 240
-1.00333, 309, 17, 340, 144
-1.00336, 393, 177, 456, 304
-1.00338, 109, 17, 140, 144
-1.00342, 273, 297, 400, 359
-1.00345, 429, 49, 460, 176
-1.00374, 313, 225, 376, 352
-1.00383, 221, 33, 252, 160
-1.00407, 97, 297, 224, 359
-1.00408, 21, 161, 52, 288
-1.00424, 57, 209, 88, 336
-1.00429, 405, 225, 436, 352
-1.00432, 369, 297, 496, 359
-1.00453, 445, 113, 476, 240
-1.00468, 457, 81, 488, 208
-1.00486, 377, 33, 408, 160
-1.0049, 393, 225, 424, 352
-1.0052, 441, 65, 472, 192
-1.00522, 201, 17, 232, 144
-1.00524, 421, 225, 452, 352
-1.0053, 89, 33, 120, 160
-1.00543, 445, 225, 476, 352
-1.00547, 433, 225, 464, 352
-1.00559, 457, 225, 488, 352
-1.00561, 441, 1, 472, 128
-1.00567, 161, 113, 192, 240
-1.00574, 417, 177, 480, 304
-1.00579, 321, 297, 448, 359
-1.00598, 425, 1, 456, 128
-1.00607, 469, 81, 500, 208
-1.00613, 457, 33, 488, 160
-1.00637, 317, 161, 348, 288
