1981
-0.234718, 1, 1, 500, 375
-0.389185, 1, 65, 500, 320
-0.574449, 161, 97, 416, 352
-0.577097, 193, 1, 448, 375
-0.674766, 97, 1, 352, 375
-0.6887, 257, 129, 500, 375
-0.696372, 1, 1, 256, 375
-0.724062, 65, 129, 320, 375
-0.765417, 225, 1, 480, 256
-0.819008, 1, 1, 256, 256
-0.828133, 97, 1, 352, 256
-0.830746, 1, 1, 128, 375
-0.847523, 241, 1, 368, 375
-0.849379, 273, 1, 400, 256
-0.860343, 241, 129, 368, 375
-0.864145, 289, 1, 416, 375
-0.865665, 193, 129, 320, 375
-0.86691, 1, 33, 128, 288
-0.876239, 289, 129, 416, 375
-0.877727, 49, 1, 176, 375
-0.886799, 1, 129, 500, 256
-0.887376, 33, 129, 160, 375
-0.887715, 337, 129, 464, 375
-0.893927, 81, 129, 208, 375
-0.897491, 1, 17, 500, 144
-0.898478, 353, 1, 480, 375
-0.899879, 1, 81, 500, 208
-0.902559, 1, 241, 500, 368
-0.904037, 321, 33, 448, 288
-0.905547, 1, 177, 500, 304
-0.90578, 49, 1, 176, 256
-0.907214, 129, 241, 384, 368
-0.909259, 225, 33, 352, 288
-0.918928, 161, 161, 416, 288
-0.919185, 193, 1, 320, 375
-0.920909, 177, 33, 304, 288
-0.9275, 257, 225, 500, 352
-0.927586, 65, 193, 320, 320
-0.931138, 97, 209, 224, 336
-0.932927, 241, 145, 368, 272
-0.933331, 33, 241, 288, 368
-0.933789, 289, 209, 416, 336
-0.933999, 145, 129, 272, 375
-0.936951, 257, 145, 500, 272
-0.93839, 329, 193, 392, 320
-0.939314, 49, 49, 112, 176
-0.940911, 305, 129, 368, 256
-0.940964, 137, 209, 200, 336
-0.941609, 97, 1, 224, 375
-0.941645, 257, 97, 384, 224
-0.942555, 289, 145, 416, 272
-0.943368, 241, 241, 368, 368
-0.94351, 17, 241, 144, 368
-0.945803, 33, 177, 160, 304
-0.94642, 281, 81, 344, 208
-0.946936, 97, 1, 224, 256
-0.947004, 289, 241, 352, 368
-0.947853, 193, 241, 320, 368
-0.948292, 225, 1, 480, 128
-0.948308, 9, 65, 72, 192
-0.9487, 353, 241, 480, 368
-0.948814, 337, 145, 400, 272
-0.9496, 265, 129, 328, 256
-0.950109, 273, 33, 400, 160
-0.950194, 49, 57, 112, 120
-0.950266, 1, 113, 64, 240
-0.950598, 225, 1, 352, 128
-0.951635, 145, 209, 272, 336
-0.951774, 265, 241, 328, 368
-0.951895, 353, 193, 480, 320
-0.95215, 161, 97, 416, 224
-0.952753, 1, 81, 128, 208
-0.953091, 369, 1, 496, 256
-0.953405, 89, 225, 152, 352
-0.95354, 113, 225, 176, 352
-0.953908, 289, 153, 352, 216
-0.953999, 257, 65, 500, 192
-0.954722, 89, 265, 152, 328
-0.955401, 57, 225, 120, 352
-0.955528, 145, 1, 272, 375
-0.955605, 17, 193, 80, 320
-0.955729, 337, 217, 400, 280
-0.95591, 369, 209, 432, 336
-0.956243, 1, 65, 256, 192
-0.956579, 49, 161, 112, 288
-0.956586, 1, 145, 256, 272
-0.956713, 193, 145, 320, 272
-0.956903, 265, 1, 328, 128
-0.958134, 129, 1, 384, 128
-0.958269, 105, 161, 168, 288
-0.958428, 1, 33, 128, 160
-0.958847, 329, 161, 392, 224
-0.959078, 137, 273, 200, 336
-0.959327, 169, 265, 232, 328
-0.959602, 377, 225, 440, 288
-0.960334, 81, 241, 144, 304
-0.960727, 345, 241, 408, 368
-0.960934, 49, 97, 112, 224
-0.961302, 329, 137, 392, 200
-0.961324, 161, 193, 224, 320
-0.962188, 329, 97, 392, 224
-0.96222, 297, 193, 360, 320
-0.962398, 145, 233, 208, 296
-0.962569, 169, 241, 232, 368
-0.962597, 113, 273, 240, 336
-0.963361, 49, 97, 176, 224
-0.963395, 353, 145, 480, 272
-0.963399, 209, 97, 336, 224
-0.963695, 265, 153, 328, 216
-0.963819, 201, 241, 264, 368
-0.964176, 273, 1, 336, 64
-0.964236, 273, 145, 400, 208
-0.964311, 121, 249, 184, 312
-0.964426, 257, 81, 320, 208
-0.964708, 225, 225, 288, 352
-0.964721, 81, 177, 144, 304
-0.964804, 145, 161, 272, 288
-0.964835, 57, 257, 120, 320
-0.964841, 81, 161, 208, 288
-0.965173, 273, 129, 336, 192
-0.96518, 49, 81, 112, 144
-0.965185, 97, 289, 160, 352
-0.965202, 17, 49, 80, 112
-0.965219, 9, 153, 72, 216
-0.965279, 241, 249, 304, 312
-0.965482, 297, 129, 360, 192
-0.965633, 417, 209, 480, 336
-0.965654, 17, 241, 80, 368
-0.965759, 77, 33, 108, 160
-0.965944, 305, 81, 368, 208
-0.965972, 25, 145, 88, 272
-0.965989, 225, 305, 288, 368
-0.966072, 361, 129, 424, 256
-0.966074, 201, 281, 264, 344
-0.966235, 137, 161, 200, 288
-0.966398, 289, 241, 416, 304
-0.96643, 49, 33, 176, 160
-0.966537, 241, 193, 368, 320
-0.96657, 97, 249, 224, 312
-0.966615, 49, 33, 112, 96
-0.96667, 9, 89, 72, 152
-0.966996, 265, 97, 328, 160
-0.967255, 177, 297, 240, 360
-0.967296, 337, 289, 400, 352
-0.967842, 241, 161, 304, 288
-0.968158, 129, 201, 192, 264
-0.968401, 73, 129, 136, 256
-0.968432, 337, 97, 464, 224
-0.968527, 25, 193, 88, 256
-0.968711, 281, 257, 344, 320
-0.968723, 329, 241, 392, 304
-0.96895, 33, 161, 96, 224
-0.969019, 49, 33, 112, 288
-0.96935, 233, 97, 296, 224
-0.969434, 193, 249, 320, 312
-0.969447, 81, 193, 144, 256
-0.969558, 73, 33, 136, 160
-0.969563, 169, 241, 232, 304
-0.969568, 257, 297, 320, 360
-0.969721, 265, 177, 328, 304
-0.96992, 9, 113, 72, 176
-0.969971, 57, 233, 120, 296
-0.970048, 321, 217, 448, 280
-0.970061, 345, 193, 408, 256
-0.970109, 105, 209, 168, 272
-0.970109, 153, 209, 216, 272
-0.970223, 273, 1, 336, 256
-0.970372, 49, 185, 112, 248
-0.970449, 161, 49, 416, 176
-0.970471, 121, 177, 184, 240
-0.970487, 281, 1, 312, 128
-0.970509, 353, 1, 480, 128
-0.970636, 73, 57, 136, 120
-0.970783, 185, 161, 248, 288
-0.9708, 1, 129, 128, 256
-0.970831, 49, 281, 112, 344
-0.970901, 49, 241, 176, 304
-0.971072, 297, 33, 360, 160
-0.971174, 329, 57, 392, 120
-0.971283, 241, 1, 304, 128
-0.971321, 313, 217, 376, 280
-0.971488, 65, 201, 192, 264
-0.971575, 353, 153, 416, 216
-0.971688, 73, 81, 136, 208
-0.971715, 157, 193, 188, 320
-0.971769, 329, 49, 392, 176
-0.971877, 329, 33, 392, 96
-0.972194, 329, 1, 392, 128
-0.972306, 17, 217, 80, 280
-0.972468, 337, 129, 400, 375
-0.972586, 233, 105, 296, 168
-0.972732, 145, 225, 272, 288
-0.972749, 65, 273, 192, 336
-0.973019, 33, 17, 288, 144
-0.973055, 33, 1, 96, 128
-0.973091, 273, 73, 400, 136
-0.973145, 241, 297, 368, 360
-0.973242, 25, 65, 56, 192
-0.973393, 209, 257, 272, 320
-0.973432, 193, 193, 320, 320
-0.973733, 77, 57, 108, 120
-0.973907, 81, 217, 144, 280
-0.973943, 377, 249, 440, 312
-0.974021, 349, 145, 380, 272
-0.974147, 281, 33, 344, 96
-0.974161, 393, 193, 456, 320
-0.974227, 361, 193, 392, 320
-0.974288, 145, 193, 176, 320
-0.974471, 1, 89, 128, 152
-0.974482, 225, 145, 352, 208
-0.974494, 49, 209, 112, 272
-0.97454, 297, 1, 360, 64
-0.974644, 369, 273, 432, 336
-0.974656, 409, 225, 472, 288
-0.974684, 65, 33, 96, 160
-0.974721, 297, 177, 360, 240
-0.974808, 105, 241, 136, 368
-0.974868, 89, 169, 152, 232
-0.974889, 257, 97, 320, 352
-0.974988, 369, 1, 432, 128
-0.975092, 37, 65, 68, 192
-0.975146, 177, 281, 304, 344
-0.975188, 9, 265, 72, 328
-0.975211, 193, 313, 320, 375
-0.975446, 417, 249, 480, 312
-0.975472, 305, 241, 368, 304
-0.975503, 313, 129, 376, 375
-0.975562, 241, 97, 368, 160
-0.975587, 321, 49, 448, 176
-0.975888, 305, 25, 368, 88
-0.975951, 97, 225, 224, 288
-0.975962, 369, 81, 432, 208
-0.976225, 269, 129, 300, 256
-0.976282, 353, 265, 480, 328
-0.976306, 321, 241, 352, 368
-0.976329, 177, 1, 304, 128
-0.976358, 241, 1, 304, 64
-0.976375, 29, 113, 60, 240
-0.976459, 113, 297, 240, 360
-0.976465, 257, 169, 384, 232
-0.976476, 385, 201, 448, 264
-0.976522, 361, 145, 392, 272
-0.976553, 293, 1, 324, 128
-0.976587, 209, 177, 272, 304
-0.976728, 161, 97, 288, 224
-0.976762, 309, 145, 340, 208
-0.97678, 241, 121, 368, 184
-0.976878, 273, 233, 336, 296
-0.976884, 273, 1, 400, 64
-0.976971, 329, 113, 392, 176
-0.976994, 353, 241, 480, 304
-0.976996, 1, 177, 64, 240
-0.976998, 281, 305, 344, 368
-0.977003, 209, 233, 272, 296
-0.977039, 49, 105, 112, 168
-0.977046, 289, 81, 320, 208
-0.977162, 1, 49, 32, 176
-0.977177, 353, 161, 384, 224
-0.977247, 73, 81, 136, 144
-0.977265, 1, 17, 64, 144
-0.97729, 121, 265, 152, 328
-0.977295, 321, 129, 352, 256
-0.977328, 173, 209, 204, 336
-0.977385, 257, 177, 320, 240
-0.977537, 73, 289, 136, 352
-0.977578, 25, 25, 88, 88
-0.977587, 289, 97, 352, 160
-0.977644, 117, 225, 148, 352
-0.977729, 89, 129, 152, 375
-0.97773, 233, 137, 296, 200
-0.977737, 1, 233, 128, 296
-0.977769, 333, 145, 364, 272
-0.977804, 297, 33, 360, 288
-0.977842, 341, 209, 372, 336
-0.977873, 209, 153, 272, 216
-0.977936, 145, 249, 272, 312
-0.978078, 33, 257, 96, 320
-0.978136, 265, 241, 296, 368
-0.978173, 241, 257, 368, 320
-0.978184, 49, 129, 112, 375
-0.978394, 313, 241, 376, 368
-0.978396, 285, 145, 316, 272
-0.978433, 33, 161, 64, 288
-0.978444, 369, 129, 432, 375
-0.97855, 17, 177, 144, 240
-0.978555, 1, 49, 128, 112
-0.978689, 105, 281, 136, 344
-0.978697, 69, 33, 100, 96
-0.978718, 1, 153, 32, 216
-0.978868, 9, 65, 72, 320
-0.978976, 369, 113, 432, 176
-0.979077, 177, 209, 240, 272
-0.979113, 341, 161, 372, 224
-0.97924, 109, 257, 140, 320
-0.979253, 25, 73, 56, 136
-0.979264, 273, 1, 304, 64
-0.979282, 57, 41, 88, 104
-0.979286, 17, 265, 144, 328
-0.979287, 309, 241, 340, 368
-0.979301, 157, 209, 188, 272
-0.979316, 141, 241, 172, 368
-0.979437, 189, 265, 220, 328
-0.979456, 65, 177, 192, 240
-0.979459, 289, 65, 352, 128
-0.9795, 5, 113, 36, 240
-0.979506, 13, 49, 44, 176
-0.979537, 285, 145, 316, 208
-0.979602, 21, 153, 52, 216
-0.979629, 281, 129, 344, 375
-0.979631, 77, 81, 108, 144
-0.979659, 345, 217, 376, 280
-0.979682, 137, 257, 168, 320
-0.979703, 33, 297, 160, 360
-0.979722, 273, 145, 304, 208
-0.979731, 85, 241, 116, 304
-0.979739, 57, 161, 120, 224
-0.979862, 33, 137, 96, 200
-0.979948, 73, 33, 136, 288
-0.979954, 9, 241, 72, 304
-0.980028, 97, 249, 128, 312
-0.980042, 9, 1, 72, 375
-0.980062, 113, 129, 176, 375
-0.980066, 289, 225, 320, 352
-0.980067, 1, 25, 64, 88
-0.980165, 337, 137, 464, 200
-0.980193, 313, 297, 376, 360
-0.980249, 305, 17, 336, 144
-0.980283, 37, 169, 68, 232
-0.980308, 49, 1, 112, 375
-0.98034, 1, 41, 32, 104
-0.980377, 89, 313, 152, 375
-0.98039, 381, 225, 412, 352
-0.98042, 225, 49, 352, 176
-0.980625, 53, 33, 84, 160
-0.980632, 329, 9, 392, 72
-0.980718, 17, 49, 48, 112
-0.980766, 273, 217, 400, 280
-0.980771, 173, 265, 204, 328
-0.980793, 185, 241, 216, 368
-0.980811, 269, 1, 300, 128
-0.980828, 257, 25, 320, 88
-0.980831, 273, 41, 400, 104
-0.980857, 329, 81, 392, 144
-0.980913, 249, 1, 312, 256
-0.981015, 161, 145, 224, 272
-0.98112, 281, 1, 344, 375
-0.981164, 201, 313, 264, 375
-0.981221, 1, 209, 128, 272
-0.981243, 257, 273, 320, 336
-0.98125, 53, 145, 84, 272
-0.981255, 49, 57, 176, 120
-0.981263, 97, 113, 160, 240
-0.981273, 361, 225, 392, 288
-0.981299, 17, 113, 48, 240
-0.981311, 289, 281, 352, 344
-0.981363, 261, 297, 292, 360
-0.981398, 337, 265, 400, 328
-0.981401, 9, 121, 40, 184
-0.981408, 325, 153, 356, 216
-0.981414, 261, 105, 292, 168
-0.981426, 337, 129, 368, 192
-0.981434, 137, 177, 168, 240
-0.981516, 357, 137, 388, 200
-0.981544, 21, 193, 52, 320
-0.981545, 1, 113, 128, 176
-0.981617, 277, 81, 308, 208
-0.981664, 13, 81, 44, 144
-0.981666, 289, 169, 320, 232
-0.981741, 1, 153, 128, 216
-0.981771, 289, 265, 416, 328
-0.981798, 425, 217, 456, 280
-0.98185, 73, 129, 136, 192
-0.981873, 381, 225, 412, 288
-0.981883, 121, 241, 152, 304
-0.981898, 273, 97, 304, 160
-0.981944, 293, 89, 324, 152
-0.981957, 29, 201, 60, 264
-0.982004, 45, 57, 76, 120
-0.982061, 289, 249, 320, 312
-0.982139, 61, 65, 92, 128
-0.98221, 357, 193, 388, 256
-0.982246, 369, 41, 432, 104
-0.982256, 93, 225, 124, 352
-0.982314, 165, 241, 196, 304
-0.982429, 321, 177, 448, 240
-0.98244, 321, 129, 352, 192
-0.982443, 153, 241, 184, 304
-0.982458, 321, 185, 384, 248
-0.982461, 297, 161, 328, 288
-0.982472, 137, 233, 168, 296
-0.982614, 293, 17, 324, 80
-0.982616, 321, 57, 448, 120
-0.982706, 329, 177, 360, 240
-0.982714, 337, 33, 400, 288
-0.982742, 205, 281, 236, 344
-0.982746, 41, 225, 72, 352
-0.98275, 133, 193, 164, 320
-0.982767, 153, 297, 216, 360
-0.982872, 125, 289, 156, 352
-0.982923, 193, 121, 320, 184
-0.982927, 261, 249, 292, 312
-0.982995, 209, 129, 272, 256
-0.98302, 309, 129, 340, 256
-0.983036, 249, 305, 280, 368
-0.983085, 425, 241, 456, 304
-0.983117, 209, 177, 272, 240
-0.983186, 25, 113, 56, 176
-0.9832, 161, 241, 192, 368
-0.983212, 49, 161, 80, 224
-0.983298, 433, 225, 496, 288
-0.983299, 209, 177, 336, 240
-0.983319, 77, 97, 108, 224
-0.983339, 13, 177, 44, 240
-0.983366, 33, 49, 64, 112
-0.983366, 101, 225, 132, 288
-0.983371, 145, 201, 272, 264
-0.983372, 97, 49, 160, 176
-0.98339, 137, 281, 168, 344
-0.983429, 257, 1, 320, 375
-0.983452, 141, 201, 172, 264
-0.98347, 337, 313, 400, 375
-0.983499, 25, 177, 56, 240
-0.983511, 149, 273, 180, 336
-0.983519, 361, 241, 392, 368
-0.983586, 373, 145, 404, 272
-0.983639, 85, 217, 116, 280
-0.983662, 369, 217, 496, 280
-0.983679, 421, 193, 452, 320
-0.983683, 273, 121, 304, 184
-0.983683, 293, 121, 324, 184
-0.983684, 161, 265, 192, 328
-0.983737, 181, 289, 212, 352
-0.98376, 169, 289, 200, 352
-0.983774, 105, 177, 136, 240
-0.983813, 297, 145, 328, 208
-0.983845, 289, 289, 416, 352
-0.983849, 169, 185, 232, 248
-0.983871, 97, 65, 160, 128
-0.983888, 277, 241, 308, 368
-0.983906, 393, 145, 456, 272
-0.983957, 233, 129, 296, 375
-0.984002, 33, 257, 64, 320
-0.984067, 73, 33, 136, 96
-0.984139, 17, 289, 80, 352
-0.984154, 81, 33, 112, 96
-0.98416, 97, 113, 224, 240
-0.984201, 109, 161, 140, 288
-0.984204, 265, 81, 296, 208
-0.984255, 65, 313, 128, 375
-0.984323, 321, 249, 352, 312
-0.984326, 309, 257, 340, 320
-0.984349, 49, 57, 112, 88
-0.984381, 225, 1, 352, 64
-0.984401, 1, 97, 32, 160
-0.984401, 193, 289, 224, 352
-0.984414, 113, 313, 176, 375
-0.984475, 177, 233, 208, 296
-0.98453, 369, 193, 400, 256
-0.984541, 305, 1, 368, 375
-0.984579, 293, 41, 324, 104
-0.984586, 313, 81, 344, 208
-0.984586, 97, 177, 128, 304
-0.984607, 401, 209, 432, 272
-0.984643, 257, 145, 288, 272
-0.984663, 249, 241, 280, 304
-0.984728, 93, 289, 124, 352
-0.98475, 145, 177, 208, 240
-0.984793, 57, 193, 88, 256
-0.984794, 333, 57, 364, 120
-0.984815, 177, 153, 304, 216
-0.984817, 381, 249, 412, 312
-0.984825, 417, 201, 480, 264
-0.984833, 393, 241, 456, 368
-0.984843, 341, 97, 372, 224
-0.984909, 241, 225, 304, 288
-0.984929, 273, 313, 304, 375
-0.984939, 61, 89, 92, 152
-0.984944, 73, 233, 104, 296
-0.98497, 289, 97, 416, 160
-0.985008, 73, 1, 136, 375
-0.98503, 37, 81, 68, 144
-0.985034, 153, 185, 184, 248
-0.985045, 277, 73, 308, 136
-0.985082, 49, 81, 176, 144
-0.985085, 209, 25, 336, 88
-0.98509, 301, 65, 332, 192
-0.985098, 353, 241, 416, 304
-0.985099, 277, 25, 308, 88
-0.985099, 369, 137, 400, 200
-0.985115, 197, 241, 228, 368
-0.985125, 369, 33, 432, 288
-0.985153, 233, 273, 296, 336
-0.985201, 45, 265, 76, 328
-0.985222, 353, 113, 480, 176
-0.985252, 277, 257, 308, 320
-0.985255, 273, 289, 304, 352
-0.985291, 337, 229, 400, 260
-0.985313, 225, 217, 352, 280
-0.985346, 353, 89, 416, 152
-0.985381, 345, 33, 376, 96
-0.985392, 33, 145, 64, 208
-0.985409, 125, 169, 156, 232
-0.985412, 337, 1, 368, 64
-0.985438, 77, 105, 108, 168
-0.985442, 261, 169, 292, 232
-0.985452, 97, 65, 128, 128
-0.985501, 289, 153, 352, 184
-0.985504, 301, 169, 332, 232
-0.985509, 177, 49, 304, 176
-0.98551, 1, 73, 32, 136
-0.985596, 161, 129, 224, 375
-0.985606, 321, 33, 448, 96
-0.985623, 81, 281, 112, 344
-0.985692, 89, 105, 152, 168
-0.985792, 261, 145, 292, 208
-0.985805, 305, 313, 432, 375
-0.985829, 329, 1, 392, 375
-0.985832, 357, 17, 388, 80
-0.985839, 333, 297, 364, 360
-0.985856, 153, 265, 216, 296
-0.985868, 233, 169, 296, 232
-0.985905, 217, 273, 248, 336
-0.985907, 49, 233, 80, 296
-0.985945, 85, 193, 116, 256
-0.985958, 377, 273, 408, 336
-0.986002, 357, 289, 388, 352
-0.986011, 69, 209, 100, 272
-0.986038, 121, 193, 152, 256
-0.986042, 301, 233, 332, 296
-0.986051, 81, 209, 112, 336
-0.986106, 337, 289, 464, 352
-0.986117, 341, 185, 372, 248
-0.986134, 437, 241, 468, 304
-0.986217, 49, 81, 80, 208
-0.98624, 365, 161, 396, 224
-0.986271, 73, 177, 104, 240
-0.986302, 209, 161, 240, 224
-0.986323, 285, 313, 316, 375
-0.986432, 169, 209, 200, 272
-0.986446, 329, 161, 392, 192
-0.986489, 129, 281, 192, 312
-0.986563, 305, 1, 336, 64
-0.98658, 265, 1, 328, 32
-0.986588, 305, 41, 336, 104
-0.986604, 53, 193, 84, 320
-0.98667, 369, 65, 432, 128
-0.986687, 325, 193, 356, 320
-0.986693, 289, 209, 352, 272
-0.986727, 329, 241, 392, 272
-0.986758, 129, 177, 256, 240
-0.986768, 121, 161, 152, 288
-0.986894, 257, 73, 320, 136
-0.986897, 253, 225, 284, 352
-0.986924, 1, 161, 32, 288
-0.986932, 353, 1, 480, 64
-0.986973, 393, 65, 456, 192
-0.986974, 185, 129, 248, 375
-0.986974, 93, 97, 124, 224
-0.987007, 129, 241, 160, 368
-0.987072, 193, 97, 320, 160
-0.987083, 369, 313, 432, 375
-0.987116, 97, 289, 160, 320
-0.987146, 49, 73, 112, 104
-0.987177, 353, 97, 384, 224
-0.987199, 209, 129, 272, 375
-0.987255, 137, 129, 200, 375
-0.987258, 33, 85, 96, 116
-0.987282, 309, 193, 340, 320
-0.987296, 89, 49, 120, 176
-0.9873, 113, 153, 176, 216
-0.987394, 329, 141, 392, 172
-0.987411, 1, 25, 128, 88
-0.987428, 97, 41, 160, 104
-0.987483, 89, 265, 152, 296
-0.987495, 217, 177, 248, 304
-0.987517, 409, 273, 472, 336
-0.987564, 121, 113, 184, 240
-0.987588, 377, 97, 408, 224
-0.987604, 9, 169, 72, 200
-0.987623, 121, 265, 184, 296
-0.987635, 209, 201, 272, 264
-0.987643, 369, 9, 432, 72
-0.987691, 97, 289, 352, 352
-0.987743, 49, 153, 176, 216
-0.987837, 121, 249, 184, 280
-0.987943, 265, 141, 328, 172
-0.987949, 169, 277, 232, 308
-0.988014, 265, 157, 328, 188
-0.988037, 65, 81, 96, 208
-0.988067, 253, 97, 284, 224
-0.988073, 17, 313, 80, 375
-0.9881, 329, 173, 392, 204
-0.988112, 81, 161, 112, 288
-0.988159, 105, 277, 168, 308
-0.98823, 233, 49, 296, 176
-0.988291, 97, 265, 352, 328
-0.988293, 33, 169, 96, 200
-0.988318, 209, 241, 240, 368
-0.988417, 133, 145, 164, 272
-0.98847, 153, 289, 216, 320
-0.988484, 369, 229, 432, 260
-0.988486, 377, 241, 440, 272
-0.988559, 241, 261, 304, 292
-0.988673, 25, 69, 88, 100
-0.988701, 225, 245, 288, 276
-0.988713, 361, 1, 424, 375
-0.98878, 137, 213, 200, 244
-0.988819, 129, 201, 192, 232
-0.988929, 29, 241, 60, 368
-0.98893, 193, 249, 448, 312
-0.988969, 9, 89, 72, 120
-0.988996, 69, 209, 100, 336
-0.989052, 1, 157, 64, 188
-0.989063, 185, 193, 216, 320
-0.989087, 265, 249, 328, 280
-0.989106, 297, 165, 360, 196
-0.989314, 265, 13, 328, 44
-0.989323, 201, 297, 264, 328
-0.989331, 177, 1, 304, 64
-0.989356, 49, 105, 112, 136
-0.989389, 441, 209, 472, 336
-0.989404, 57, 265, 120, 296
-0.989456, 433, 273, 496, 336
-0.9895, 365, 81, 396, 208
-0.989508, 25, 57, 88, 88
-0.989528, 33, 157, 96, 188
-0.989543, 225, 49, 352, 112
-0.989587, 153, 237, 216, 268
-0.989616, 97, 33, 160, 288
-0.989654, 257, 105, 320, 136
-0.989678, 329, 297, 392, 328
-0.989733, 289, 121, 416, 184
-0.989749, 49, 277, 112, 308
-0.989752, 17, 117, 80, 148
-0.989755, 153, 225, 216, 256
-0.989822, 241, 209, 272, 336
-0.989825, 273, 193, 400, 256
-0.989883, 89, 253, 152, 284
-0.989973, 305, 25, 368, 56
-0.989975, 57, 85, 120, 116
-0.990037, 393, 97, 456, 352
-0.990055, 225, 325, 288, 356
-0.990118, 281, 93, 344, 124
-0.990126, 65, 241, 128, 272
-0.990156, 97, 241, 352, 304
-0.990172, 97, 1, 160, 375
-0.990172, 289, 141, 352, 172
-0.990184, 329, 61, 392, 92
-0.990191, 393, 17, 456, 144
-0.990232, 353, 157, 416, 188
-0.990289, 49, 45, 112, 76
-0.990297, 129, 153, 256, 216
-0.99031, 161, 249, 224, 280
-0.990348, 417, 161, 480, 288
-0.990369, 25, 201, 88, 232
-0.990369, 369, 257, 432, 288
-0.990449, 113, 185, 176, 216
-0.99045, 289, 13, 352, 44
-0.990452, 401, 221, 464, 252
-0.990498, 369, 49, 496, 176
-0.990517, 105, 205, 168, 236
-0.990546, 193, 273, 448, 336
-0.990593, 177, 289, 240, 320
-0.990619, 325, 65, 356, 192
-0.99063, 305, 177, 368, 208
-0.990642, 209, 73, 336, 136
-0.990675, 113, 221, 176, 252
-0.990741, 113, 237, 176, 268
-0.990757, 53, 241, 84, 368
-0.990788, 361, 1, 392, 128
-0.990791, 65, 189, 128, 220
-0.990808, 265, 181, 328, 212
-0.990812, 21, 1, 52, 128
-0.990832, 9, 101, 72, 132
-0.990871, 265, 25, 328, 56
-0.990875, 89, 193, 152, 224
-0.990935, 401, 193, 432, 320
-0.990936, 233, 1, 296, 375
-0.990936, 1, 181, 64, 212
-0.990939, 1, 61, 64, 92
-0.99095, 273, 177, 304, 304
-0.990951, 73, 65, 136, 96
-0.990963, 273, 325, 336, 356
-0.99097, 265, 261, 328, 292
-0.991071, 417, 233, 480, 264
-0.99111, 177, 233, 240, 264
-0.991119, 1, 137, 500, 200
-0.991185, 313, 225, 376, 256
-0.991191, 25, 45, 88, 76
-0.991211, 97, 301, 160, 332
-0.991237, 369, 277, 432, 308
-0.991271, 201, 313, 264, 344
-0.991274, 161, 301, 224, 332
-0.991278, 265, 129, 328, 160
-0.9913, 209, 81, 272, 208
-0.991346, 329, 325, 392, 356
-0.991346, 33, 181, 96, 212
-0.991396, 77, 57, 108, 88
-0.991411, 225, 1, 288, 256
-0.99143, 193, 297, 448, 360
-0.991443, 25, 161, 56, 192
-0.991483, 225, 313, 288, 344
-0.991491, 97, 217, 352, 280
-0.991499, 129, 293, 192, 324
-0.991504, 329, 29, 392, 60
-0.991514, 145, 145, 176, 272
-0.991516, 57, 305, 120, 336
-0.991548, 33, 221, 96, 252
-0.991605, 81, 225, 144, 256
-0.991615, 393, 1, 456, 256
-0.991665, 177, 265, 240, 296
-0.991688, 425, 129, 488, 375
-0.991703, 17, 269, 80, 300
-0.991708, 257, 225, 500, 288
-0.991742, 1, 185, 256, 248
-0.991752, 225, 161, 480, 224
-0.991756, 281, 41, 344, 72
-0.991759, 257, 345, 320, 375
-0.991763, 353, 313, 480, 375
-0.991772, 357, 161, 388, 192
-0.991852, 289, 169, 320, 200
-0.991853, 249, 325, 312, 356
-0.991854, 257, 93, 320, 124
-0.991872, 305, 65, 368, 96
-0.991889, 337, 49, 400, 80
-0.991897, 21, 81, 52, 112
-0.991929, 217, 257, 280, 288
-0.992072, 1, 241, 500, 304
-0.992118, 289, 245, 352, 276
-0.992143, 289, 337, 352, 368
-0.992159, 289, 257, 352, 288
-0.992168, 305, 213, 368, 244
-0.99218, 341, 165, 372, 196
-0.992185, 113, 277, 240, 308
-0.992211, 345, 225, 376, 256
-0.992235, 1, 273, 256, 336
-0.992252, 249, 297, 312, 328
-0.992254, 369, 49, 432, 80
-0.992261, 77, 101, 108, 132
-0.992265, 317, 149, 348, 180
-0.99229, 345, 217, 408, 248
-0.992323, 353, 201, 416, 232
-0.992328, 61, 49, 92, 80
-0.992338, 109, 257, 140, 288
-0.992347, 273, 149, 400, 180
-0.992353, 337, 177, 368, 208
-0.992356, 49, 33, 176, 96
-0.992377, 17, 249, 80, 280
-0.992381, 73, 53, 136, 84
-0.992385, 57, 289, 120, 320
-0.992389, 97, 49, 224, 176
-0.992392, 157, 209, 188, 240
-0.992396, 57, 177, 120, 208
-0.992399, 89, 237, 152, 268
-0.992417, 289, 153, 320, 184
-0.992424, 253, 249, 284, 280
-0.992438, 33, 85, 64, 116
-0.992442, 129, 309, 192, 340
-0.992452, 41, 117, 104, 148
-0.992461, 37, 173, 68, 204
-0.992469, 113, 277, 144, 308
-0.992483, 269, 153, 300, 184
-0.992487, 137, 269, 168, 300
-0.992516, 65, 253, 128, 284
-0.992545, 233, 113, 296, 144
-0.992546, 33, 33, 96, 64
-0.992567, 417, 17, 480, 144
-0.992568, 125, 265, 156, 296
-0.992568, 1, 153, 32, 184
-0.992572, 65, 313, 320, 375
-0.992597, 205, 177, 236, 304
-0.992614, 17, 61, 48, 92
-0.992619, 73, 45, 104, 76
-0.992632, 17, 113, 48, 144
-0.992637, 241, 141, 304, 172
-0.992642, 125, 277, 156, 308
-0.992653, 357, 229, 388, 260
-0.992677, 293, 17, 324, 48
-0.992693, 57, 61, 88, 92
-0.992693, 157, 261, 188, 292
-0.992695, 89, 85, 152, 116
-0.992702, 129, 177, 384, 240
-0.992703, 41, 237, 104, 268
-0.992704, 273, 9, 304, 40
-0.992714, 417, 245, 480, 276
-0.992723, 73, 69, 104, 100
-0.992725, 273, 137, 304, 168
-0.992731, 145, 281, 176, 312
-0.992736, 193, 253, 256, 284
-0.992737, 13, 157, 44, 188
-0.992747, 25, 173, 56, 204
-0.992751, 201, 325, 264, 356
-0.992755, 81, 277, 144, 308
-0.992768, 1, 65, 500, 128
-0.992781, 377, 225, 408, 256
-0.992792, 1, 49, 32, 80
-0.9928, 241, 245, 272, 276
-0.992803, 197, 273, 228, 304
-0.992806, 329, 157, 360, 188
-0.99281, 417, 261, 480, 292
-0.992831, 81, 49, 96, 112
-0.992833, 289, 1, 352, 32
-0.992834, 57, 81, 88, 112
-0.992859, 77, 85, 108, 116
-0.992871, 89, 245, 120, 276
-0.992893, 121, 33, 184, 288
-0.992916, 269, 257, 300, 288
-0.992932, 125, 293, 156, 324
-0.992934, 61, 101, 92, 132
-0.992934, 265, 101, 296, 132
-0.992936, 77, 113, 108, 144
-0.992937, 209, 1, 272, 375
-0.992953, 161, 289, 192, 320
-0.992976, 1, 249, 256, 312
-0.993003, 33, 201, 64, 232
-0.993007, 425, 253, 456, 284
-0.993009, 33, 69, 64, 100
-0.99301, 45, 161, 76, 192
-0.993016, 157, 273, 188, 304
-0.993026, 5, 121, 36, 152
-0.993031, 309, 161, 340, 192
-0.993044, 289, 161, 416, 192
-0.993057, 161, 97, 224, 224
-0.993074, 209, 289, 240, 320
-0.993087, 45, 69, 76, 100
-0.993097, 37, 17, 68, 144
-0.993097, 181, 265, 212, 296
-0.993101, 101, 269, 132, 300
-0.993101, 413, 241, 444, 368
-0.993104, 189, 301, 220, 332
-0.993106, 161, 249, 192, 280
-0.993111, 257, 1, 500, 64
-0.993136, 265, 329, 296, 360
-0.993143, 133, 249, 164, 280
-0.993147, 13, 169, 44, 200
-0.993156, 289, 141, 320, 172
-0.993166, 301, 37, 332, 68
-0.99317, 105, 189, 136, 220
-0.993178, 17, 49, 48, 80
-0.993194, 197, 289, 228, 320
-0.993199, 145, 257, 176, 288
-0.993201, 73, 241, 104, 272
-0.993214, 133, 205, 164, 236
-0.993228, 13, 93, 44, 124
-0.99323, 169, 265, 200, 296
-0.993252, 305, 173, 336, 204
-0.993268, 293, 93, 324, 124
-0.993271, 273, 29, 304, 60
-0.993272, 177, 285, 208, 316
-0.993274, 325, 169, 356, 200
-0.99328, 281, 253, 312, 284
-0.993283, 153, 233, 184, 264
-0.993289, 357, 173, 388, 204
-0.993302, 225, 137, 480, 200
-0.993336, 177, 297, 208, 328
-0.993346, 301, 145, 332, 176
-0.993398, 369, 157, 400, 188
-0.993401, 225, 105, 480, 168
-0.993405, 97, 1, 160, 128
-0.993407, 221, 193, 252, 224
-0.993408, 5, 61, 36, 92
-0.993408, 65, 105, 192, 168
-0.993417, 157, 221, 188, 252
-0.993428, 341, 145, 372, 176
-0.993431, 285, 181, 316, 212
-0.993432, 37, 57, 68, 88
-0.993451, 333, 17, 364, 144
-0.99346, 33, 45, 64, 76
-0.993462, 293, 261, 324, 292
-0.993466, 1, 73, 32, 104
-0.993466, 257, 261, 288, 292
-0.993475, 333, 21, 364, 52
-0.993477, 353, 25, 384, 56
-0.993479, 289, 33, 320, 64
-0.993496, 85, 257, 116, 288
-0.993496, 89, 273, 120, 304
-0.993497, 317, 249, 348, 280
-0.9935, 153, 197, 184, 228
-0.993503, 1, 165, 32, 196
-0.993504, 29, 113, 60, 144
-0.993505, 181, 225, 212, 256
-0.993505, 301, 241, 332, 272
-0.993508, 425, 237, 456, 268
-0.993508, 373, 237, 404, 268
-0.99351, 229, 241, 260, 368
-0.993518, 269, 341, 300, 372
-0.993533, 145, 241, 272, 272
-0.993541, 91, 49, 106, 112
-0.993543, 425, 265, 456, 296
-0.993543, 37, 265, 68, 296
-0.993545, 61, 113, 92, 144
-0.993547, 105, 289, 136, 320
-0.993552, 1, 217, 256, 280
-0.993559, 281, 97, 312, 128
-0.99359, 65, 229, 192, 260
-0.993591, 65, 281, 192, 312
-0.993593, 1, 89, 500, 152
-0.993597, 361, 145, 392, 176
-0.9936, 265, 165, 296, 196
-0.993605, 33, 253, 64, 284
-0.993611, 137, 181, 168, 212
-0.993611, 321, 229, 448, 260
-0.993612, 81, 261, 208, 292
-0.993616, 329, 65, 360, 96
-0.993617, 45, 85, 76, 116
-0.993617, 293, 1, 324, 32
-0.993623, 229, 253, 260, 284
-0.993628, 401, 229, 432, 260
-0.99364, 353, 161, 368, 224
-0.993641, 317, 1, 348, 128
-0.993644, 25, 101, 56, 132
-0.993652, 25, 125, 56, 156
-0.993655, 321, 217, 352, 248
-0.993662, 433, 217, 464, 248
-0.993662, 33, 261, 160, 292
-0.993664, 17, 241, 48, 368
-0.993668, 209, 313, 240, 344
-0.993672, 1, 77, 128, 108
-0.993694, 69, 145, 100, 272
-0.993713, 133, 265, 148, 328
-0.993768, 373, 145, 388, 208
-0.993777, 225, 129, 256, 256
-0.99379, 113, 293, 240, 324
-0.993807, 101, 33, 132, 160
-0.993828, 245, 161, 276, 288
-0.993836, 71, 33, 86, 96
-0.99386, 5, 241, 36, 368
-0.993877, 29, 161, 44, 224
-0.993895, 177, 257, 304, 288
-0.993937, 273, 257, 400, 288
-0.993988, 349, 33, 380, 160
-0.994, 321, 241, 448, 272
-0.994024, 169, 161, 200, 288
-0.994033, 1, 297, 500, 360
-0.994089, 119, 249, 134, 312
-0.994129, 91, 81, 106, 144
-0.994218, 273, 25, 400, 56
-0.994222, 257, 57, 500, 120
-0.994232, 81, 217, 208, 248
-0.994238, 385, 1, 448, 375
-0.994258, 313, 153, 328, 216
-0.99426, 241, 165, 368, 196
-0.994282, 21, 161, 36, 224
-0.994287, 1, 1, 32, 128
-0.994304, 277, 153, 292, 216
-0.99432, 369, 49, 496, 112
-0.99433, 161, 293, 288, 324
-0.994379, 225, 149, 352, 180
-0.994406, 121, 1, 184, 375
-0.994407, 209, 329, 336, 360
-0.994421, 225, 245, 352, 276
-0.994446, 417, 65, 480, 192
-0.994471, 273, 137, 400, 168
-0.994474, 365, 153, 380, 216
-0.994474, 273, 37, 400, 68
-0.994482, 1, 41, 500, 104
-0.994492, 353, 89, 480, 152
-0.994503, 377, 49, 408, 176
-0.994506, 385, 177, 416, 304
-0.994514, 159, 249, 174, 312
-0.994571, 1, 169, 128, 200
-0.994575, 159, 209, 174, 272
-0.994577, 169, 1, 232, 375
-0.99458, 1, 33, 16, 96
-0.994596, 241, 5, 368, 36
-0.994609, 79, 25, 94, 88
-0.994609, 27, 49, 42, 112
-0.994618, 273, 177, 400, 208
-0.994619, 7, 33, 22, 96
-0.994625, 69, 57, 84, 120
-0.994625, 287, 145, 302, 208
-0.994632, 193, 265, 208, 328
-0.99464, 49, 245, 176, 276
-0.994675, 257, 33, 500, 96
-0.994695, 125, 257, 140, 320
-0.994717, 99, 249, 114, 312
-0.994721, 265, 97, 280, 160
-0.994737, 289, 65, 416, 96
-0.994776, 37, 73, 52, 136
-0.994784, 273, 245, 400, 276
-0.994807, 105, 249, 120, 312
-0.99481, 161, 277, 288, 308
-0.994817, 97, 245, 224, 276
-0.994818, 1, 57, 128, 88
-0.994852, 17, 73, 32, 136
-0.994864, 241, 309, 368, 340
-0.994872, 333, 145, 348, 208
-0.99488, 185, 265, 200, 328
-0.994885, 359, 161, 374, 224
-0.994891, 257, 329, 384, 360
-0.994906, 157, 145, 188, 272
-0.99491, 1, 157, 128, 188
-0.994911, 203, 273, 218, 336
-0.994956, 317, 129, 332, 192
-0.994982, 193, 201, 448, 264
-0.995037, 139, 281, 154, 344
-0.995055, 185, 113, 248, 240
-0.995079, 27, 105, 42, 168
-0.995091, 305, 145, 320, 208
-0.995097, 369, 241, 496, 272
-0.99511, 17, 49, 32, 112
-0.995111, 177, 317, 304, 348
-0.995125, 161, 25, 416, 88
-0.995126, 97, 225, 112, 288
-0.99514, 27, 81, 42, 144
-0.995141, 21, 129, 36, 192
-0.995143, 361, 193, 376, 256
-0.995157, 139, 257, 154, 320
-0.995191, 277, 97, 292, 160
-0.995195, 133, 241, 148, 304
-0.995206, 369, 225, 384, 288
-0.995207, 299, 153, 314, 216
-0.995212, 113, 305, 240, 336
-0.995223, 345, 177, 360, 240
-0.995231, 281, 129, 296, 192
-0.995239, 49, 129, 176, 192
-0.995246, 327, 145, 342, 208
-0.995296, 149, 241, 164, 304
-0.995305, 427, 241, 442, 304
-0.995319, 39, 169, 54, 232
-0.995332, 129, 129, 384, 192
-0.995333, 225, 81, 480, 144
-0.995336, 211, 281, 226, 344
-0.995338, 129, 229, 256, 260
-0.995344, 293, 257, 308, 320
-0.99537, 175, 209, 190, 272
-0.995378, 343, 137, 358, 200
-0.995382, 375, 241, 390, 304
-0.995383, 75, 65, 90, 128
-0.995387, 289, 269, 416, 300
-0.995396, 1, 161, 500, 224
-0.995417, 15, 153, 30, 216
-0.99542, 369, 193, 496, 256
-0.995441, 295, 89, 310, 152
-0.995443, 85, 81, 100, 144
-0.995444, 265, 297, 280, 360
-0.99547, 241, 297, 368, 328
-0.995471, 353, 253, 480, 284
-0.995492, 353, 217, 368, 280
-0.9955, 437, 217, 452, 280
-0.995503, 35, 49, 50, 112
-0.995516, 353, 277, 480, 308
-0.995531, 149, 265, 164, 328
-0.995533, 193, 169, 320, 200
-0.99554, 3, 145, 18, 208
-0.995544, 127, 281, 142, 344
-0.995554, 113, 249, 128, 312
-0.995555, 105, 289, 120, 352
-0.995561, 47, 161, 62, 224
-0.995568, 271, 97, 286, 160
-0.995585, 177, 49, 304, 112
-0.995587, 383, 225, 398, 288
-0.995597, 27, 209, 42, 272
-0.995633, 55, 57, 70, 120
-0.995639, 177, 33, 240, 288
-0.995647, 321, 149, 448, 180
-0.995648, 425, 217, 440, 280
-0.995653, 1, 17, 500, 80
-0.995662, 1, 265, 500, 328
-0.995683, 295, 33, 310, 96
-0.995696, 353, 265, 480, 296
-0.995709, 351, 33, 366, 96
-0.995712, 161, 305, 288, 336
-0.995723, 179, 265, 194, 328
-0.995735, 125, 233, 140, 296
-0.995739, 185, 289, 200, 352
-0.995748, 325, 249, 340, 312
-0.995749, 129, 153, 384, 216
-0.995762, 431, 217, 446, 280
-0.995774, 61, 49, 76, 112
-0.995779, 129, 105, 384, 168
-0.995784, 303, 241, 318, 304
-0.995789, 33, 297, 160, 328
-0.995791, 295, 9, 310, 72
-0.995793, 17, 229, 144, 260
-0.995797, 99, 273, 114, 336
-0.995802, 183, 225, 198, 288
-0.995802, 255, 297, 270, 360
-0.995804, 291, 121, 306, 184
-0.995806, 145, 105, 272, 168
-0.995818, 209, 273, 336, 304
-0.995821, 367, 129, 382, 192
-0.995839, 263, 241, 278, 304
-0.995871, 149, 177, 164, 240
-0.99588, 339, 161, 354, 224
-0.995882, 105, 185, 120, 248
-0.995894, 271, 145, 286, 208
-0.995895, 241, 117, 368, 148
-0.995917, 165, 249, 180, 312
-0.995918, 33, 153, 288, 216
-0.995919, 273, 281, 400, 312
-0.995921, 161, 1, 416, 64
-0.995933, 385, 249, 400, 312
-0.995934, 345, 225, 360, 288
-0.995936, 91, 105, 106, 168
-0.99594, 161, 273, 176, 336
-0.995947, 13, 121, 28, 184
-0.995962, 129, 265, 256, 296
-0.99597, 357, 137, 372, 200
-0.995973, 425, 241, 456, 368
-0.995979, 111, 281, 126, 344
-0.995998, 287, 89, 302, 152
-0.996004, 269, 241, 284, 304
-0.996015, 17, 201, 144, 232
-0.996046, 1, 113, 128, 144
-0.996047, 91, 225, 106, 288
-0.996057, 17, 281, 144, 312
-0.99606, 17, 97, 32, 160
-0.996061, 1, 113, 500, 176
-0.996062, 49, 57, 176, 88
-0.996067, 1, 89, 128, 120
-0.996072, 57, 273, 72, 336
-0.996072, 217, 273, 232, 336
-0.996082, 285, 9, 300, 72
-0.996085, 279, 1, 294, 64
-0.996088, 225, 257, 352, 288
-0.996092, 119, 273, 134, 336
-0.996112, 209, 181, 336, 212
-0.996117, 143, 177, 158, 240
-0.996127, 225, 25, 352, 56
-0.996131, 443, 217, 458, 280
-0.996134, 305, 169, 320, 232
-0.996138, 367, 201, 382, 264
-0.996144, 241, 101, 368, 132
-0.996145, 271, 297, 286, 360
-0.996173, 301, 17, 316, 80
-0.996184, 441, 161, 472, 288
-0.996188, 175, 241, 190, 304
-0.996194, 225, 137, 352, 168
-0.996203, 209, 33, 272, 160
-0.996224, 297, 1, 328, 256
-0.996226, 45, 265, 60, 328
-0.996228, 85, 25, 100, 88
-0.996259, 255, 241, 270, 304
-0.99626, 277, 313, 292, 375
-0.996264, 275, 121, 290, 184
-0.996266, 103, 313, 118, 375
-0.996268, 287, 257, 302, 320
-0.996271, 273, 233, 400, 264
-0.996277, 277, 1, 308, 256
-0.996277, 1, 41, 128, 72
-0.996282, 373, 121, 388, 184
-0.996285, 49, 73, 176, 104
-0.996286, 267, 121, 282, 184
-0.996287, 305, 121, 320, 184
-0.996307, 77, 33, 108, 288
-0.996338, 289, 5, 416, 36
-0.996346, 453, 177, 484, 304
-0.996349, 353, 217, 480, 248
-0.996375, 273, 85, 400, 116
-0.996386, 1, 217, 128, 248
-0.996404, 65, 81, 320, 144
-0.996476, 65, 189, 192, 220
-0.996478, 369, 169, 496, 232
-0.996494, 65, 205, 192, 236
-0.996524, 257, 17, 288, 144
-0.996529, 225, 49, 352, 80
-0.996531, 145, 197, 272, 228
-0.996545, 305, 325, 432, 356
-0.996552, 337, 161, 464, 192
-0.996554, 417, 1, 480, 256
-0.99659, 241, 341, 368, 372
-0.996602, 177, 153, 304, 184
-0.996623, 341, 129, 372, 375
-0.996626, 353, 129, 384, 375
-0.996638, 1, 249, 128, 280
-0.996672, 153, 33, 216, 288
-0.996693, 49, 165, 176, 196
-0.996695, 277, 97, 308, 352
-0.996745, 97, 129, 224, 192
-0.996753, 337, 289, 464, 320
-0.996787, 409, 1, 472, 375
-0.99682, 289, 97, 416, 128
-0.996823, 289, 297, 416, 328
-0.99683, 35, 77, 50, 108
-0.996832, 369, 229, 496, 260
-0.996844, 229, 177, 260, 304
-0.996855, 17, 145, 144, 176
-0.996888, 389, 81, 420, 208
-0.996896, 193, 341, 320, 372
-0.996903, 97, 57, 224, 120
-0.996906, 273, 217, 400, 248
-0.996935, 417, 113, 480, 240
-0.996936, 1, 181, 128, 212
-0.996938, 273, 49, 400, 80
-0.996947, 209, 129, 240, 256
-0.996949, 193, 1, 320, 32
-0.996965, 289, 129, 320, 375
-0.996971, 289, 189, 416, 220
-0.996973, 321, 45, 448, 76
-0.996977, 1, 101, 128, 132
-0.996994, 1, 185, 500, 248
-0.997001, 113, 181, 240, 212
-0.997016, 225, 233, 352, 264
-0.997019, 79, 49, 94, 80
-0.997023, 5, 1, 36, 256
-0.997046, 129, 217, 256, 248
-0.997052, 193, 13, 320, 44
-0.997061, 193, 105, 320, 136
-0.997092, 113, 317, 240, 348
-0.997102, 1, 129, 128, 160
-0.997114, 369, 25, 496, 88
-0.997119, 49, 309, 176, 340
-0.997124, 65, 1, 96, 256
-0.997192, 33, 33, 64, 288
-0.997197, 341, 161, 356, 192
-0.997224, 71, 41, 86, 72
-0.997233, 353, 133, 480, 164
-0.997266, 33, 105, 288, 168
-0.997289, 137, 289, 152, 320
-0.997308, 353, 5, 480, 36
-0.997319, 65, 177, 192, 208
-0.99734, 65, 321, 192, 352
-0.997348, 225, 285, 352, 316
-0.997353, 31, 161, 46, 192
-0.997404, 363, 161, 378, 192
-0.99741, 331, 153, 346, 184
-0.997412, 353, 165, 368, 196
-0.997443, 353, 61, 480, 92
-0.997445, 45, 177, 60, 208
-0.997445, 305, 129, 336, 375
-0.997448, 225, 221, 352, 252
-0.99746, 283, 157, 298, 188
-0.997461, 365, 129, 396, 375
-0.997477, 367, 229, 382, 260
-0.997486, 353, 21, 480, 52
-0.997491, 323, 149, 338, 180
-0.997493, 21, 1, 52, 256
-0.997497, 329, 129, 360, 375
-0.99751, 25, 129, 56, 375
-0.997513, 321, 173, 448, 204
-0.997525, 63, 57, 78, 88
-0.997528, 265, 65, 296, 320
-0.997546, 39, 161, 54, 192
-0.997569, 161, 49, 416, 112
-0.997571, 21, 157, 36, 188
-0.997577, 139, 269, 154, 300
-0.997584, 193, 37, 320, 68
-0.997586, 71, 69, 86, 100
-0.997587, 53, 97, 84, 352
-0.997589, 303, 169, 318, 200
-0.99759, 161, 181, 288, 212
-0.997591, 353, 205, 480, 236
-0.997599, 297, 157, 312, 188
-0.997614, 313, 157, 328, 188
-0.997629, 433, 1, 496, 375
-0.99763, 305, 337, 432, 368
-0.997641, 309, 1, 340, 256
-0.997645, 1, 97, 32, 352
-0.997646, 97, 1, 224, 128
-0.997653, 1, 217, 500, 280
-0.997655, 177, 141, 304, 172
-0.997661, 353, 33, 480, 64
-0.997665, 341, 173, 356, 204
-0.997677, 37, 89, 52, 120
-0.997679, 77, 129, 108, 375
-0.99768, 131, 277, 146, 308
-0.997694, 161, 329, 288, 360
-0.997704, 265, 105, 280, 136
-0.997709, 89, 33, 120, 288
-0.997714, 87, 45, 102, 76
-0.997714, 131, 265, 146, 296
-0.997715, 69, 53, 84, 84
-0.997718, 1, 41, 16, 72
-0.997719, 33, 57, 288, 120
-0.99772, 85, 57, 100, 88
-0.997721, 91, 113, 106, 144
-0.997726, 91, 61, 106, 92
-0.997729, 17, 113, 32, 144
-0.997734, 173, 209, 188, 240
-0.997738, 193, 117, 320, 148
-0.997742, 93, 129, 108, 160
-0.997744, 267, 249, 282, 280
-0.997747, 369, 161, 384, 192
-0.997749, 125, 261, 140, 292
-0.99776, 33, 65, 48, 96
-0.997786, 159, 213, 174, 244
-0.997788, 145, 265, 160, 296
-0.997799, 355, 221, 370, 252
-0.997825, 109, 253, 124, 284
-0.997826, 27, 85, 42, 116
-0.997827, 157, 129, 188, 375
-0.997829, 37, 129, 68, 375
-0.997829, 27, 117, 42, 148
-0.997843, 277, 157, 292, 188
-0.997845, 349, 33, 380, 288
-0.997856, 225, 77, 352, 108
-0.997857, 373, 145, 388, 176
-0.997859, 261, 245, 276, 276
-0.997871, 27, 69, 42, 100
-0.997879, 289, 153, 304, 184
-0.997884, 103, 265, 118, 296
-0.997892, 145, 1, 208, 375
-0.997898, 317, 129, 348, 375
-0.997899, 427, 253, 442, 284
-0.997903, 65, 9, 320, 72
-0.997907, 45, 165, 60, 196
-0.997908, 101, 129, 132, 375
-0.99791, 25, 57, 40, 88
-0.997912, 95, 245, 110, 276
-0.997917, 93, 49, 108, 80
-0.997917, 27, 105, 42, 136
-0.997919, 57, 273, 72, 304
-0.997919, 273, 105, 288, 136
-0.99792, 203, 273, 218, 304
-0.997925, 117, 129, 148, 375
-0.997925, 79, 101, 94, 132
-0.997927, 1, 161, 16, 192
-0.997932, 155, 269, 170, 300
-0.997933, 353, 113, 480, 144
-0.997938, 197, 289, 212, 320
-0.99794, 21, 173, 36, 204
-0.99794, 289, 109, 416, 140
-0.997946, 7, 41, 22, 72
-0.997954, 31, 173, 46, 204
-0.997956, 43, 89, 58, 120
-0.997958, 297, 169, 312, 200
-0.997969, 245, 261, 276, 276
-0.997973, 177, 299, 208, 314
-0.997974, 305, 309, 432, 340
-0.997975, 25, 325, 40, 356
-0.997977, 253, 301, 284, 316
-0.997977, 129, 129, 160, 375
-0.997977, 307, 157, 322, 188
-0.997981, 181, 291, 212, 306
-0.997982, 249, 247, 280, 262
-0.997983, 277, 1, 292, 32
-0.997984, 347, 165, 362, 196
-0.997986, 375, 157, 390, 188
-0.997993, 353, 29, 384, 44
-0.997993, 289, 125, 416, 156
-0.997995, 225, 251, 256, 266
-0.997997, 321, 85, 448, 116
-0.997998, 309, 177, 324, 208
-0.998, 317, 145, 332, 176
-0.998002, 357, 145, 388, 160
-0.998005, 201, 1, 264, 256
-0.998005, 331, 141, 346, 172
-0.998006, 77, 37, 92, 68
-0.998007, 157, 219, 188, 234
-0.998009, 37, 173, 52, 204
-0.998011, 157, 235, 188, 250
-0.998013, 209, 193, 336, 224
-0.998013, 141, 185, 172, 200
-0.998014, 195, 269, 210, 300
-0.998015, 193, 273, 224, 288
-0.998017, 329, 253, 344, 284
-0.998023, 277, 257, 292, 288
-0.998023, 27, 209, 42, 240
-0.99803, 189, 285, 204, 316
-0.998035, 131, 297, 146, 328
-0.998035, 161, 73, 288, 136
-0.998036, 177, 25, 304, 56
-0.99804, 113, 113, 144, 240
-0.99804, 279, 137, 294, 168
-0.998041, 305, 17, 320, 48
-0.998044, 141, 205, 172, 220
-0.998044, 57, 65, 72, 96
-0.998045, 273, 23, 304, 38
-0.998047, 147, 277, 162, 308
-0.998047, 289, 165, 304, 196
-0.998049, 179, 289, 194, 320
-0.998051, 223, 193, 238, 224
-0.998051, 53, 1, 84, 256
-0.998054, 291, 13, 306, 44
-0.998055, 387, 225, 402, 256
-0.998056, 345, 229, 360, 260
-0.998061, 165, 269, 196, 284
-0.998071, 255, 245, 270, 276
-0.998073, 51, 169, 66, 200
-0.998076, 33, 45, 48, 76
-0.998078, 157, 257, 172, 288
-0.99808, 81, 93, 112, 108
-0.99808, 85, 261, 116, 276
-0.998085, 273, 101, 304, 116
-0.998089, 171, 289, 186, 320
-0.998089, 13, 87, 44, 102
-0.998091, 165, 227, 196, 242
-0.998091, 163, 273, 178, 304
-0.998091, 199, 301, 214, 332
-0.998093, 157, 241, 172, 272
-0.998094, 77, 87, 108, 102
-0.998094, 173, 221, 188, 252
-0.998097, 91, 73, 106, 104
-0.998097, 307, 41, 322, 72
-0.998099, 189, 265, 204, 296
-0.998105, 305, 205, 432, 236
-0.998105, 119, 273, 134, 304
-0.998106, 95, 257, 110, 288
-0.998109, 7, 161, 22, 192
-0.998109, 189, 303, 220, 318
-0.99811, 73, 243, 104, 258
-0.998112, 177, 129, 304, 160
-0.99812, 349, 177, 364, 208
-0.99812, 381, 129, 412, 375
-0.998123, 289, 35, 320, 50
-0.998123, 157, 229, 172, 260
-0.998126, 165, 285, 180, 316
-0.998127, 285, 101, 300, 132
-0.998129, 257, 259, 288, 274
-0.998129, 277, 17, 308, 32
-0.998133, 145, 169, 272, 200
-0.998135, 5, 125, 36, 140
-0.998136, 299, 17, 314, 48
-0.998137, 241, 245, 256, 276
-0.998143, 15, 157, 30, 188
-0.998151, 329, 171, 360, 186
-0.998153, 93, 89, 108, 120
-0.998155, 13, 169, 44, 184
-0.998155, 73, 105, 104, 120
-0.998157, 105, 291, 136, 306
-0.99816, 49, 85, 176, 116
-0.998163, 401, 65, 432, 192
-0.998164, 289, 27, 320, 42
-0.998167, 65, 79, 96, 94
-0.998167, 53, 169, 84, 184
-0.998168, 69, 81, 84, 112
-0.998171, 169, 269, 184, 300
-0.998176, 13, 129, 44, 375
-0.998179, 149, 261, 180, 276
-0.998189, 277, 29, 308, 44
-0.99819, 15, 177, 30, 208
-0.998191, 333, 25, 364, 40
-0.998198, 163, 261, 178, 292
-0.998198, 125, 289, 156, 304
-0.998199, 423, 225, 438, 256
-0.9982, 73, 99, 104, 114
-0.998202, 169, 245, 184, 276
-0.998205, 275, 325, 290, 356
-0.998209, 41, 69, 72, 84
-0.998211, 61, 47, 92, 62
-0.998211, 249, 245, 264, 276
-0.998213, 431, 225, 446, 256
-0.998213, 295, 37, 310, 68
-0.998215, 287, 25, 302, 56
-0.998216, 37, 109, 52, 140
-0.998216, 105, 259, 136, 274
-0.998222, 89, 129, 120, 375
-0.998226, 309, 71, 340, 86
-0.998231, 81, 129, 112, 144
-0.998237, 261, 251, 292, 266
-0.99824, 361, 231, 392, 246
-0.998246, 201, 129, 232, 375
-0.998249, 1, 45, 32, 60
-0.998252, 253, 65, 284, 320
-0.998256, 177, 223, 208, 238
-0.998262, 105, 189, 136, 204
-0.998264, 217, 129, 248, 375
-0.998266, 79, 33, 94, 160
-0.998266, 305, 161, 336, 176
-0.998272, 201, 287, 232, 302
-0.998273, 17, 71, 48, 86
-0.998278, 373, 33, 404, 288
-0.998298, 325, 165, 356, 180
-0.998304, 273, 139, 304, 154
-0.998324, 153, 227, 184, 242
-0.998327, 9, 177, 40, 192
-0.998329, 169, 293, 200, 308
-0.998329, 181, 237, 212, 252
-0.998331, 333, 183, 364, 198
-0.998331, 125, 295, 156, 310
-0.998336, 301, 41, 332, 56
-0.998342, 141, 129, 172, 375
-0.998343, 37, 179, 68, 194
-0.998345, 273, 1, 304, 16
-0.998356, 361, 33, 392, 288
-0.998362, 49, 65, 112, 80
-0.998367, 293, 261, 324, 276
-0.998368, 1, 165, 32, 180
-0.998373, 329, 65, 360, 80
-0.998373, 33, 97, 64, 112
-0.998377, 137, 277, 168, 292
-0.998385, 81, 117, 112, 132
-0.998386, 37, 61, 68, 76
-0.998388, 289, 155, 352, 170
-0.998389, 89, 247, 120, 262
-0.998397, 289, 181, 320, 196
-0.998408, 291, 1, 306, 128
-0.998411, 57, 71, 120, 86
-0.998413, 273, 263, 304, 278
-0.998418, 49, 59, 112, 74
-0.998423, 41, 85, 104, 100
-0.998424, 57, 79, 120, 94
-0.998429, 57, 69, 88, 84
-0.998431, 337, 229, 400, 244
-0.998432, 113, 283, 176, 298
-0.998433, 33, 71, 96, 86
-0.998435, 1, 167, 64, 182
-0.99844, 381, 227, 412, 242
-0.998441, 33, 79, 64, 94
-0.998444, 333, 1, 364, 256
-0.998449, 265, 7, 328, 22
-0.998449, 153, 225, 216, 240
-0.998454, 129, 213, 192, 228
-0.998454, 273, 151, 304, 166
-0.998456, 265, 147, 328, 162
-0.998456, 329, 163, 392, 178
-0.998459, 329, 245, 392, 260
-0.99846, 161, 269, 224, 284
-0.998462, 301, 179, 332, 194
-0.998463, 297, 163, 360, 178
-0.998463, 33, 91, 96, 106
-0.998464, 261, 107, 292, 122
-0.998465, 177, 291, 240, 306
-0.998467, 9, 173, 72, 188
-0.99847, 97, 293, 160, 308
-0.998471, 33, 173, 96, 188
-0.998471, 329, 147, 392, 162
-0.998472, 329, 177, 392, 192
-0.998473, 121, 267, 184, 282
-0.998474, 9, 161, 72, 176
-0.998475, 265, 1, 328, 16
-0.998476, 273, 161, 336, 176
-0.998476, 289, 153, 320, 168
-0.998477, 257, 107, 320, 122
-0.998479, 129, 289, 192, 304
-0.99848, 9, 91, 72, 106
-0.998482, 273, 145, 304, 160
-0.998483, 17, 65, 80, 80
-0.998485, 81, 263, 144, 278
-0.998486, 225, 249, 288, 264
-0.998486, 321, 65, 384, 80
-0.998487, 401, 145, 432, 272
-0.998488, 137, 297, 200, 312
-0.998491, 201, 297, 264, 312
-0.998493, 329, 235, 392, 250
-0.998494, 369, 227, 432, 242
-0.998497, 233, 261, 296, 276
-0.998498, 153, 239, 216, 254
-0.998499, 145, 231, 208, 246
-0.998501, 265, 13, 328, 28
-0.998501, 89, 283, 152, 298
-0.998503, 13, 117, 44, 132
-0.998503, 25, 59, 88, 74
-0.998503, 25, 91, 56, 106
-0.998504, 369, 233, 432, 248
-0.998504, 9, 179, 72, 194
-0.998505, 281, 249, 344, 264
-0.998506, 161, 279, 224, 294
-0.998507, 157, 287, 188, 302
-0.998507, 125, 279, 156, 294
-0.998509, 73, 61, 136, 76
-0.998509, 133, 269, 164, 284
-0.998509, 265, 141, 328, 156
-0.99851, 369, 241, 432, 256
-0.99851, 329, 251, 392, 266
-0.998511, 273, 157, 304, 172
-0.998513, 9, 123, 72, 138
-0.998513, 153, 291, 216, 306
-0.998513, 9, 117, 72, 132
-0.998514, 265, 259, 328, 274
-0.998514, 249, 113, 312, 128
-0.998514, 33, 79, 96, 94
-0.998515, 113, 253, 176, 268
-0.998515, 33, 53, 96, 68
-0.998516, 57, 53, 120, 68
-0.998516, 9, 99, 72, 114
-0.998516, 17, 61, 48, 76
-0.998516, 329, 331, 392, 346
-0.998517, 73, 111, 104, 126
-0.998517, 97, 305, 160, 320
-0.998518, 353, 161, 416, 176
-0.998519, 305, 169, 368, 184
-0.99852, 101, 1, 132, 256
-0.99852, 49, 101, 112, 116
-0.99852, 81, 237, 144, 252
-0.998521, 313, 155, 376, 170
-0.998523, 265, 155, 328, 170
-0.998524, 145, 219, 208, 234
-0.998525, 241, 255, 304, 270
-0.998525, 65, 97, 96, 352
-0.998526, 49, 183, 112, 198
-0.998526, 169, 245, 232, 260
-0.998527, 57, 249, 120, 264
-0.998527, 337, 59, 400, 74
-0.998528, 337, 297, 400, 312
-0.998529, 313, 225, 376, 240
-0.998529, 57, 107, 120, 122
-0.998529, 97, 275, 160, 290
-0.998529, 329, 171, 392, 186
-0.998529, 153, 259, 216, 274
-0.99853, 113, 261, 176, 276
-0.998531, 129, 205, 192, 220
-0.998533, 153, 213, 216, 228
-0.998533, 225, 331, 288, 346
-0.998533, 305, 29, 368, 44
-0.998533, 373, 237, 404, 252
-0.998535, 121, 277, 184, 292
-0.998536, 25, 117, 56, 132
-0.998537, 161, 261, 192, 276
-0.998537, 337, 153, 400, 168
-0.998537, 9, 75, 72, 90
-0.998538, 265, 29, 328, 44
-0.998539, 305, 177, 368, 192
-0.998539, 33, 123, 96, 138
-0.998539, 49, 277, 112, 292
-0.99854, 169, 285, 232, 300
-0.99854, 355, 145, 370, 272
-0.99854, 113, 229, 176, 244
-0.998541, 409, 229, 472, 244
-0.998541, 137, 247, 200, 262
-0.998541, 17, 209, 80, 224
-0.998542, 409, 237, 472, 252
-0.998542, 89, 299, 152, 314
-0.998542, 265, 329, 328, 344
-0.998543, 289, 17, 352, 32
-0.998543, 81, 257, 144, 272
-0.998545, 33, 117, 96, 132
-0.998546, 281, 39, 344, 54
-0.998546, 17, 85, 80, 100
-0.998546, 37, 65, 52, 192
-0.998546, 1, 57, 64, 72
-0.998546, 249, 299, 312, 314
-0.998546, 329, 29, 392, 44
-0.998547, 89, 269, 152, 284
-0.998548, 321, 33, 352, 288
-0.998548, 49, 287, 112, 302
-0.998549, 289, 97, 352, 112
-0.99855, 273, 185, 336, 200
-0.99855, 121, 237, 184, 252
-0.99855, 17, 111, 80, 126
-0.998551, 137, 283, 200, 298
-0.998551, 33, 41, 96, 56
-0.998551, 185, 271, 248, 286
-0.998553, 33, 165, 96, 180
-0.998553, 57, 93, 120, 108
-0.998555, 233, 325, 296, 340
-0.998555, 377, 281, 440, 296
-0.998555, 25, 203, 88, 218
-0.998555, 329, 303, 392, 318
-0.998556, 297, 241, 360, 256
-0.998556, 77, 81, 108, 96
-0.998557, 89, 193, 152, 208
-0.998557, 369, 261, 432, 276
-0.998559, 353, 173, 384, 188
-0.99856, 177, 269, 208, 284
-0.998572, 85, 33, 100, 160
-0.998593, 347, 161, 362, 288
-0.998594, 169, 129, 200, 375
-0.998595, 269, 257, 300, 272
-0.99861, 273, 11, 304, 26
-0.998624, 279, 81, 294, 208
-0.998627, 21, 79, 52, 94
-0.998641, 17, 49, 32, 176
-0.998651, 425, 265, 456, 280
-0.998655, 145, 283, 176, 298
-0.998671, 145, 129, 272, 192
-0.998672, 297, 1, 312, 128
-0.998682, 367, 145, 382, 272
-0.998683, 371, 193, 386, 320
-0.998692, 21, 179, 52, 194
-0.998696, 17, 163, 48, 178
-0.998698, 145, 267, 176, 282
-0.9987, 283, 1, 298, 128
-0.998731, 199, 241, 214, 368
-0.998738, 335, 145, 350, 272
-0.998738, 37, 173, 68, 188
-0.998755, 17, 123, 48, 138
-0.998767, 1, 51, 32, 66
-0.998773, 77, 69, 108, 84
-0.998774, 337, 165, 368, 180
-0.998774, 377, 145, 392, 272
-0.998786, 167, 193, 182, 320
-0.998794, 173, 193, 188, 320
-0.998803, 361, 161, 392, 176
-0.998815, 137, 97, 168, 224
-0.99882, 289, 159, 320, 174
-0.998822, 315, 241, 330, 368
-0.998824, 27, 49, 42, 176
-0.998826, 361, 145, 376, 272
-0.99883, 397, 97, 428, 352
-0.998845, 17, 51, 48, 66
-0.998863, 425, 145, 456, 272
-0.998865, 159, 177, 174, 304
-0.998871, 361, 193, 376, 320
-0.998881, 377, 225, 392, 352
-0.998891, 289, 169, 320, 184
-0.998895, 21, 113, 36, 240
-0.998896, 289, 175, 320, 190
-0.998906, 385, 209, 400, 336
-0.998907, 67, 33, 82, 160
-0.998922, 73, 33, 88, 160
-0.998923, 57, 63, 88, 78
-0.998931, 109, 241, 124, 368
-0.998933, 5, 159, 36, 174
-0.998933, 275, 129, 290, 256
-0.998935, 325, 241, 340, 368
-0.998936, 27, 97, 42, 224
-0.998937, 143, 241, 158, 368
-0.998955, 425, 129, 456, 375
-0.998965, 293, 81, 308, 208
-0.998967, 307, 33, 322, 160
-0.99897, 147, 193, 162, 320
-0.998971, 91, 49, 106, 176
-0.998971, 283, 145, 298, 272
-0.998973, 179, 209, 194, 336
-0.998997, 355, 209, 370, 336
-0.999003, 193, 241, 208, 368
-0.999006, 273, 81, 288, 208
-0.999008, 119, 225, 134, 352
-0.999014, 331, 241, 346, 368
-0.999016, 341, 175, 372, 190
-0.999021, 109, 285, 140, 300
-0.999022, 47, 177, 62, 304
-0.999023, 349, 165, 380, 180
-0.999025, 281, 241, 296, 368
-0.999029, 77, 75, 108, 90
-0.999036, 385, 33, 416, 288
-0.999044, 1, 129, 256, 192
-0.999055, 73, 43, 104, 58
-0.999056, 229, 129, 260, 375
-0.999056, 345, 209, 360, 336
-0.999069, 315, 1, 330, 128
-0.999072, 27, 193, 42, 320
-0.99909, 65, 53, 96, 68
-0.999093, 153, 209, 168, 336
-0.999093, 137, 241, 152, 368
-0.999095, 189, 129, 220, 375
-0.9991, 299, 81, 314, 208
-0.999103, 277, 1, 292, 128
-0.999108, 285, 97, 300, 224
-0.99911, 313, 145, 328, 272
-0.999114, 53, 177, 68, 304
-0.999126, 125, 33, 156, 288
-0.999134, 13, 93, 44, 108
-0.999141, 131, 225, 146, 352
-0.999146, 339, 225, 354, 352
-0.99915, 43, 81, 58, 208
-0.999154, 99, 225, 114, 352
-0.999155, 289, 145, 304, 272
-0.999157, 35, 113, 50, 240
-0.999159, 349, 227, 380, 242
-0.99916, 39, 177, 54, 304
-0.999167, 185, 209, 200, 336
-0.999178, 295, 241, 310, 368
-0.999205, 329, 145, 344, 272
-0.999205, 303, 225, 318, 352
-0.999218, 29, 165, 60, 180
-0.999224, 305, 81, 320, 208
-0.999224, 341, 113, 356, 240
-0.999236, 173, 241, 188, 368
-0.999237, 269, 241, 284, 368
-0.999257, 47, 225, 62, 352
-0.999261, 351, 1, 366, 128
-0.999271, 53, 49, 68, 176
-0.999275, 109, 161, 124, 288
-0.999276, 205, 241, 220, 368
-0.999283, 445, 129, 476, 375
-0.999285, 349, 113, 364, 240
-0.999289, 25, 85, 56, 100
-0.999299, 161, 225, 176, 352
-0.999301, 341, 161, 356, 288
-0.999306, 25, 173, 56, 188
-0.999314, 1, 33, 256, 96
-0.999318, 1, 49, 16, 176
-0.999323, 41, 129, 56, 256
-0.99933, 307, 161, 322, 288
-0.999344, 297, 145, 312, 272
-0.999347, 265, 97, 280, 224
-0.999358, 309, 241, 324, 368
-0.999358, 95, 113, 110, 240
-0.999362, 77, 55, 108, 70
-0.999363, 377, 1, 408, 128
-0.999381, 425, 193, 440, 320
-0.999386, 87, 113, 102, 240
-0.999408, 53, 225, 68, 352
-0.999408, 329, 81, 344, 208
-0.999412, 113, 1, 144, 256
-0.999413, 141, 161, 156, 288
-0.999419, 15, 113, 30, 240
-0.99942, 373, 1, 388, 128
-0.999426, 437, 209, 452, 336
-0.999438, 77, 97, 92, 224
-0.999451, 275, 241, 290, 368
-0.999458, 145, 33, 176, 288
-0.999461, 49, 129, 64, 256
-0.999463, 289, 241, 304, 368
-0.999464, 119, 177, 134, 304
-0.999473, 153, 161, 168, 288
-0.999477, 61, 33, 76, 160
-0.999486, 91, 209, 106, 336
-0.999499, 383, 97, 398, 224
-0.999502, 29, 145, 44, 272
-0.999504, 397, 1, 428, 256
-0.99951, 447, 209, 462, 336
-0.999515, 261, 161, 276, 288
-0.99952, 409, 129, 440, 375
-0.999539, 157, 213, 188, 228
-0.99954, 269, 145, 284, 272
-0.999543, 319, 193, 334, 320
-0.999552, 319, 113, 334, 240
-0.99958, 257, 209, 272, 336
-0.999581, 135, 177, 150, 304
-0.999588, 323, 65, 338, 192
-0.999597, 99, 177, 114, 304
-0.999598, 241, 97, 272, 352
-0.999599, 375, 65, 390, 192
-0.999604, 33, 193, 48, 320
-0.999609, 7, 49, 22, 176
-0.999624, 125, 209, 140, 336
-0.999633, 125, 161, 140, 288
-0.999635, 81, 109, 96, 124
-0.999635, 187, 299, 202, 314
-0.999635, 435, 251, 450, 266
-0.999635, 27, 83, 42, 98
-0.999635, 5, 161, 20, 176
-0.999636, 315, 37, 330, 52
-0.999636, 175, 241, 190, 256
-0.999637, 283, 109, 298, 124
-0.999637, 291, 261, 306, 276
-0.999637, 171, 261, 186, 276
-0.999637, 17, 127, 32, 142
-0.999637, 27, 107, 42, 122
-0.999637, 257, 303, 272, 318
-0.999637, 225, 291, 240, 306
-0.999638, 265, 107, 280, 122
-0.999638, 199, 271, 214, 286
-0.999638, 427, 263, 442, 278
-0.999639, 79, 87, 94, 102
-0.99964, 17, 117, 32, 132
-0.99964, 81, 101, 96, 116
-0.999641, 57, 73, 72, 88
-0.999641, 165, 289, 180, 304
-0.999642, 51, 173, 66, 188
-0.999642, 431, 193, 446, 320
-0.999643, 157, 219, 172, 234
-0.999643, 293, 49, 308, 64
-0.999644, 139, 299, 154, 314
-0.999645, 215, 281, 230, 296
-0.999645, 333, 67, 348, 82
-0.999646, 291, 33, 306, 48
-0.999646, 91, 111, 106, 126
-0.999646, 93, 67, 108, 82
-0.999646, 27, 69, 42, 84
-0.999646, 63, 59, 78, 74
-0.999647, 129, 265, 144, 280
-0.999647, 37, 163, 52, 178
-0.999647, 71, 69, 86, 84
-0.999647, 241, 1, 272, 256
-0.999647, 53, 265, 68, 280
-0.999648, 299, 161, 314, 176
-0.999648, 279, 3, 294, 18
-0.999648, 17, 159, 32, 174
-0.999649, 27, 75, 42, 90
-0.999649, 91, 89, 106, 104
-0.999649, 159, 261, 174, 276
-0.99965, 9, 49, 24, 64
-0.99965, 177, 295, 192, 310
-0.99965, 289, 27, 304, 42
-0.99965, 281, 253, 296, 268
-0.999651, 59, 275, 74, 290
-0.999651, 291, 159, 306, 174
-0.999651, 69, 63, 84, 78
-0.999652, 295, 169, 310, 184
-0.999652, 27, 115, 42, 130
-0.999652, 59, 67, 74, 82
-0.999653, 373, 161, 388, 176
-0.999653, 205, 275, 220, 290
-0.999653, 223, 195, 238, 210
-0.999654, 93, 261, 108, 276
-0.999654, 107, 189, 122, 204
-0.999654, 287, 167, 302, 182
-0.999654, 43, 89, 58, 104
-0.999654, 35, 59, 50, 74
-0.999654, 279, 23, 294, 38
-0.999656, 303, 173, 318, 188
-0.999656, 373, 145, 388, 160
-0.999659, 51, 63, 66, 78
-0.999659, 263, 225, 278, 352
-0.999661, 35, 95, 50, 110
-0.999662, 25, 161, 40, 176
-0.999663, 37, 177, 52, 192
-0.999663, 91, 75, 106, 90
-0.999663, 31, 169, 46, 184
-0.999664, 295, 175, 310, 190
-0.999665, 35, 117, 50, 132
-0.999665, 25, 329, 40, 344
-0.999666, 43, 179, 58, 194
-0.999666, 323, 151, 338, 166
-0.999666, 193, 269, 208, 284
-0.999667, 367, 161, 382, 176
-0.999667, 223, 161, 238, 288
-0.999667, 15, 53, 30, 68
-0.999668, 33, 47, 48, 62
-0.999668, 119, 283, 134, 298
-0.999668, 33, 69, 48, 84
-0.999668, 305, 161, 320, 176
-0.999669, 305, 167, 320, 182
-0.999669, 91, 129, 106, 144
-0.99967, 129, 297, 144, 312
-0.99967, 167, 241, 182, 368
-0.999671, 331, 153, 346, 168
-0.999672, 73, 57, 88, 72
-0.999673, 331, 255, 346, 270
-0.999674, 211, 241, 226, 368
-0.999675, 159, 255, 174, 270
-0.999676, 1, 113, 16, 240
-0.999676, 23, 177, 38, 192
-0.999677, 365, 229, 380, 244
-0.999678, 19, 95, 34, 110
-0.999679, 457, 225, 488, 352
-0.999679, 343, 183, 358, 198
-0.99968, 71, 45, 86, 60
-0.999682, 93, 117, 108, 132
-0.999683, 19, 167, 34, 182
-0.999684, 27, 1, 42, 128
-0.999686, 71, 97, 86, 224
-0.999686, 9, 113, 24, 240
-0.999687, 173, 213, 188, 228
-0.999688, 27, 121, 42, 136
-0.999688, 5, 43, 20, 58
-0.999688, 165, 261, 180, 276
-0.999689, 31, 163, 46, 178
-0.99969, 91, 61, 106, 76
-0.99969, 315, 155, 330, 170
-0.999691, 89, 53, 104, 68
-0.999692, 27, 57, 42, 72
-0.999693, 83, 95, 98, 110
-0.999694, 229, 161, 244, 288
-0.999695, 85, 59, 100, 74
-0.999695, 37, 87, 52, 102
-0.999695, 33, 75, 48, 90
-0.999696, 305, 179, 320, 194
-0.999697, 43, 165, 58, 180
-0.999698, 139, 293, 154, 308
-0.999699, 361, 163, 376, 178
-0.999699, 345, 177, 360, 192
-0.999701, 281, 159, 296, 174
-0.999701, 325, 193, 340, 320
-0.999702, 251, 177, 266, 304
-0.999703, 159, 213, 174, 228
-0.999704, 93, 123, 108, 138
-0.999708, 313, 193, 328, 320
-0.999708, 27, 91, 42, 106
-0.999713, 353, 167, 368, 182
-0.999714, 73, 51, 88, 66
-0.999717, 343, 171, 358, 186
-0.999719, 85, 47, 100, 62
-0.99972, 41, 171, 56, 186
-0.999723, 31, 175, 46, 190
-0.999726, 79, 41, 94, 56
-0.999728, 353, 225, 368, 240
-0.999734, 79, 47, 94, 62
-0.999747, 343, 165, 358, 180
-0.999748, 401, 241, 432, 368
-0.999749, 35, 81, 50, 96
-0.999753, 205, 33, 236, 288
-0.999772, 409, 33, 440, 288
-0.999777, 229, 33, 260, 288
-0.999784, 79, 55, 94, 70
-0.999792, 157, 33, 188, 288
-0.999803, 77, 63, 108, 78
-0.999824, 457, 129, 488, 375
-0.999854, 193, 33, 224, 288
-0.999857, 241, 81, 272, 208
-0.999866, 317, 153, 348, 168
-0.99987, 433, 33, 464, 288
-0.999878, 421, 33, 452, 288
-1.00002, 413, 145, 444, 272
-1.00003, 217, 33, 248, 288
-1.00004, 121, 49, 184, 176
-1.00006, 449, 1, 480, 256
-1.00017, 469, 129, 500, 375
-1.00022, 461, 1, 492, 256
-1.00025, 169, 1, 200, 256
-1.00031, 181, 33, 212, 288
-1.00044, 97, 81, 224, 144
-1.00062, 389, 129, 420, 256
-1.00071, 125, 97, 156, 224
-1.00087, 469, 209, 500, 336
-1.00088, 177, 49, 240, 176
-1.00102, 197, 129, 228, 256
-1.00139, 97, 33, 224, 96
-1.00139, 137, 1, 200, 128
-1.00148, 89, 1, 120, 128
-1.00173, 1, 1, 128, 64
-1.00321, 81, 9, 208, 72
-1.00354, 161, 1, 224, 128
-1.00361, 185, 1, 248, 128
-1.0048, 145, 49, 208, 176
-1.00649, 129, 9, 256, 72
