1977
-0.238336, 1, 1, 500, 375
-0.28032, 1, 1, 500, 256
-0.310234, 65, 1, 320, 375
-0.316941, 1, 129, 500, 375
-0.398296, 257, 1, 500, 375
-0.462853, 161, 1, 416, 375
-0.509295, 33, 1, 288, 256
-0.534555, 257, 97, 500, 352
-0.580997, 129, 129, 384, 375
-0.590637, 33, 129, 288, 375
-0.637535, 193, 1, 448, 256
-0.827209, 209, 1, 336, 375
-0.838988, 257, 1, 384, 375
-0.84055, 113, 129, 240, 375
-0.840607, 209, 129, 336, 375
-0.843883, 97, 1, 224, 375
-0.848945, 65, 129, 192, 375
-0.849979, 209, 1, 336, 256
-0.85553, 161, 1, 288, 375
-0.85951, 49, 1, 176, 375
-0.861417, 1, 161, 500, 288
-0.861644, 257, 1, 384, 256
-0.861752, 289, 129, 416, 375
-0.865037, 353, 129, 480, 375
-0.866621, 145, 1, 272, 256
-0.868868, 353, 1, 480, 375
-0.871733, 49, 1, 176, 256
-0.872971, 1, 1, 500, 128
-0.874083, 161, 129, 288, 375
-0.877765, 1, 209, 500, 336
-0.878481, 321, 1, 448, 256
-0.879445, 1, 49, 500, 176
-0.88078, 1, 97, 500, 224
-0.883137, 17, 129, 144, 375
-0.886659, 97, 1, 224, 256
-0.887231, 305, 1, 432, 375
-0.89113, 33, 193, 288, 320
-0.892392, 1, 145, 256, 272
-0.899941, 129, 145, 384, 272
-0.902429, 33, 97, 288, 224
-0.903148, 369, 33, 496, 288
-0.904105, 129, 241, 384, 368
-0.910197, 129, 145, 256, 272
-0.914175, 1, 33, 128, 288
-0.914315, 33, 1, 288, 128
-0.915193, 33, 241, 288, 368
-0.916879, 225, 17, 480, 144
-0.917218, 225, 161, 480, 288
-0.917632, 193, 145, 320, 272
-0.917908, 81, 161, 208, 288
-0.918451, 257, 209, 500, 336
-0.920067, 49, 209, 176, 336
-0.92037, 17, 145, 144, 272
-0.921448, 1, 1, 128, 375
-0.92264, 289, 193, 416, 320
-0.92567, 105, 177, 168, 304
-0.927853, 193, 65, 448, 192
-0.927894, 369, 129, 496, 256
-0.927967, 65, 49, 320, 176
-0.928203, 97, 209, 224, 336
-0.930619, 129, 145, 192, 272
-0.930779, 281, 161, 344, 288
-0.931388, 49, 97, 176, 224
-0.932275, 129, 193, 384, 320
-0.933762, 233, 145, 296, 272
-0.935135, 369, 225, 496, 352
-0.937011, 129, 193, 192, 320
-0.937051, 257, 113, 500, 240
-0.937775, 161, 145, 224, 272
-0.938502, 241, 145, 368, 272
-0.939016, 57, 225, 120, 352
-0.939462, 129, 1, 384, 128
-0.939477, 169, 193, 232, 320
-0.939704, 273, 225, 336, 352
-0.939732, 177, 193, 304, 320
-0.940157, 65, 1, 192, 128
-0.940304, 417, 145, 480, 272
-0.940421, 185, 145, 248, 272
-0.941473, 81, 177, 144, 304
-0.941533, 1, 161, 64, 288
-0.941652, 369, 177, 496, 304
-0.942902, 209, 81, 336, 208
-0.943054, 1, 241, 128, 368
-0.943221, 273, 17, 336, 144
-0.944309, 113, 169, 176, 232
-0.944613, 25, 145, 88, 272
-0.945198, 321, 145, 448, 272
-0.946034, 241, 225, 368, 352
-0.94712, 281, 225, 344, 288
-0.947478, 129, 193, 192, 256
-0.947997, 105, 129, 168, 256
-0.948185, 201, 97, 264, 224
-0.948377, 49, 145, 112, 272
-0.948556, 145, 241, 208, 368
-0.949013, 417, 129, 480, 192
-0.949031, 321, 81, 448, 208
-0.949064, 97, 193, 160, 256
-0.94927, 1, 193, 128, 320
-0.949433, 73, 81, 136, 208
-0.94954, 145, 281, 208, 344
-0.949826, 209, 17, 336, 144
-0.949911, 401, 81, 464, 208
-0.949979, 129, 17, 256, 144
-0.949989, 97, 241, 160, 368
-0.950411, 297, 209, 360, 336
-0.950417, 393, 209, 456, 336
-0.950564, 145, 97, 272, 224
-0.95064, 321, 161, 384, 288
-0.951375, 281, 169, 344, 232
-0.951455, 273, 193, 336, 256
-0.95152, 105, 257, 168, 320
-0.951619, 249, 153, 312, 216
-0.951742, 145, 241, 272, 368
-0.952019, 417, 193, 480, 320
-0.952634, 193, 241, 320, 368
-0.952978, 417, 153, 480, 216
-0.953207, 249, 49, 312, 176
-0.953513, 49, 49, 176, 176
-0.953581, 273, 113, 336, 240
-0.953763, 137, 313, 200, 375
-0.95378, 89, 217, 152, 280
-0.953831, 57, 241, 120, 304
-0.953838, 321, 241, 448, 368
-0.953936, 369, 129, 432, 256
-0.954103, 81, 161, 144, 224
-0.954228, 377, 81, 440, 208
-0.954411, 209, 177, 272, 304
-0.954536, 65, 17, 128, 144
-0.954568, 369, 225, 432, 352
-0.954681, 65, 49, 128, 112
-0.954958, 161, 153, 224, 216
-0.95511, 257, 17, 384, 144
-0.955272, 297, 65, 360, 192
-0.955322, 297, 17, 360, 144
-0.955731, 177, 241, 240, 368
-0.955799, 377, 97, 440, 160
-0.955874, 257, 97, 384, 224
-0.95628, 233, 1, 296, 128
-0.956388, 305, 17, 432, 144
-0.95646, 241, 73, 304, 136
-0.957146, 153, 201, 216, 264
-0.957161, 49, 177, 112, 240
-0.957172, 81, 129, 144, 256
-0.957385, 185, 113, 248, 176
-0.957446, 369, 1, 432, 128
-0.958069, 169, 1, 232, 64
-0.95815, 345, 177, 408, 304
-0.958506, 121, 1, 184, 128
-0.95905, 369, 81, 496, 208
-0.959129, 129, 249, 192, 312
-0.95924, 217, 81, 280, 144
-0.959252, 81, 281, 144, 344
-0.959262, 369, 177, 432, 304
-0.959285, 201, 1, 264, 128
-0.959348, 249, 97, 312, 224
-0.959916, 177, 97, 240, 224
-0.960112, 281, 81, 344, 144
-0.960168, 225, 81, 288, 208
-0.960182, 1, 177, 64, 240
-0.960223, 321, 177, 384, 240
-0.960438, 169, 289, 232, 352
-0.96046, 329, 33, 392, 160
-0.960634, 129, 161, 256, 224
-0.960653, 401, 97, 464, 160
-0.960755, 33, 241, 96, 368
-0.960826, 89, 41, 152, 104
-0.960912, 121, 241, 184, 368
-0.961023, 97, 97, 224, 224
-0.961029, 273, 145, 336, 208
-0.961034, 177, 201, 240, 264
-0.961201, 113, 145, 176, 208
-0.961252, 193, 1, 256, 64
-0.961373, 225, 169, 352, 232
-0.961458, 133, 145, 164, 272
-0.961625, 1, 185, 128, 248
-0.961654, 305, 145, 336, 272
-0.961704, 65, 169, 192, 232
-0.96172, 425, 97, 488, 224
-0.961827, 257, 161, 320, 288
-0.961923, 369, 25, 432, 88
-0.962002, 161, 129, 224, 192
-0.962028, 81, 273, 208, 336
-0.962133, 393, 233, 456, 296
-0.962141, 49, 97, 112, 224
-0.962226, 433, 241, 496, 368
-0.962246, 41, 273, 104, 336
-0.962263, 185, 161, 248, 224
-0.96228, 249, 225, 312, 352
-0.962333, 321, 81, 384, 208
-0.962577, 149, 145, 180, 272
-0.962588, 25, 193, 88, 320
-0.962596, 137, 129, 200, 192
-0.962627, 49, 241, 176, 304
-0.962828, 73, 81, 136, 144
-0.962891, 321, 305, 384, 368
-0.962987, 393, 145, 456, 272
-0.963069, 113, 233, 240, 296
-0.963137, 137, 161, 200, 224
-0.963181, 305, 81, 368, 144
-0.963244, 321, 241, 384, 368
-0.963464, 273, 65, 336, 192
-0.963535, 353, 257, 480, 320
-0.963743, 417, 185, 480, 248
-0.963751, 257, 1, 320, 64
-0.96397, 1, 209, 64, 336
-0.964079, 249, 49, 312, 112
-0.964142, 369, 209, 432, 272
-0.964277, 121, 281, 184, 344
-0.964495, 129, 217, 192, 280
-0.964545, 145, 1, 208, 128
-0.96463, 233, 177, 296, 240
-0.964699, 97, 81, 160, 208
-0.964724, 433, 289, 496, 352
-0.964793, 137, 97, 200, 224
-0.964821, 153, 209, 184, 336
-0.964883, 369, 265, 432, 328
-0.96521, 113, 185, 240, 248
-0.965248, 129, 9, 192, 72
-0.965342, 225, 153, 288, 216
-0.965451, 201, 137, 264, 200
-0.965629, 81, 257, 144, 320
-0.965671, 49, 313, 112, 375
-0.965678, 161, 313, 224, 375
-0.96569, 321, 153, 384, 216
-0.965972, 241, 121, 304, 184
-0.965982, 113, 137, 240, 200
-0.966008, 17, 161, 144, 224
-0.966042, 289, 57, 352, 120
-0.966074, 353, 97, 416, 160
-0.966161, 205, 145, 236, 272
-0.966352, 265, 249, 328, 312
-0.966647, 85, 209, 116, 336
-0.966711, 305, 193, 432, 256
-0.966776, 97, 1, 160, 128
-0.966859, 65, 201, 192, 264
-0.966863, 177, 249, 240, 312
-0.966885, 425, 233, 488, 296
-0.967005, 241, 97, 304, 352
-0.967197, 409, 305, 472, 368
-0.967262, 25, 193, 88, 256
-0.967267, 345, 33, 408, 96
-0.967305, 25, 169, 88, 232
-0.967323, 101, 177, 132, 304
-0.967323, 409, 33, 472, 160
-0.967327, 385, 121, 448, 184
-0.96747, 1, 81, 128, 208
-0.967597, 337, 105, 464, 168
-0.967847, 353, 1, 480, 128
-0.96789, 249, 25, 312, 88
-0.967981, 285, 161, 316, 288
-0.96829, 241, 81, 368, 144
-0.968303, 281, 273, 344, 336
-0.968438, 1, 201, 64, 264
-0.968554, 105, 313, 168, 375
-0.968554, 65, 225, 96, 352
-0.96864, 209, 145, 336, 208
-0.968829, 217, 97, 248, 224
-0.968898, 201, 225, 264, 352
-0.968904, 17, 305, 80, 368
-0.968933, 49, 153, 112, 216
-0.96895, 33, 273, 160, 336
-0.96895, 117, 161, 148, 288
-0.969097, 297, 25, 360, 88
-0.96916, 265, 121, 328, 184
-0.96925, 129, 193, 160, 320
-0.969259, 17, 313, 144, 375
-0.969365, 361, 185, 424, 248
-0.969391, 169, 225, 232, 288
-0.969401, 161, 121, 288, 184
-0.969483, 73, 305, 136, 368
-0.969622, 161, 129, 224, 375
-0.969629, 201, 185, 264, 248
-0.969755, 265, 33, 328, 288
-0.969807, 193, 273, 256, 336
-0.969819, 129, 209, 256, 272
-0.969889, 401, 257, 464, 320
-0.969896, 409, 129, 472, 375
-0.969913, 97, 17, 160, 80
-0.970115, 273, 169, 400, 232
-0.970152, 209, 105, 272, 168
-0.970181, 113, 313, 240, 375
-0.970195, 345, 225, 408, 352
-0.970211, 1, 1, 128, 128
-0.970293, 65, 145, 192, 208
-0.970319, 329, 57, 392, 120
-0.970356, 209, 193, 336, 256
-0.970399, 369, 185, 496, 248
-0.970578, 53, 241, 84, 368
-0.97071, 345, 297, 408, 360
-0.970736, 193, 145, 224, 272
-0.970749, 313, 265, 376, 328
-0.970782, 305, 113, 368, 176
-0.970884, 177, 1, 240, 128
-0.970975, 301, 225, 332, 352
-0.971028, 193, 257, 320, 320
-0.971106, 49, 1, 176, 64
-0.971159, 409, 209, 472, 272
-0.971163, 297, 113, 360, 240
-0.971196, 97, 73, 160, 136
-0.971212, 217, 1, 280, 64
-0.971273, 425, 257, 488, 320
-0.971363, 205, 193, 236, 320
-0.971455, 281, 129, 344, 375
-0.971604, 257, 217, 320, 280
-0.971606, 217, 145, 248, 272
-0.971692, 193, 97, 320, 160
-0.971751, 73, 185, 136, 248
-0.971874, 145, 1, 272, 64
-0.971891, 297, 313, 360, 375
-0.971939, 297, 193, 360, 256
-0.971968, 345, 273, 408, 336
-0.97197, 33, 49, 96, 176
-0.971988, 369, 233, 496, 296
-0.972031, 9, 281, 72, 344
-0.972065, 289, 217, 416, 280
-0.972201, 173, 193, 204, 320
-0.972249, 289, 249, 352, 312
-0.972351, 137, 97, 200, 352
-0.972456, 385, 297, 448, 360
-0.97261, 81, 145, 112, 272
-0.972623, 241, 97, 304, 160
-0.972647, 49, 201, 112, 264
-0.972691, 413, 81, 444, 208
-0.972765, 41, 81, 104, 144
-0.972885, 201, 97, 232, 224
-0.97291, 185, 97, 248, 352
-0.972965, 177, 169, 304, 232
-0.973036, 377, 1, 440, 64
-0.973081, 129, 257, 256, 320
-0.973114, 369, 153, 496, 216
-0.973183, 297, 1, 360, 64
-0.973259, 241, 1, 304, 256
-0.973345, 57, 1, 120, 64
-0.973371, 385, 145, 448, 208
-0.97339, 201, 1, 264, 256
-0.973404, 241, 257, 368, 320
-0.973462, 169, 145, 200, 272
-0.973514, 337, 281, 464, 344
-0.973688, 73, 105, 136, 168
-0.973748, 73, 17, 104, 144
-0.973786, 313, 225, 344, 352
-0.973813, 257, 193, 384, 256
-0.973932, 49, 121, 176, 184
-0.97397, 241, 257, 304, 320
-0.974148, 81, 65, 112, 192
-0.974155, 305, 169, 336, 232
-0.974215, 129, 289, 256, 352
-0.974219, 257, 145, 384, 208
-0.974228, 49, 57, 176, 120
-0.974229, 369, 177, 400, 304
-0.97425, 329, 81, 392, 144
-0.974277, 273, 25, 336, 88
-0.974321, 321, 97, 384, 352
-0.974395, 217, 225, 280, 288
-0.974414, 5, 161, 36, 288
-0.974459, 193, 217, 320, 280
-0.974462, 261, 129, 292, 256
-0.974528, 225, 25, 288, 88
-0.974533, 321, 201, 384, 264
-0.974544, 173, 281, 204, 344
-0.97462, 345, 129, 408, 256
-0.974665, 385, 97, 448, 352
-0.974714, 161, 177, 224, 240
-0.974752, 289, 41, 416, 104
-0.974753, 113, 185, 144, 248
-0.974769, 361, 121, 424, 184
-0.974832, 217, 97, 280, 352
-0.974833, 149, 209, 180, 272
-0.974834, 89, 97, 152, 352
-0.97504, 181, 129, 212, 256
-0.975093, 369, 1, 432, 256
-0.975142, 129, 169, 160, 232
-0.975154, 329, 105, 392, 168
-0.975271, 49, 97, 176, 160
-0.975301, 209, 33, 336, 96
-0.975356, 297, 137, 360, 200
-0.975433, 369, 73, 432, 136
-0.975452, 89, 129, 152, 192
-0.975455, 409, 281, 472, 344
-0.975646, 69, 145, 100, 272
-0.975693, 169, 1, 232, 256
-0.975704, 345, 209, 408, 272
-0.975815, 73, 241, 104, 304
-0.975832, 201, 297, 264, 360
-0.975858, 113, 121, 176, 184
-0.975868, 305, 305, 432, 368
-0.975877, 369, 305, 496, 368
-0.975899, 321, 161, 448, 224
-0.975986, 417, 145, 448, 272
-0.975989, 65, 305, 192, 368
-0.976006, 345, 1, 408, 256
-0.976048, 85, 225, 116, 288
-0.976097, 73, 1, 136, 256
-0.976166, 453, 129, 484, 256
-0.976349, 413, 89, 444, 152
-0.976411, 173, 241, 204, 368
-0.976524, 289, 1, 416, 64
-0.976543, 289, 81, 416, 144
-0.976569, 97, 17, 224, 80
-0.976597, 325, 81, 356, 208
-0.976672, 281, 1, 312, 128
-0.976722, 285, 177, 316, 240
-0.976809, 113, 97, 176, 352
-0.976898, 293, 145, 324, 208
-0.976919, 153, 185, 184, 248
-0.976937, 433, 97, 464, 224
-0.976939, 25, 97, 88, 224
-0.976949, 129, 1, 192, 256
-0.977107, 21, 161, 52, 288
-0.97715, 205, 193, 236, 256
-0.977196, 433, 313, 496, 375
-0.977203, 33, 1, 96, 128
-0.977248, 57, 257, 88, 320
-0.977287, 173, 201, 204, 264
-0.977322, 209, 281, 336, 344
-0.977443, 141, 209, 172, 336
-0.977587, 133, 249, 164, 312
-0.977664, 373, 265, 404, 328
-0.97769, 457, 225, 488, 352
-0.977701, 353, 129, 416, 375
-0.977832, 433, 129, 496, 375
-0.977857, 353, 49, 416, 176
-0.97786, 465, 161, 496, 288
-0.977866, 141, 161, 172, 224
-0.977913, 201, 49, 264, 176
-0.977947, 9, 129, 72, 375
-0.977969, 409, 33, 472, 288
-0.977994, 289, 281, 416, 344
-0.978101, 221, 161, 252, 224
-0.978122, 289, 249, 416, 312
-0.978151, 193, 193, 224, 256
-0.978166, 121, 273, 152, 336
-0.978184, 85, 1, 116, 128
-0.978201, 193, 1, 320, 64
-0.978209, 237, 81, 268, 144
-0.978269, 297, 41, 328, 104
-0.978269, 285, 209, 316, 336
-0.978291, 1, 1, 128, 64
-0.978346, 281, 49, 312, 176
-0.978359, 433, 129, 464, 192
-0.978603, 53, 145, 84, 272
-0.978673, 429, 105, 460, 168
-0.978826, 69, 49, 100, 112
-0.978833, 361, 177, 392, 240
-0.979012, 93, 177, 124, 240
-0.979025, 85, 33, 116, 96
-0.979103, 417, 145, 448, 208
-0.979109, 337, 129, 464, 192
-0.979114, 281, 17, 312, 80
-0.979128, 105, 257, 136, 320
-0.97913, 121, 33, 152, 96
-0.979154, 221, 97, 252, 160
-0.979177, 305, 193, 336, 256
-0.979193, 241, 1, 368, 64
-0.979222, 301, 97, 332, 224
-0.979251, 241, 145, 272, 272
-0.979279, 133, 201, 164, 264
-0.979295, 293, 1, 324, 64
-0.979303, 117, 161, 148, 224
-0.97932, 301, 233, 332, 296
-0.979351, 285, 201, 316, 264
-0.979416, 325, 81, 356, 144
-0.979428, 337, 41, 464, 104
-0.979514, 225, 193, 256, 320
-0.979562, 193, 193, 224, 320
-0.97957, 241, 121, 368, 184
-0.979584, 349, 161, 380, 224
-0.979611, 97, 241, 128, 368
-0.979634, 265, 145, 296, 208
-0.97968, 373, 225, 404, 352
-0.979685, 97, 41, 128, 104
-0.97971, 269, 33, 300, 160
-0.979721, 73, 193, 104, 256
-0.979731, 357, 129, 388, 256
-0.979734, 229, 97, 260, 224
-0.979739, 65, 97, 128, 352
-0.97974, 69, 305, 100, 368
-0.979758, 373, 97, 404, 160
-0.979761, 149, 273, 180, 336
-0.979777, 61, 65, 92, 192
-0.979912, 289, 113, 320, 240
-0.979914, 201, 1, 232, 64
-0.979915, 337, 81, 464, 144
-0.980025, 157, 313, 188, 375
-0.980029, 33, 97, 96, 352
-0.980043, 177, 121, 208, 184
-0.980044, 137, 137, 168, 200
-0.980074, 249, 1, 312, 375
-0.980079, 25, 177, 56, 240
-0.980135, 57, 281, 88, 344
-0.980145, 233, 145, 264, 208
-0.980243, 101, 201, 132, 264
-0.980245, 13, 177, 44, 240
-0.980254, 461, 281, 492, 344
-0.980288, 173, 161, 204, 224
-0.980308, 401, 105, 432, 168
-0.980396, 157, 161, 188, 224
-0.980415, 297, 17, 328, 144
-0.980421, 1, 241, 128, 304
-0.980421, 341, 65, 372, 192
-0.980441, 449, 297, 480, 360
-0.980443, 469, 169, 500, 232
-0.980447, 161, 313, 288, 375
-0.980472, 249, 73, 280, 136
-0.98049, 105, 161, 136, 224
-0.980503, 49, 33, 176, 96
-0.980544, 161, 25, 288, 88
-0.980571, 57, 313, 88, 375
-0.980583, 413, 193, 444, 320
-0.980612, 153, 233, 184, 296
-0.980653, 97, 129, 128, 256
-0.98066, 121, 49, 184, 176
-0.980672, 33, 145, 64, 272
-0.980674, 181, 1, 212, 64
-0.980678, 385, 193, 416, 320
-0.980689, 109, 41, 140, 104
-0.980689, 401, 225, 432, 288
-0.98069, 357, 281, 388, 344
-0.980695, 289, 33, 352, 288
-0.980696, 121, 249, 152, 312
-0.980729, 145, 49, 208, 176
-0.980767, 149, 1, 180, 128
-0.980797, 393, 25, 424, 88
-0.980857, 65, 169, 96, 232
-0.980862, 121, 217, 152, 280
-0.980874, 377, 185, 408, 248
-0.980894, 305, 137, 336, 200
-0.980904, 197, 121, 228, 184
-0.98092, 197, 161, 228, 224
-0.980941, 213, 1, 244, 64
-0.980983, 453, 177, 484, 304
-0.98102, 417, 121, 448, 184
-0.981021, 5, 313, 36, 375
-0.981067, 273, 1, 336, 375
-0.981077, 209, 161, 240, 224
-0.981151, 205, 281, 236, 344
-0.981161, 453, 145, 484, 208
-0.981205, 41, 289, 72, 352
-0.98124, 241, 17, 272, 144
-0.981347, 77, 161, 108, 224
-0.98136, 85, 57, 116, 120
-0.981401, 445, 265, 476, 328
-0.981405, 437, 305, 468, 368
-0.981433, 141, 297, 172, 360
-0.981472, 1, 185, 32, 248
-0.981481, 165, 137, 196, 200
-0.981521, 285, 41, 316, 104
-0.981538, 397, 97, 428, 224
-0.981587, 385, 257, 416, 320
-0.981593, 253, 153, 284, 216
-0.981618, 273, 257, 304, 320
-0.981666, 209, 105, 240, 168
-0.981712, 297, 65, 328, 128
-0.981724, 277, 137, 308, 200
-0.981776, 125, 137, 156, 200
-0.981801, 253, 65, 284, 192
-0.98182, 37, 169, 68, 232
-0.981848, 285, 225, 316, 288
-0.981869, 417, 201, 448, 264
-0.981889, 269, 57, 300, 120
-0.981911, 89, 201, 120, 264
-0.981934, 313, 257, 344, 320
-0.981964, 1, 1, 64, 128
-0.981989, 229, 145, 260, 272
-0.981999, 97, 1, 128, 128
-0.982003, 153, 129, 184, 192
-0.982013, 269, 9, 300, 72
-0.982014, 257, 313, 384, 375
-0.982028, 369, 33, 400, 96
-0.982052, 61, 81, 92, 144
-0.98208, 177, 49, 240, 176
-0.982117, 313, 297, 344, 360
-0.982241, 385, 209, 416, 272
-0.982252, 209, 57, 336, 120
-0.982277, 205, 241, 236, 368
-0.982329, 401, 225, 432, 352
-0.982332, 165, 233, 196, 296
-0.982333, 53, 169, 84, 232
-0.982345, 117, 113, 148, 240
-0.98235, 85, 1, 116, 64
-0.982353, 97, 65, 128, 128
-0.982362, 89, 273, 120, 336
-0.982396, 221, 1, 252, 128
-0.982446, 277, 81, 308, 144
-0.982457, 433, 49, 496, 176
-0.982473, 325, 305, 356, 368
-0.98248, 445, 121, 476, 184
-0.982501, 273, 229, 336, 260
-0.98252, 393, 1, 424, 64
-0.982538, 137, 1, 200, 375
-0.982601, 209, 1, 272, 375
-0.98263, 77, 81, 108, 144
-0.982631, 113, 65, 240, 128
-0.98271, 161, 209, 192, 272
-0.982747, 313, 217, 344, 280
-0.982787, 401, 1, 464, 375
-0.982833, 385, 97, 416, 160
-0.982859, 69, 281, 100, 344
-0.98286, 141, 9, 172, 72
-0.982887, 129, 313, 160, 375
-0.98289, 289, 105, 416, 168
-0.982915, 217, 185, 248, 248
-0.982924, 401, 193, 432, 256
-0.983074, 413, 33, 444, 160
-0.983103, 97, 1, 160, 256
-0.983185, 257, 1, 288, 128
-0.983254, 113, 197, 176, 228
-0.983306, 97, 1, 160, 375
-0.983404, 389, 1, 420, 128
-0.983412, 1, 33, 128, 96
-0.983713, 273, 197, 336, 228
-0.983847, 469, 225, 500, 352
-0.983979, 441, 145, 472, 272
-0.983999, 153, 205, 216, 236
-0.984025, 129, 81, 160, 208
-0.984092, 369, 17, 496, 80
-0.984099, 185, 1, 248, 375
-0.984104, 121, 185, 184, 216
-0.98417, 281, 177, 344, 208
-0.984254, 205, 1, 236, 128
-0.984327, 153, 97, 184, 224
-0.984479, 345, 161, 376, 288
-0.984496, 105, 209, 168, 240
-0.984525, 145, 289, 208, 320
-0.984608, 113, 173, 176, 204
-0.984713, 309, 1, 340, 128
-0.98472, 1, 81, 128, 144
-0.984735, 1, 209, 128, 272
-0.984826, 273, 209, 336, 240
-0.98491, 129, 209, 192, 240
-0.984933, 257, 157, 320, 188
-0.984961, 385, 241, 416, 368
-0.984995, 41, 1, 104, 256
-0.985027, 117, 209, 148, 336
-0.985094, 273, 97, 304, 224
-0.98511, 133, 1, 164, 128
-0.985124, 141, 97, 172, 224
-0.985146, 105, 277, 168, 308
-0.985149, 93, 65, 124, 192
-0.985334, 89, 189, 152, 220
-0.985335, 273, 145, 304, 272
-0.985338, 313, 1, 376, 256
-0.98534, 409, 149, 472, 180
-0.985343, 369, 209, 496, 272
-0.985416, 161, 1, 224, 375
-0.985491, 437, 209, 468, 336
-0.985632, 1, 177, 256, 240
-0.985632, 241, 65, 272, 192
-0.985691, 145, 337, 208, 368
-0.985705, 41, 193, 104, 224
-0.985798, 329, 129, 360, 256
-0.985804, 409, 249, 472, 280
-0.985807, 129, 313, 192, 344
-0.985848, 41, 265, 104, 296
-0.985858, 89, 221, 152, 252
-0.985862, 433, 33, 496, 288
-0.985904, 397, 49, 428, 176
-0.986, 129, 21, 192, 52
-0.986044, 57, 249, 120, 280
-0.986046, 113, 41, 240, 104
-0.986084, 129, 277, 192, 308
-0.986143, 153, 217, 216, 248
-0.986145, 121, 325, 184, 356
-0.986156, 81, 161, 144, 192
-0.98617, 321, 173, 384, 204
-0.986276, 357, 177, 388, 304
-0.98637, 1, 217, 500, 280
-0.986474, 185, 197, 248, 228
-0.986691, 281, 249, 344, 280
-0.986695, 369, 1, 432, 375
-0.986707, 177, 1, 208, 128
-0.986731, 217, 97, 280, 128
-0.98674, 113, 113, 240, 176
-0.986777, 177, 213, 240, 244
-0.986783, 129, 301, 192, 332
-0.986789, 257, 273, 320, 304
-0.98679, 201, 109, 264, 140
-0.986793, 281, 85, 344, 116
-0.986862, 241, 73, 304, 104
-0.986863, 1, 169, 500, 232
-0.98695, 281, 165, 344, 196
-0.986958, 297, 1, 360, 375
-0.986992, 265, 5, 328, 36
-0.987009, 1, 57, 128, 120
-0.987037, 105, 81, 136, 208
-0.987055, 81, 209, 144, 240
-0.987134, 273, 225, 304, 352
-0.987147, 241, 177, 304, 208
-0.987187, 225, 241, 288, 368
-0.987211, 97, 257, 352, 320
-0.987234, 1, 113, 64, 240
-0.987237, 297, 189, 360, 220
-0.987286, 41, 281, 104, 312
-0.987339, 417, 161, 480, 192
-0.98734, 145, 193, 208, 224
-0.987359, 369, 33, 432, 64
-0.987412, 185, 1, 248, 32
-0.987462, 241, 233, 368, 296
-0.987506, 233, 161, 296, 192
-0.987525, 429, 145, 460, 272
-0.987549, 53, 193, 84, 320
-0.987605, 417, 137, 480, 168
-0.987609, 1, 137, 128, 200
-0.98764, 401, 177, 432, 304
-0.987661, 137, 237, 200, 268
-0.987663, 233, 85, 296, 116
-0.987714, 73, 1, 136, 375
-0.987741, 469, 113, 500, 240
-0.9878, 41, 193, 72, 320
-0.9878, 1, 249, 256, 312
-0.987806, 1, 185, 64, 216
-0.987859, 1, 193, 500, 256
-0.987868, 233, 189, 296, 220
-0.987869, 309, 49, 340, 176
-0.987877, 325, 177, 356, 304
-0.987894, 265, 145, 328, 176
-0.987935, 57, 301, 120, 332
-0.987947, 33, 209, 288, 272
-0.988077, 289, 261, 352, 292
-0.988101, 425, 1, 488, 375
-0.988108, 385, 101, 448, 132
-0.988143, 265, 261, 328, 292
-0.988195, 65, 193, 128, 224
-0.988241, 97, 233, 352, 296
-0.988277, 161, 277, 224, 308
-0.988286, 137, 129, 200, 160
-0.988292, 365, 17, 396, 144
-0.988294, 329, 241, 360, 368
-0.988295, 257, 257, 500, 320
-0.988304, 425, 193, 456, 320
-0.988306, 161, 1, 192, 128
-0.988323, 161, 161, 416, 224
-0.988355, 433, 253, 496, 284
-0.988377, 433, 1, 496, 128
-0.988386, 105, 313, 168, 344
-0.988401, 97, 89, 224, 152
-0.988422, 161, 129, 224, 160
-0.988426, 417, 189, 480, 220
-0.988443, 257, 21, 320, 52
-0.988443, 97, 61, 160, 92
-0.988443, 129, 149, 192, 180
-0.988452, 193, 241, 224, 368
-0.98847, 209, 177, 272, 208
-0.988508, 369, 45, 432, 76
-0.988508, 185, 285, 248, 316
-0.988526, 185, 121, 248, 152
-0.988546, 113, 161, 176, 192
-0.988553, 409, 225, 472, 256
-0.988556, 249, 97, 312, 128
-0.988621, 177, 225, 240, 256
-0.988652, 1, 281, 256, 344
-0.988675, 65, 61, 128, 92
-0.988709, 185, 25, 248, 56
-0.988715, 345, 37, 408, 68
-0.988774, 377, 129, 408, 256
-0.9888, 353, 105, 416, 136
-0.988886, 409, 173, 472, 204
-0.988887, 33, 129, 288, 192
-0.988899, 1, 209, 32, 336
-0.988904, 425, 341, 488, 372
-0.98892, 161, 17, 224, 48
-0.98893, 233, 21, 296, 52
-0.989041, 193, 89, 448, 152
-0.989054, 209, 17, 272, 48
-0.989058, 177, 157, 240, 188
-0.989066, 129, 221, 192, 252
-0.989094, 257, 113, 500, 176
-0.989094, 1, 153, 256, 216
-0.989103, 1, 333, 64, 364
-0.989128, 73, 285, 136, 316
-0.989169, 153, 157, 216, 188
-0.989209, 57, 81, 120, 112
-0.989211, 33, 73, 288, 136
-0.989239, 337, 17, 368, 144
-0.989243, 49, 177, 112, 208
-0.989297, 225, 225, 480, 288
-0.989299, 201, 157, 264, 188
-0.989306, 121, 261, 184, 292
-0.989307, 97, 33, 352, 96
-0.989336, 145, 1, 208, 32
-0.989355, 161, 313, 224, 344
-0.989437, 385, 249, 448, 280
-0.989527, 81, 317, 144, 348
-0.989539, 89, 177, 152, 208
-0.989541, 169, 297, 232, 328
-0.989587, 313, 161, 376, 192
-0.989612, 273, 53, 336, 84
-0.989643, 185, 185, 248, 216
-0.989672, 417, 201, 480, 232
-0.989691, 369, 213, 432, 244
-0.989708, 377, 265, 440, 296
-0.989761, 297, 217, 360, 248
-0.989768, 321, 197, 384, 228
-0.989777, 73, 41, 136, 72
-0.989779, 33, 301, 96, 332
-0.989799, 73, 233, 136, 264
-0.989829, 209, 5, 272, 36
-0.989858, 353, 81, 384, 208
-0.98986, 241, 141, 304, 172
-0.989865, 97, 257, 160, 288
-0.989886, 377, 201, 440, 232
-0.989886, 369, 189, 432, 220
-0.989908, 1, 241, 500, 304
-0.98991, 401, 117, 464, 148
-0.989924, 321, 313, 384, 344
-0.989994, 297, 141, 360, 172
-0.99, 445, 81, 476, 208
-0.990005, 289, 41, 352, 72
-0.990019, 305, 85, 368, 116
-0.990041, 153, 141, 216, 172
-0.990047, 1, 313, 500, 375
-0.990071, 109, 17, 140, 144
-0.990085, 209, 273, 272, 304
-0.990122, 61, 17, 92, 144
-0.990126, 169, 333, 232, 364
-0.990162, 217, 241, 248, 368
-0.990164, 65, 101, 128, 132
-0.990167, 161, 289, 416, 352
-0.990174, 345, 197, 408, 228
-0.990184, 73, 261, 136, 292
-0.990202, 49, 209, 112, 240
-0.990212, 177, 237, 240, 268
-0.990227, 345, 281, 408, 312
-0.990228, 97, 1, 352, 64
-0.990269, 377, 17, 408, 144
-0.990294, 1, 65, 500, 128
-0.990407, 209, 313, 336, 375
-0.990427, 361, 241, 392, 368
-0.99059, 345, 1, 408, 375
-0.990732, 257, 305, 500, 368
-0.990751, 1, 89, 500, 152
-0.990759, 1, 113, 500, 176
-0.990802, 161, 113, 416, 176
-0.990822, 37, 241, 68, 368
-0.990869, 1, 313, 256, 375
-0.990895, 321, 1, 384, 375
-0.990994, 129, 241, 160, 368
-0.991087, 221, 49, 252, 176
-0.991196, 33, 193, 160, 224
-0.991227, 189, 81, 220, 208
-0.991243, 189, 17, 220, 144
-0.991316, 1, 33, 500, 96
-0.991398, 193, 1, 448, 64
-0.99143, 209, 177, 336, 208
-0.991451, 9, 49, 72, 176
-0.991456, 129, 173, 160, 204
-0.991479, 97, 313, 352, 375
-0.991532, 81, 277, 208, 308
-0.99154, 325, 33, 356, 160
-0.991587, 365, 81, 396, 208
-0.991676, 225, 25, 480, 88
-0.991694, 129, 205, 256, 236
-0.991732, 1, 273, 500, 336
-0.99177, 153, 197, 184, 228
-0.991777, 221, 101, 252, 132
-0.991804, 133, 277, 164, 308
-0.991805, 217, 185, 248, 216
-0.99181, 33, 105, 288, 168
-0.991814, 237, 89, 268, 120
-0.991814, 65, 253, 96, 284
-0.991835, 277, 257, 308, 288
-0.99189, 277, 149, 308, 180
-0.991893, 73, 241, 104, 272
-0.991907, 429, 49, 460, 176
-0.991919, 141, 169, 172, 200
-0.991931, 285, 189, 316, 220
-0.991938, 297, 153, 328, 184
-0.991955, 173, 201, 204, 232
-0.991961, 225, 65, 480, 128
-0.991967, 225, 169, 256, 200
-0.991973, 309, 173, 340, 204
-0.991999, 105, 209, 136, 240
-0.992008, 457, 81, 488, 208
-0.992021, 61, 309, 92, 340
-0.992022, 169, 97, 200, 224
-0.992034, 117, 189, 148, 220
-0.992036, 145, 221, 176, 252
-0.992041, 177, 289, 208, 320
-0.992044, 285, 205, 316, 236
-0.992071, 357, 173, 388, 204
-0.992083, 149, 181, 180, 212
-0.992096, 417, 149, 448, 180
-0.9921, 305, 185, 336, 216
-0.992105, 349, 17, 380, 144
-0.992108, 377, 269, 408, 300
-0.992131, 345, 161, 376, 192
-0.992145, 413, 97, 444, 128
-0.992154, 157, 277, 188, 308
-0.992185, 53, 261, 84, 292
-0.992197, 245, 77, 276, 108
-0.992201, 145, 89, 272, 152
-0.992206, 161, 209, 192, 240
-0.99221, 289, 169, 320, 200
-0.992233, 373, 193, 404, 224
-0.992237, 129, 161, 256, 192
-0.99224, 357, 185, 388, 216
-0.992243, 289, 53, 320, 84
-0.992257, 89, 217, 120, 248
-0.992258, 241, 161, 368, 192
-0.992263, 97, 185, 352, 248
-0.992266, 133, 153, 164, 184
-0.992268, 49, 305, 80, 336
-0.992273, 309, 229, 340, 260
-0.992288, 373, 33, 404, 64
-0.992296, 161, 137, 416, 200
-0.992301, 157, 329, 188, 360
-0.992306, 137, 209, 168, 240
-0.992312, 305, 197, 336, 228
-0.992314, 209, 113, 240, 144
-0.992332, 149, 297, 180, 328
-0.992352, 229, 157, 260, 188
-0.992362, 213, 1, 244, 32
-0.992364, 49, 1, 112, 375
-0.992365, 285, 217, 316, 248
-0.992385, 1, 9, 500, 72
-0.992402, 25, 1, 88, 375
-0.992443, 289, 141, 320, 172
-0.992448, 197, 193, 228, 224
-0.992457, 153, 233, 184, 264
-0.992458, 89, 285, 120, 316
-0.992469, 85, 229, 116, 260
-0.992478, 257, 181, 384, 212
-0.992486, 261, 93, 292, 124
-0.992531, 53, 289, 84, 320
-0.992538, 161, 177, 176, 240
-0.992546, 433, 141, 464, 172
-0.992551, 165, 17, 196, 48
-0.992562, 225, 197, 352, 228
-0.992569, 293, 5, 324, 36
-0.992574, 109, 161, 140, 192
-0.992581, 189, 1, 220, 32
-0.992586, 285, 229, 316, 260
-0.992589, 297, 81, 328, 112
-0.992595, 137, 317, 168, 348
-0.992616, 153, 17, 184, 48
-0.99262, 401, 245, 432, 276
-0.992622, 93, 197, 124, 228
-0.992628, 321, 81, 352, 112
-0.992646, 121, 177, 136, 240
-0.99265, 389, 253, 420, 284
-0.992653, 309, 257, 340, 288
-0.992657, 369, 281, 400, 312
-0.992662, 265, 269, 296, 300
-0.992665, 81, 189, 208, 220
-0.992713, 353, 41, 384, 72
-0.992717, 121, 61, 152, 92
-0.99272, 189, 209, 220, 240
-0.992726, 209, 201, 240, 232
-0.992732, 209, 289, 240, 320
-0.992742, 181, 121, 212, 152
-0.992746, 257, 137, 500, 200
-0.992748, 1, 1, 256, 64
-0.992752, 17, 177, 144, 208
-0.992763, 65, 221, 192, 252
-0.992766, 345, 173, 376, 204
-0.992767, 385, 33, 416, 64
-0.99277, 137, 257, 168, 288
-0.992772, 205, 213, 236, 244
-0.992796, 319, 161, 334, 224
-0.992798, 149, 209, 180, 240
-0.992798, 153, 265, 184, 296
-0.992803, 345, 109, 376, 140
-0.992806, 117, 309, 148, 340
-0.992806, 73, 197, 104, 228
-0.992807, 113, 217, 240, 248
-0.99281, 413, 85, 444, 116
-0.99282, 273, 13, 304, 44
-0.992822, 173, 213, 204, 244
-0.992832, 125, 201, 156, 232
-0.992853, 169, 129, 200, 160
-0.99286, 441, 245, 472, 276
-0.992868, 85, 61, 116, 92
-0.99287, 369, 257, 496, 288
-0.992872, 297, 41, 328, 72
-0.992879, 421, 185, 452, 216
-0.992882, 137, 21, 168, 52
-0.992882, 453, 201, 484, 232
-0.992883, 1, 193, 32, 224
-0.992883, 129, 305, 160, 336
-0.99289, 25, 201, 56, 232
-0.992893, 305, 217, 336, 248
-0.992897, 73, 305, 104, 336
-0.992901, 177, 333, 208, 364
-0.992902, 457, 341, 488, 372
-0.992906, 117, 177, 148, 208
-0.992917, 61, 97, 92, 128
-0.992925, 133, 1, 164, 32
-0.992931, 85, 245, 116, 276
-0.992931, 157, 157, 188, 188
-0.992934, 289, 273, 320, 304
-0.992938, 173, 345, 204, 375
-0.992938, 73, 61, 104, 92
-0.99294, 177, 13, 208, 44
-0.99294, 325, 177, 356, 208
-0.992942, 409, 233, 440, 264
-0.992945, 257, 281, 500, 344
-0.992947, 253, 161, 284, 192
-0.99295, 117, 333, 148, 364
-0.992957, 469, 185, 500, 216
-0.992957, 457, 261, 488, 292
-0.992967, 173, 225, 204, 256
-0.992971, 397, 105, 428, 136
-0.992976, 93, 185, 124, 216
-0.992976, 445, 145, 476, 176
-0.992977, 33, 165, 160, 196
-0.992986, 277, 57, 308, 88
-0.992988, 237, 145, 268, 176
-0.992998, 73, 45, 104, 76
-0.992999, 37, 193, 68, 224
-0.993005, 157, 5, 188, 36
-0.993031, 167, 185, 182, 248
-0.993061, 33, 257, 160, 288
-0.993099, 87, 225, 102, 288
-0.993136, 1, 105, 128, 168
-0.993163, 81, 233, 96, 296
-0.993165, 289, 193, 416, 224
-0.993179, 129, 269, 256, 300
-0.993223, 49, 293, 176, 324
-0.993251, 161, 49, 288, 112
-0.99327, 209, 209, 336, 240
-0.993272, 305, 205, 432, 236
-0.993323, 353, 273, 480, 304
-0.993352, 1, 137, 500, 200
-0.993366, 129, 209, 384, 272
-0.993391, 129, 241, 256, 272
-0.993423, 33, 273, 160, 304
-0.993481, 49, 313, 176, 344
-0.993502, 129, 177, 256, 208
-0.993538, 133, 169, 148, 232
-0.993568, 49, 241, 176, 272
-0.993611, 127, 177, 142, 240
-0.993618, 337, 105, 464, 136
-0.993627, 161, 1, 288, 32
-0.993644, 85, 193, 100, 256
-0.99365, 95, 177, 110, 240
-0.993682, 193, 273, 320, 304
-0.993702, 129, 293, 256, 324
-0.993709, 241, 89, 368, 120
-0.99371, 81, 201, 208, 232
-0.993729, 193, 161, 320, 192
-0.993783, 193, 185, 448, 248
-0.99382, 81, 345, 208, 375
-0.993826, 49, 125, 176, 156
-0.993831, 75, 241, 90, 304
-0.993832, 321, 181, 448, 212
-0.993843, 33, 325, 160, 356
-0.993866, 1, 205, 128, 236
-0.993872, 133, 193, 148, 256
-0.993875, 1, 301, 128, 332
-0.993895, 239, 81, 254, 144
-0.993909, 257, 161, 500, 224
-0.993915, 337, 289, 464, 320
-0.993916, 175, 201, 190, 264
-0.993924, 177, 197, 304, 228
-0.993961, 193, 109, 320, 140
-0.993968, 49, 265, 64, 328
-0.993976, 65, 177, 192, 208
-0.99399, 129, 229, 256, 260
-0.993993, 417, 89, 432, 152
-0.993994, 129, 133, 256, 164
-0.99402, 49, 77, 176, 108
-0.994022, 221, 177, 236, 240
-0.994028, 93, 217, 108, 280
-0.994037, 33, 61, 160, 92
-0.994042, 241, 69, 368, 100
-0.99405, 165, 209, 180, 272
-0.994059, 1, 1, 64, 375
-0.994064, 177, 221, 304, 252
-0.994065, 169, 305, 184, 368
-0.994068, 141, 233, 156, 296
-0.994098, 305, 217, 432, 248
-0.994103, 97, 41, 112, 104
-0.994114, 289, 237, 416, 268
-0.994122, 199, 185, 214, 248
-0.994127, 323, 217, 338, 280
-0.994152, 97, 145, 224, 176
-0.994159, 155, 177, 170, 240
-0.994161, 143, 257, 158, 320
-0.994189, 129, 21, 256, 52
-0.994222, 369, 197, 496, 228
-0.994228, 113, 1, 240, 32
-0.994232, 139, 193, 154, 256
-0.994246, 69, 249, 84, 312
-0.994275, 215, 193, 230, 256
-0.994279, 167, 161, 182, 224
-0.994281, 369, 341, 496, 372
-0.994299, 115, 185, 130, 248
-0.994327, 113, 329, 240, 360
-0.994344, 297, 145, 312, 208
-0.994346, 421, 129, 436, 192
-0.994349, 75, 49, 90, 112
-0.994374, 143, 161, 158, 224
-0.994378, 167, 233, 182, 296
-0.994383, 295, 1, 310, 64
-0.994389, 111, 257, 126, 320
-0.994391, 193, 145, 320, 176
-0.994394, 209, 17, 336, 48
-0.9944, 371, 281, 386, 344
-0.994404, 131, 257, 146, 320
-0.994419, 111, 41, 126, 104
-0.994427, 193, 249, 320, 280
-0.994427, 383, 265, 398, 328
-0.994431, 241, 101, 368, 132
-0.994453, 125, 257, 140, 320
-0.994475, 209, 161, 224, 224
-0.994477, 3, 305, 18, 368
-0.994501, 137, 257, 152, 320
-0.994501, 177, 273, 192, 336
-0.994507, 369, 245, 496, 276
-0.994508, 363, 169, 378, 232
-0.994511, 177, 121, 304, 152
-0.994518, 155, 217, 170, 280
-0.99452, 193, 233, 320, 264
-0.994531, 117, 257, 132, 320
-0.994539, 161, 145, 176, 208
-0.994543, 357, 161, 372, 224
-0.994558, 231, 153, 246, 216
-0.994575, 199, 121, 214, 184
-0.99459, 237, 153, 252, 216
-0.994591, 139, 129, 154, 192
-0.994601, 83, 41, 98, 104
-0.994604, 335, 73, 350, 136
-0.994627, 35, 177, 50, 240
-0.994629, 307, 1, 322, 64
-0.994633, 287, 185, 302, 248
-0.994643, 249, 73, 264, 136
-0.994647, 215, 1, 230, 64
-0.994649, 101, 169, 116, 232
-0.994655, 85, 153, 100, 216
-0.99466, 15, 177, 30, 240
-0.994664, 17, 345, 144, 375
-0.994668, 103, 33, 118, 96
-0.994677, 175, 121, 190, 184
-0.994684, 135, 217, 150, 280
-0.994693, 289, 41, 416, 72
-0.994706, 427, 137, 442, 200
-0.994713, 91, 33, 106, 96
-0.994727, 451, 113, 466, 176
-0.994727, 307, 185, 322, 248
-0.994729, 117, 41, 132, 104
-0.994743, 45, 169, 60, 232
-0.994746, 281, 145, 296, 208
-0.994752, 371, 177, 386, 240
-0.994762, 455, 297, 470, 360
-0.994767, 193, 261, 320, 292
-0.99477, 199, 1, 214, 64
-0.994773, 29, 177, 44, 240
-0.994778, 327, 297, 342, 360
-0.99478, 145, 201, 160, 264
-0.994783, 65, 313, 80, 375
-0.994786, 59, 257, 74, 320
-0.994788, 189, 137, 204, 200
-0.994803, 221, 97, 236, 160
-0.994805, 407, 233, 422, 296
-0.994806, 301, 41, 316, 104
-0.994813, 391, 257, 406, 320
-0.994815, 71, 97, 86, 160
-0.994829, 289, 169, 416, 200
-0.99483, 113, 253, 240, 284
-0.994838, 149, 249, 164, 312
-0.994839, 89, 57, 104, 120
-0.994839, 129, 33, 144, 96
-0.994842, 411, 105, 426, 168
-0.99485, 149, 137, 164, 200
-0.994854, 373, 97, 388, 160
-0.994854, 181, 129, 196, 192
-0.994857, 161, 37, 288, 68
-0.994874, 337, 37, 464, 68
-0.994895, 209, 37, 336, 68
-0.994905, 305, 85, 432, 116
-0.994942, 59, 281, 74, 344
-0.994945, 385, 193, 400, 256
-0.994955, 273, 269, 400, 300
-0.994955, 217, 241, 232, 304
-0.99496, 107, 177, 122, 240
-0.994968, 205, 1, 220, 64
-0.994969, 81, 29, 208, 60
-0.994971, 379, 185, 394, 248
-0.994972, 81, 161, 208, 192
-0.994979, 273, 257, 400, 288
-0.994983, 75, 305, 90, 368
-0.994998, 209, 1, 336, 32
-0.994999, 383, 97, 398, 160
-0.995012, 289, 241, 304, 304
-0.995013, 291, 153, 306, 216
-0.995029, 337, 157, 464, 188
-0.995045, 391, 201, 406, 264
-0.995048, 415, 225, 430, 288
-0.995051, 405, 25, 420, 88
-0.995052, 451, 145, 466, 208
-0.995056, 337, 121, 464, 152
-0.995059, 279, 1, 294, 64
-0.995065, 1, 185, 16, 248
-0.995075, 149, 169, 164, 232
-0.995089, 201, 161, 216, 224
-0.995094, 237, 193, 252, 256
-0.995097, 305, 301, 432, 332
-0.995105, 67, 169, 82, 232
-0.995106, 99, 217, 114, 280
-0.995115, 227, 217, 242, 280
-0.995126, 303, 145, 318, 208
-0.995135, 187, 1, 202, 64
-0.995153, 129, 281, 256, 312
-0.99517, 67, 73, 82, 136
-0.995172, 135, 33, 150, 96
-0.995179, 349, 105, 364, 168
-0.995188, 291, 81, 306, 144
-0.995188, 23, 169, 38, 232
-0.995193, 389, 25, 404, 88
-0.995194, 399, 249, 414, 312
-0.9952, 7, 185, 22, 248
-0.995201, 173, 225, 188, 288
-0.995204, 33, 1, 160, 32
-0.995212, 65, 41, 192, 72
-0.995214, 1, 25, 256, 88
-0.995247, 49, 149, 176, 180
-0.995257, 193, 97, 320, 128
-0.995296, 177, 133, 304, 164
-0.995358, 241, 149, 368, 180
-0.995365, 1, 289, 128, 320
-0.995403, 129, 345, 256, 375
-0.995404, 289, 285, 416, 316
-0.995411, 97, 313, 224, 344
-0.995413, 305, 313, 432, 344
-0.995421, 49, 137, 176, 168
-0.995433, 225, 293, 352, 324
-0.995452, 1, 49, 256, 112
-0.995469, 273, 29, 400, 60
-0.995494, 369, 209, 496, 240
-0.995496, 353, 313, 480, 344
-0.995505, 145, 145, 272, 176
-0.995568, 369, 229, 496, 260
-0.99562, 129, 193, 256, 224
-0.995621, 113, 121, 240, 152
-0.995673, 257, 209, 384, 240
-0.995689, 337, 133, 464, 164
-0.995711, 289, 117, 416, 148
-0.995717, 49, 109, 176, 140
-0.995726, 209, 345, 336, 375
-0.995744, 305, 53, 432, 84
-0.995769, 225, 221, 352, 252
-0.995792, 161, 333, 288, 364
-0.99592, 193, 85, 320, 116
-0.995943, 241, 117, 368, 148
-0.995976, 305, 129, 336, 375
-0.995979, 369, 185, 496, 216
-0.996071, 145, 309, 272, 340
-0.996174, 65, 13, 192, 44
-0.99618, 289, 105, 416, 136
-0.996193, 353, 145, 480, 176
-0.996201, 1, 313, 128, 344
-0.996236, 241, 281, 368, 312
-0.996269, 81, 265, 208, 296
-0.996306, 1, 217, 128, 248
-0.99631, 241, 237, 368, 268
-0.996355, 17, 1, 80, 256
-0.99638, 257, 1, 384, 32
-0.99638, 289, 17, 416, 48
-0.996389, 337, 169, 464, 200
-0.996428, 177, 285, 304, 316
-0.996442, 289, 65, 320, 320
-0.996524, 17, 21, 144, 52
-0.99656, 217, 1, 248, 256
-0.996575, 289, 325, 416, 356
-0.99658, 97, 65, 224, 96
-0.996597, 241, 49, 368, 80
-0.996608, 189, 129, 220, 375
-0.99672, 261, 1, 292, 256
-0.996844, 319, 165, 334, 196
-0.996846, 417, 129, 448, 375
-0.996903, 149, 129, 180, 375
-0.996919, 261, 97, 292, 352
-0.996935, 177, 129, 208, 375
-0.996937, 249, 1, 280, 256
-0.996961, 161, 97, 192, 352
-0.996967, 73, 129, 104, 375
-0.996967, 249, 97, 280, 352
-0.996996, 209, 97, 240, 352
-0.997007, 277, 33, 308, 288
-0.997019, 77, 241, 92, 272
-0.997037, 49, 281, 64, 312
-0.997072, 125, 129, 156, 375
-0.997097, 171, 197, 186, 228
-0.997097, 397, 97, 428, 352
-0.997103, 65, 305, 80, 336
-0.997104, 85, 229, 100, 260
-0.997134, 421, 145, 436, 176
-0.997165, 287, 257, 302, 288
-0.997166, 165, 185, 180, 216
-0.997182, 91, 221, 106, 252
-0.997217, 205, 1, 236, 256
-0.997226, 391, 261, 406, 292
-0.997238, 137, 129, 168, 375
-0.997254, 125, 1, 156, 256
-0.997254, 359, 165, 374, 196
-0.997262, 409, 241, 424, 272
-0.997268, 81, 1, 112, 256
-0.997277, 277, 129, 308, 375
-0.997324, 325, 257, 340, 288
-0.997337, 229, 129, 260, 375
-0.99734, 229, 1, 260, 256
-0.997341, 189, 1, 220, 256
-0.997351, 323, 229, 338, 260
-0.997353, 55, 261, 70, 292
-0.997355, 409, 1, 440, 256
-0.997361, 179, 281, 194, 312
-0.997373, 71, 249, 86, 280
-0.997382, 369, 177, 384, 208
-0.997407, 399, 249, 414, 280
-0.997421, 199, 193, 214, 224
-0.99744, 155, 169, 170, 200
-0.997444, 77, 309, 92, 340
-0.99745, 141, 169, 156, 200
-0.997453, 381, 269, 396, 300
-0.997463, 365, 129, 396, 375
-0.997467, 301, 1, 332, 256
-0.997473, 333, 81, 348, 112
-0.997485, 353, 157, 368, 188
-0.99749, 129, 57, 384, 120
-0.997494, 381, 33, 396, 64
-0.997507, 393, 1, 424, 256
-0.99751, 173, 1, 204, 256
-0.997519, 145, 1, 176, 256
-0.997521, 461, 129, 492, 375
-0.997546, 219, 1, 234, 32
-0.997551, 249, 77, 264, 108
-0.997553, 405, 33, 420, 64
-0.997555, 151, 145, 166, 272
-0.997556, 115, 205, 130, 236
-0.997561, 159, 13, 174, 44
-0.99757, 85, 193, 100, 224
-0.997577, 93, 97, 124, 352
-0.997583, 95, 209, 110, 240
-0.997585, 229, 93, 244, 124
-0.997597, 415, 229, 430, 260
-0.99761, 57, 297, 72, 328
-0.997614, 355, 185, 370, 216
-0.997615, 197, 1, 212, 32
-0.997616, 177, 209, 192, 240
-0.997616, 143, 257, 158, 288
-0.997616, 179, 333, 194, 364
-0.997618, 147, 273, 162, 304
-0.997622, 393, 37, 408, 68
-0.997631, 217, 189, 232, 220
-0.997631, 167, 229, 182, 260
-0.997642, 419, 81, 434, 112
-0.997645, 237, 85, 252, 116
-0.997648, 285, 153, 300, 184
-0.997657, 381, 1, 412, 256
-0.997665, 301, 49, 316, 80
-0.997666, 133, 129, 148, 160
-0.997668, 317, 129, 348, 375
-0.997671, 377, 189, 392, 220
-0.997672, 371, 281, 386, 312
-0.99768, 131, 177, 146, 208
-0.99768, 211, 197, 226, 228
-0.997684, 243, 81, 258, 112
-0.997691, 441, 97, 472, 352
-0.997701, 137, 61, 152, 92
-0.997701, 293, 53, 308, 84
-0.997709, 67, 81, 82, 112
-0.99771, 89, 285, 104, 316
-0.997713, 193, 205, 208, 236
-0.997724, 387, 197, 402, 228
-0.99773, 125, 185, 140, 216
-0.997732, 289, 93, 304, 124
-0.997734, 363, 177, 378, 208
-0.997735, 421, 249, 436, 280
-0.997736, 203, 117, 218, 148
-0.997739, 285, 13, 300, 44
-0.99774, 87, 241, 102, 272
-0.997752, 281, 261, 296, 292
-0.997758, 165, 205, 180, 236
-0.99776, 287, 141, 302, 172
-0.997765, 71, 97, 86, 128
-0.997771, 167, 177, 182, 304
-0.997771, 195, 121, 210, 152
-0.997779, 199, 181, 214, 212
-0.99778, 151, 17, 166, 48
-0.997781, 223, 97, 238, 128
-0.997783, 349, 177, 364, 208
-0.997785, 211, 17, 226, 48
-0.99779, 399, 29, 414, 60
-0.99779, 417, 65, 432, 96
-0.997791, 161, 173, 176, 204
-0.997795, 255, 73, 270, 104
-0.997795, 59, 309, 74, 340
-0.997798, 401, 105, 416, 136
-0.9978, 259, 161, 274, 192
-0.99781, 385, 129, 416, 375
-0.997812, 185, 13, 200, 44
-0.997814, 293, 137, 308, 168
-0.997814, 61, 97, 92, 352
-0.997824, 215, 105, 230, 136
-0.997827, 257, 1, 272, 32
-0.997828, 95, 285, 110, 316
-0.99783, 189, 217, 204, 248
-0.997831, 345, 1, 376, 256
-0.997833, 177, 13, 192, 44
-0.997834, 5, 129, 36, 375
-0.997835, 375, 33, 390, 64
-0.997843, 131, 161, 146, 192
-0.997845, 77, 45, 92, 76
-0.997851, 367, 41, 382, 72
-0.997856, 105, 281, 120, 312
-0.997858, 65, 257, 80, 288
-0.997858, 327, 301, 342, 332
-0.99786, 13, 213, 28, 244
-0.99786, 223, 181, 238, 212
-0.997862, 213, 5, 228, 36
-0.997866, 291, 173, 306, 204
-0.997866, 263, 1, 278, 32
-0.997868, 169, 313, 184, 344
-0.997875, 107, 213, 122, 244
-0.997876, 163, 157, 178, 188
-0.997879, 229, 1, 244, 32
-0.997879, 307, 5, 322, 36
-0.997886, 167, 17, 182, 48
-0.997888, 279, 5, 294, 36
-0.997891, 165, 1, 180, 32
-0.997891, 423, 185, 438, 216
-0.997897, 205, 1, 220, 32
-0.997898, 365, 1, 396, 256
-0.997899, 371, 205, 386, 236
-0.997903, 169, 241, 184, 272
-0.997913, 361, 193, 376, 224
-0.997918, 39, 197, 54, 228
-0.997918, 471, 341, 486, 372
-0.997919, 137, 257, 152, 288
-0.99792, 361, 105, 376, 136
-0.997921, 173, 229, 188, 260
-0.997921, 3, 225, 18, 256
-0.997922, 291, 5, 306, 36
-0.997924, 313, 173, 328, 204
-0.997927, 275, 93, 290, 124
-0.997927, 347, 149, 362, 180
-0.997929, 97, 197, 112, 228
-0.997929, 91, 193, 106, 320
-0.997958, 161, 1, 192, 256
-0.997968, 113, 97, 144, 352
-0.997982, 421, 33, 452, 288
-0.998026, 109, 177, 124, 304
-0.998034, 97, 209, 112, 336
-0.998055, 69, 1, 100, 256
-0.99809, 319, 145, 334, 272
-0.998094, 215, 145, 230, 272
-0.9981, 173, 193, 188, 320
-0.998119, 307, 225, 322, 352
-0.998136, 353, 129, 384, 375
-0.998152, 203, 129, 218, 256
-0.998158, 429, 129, 460, 375
-0.998161, 221, 145, 236, 272
-0.998178, 97, 1, 128, 256
-0.998201, 209, 129, 224, 256
-0.998211, 141, 145, 156, 272
-0.998217, 103, 209, 118, 336
-0.99822, 127, 161, 142, 288
-0.998221, 159, 193, 174, 320
-0.998225, 323, 209, 338, 336
-0.998283, 133, 145, 148, 272
-0.998285, 67, 241, 82, 368
-0.998339, 85, 193, 100, 320
-0.998347, 75, 225, 90, 352
-0.998358, 41, 195, 104, 210
-0.99836, 273, 215, 336, 230
-0.998363, 281, 181, 344, 196
-0.998365, 273, 231, 336, 246
-0.99837, 97, 315, 160, 330
-0.998373, 105, 279, 168, 294
-0.998375, 273, 201, 336, 216
-0.998379, 273, 207, 336, 222
-0.998383, 333, 129, 364, 375
-0.998383, 129, 195, 192, 210
-0.998385, 273, 195, 336, 210
-0.998387, 273, 189, 336, 204
-0.998389, 1, 177, 16, 304
-0.998393, 121, 183, 184, 198
-0.998394, 145, 291, 208, 306
-0.998396, 249, 161, 312, 176
-0.998401, 273, 221, 336, 236
-0.998402, 89, 221, 152, 236
-0.998403, 281, 175, 344, 190
-0.998404, 313, 33, 344, 288
-0.998406, 129, 219, 192, 234
-0.998408, 281, 237, 344, 252
-0.998409, 121, 307, 184, 322
-0.998411, 113, 207, 176, 222
-0.998413, 129, 277, 192, 292
-0.998413, 145, 207, 208, 222
-0.998417, 105, 215, 168, 230
-0.998418, 409, 151, 472, 166
-0.998419, 185, 205, 248, 220
-0.998419, 49, 281, 112, 296
-0.998423, 121, 189, 184, 204
-0.998424, 289, 265, 352, 280
-0.998427, 241, 179, 304, 194
-0.998432, 153, 221, 216, 236
-0.998433, 177, 225, 240, 240
-0.998433, 185, 199, 248, 214
-0.998438, 273, 257, 336, 272
-0.998439, 409, 255, 472, 270
-0.998439, 201, 111, 264, 126
-0.99844, 129, 329, 192, 344
-0.99844, 281, 169, 344, 184
-0.998442, 113, 337, 176, 352
-0.998442, 417, 187, 480, 202
-0.998443, 167, 225, 182, 352
-0.998443, 81, 213, 144, 228
-0.99845, 81, 199, 144, 214
-0.99845, 233, 197, 296, 212
-0.99845, 57, 313, 120, 328
-0.998451, 249, 73, 312, 88
-0.998453, 41, 297, 104, 312
-0.998453, 409, 157, 472, 172
-0.998455, 297, 189, 360, 204
-0.998455, 145, 299, 208, 314
-0.998456, 161, 279, 224, 294
-0.998457, 129, 227, 192, 242
-0.998457, 81, 191, 144, 206
-0.998457, 177, 273, 240, 288
-0.998457, 49, 265, 112, 280
-0.998458, 57, 319, 120, 334
-0.998458, 305, 179, 368, 194
-0.998458, 345, 41, 408, 56
-0.99846, 401, 145, 464, 160
-0.99846, 289, 271, 352, 286
-0.99846, 113, 177, 176, 192
-0.998461, 121, 313, 184, 328
-0.998462, 145, 341, 208, 356
-0.998463, 241, 173, 304, 188
-0.998464, 137, 239, 200, 254
-0.998464, 97, 63, 160, 78
-0.998465, 233, 185, 296, 200
-0.998465, 57, 255, 120, 270
-0.998465, 217, 97, 280, 112
-0.998466, 369, 211, 432, 226
-0.998467, 33, 129, 64, 375
-0.998468, 161, 25, 224, 40
-0.998468, 193, 189, 256, 204
-0.998468, 281, 251, 344, 266
-0.998469, 369, 217, 432, 232
-0.998469, 289, 91, 352, 106
-0.99847, 177, 219, 240, 234
-0.99847, 185, 7, 248, 22
-0.998471, 145, 213, 208, 228
-0.998471, 185, 211, 248, 226
-0.998472, 41, 275, 104, 290
-0.998473, 169, 291, 232, 306
-0.998473, 353, 107, 416, 122
-0.998474, 137, 201, 200, 216
-0.998474, 97, 227, 160, 242
-0.998474, 137, 319, 200, 334
-0.998475, 161, 189, 224, 204
-0.998475, 137, 283, 200, 298
-0.998477, 177, 231, 240, 246
-0.998478, 209, 105, 272, 120
-0.998478, 201, 183, 264, 198
-0.998479, 257, 95, 320, 110
-0.99848, 129, 29, 192, 44
-0.998481, 113, 201, 176, 216
-0.998481, 73, 305, 136, 320
-0.998483, 241, 167, 304, 182
-0.998484, 265, 9, 328, 24
-0.998484, 137, 347, 200, 362
-0.998484, 121, 23, 184, 38
-0.998484, 89, 273, 152, 288
-0.998484, 113, 169, 176, 184
-0.998485, 257, 275, 320, 290
-0.998486, 49, 289, 112, 304
-0.998486, 417, 163, 480, 178
-0.998487, 289, 85, 352, 100
-0.998487, 193, 117, 256, 132
-0.998488, 281, 243, 344, 258
-0.998488, 369, 47, 432, 62
-0.998489, 153, 19, 216, 34
-0.99849, 153, 227, 216, 242
-0.998491, 233, 191, 296, 206
-0.998491, 89, 207, 152, 222
-0.998491, 385, 255, 448, 270
-0.998491, 297, 195, 360, 210
-0.998491, 81, 155, 144, 170
-0.998491, 265, 263, 328, 278
-0.998492, 57, 85, 120, 100
-0.998493, 385, 105, 448, 120
-0.998493, 17, 129, 48, 375
-0.998496, 113, 159, 176, 174
-0.998496, 425, 343, 488, 358
-0.998496, 417, 201, 480, 216
-0.998498, 145, 11, 208, 26
-0.998499, 121, 271, 184, 286
-0.998499, 265, 23, 328, 38
-0.9985, 161, 127, 224, 142
-0.9985, 89, 321, 152, 336
-0.9985, 369, 33, 432, 48
-0.9985, 185, 25, 248, 40
-0.9985, 209, 171, 272, 186
-0.998501, 177, 31, 240, 46
-0.998502, 393, 247, 456, 262
-0.998504, 177, 239, 240, 254
-0.998506, 301, 193, 316, 320
-0.998512, 325, 177, 356, 192
-0.998516, 309, 161, 324, 288
-0.998518, 169, 237, 200, 252
-0.998521, 211, 193, 226, 320
-0.998533, 61, 241, 76, 368
-0.998536, 445, 255, 476, 270
-0.99854, 145, 193, 160, 320
-0.998542, 205, 227, 236, 242
-0.998544, 119, 161, 134, 288
-0.998545, 61, 195, 92, 210
-0.998547, 133, 165, 164, 180
-0.998552, 269, 271, 300, 286
-0.998555, 349, 289, 380, 304
-0.99856, 285, 239, 316, 254
-0.998562, 373, 279, 404, 294
-0.998564, 261, 95, 292, 110
-0.998565, 161, 329, 192, 344
-0.998567, 217, 105, 248, 120
-0.998569, 49, 273, 80, 288
-0.998579, 261, 15, 292, 30
-0.99858, 153, 213, 184, 228
-0.998593, 315, 225, 330, 352
-0.998596, 169, 23, 200, 38
-0.998597, 297, 47, 328, 62
-0.998597, 133, 305, 164, 320
-0.9986, 49, 299, 80, 314
-0.998603, 341, 161, 372, 176
-0.998603, 101, 161, 116, 288
-0.99861, 105, 281, 136, 296
-0.998613, 153, 15, 184, 30
-0.998626, 53, 265, 84, 280
-0.998629, 213, 207, 244, 222
-0.998634, 149, 179, 180, 194
-0.998634, 205, 271, 236, 286
-0.998635, 141, 321, 172, 336
-0.998639, 181, 125, 212, 140
-0.998641, 153, 185, 184, 200
-0.998641, 145, 315, 176, 330
-0.998643, 285, 277, 316, 292
-0.998645, 153, 201, 184, 216
-0.998646, 105, 317, 136, 332
-0.998649, 179, 145, 194, 272
-0.998652, 189, 25, 220, 40
-0.998656, 401, 217, 432, 232
-0.998657, 173, 201, 204, 216
-0.998659, 277, 259, 308, 274
-0.998663, 11, 161, 26, 288
-0.998663, 297, 155, 328, 170
-0.998667, 105, 209, 136, 224
-0.998668, 65, 259, 96, 274
-0.99867, 287, 161, 302, 288
-0.998673, 157, 283, 188, 298
-0.998676, 333, 1, 364, 256
-0.998683, 157, 193, 188, 208
-0.998685, 113, 1, 144, 256
-0.998693, 89, 227, 120, 242
-0.998699, 345, 167, 376, 182
-0.9987, 25, 161, 40, 288
-0.998702, 369, 37, 400, 52
-0.99871, 173, 145, 188, 272
-0.998713, 289, 141, 320, 156
-0.998713, 385, 177, 400, 304
-0.998728, 75, 177, 90, 304
-0.998728, 105, 183, 136, 198
-0.998732, 433, 1, 464, 256
-0.998733, 85, 319, 116, 334
-0.998736, 237, 87, 268, 102
-0.998739, 57, 1, 88, 256
-0.998741, 149, 309, 180, 324
-0.998741, 221, 97, 236, 224
-0.998742, 73, 311, 104, 326
-0.998745, 179, 193, 194, 320
-0.998747, 85, 241, 100, 368
-0.998757, 189, 221, 220, 236
-0.99876, 373, 177, 388, 304
-0.998761, 85, 1, 100, 128
-0.998762, 91, 241, 106, 368
-0.998768, 197, 191, 228, 206
-0.99877, 197, 129, 212, 256
-0.998771, 93, 213, 124, 228
-0.998773, 37, 287, 68, 302
-0.99878, 469, 195, 500, 210
-0.99878, 293, 167, 324, 182
-0.998781, 233, 161, 264, 176
-0.99879, 141, 223, 172, 238
-0.998792, 97, 1, 112, 128
-0.998793, 165, 231, 196, 246
-0.998793, 423, 113, 438, 240
-0.998795, 283, 1, 298, 128
-0.998806, 289, 53, 320, 68
-0.99881, 415, 209, 430, 336
-0.99881, 401, 249, 432, 264
-0.998814, 413, 105, 444, 120
-0.998816, 149, 303, 180, 318
-0.998818, 93, 221, 124, 236
-0.998823, 31, 161, 46, 288
-0.998834, 135, 193, 150, 320
-0.998836, 157, 145, 172, 272
-0.998845, 301, 227, 332, 242
-0.99885, 363, 145, 378, 272
-0.998854, 75, 17, 90, 144
-0.998854, 277, 145, 292, 272
-0.998854, 357, 183, 388, 198
-0.998855, 389, 263, 420, 278
-0.998857, 217, 191, 248, 206
-0.998859, 81, 145, 96, 272
-0.99886, 177, 241, 192, 368
-0.998861, 149, 239, 180, 254
-0.998861, 153, 341, 184, 356
-0.998862, 457, 33, 488, 288
-0.998866, 229, 129, 244, 256
-0.998874, 381, 209, 412, 224
-0.998878, 309, 235, 340, 250
-0.998879, 309, 259, 340, 274
-0.998881, 91, 145, 106, 272
-0.998883, 17, 161, 32, 288
-0.998888, 429, 97, 444, 224
-0.998892, 125, 63, 156, 78
-0.998893, 395, 193, 410, 320
-0.998894, 153, 295, 184, 310
-0.998894, 81, 235, 112, 250
-0.998904, 281, 211, 312, 226
-0.998906, 261, 1, 276, 128
-0.998908, 233, 167, 264, 182
-0.998913, 467, 225, 482, 352
-0.99892, 69, 145, 84, 272
-0.998928, 415, 81, 430, 208
-0.998929, 69, 323, 100, 338
-0.998931, 485, 241, 500, 368
-0.998936, 73, 97, 88, 224
-0.998946, 145, 23, 176, 38
-0.998946, 285, 185, 316, 200
-0.998948, 309, 175, 340, 190
-0.998948, 459, 177, 474, 304
-0.998958, 309, 1, 324, 128
-0.99896, 377, 273, 408, 288
-0.998961, 275, 1, 290, 128
-0.998961, 353, 43, 384, 58
-0.998964, 467, 161, 482, 288
-0.998965, 151, 209, 166, 336
-0.998972, 289, 1, 304, 128
-0.998976, 225, 209, 240, 336
-0.998978, 225, 177, 256, 192
-0.998982, 93, 285, 124, 300
-0.998986, 49, 145, 64, 272
-0.998989, 453, 145, 468, 272
-0.998996, 93, 201, 124, 216
-0.998996, 295, 17, 310, 144
-0.998996, 221, 185, 252, 200
-0.998996, 305, 187, 336, 202
-0.998997, 357, 145, 372, 272
-0.999, 231, 193, 246, 320
-0.999001, 59, 177, 74, 304
-0.999001, 193, 199, 224, 214
-0.999009, 325, 85, 356, 100
-0.999015, 203, 177, 218, 304
-0.999017, 295, 129, 310, 256
-0.999019, 237, 1, 252, 128
-0.999024, 257, 129, 272, 256
-0.999032, 285, 223, 316, 238
-0.999033, 195, 177, 210, 304
-0.999038, 215, 97, 230, 224
-0.999039, 93, 207, 124, 222
-0.999049, 281, 205, 312, 220
-0.999051, 107, 129, 122, 256
-0.999052, 281, 217, 312, 232
-0.999054, 69, 247, 100, 262
-0.999067, 413, 99, 444, 114
-0.999067, 157, 207, 188, 222
-0.999067, 145, 233, 176, 248
-0.999069, 187, 145, 202, 272
-0.999071, 125, 171, 156, 186
-0.999082, 303, 65, 318, 192
-0.999085, 289, 177, 320, 192
-0.999086, 469, 33, 500, 288
-0.999092, 73, 241, 104, 256
-0.999094, 353, 177, 384, 192
-0.999099, 365, 191, 396, 206
-0.999101, 1, 225, 16, 352
-0.999104, 53, 307, 84, 322
-0.999105, 421, 177, 436, 304
-0.999107, 83, 65, 98, 192
-0.999107, 421, 65, 436, 192
-0.999108, 91, 17, 106, 144
-0.999113, 193, 207, 224, 222
-0.999114, 39, 145, 54, 272
-0.999117, 243, 145, 258, 272
-0.999118, 249, 129, 264, 256
-0.999123, 45, 129, 76, 375
-0.999123, 243, 17, 258, 144
-0.999131, 237, 145, 252, 272
-0.999135, 113, 129, 128, 256
-0.999138, 67, 65, 82, 192
-0.99914, 55, 241, 70, 368
-0.999144, 285, 65, 300, 192
-0.999147, 405, 1, 420, 128
-0.99915, 387, 225, 402, 352
-0.999155, 189, 225, 204, 352
-0.999155, 473, 225, 488, 352
-0.99916, 249, 17, 264, 144
-0.999164, 201, 225, 216, 352
-0.999184, 285, 225, 300, 352
-0.999184, 141, 97, 156, 224
-0.999186, 173, 287, 204, 302
-0.999186, 439, 97, 454, 224
-0.999187, 479, 241, 494, 368
-0.999188, 263, 129, 278, 256
-0.999191, 155, 1, 170, 128
-0.999202, 301, 113, 316, 240
-0.999211, 69, 193, 84, 320
-0.999214, 133, 179, 164, 194
-0.999222, 445, 1, 476, 256
-0.999224, 301, 241, 316, 368
-0.999225, 477, 145, 492, 272
-0.999238, 379, 209, 394, 336
-0.99924, 417, 151, 448, 166
-0.999244, 207, 81, 222, 208
-0.999245, 285, 233, 316, 248
-0.999247, 305, 195, 336, 210
-0.999252, 157, 335, 188, 350
-0.999255, 167, 129, 182, 256
-0.999258, 485, 161, 500, 288
-0.999264, 277, 97, 292, 224
-0.999266, 311, 81, 326, 208
-0.999281, 279, 49, 294, 176
-0.999283, 273, 49, 288, 176
-0.999285, 409, 225, 424, 352
-0.999286, 369, 197, 400, 212
-0.99929, 137, 279, 168, 294
-0.999293, 285, 199, 316, 214
-0.999295, 69, 253, 100, 268
-0.999295, 459, 129, 474, 256
-0.999371, 173, 207, 204, 222
-0.999381, 157, 277, 188, 292
-0.999386, 157, 289, 188, 304
-0.999448, 285, 191, 316, 206
-0.999479, 9, 33, 40, 288
-0.999593, 173, 213, 204, 228
-0.999611, 109, 215, 140, 230
-0.999628, 177, 293, 208, 308
-0.99964, 61, 315, 92, 330
-0.99965, 57, 309, 72, 324
-0.99965, 405, 33, 420, 48
-0.999651, 307, 7, 322, 22
-0.999652, 457, 255, 472, 270
-0.999652, 55, 273, 70, 288
-0.999652, 79, 255, 94, 270
-0.999653, 397, 7, 412, 22
-0.999653, 403, 7, 418, 22
-0.999653, 57, 267, 72, 282
-0.999654, 139, 63, 154, 78
-0.999654, 71, 301, 86, 316
-0.999654, 5, 227, 20, 242
-0.999654, 223, 183, 238, 198
-0.999655, 189, 213, 204, 228
-0.999655, 179, 337, 194, 352
-0.999655, 69, 99, 84, 114
-0.999655, 371, 185, 386, 200
-0.999656, 447, 309, 462, 324
-0.999656, 411, 213, 426, 228
-0.999656, 471, 343, 486, 358
-0.999656, 135, 357, 150, 372
-0.999656, 309, 19, 324, 34
-0.999657, 85, 323, 100, 338
-0.999657, 185, 9, 200, 24
-0.999658, 291, 157, 306, 172
-0.999658, 67, 319, 82, 334
-0.999658, 105, 221, 120, 236
-0.999658, 47, 279, 62, 294
-0.999658, 357, 167, 372, 182
-0.999659, 359, 173, 374, 188
-0.999659, 171, 245, 186, 260
-0.999659, 353, 313, 368, 328
-0.999659, 97, 233, 112, 248
-0.999659, 423, 193, 438, 208
-0.999659, 133, 159, 148, 174
-0.999659, 165, 227, 180, 242
-0.99966, 89, 245, 104, 260
-0.99966, 189, 349, 204, 364
-0.999662, 415, 233, 430, 248
-0.999662, 211, 291, 226, 306
-0.999662, 89, 293, 104, 308
-0.999662, 197, 121, 212, 136
-0.999662, 401, 253, 416, 268
-0.999663, 129, 361, 144, 375
-0.999663, 125, 311, 156, 326
-0.999665, 231, 95, 246, 110
-0.999666, 207, 115, 222, 130
-0.999667, 361, 195, 376, 210
-0.999667, 393, 41, 408, 56
-0.999668, 69, 255, 84, 270
-0.999668, 291, 65, 306, 80
-0.999669, 381, 195, 396, 210
-0.999669, 213, 111, 228, 126
-0.999672, 211, 203, 226, 218
-0.999672, 353, 185, 368, 200
-0.999673, 75, 325, 90, 340
-0.999674, 223, 101, 238, 116
-0.999674, 59, 303, 74, 318
-0.999674, 195, 209, 210, 224
-0.999675, 197, 185, 212, 200
-0.999676, 47, 301, 62, 316
-0.999676, 239, 87, 254, 102
-0.999677, 97, 319, 112, 334
-0.999677, 309, 181, 340, 196
-0.999677, 321, 235, 336, 250
-0.999678, 255, 73, 270, 88
-0.999678, 345, 175, 360, 190
-0.999678, 107, 281, 122, 296
-0.999678, 183, 293, 198, 308
-0.999679, 51, 195, 66, 210
-0.999679, 373, 281, 388, 296
-0.999679, 175, 219, 190, 234
-0.999681, 85, 251, 100, 266
-0.999682, 77, 195, 92, 210
-0.999683, 183, 211, 198, 226
-0.999684, 259, 163, 274, 178
-0.999686, 279, 267, 294, 282
-0.999687, 191, 219, 206, 234
-0.999688, 37, 199, 52, 214
-0.999689, 383, 271, 398, 286
-0.999689, 111, 315, 126, 330
-0.99969, 405, 41, 420, 56
-0.999691, 249, 77, 264, 92
-0.999691, 119, 313, 134, 328
-0.999693, 391, 263, 406, 278
-0.999694, 381, 33, 396, 48
-0.999694, 127, 311, 142, 326
-0.999695, 101, 209, 116, 224
-0.999695, 137, 29, 152, 44
-0.999696, 25, 33, 56, 288
-0.999696, 145, 305, 160, 320
-0.999696, 95, 201, 110, 216
-0.999696, 23, 207, 38, 222
-0.999696, 105, 317, 120, 332
-0.999696, 65, 307, 80, 322
-0.999697, 15, 215, 30, 230
-0.9997, 153, 171, 168, 186
-0.999701, 197, 203, 212, 218
-0.999702, 45, 33, 76, 288
-0.999702, 75, 311, 90, 326
-0.999703, 179, 279, 194, 294
-0.999703, 189, 291, 204, 306
-0.999704, 169, 233, 184, 248
-0.999705, 409, 243, 424, 258
-0.999706, 149, 21, 164, 36
-0.999708, 77, 245, 92, 260
-0.999708, 95, 285, 110, 300
-0.999709, 133, 309, 148, 324
-0.999712, 97, 217, 112, 232
-0.999713, 85, 197, 100, 212
-0.999722, 171, 203, 186, 218
-0.999726, 157, 179, 172, 194
-0.999727, 199, 195, 214, 210
-0.999729, 417, 67, 432, 82
-0.99973, 399, 33, 414, 48
-0.99973, 335, 83, 350, 98
-0.999731, 167, 195, 182, 210
-0.999732, 177, 295, 192, 310
-0.999735, 65, 313, 80, 328
-0.999744, 323, 227, 338, 242
-0.999753, 149, 277, 164, 292
-0.999754, 325, 259, 340, 274
-0.999755, 421, 147, 436, 162
-0.999759, 161, 185, 176, 200
-0.999759, 87, 231, 102, 246
-0.999763, 49, 285, 64, 300
-0.999768, 115, 209, 130, 224
-0.999769, 91, 225, 106, 240
-0.99977, 81, 239, 96, 254
-0.999771, 139, 307, 154, 322
-0.999776, 179, 285, 194, 300
-0.999787, 319, 169, 334, 184
-0.999792, 141, 171, 156, 186
-0.999794, 289, 261, 304, 276
-0.999934, 277, 265, 308, 280
-1.00023, 137, 173, 168, 188
