1965
-0.309778, 97, 1, 352, 375
-0.326948, 1, 1, 500, 375
-0.377536, 1, 33, 500, 288
-0.427573, 1, 1, 256, 375
-0.463957, 1, 129, 500, 375
-0.467999, 193, 1, 448, 375
-0.498731, 65, 97, 320, 352
-0.514185, 129, 1, 384, 256
-0.532394, 225, 33, 480, 288
-0.664162, 33, 1, 288, 256
-0.679206, 161, 129, 416, 375
-0.784036, 257, 129, 500, 375
-0.789811, 145, 1, 272, 375
-0.814351, 97, 1, 224, 375
-0.823375, 225, 1, 352, 375
-0.834062, 161, 1, 288, 256
-0.83885, 225, 33, 352, 288
-0.844266, 145, 97, 272, 352
-0.862404, 193, 129, 320, 375
-0.863792, 97, 129, 224, 375
-0.865492, 1, 49, 500, 176
-0.865697, 305, 1, 432, 375
-0.86636, 273, 33, 400, 288
-0.874289, 1, 1, 500, 128
-0.88308, 321, 1, 448, 256
-0.883108, 113, 1, 240, 256
-0.883971, 1, 113, 500, 240
-0.891952, 49, 1, 176, 375
-0.892213, 65, 1, 192, 256
-0.896936, 241, 129, 368, 375
-0.899516, 65, 97, 320, 224
-0.899746, 129, 49, 384, 176
-0.904378, 193, 1, 448, 128
-0.905579, 1, 225, 500, 352
-0.907472, 97, 145, 352, 272
-0.908672, 1, 129, 128, 375
-0.910566, 225, 49, 480, 176
-0.911187, 129, 209, 384, 336
-0.914046, 49, 97, 176, 352
-0.915676, 33, 49, 288, 176
-0.91578, 353, 1, 480, 375
-0.916809, 1, 177, 500, 304
-0.918156, 1, 1, 128, 375
-0.920453, 305, 129, 432, 375
-0.921083, 369, 1, 496, 256
-0.921792, 17, 1, 144, 256
-0.92254, 209, 33, 336, 160
-0.925567, 145, 65, 272, 192
-0.927084, 65, 1, 320, 128
-0.930838, 1, 145, 256, 272
-0.93406, 185, 33, 248, 160
-0.934577, 33, 241, 288, 368
-0.935015, 161, 17, 288, 144
-0.935933, 257, 49, 384, 176
-0.937894, 225, 33, 288, 160
-0.938159, 161, 97, 416, 224
-0.939798, 161, 49, 224, 176
-0.940091, 257, 33, 320, 160
-0.940188, 217, 81, 280, 208
-0.942212, 65, 113, 192, 240
-0.943714, 225, 225, 352, 352
-0.943761, 273, 225, 336, 352
-0.9443, 209, 81, 336, 208
-0.944487, 209, 145, 336, 272
-0.945431, 33, 193, 288, 320
-0.94615, 81, 241, 208, 368
-0.947366, 129, 129, 192, 256
-0.948036, 161, 209, 288, 336
-0.948238, 185, 33, 248, 96
-0.94867, 225, 145, 480, 272
-0.949348, 129, 81, 192, 208
-0.949975, 97, 193, 224, 320
-0.950163, 89, 225, 152, 352
-0.950322, 17, 313, 80, 375
-0.951039, 281, 49, 344, 176
-0.951095, 273, 65, 336, 128
-0.951376, 257, 97, 500, 224
-0.951586, 257, 177, 320, 304
-0.952802, 337, 33, 464, 160
-0.952811, 353, 33, 416, 160
-0.953271, 225, 57, 288, 120
-0.953305, 97, 177, 160, 304
-0.954036, 345, 49, 408, 112
-0.954224, 241, 33, 304, 96
-0.95456, 241, 1, 304, 64
-0.954656, 65, 113, 128, 240
-0.954722, 153, 1, 216, 128
-0.954871, 81, 65, 208, 192
-0.954997, 225, 193, 480, 320
-0.955686, 113, 105, 176, 168
-0.95586, 137, 209, 200, 336
-0.956004, 153, 49, 216, 112
-0.956569, 217, 81, 280, 144
-0.95659, 113, 1, 240, 128
-0.956673, 321, 57, 384, 120
-0.956695, 49, 161, 112, 288
-0.956929, 145, 113, 272, 240
-0.95707, 1, 33, 128, 160
-0.95719, 273, 1, 400, 128
-0.957302, 193, 81, 256, 208
-0.957345, 281, 281, 344, 344
-0.957463, 89, 105, 152, 168
-0.957965, 113, 1, 176, 128
-0.958273, 321, 49, 384, 176
-0.958634, 25, 129, 88, 256
-0.958782, 249, 241, 312, 368
-0.958867, 105, 97, 168, 224
-0.959074, 105, 49, 168, 176
-0.959262, 169, 73, 232, 136
-0.959294, 257, 129, 320, 256
-0.959615, 161, 145, 224, 272
-0.960091, 65, 17, 192, 144
-0.960179, 249, 73, 312, 136
-0.960476, 209, 33, 272, 96
-0.960681, 265, 41, 328, 104
-0.960906, 73, 177, 136, 304
-0.961579, 145, 161, 272, 288
-0.961952, 73, 265, 136, 328
-0.962254, 1, 113, 128, 240
-0.962295, 113, 129, 176, 192
-0.962704, 1, 65, 64, 192
-0.962724, 353, 97, 480, 352
-0.963089, 49, 177, 176, 304
-0.963106, 257, 241, 320, 304
-0.963195, 201, 57, 264, 120
-0.963285, 169, 193, 232, 320
-0.963403, 273, 209, 400, 336
-0.963471, 241, 81, 304, 208
-0.963536, 297, 57, 360, 120
-0.963563, 153, 81, 184, 208
-0.963608, 257, 265, 320, 328
-0.963637, 321, 81, 448, 208
-0.963744, 161, 41, 288, 104
-0.963787, 137, 97, 200, 160
-0.963841, 129, 97, 256, 160
-0.964407, 161, 97, 224, 224
-0.964767, 329, 1, 392, 64
-0.964976, 217, 225, 280, 352
-0.965444, 361, 1, 424, 64
-0.965572, 113, 177, 176, 240
-0.965823, 129, 153, 192, 216
-0.965989, 97, 201, 160, 264
-0.966036, 257, 57, 384, 120
-0.966081, 33, 289, 96, 352
-0.966113, 305, 193, 368, 320
-0.966329, 273, 1, 400, 64
-0.966422, 205, 17, 236, 144
-0.966555, 209, 249, 336, 312
-0.966596, 209, 33, 336, 96
-0.966806, 217, 1, 280, 256
-0.966854, 353, 25, 416, 88
-0.966948, 217, 113, 280, 176
-0.967106, 57, 241, 120, 368
-0.967291, 121, 257, 184, 320
-0.967305, 265, 153, 328, 216
-0.967491, 241, 33, 272, 160
-0.9676, 113, 225, 176, 352
-0.967679, 273, 113, 400, 240
-0.967856, 265, 177, 328, 240
-0.967883, 49, 17, 112, 144
-0.967953, 225, 241, 480, 368
-0.96836, 177, 1, 240, 256
-0.968409, 89, 233, 152, 296
-0.968536, 281, 113, 344, 240
-0.968555, 129, 129, 192, 375
-0.968645, 225, 33, 256, 160
-0.96866, 257, 161, 384, 288
-0.968699, 121, 49, 184, 112
-0.968765, 377, 1, 440, 128
-0.968791, 209, 73, 336, 136
-0.968906, 65, 161, 128, 224
-0.968915, 257, 65, 320, 320
-0.969303, 157, 33, 188, 160
-0.969351, 345, 73, 408, 136
-0.969363, 65, 121, 128, 184
-0.969419, 193, 209, 256, 336
-0.969503, 369, 49, 432, 112
-0.969589, 217, 129, 280, 256
-0.969625, 261, 49, 292, 176
-0.969722, 233, 249, 296, 312
-0.97007, 241, 97, 304, 160
-0.970107, 65, 185, 128, 248
-0.970131, 193, 81, 256, 144
-0.970147, 161, 73, 288, 136
-0.970223, 281, 1, 344, 64
-0.970232, 217, 9, 280, 72
-0.970252, 289, 17, 320, 144
-0.970466, 41, 185, 104, 248
-0.970481, 289, 257, 352, 320
-0.970561, 305, 305, 368, 368
-0.970604, 217, 177, 280, 304
-0.970633, 385, 1, 448, 64
-0.970773, 153, 17, 216, 80
-0.971029, 129, 217, 192, 280
-0.971082, 281, 1, 344, 256
-0.971239, 57, 289, 120, 352
-0.97129, 281, 305, 344, 368
-0.971437, 25, 81, 88, 208
-0.971539, 289, 33, 416, 96
-0.971578, 193, 17, 224, 144
-0.971581, 1, 145, 64, 272
-0.97205, 25, 145, 88, 208
-0.97228, 33, 241, 160, 368
-0.972543, 153, 201, 216, 264
-0.972545, 193, 9, 256, 72
-0.972773, 305, 1, 368, 64
-0.972948, 281, 1, 344, 128
-0.973043, 377, 65, 440, 192
-0.973215, 301, 241, 332, 368
-0.973421, 369, 81, 496, 208
-0.973497, 89, 129, 152, 192
-0.97356, 305, 281, 368, 344
-0.973775, 81, 33, 144, 160
-0.973777, 169, 169, 232, 232
-0.973794, 273, 121, 336, 184
-0.973816, 313, 129, 376, 256
-0.973847, 89, 177, 152, 240
-0.974035, 41, 313, 104, 375
-0.974048, 377, 25, 440, 88
-0.974116, 65, 129, 192, 192
-0.974139, 81, 265, 208, 328
-0.974148, 81, 105, 208, 168
-0.974167, 57, 65, 120, 192
-0.974196, 145, 33, 208, 288
-0.974199, 297, 241, 360, 368
-0.974226, 121, 1, 184, 64
-0.974391, 157, 145, 188, 272
-0.974474, 377, 1, 408, 128
-0.974543, 121, 1, 184, 256
-0.974702, 345, 81, 408, 208
-0.974759, 217, 97, 280, 352
-0.97477, 217, 81, 248, 208
-0.97496, 137, 177, 200, 240
-0.975071, 233, 65, 264, 128
-0.975094, 305, 281, 336, 344
-0.975109, 25, 313, 56, 375
-0.975132, 145, 289, 208, 352
-0.975161, 209, 169, 336, 232
-0.975248, 281, 225, 344, 288
-0.975269, 97, 265, 160, 328
-0.975293, 145, 217, 272, 280
-0.975325, 65, 185, 192, 248
-0.975373, 357, 33, 388, 160
-0.975416, 225, 281, 352, 344
-0.975583, 281, 49, 312, 112
-0.975644, 241, 153, 304, 216
-0.975692, 25, 33, 88, 160
-0.97572, 117, 105, 148, 168
-0.975756, 209, 1, 336, 64
-0.975982, 145, 73, 208, 136
-0.976028, 141, 97, 172, 224
-0.976047, 65, 217, 128, 280
-0.976124, 169, 81, 200, 208
-0.976179, 281, 177, 344, 304
-0.976311, 193, 161, 256, 288
-0.976448, 277, 17, 308, 144
-0.976505, 1, 177, 128, 304
-0.976611, 249, 49, 280, 112
-0.976663, 193, 297, 256, 360
-0.976782, 105, 105, 136, 168
-0.97686, 17, 297, 144, 360
-0.976922, 153, 129, 216, 375
-0.977014, 205, 65, 236, 192
-0.977065, 229, 81, 260, 208
-0.977113, 297, 57, 328, 120
-0.977295, 145, 33, 176, 160
-0.977321, 157, 57, 188, 120
-0.977543, 161, 241, 224, 368
-0.977561, 337, 41, 464, 104
-0.977563, 317, 281, 348, 344
-0.9776, 177, 265, 240, 328
-0.977743, 13, 313, 44, 375
-0.97776, 253, 73, 284, 136
-0.97784, 149, 97, 180, 160
-0.977854, 245, 81, 276, 208
-0.977975, 309, 305, 340, 368
-0.977977, 213, 41, 244, 104
-0.978038, 329, 49, 360, 176
-0.978038, 177, 97, 240, 352
-0.978061, 249, 129, 312, 192
-0.978109, 129, 105, 160, 168
-0.978117, 193, 33, 224, 96
-0.978143, 353, 1, 416, 256
-0.978227, 289, 225, 320, 352
-0.978306, 305, 1, 368, 128
-0.978387, 289, 33, 352, 96
-0.978474, 153, 1, 216, 375
-0.978498, 285, 25, 316, 88
-0.978518, 37, 297, 68, 360
-0.978522, 1, 73, 64, 136
-0.978525, 9, 225, 72, 352
-0.978532, 297, 145, 360, 208
-0.978566, 261, 49, 292, 112
-0.978621, 285, 65, 316, 192
-0.978641, 209, 113, 336, 176
-0.97868, 309, 49, 340, 176
-0.978733, 81, 209, 208, 272
-0.978822, 377, 49, 408, 176
-0.978865, 305, 161, 432, 288
-0.978901, 273, 73, 304, 136
-0.978925, 313, 81, 376, 144
-0.978931, 89, 209, 120, 336
-0.978942, 305, 33, 368, 288
-0.979025, 209, 145, 336, 208
-0.979028, 97, 49, 128, 176
-0.979088, 233, 33, 264, 96
-0.979118, 377, 49, 408, 112
-0.979133, 389, 1, 420, 64
-0.979148, 153, 225, 216, 288
-0.979194, 257, 289, 320, 352
-0.979253, 97, 289, 224, 352
-0.979301, 161, 17, 288, 80
-0.979327, 225, 209, 352, 272
-0.97935, 265, 145, 296, 272
-0.979367, 217, 177, 280, 240
-0.97939, 417, 65, 480, 192
-0.979445, 73, 57, 136, 120
-0.979447, 129, 193, 256, 256
-0.97946, 433, 113, 496, 240
-0.979579, 33, 129, 96, 375
-0.97962, 221, 81, 252, 144
-0.979639, 157, 193, 188, 320
-0.979653, 365, 33, 396, 96
-0.979707, 289, 265, 320, 328
-0.979753, 321, 33, 384, 96
-0.979775, 105, 129, 168, 375
-0.979819, 193, 105, 256, 168
-0.979833, 93, 97, 124, 160
-0.979834, 277, 241, 308, 368
-0.979898, 193, 1, 256, 375
-0.979922, 49, 297, 80, 360
-0.980075, 245, 1, 276, 64
-0.980087, 201, 225, 264, 288
-0.980145, 329, 1, 392, 128
-0.980273, 117, 225, 148, 352
-0.980343, 145, 265, 208, 328
-0.980344, 377, 1, 408, 64
-0.980383, 369, 9, 496, 72
-0.980394, 121, 177, 152, 304
-0.980441, 341, 57, 372, 120
-0.980481, 25, 177, 88, 304
-0.980505, 329, 297, 392, 360
-0.980514, 145, 137, 176, 200
-0.980526, 169, 209, 200, 336
-0.980529, 305, 217, 368, 280
-0.980544, 273, 153, 304, 216
-0.980555, 113, 41, 240, 104
-0.98068, 49, 153, 176, 216
-0.980741, 61, 289, 92, 352
-0.980759, 101, 177, 132, 304
-0.980785, 141, 41, 172, 104
-0.980822, 121, 1, 184, 375
-0.980833, 217, 201, 280, 264
-0.980848, 161, 241, 288, 304
-0.98085, 193, 65, 224, 128
-0.980869, 281, 97, 344, 352
-0.980875, 169, 57, 200, 120
-0.980971, 105, 25, 168, 88
-0.981013, 209, 73, 240, 136
-0.981024, 17, 169, 80, 232
-0.981117, 273, 249, 304, 312
-0.981123, 181, 49, 212, 176
-0.981123, 157, 145, 188, 208
-0.981144, 249, 217, 312, 280
-0.981159, 81, 273, 112, 336
-0.981166, 137, 129, 200, 192
-0.981173, 49, 265, 112, 328
-0.981186, 97, 1, 160, 256
-0.981205, 249, 1, 312, 375
-0.981209, 157, 185, 188, 248
-0.981252, 169, 161, 200, 288
-0.981282, 273, 1, 304, 64
-0.981285, 313, 121, 376, 184
-0.981296, 153, 313, 216, 375
-0.981334, 1, 313, 32, 375
-0.98134, 341, 65, 372, 192
-0.98139, 329, 33, 392, 288
-0.981394, 113, 257, 144, 320
-0.981405, 9, 289, 72, 352
-0.981411, 365, 1, 396, 64
-0.981461, 25, 97, 88, 160
-0.981485, 169, 17, 200, 144
-0.981503, 273, 281, 400, 344
-0.98158, 321, 305, 352, 368
-0.9816, 297, 161, 328, 224
-0.981644, 289, 241, 320, 304
-0.981685, 113, 201, 144, 264
-0.981719, 113, 81, 176, 144
-0.981732, 113, 65, 240, 128
-0.981737, 33, 241, 96, 368
-0.981783, 377, 25, 408, 88
-0.981897, 241, 89, 272, 152
-0.981899, 301, 1, 332, 64
-0.981921, 261, 1, 292, 64
-0.981965, 301, 33, 332, 96
-0.981969, 389, 1, 420, 128
-0.981986, 365, 65, 396, 128
-0.981993, 261, 97, 292, 224
-0.982006, 97, 1, 224, 64
-0.982034, 285, 73, 316, 136
-0.98204, 321, 49, 352, 112
-0.982092, 321, 1, 448, 64
-0.982101, 105, 241, 136, 368
-0.982114, 309, 57, 340, 120
-0.982139, 17, 185, 144, 248
-0.982145, 73, 97, 136, 352
-0.982149, 1, 49, 64, 112
-0.982158, 117, 177, 148, 240
-0.982187, 129, 129, 160, 192
-0.982237, 273, 1, 336, 375
-0.982241, 89, 153, 152, 216
-0.982321, 5, 49, 36, 176
-0.982325, 321, 241, 384, 368
-0.982378, 181, 49, 212, 112
-0.982505, 313, 193, 344, 320
-0.982514, 65, 81, 128, 144
-0.98254, 273, 81, 304, 208
-0.982658, 253, 249, 284, 312
-0.982666, 277, 273, 308, 336
-0.982673, 177, 225, 240, 288
-0.982742, 285, 153, 316, 216
-0.982871, 1, 97, 64, 160
-0.982892, 293, 289, 324, 352
-0.982898, 65, 57, 192, 120
-0.982911, 229, 9, 260, 72
-0.982938, 65, 185, 96, 248
-0.982987, 277, 129, 308, 256
-0.983011, 289, 169, 352, 232
-0.98302, 157, 33, 188, 96
-0.98302, 145, 201, 176, 264
-0.983038, 77, 113, 108, 240
-0.983066, 1, 73, 32, 136
-0.98312, 361, 97, 424, 160
-0.983139, 73, 193, 104, 320
-0.98317, 257, 129, 384, 192
-0.983237, 81, 241, 208, 304
-0.983243, 89, 289, 152, 352
-0.983251, 93, 257, 124, 320
-0.983262, 193, 37, 256, 68
-0.983278, 377, 1, 440, 256
-0.983296, 353, 1, 384, 64
-0.983308, 1, 81, 128, 144
-0.983309, 53, 129, 84, 256
-0.983352, 13, 49, 44, 112
-0.98342, 161, 121, 288, 184
-0.983469, 161, 97, 192, 160
-0.983472, 77, 121, 108, 184
-0.983522, 217, 17, 248, 80
-0.983525, 241, 113, 272, 176
-0.983575, 369, 81, 496, 144
-0.983593, 225, 225, 288, 288
-0.983639, 301, 257, 332, 320
-0.983643, 173, 89, 204, 152
-0.983647, 401, 1, 432, 64
-0.983669, 157, 217, 188, 280
-0.983672, 305, 129, 368, 375
-0.983694, 97, 49, 160, 112
-0.983757, 81, 17, 144, 80
-0.9838, 353, 73, 384, 136
-0.9839, 89, 81, 152, 144
-0.983905, 145, 177, 176, 240
-0.983907, 1, 49, 32, 112
-0.983912, 293, 161, 324, 288
-0.983917, 225, 1, 288, 375
-0.983924, 101, 201, 132, 264
-0.983956, 353, 41, 384, 104
-0.983987, 217, 145, 280, 208
-0.984021, 285, 129, 316, 192
-0.984054, 145, 65, 176, 128
-0.98406, 177, 281, 304, 344
-0.984062, 125, 81, 156, 208
-0.984063, 205, 17, 236, 80
-0.984086, 169, 209, 200, 272
-0.984151, 257, 81, 384, 144
-0.984209, 369, 73, 432, 136
-0.984238, 145, 161, 272, 224
-0.984272, 305, 65, 432, 128
-0.984276, 229, 113, 260, 176
-0.984282, 389, 25, 420, 88
-0.984321, 169, 33, 200, 96
-0.984326, 117, 129, 148, 192
-0.984343, 313, 241, 344, 368
-0.984396, 389, 57, 420, 120
-0.984402, 337, 121, 400, 184
-0.984407, 1, 329, 64, 360
-0.98442, 253, 1, 284, 128
-0.984437, 401, 17, 464, 144
-0.984452, 341, 1, 372, 64
-0.984485, 89, 97, 120, 224
-0.98449, 173, 281, 204, 344
-0.984499, 285, 1, 316, 64
-0.984514, 25, 313, 88, 344
-0.984516, 241, 177, 304, 240
-0.984547, 101, 129, 132, 192
-0.984551, 181, 1, 212, 128
-0.984581, 125, 209, 156, 272
-0.984592, 241, 241, 272, 304
-0.984608, 129, 249, 160, 312
-0.984616, 141, 1, 172, 64
-0.984658, 53, 145, 84, 208
-0.98466, 97, 161, 224, 224
-0.984683, 301, 137, 332, 200
-0.984717, 97, 225, 128, 288
-0.984758, 249, 57, 312, 88
-0.98476, 433, 129, 496, 192
-0.984783, 17, 113, 144, 176
-0.984807, 209, 305, 336, 368
-0.984843, 77, 241, 108, 368
-0.984856, 273, 233, 400, 296
-0.984871, 17, 273, 144, 336
-0.984877, 169, 93, 232, 124
-0.984884, 313, 209, 344, 272
-0.984906, 169, 145, 232, 208
-0.984933, 393, 57, 456, 120
-0.984946, 145, 53, 208, 84
-0.984997, 273, 73, 336, 104
-0.985023, 97, 1, 160, 375
-0.985086, 289, 57, 352, 88
-0.985086, 81, 209, 112, 272
-0.985107, 33, 33, 96, 288
-0.985111, 257, 25, 288, 88
-0.985163, 217, 105, 248, 168
-0.985267, 345, 1, 408, 375
-0.985283, 1, 145, 64, 208
-0.985307, 1, 153, 128, 216
-0.985309, 305, 121, 432, 184
-0.985315, 129, 273, 160, 336
-0.985333, 425, 1, 488, 128
-0.985337, 181, 25, 212, 88
-0.985343, 109, 81, 140, 208
-0.985365, 109, 17, 140, 144
-0.985455, 377, 89, 408, 152
-0.985484, 41, 25, 104, 88
-0.985513, 89, 49, 120, 112
-0.985601, 117, 233, 148, 296
-0.985615, 225, 177, 256, 240
-0.985675, 253, 113, 284, 176
-0.985682, 65, 241, 128, 304
-0.98571, 145, 225, 176, 288
-0.985806, 113, 49, 176, 80
-0.985817, 225, 177, 256, 304
-0.985829, 73, 17, 104, 80
-0.985837, 25, 289, 56, 352
-0.985868, 133, 185, 164, 248
-0.985909, 129, 25, 192, 88
-0.985926, 305, 193, 368, 256
-0.986066, 245, 225, 276, 352
-0.986092, 249, 69, 312, 100
-0.986127, 261, 145, 292, 208
-0.986133, 313, 129, 344, 192
-0.986155, 109, 65, 140, 128
-0.986173, 177, 185, 208, 248
-0.986189, 117, 281, 148, 344
-0.986254, 17, 153, 48, 216
-0.986259, 189, 1, 220, 64
-0.986304, 321, 241, 448, 368
-0.98637, 233, 273, 296, 336
-0.986376, 297, 1, 360, 375
-0.986409, 409, 1, 472, 64
-0.986426, 133, 17, 164, 144
-0.98648, 65, 1, 128, 375
-0.986506, 9, 129, 72, 375
-0.986546, 161, 65, 224, 96
-0.986631, 193, 33, 448, 96
-0.98664, 225, 57, 288, 88
-0.98665, 169, 97, 232, 160
-0.98671, 345, 53, 408, 84
-0.986713, 321, 1, 384, 375
-0.986744, 81, 121, 144, 152
-0.986777, 225, 257, 288, 288
-0.98691, 273, 45, 336, 76
-0.986951, 1, 317, 64, 348
-0.986971, 313, 69, 376, 100
-0.987092, 397, 65, 428, 192
-0.987117, 81, 269, 144, 300
-0.987147, 257, 153, 384, 216
-0.98715, 193, 185, 256, 248
-0.987155, 241, 37, 304, 68
-0.9873, 85, 33, 116, 160
-0.987321, 185, 49, 248, 80
-0.987332, 225, 1, 480, 64
-0.987375, 401, 1, 432, 128
-0.987375, 1, 97, 32, 224
-0.987383, 193, 65, 224, 192
-0.98739, 33, 301, 96, 332
-0.987395, 209, 81, 272, 112
-0.98743, 289, 285, 352, 316
-0.987493, 181, 209, 212, 336
-0.987578, 261, 193, 292, 320
-0.987685, 145, 193, 176, 320
-0.987701, 209, 1, 272, 32
-0.987741, 297, 113, 328, 240
-0.987764, 33, 209, 160, 272
-0.987818, 61, 177, 92, 304
-0.987831, 361, 1, 424, 32
-0.987832, 257, 269, 320, 300
-0.987888, 225, 69, 288, 100
-0.987927, 337, 73, 400, 104
-0.988051, 65, 97, 320, 160
-0.988064, 305, 89, 432, 152
-0.988068, 1, 1, 64, 375
-0.988116, 1, 17, 64, 144
-0.988138, 145, 145, 176, 272
-0.988164, 201, 65, 264, 96
-0.988231, 65, 129, 96, 256
-0.988249, 257, 1, 320, 32
-0.988265, 369, 1, 432, 375
-0.988281, 265, 253, 328, 284
-0.988284, 129, 265, 256, 328
-0.988289, 337, 1, 400, 32
-0.988292, 105, 109, 168, 140
-0.988293, 401, 113, 464, 240
-0.988296, 177, 81, 240, 112
-0.988347, 241, 25, 304, 56
-0.988389, 65, 281, 128, 312
-0.988434, 137, 65, 200, 96
-0.988569, 17, 249, 144, 312
-0.988577, 37, 241, 68, 368
-0.988613, 289, 209, 416, 272
-0.988617, 257, 177, 384, 240
-0.98864, 49, 209, 112, 240
-0.988657, 65, 25, 192, 88
-0.988697, 193, 57, 448, 120
-0.988736, 113, 137, 240, 200
-0.988741, 257, 241, 288, 368
-0.988745, 217, 41, 280, 72
-0.988804, 113, 209, 176, 240
-0.988819, 265, 177, 328, 208
-0.988895, 321, 129, 352, 256
-0.988928, 249, 113, 312, 144
-0.988947, 113, 137, 176, 168
-0.989017, 401, 1, 464, 256
-0.989042, 209, 97, 272, 128
-0.989066, 97, 257, 160, 288
-0.989088, 377, 113, 440, 240
-0.989106, 129, 129, 160, 256
-0.989117, 121, 253, 184, 284
-0.989127, 369, 129, 496, 256
-0.989131, 241, 81, 304, 112
-0.989138, 145, 41, 208, 72
-0.989176, 313, 57, 376, 88
-0.989264, 273, 305, 400, 368
-0.989295, 73, 201, 136, 232
-0.989297, 289, 301, 352, 332
-0.989363, 105, 185, 168, 216
-0.989408, 81, 53, 144, 84
-0.989419, 1, 145, 32, 272
-0.989451, 1, 289, 256, 352
-0.98953, 73, 217, 136, 248
-0.989616, 321, 305, 448, 368
-0.989641, 369, 25, 432, 56
-0.989712, 89, 229, 152, 260
-0.989728, 1, 41, 500, 104
-0.989741, 365, 81, 396, 208
-0.989763, 97, 209, 352, 272
-0.989851, 65, 1, 128, 256
-0.989914, 1, 1, 64, 256
-0.990049, 337, 85, 400, 116
-0.990086, 209, 113, 272, 144
-0.990154, 201, 209, 232, 336
-0.990166, 265, 281, 328, 312
-0.990239, 369, 57, 432, 88
-0.990239, 17, 129, 48, 256
-0.990315, 25, 325, 88, 356
-0.990346, 105, 129, 136, 256
-0.990411, 233, 1, 296, 32
-0.990429, 121, 149, 184, 180
-0.990442, 257, 105, 384, 168
-0.990468, 97, 41, 352, 104
-0.990477, 33, 185, 96, 216
-0.990526, 233, 173, 296, 204
-0.990601, 209, 245, 272, 276
-0.990607, 281, 177, 312, 304
-0.990638, 9, 341, 72, 372
-0.990648, 17, 49, 48, 176
-0.99067, 209, 25, 272, 56
-0.990683, 153, 217, 216, 248
-0.990684, 433, 65, 496, 320
-0.990708, 57, 241, 88, 368
-0.990766, 121, 225, 184, 256
-0.990786, 33, 137, 288, 200
-0.990797, 257, 241, 320, 272
-0.990832, 297, 65, 328, 192
-0.990842, 129, 281, 192, 312
-0.990845, 1, 113, 500, 176
-0.990866, 105, 61, 168, 92
-0.990932, 353, 81, 384, 208
-0.990938, 65, 233, 320, 296
-0.990943, 193, 81, 448, 144
-0.99096, 1, 1, 500, 64
-0.991016, 181, 129, 212, 256
-0.991024, 145, 29, 208, 60
-0.991051, 41, 113, 72, 240
-0.991075, 169, 37, 232, 68
-0.99108, 81, 109, 144, 140
-0.991177, 65, 293, 128, 324
-0.991183, 1, 313, 256, 375
-0.991195, 129, 225, 160, 352
-0.991208, 293, 57, 324, 88
-0.991236, 129, 197, 192, 228
-0.991243, 133, 177, 164, 304
-0.991247, 257, 69, 384, 100
-0.991275, 305, 313, 368, 344
-0.991283, 369, 13, 432, 44
-0.991332, 129, 105, 192, 136
-0.991336, 209, 57, 336, 88
-0.991339, 337, 41, 400, 72
-0.991373, 309, 285, 340, 316
-0.991385, 281, 1, 344, 32
-0.991437, 1, 81, 500, 144
-0.99144, 281, 69, 312, 100
-0.991446, 257, 161, 320, 192
-0.991475, 237, 69, 268, 100
-0.991489, 129, 281, 384, 344
-0.99149, 313, 1, 376, 32
-0.991562, 65, 189, 128, 220
-0.99167, 129, 185, 192, 216
-0.991673, 321, 65, 352, 96
-0.991679, 249, 73, 280, 104
-0.991698, 409, 1, 472, 32
-0.991713, 161, 305, 416, 368
-0.991718, 257, 257, 384, 320
-0.991721, 317, 297, 348, 328
-0.991729, 241, 1, 272, 32
-0.99175, 295, 25, 310, 88
-0.991793, 153, 53, 184, 84
-0.991796, 45, 305, 76, 336
-0.991802, 169, 61, 200, 92
-0.991804, 137, 169, 200, 200
-0.991812, 97, 17, 352, 80
-0.991814, 281, 33, 344, 64
-0.991826, 105, 125, 168, 156
-0.991828, 41, 1, 104, 375
-0.991837, 65, 169, 320, 232
-0.991863, 265, 73, 296, 104
-0.99189, 393, 13, 456, 44
-0.99189, 33, 173, 96, 204
-0.991919, 25, 157, 88, 188
-0.991931, 29, 145, 60, 272
-0.991959, 97, 257, 352, 320
-0.99197, 369, 129, 496, 192
-0.991989, 313, 81, 376, 112
-0.992, 257, 257, 288, 288
-0.992004, 281, 41, 312, 72
-0.992005, 161, 305, 288, 368
-0.992013, 329, 129, 392, 375
-0.992019, 177, 41, 304, 72
-0.992021, 161, 73, 288, 104
-0.992033, 305, 301, 336, 332
-0.992044, 353, 105, 480, 168
-0.992048, 433, 161, 496, 288
-0.992059, 241, 53, 272, 84
-0.992064, 185, 25, 248, 56
-0.99208, 249, 13, 312, 44
-0.99208, 261, 57, 292, 88
-0.992087, 361, 81, 424, 112
-0.992105, 121, 37, 184, 68
-0.992108, 33, 313, 64, 344
-0.992129, 145, 293, 208, 324
-0.992133, 105, 113, 136, 144
-0.992145, 265, 149, 328, 180
-0.992164, 233, 269, 296, 300
-0.992166, 393, 1, 456, 375
-0.992169, 153, 197, 216, 228
-0.99218, 377, 1, 408, 32
-0.992185, 85, 273, 116, 304
-0.992187, 117, 105, 132, 168
-0.992223, 213, 177, 244, 304
-0.992227, 117, 265, 148, 296
-0.992237, 65, 73, 320, 136
-0.992261, 193, 317, 256, 348
-0.992261, 323, 281, 338, 344
-0.992263, 21, 313, 52, 344
-0.992265, 285, 265, 316, 296
-0.992266, 361, 37, 424, 68
-0.992268, 281, 329, 344, 360
-0.992279, 57, 297, 88, 328
-0.992279, 1, 41, 128, 104
-0.992283, 181, 57, 212, 88
-0.992284, 57, 121, 120, 152
-0.992286, 97, 265, 128, 296
-0.9923, 345, 69, 376, 100
-0.992312, 373, 49, 404, 80
-0.992318, 33, 197, 96, 228
-0.992323, 233, 101, 296, 132
-0.992324, 129, 121, 384, 184
-0.992336, 253, 1, 284, 32
-0.992338, 161, 61, 288, 92
-0.99234, 129, 49, 256, 80
-0.992342, 89, 117, 120, 148
-0.992342, 297, 285, 328, 316
-0.992344, 17, 333, 48, 364
-0.99237, 469, 97, 500, 224
-0.99239, 233, 33, 264, 64
-0.992401, 137, 77, 200, 108
-0.992401, 197, 37, 228, 68
-0.992402, 357, 77, 388, 108
-0.992402, 73, 205, 104, 236
-0.992403, 369, 33, 400, 64
-0.992404, 281, 53, 312, 84
-0.99242, 317, 321, 348, 352
-0.992425, 265, 293, 328, 324
-0.992429, 1, 97, 64, 128
-0.992457, 1, 169, 64, 200
-0.99246, 125, 129, 156, 160
-0.992465, 141, 49, 172, 80
-0.992472, 73, 253, 136, 284
-0.992476, 1, 329, 32, 360
-0.992496, 97, 313, 224, 375
-0.992529, 269, 257, 300, 288
-0.992535, 301, 73, 332, 104
-0.99254, 333, 69, 364, 100
-0.992547, 57, 169, 120, 200
-0.992557, 209, 37, 240, 68
-0.99257, 109, 281, 140, 312
-0.992574, 305, 61, 336, 92
-0.992595, 245, 249, 276, 280
-0.992612, 281, 313, 344, 344
-0.992623, 9, 65, 72, 96
-0.992625, 157, 193, 188, 224
-0.992634, 385, 97, 416, 224
-0.992641, 233, 81, 264, 112
-0.992644, 301, 1, 332, 128
-0.992649, 225, 61, 256, 92
-0.99265, 209, 185, 272, 216
-0.992655, 29, 325, 60, 356
-0.992657, 169, 181, 232, 212
-0.992662, 265, 1, 296, 32
-0.992668, 241, 161, 272, 288
-0.992672, 165, 45, 196, 76
-0.992676, 53, 81, 84, 208
-0.992683, 261, 269, 292, 300
-0.992685, 313, 345, 376, 375
-0.992696, 33, 345, 96, 375
-0.992711, 85, 53, 116, 84
-0.99272, 385, 1, 448, 32
-0.992728, 357, 1, 388, 32
-0.992743, 289, 265, 352, 296
-0.992744, 97, 245, 160, 276
-0.992756, 317, 309, 348, 340
-0.992765, 101, 125, 132, 156
-0.992768, 129, 45, 160, 76
-0.992773, 141, 137, 172, 168
-0.992778, 193, 337, 256, 368
-0.992787, 105, 49, 136, 80
-0.99279, 217, 73, 248, 104
-0.992792, 369, 85, 400, 116
-0.992804, 257, 85, 288, 116
-0.99281, 97, 217, 128, 248
-0.992831, 353, 57, 384, 88
-0.992854, 61, 197, 92, 228
-0.992858, 161, 73, 192, 104
-0.992865, 169, 169, 232, 200
-0.992866, 129, 105, 144, 168
-0.992874, 129, 97, 256, 128
-0.992905, 237, 21, 268, 52
-0.992907, 153, 225, 184, 256
-0.992919, 57, 309, 88, 340
-0.992925, 277, 277, 308, 308
-0.992928, 361, 97, 424, 352
-0.992934, 45, 333, 76, 364
-0.992937, 193, 69, 224, 100
-0.992938, 233, 161, 296, 192
-0.992946, 229, 1, 260, 32
-0.992955, 337, 81, 368, 112
-0.992955, 321, 301, 384, 332
-0.992957, 49, 105, 112, 136
-0.992958, 77, 121, 108, 152
-0.992961, 185, 85, 216, 116
-0.992961, 265, 1, 296, 128
-0.992974, 297, 177, 328, 208
-0.992977, 85, 213, 116, 244
-0.992979, 117, 109, 148, 140
-0.99298, 165, 57, 180, 120
-0.992981, 117, 253, 148, 284
-0.992985, 27, 313, 42, 375
-0.992991, 123, 105, 138, 168
-0.992993, 165, 217, 196, 248
-0.992995, 273, 153, 304, 184
-0.992996, 337, 57, 368, 88
-0.992999, 369, 61, 400, 92
-0.993003, 293, 49, 308, 112
-0.993022, 221, 37, 252, 68
-0.993028, 245, 85, 276, 116
-0.993031, 81, 277, 208, 308
-0.993038, 381, 81, 412, 112
-0.993039, 117, 229, 148, 260
-0.993039, 361, 45, 392, 76
-0.993045, 121, 281, 152, 312
-0.993057, 113, 125, 144, 156
-0.993074, 45, 317, 76, 348
-0.993078, 297, 273, 328, 304
-0.993086, 1, 345, 32, 375
-0.993093, 153, 241, 184, 368
-0.993095, 305, 325, 336, 356
-0.993097, 169, 153, 184, 216
-0.993112, 257, 57, 384, 88
-0.993119, 389, 13, 420, 44
-0.993119, 105, 253, 136, 284
-0.993119, 229, 225, 260, 352
-0.99312, 313, 281, 328, 344
-0.993143, 77, 285, 108, 316
-0.993148, 221, 113, 252, 144
-0.993149, 281, 1, 312, 32
-0.993158, 387, 41, 402, 104
-0.993172, 177, 21, 208, 52
-0.993173, 337, 129, 400, 256
-0.99321, 221, 49, 252, 80
-0.993221, 57, 181, 88, 212
-0.993223, 97, 285, 128, 316
-0.993223, 221, 85, 252, 116
-0.993235, 117, 45, 148, 76
-0.993241, 113, 181, 144, 212
-0.993241, 289, 29, 320, 60
-0.993241, 369, 73, 400, 104
-0.993243, 133, 105, 164, 136
-0.993246, 317, 333, 348, 364
-0.993254, 385, 97, 448, 352
-0.993262, 181, 69, 212, 100
-0.993268, 421, 1, 452, 32
-0.993286, 233, 117, 264, 148
-0.993287, 153, 205, 184, 236
-0.993289, 177, 45, 208, 76
-0.993315, 9, 317, 40, 348
-0.99332, 153, 41, 184, 72
-0.993321, 13, 57, 44, 88
-0.993324, 269, 45, 300, 76
-0.993324, 101, 205, 132, 236
-0.993333, 397, 1, 428, 32
-0.993334, 225, 181, 256, 212
-0.993337, 221, 101, 252, 132
-0.993348, 245, 65, 260, 128
-0.993352, 37, 345, 68, 375
-0.993399, 259, 49, 274, 112
-0.993401, 121, 33, 152, 160
-0.993416, 209, 69, 336, 100
-0.993417, 345, 17, 376, 144
-0.993482, 433, 1, 496, 375
-0.993482, 305, 145, 432, 208
-0.993511, 39, 305, 54, 368
-0.993531, 289, 1, 416, 32
-0.99354, 307, 281, 322, 344
-0.993545, 237, 73, 252, 136
-0.993568, 139, 105, 154, 168
-0.993598, 209, 177, 336, 208
-0.99364, 159, 65, 174, 128
-0.99367, 253, 41, 268, 104
-0.993719, 321, 273, 448, 336
-0.993746, 193, 85, 320, 116
-0.993787, 111, 105, 126, 168
-0.993796, 171, 57, 186, 120
-0.993798, 241, 1, 368, 32
-0.993814, 81, 261, 208, 292
-0.993817, 433, 225, 496, 352
-0.993831, 305, 61, 432, 92
-0.99387, 289, 45, 416, 76
-0.993874, 253, 73, 268, 136
-0.993882, 21, 313, 36, 375
-0.993894, 209, 273, 336, 304
-0.993941, 323, 305, 338, 368
-0.993957, 293, 1, 308, 64
-0.993957, 449, 65, 480, 192
-0.993989, 193, 225, 448, 288
-0.994013, 195, 41, 210, 104
-0.99402, 287, 57, 302, 120
-0.994024, 33, 313, 48, 375
-0.994089, 81, 201, 208, 232
-0.994093, 299, 49, 314, 112
-0.994107, 241, 81, 368, 112
-0.994109, 279, 49, 294, 112
-0.99413, 275, 73, 290, 136
-0.994133, 81, 53, 208, 84
-0.994162, 151, 97, 166, 160
-0.99418, 261, 73, 276, 136
-0.994182, 247, 1, 262, 64
-0.994185, 157, 41, 172, 104
-0.994247, 227, 41, 242, 104
-0.994303, 1, 137, 500, 200
-0.994375, 239, 33, 254, 96
-0.994376, 145, 105, 160, 168
-0.994378, 129, 145, 384, 208
-0.994393, 203, 33, 218, 96
-0.994402, 383, 1, 398, 64
-0.994426, 395, 1, 410, 64
-0.994437, 117, 129, 148, 256
-0.994449, 253, 1, 268, 64
-0.994461, 229, 81, 244, 144
-0.994475, 381, 49, 396, 112
-0.994475, 469, 145, 500, 272
-0.994527, 265, 49, 280, 112
-0.994532, 225, 145, 480, 208
-0.994537, 219, 33, 234, 96
-0.994572, 287, 33, 302, 96
-0.994603, 371, 57, 386, 120
-0.994633, 209, 129, 240, 256
-0.994656, 49, 1, 176, 64
-0.994662, 313, 305, 328, 368
-0.994681, 379, 25, 394, 88
-0.994688, 141, 241, 172, 368
-0.994692, 313, 1, 344, 128
-0.994694, 307, 257, 322, 320
-0.994699, 389, 17, 404, 80
-0.994708, 215, 65, 230, 128
-0.994739, 301, 281, 316, 344
-0.994751, 247, 41, 262, 104
-0.994756, 51, 313, 66, 375
-0.994771, 203, 57, 218, 120
-0.994803, 1, 25, 256, 88
-0.994809, 329, 313, 344, 375
-0.994809, 209, 29, 336, 60
-0.994813, 165, 97, 180, 160
-0.994834, 29, 97, 60, 224
-0.994859, 327, 57, 342, 120
-0.994877, 303, 1, 318, 64
-0.994878, 135, 257, 150, 320
-0.994889, 161, 1, 288, 32
-0.994902, 103, 105, 118, 168
-0.994905, 357, 49, 372, 112
-0.994905, 1, 209, 256, 272
-0.994919, 329, 289, 344, 352
-0.994926, 33, 125, 160, 156
-0.994937, 1, 273, 500, 336
-0.994938, 371, 1, 386, 64
-0.994973, 371, 33, 386, 96
-0.994974, 377, 1, 392, 64
-0.994992, 81, 289, 208, 320
-0.995035, 73, 177, 88, 240
-0.995037, 407, 1, 422, 64
-0.995054, 211, 33, 226, 96
-0.995064, 225, 121, 480, 184
-0.995083, 89, 273, 104, 336
-0.995089, 305, 57, 320, 120
-0.995126, 301, 257, 316, 320
-0.99513, 277, 145, 292, 208
-0.995145, 161, 241, 288, 272
-0.99515, 369, 241, 432, 368
-0.995153, 155, 137, 170, 200
-0.995163, 81, 213, 208, 244
-0.995186, 11, 313, 26, 375
-0.995188, 233, 41, 248, 104
-0.995211, 169, 209, 184, 272
-0.995219, 97, 105, 112, 168
-0.995222, 271, 49, 286, 112
-0.995236, 189, 49, 204, 112
-0.995247, 341, 57, 356, 120
-0.995251, 17, 177, 48, 304
-0.995253, 393, 49, 408, 112
-0.995255, 193, 145, 224, 272
-0.995257, 89, 209, 104, 272
-0.995257, 225, 233, 352, 264
-0.995265, 285, 1, 300, 64
-0.995274, 145, 21, 272, 52
-0.995286, 223, 81, 238, 144
-0.995305, 193, 261, 320, 292
-0.995318, 195, 65, 210, 128
-0.99532, 241, 113, 368, 144
-0.995328, 401, 1, 416, 64
-0.995336, 225, 285, 352, 316
-0.995345, 81, 105, 208, 136
-0.995351, 289, 81, 416, 112
-0.995353, 157, 193, 172, 256
-0.995355, 177, 109, 304, 140
-0.995355, 81, 229, 208, 260
-0.99537, 333, 1, 364, 128
-0.995382, 117, 265, 132, 328
-0.995383, 141, 129, 156, 192
-0.995395, 65, 289, 80, 352
-0.995397, 161, 185, 416, 248
-0.995397, 353, 1, 480, 32
-0.995398, 345, 241, 408, 368
-0.995404, 75, 289, 90, 352
-0.99542, 65, 141, 192, 172
-0.995423, 307, 153, 322, 216
-0.995426, 177, 193, 304, 256
-0.995429, 261, 1, 276, 64
-0.995436, 225, 45, 352, 76
-0.995439, 21, 241, 52, 368
-0.995441, 1, 313, 128, 344
-0.995456, 45, 297, 60, 360
-0.995466, 123, 265, 138, 328
-0.995466, 365, 41, 380, 104
-0.99547, 67, 169, 82, 232
-0.995475, 333, 113, 364, 240
-0.9955, 1, 265, 256, 328
-0.995536, 1, 49, 256, 112
-0.995546, 83, 201, 98, 264
-0.995552, 237, 113, 252, 176
-0.995557, 269, 73, 284, 136
-0.995571, 335, 313, 350, 375
-0.995572, 81, 69, 208, 100
-0.995574, 65, 81, 192, 144
-0.995574, 175, 201, 190, 264
-0.995582, 225, 221, 352, 252
-0.9956, 159, 97, 174, 160
-0.995605, 145, 217, 272, 248
-0.995607, 57, 305, 72, 368
-0.995613, 37, 193, 68, 320
-0.995617, 75, 153, 90, 216
-0.99562, 33, 289, 160, 320
-0.995628, 17, 209, 144, 240
-0.995644, 177, 57, 192, 120
-0.995652, 297, 137, 312, 200
-0.99567, 65, 189, 192, 220
-0.995685, 33, 277, 160, 308
-0.995686, 281, 81, 296, 144
-0.995693, 161, 137, 176, 200
-0.995704, 319, 57, 334, 120
-0.995726, 313, 145, 328, 208
-0.995733, 65, 41, 192, 72
-0.995743, 17, 193, 144, 224
-0.995749, 163, 185, 178, 248
-0.995783, 287, 153, 302, 216
-0.995783, 243, 105, 258, 168
-0.995788, 81, 249, 208, 280
-0.9958, 301, 25, 316, 88
-0.995803, 193, 257, 448, 320
-0.995823, 33, 261, 160, 292
-0.995827, 113, 81, 240, 112
-0.995827, 125, 177, 140, 240
-0.99584, 3, 313, 18, 375
-0.99585, 277, 265, 292, 328
-0.995855, 289, 285, 416, 316
-0.99586, 185, 81, 200, 144
-0.995863, 95, 265, 110, 328
-0.995866, 333, 65, 348, 128
-0.995867, 241, 125, 368, 156
-0.99587, 365, 65, 380, 128
-0.995872, 313, 57, 328, 120
-0.995874, 225, 209, 352, 240
-0.995876, 209, 245, 336, 276
-0.995882, 283, 249, 298, 312
-0.995884, 365, 1, 380, 64
-0.995899, 337, 49, 464, 80
-0.995912, 193, 97, 320, 128
-0.995914, 251, 113, 266, 176
-0.995929, 17, 301, 144, 332
-0.995935, 229, 129, 260, 256
-0.995951, 263, 257, 278, 320
-0.995953, 129, 37, 256, 68
-0.995973, 17, 1, 48, 128
-0.995987, 305, 177, 432, 240
-0.996002, 145, 253, 272, 284
-0.996033, 285, 1, 316, 256
-0.996042, 1, 1, 32, 128
-0.996058, 1, 17, 128, 80
-0.996066, 1, 313, 500, 375
-0.996079, 353, 25, 480, 56
-0.996081, 209, 165, 336, 196
-0.996081, 145, 229, 272, 260
-0.996089, 217, 225, 248, 352
-0.996127, 409, 65, 440, 192
-0.996145, 241, 261, 368, 292
-0.996196, 97, 177, 224, 208
-0.996243, 289, 33, 416, 64
-0.996247, 1, 109, 128, 140
-0.996252, 409, 129, 472, 375
-0.996253, 409, 209, 472, 336
-0.99627, 245, 1, 276, 256
-0.996288, 1, 337, 128, 368
-0.996335, 97, 301, 224, 332
-0.996359, 241, 297, 368, 328
-0.996372, 153, 65, 184, 320
-0.996381, 65, 157, 192, 188
-0.996429, 145, 169, 272, 200
-0.99644, 1, 177, 500, 240
-0.996462, 257, 297, 500, 360
-0.996471, 97, 1, 128, 128
-0.996486, 289, 297, 416, 328
-0.996493, 17, 173, 144, 204
-0.996517, 257, 149, 384, 180
-0.996567, 81, 129, 208, 160
-0.996582, 327, 289, 342, 320
-0.996599, 257, 249, 384, 280
-0.99663, 161, 293, 288, 324
-0.996631, 145, 181, 272, 212
-0.996633, 257, 33, 288, 288
-0.99668, 129, 109, 256, 140
-0.996703, 165, 129, 196, 375
-0.99674, 325, 241, 356, 368
-0.996754, 197, 1, 228, 256
-0.996754, 225, 1, 256, 256
-0.996765, 253, 1, 268, 32
-0.996767, 281, 69, 296, 100
-0.996776, 313, 281, 328, 312
-0.996783, 209, 189, 336, 220
-0.996783, 177, 65, 208, 320
-0.996796, 1, 217, 500, 280
-0.996801, 161, 153, 288, 184
-0.996805, 73, 1, 104, 128
-0.996879, 141, 65, 172, 320
-0.996886, 17, 57, 144, 88
-0.996889, 129, 269, 256, 300
-0.996909, 257, 201, 500, 264
-0.99691, 89, 161, 120, 288
-0.996913, 165, 33, 196, 288
-0.996917, 273, 33, 304, 288
-0.996943, 297, 33, 328, 288
-0.996944, 289, 129, 320, 375
-0.99695, 1, 249, 500, 312
-0.996958, 337, 73, 464, 104
-0.99696, 209, 149, 336, 180
-0.996965, 1, 93, 128, 124
-0.996981, 287, 69, 302, 100
-0.996987, 193, 125, 320, 156
-0.996989, 309, 97, 340, 224
-0.996989, 289, 233, 416, 264
-0.996992, 321, 297, 336, 328
-0.996994, 157, 49, 172, 80
-0.997011, 167, 61, 182, 92
-0.99703, 457, 113, 488, 240
-0.997035, 43, 317, 58, 348
-0.997036, 97, 21, 224, 52
-0.997037, 353, 61, 480, 92
-0.997049, 33, 249, 160, 280
-0.997057, 129, 281, 256, 312
-0.997057, 123, 265, 138, 296
-0.99706, 241, 69, 256, 100
-0.99706, 293, 33, 308, 64
-0.997068, 383, 49, 398, 80
-0.997079, 45, 305, 60, 336
-0.997102, 251, 73, 266, 104
-0.997102, 309, 33, 340, 288
-0.997112, 241, 137, 368, 168
-0.99714, 145, 193, 272, 224
-0.997142, 33, 225, 160, 256
-0.997155, 173, 61, 188, 92
-0.997178, 323, 329, 338, 360
-0.997185, 273, 129, 304, 375
-0.997193, 263, 253, 278, 284
-0.997198, 111, 113, 126, 144
-0.997206, 183, 61, 198, 92
-0.997208, 177, 317, 304, 348
-0.997209, 31, 325, 46, 356
-0.997215, 59, 297, 74, 328
-0.997222, 429, 1, 460, 128
-0.997223, 355, 69, 370, 100
-0.997237, 259, 1, 274, 32
-0.997241, 213, 1, 244, 256
-0.997243, 177, 329, 304, 360
-0.997256, 41, 65, 72, 192
-0.997258, 295, 57, 310, 88
-0.997263, 3, 333, 18, 364
-0.997272, 101, 117, 116, 148
-0.997282, 51, 301, 66, 332
-0.997296, 275, 73, 290, 104
-0.997302, 113, 273, 128, 304
-0.997302, 345, 69, 360, 100
-0.997322, 331, 313, 346, 344
-0.997329, 361, 1, 392, 256
-0.997349, 369, 13, 496, 44
-0.997352, 305, 125, 432, 156
-0.997357, 1, 325, 128, 356
-0.997358, 177, 345, 304, 375
-0.997363, 265, 73, 280, 104
-0.997364, 237, 97, 268, 352
-0.997379, 247, 21, 262, 52
-0.997396, 297, 273, 312, 304
-0.997399, 209, 17, 336, 48
-0.997403, 177, 137, 304, 168
-0.997405, 37, 321, 52, 352
-0.997416, 385, 193, 448, 320
-0.997418, 51, 329, 66, 360
-0.99742, 125, 1, 156, 256
-0.997441, 159, 65, 174, 192
-0.99745, 37, 309, 52, 340
-0.997451, 333, 301, 348, 332
-0.997454, 279, 53, 294, 84
-0.997455, 285, 49, 300, 80
-0.997473, 189, 49, 204, 80
-0.997485, 329, 325, 344, 356
-0.9975, 149, 41, 164, 72
-0.9975, 1, 81, 128, 112
-0.997502, 1, 145, 128, 176
-0.997503, 21, 333, 36, 364
-0.997513, 363, 73, 378, 104
-0.997515, 129, 281, 144, 312
-0.997519, 273, 257, 288, 288
-0.997523, 289, 205, 416, 236
-0.997524, 33, 237, 160, 268
-0.997524, 273, 57, 288, 88
-0.997524, 235, 61, 250, 92
-0.997527, 289, 217, 416, 248
-0.997527, 325, 33, 356, 288
-0.997528, 121, 109, 136, 140
-0.99753, 243, 1, 258, 32
-0.997533, 329, 65, 344, 96
-0.997536, 31, 313, 46, 344
-0.997546, 257, 249, 272, 280
-0.997549, 45, 337, 60, 368
-0.997549, 261, 129, 292, 375
-0.997552, 81, 209, 96, 240
-0.997554, 259, 73, 274, 104
-0.997561, 309, 57, 324, 88
-0.997563, 65, 293, 80, 324
-0.997564, 91, 273, 106, 304
-0.997564, 321, 341, 336, 372
-0.997567, 129, 129, 144, 160
-0.997576, 13, 325, 28, 356
-0.997577, 11, 341, 26, 372
-0.997582, 321, 285, 336, 316
-0.997592, 389, 49, 404, 80
-0.997592, 161, 61, 176, 92
-0.997593, 129, 129, 160, 375
-0.997596, 1, 37, 128, 68
-0.997597, 313, 129, 344, 375
-0.997608, 357, 57, 372, 88
-0.997609, 373, 57, 388, 88
-0.997611, 307, 281, 322, 312
-0.997612, 311, 301, 326, 332
-0.997617, 241, 309, 368, 340
-0.997618, 257, 57, 272, 88
-0.997637, 17, 161, 144, 192
-0.997637, 97, 313, 224, 344
-0.997637, 323, 309, 338, 340
-0.99764, 131, 269, 146, 300
-0.997643, 367, 61, 382, 92
-0.997644, 123, 41, 138, 72
-0.997656, 69, 185, 84, 216
-0.997657, 321, 61, 336, 92
-0.997657, 1, 1, 256, 64
-0.997657, 421, 65, 452, 192
-0.997667, 309, 145, 340, 272
-0.997675, 101, 261, 116, 292
-0.997677, 161, 145, 176, 176
-0.99768, 249, 253, 264, 284
-0.997682, 267, 1, 282, 32
-0.997684, 225, 345, 352, 375
-0.99769, 293, 69, 308, 100
-0.9977, 379, 61, 394, 92
-0.997703, 301, 57, 316, 88
-0.997703, 143, 133, 158, 164
-0.997706, 281, 273, 296, 304
-0.997711, 385, 1, 400, 32
-0.997716, 113, 253, 128, 284
-0.99772, 23, 317, 38, 348
-0.997726, 379, 1, 394, 32
-0.997731, 95, 117, 110, 148
-0.997742, 129, 141, 256, 172
-0.997742, 223, 37, 238, 68
-0.997745, 267, 265, 282, 296
-0.997747, 165, 49, 180, 176
-0.997749, 113, 125, 128, 156
-0.997756, 385, 61, 400, 92
-0.997762, 77, 197, 92, 228
-0.997763, 341, 33, 372, 288
-0.997769, 227, 33, 242, 160
-0.997773, 247, 53, 262, 84
-0.997778, 153, 137, 168, 168
-0.997779, 145, 121, 272, 152
-0.99778, 371, 85, 386, 116
-0.997783, 129, 253, 144, 284
-0.997783, 301, 129, 332, 375
-0.997787, 137, 129, 152, 160
-0.99779, 321, 309, 448, 340
-0.997798, 275, 269, 290, 300
-0.997798, 3, 89, 18, 120
-0.997805, 145, 205, 272, 236
-0.997806, 185, 89, 200, 120
-0.997807, 267, 57, 282, 88
-0.99781, 51, 313, 66, 344
-0.997818, 225, 97, 256, 352
-0.997819, 169, 157, 184, 188
-0.997822, 337, 65, 352, 96
-0.997828, 289, 21, 416, 52
-0.997837, 337, 37, 464, 68
-0.99784, 203, 33, 218, 64
-0.99784, 273, 325, 400, 356
-0.997847, 233, 77, 248, 108
-0.997848, 91, 209, 106, 240
-0.997853, 295, 21, 310, 52
-0.997853, 291, 269, 306, 300
-0.997854, 35, 337, 50, 368
-0.997857, 163, 49, 178, 80
-0.997869, 303, 269, 318, 300
-0.997873, 1, 33, 32, 288
-0.997875, 121, 285, 136, 316
-0.997878, 261, 85, 276, 116
-0.997881, 373, 37, 388, 68
-0.997882, 229, 181, 244, 212
-0.997884, 347, 57, 362, 88
-0.997885, 111, 225, 126, 256
-0.997887, 401, 1, 432, 256
-0.997888, 231, 1, 246, 32
-0.99789, 249, 41, 264, 72
-0.99789, 101, 213, 116, 244
-0.997893, 241, 237, 256, 268
-0.997896, 101, 273, 116, 304
-0.9979, 371, 1, 386, 32
-0.9979, 177, 305, 304, 336
-0.997907, 373, 1, 404, 256
-0.997935, 167, 97, 182, 224
-0.997939, 221, 17, 236, 144
-0.997939, 113, 1, 144, 256
-0.997965, 289, 193, 416, 224
-0.997983, 337, 85, 464, 116
-0.998029, 389, 1, 420, 256
-0.998055, 213, 97, 244, 352
-0.998098, 295, 17, 310, 144
-0.998099, 101, 129, 132, 375
-0.998102, 65, 129, 96, 375
-0.998127, 77, 97, 108, 352
-0.998146, 257, 177, 384, 208
-0.998164, 113, 129, 144, 375
-0.998207, 251, 1, 266, 128
-0.998224, 81, 5, 208, 36
-0.998258, 257, 177, 500, 240
-0.998259, 49, 29, 176, 60
-0.998266, 53, 129, 84, 375
-0.998283, 113, 329, 240, 360
-0.998287, 213, 17, 228, 144
-0.998287, 81, 117, 208, 148
-0.998301, 189, 97, 220, 352
-0.998324, 241, 77, 304, 92
-0.998333, 233, 33, 248, 160
-0.998361, 199, 17, 214, 144
-0.998365, 157, 189, 188, 204
-0.998367, 289, 65, 352, 80
-0.998372, 307, 225, 322, 352
-0.998373, 185, 41, 248, 56
-0.998375, 249, 71, 312, 86
-0.998378, 273, 75, 336, 90
-0.99838, 73, 285, 136, 300
-0.998384, 377, 59, 408, 74
-0.99839, 361, 193, 424, 320
-0.998394, 223, 81, 238, 208
-0.998395, 201, 83, 264, 98
-0.998402, 237, 89, 268, 104
-0.998403, 25, 315, 88, 330
-0.998406, 153, 207, 184, 222
-0.998406, 145, 63, 208, 78
-0.998408, 185, 53, 248, 68
-0.99841, 137, 45, 168, 60
-0.99841, 233, 83, 296, 98
-0.998412, 145, 57, 208, 72
-0.998412, 1, 335, 32, 350
-0.998416, 233, 57, 296, 72
-0.998418, 377, 99, 408, 114
-0.998425, 1, 331, 64, 346
-0.998426, 241, 37, 304, 52
-0.998429, 217, 253, 280, 268
-0.998431, 237, 27, 268, 42
-0.998433, 289, 291, 352, 306
-0.998433, 29, 353, 60, 368
-0.998433, 205, 71, 236, 86
-0.998436, 313, 71, 376, 86
-0.998436, 201, 73, 264, 88
-0.998436, 13, 339, 44, 354
-0.998436, 169, 95, 232, 110
-0.998438, 105, 49, 168, 64
-0.998438, 317, 333, 348, 348
-0.99844, 73, 127, 136, 142
-0.998441, 81, 271, 144, 286
-0.998442, 33, 309, 96, 324
-0.998442, 337, 85, 368, 100
-0.998443, 145, 49, 208, 64
-0.998444, 17, 321, 80, 336
-0.998447, 161, 69, 224, 84
-0.998448, 177, 89, 240, 104
-0.998449, 1, 349, 32, 364
-0.99845, 153, 97, 168, 224
-0.99845, 273, 81, 336, 96
-0.998451, 145, 43, 208, 58
-0.998451, 257, 255, 320, 270
-0.998453, 345, 61, 376, 76
-0.998456, 305, 331, 336, 346
-0.998456, 225, 49, 288, 64
-0.998457, 105, 57, 168, 72
-0.998457, 169, 101, 232, 116
-0.998457, 185, 47, 248, 62
-0.99846, 121, 43, 184, 58
-0.99846, 345, 55, 408, 70
-0.99846, 193, 35, 256, 50
-0.99846, 233, 251, 264, 266
-0.998462, 289, 59, 352, 74
-0.998463, 257, 55, 320, 70
-0.998464, 241, 17, 256, 144
-0.998464, 233, 267, 296, 282
-0.998464, 321, 61, 384, 76
-0.998464, 65, 291, 128, 306
-0.998465, 321, 77, 384, 92
-0.998465, 25, 97, 56, 352
-0.998465, 249, 49, 312, 64
-0.998468, 321, 83, 384, 98
-0.99847, 241, 43, 304, 58
-0.99847, 289, 285, 352, 300
-0.99847, 81, 277, 144, 292
-0.998471, 297, 79, 360, 94
-0.998474, 169, 69, 200, 84
-0.998474, 97, 283, 160, 298
-0.998475, 141, 139, 172, 154
-0.998475, 81, 55, 144, 70
-0.998477, 353, 87, 416, 102
-0.998477, 225, 261, 288, 276
-0.998481, 249, 3, 312, 18
-0.998483, 101, 221, 132, 236
-0.998484, 97, 265, 160, 280
-0.998484, 225, 67, 288, 82
-0.998486, 265, 281, 328, 296
-0.998492, 289, 305, 352, 320
-0.998493, 105, 231, 168, 246
-0.998494, 289, 299, 352, 314
-0.998494, 129, 107, 192, 122
-0.998495, 193, 65, 256, 80
-0.998495, 153, 49, 168, 176
-0.998496, 265, 179, 328, 194
-0.998496, 93, 227, 124, 242
-0.998496, 249, 129, 280, 375
-0.998499, 321, 309, 352, 324
-0.998499, 97, 259, 160, 274
-0.9985, 253, 67, 284, 82
-0.9985, 105, 63, 168, 78
-0.9985, 113, 143, 176, 158
-0.998502, 9, 337, 72, 352
-0.998503, 217, 91, 280, 106
-0.998503, 73, 203, 136, 218
-0.998506, 369, 13, 432, 28
-0.998506, 329, 3, 392, 18
-0.998509, 257, 267, 320, 282
-0.998509, 73, 227, 136, 242
-0.99851, 257, 249, 320, 264
-0.99851, 209, 11, 272, 26
-0.998512, 1, 343, 64, 358
-0.998512, 345, 61, 408, 76
-0.998513, 209, 55, 272, 70
-0.998513, 349, 89, 380, 104
-0.998513, 129, 189, 192, 204
-0.998513, 217, 105, 280, 120
-0.998513, 321, 295, 352, 310
-0.998514, 317, 61, 348, 76
-0.998514, 241, 31, 304, 46
-0.998515, 209, 97, 272, 112
-0.998516, 265, 65, 328, 80
-0.998517, 233, 179, 296, 194
-0.998517, 241, 91, 304, 106
-0.99852, 181, 63, 212, 78
-0.99852, 177, 83, 240, 98
-0.998521, 73, 121, 136, 136
-0.998522, 9, 361, 72, 375
-0.998522, 129, 287, 192, 302
-0.998522, 345, 77, 408, 92
-0.998523, 105, 253, 168, 268
-0.998523, 209, 5, 272, 20
-0.998523, 41, 205, 104, 220
-0.998524, 9, 309, 72, 324
-0.998524, 305, 311, 368, 326
-0.998524, 257, 273, 320, 288
-0.998524, 217, 35, 280, 50
-0.998525, 273, 49, 336, 64
-0.998525, 89, 291, 152, 306
-0.998526, 105, 261, 136, 276
-0.998526, 25, 329, 88, 344
-0.998527, 249, 117, 312, 132
-0.998529, 177, 77, 240, 92
-0.99853, 329, 89, 392, 104
-0.998531, 73, 263, 136, 278
-0.998531, 337, 69, 400, 84
-0.998532, 209, 115, 272, 130
-0.998533, 249, 25, 312, 40
-0.998534, 185, 59, 248, 74
-0.998535, 345, 49, 408, 64
-0.998536, 1, 129, 32, 375
-0.998536, 209, 41, 272, 56
-0.998536, 33, 185, 96, 200
-0.998539, 33, 303, 96, 318
-0.998539, 105, 135, 168, 150
-0.99854, 73, 197, 136, 212
-0.998541, 265, 155, 328, 170
-0.998541, 65, 203, 96, 218
-0.998541, 73, 221, 136, 236
-0.998542, 1, 315, 64, 330
-0.998542, 113, 291, 144, 306
-0.998543, 129, 229, 192, 244
-0.998543, 57, 297, 120, 312
-0.998544, 233, 111, 296, 126
-0.998545, 385, 23, 448, 38
-0.998545, 161, 43, 192, 58
-0.998545, 225, 247, 288, 262
-0.998546, 33, 175, 96, 190
-0.998547, 89, 115, 152, 130
-0.99855, 105, 109, 168, 124
-0.99855, 137, 253, 168, 268
-0.998551, 257, 261, 320, 276
-0.998551, 167, 145, 182, 272
-0.998551, 121, 209, 184, 224
-0.998552, 129, 11, 192, 26
-0.998552, 377, 61, 440, 76
-0.998562, 41, 341, 72, 356
-0.998567, 209, 85, 240, 100
-0.998574, 225, 115, 256, 130
-0.998578, 335, 49, 350, 176
-0.998581, 25, 361, 56, 375
-0.998583, 101, 115, 132, 130
-0.998589, 65, 313, 96, 328
-0.998597, 315, 193, 330, 320
-0.998606, 231, 81, 246, 208
-0.998612, 37, 129, 68, 375
-0.998614, 129, 133, 160, 148
-0.998623, 225, 45, 256, 60
-0.998627, 81, 285, 112, 300
-0.998628, 413, 1, 444, 256
-0.998641, 173, 81, 188, 208
-0.998658, 207, 17, 222, 144
-0.99866, 259, 49, 274, 176
-0.998669, 313, 289, 344, 304
-0.99867, 201, 97, 232, 352
-0.998676, 353, 193, 480, 320
-0.998679, 81, 215, 112, 230
-0.998681, 285, 81, 300, 208
-0.998692, 269, 65, 300, 80
-0.998698, 161, 113, 176, 240
-0.9987, 289, 17, 304, 144
-0.998704, 277, 269, 308, 284
-0.998704, 317, 315, 348, 330
-0.998704, 217, 75, 248, 90
-0.998709, 53, 1, 84, 256
-0.99871, 191, 33, 206, 160
-0.998718, 353, 71, 384, 86
-0.998721, 29, 311, 60, 326
-0.998722, 281, 41, 312, 56
-0.998732, 99, 33, 114, 160
-0.998735, 293, 57, 324, 72
-0.998736, 241, 21, 272, 36
-0.998743, 159, 17, 174, 144
-0.998753, 313, 241, 328, 368
-0.998754, 237, 5, 268, 20
-0.998758, 157, 201, 188, 216
-0.998762, 145, 147, 176, 162
-0.998762, 249, 49, 264, 176
-0.998783, 241, 57, 272, 72
-0.998784, 253, 3, 284, 18
-0.998785, 237, 81, 252, 208
-0.998799, 89, 129, 120, 375
-0.998799, 377, 93, 408, 108
-0.998801, 117, 229, 148, 244
-0.998804, 37, 321, 68, 336
-0.998808, 281, 65, 312, 80
-0.998811, 17, 319, 48, 334
-0.998819, 275, 49, 290, 176
-0.998824, 243, 65, 258, 192
-0.998829, 327, 49, 342, 176
-0.99883, 261, 265, 292, 280
-0.998835, 321, 249, 448, 312
-0.99884, 217, 65, 232, 192
-0.998843, 317, 327, 348, 342
-0.998844, 175, 193, 190, 320
-0.99885, 281, 33, 296, 160
-0.99885, 147, 97, 162, 224
-0.998854, 321, 75, 352, 90
-0.998856, 13, 325, 44, 340
-0.998871, 121, 209, 136, 336
-0.998872, 165, 49, 196, 64
-0.998872, 13, 65, 44, 320
-0.998882, 25, 331, 56, 346
-0.998896, 277, 277, 308, 292
-0.998901, 325, 129, 356, 375
-0.998901, 269, 49, 284, 176
-0.998902, 297, 301, 328, 316
-0.998909, 265, 83, 296, 98
-0.99891, 41, 33, 72, 288
-0.99891, 173, 145, 188, 272
-0.998933, 229, 69, 260, 84
-0.998936, 53, 297, 84, 312
-0.998949, 171, 33, 186, 160
-0.998954, 81, 125, 112, 140
-0.998955, 101, 33, 132, 288
-0.998956, 257, 255, 288, 270
-0.998972, 311, 49, 326, 176
-0.998976, 333, 61, 364, 76
-0.998985, 369, 33, 384, 160
-0.998987, 279, 97, 294, 224
-0.998988, 169, 63, 200, 78
-0.998994, 365, 85, 396, 100
-0.999017, 265, 271, 296, 286
-0.999029, 205, 37, 236, 52
-0.999034, 105, 49, 120, 176
-0.999038, 189, 85, 220, 100
-0.99904, 353, 97, 384, 352
-0.999044, 317, 303, 348, 318
-0.999053, 125, 45, 156, 60
-0.999069, 469, 65, 500, 320
-0.999084, 317, 321, 348, 336
-0.99909, 13, 49, 28, 176
-0.999094, 71, 145, 86, 272
-0.999096, 105, 227, 136, 242
-0.999101, 305, 49, 320, 176
-0.999101, 321, 241, 336, 368
-0.999104, 95, 225, 110, 352
-0.999105, 179, 81, 194, 208
-0.99911, 233, 51, 264, 66
-0.999114, 109, 53, 140, 68
-0.999128, 379, 1, 394, 128
-0.999138, 115, 209, 130, 336
-0.999143, 449, 1, 480, 256
-0.999169, 233, 35, 264, 50
-0.99917, 293, 177, 324, 192
-0.999175, 53, 309, 84, 324
-0.999185, 287, 241, 302, 368
-0.999187, 281, 55, 312, 70
-0.999187, 291, 65, 306, 192
-0.999206, 281, 49, 312, 64
-0.99921, 113, 255, 144, 270
-0.999211, 321, 49, 336, 176
-0.99922, 337, 71, 368, 86
-0.999229, 167, 209, 182, 336
-0.999231, 305, 283, 336, 298
-0.999236, 301, 75, 332, 90
-0.999236, 165, 1, 180, 128
-0.999236, 397, 1, 412, 128
-0.999237, 65, 1, 96, 256
-0.99924, 141, 81, 156, 208
-0.99924, 245, 253, 276, 268
-0.999243, 245, 15, 276, 30
-0.999251, 89, 221, 120, 236
-0.999256, 85, 59, 116, 74
-0.999256, 201, 65, 216, 192
-0.999257, 105, 275, 136, 290
-0.99926, 141, 51, 172, 66
-0.999263, 391, 1, 406, 128
-0.999264, 25, 65, 40, 192
-0.999271, 89, 241, 104, 368
-0.999274, 363, 49, 378, 176
-0.999279, 229, 161, 244, 288
-0.999279, 305, 61, 336, 76
-0.999282, 349, 49, 364, 176
-0.999293, 393, 49, 408, 176
-0.999298, 357, 65, 372, 192
-0.999305, 365, 97, 396, 352
-0.999305, 93, 273, 124, 288
-0.999316, 281, 145, 296, 272
-0.999321, 25, 1, 56, 256
-0.999323, 127, 177, 142, 304
-0.999327, 81, 1, 112, 256
-0.999329, 401, 65, 416, 192
-0.999333, 185, 49, 200, 176
-0.999337, 381, 97, 412, 352
-0.999338, 245, 259, 276, 274
-0.999354, 65, 129, 80, 256
-0.999355, 249, 73, 280, 88
-0.999356, 89, 193, 104, 320
-0.999369, 19, 33, 34, 160
-0.999371, 255, 97, 270, 224
-0.999378, 105, 241, 120, 368
-0.999388, 181, 209, 196, 336
-0.999393, 209, 65, 224, 192
-0.999399, 99, 81, 114, 208
-0.999411, 341, 49, 356, 176
-0.999427, 257, 1, 272, 128
-0.999428, 373, 53, 404, 68
-0.999431, 405, 1, 420, 128
-0.999433, 393, 97, 424, 352
-0.999435, 293, 225, 308, 352
-0.999441, 85, 279, 116, 294
-0.999442, 291, 161, 306, 288
-0.999457, 89, 119, 120, 134
-0.99946, 261, 97, 276, 224
-0.999461, 151, 1, 166, 128
-0.999462, 325, 67, 356, 82
-0.999467, 303, 177, 318, 304
-0.999471, 309, 295, 340, 310
-0.999474, 273, 77, 304, 92
-0.999476, 275, 161, 290, 288
-0.999483, 79, 193, 94, 320
-0.999492, 385, 1, 400, 128
-0.999493, 273, 97, 288, 224
-0.999494, 111, 81, 126, 208
-0.999498, 337, 129, 368, 375
-0.999499, 301, 1, 316, 128
-0.999501, 101, 267, 132, 282
-0.999509, 77, 113, 92, 240
-0.999514, 267, 97, 282, 224
-0.999515, 161, 177, 176, 304
-0.999525, 281, 241, 296, 368
-0.999528, 261, 193, 276, 320
-0.999528, 379, 65, 394, 192
-0.999528, 327, 241, 342, 368
-0.999532, 179, 145, 194, 272
-0.999532, 189, 225, 204, 352
-0.999547, 437, 33, 468, 288
-0.999552, 3, 49, 18, 176
-0.999553, 131, 225, 146, 352
-0.999566, 293, 65, 324, 80
-0.999569, 121, 161, 136, 288
-0.999574, 425, 33, 456, 288
-0.999587, 109, 193, 124, 320
-0.999594, 405, 97, 436, 352
-0.999604, 457, 129, 488, 375
-0.999608, 139, 241, 154, 368
-0.999617, 131, 81, 146, 208
-0.999617, 301, 225, 316, 352
-0.999618, 297, 161, 312, 288
-0.999622, 267, 177, 282, 304
-0.999627, 243, 225, 258, 352
-0.999627, 151, 145, 166, 272
-0.999628, 233, 83, 264, 98
-0.999629, 125, 81, 140, 208
-0.999629, 105, 97, 120, 224
-0.99963, 177, 17, 192, 144
-0.999636, 113, 285, 144, 300
-0.999636, 365, 91, 396, 106
-0.999637, 311, 145, 326, 272
-0.999649, 321, 177, 336, 304
-0.999651, 97, 177, 112, 304
-0.999656, 153, 57, 184, 72
-0.999666, 157, 63, 188, 78
-0.999675, 253, 79, 284, 94
-0.999682, 119, 81, 134, 208
-0.999683, 275, 75, 290, 90
-0.999684, 77, 207, 92, 222
-0.999685, 15, 341, 30, 356
-0.999685, 119, 251, 134, 266
-0.999686, 119, 289, 134, 304
-0.999686, 355, 71, 370, 86
-0.999686, 393, 99, 408, 114
-0.999686, 53, 301, 68, 316
-0.999686, 321, 333, 336, 348
-0.999686, 241, 5, 256, 20
-0.999686, 33, 327, 48, 342
-0.999687, 309, 73, 324, 88
-0.999687, 267, 241, 282, 368
-0.999687, 33, 313, 48, 328
-0.999688, 297, 27, 312, 42
-0.999689, 323, 63, 338, 78
-0.999689, 143, 137, 158, 152
-0.999689, 281, 71, 296, 86
-0.999689, 183, 63, 198, 78
-0.999689, 203, 35, 218, 50
-0.99969, 281, 273, 296, 288
-0.999691, 353, 83, 384, 98
-0.999691, 219, 39, 234, 54
-0.999691, 237, 81, 252, 96
-0.999693, 321, 347, 336, 362
-0.999693, 247, 21, 262, 36
-0.999693, 295, 59, 310, 74
-0.999693, 111, 259, 126, 274
-0.999694, 47, 343, 62, 358
-0.999695, 39, 323, 54, 338
-0.999695, 333, 305, 348, 320
-0.999695, 15, 325, 30, 340
-0.999696, 89, 215, 104, 230
-0.999696, 269, 269, 284, 284
-0.999696, 291, 51, 306, 66
-0.999696, 151, 47, 166, 62
-0.999696, 23, 319, 38, 334
-0.999697, 261, 259, 276, 274
-0.999697, 263, 253, 278, 268
-0.999698, 109, 275, 124, 290
-0.9997, 23, 333, 38, 348
-0.9997, 85, 59, 100, 74
-0.999703, 83, 211, 98, 226
-0.999703, 159, 73, 174, 88
-0.999704, 131, 275, 146, 290
-0.999704, 47, 315, 62, 330
-0.999705, 287, 73, 302, 88
-0.999705, 191, 83, 206, 98
-0.999705, 45, 305, 60, 320
-0.999705, 43, 349, 58, 364
-0.999706, 105, 281, 120, 296
-0.999707, 105, 223, 120, 238
-0.999707, 159, 145, 174, 160
-0.999707, 237, 35, 252, 50
-0.999707, 321, 313, 336, 328
-0.999708, 331, 315, 346, 330
-0.999708, 39, 309, 54, 324
-0.999709, 117, 273, 148, 288
-0.999709, 275, 83, 290, 98
-0.99971, 275, 273, 290, 288
-0.99971, 125, 45, 140, 60
-0.99971, 59, 299, 74, 314
-0.999711, 87, 123, 102, 138
-0.999711, 23, 129, 38, 256
-0.999712, 329, 325, 344, 340
-0.999712, 31, 349, 46, 364
-0.999712, 365, 85, 380, 100
-0.999713, 327, 333, 342, 348
-0.999714, 267, 81, 282, 96
-0.999714, 105, 259, 120, 274
-0.999714, 345, 61, 360, 76
-0.999715, 387, 49, 402, 176
-0.999715, 361, 79, 376, 94
-0.999715, 347, 75, 362, 90
-0.999715, 347, 69, 362, 84
-0.999716, 247, 251, 262, 266
-0.999717, 243, 83, 258, 98
-0.999717, 305, 281, 320, 296
-0.999717, 117, 267, 132, 282
-0.999718, 323, 295, 338, 310
-0.999718, 99, 267, 114, 282
-0.999719, 117, 51, 132, 66
-0.99972, 101, 283, 132, 298
-0.99972, 111, 225, 126, 240
-0.999721, 317, 285, 332, 300
-0.999722, 301, 65, 316, 80
-0.999722, 387, 97, 402, 112
-0.999723, 105, 265, 120, 280
-0.999724, 295, 69, 310, 84
-0.999725, 287, 65, 302, 80
-0.999726, 173, 63, 188, 78
-0.999727, 65, 297, 80, 312
-0.999728, 335, 65, 350, 80
-0.999728, 103, 117, 118, 132
-0.99973, 313, 297, 328, 312
-0.99973, 299, 65, 314, 192
-0.99973, 375, 91, 390, 106
-0.999731, 255, 85, 270, 100
-0.999733, 123, 269, 138, 284
-0.999734, 381, 93, 396, 108
-0.999734, 31, 129, 46, 256
-0.999735, 151, 141, 166, 156
-0.999735, 201, 83, 216, 98
-0.999736, 323, 339, 338, 354
-0.999736, 373, 81, 388, 208
-0.999736, 89, 277, 104, 292
-0.999736, 291, 39, 306, 54
-0.999737, 255, 255, 270, 270
-0.999737, 251, 5, 266, 20
-0.999738, 175, 241, 190, 368
-0.999738, 251, 11, 266, 26
-0.99974, 127, 289, 142, 304
-0.999741, 253, 85, 284, 100
-0.999742, 93, 121, 108, 136
-0.999743, 93, 57, 108, 72
-0.999743, 269, 255, 284, 270
-0.999743, 293, 33, 308, 48
-0.999745, 341, 71, 356, 86
-0.999745, 261, 81, 276, 96
-0.999747, 117, 275, 132, 290
-0.99975, 159, 61, 174, 76
-0.999751, 111, 53, 126, 68
-0.999753, 229, 185, 244, 200
-0.999758, 239, 75, 254, 90
-0.999759, 97, 273, 112, 288
-0.99976, 247, 71, 262, 86
-0.99976, 113, 285, 128, 300
-0.999761, 97, 219, 112, 234
-0.999763, 371, 85, 386, 100
-0.999766, 129, 283, 144, 298
-0.999766, 103, 55, 118, 70
-0.999766, 385, 49, 400, 64
-0.999773, 167, 63, 182, 78
-0.999777, 249, 83, 264, 98
-0.999779, 341, 79, 372, 94
-0.999785, 123, 275, 138, 290
-0.999791, 417, 129, 448, 375
-0.999797, 325, 289, 340, 304
-0.999799, 241, 69, 256, 84
-0.999799, 119, 281, 134, 296
-0.9998, 369, 313, 496, 375
-0.999801, 157, 51, 172, 66
-0.999803, 281, 71, 312, 86
-0.999808, 253, 75, 268, 90
-0.999812, 441, 129, 472, 375
-0.999822, 247, 77, 262, 92
-0.999824, 45, 303, 76, 318
-0.999827, 429, 129, 460, 375
-0.999844, 237, 75, 268, 90
-1.00007, 97, 53, 128, 68
-1.00013, 117, 279, 148, 294
-1.001, 353, 153, 480, 216
-1.00126, 329, 193, 392, 320
-1.00136, 409, 161, 472, 288
-1.00155, 369, 289, 496, 352
-1.00211, 369, 249, 496, 312
-1.00221, 369, 209, 496, 272
-1.00232, 369, 241, 496, 368
-1.00266, 369, 185, 496, 248
