1877
-0.396963, 1, 65, 500, 320
-0.612475, 1, 1, 500, 333
-0.638521, 225, 1, 480, 333
-0.654766, 161, 65, 416, 320
-0.662342, 129, 1, 384, 333
-0.675106, 1, 1, 256, 333
-0.684512, 65, 65, 320, 320
-0.721552, 257, 65, 500, 320
-0.88224, 209, 65, 336, 320
-0.882461, 1, 145, 500, 272
-0.885299, 289, 65, 416, 320
-0.885951, 81, 65, 208, 320
-0.887295, 145, 65, 272, 320
-0.894469, 369, 65, 496, 320
-0.89695, 1, 65, 128, 320
-0.901153, 1, 97, 500, 224
-0.903871, 193, 129, 448, 256
-0.905058, 1, 209, 500, 333
-0.907623, 241, 1, 368, 333
-0.911395, 305, 1, 432, 333
-0.913408, 193, 1, 320, 333
-0.9166, 177, 145, 304, 272
-0.921048, 97, 145, 352, 272
-0.923688, 1, 1, 128, 333
-0.923853, 81, 1, 208, 333
-0.926244, 65, 97, 320, 224
-0.926798, 145, 1, 272, 333
-0.926963, 353, 1, 480, 333
-0.927118, 65, 209, 320, 333
-0.927218, 225, 193, 480, 320
-0.929594, 273, 113, 400, 240
-0.938796, 177, 145, 240, 272
-0.938947, 1, 161, 256, 288
-0.940198, 193, 97, 320, 224
-0.944925, 225, 81, 480, 208
-0.945128, 289, 113, 352, 240
-0.945433, 225, 129, 288, 256
-0.945716, 321, 113, 384, 240
-0.945978, 321, 113, 448, 240
-0.946291, 249, 113, 312, 240
-0.94643, 241, 161, 368, 288
-0.947164, 161, 209, 288, 333
-0.947573, 257, 161, 320, 288
-0.947834, 153, 145, 216, 272
-0.948626, 81, 97, 208, 224
-0.950758, 273, 209, 400, 333
-0.951196, 201, 97, 264, 224
-0.951485, 353, 193, 480, 320
-0.952265, 129, 161, 256, 288
-0.953021, 81, 209, 208, 333
-0.953978, 369, 177, 432, 304
-0.954021, 369, 129, 496, 256
-0.955525, 1, 49, 500, 176
-0.955825, 209, 209, 336, 333
-0.955971, 129, 97, 256, 224
-0.956095, 169, 193, 232, 320
-0.956272, 145, 177, 208, 240
-0.956343, 137, 193, 200, 320
-0.956466, 177, 97, 240, 224
-0.956466, 409, 113, 472, 240
-0.957248, 201, 145, 264, 272
-0.957636, 193, 145, 256, 208
-0.957987, 337, 209, 400, 333
-0.958282, 353, 113, 416, 240
-0.959058, 289, 161, 416, 288
-0.959433, 225, 161, 288, 224
-0.959911, 321, 113, 384, 176
-0.960061, 393, 193, 456, 320
-0.960227, 257, 209, 320, 333
-0.960667, 153, 97, 216, 224
-0.960667, 233, 209, 296, 333
-0.961123, 257, 113, 320, 176
-0.961165, 169, 161, 232, 224
-0.961744, 257, 193, 320, 256
-0.962125, 225, 81, 288, 208
-0.962151, 129, 97, 192, 224
-0.962233, 281, 161, 344, 288
-0.962686, 65, 145, 192, 272
-0.962864, 369, 185, 432, 248
-0.963582, 177, 153, 304, 216
-0.963843, 289, 217, 352, 280
-0.963907, 289, 209, 352, 333
-0.963967, 193, 209, 256, 333
-0.964137, 385, 113, 448, 240
-0.964329, 9, 97, 72, 224
-0.96479, 433, 113, 496, 240
-0.964869, 217, 129, 280, 192
-0.965841, 1, 97, 128, 224
-0.966066, 33, 97, 96, 224
-0.966086, 185, 217, 248, 280
-0.966567, 321, 217, 384, 280
-0.966664, 97, 97, 160, 224
-0.967581, 337, 137, 400, 200
-0.967846, 361, 137, 424, 200
-0.967875, 169, 185, 232, 248
-0.968083, 361, 113, 424, 176
-0.968709, 57, 97, 120, 224
-0.968759, 297, 121, 360, 184
-0.969711, 185, 145, 216, 272
-0.9698, 249, 153, 312, 216
-0.969844, 225, 217, 288, 280
-0.970502, 361, 209, 424, 272
-0.970585, 113, 177, 176, 304
-0.970598, 1, 145, 128, 272
-0.971526, 289, 153, 352, 216
-0.971529, 193, 209, 320, 272
-0.971722, 137, 201, 200, 264
-0.972466, 273, 161, 304, 288
-0.97248, 193, 113, 256, 176
-0.972593, 345, 161, 408, 288
-0.972632, 201, 169, 264, 232
-0.972663, 225, 129, 352, 192
-0.972787, 273, 217, 400, 280
-0.972869, 241, 65, 368, 192
-0.972946, 317, 113, 348, 240
-0.972967, 1, 49, 256, 176
-0.973217, 257, 217, 320, 280
-0.973357, 313, 209, 376, 333
-0.973366, 49, 153, 112, 216
-0.973391, 393, 201, 456, 264
-0.97343, 281, 97, 312, 224
-0.973555, 81, 209, 144, 333
-0.97361, 393, 177, 456, 240
-0.973683, 169, 161, 200, 288
-0.97369, 57, 177, 120, 304
-0.973994, 401, 113, 464, 176
-0.974237, 145, 177, 272, 240
-0.974257, 217, 105, 280, 168
-0.974354, 161, 225, 224, 288
-0.974361, 329, 113, 360, 240
-0.974554, 113, 185, 176, 248
-0.974573, 305, 161, 368, 288
-0.974595, 425, 193, 488, 320
-0.974649, 169, 113, 232, 176
-0.974737, 33, 209, 160, 333
-0.975032, 321, 65, 448, 192
-0.975069, 197, 145, 228, 272
-0.97523, 25, 177, 88, 304
-0.975231, 305, 113, 336, 240
-0.975269, 145, 153, 208, 216
-0.975349, 293, 113, 324, 240
-0.975419, 113, 161, 176, 224
-0.975445, 269, 97, 300, 224
-0.975513, 145, 113, 208, 176
-0.975545, 129, 49, 384, 176
-0.975658, 25, 105, 88, 168
-0.975691, 321, 137, 448, 200
-0.975877, 285, 161, 316, 288
-0.976031, 369, 81, 496, 208
-0.976265, 329, 65, 392, 320
-0.976312, 257, 113, 288, 240
-0.976511, 281, 65, 344, 192
-0.976744, 321, 209, 448, 272
-0.976897, 381, 177, 412, 304
-0.977087, 341, 113, 372, 240
-0.977136, 173, 209, 204, 333
-0.977367, 145, 225, 272, 288
-0.977394, 257, 65, 320, 320
-0.977427, 177, 177, 208, 240
-0.977508, 397, 193, 428, 320
-0.977634, 1, 177, 64, 304
-0.977636, 153, 65, 216, 320
-0.977679, 209, 193, 272, 256
-0.977702, 249, 65, 312, 192
-0.977839, 157, 169, 188, 232
-0.977919, 357, 113, 388, 240
-0.978042, 137, 225, 200, 288
-0.978048, 273, 121, 400, 184
-0.978178, 217, 129, 248, 256
-0.978181, 197, 153, 228, 216
-0.978196, 321, 65, 384, 192
-0.978364, 185, 97, 216, 224
-0.978505, 113, 217, 176, 280
-0.978526, 241, 193, 368, 256
-0.978724, 49, 33, 112, 160
-0.978783, 353, 113, 480, 176
-0.978901, 345, 233, 408, 296
-0.978925, 113, 201, 240, 264
-0.978934, 273, 161, 400, 224
-0.978943, 237, 145, 268, 272
-0.979096, 105, 65, 168, 320
-0.979103, 217, 65, 280, 320
-0.979162, 157, 161, 188, 288
-0.979232, 1, 105, 64, 168
-0.979232, 49, 105, 112, 168
-0.979486, 253, 209, 284, 333
-0.97958, 177, 65, 240, 320
-0.979689, 253, 161, 284, 224
-0.979744, 105, 105, 168, 168
-0.979781, 365, 209, 396, 333
-0.979894, 193, 193, 224, 320
-0.979922, 417, 169, 480, 232
-0.979935, 433, 113, 496, 176
-0.980018, 113, 113, 240, 176
-0.980031, 129, 153, 256, 216
-0.980077, 201, 97, 232, 224
-0.980103, 297, 65, 360, 320
-0.980109, 249, 161, 280, 288
-0.980288, 81, 105, 144, 168
-0.980306, 385, 177, 416, 240
-0.980308, 173, 153, 204, 216
-0.980323, 161, 209, 192, 333
-0.980355, 41, 65, 104, 320
-0.980458, 225, 129, 256, 192
-0.980506, 209, 105, 336, 168
-0.980592, 309, 217, 340, 280
-0.980607, 401, 65, 464, 320
-0.980738, 97, 177, 224, 240
-0.980751, 377, 241, 440, 304
-0.980799, 321, 185, 448, 248
-0.980835, 1, 65, 64, 320
-0.980838, 373, 113, 404, 176
-0.980902, 81, 161, 144, 288
-0.98098, 393, 153, 456, 216
-0.981138, 317, 121, 348, 184
-0.981142, 241, 153, 272, 216
-0.981176, 225, 153, 352, 216
-0.981178, 1, 193, 64, 256
-0.981246, 261, 161, 292, 288
-0.981255, 193, 49, 320, 176
-0.981278, 305, 129, 336, 192
-0.981409, 277, 177, 308, 240
-0.981519, 193, 177, 320, 240
-0.981576, 265, 209, 296, 333
-0.981611, 361, 65, 424, 320
-0.981707, 433, 65, 496, 320
-0.981736, 209, 145, 240, 208
-0.981747, 297, 217, 328, 280
-0.981759, 129, 65, 192, 320
-0.981782, 329, 113, 360, 176
-0.981866, 289, 121, 320, 184
-0.981886, 185, 153, 216, 216
-0.981918, 161, 97, 192, 224
-0.982156, 305, 241, 368, 304
-0.98217, 65, 65, 128, 320
-0.982171, 417, 209, 480, 272
-0.98221, 237, 129, 268, 192
-0.982226, 417, 113, 448, 240
-0.982235, 369, 177, 496, 240
-0.982257, 353, 113, 384, 176
-0.982332, 169, 137, 232, 200
-0.98239, 369, 201, 496, 264
-0.982416, 377, 129, 408, 256
-0.982489, 405, 201, 436, 264
-0.982609, 237, 97, 268, 224
-0.982666, 25, 153, 88, 216
-0.982687, 1, 33, 128, 160
-0.982708, 365, 137, 396, 200
-0.982775, 369, 65, 432, 192
-0.982786, 289, 97, 352, 160
-0.982813, 405, 129, 436, 256
-0.98299, 321, 217, 352, 280
-0.982994, 289, 193, 352, 256
-0.983004, 145, 185, 176, 248
-0.983039, 65, 217, 192, 280
-0.983143, 297, 153, 328, 216
-0.983183, 341, 113, 372, 176
-0.983213, 177, 129, 304, 192
-0.983234, 265, 241, 328, 304
-0.983274, 189, 177, 220, 240
-0.983276, 225, 217, 256, 280
-0.983279, 321, 161, 384, 224
-0.983396, 333, 209, 364, 272
-0.983407, 113, 49, 240, 176
-0.983407, 49, 217, 112, 280
-0.983443, 393, 129, 424, 256
-0.983485, 233, 193, 296, 256
-0.983573, 357, 209, 388, 272
-0.983636, 201, 201, 232, 264
-0.983665, 229, 153, 260, 216
-0.98367, 249, 217, 280, 280
-0.983707, 285, 209, 316, 333
-0.98373, 445, 113, 476, 240
-0.98374, 65, 185, 128, 248
-0.983745, 329, 193, 392, 256
-0.983758, 345, 209, 376, 272
-0.983768, 209, 113, 240, 176
-0.983796, 73, 217, 136, 280
-0.983813, 385, 113, 416, 176
-0.983815, 37, 97, 68, 224
-0.983852, 201, 221, 264, 252
-0.983898, 277, 113, 308, 176
-0.983981, 57, 97, 88, 224
-0.984141, 33, 193, 96, 256
-0.984248, 393, 137, 424, 200
-0.984298, 213, 209, 244, 272
-0.984354, 89, 169, 152, 232
-0.984356, 237, 217, 268, 280
-0.984383, 213, 169, 244, 232
-0.984399, 81, 153, 208, 216
-0.98452, 33, 105, 160, 168
-0.984601, 397, 113, 428, 176
-0.984651, 173, 97, 204, 224
-0.984671, 217, 177, 248, 304
-0.984685, 301, 161, 332, 288
-0.984689, 25, 49, 88, 176
-0.984712, 369, 201, 400, 264
-0.984718, 413, 113, 444, 176
-0.984721, 185, 225, 216, 288
-0.984754, 73, 33, 136, 160
-0.984755, 405, 161, 436, 224
-0.98476, 205, 209, 236, 333
-0.98481, 169, 225, 200, 288
-0.984865, 253, 129, 284, 192
-0.984901, 161, 105, 288, 168
-0.984918, 297, 209, 328, 333
-0.984927, 261, 201, 292, 264
-0.984992, 145, 181, 208, 212
-0.985066, 241, 241, 304, 304
-0.985078, 393, 217, 424, 280
-0.985083, 245, 105, 276, 168
-0.985099, 149, 209, 180, 272
-0.985127, 9, 129, 72, 192
-0.985188, 345, 233, 376, 296
-0.985189, 353, 137, 384, 200
-0.985241, 161, 201, 192, 264
-0.985254, 233, 105, 264, 168
-0.985256, 377, 145, 408, 208
-0.985258, 189, 113, 220, 176
-0.985304, 321, 233, 448, 296
-0.985346, 25, 217, 88, 280
-0.985363, 265, 113, 296, 176
-0.98541, 309, 153, 340, 216
-0.985423, 37, 105, 68, 168
-0.985426, 461, 113, 492, 240
-0.985492, 265, 153, 296, 216
-0.98551, 369, 161, 432, 224
-0.985527, 429, 113, 460, 240
-0.985586, 145, 177, 176, 304
-0.98559, 201, 161, 264, 192
-0.985602, 333, 233, 364, 296
-0.985736, 57, 153, 88, 216
-0.98577, 225, 233, 352, 296
-0.985784, 57, 97, 88, 160
-0.985831, 13, 97, 44, 224
-0.985888, 85, 105, 116, 168
-0.985893, 241, 177, 272, 240
-0.985915, 417, 193, 448, 256
-0.985996, 33, 161, 160, 224
-0.986131, 177, 221, 240, 252
-0.986157, 25, 97, 56, 224
-0.986216, 425, 65, 488, 192
-0.986244, 369, 225, 496, 288
-0.986291, 161, 145, 192, 208
-0.9864, 357, 233, 388, 296
-0.986441, 69, 153, 100, 216
-0.986447, 1, 1, 500, 128
-0.986551, 161, 165, 224, 196
-0.986572, 77, 97, 108, 224
-0.986587, 49, 185, 176, 248
-0.986618, 177, 113, 208, 176
-0.986643, 433, 145, 496, 208
-0.986684, 201, 177, 232, 240
-0.986717, 305, 105, 336, 168
-0.986735, 221, 105, 252, 168
-0.98675, 133, 193, 164, 256
-0.986775, 369, 225, 400, 288
-0.986801, 1, 105, 32, 168
-0.986939, 13, 105, 44, 168
-0.986975, 429, 113, 460, 176
-0.987021, 165, 105, 196, 168
-0.987023, 213, 81, 244, 208
-0.987129, 449, 113, 480, 176
-0.987152, 281, 153, 312, 216
-0.987212, 153, 113, 184, 176
-0.987226, 457, 177, 488, 240
-0.987257, 73, 105, 104, 168
-0.98727, 109, 105, 140, 168
-0.987272, 137, 49, 200, 176
-0.98729, 1, 97, 32, 224
-0.987294, 285, 209, 316, 272
-0.987324, 385, 241, 416, 304
-0.987331, 353, 225, 416, 256
-0.987371, 137, 97, 168, 224
-0.987375, 321, 217, 384, 248
-0.987386, 433, 193, 464, 256
-0.987429, 345, 65, 408, 192
-0.987431, 225, 225, 288, 256
-0.98748, 353, 209, 384, 333
-0.987486, 229, 177, 260, 240
-0.987504, 417, 217, 448, 280
-0.98759, 225, 165, 288, 196
-0.98759, 169, 177, 232, 208
-0.987593, 25, 105, 56, 168
-0.987601, 421, 169, 452, 232
-0.987618, 201, 141, 264, 172
-0.987622, 97, 97, 128, 224
-0.98766, 393, 273, 456, 333
-0.987708, 261, 233, 292, 296
-0.987732, 1, 225, 64, 288
-0.987743, 137, 217, 168, 280
-0.987769, 273, 241, 400, 304
-0.987825, 461, 113, 492, 176
-0.987896, 45, 153, 76, 216
-0.987901, 137, 105, 168, 168
-0.987933, 445, 185, 476, 248
-0.987949, 125, 105, 156, 168
-0.987956, 369, 145, 496, 208
-0.987981, 89, 193, 152, 256
-0.988017, 265, 89, 328, 152
-0.988025, 393, 217, 456, 248
-0.988035, 17, 193, 48, 256
-0.988038, 249, 161, 312, 192
-0.988108, 289, 97, 320, 160
-0.988138, 405, 233, 436, 296
-0.988141, 97, 217, 128, 280
-0.988154, 325, 153, 356, 216
-0.988185, 273, 233, 304, 296
-0.988215, 5, 193, 36, 256
-0.988215, 1, 185, 128, 248
-0.988266, 409, 177, 440, 304
-0.98827, 45, 193, 76, 256
-0.988284, 321, 125, 384, 156
-0.98829, 57, 49, 88, 176
-0.988291, 469, 177, 500, 240
-0.988297, 137, 161, 168, 224
-0.988306, 161, 201, 224, 232
-0.988382, 97, 105, 128, 168
-0.988401, 225, 81, 256, 208
-0.988408, 185, 89, 248, 152
-0.988449, 289, 241, 320, 304
-0.988543, 337, 209, 368, 333
-0.988553, 257, 217, 320, 248
-0.988563, 65, 73, 96, 136
-0.988578, 161, 161, 416, 224
-0.988626, 197, 225, 228, 288
-0.988638, 125, 217, 156, 280
-0.988651, 249, 113, 312, 144
-0.988689, 33, 193, 64, 256
-0.988701, 217, 241, 280, 304
-0.988722, 305, 241, 336, 304
-0.988756, 385, 229, 448, 260
-0.988769, 297, 221, 360, 252
-0.988801, 297, 193, 328, 256
-0.988804, 153, 213, 216, 244
-0.98882, 233, 125, 296, 156
-0.988822, 241, 209, 272, 333
-0.988843, 417, 273, 480, 333
-0.98886, 61, 193, 92, 256
-0.988901, 321, 241, 352, 304
-0.988932, 313, 209, 344, 333
-0.988936, 113, 217, 144, 280
-0.988953, 329, 229, 392, 260
-0.988996, 249, 1, 312, 333
-0.988996, 149, 97, 180, 224
-0.988997, 85, 217, 116, 280
-0.989004, 369, 145, 432, 176
-0.989006, 273, 97, 400, 160
-0.989019, 401, 233, 464, 296
-0.989128, 61, 217, 92, 280
-0.98914, 345, 121, 408, 152
-0.989142, 93, 193, 124, 256
-0.989145, 361, 209, 424, 240
-0.989148, 33, 217, 64, 280
-0.989161, 109, 193, 140, 256
-0.989164, 73, 193, 104, 256
-0.989176, 81, 153, 112, 216
-0.989216, 189, 201, 220, 264
-0.98922, 161, 49, 224, 176
-0.989258, 121, 221, 184, 252
-0.989309, 57, 129, 120, 192
-0.989401, 353, 273, 416, 333
-0.989455, 265, 125, 328, 156
-0.989466, 313, 161, 344, 288
-0.989537, 321, 1, 384, 333
-0.989574, 241, 89, 304, 152
-0.989582, 345, 161, 408, 224
-0.989648, 377, 185, 440, 216
-0.989664, 321, 89, 384, 152
-0.989683, 445, 209, 476, 333
-0.989753, 369, 133, 432, 164
-0.989775, 129, 185, 384, 248
-0.989787, 121, 137, 184, 200
-0.989792, 401, 65, 464, 192
-0.98981, 357, 161, 388, 288
-0.989822, 325, 209, 356, 333
-0.989828, 229, 209, 260, 333
-0.989839, 193, 233, 256, 264
-0.989872, 137, 169, 200, 200
-0.989892, 17, 217, 144, 280
-0.989943, 169, 189, 232, 220
-0.990021, 193, 49, 256, 176
-0.99004, 209, 1, 272, 333
-0.990075, 345, 1, 408, 333
-0.990101, 369, 117, 432, 148
-0.990105, 289, 1, 352, 333
-0.990154, 113, 209, 144, 333
-0.990175, 177, 153, 240, 184
-0.99019, 429, 193, 460, 320
-0.9902, 297, 153, 360, 184
-0.990201, 113, 97, 144, 224
-0.99021, 225, 177, 288, 208
-0.990231, 193, 113, 256, 144
-0.990279, 49, 33, 176, 160
-0.990323, 289, 125, 352, 156
-0.990364, 1, 81, 64, 144
-0.990417, 273, 157, 336, 188
-0.990419, 225, 153, 288, 184
-0.990521, 1, 153, 64, 216
-0.990668, 469, 209, 500, 333
-0.990686, 457, 209, 488, 333
-0.9907, 113, 49, 176, 176
-0.990826, 125, 209, 156, 333
-0.990833, 145, 1, 208, 333
-0.99091, 169, 1, 232, 333
-0.99093, 401, 1, 464, 333
-0.990968, 129, 89, 192, 152
-0.990995, 361, 197, 424, 228
-0.991006, 281, 113, 344, 144
-0.991023, 209, 209, 272, 240
-0.991027, 1, 49, 64, 176
-0.991045, 121, 1, 184, 333
-0.991063, 305, 113, 368, 144
-0.991075, 201, 221, 232, 252
-0.991091, 73, 49, 104, 176
-0.991094, 369, 1, 432, 333
-0.99114, 101, 209, 132, 333
-0.991144, 193, 181, 256, 212
-0.991152, 153, 225, 216, 256
-0.991157, 161, 217, 416, 280
-0.991168, 361, 89, 424, 152
-0.991195, 45, 177, 76, 304
-0.991219, 265, 185, 328, 216
-0.991236, 213, 221, 244, 252
-0.99137, 257, 153, 500, 216
-0.991441, 125, 97, 156, 224
-0.991463, 97, 137, 160, 200
-0.991466, 73, 145, 104, 272
-0.991472, 217, 113, 280, 144
-0.991515, 337, 137, 400, 168
-0.991685, 33, 129, 96, 192
-0.991796, 1, 1, 64, 333
-0.991799, 121, 209, 184, 240
-0.991816, 257, 197, 320, 228
-0.991856, 321, 65, 352, 192
-0.991863, 157, 177, 188, 208
-0.991865, 245, 225, 276, 256
-0.991905, 33, 177, 64, 304
-0.991944, 237, 157, 268, 188
-0.991952, 49, 157, 112, 188
-0.991985, 393, 117, 456, 148
-0.992002, 113, 189, 176, 220
-0.992027, 229, 221, 260, 252
-0.992028, 89, 209, 120, 333
-0.992039, 209, 129, 272, 160
-0.992065, 5, 177, 36, 304
-0.992118, 33, 177, 288, 240
-0.992134, 137, 193, 200, 224
-0.992135, 177, 177, 208, 208
-0.992143, 405, 217, 436, 248
-0.992175, 177, 161, 304, 192
-0.992184, 65, 1, 128, 333
-0.992222, 393, 205, 456, 236
-0.992222, 225, 161, 256, 192
-0.992233, 161, 221, 288, 252
-0.992249, 321, 161, 448, 224
-0.99225, 225, 193, 480, 256
-0.992253, 353, 217, 384, 248
-0.992272, 193, 129, 448, 192
-0.99232, 65, 129, 192, 192
-0.992334, 57, 177, 88, 304
-0.992342, 189, 225, 220, 256
-0.992368, 41, 1, 104, 333
-0.99239, 261, 161, 292, 192
-0.992412, 185, 201, 248, 232
-0.992454, 169, 165, 200, 196
-0.992457, 213, 157, 244, 188
-0.992486, 305, 221, 432, 252
-0.992533, 337, 273, 464, 333
-0.99255, 1, 185, 500, 248
-0.992555, 209, 169, 240, 200
-0.992557, 453, 161, 484, 288
-0.992598, 277, 181, 308, 212
-0.992606, 385, 181, 416, 212
-0.99266, 237, 125, 268, 156
-0.992691, 341, 217, 372, 248
-0.992694, 305, 65, 336, 192
-0.992701, 401, 177, 464, 208
-0.992706, 189, 173, 220, 204
-0.992713, 197, 161, 228, 192
-0.992726, 65, 209, 320, 272
-0.992727, 425, 1, 488, 333
-0.992736, 249, 157, 280, 188
-0.99275, 217, 145, 248, 176
-0.992763, 113, 165, 176, 196
-0.992764, 1, 105, 64, 136
-0.992765, 305, 149, 336, 180
-0.992798, 249, 145, 312, 176
-0.992803, 149, 217, 180, 248
-0.992807, 65, 145, 320, 208
-0.992813, 321, 273, 384, 333
-0.992826, 297, 141, 360, 172
-0.992827, 97, 1, 160, 333
-0.99285, 293, 125, 324, 156
-0.992859, 397, 229, 428, 260
-0.992867, 185, 161, 216, 192
-0.992871, 81, 109, 144, 140
-0.992887, 217, 237, 280, 268
-0.992888, 349, 121, 380, 152
-0.992892, 365, 117, 396, 148
-0.992897, 17, 177, 48, 304
-0.992902, 357, 229, 388, 260
-0.992902, 309, 125, 340, 156
-0.992923, 409, 165, 472, 196
-0.992927, 201, 149, 232, 180
-0.992943, 417, 217, 480, 248
-0.992955, 105, 109, 168, 140
-0.992961, 357, 133, 388, 164
-0.992986, 89, 161, 120, 288
-0.993018, 257, 221, 288, 252
-0.993033, 237, 177, 268, 208
-0.993045, 25, 81, 88, 144
-0.993048, 337, 65, 368, 192
-0.993049, 169, 237, 232, 268
-0.993052, 225, 133, 256, 164
-0.993055, 297, 209, 360, 240
-0.993058, 381, 137, 412, 168
-0.993079, 409, 229, 440, 260
-0.993106, 225, 125, 352, 156
-0.993113, 297, 237, 360, 268
-0.99312, 241, 221, 368, 252
-0.993129, 393, 141, 456, 172
-0.993131, 173, 213, 204, 244
-0.993151, 409, 193, 472, 224
-0.993159, 57, 109, 120, 140
-0.993159, 197, 185, 228, 216
-0.993161, 253, 173, 284, 204
-0.993165, 341, 229, 372, 260
-0.993182, 153, 89, 216, 152
-0.993194, 205, 233, 236, 264
-0.993194, 225, 233, 256, 264
-0.993217, 409, 229, 472, 260
-0.993227, 289, 113, 320, 144
-0.99324, 193, 201, 224, 232
-0.993251, 277, 113, 308, 144
-0.993259, 33, 113, 288, 176
-0.993264, 177, 189, 208, 220
-0.993282, 257, 113, 288, 144
-0.993288, 225, 177, 256, 208
-0.993293, 145, 113, 208, 144
-0.993327, 433, 89, 496, 152
-0.993328, 149, 189, 180, 220
-0.993328, 329, 217, 360, 248
-0.993339, 321, 125, 352, 156
-0.993345, 377, 117, 408, 148
-0.993348, 245, 113, 276, 144
-0.993349, 273, 229, 336, 260
-0.993352, 305, 221, 336, 252
-0.993361, 417, 217, 448, 248
-0.993362, 49, 225, 112, 256
-0.993373, 157, 165, 188, 196
-0.993378, 241, 237, 304, 268
-0.993383, 217, 189, 280, 220
-0.993386, 393, 133, 424, 164
-0.993389, 433, 165, 496, 196
-0.993393, 209, 209, 240, 240
-0.993428, 317, 217, 348, 248
-0.993434, 337, 117, 368, 148
-0.993437, 1, 153, 500, 216
-0.99346, 377, 149, 408, 180
-0.993463, 421, 229, 452, 260
-0.993466, 45, 33, 76, 160
-0.993469, 221, 113, 252, 144
-0.99347, 25, 109, 88, 140
-0.993473, 25, 225, 88, 256
-0.993475, 417, 117, 480, 148
-0.993486, 369, 137, 400, 168
-0.993493, 329, 229, 360, 260
-0.993503, 405, 205, 436, 236
-0.993518, 277, 161, 308, 192
-0.993553, 401, 117, 432, 148
-0.993557, 81, 81, 144, 144
-0.993564, 105, 81, 168, 144
-0.993583, 165, 201, 196, 232
-0.993623, 405, 173, 436, 204
-0.993637, 65, 105, 96, 136
-0.993637, 305, 113, 336, 144
-0.993638, 369, 225, 400, 256
-0.993647, 385, 225, 416, 256
-0.99365, 389, 117, 420, 148
-0.993658, 249, 125, 280, 156
-0.993697, 113, 89, 240, 152
-0.993706, 281, 273, 344, 333
-0.99371, 97, 221, 160, 252
-0.993717, 77, 105, 108, 136
-0.993719, 169, 233, 200, 264
-0.993728, 177, 173, 304, 204
-0.993735, 441, 161, 472, 288
-0.99374, 169, 273, 232, 333
-0.993742, 257, 217, 500, 280
-0.993743, 161, 221, 192, 252
-0.993753, 113, 177, 176, 208
-0.993758, 181, 201, 212, 232
-0.993762, 189, 149, 220, 180
-0.993763, 325, 113, 356, 144
-0.993766, 413, 117, 444, 148
-0.993799, 293, 161, 324, 192
-0.9938, 45, 105, 76, 136
-0.993806, 9, 105, 40, 136
-0.993811, 153, 205, 184, 236
-0.993817, 317, 229, 348, 260
-0.993822, 165, 189, 196, 220
-0.993832, 233, 113, 264, 144
-0.993845, 137, 177, 168, 208
-0.99385, 293, 149, 324, 180
-0.99385, 361, 157, 424, 188
-0.993851, 213, 181, 244, 212
-0.993855, 429, 217, 460, 248
-0.993875, 273, 125, 400, 156
-0.993877, 325, 161, 356, 288
-0.993883, 241, 273, 304, 333
-0.993898, 137, 217, 168, 248
-0.993901, 191, 161, 206, 224
-0.993914, 129, 205, 256, 236
-0.993951, 397, 145, 428, 176
-0.993951, 469, 117, 500, 148
-0.993951, 293, 221, 324, 252
-0.993962, 337, 157, 400, 188
-0.993966, 73, 221, 136, 252
-0.99398, 145, 113, 176, 144
-0.993984, 281, 125, 312, 156
-0.993991, 241, 237, 272, 268
-0.994011, 185, 237, 216, 268
-0.994011, 97, 109, 128, 140
-0.994012, 417, 197, 448, 228
-0.994013, 273, 145, 336, 176
-0.994015, 121, 109, 152, 140
-0.994017, 425, 117, 456, 148
-0.99402, 81, 301, 144, 332
-0.994025, 373, 209, 404, 240
-0.994031, 125, 221, 156, 252
-0.994033, 305, 137, 336, 168
-0.994035, 29, 109, 60, 140
-0.994036, 97, 221, 128, 252
-0.994038, 261, 125, 292, 156
-0.99404, 21, 225, 52, 256
-0.994041, 209, 113, 240, 144
-0.994044, 317, 153, 348, 184
-0.994048, 165, 113, 196, 144
-0.994052, 129, 297, 192, 328
-0.994064, 241, 145, 272, 176
-0.994079, 257, 233, 288, 264
-0.994082, 305, 237, 336, 268
-0.994084, 185, 213, 216, 244
-0.994098, 85, 221, 116, 252
-0.994101, 133, 113, 164, 144
-0.994106, 57, 93, 88, 124
-0.994117, 253, 145, 284, 176
-0.994119, 405, 189, 436, 220
-0.994127, 437, 117, 468, 148
-0.994132, 457, 117, 488, 148
-0.994161, 173, 161, 188, 224
-0.994163, 257, 33, 500, 160
-0.994179, 249, 173, 312, 204
-0.994224, 1, 225, 64, 256
-0.994253, 113, 221, 240, 252
-0.994268, 321, 205, 384, 236
-0.994271, 133, 161, 164, 288
-0.994363, 425, 177, 488, 208
-0.994366, 161, 141, 224, 172
-0.994416, 361, 237, 424, 268
-0.99445, 57, 81, 120, 144
-0.994458, 185, 161, 200, 224
-0.994459, 377, 173, 440, 204
-0.994466, 309, 217, 324, 280
-0.994469, 81, 173, 144, 204
-0.994528, 161, 105, 416, 168
-0.994566, 209, 209, 336, 240
-0.994585, 345, 109, 408, 140
-0.994601, 105, 297, 168, 328
-0.994621, 409, 153, 472, 184
-0.994624, 161, 233, 288, 264
-0.994629, 353, 185, 416, 216
-0.994641, 113, 165, 240, 196
-0.994667, 1, 209, 500, 272
-0.994674, 313, 129, 328, 192
-0.994687, 245, 153, 260, 216
-0.994698, 153, 297, 216, 328
-0.994702, 201, 153, 216, 216
-0.994707, 155, 185, 170, 248
-0.994718, 393, 129, 456, 160
-0.994727, 129, 177, 256, 208
-0.994782, 169, 109, 232, 140
-0.994787, 369, 81, 400, 208
-0.994797, 177, 293, 240, 324
-0.994824, 1, 137, 128, 200
-0.994851, 321, 241, 384, 272
-0.9949, 179, 161, 194, 224
-0.994903, 225, 293, 288, 324
-0.994917, 353, 217, 480, 248
-0.994925, 65, 221, 192, 252
-0.994951, 109, 161, 140, 288
-0.994951, 377, 281, 440, 312
-0.994973, 319, 121, 334, 184
-0.995006, 237, 129, 252, 192
-0.995013, 433, 193, 496, 224
-0.995018, 163, 169, 178, 232
-0.995059, 57, 301, 120, 332
-0.995071, 145, 113, 272, 144
-0.99512, 353, 285, 416, 316
-0.995136, 401, 89, 464, 152
-0.99514, 257, 113, 384, 144
-0.995154, 401, 281, 464, 312
-0.995167, 193, 273, 256, 333
-0.995193, 225, 33, 288, 160
-0.995199, 145, 273, 208, 333
-0.995214, 177, 189, 304, 220
-0.995223, 273, 273, 400, 333
-0.995245, 321, 89, 448, 152
-0.995246, 77, 209, 108, 333
-0.995249, 217, 81, 280, 144
-0.995259, 193, 241, 256, 304
-0.995271, 337, 161, 368, 288
-0.995273, 293, 65, 324, 192
-0.995295, 377, 113, 392, 176
-0.995304, 1, 113, 500, 176
-0.995304, 153, 153, 216, 184
-0.995305, 225, 157, 352, 188
-0.995307, 249, 289, 312, 320
-0.995333, 315, 217, 330, 280
-0.995335, 201, 293, 264, 324
-0.995339, 273, 289, 336, 320
-0.995354, 353, 117, 480, 148
-0.99536, 211, 153, 226, 216
-0.995381, 367, 113, 382, 176
-0.995385, 251, 153, 266, 216
-0.995443, 113, 273, 176, 333
-0.99546, 303, 121, 318, 184
-0.995466, 303, 217, 318, 280
-0.99548, 321, 217, 336, 280
-0.995481, 97, 209, 160, 240
-0.995481, 465, 161, 496, 288
-0.99551, 217, 273, 280, 333
-0.995526, 9, 145, 72, 176
-0.995565, 25, 157, 88, 188
-0.995571, 227, 113, 242, 176
-0.995574, 1, 81, 128, 144
-0.995575, 313, 289, 376, 320
-0.995581, 33, 213, 96, 244
-0.995588, 409, 209, 424, 272
-0.995594, 177, 125, 240, 156
-0.995595, 261, 217, 276, 280
-0.995597, 177, 149, 304, 180
-0.995612, 225, 137, 240, 200
-0.995613, 289, 141, 416, 172
-0.995637, 217, 145, 232, 208
-0.995639, 329, 113, 344, 176
-0.995686, 385, 161, 448, 192
-0.995711, 327, 217, 342, 280
-0.995715, 433, 277, 496, 308
-0.99572, 257, 65, 288, 192
-0.995727, 209, 113, 336, 144
-0.995764, 263, 153, 278, 216
-0.995766, 17, 193, 80, 224
-0.995781, 417, 205, 480, 236
-0.995791, 359, 113, 374, 176
-0.995797, 197, 177, 212, 240
-0.995803, 225, 241, 480, 304
-0.995816, 337, 205, 464, 236
-0.995822, 345, 209, 360, 272
-0.995825, 337, 209, 352, 272
-0.99586, 387, 113, 402, 176
-0.995888, 65, 173, 192, 204
-0.99589, 177, 225, 192, 288
-0.99589, 185, 225, 200, 288
-0.99589, 399, 177, 414, 240
-0.995923, 337, 113, 352, 176
-0.995939, 257, 209, 384, 240
-0.995946, 407, 113, 422, 176
-0.995954, 355, 209, 370, 272
-0.995963, 57, 145, 120, 176
-0.99597, 239, 161, 254, 224
-0.99597, 321, 153, 448, 184
-0.995974, 363, 217, 378, 280
-0.995988, 267, 201, 282, 264
-0.995994, 347, 113, 362, 176
-0.996034, 337, 233, 464, 264
-0.996047, 413, 169, 428, 232
-0.996065, 257, 153, 272, 216
-0.996067, 81, 185, 208, 216
-0.99607, 129, 153, 256, 184
-0.996076, 249, 129, 264, 192
-0.996086, 193, 137, 320, 168
-0.996093, 403, 217, 418, 280
-0.996098, 239, 217, 254, 280
-0.996103, 301, 153, 316, 216
-0.996126, 233, 217, 248, 280
-0.996135, 401, 81, 432, 208
-0.996141, 287, 161, 302, 224
-0.996218, 273, 193, 288, 256
-0.996243, 255, 129, 270, 192
-0.996253, 293, 161, 308, 224
-0.996262, 129, 189, 256, 220
-0.996281, 255, 217, 270, 280
-0.996291, 417, 113, 432, 176
-0.996299, 371, 209, 386, 272
-0.996331, 243, 121, 258, 184
-0.996339, 209, 113, 224, 176
-0.996361, 353, 113, 368, 176
-0.996376, 1, 233, 500, 296
-0.996388, 395, 113, 410, 176
-0.99639, 269, 161, 284, 224
-0.996398, 355, 233, 370, 296
-0.996437, 227, 217, 242, 280
-0.996449, 207, 177, 222, 240
-0.996458, 149, 185, 164, 248
-0.99648, 419, 185, 434, 248
-0.996482, 395, 145, 410, 208
-0.996483, 349, 233, 364, 296
-0.996512, 121, 161, 152, 288
-0.996513, 221, 113, 236, 176
-0.996529, 321, 129, 448, 160
-0.996531, 377, 137, 392, 200
-0.996537, 209, 233, 336, 264
-0.996553, 241, 145, 368, 176
-0.996575, 245, 217, 260, 280
-0.996575, 233, 105, 248, 168
-0.996577, 277, 169, 292, 232
-0.996579, 297, 121, 312, 184
-0.996579, 193, 225, 208, 288
-0.996583, 215, 113, 230, 176
-0.996583, 343, 233, 358, 296
-0.996584, 377, 201, 392, 264
-0.996591, 171, 185, 186, 248
-0.996609, 203, 221, 218, 252
-0.996624, 181, 185, 196, 248
-0.996624, 213, 221, 228, 252
-0.996637, 81, 209, 208, 240
-0.99665, 65, 105, 80, 168
-0.996653, 335, 233, 350, 296
-0.996672, 169, 225, 184, 288
-0.996684, 203, 201, 218, 264
-0.996686, 51, 105, 66, 168
-0.996712, 401, 113, 416, 176
-0.99673, 291, 113, 306, 176
-0.996732, 307, 145, 322, 208
-0.996732, 415, 209, 430, 272
-0.996733, 203, 113, 218, 176
-0.996742, 17, 225, 144, 256
-0.996744, 61, 1, 92, 128
-0.996746, 219, 169, 234, 232
-0.996759, 209, 201, 224, 264
-0.996762, 231, 137, 246, 200
-0.996777, 49, 81, 176, 144
-0.996789, 369, 137, 384, 200
-0.996796, 219, 221, 234, 252
-0.996801, 85, 49, 116, 176
-0.996814, 309, 105, 324, 168
-0.996822, 369, 177, 496, 208
-0.996823, 215, 209, 230, 272
-0.99684, 163, 113, 178, 176
-0.99685, 369, 193, 496, 224
-0.996851, 77, 105, 92, 168
-0.996857, 35, 105, 50, 168
-0.996864, 1, 97, 16, 160
-0.996881, 225, 273, 352, 333
-0.996899, 407, 137, 422, 200
-0.996904, 293, 185, 308, 248
-0.996907, 275, 113, 290, 176
-0.99691, 387, 177, 402, 240
-0.996914, 349, 65, 380, 192
-0.996933, 45, 105, 60, 168
-0.996935, 227, 221, 242, 252
-0.996937, 269, 113, 284, 176
-0.99695, 59, 97, 74, 160
-0.996956, 227, 169, 242, 232
-0.996959, 161, 225, 176, 288
-0.996968, 251, 221, 266, 252
-0.996973, 161, 125, 288, 156
-0.996977, 425, 193, 440, 256
-0.996979, 191, 185, 206, 248
-0.996988, 263, 113, 278, 176
-0.996992, 435, 113, 450, 176
-0.996998, 327, 137, 342, 200
-0.997006, 177, 273, 304, 333
-0.997009, 49, 109, 176, 140
-0.997023, 71, 153, 86, 216
-0.997024, 61, 153, 76, 216
-0.997048, 165, 201, 180, 264
-0.997055, 405, 185, 420, 248
-0.997061, 257, 237, 384, 268
-0.997064, 9, 105, 24, 168
-0.997064, 313, 133, 328, 164
-0.99707, 65, 233, 320, 296
-0.997072, 21, 105, 36, 168
-0.997072, 249, 105, 264, 168
-0.997077, 389, 241, 404, 304
-0.99708, 369, 89, 496, 152
-0.997084, 381, 81, 412, 208
-0.997102, 87, 105, 102, 168
-0.997109, 1, 109, 128, 140
-0.997116, 161, 81, 288, 144
-0.99714, 393, 177, 408, 240
-0.997153, 151, 209, 166, 272
-0.99716, 479, 169, 494, 232
-0.997166, 383, 137, 398, 200
-0.997169, 27, 105, 42, 168
-0.997177, 299, 193, 314, 256
-0.99718, 367, 225, 382, 256
-0.99721, 97, 109, 224, 140
-0.997222, 197, 225, 212, 256
-0.997232, 257, 105, 500, 168
-0.997241, 65, 301, 192, 332
-0.997246, 65, 161, 192, 192
-0.997251, 257, 225, 272, 256
-0.997291, 233, 225, 248, 256
-0.997322, 273, 157, 400, 188
-0.997336, 187, 177, 202, 208
-0.99735, 89, 273, 152, 333
-0.997361, 305, 113, 432, 144
-0.997363, 163, 169, 178, 200
-0.997368, 407, 217, 422, 248
-0.99738, 249, 157, 264, 188
-0.997381, 245, 221, 260, 252
-0.997391, 157, 65, 188, 320
-0.997409, 211, 169, 226, 200
-0.997426, 307, 145, 322, 176
-0.997444, 273, 181, 400, 212
-0.997445, 113, 233, 240, 264
-0.997468, 377, 65, 408, 320
-0.997487, 239, 161, 254, 192
-0.997488, 97, 227, 128, 242
-0.99749, 289, 193, 416, 224
-0.997492, 129, 113, 160, 128
-0.997495, 133, 189, 164, 204
-0.997495, 173, 225, 204, 240
-0.997495, 357, 65, 388, 320
-0.997505, 231, 165, 246, 196
-0.997507, 257, 171, 288, 186
-0.997515, 49, 155, 80, 170
-0.997516, 369, 225, 400, 240
-0.997522, 161, 237, 192, 252
-0.99753, 37, 163, 68, 178
-0.997532, 277, 65, 308, 320
-0.997534, 221, 155, 252, 170
-0.99754, 181, 181, 196, 212
-0.997542, 177, 187, 208, 202
-0.997543, 361, 217, 376, 248
-0.997546, 249, 65, 280, 320
-0.997557, 73, 157, 104, 172
-0.997558, 173, 181, 188, 212
-0.997559, 317, 155, 348, 170
-0.99756, 401, 177, 432, 192
-0.997567, 137, 225, 168, 240
-0.997571, 213, 175, 244, 190
-0.997573, 165, 201, 196, 216
-0.997577, 185, 237, 216, 252
-0.997579, 253, 183, 284, 198
-0.997586, 369, 137, 496, 168
-0.997587, 57, 65, 88, 320
-0.99759, 113, 297, 240, 328
-0.997606, 261, 221, 292, 236
-0.99761, 265, 129, 296, 144
-0.997616, 341, 229, 372, 244
-0.997617, 369, 165, 496, 196
-0.997618, 169, 219, 200, 234
-0.99762, 345, 135, 376, 150
-0.997622, 213, 149, 244, 164
-0.997627, 137, 65, 168, 320
-0.997643, 369, 149, 496, 180
-0.997644, 303, 125, 318, 156
-0.997653, 173, 65, 204, 320
-0.997654, 77, 65, 108, 320
-0.997655, 129, 273, 256, 333
-0.997659, 301, 65, 332, 320
-0.997659, 153, 211, 184, 226
-0.997663, 353, 217, 368, 248
-0.997663, 413, 217, 428, 248
-0.997664, 155, 181, 170, 212
-0.997666, 241, 193, 368, 224
-0.997666, 197, 65, 228, 320
-0.997667, 329, 65, 360, 320
-0.997667, 317, 65, 348, 320
-0.99767, 37, 109, 68, 124
-0.997672, 45, 227, 76, 242
-0.997673, 263, 161, 278, 192
-0.997673, 17, 65, 48, 320
-0.997684, 9, 109, 40, 124
-0.997688, 401, 221, 416, 252
-0.997698, 239, 221, 254, 252
-0.9977, 211, 153, 226, 184
-0.997701, 441, 165, 472, 180
-0.997701, 45, 65, 76, 320
-0.997701, 245, 173, 260, 204
-0.997702, 149, 191, 180, 206
-0.997705, 209, 215, 240, 230
-0.99771, 305, 149, 336, 164
-0.997714, 465, 165, 496, 180
-0.997717, 197, 203, 228, 218
-0.997717, 367, 117, 382, 148
-0.99772, 261, 65, 292, 320
-0.99772, 265, 117, 296, 132
-0.997722, 65, 107, 96, 122
-0.997733, 217, 157, 232, 188
-0.997736, 341, 65, 372, 320
-0.997741, 165, 185, 196, 200
-0.997746, 185, 65, 216, 320
-0.997755, 297, 225, 328, 240
-0.997758, 401, 225, 432, 240
-0.997758, 401, 65, 432, 320
-0.99776, 255, 161, 270, 192
-0.99776, 177, 293, 304, 324
-0.997762, 217, 65, 248, 320
-0.997763, 225, 169, 352, 200
-0.997771, 281, 163, 312, 178
-0.997776, 393, 143, 424, 158
-0.997777, 177, 163, 208, 178
-0.997777, 309, 217, 340, 232
-0.997777, 77, 109, 108, 124
-0.997778, 313, 117, 344, 132
-0.997784, 421, 65, 452, 320
-0.997792, 445, 65, 476, 320
-0.997799, 171, 165, 186, 196
-0.997806, 237, 65, 268, 320
-0.997808, 185, 215, 216, 230
-0.997809, 445, 65, 476, 192
-0.997811, 245, 175, 276, 190
-0.997811, 263, 221, 278, 252
-0.997812, 321, 161, 352, 176
-0.997812, 197, 215, 228, 230
-0.997813, 5, 65, 36, 320
-0.997814, 355, 117, 370, 148
-0.997819, 241, 219, 272, 234
-0.997827, 181, 195, 212, 210
-0.997829, 419, 217, 434, 248
-0.997829, 201, 161, 216, 192
-0.997832, 221, 141, 252, 156
-0.997834, 173, 237, 204, 252
-0.997835, 193, 181, 208, 212
-0.997838, 199, 173, 214, 204
-0.997839, 217, 169, 232, 200
-0.997842, 227, 137, 242, 168
-0.997845, 289, 65, 320, 320
-0.997846, 29, 65, 60, 320
-0.997846, 97, 65, 128, 320
-0.997862, 389, 65, 420, 320
-0.997867, 353, 225, 384, 240
-0.997869, 381, 135, 412, 150
-0.997873, 145, 217, 176, 232
-0.997877, 133, 183, 164, 198
-0.997882, 407, 229, 422, 260
-0.997882, 189, 177, 220, 192
-0.997887, 185, 161, 200, 192
-0.997895, 347, 217, 362, 248
-0.997897, 321, 181, 448, 212
-0.997903, 365, 129, 396, 144
-0.997915, 233, 177, 248, 208
-0.997915, 415, 229, 430, 260
-0.997916, 197, 191, 228, 206
-0.997918, 377, 117, 392, 148
-0.997923, 319, 125, 334, 156
-0.997923, 359, 229, 374, 260
-0.997934, 121, 65, 152, 320
-0.997937, 425, 217, 440, 248
-0.997948, 465, 65, 496, 320
-0.997952, 361, 141, 392, 156
-0.997957, 145, 137, 272, 168
-0.997965, 223, 157, 238, 188
-0.997965, 453, 163, 484, 178
-0.997968, 305, 161, 336, 176
-0.997968, 1, 189, 128, 220
-0.997971, 237, 129, 252, 160
-0.997979, 1, 161, 128, 192
-0.99798, 273, 161, 288, 192
-0.997983, 161, 217, 176, 248
-0.997988, 209, 201, 224, 232
-0.997991, 209, 233, 224, 264
-0.997993, 421, 229, 436, 260
-0.998001, 179, 165, 194, 196
-0.998008, 221, 233, 236, 264
-0.998009, 361, 121, 376, 152
-0.99801, 205, 185, 236, 200
-0.998014, 227, 233, 242, 264
-0.998014, 383, 137, 398, 168
-0.998027, 353, 229, 368, 260
-0.998031, 369, 137, 384, 168
-0.998033, 221, 183, 252, 198
-0.998035, 215, 233, 230, 264
-0.99804, 245, 125, 260, 156
-0.998042, 405, 185, 436, 200
-0.998046, 369, 281, 496, 312
-0.998051, 385, 117, 400, 148
-0.998056, 373, 143, 404, 158
-0.998057, 239, 177, 254, 208
-0.998059, 373, 225, 388, 256
-0.99806, 433, 65, 464, 320
-0.998062, 157, 173, 188, 188
-0.998064, 281, 49, 312, 176
-0.998066, 225, 169, 240, 200
-0.998073, 297, 117, 328, 132
-0.99808, 203, 233, 218, 264
-0.998084, 217, 145, 232, 176
-0.998088, 293, 159, 324, 174
-0.998088, 393, 149, 424, 164
-0.998091, 239, 233, 254, 264
-0.998094, 109, 65, 140, 320
-0.998095, 317, 129, 348, 144
-0.998111, 65, 145, 192, 176
-0.998112, 353, 119, 384, 134
-0.998114, 297, 123, 328, 138
-0.998115, 245, 233, 260, 264
-0.998115, 225, 289, 352, 320
-0.998123, 395, 117, 410, 148
-0.998133, 325, 125, 340, 156
-0.998137, 61, 159, 92, 174
-0.998137, 347, 229, 362, 260
-0.998138, 409, 231, 440, 246
-0.998144, 309, 221, 324, 252
-0.998149, 269, 163, 300, 178
-0.998151, 193, 161, 208, 192
-0.998173, 273, 123, 304, 138
-0.998176, 201, 151, 232, 166
-0.998177, 305, 129, 336, 144
-0.998178, 201, 185, 216, 216
-0.998179, 165, 231, 196, 246
-0.998179, 285, 121, 316, 136
-0.998181, 215, 209, 230, 240
-0.998181, 65, 197, 192, 228
-0.998186, 251, 233, 266, 264
-0.998189, 245, 113, 260, 144
-0.99819, 303, 113, 318, 144
-0.99819, 427, 229, 442, 260
-0.998195, 301, 153, 316, 184
-0.998196, 205, 149, 220, 180
-0.998205, 341, 229, 356, 260
-0.998212, 325, 117, 356, 132
-0.998212, 341, 217, 356, 248
-0.998214, 289, 113, 304, 144
-0.998217, 193, 193, 208, 224
-0.99822, 57, 273, 120, 333
-0.99822, 163, 181, 178, 212
-0.998222, 405, 117, 420, 148
-0.998226, 235, 113, 250, 144
-0.998235, 293, 129, 324, 144
-0.998237, 181, 231, 212, 246
-0.998239, 251, 113, 266, 144
-0.998246, 277, 185, 292, 216
-0.998247, 279, 161, 294, 192
-0.998252, 17, 301, 144, 332
-0.998252, 167, 221, 182, 252
-0.998256, 335, 217, 350, 248
-0.998257, 265, 113, 280, 144
-0.998267, 283, 113, 298, 144
-0.998268, 259, 113, 274, 144
-0.998268, 211, 181, 226, 212
-0.99827, 165, 167, 196, 182
-0.998273, 311, 117, 326, 148
-0.998275, 65, 89, 320, 152
-0.998277, 329, 217, 344, 248
-0.998281, 411, 205, 426, 236
-0.998291, 275, 113, 290, 144
-0.998292, 233, 135, 264, 150
-0.998293, 189, 221, 204, 252
-0.998294, 273, 289, 400, 320
-0.998298, 367, 209, 382, 240
-0.9983, 203, 201, 218, 232
-0.9983, 173, 217, 188, 248
-0.998302, 297, 125, 312, 156
-0.998311, 357, 135, 388, 150
-0.998311, 433, 249, 496, 312
-0.998314, 377, 137, 392, 168
-0.998321, 431, 217, 446, 248
-0.998325, 321, 217, 336, 248
-0.99833, 185, 193, 200, 224
-0.998335, 229, 153, 244, 184
-0.998336, 401, 181, 416, 212
-0.998343, 171, 201, 186, 232
-0.998346, 395, 225, 410, 256
-0.998348, 387, 181, 402, 212
-0.99835, 315, 225, 330, 256
-0.99835, 191, 233, 206, 264
-0.998358, 193, 223, 256, 238
-0.998361, 173, 233, 188, 264
-0.998371, 333, 125, 348, 156
-0.998373, 405, 129, 420, 160
-0.998375, 51, 109, 66, 140
-0.998381, 415, 117, 430, 148
-0.998383, 401, 219, 432, 234
-0.998385, 185, 145, 200, 272
-0.99839, 333, 221, 364, 236
-0.99839, 225, 163, 288, 178
-0.998393, 321, 221, 384, 236
-0.998393, 205, 167, 236, 182
-0.998396, 113, 125, 240, 156
-0.998396, 321, 285, 448, 316
-0.9984, 397, 231, 428, 246
-0.998403, 193, 159, 256, 174
-0.998408, 257, 273, 500, 333
-0.998411, 161, 229, 224, 244
-0.998411, 425, 235, 456, 250
-0.998414, 179, 161, 194, 288
-0.998428, 145, 185, 208, 200
-0.998437, 309, 123, 340, 138
-0.998439, 161, 165, 224, 180
-0.99844, 313, 125, 376, 140
-0.998444, 261, 123, 292, 138
-0.998446, 297, 221, 360, 236
-0.998446, 121, 227, 184, 242
-0.998448, 185, 231, 248, 246
-0.998453, 361, 225, 424, 240
-0.99846, 201, 167, 264, 182
-0.998465, 377, 183, 440, 198
-0.998473, 225, 157, 288, 172
-0.998473, 321, 123, 352, 138
-0.998474, 249, 123, 312, 138
-0.998475, 281, 119, 344, 134
-0.998476, 209, 231, 272, 246
-0.998479, 169, 183, 232, 198
-0.998482, 341, 119, 372, 134
-0.998484, 385, 231, 448, 246
-0.998485, 369, 149, 432, 164
-0.998492, 153, 215, 216, 230
-0.998492, 41, 161, 104, 176
-0.998493, 233, 129, 296, 144
-0.998494, 257, 129, 320, 144
-0.998494, 241, 231, 272, 246
-0.998494, 313, 131, 376, 146
-0.998497, 185, 175, 248, 190
-0.998498, 393, 219, 456, 234
-0.998498, 145, 177, 208, 192
-0.998498, 253, 161, 284, 176
-0.998498, 257, 221, 320, 236
-0.998499, 217, 223, 280, 238
-0.998499, 1, 273, 64, 333
-0.998501, 145, 191, 208, 206
-0.998501, 1, 149, 128, 180
-0.998505, 361, 213, 424, 228
-0.998506, 193, 153, 256, 168
-0.998513, 281, 157, 344, 172
-0.998515, 229, 231, 260, 246
-0.998518, 313, 119, 376, 134
-0.998518, 279, 97, 294, 224
-0.99852, 145, 221, 208, 236
-0.998522, 225, 181, 288, 196
-0.998524, 337, 129, 400, 144
-0.998529, 161, 203, 224, 218
-0.99853, 369, 155, 432, 170
-0.998532, 369, 137, 432, 152
-0.998535, 217, 135, 280, 150
-0.998535, 425, 165, 488, 180
-0.998536, 273, 163, 336, 178
-0.998536, 281, 129, 344, 144
-0.998537, 177, 181, 208, 196
-0.998541, 209, 143, 272, 158
-0.998544, 331, 113, 346, 240
-0.998548, 185, 189, 248, 204
-0.998548, 145, 171, 208, 186
-0.998549, 321, 113, 336, 240
-0.998549, 321, 215, 384, 230
-0.998549, 113, 181, 176, 196
-0.998549, 337, 119, 400, 134
-0.99855, 169, 159, 232, 174
-0.998552, 249, 161, 312, 176
-0.998556, 329, 229, 392, 244
-0.998557, 153, 237, 216, 252
-0.998557, 257, 117, 320, 132
-0.998558, 121, 221, 184, 236
-0.998559, 337, 139, 400, 154
-0.99856, 305, 155, 368, 170
-0.99856, 257, 213, 320, 228
-0.998561, 249, 185, 312, 200
-0.998561, 377, 189, 440, 204
-0.998562, 361, 219, 424, 234
-0.998562, 275, 161, 290, 288
-0.998564, 269, 49, 300, 176
-0.998565, 169, 223, 232, 238
-0.998565, 185, 215, 248, 230
-0.998566, 377, 143, 440, 158
-0.998566, 313, 161, 376, 176
-0.998566, 233, 157, 264, 172
-0.998569, 249, 171, 312, 186
-0.99857, 225, 187, 288, 202
-0.99857, 17, 161, 80, 176
-0.998572, 297, 229, 360, 244
-0.998572, 409, 235, 472, 250
-0.998572, 129, 215, 192, 230
-0.998573, 361, 131, 424, 146
-0.998574, 217, 115, 280, 130
-0.998574, 233, 229, 296, 244
-0.998574, 409, 181, 472, 196
-0.998575, 17, 227, 80, 242
-0.998575, 225, 175, 288, 190
-0.998575, 257, 199, 320, 214
-0.998576, 209, 217, 272, 232
-0.998576, 339, 113, 354, 240
-0.998577, 193, 183, 256, 198
-0.998578, 113, 175, 176, 190
-0.998579, 361, 207, 424, 222
-0.998579, 209, 127, 272, 142
-0.998581, 401, 159, 464, 174
-0.998581, 25, 1, 88, 128
-0.998581, 193, 239, 256, 254
-0.998582, 105, 187, 168, 202
-0.998584, 401, 187, 464, 202
-0.998585, 381, 149, 412, 164
-0.998585, 257, 193, 320, 208
-0.998586, 1, 109, 64, 124
-0.998586, 81, 225, 144, 240
-0.998586, 385, 225, 448, 240
-0.998587, 65, 159, 128, 174
-0.998589, 337, 145, 400, 160
-0.998591, 113, 167, 176, 182
-0.998591, 369, 199, 432, 214
-0.998593, 217, 239, 280, 254
-0.998593, 361, 231, 424, 246
-0.998593, 113, 113, 176, 128
-0.998594, 297, 215, 360, 230
-0.998595, 267, 97, 282, 224
-0.998596, 145, 209, 208, 224
-0.998596, 41, 227, 104, 242
-0.998597, 401, 165, 464, 180
-0.9986, 1, 155, 64, 170
-0.998601, 297, 241, 360, 256
-0.998601, 377, 241, 440, 256
-0.998601, 217, 167, 248, 182
-0.998602, 401, 213, 464, 228
-0.998604, 57, 111, 120, 126
-0.998605, 81, 113, 144, 128
-0.998607, 337, 159, 400, 174
-0.998607, 241, 239, 304, 254
-0.998608, 1, 97, 128, 128
-0.998608, 257, 205, 320, 220
-0.998609, 25, 111, 88, 126
-0.998609, 177, 115, 240, 130
-0.998609, 273, 185, 336, 200
-0.99861, 161, 151, 224, 166
-0.99861, 217, 209, 280, 224
-0.998611, 393, 175, 456, 190
-0.998611, 273, 241, 336, 256
-0.998612, 377, 119, 440, 134
-0.998615, 313, 137, 376, 152
-0.998615, 153, 115, 216, 130
-0.998616, 169, 195, 232, 210
-0.998617, 401, 193, 464, 208
-0.998618, 417, 119, 480, 134
-0.998619, 289, 97, 304, 224
-0.998619, 73, 305, 136, 320
-0.99862, 121, 209, 184, 224
-0.99862, 105, 301, 168, 316
-0.998629, 197, 145, 212, 272
-0.998634, 307, 113, 322, 240
-0.998643, 205, 145, 220, 272
-0.998664, 321, 221, 352, 236
-0.998682, 295, 97, 310, 224
-0.998682, 175, 209, 190, 333
-0.998687, 267, 209, 282, 333
-0.998691, 201, 49, 232, 176
-0.998693, 189, 161, 220, 176
-0.9987, 353, 129, 384, 144
-0.998732, 273, 97, 288, 224
-0.998733, 229, 223, 260, 238
-0.998738, 213, 231, 244, 246
-0.998738, 281, 145, 296, 272
-0.998743, 305, 155, 336, 170
-0.998765, 187, 209, 202, 333
-0.998768, 191, 145, 206, 272
-0.998778, 181, 209, 196, 333
-0.998785, 229, 167, 260, 182
-0.99879, 233, 177, 264, 192
-0.998806, 187, 97, 202, 224
-0.998813, 33, 273, 96, 333
-0.998815, 149, 225, 180, 240
-0.998819, 17, 213, 144, 244
-0.998821, 49, 161, 80, 176
-0.998829, 403, 193, 418, 320
-0.998846, 201, 97, 216, 224
-0.998865, 315, 113, 330, 240
-0.99887, 287, 161, 302, 288
-0.998872, 385, 183, 416, 198
-0.998876, 171, 161, 186, 288
-0.99889, 381, 193, 396, 320
-0.998892, 469, 65, 500, 192
-0.998913, 157, 179, 188, 194
-0.998918, 161, 101, 288, 132
-0.998923, 345, 113, 360, 240
-0.998928, 373, 209, 388, 333
-0.99894, 261, 113, 276, 240
-0.998951, 211, 145, 226, 272
-0.998965, 213, 97, 228, 224
-0.998977, 217, 223, 248, 238
-0.998977, 221, 161, 252, 176
-0.999, 169, 209, 184, 333
-0.999005, 417, 65, 448, 192
-0.999007, 241, 127, 272, 142
-0.999008, 161, 161, 176, 288
-0.999015, 301, 97, 316, 224
-0.999021, 193, 231, 224, 246
-0.999025, 277, 185, 308, 200
-0.999032, 355, 113, 370, 240
-0.999034, 193, 97, 208, 224
-0.999054, 175, 97, 190, 224
-0.999056, 293, 161, 308, 288
-0.999067, 321, 169, 448, 200
-0.999075, 195, 193, 210, 320
-0.99908, 223, 97, 238, 224
-0.99909, 153, 185, 184, 200
-0.9991, 409, 113, 424, 240
-0.999102, 267, 161, 282, 288
-0.999124, 361, 113, 376, 240
-0.99914, 421, 113, 436, 240
-0.999143, 309, 223, 340, 238
-0.999157, 229, 97, 244, 224
-0.999158, 259, 161, 274, 288
-0.99916, 439, 113, 454, 240
-0.999178, 217, 145, 232, 272
-0.999179, 333, 125, 364, 140
-0.999179, 353, 105, 480, 136
-0.99918, 393, 161, 408, 288
-0.999188, 261, 209, 276, 333
-0.999196, 241, 225, 272, 240
-0.999206, 33, 49, 64, 176
-0.999206, 49, 97, 176, 128
-0.999209, 371, 113, 386, 240
-0.99921, 209, 161, 240, 176
-0.999211, 449, 113, 464, 240
-0.999221, 201, 209, 216, 333
-0.999225, 299, 209, 314, 333
-0.99923, 207, 97, 222, 224
-0.999235, 211, 193, 226, 320
-0.99924, 237, 145, 252, 272
-0.999241, 299, 161, 314, 288
-0.999247, 387, 177, 402, 304
-0.999248, 17, 177, 144, 208
-0.99928, 409, 193, 424, 320
-0.999284, 65, 97, 80, 224
-0.999289, 273, 209, 288, 333
-0.999295, 273, 169, 400, 200
-0.999298, 433, 113, 448, 240
-0.999298, 399, 129, 414, 256
-0.999306, 241, 163, 272, 178
-0.99931, 459, 113, 474, 240
-0.999317, 55, 97, 70, 224
-0.99932, 255, 113, 270, 240
-0.999325, 397, 209, 412, 333
-0.999333, 273, 101, 400, 132
-0.999334, 381, 145, 396, 272
-0.999343, 349, 219, 380, 234
-0.999347, 35, 97, 50, 224
-0.99935, 163, 209, 178, 333
-0.999352, 181, 97, 196, 224
-0.999358, 217, 209, 232, 333
-0.999359, 73, 97, 88, 224
-0.999363, 47, 97, 62, 224
-0.999383, 87, 97, 102, 224
-0.999386, 231, 145, 246, 272
-0.999387, 281, 209, 296, 333
-0.999394, 469, 113, 484, 240
-0.999401, 161, 97, 176, 224
-0.999411, 225, 101, 352, 132
-0.999414, 251, 161, 266, 288
-0.999432, 155, 161, 170, 288
-0.999433, 41, 97, 56, 224
-0.999438, 237, 49, 268, 176
-0.999441, 287, 209, 302, 333
-0.999442, 433, 65, 464, 192
-0.999451, 29, 97, 44, 224
-0.999453, 3, 97, 18, 224
-0.999458, 223, 145, 238, 272
-0.999459, 169, 97, 184, 224
-0.999463, 427, 113, 442, 240
-0.999463, 15, 97, 30, 224
-0.999471, 197, 223, 228, 238
-0.999476, 79, 97, 94, 224
-0.999477, 477, 113, 492, 240
-0.99948, 9, 97, 24, 224
-0.999504, 305, 161, 320, 288
-0.999512, 113, 97, 240, 128
-0.999513, 153, 97, 168, 224
-0.999513, 305, 209, 320, 333
-0.999521, 93, 97, 108, 224
-0.999527, 293, 209, 308, 333
-0.999527, 103, 97, 118, 224
-0.999531, 415, 113, 430, 240
-0.999532, 243, 129, 258, 256
-0.999541, 249, 97, 264, 224
-0.999585, 23, 97, 38, 224
-0.999591, 485, 113, 500, 240
-0.999592, 147, 97, 162, 224
-0.999593, 367, 209, 382, 333
-0.999601, 311, 209, 326, 333
-0.999606, 61, 49, 76, 176
-0.999607, 299, 121, 314, 136
-0.999608, 455, 163, 470, 178
-0.999608, 321, 155, 336, 170
-0.999608, 223, 141, 238, 156
-0.999608, 191, 215, 206, 230
-0.999608, 159, 217, 174, 232
-0.999609, 297, 159, 312, 174
-0.999611, 203, 151, 218, 166
-0.999611, 153, 217, 168, 232
-0.999612, 463, 165, 478, 180
-0.999612, 369, 229, 384, 244
-0.999612, 405, 133, 420, 148
-0.999613, 425, 233, 440, 248
-0.999613, 415, 231, 430, 246
-0.999613, 367, 137, 382, 152
-0.999614, 221, 185, 236, 200
-0.999615, 277, 117, 292, 132
-0.999615, 313, 121, 328, 136
-0.999616, 215, 151, 230, 166
-0.999617, 237, 177, 252, 192
-0.999617, 283, 163, 298, 178
-0.999618, 179, 179, 194, 194
-0.999619, 227, 157, 242, 172
-0.999619, 283, 121, 298, 136
-0.999619, 303, 225, 318, 240
-0.99962, 113, 97, 128, 224
-0.99962, 289, 121, 304, 136
-0.999621, 403, 231, 418, 246
-0.999622, 387, 149, 402, 164
-0.999623, 205, 215, 220, 230
-0.999623, 339, 125, 354, 140
-0.999624, 181, 185, 196, 200
-0.999624, 391, 181, 406, 196
-0.999625, 253, 209, 268, 333
-0.999626, 323, 129, 338, 144
-0.999627, 377, 137, 392, 152
-0.999627, 329, 127, 344, 142
-0.999627, 229, 209, 244, 333
-0.999627, 209, 183, 224, 198
-0.999629, 473, 165, 488, 180
-0.999631, 69, 159, 84, 174
-0.999632, 323, 117, 338, 132
-0.999632, 359, 119, 374, 134
-0.999633, 269, 123, 284, 138
-0.999633, 409, 231, 424, 246
-0.999633, 305, 123, 320, 138
-0.999634, 231, 137, 246, 152
-0.999634, 211, 215, 226, 230
-0.999636, 165, 179, 180, 194
-0.999636, 361, 133, 376, 148
-0.999636, 201, 161, 216, 176
-0.999638, 313, 143, 328, 158
-0.999639, 285, 183, 300, 198
-0.99964, 451, 209, 466, 333
-0.99964, 277, 123, 292, 138
-0.99964, 365, 127, 380, 142
-0.999641, 437, 233, 452, 248
-0.999641, 265, 163, 280, 178
-0.999642, 443, 193, 458, 320
-0.999643, 251, 163, 266, 178
-0.999644, 245, 127, 260, 142
-0.999644, 345, 125, 360, 140
-0.999645, 263, 123, 278, 138
-0.999645, 323, 123, 338, 138
-0.999645, 397, 181, 412, 196
-0.999646, 237, 165, 252, 180
-0.999648, 189, 177, 204, 192
-0.999648, 255, 231, 270, 246
-0.999649, 271, 163, 286, 178
-0.999649, 255, 125, 270, 140
-0.999649, 405, 221, 420, 236
-0.999649, 237, 131, 252, 146
-0.99965, 349, 119, 364, 134
-0.999651, 173, 183, 188, 198
-0.999651, 335, 221, 350, 236
-0.999651, 303, 159, 318, 174
-0.999653, 431, 233, 446, 248
-0.999653, 217, 167, 232, 182
-0.999653, 393, 149, 408, 164
-0.999653, 351, 219, 366, 234
-0.999654, 63, 159, 78, 174
-0.999654, 315, 155, 330, 170
-0.999654, 351, 209, 366, 333
-0.999655, 277, 163, 292, 178
-0.999655, 243, 177, 258, 192
-0.999655, 249, 231, 264, 246
-0.999656, 307, 147, 322, 162
-0.999656, 317, 127, 332, 142
-0.999658, 241, 81, 256, 208
-0.999659, 315, 137, 330, 152
-0.999659, 417, 193, 432, 320
-0.99966, 317, 209, 332, 333
-0.99966, 231, 183, 246, 198
-0.99966, 57, 159, 72, 174
-0.99966, 243, 231, 258, 246
-0.999661, 343, 119, 358, 134
-0.999662, 341, 221, 356, 236
-0.999662, 163, 171, 178, 186
-0.999662, 235, 231, 250, 246
-0.999664, 321, 221, 336, 236
-0.999664, 329, 221, 344, 236
-0.999665, 223, 223, 238, 238
-0.999665, 155, 187, 170, 202
-0.999667, 357, 219, 372, 234
-0.999667, 335, 119, 350, 134
-0.999668, 381, 143, 396, 158
-0.999668, 215, 223, 230, 238
-0.999668, 211, 167, 226, 182
-0.999669, 329, 121, 344, 136
-0.99967, 209, 223, 224, 238
-0.99967, 219, 231, 234, 246
-0.99967, 229, 231, 244, 246
-0.99967, 207, 231, 222, 246
-0.999674, 201, 231, 216, 246
-0.999676, 213, 231, 228, 246
-0.999678, 249, 177, 264, 192
-0.999682, 169, 231, 184, 246
-0.999683, 209, 151, 224, 166
-0.999683, 47, 161, 62, 176
-0.999684, 237, 209, 252, 333
-0.999684, 311, 131, 326, 146
-0.999685, 159, 179, 174, 194
-0.999685, 457, 65, 488, 192
-0.999686, 305, 153, 320, 168
-0.999687, 355, 127, 370, 142
-0.999689, 305, 129, 320, 144
-0.999689, 315, 223, 330, 238
-0.999689, 231, 165, 246, 180
-0.99969, 233, 159, 248, 174
-0.999691, 161, 273, 416, 333
-0.999698, 229, 223, 244, 238
-0.999698, 161, 225, 176, 240
-0.999699, 129, 209, 144, 333
-0.999699, 195, 231, 210, 246
-0.9997, 345, 209, 360, 333
-0.999701, 243, 209, 258, 333
-0.999702, 223, 209, 238, 333
-0.999704, 213, 159, 228, 174
-0.999708, 225, 181, 352, 212
-0.99971, 245, 223, 260, 238
-0.999711, 437, 193, 452, 320
-0.999711, 473, 209, 488, 333
-0.999712, 223, 163, 238, 178
-0.999713, 255, 225, 270, 240
-0.999718, 363, 221, 378, 236
-0.999719, 339, 209, 354, 333
-0.999726, 239, 223, 254, 238
-0.999728, 83, 49, 98, 176
-0.999729, 241, 159, 256, 174
-0.99973, 119, 97, 134, 224
-0.999733, 201, 223, 216, 238
-0.999735, 359, 209, 374, 333
-0.999737, 77, 33, 92, 160
-0.99974, 309, 223, 324, 238
-0.999865, 1, 201, 128, 232
-0.999935, 273, 277, 400, 308
-0.999945, 1, 273, 128, 333
-0.999949, 129, 285, 256, 316
-0.999958, 369, 249, 496, 312
-0.99996, 81, 273, 208, 333
-0.999978, 33, 133, 160, 164
-1.00013, 369, 301, 496, 332
-1.00018, 17, 289, 144, 320
-1.00021, 177, 281, 304, 312
-1.00021, 305, 245, 432, 276
-1.00023, 65, 121, 192, 152
-1.00027, 1, 89, 500, 152
-1.00034, 17, 49, 48, 176
-1.00038, 193, 81, 448, 144
-1.00038, 209, 81, 336, 144
-1.00038, 225, 301, 352, 332
-1.00041, 353, 269, 480, 300
-1.00044, 65, 289, 192, 320
-1.00044, 305, 301, 432, 332
-1.00056, 1, 121, 128, 152
-1.00057, 225, 277, 352, 308
-1.00065, 65, 273, 320, 333
-1.00066, 1, 49, 32, 176
-1.00087, 189, 49, 220, 176
-1.00094, 165, 49, 196, 176
-1.00097, 109, 49, 140, 176
-1.00109, 177, 249, 304, 312
-1.00113, 149, 49, 180, 176
-1.0012, 33, 277, 160, 308
-1.00121, 65, 233, 192, 264
-1.00126, 209, 245, 336, 276
-1.00128, 353, 245, 480, 276
-1.00129, 305, 265, 432, 296
-1.0013, 97, 273, 224, 304
-1.0014, 1, 85, 128, 116
-1.0014, 129, 49, 160, 176
-1.0014, 321, 93, 448, 124
-1.00143, 177, 269, 304, 300
-1.00149, 289, 73, 352, 136
-1.00156, 49, 253, 176, 284
-1.00162, 353, 257, 480, 288
-1.00164, 1, 253, 128, 284
-1.00164, 257, 265, 384, 296
-1.00164, 257, 89, 384, 120
-1.00167, 129, 245, 256, 276
-1.00168, 49, 25, 176, 56
-1.00169, 113, 261, 240, 292
-1.0017, 49, 265, 176, 296
-1.00172, 49, 57, 176, 88
-1.00173, 209, 89, 336, 120
-1.00173, 1, 29, 128, 60
-1.00175, 1, 61, 128, 92
-1.00175, 369, 93, 496, 124
-1.00176, 65, 13, 192, 44
-1.00176, 257, 249, 384, 280
-1.00177, 65, 45, 192, 76
-1.00179, 49, 77, 176, 108
-1.0018, 193, 257, 320, 288
-1.0018, 161, 89, 288, 120
-1.00181, 305, 81, 432, 112
-1.00181, 1, 237, 128, 268
-1.00182, 1, 265, 128, 296
-1.00184, 1, 273, 500, 333
-1.00199, 73, 1, 104, 128
-1.002, 273, 73, 400, 136
-1.0024, 97, 49, 128, 176
-1.00244, 177, 49, 208, 176
-1.00254, 33, 65, 288, 128
-1.003, 273, 17, 336, 144
-1.00332, 85, 1, 116, 128
-1.00357, 257, 65, 320, 128
-1.00378, 225, 49, 480, 112
-1.00382, 161, 1, 416, 64
-1.00382, 257, 1, 500, 64
-1.00382, 65, 17, 320, 80
-1.00382, 161, 25, 416, 88
-1.00382, 257, 25, 500, 88
-1.00382, 65, 41, 320, 104
-1.00388, 65, 41, 128, 104
-1.0039, 33, 1, 288, 128
-1.00395, 273, 17, 400, 144
-1.00405, 297, 17, 360, 144
-1.00407, 137, 65, 200, 128
-1.00411, 97, 241, 224, 304
-1.00411, 17, 33, 80, 96
-1.00414, 33, 57, 96, 120
-1.00414, 169, 249, 232, 312
-1.00427, 33, 249, 160, 312
-1.00429, 193, 65, 256, 128
-1.00437, 137, 249, 200, 312
-1.00448, 249, 17, 312, 144
-1.00472, 81, 249, 144, 312
-1.00479, 25, 241, 88, 304
-1.00483, 1, 249, 64, 312
-1.00488, 105, 241, 168, 304
-1.00516, 97, 65, 224, 128
-1.00516, 49, 241, 112, 304
-1.0053, 329, 17, 392, 144
-1.00543, 1, 1, 64, 128
-1.0055, 33, 9, 96, 72
-1.00555, 361, 65, 424, 128
-1.00557, 185, 1, 248, 128
-1.00567, 1, 57, 64, 120
-1.00568, 1, 65, 500, 128
-1.0057, 65, 17, 128, 80
-1.00601, 385, 17, 448, 144
-1.00611, 217, 33, 248, 160
-1.00619, 369, 33, 496, 160
-1.00628, 425, 17, 488, 144
-1.00663, 1, 17, 500, 80
-1.00663, 1, 41, 500, 104
-1.00682, 353, 65, 480, 128
-1.00683, 361, 33, 392, 160
-1.00694, 161, 49, 288, 112
-1.007, 153, 1, 216, 128
-1.00701, 97, 1, 160, 128
-1.00731, 177, 1, 304, 64
-1.00731, 33, 9, 160, 72
-1.00731, 81, 17, 208, 80
-1.00731, 129, 17, 256, 80
-1.00731, 225, 17, 352, 80
-1.00731, 273, 17, 400, 80
-1.00731, 321, 17, 448, 80
-1.00731, 369, 17, 496, 80
-1.00731, 177, 25, 304, 88
-1.00731, 17, 33, 144, 96
-1.00731, 65, 41, 192, 104
-1.00731, 113, 41, 240, 104
-1.00731, 225, 41, 352, 104
-1.00731, 273, 41, 400, 104
-1.00731, 321, 41, 448, 104
-1.00731, 369, 41, 496, 104
-1.00746, 161, 1, 416, 128
-1.00768, 121, 1, 184, 128
-1.00769, 321, 17, 448, 144
-1.0077, 33, 1, 64, 128
-1.00776, 373, 33, 404, 160
-1.0078, 361, 17, 424, 144
-1.00795, 1, 57, 128, 120
-1.0088, 129, 1, 256, 128
-1.01163, 209, 1, 336, 128
