1857
-0.597146, 1, 1, 500, 309
-0.620013, 1, 65, 500, 309
-0.673152, 1, 1, 256, 309
-0.753979, 1, 65, 256, 309
-0.849392, 129, 1, 384, 309
-0.875837, 49, 1, 176, 309
-0.890248, 33, 65, 160, 309
-0.894248, 257, 1, 500, 309
-0.894561, 97, 1, 352, 256
-0.936178, 1, 33, 500, 160
-0.943336, 81, 33, 208, 288
-0.948965, 1, 81, 256, 208
-0.950434, 1, 1, 128, 309
-0.950516, 49, 49, 176, 176
-0.95089, 1, 81, 500, 208
-0.952409, 73, 33, 136, 160
-0.95267, 33, 113, 96, 240
-0.955903, 65, 49, 128, 112
-0.956741, 97, 1, 224, 309
-0.957569, 33, 65, 96, 192
-0.960599, 1, 129, 500, 256
-0.961171, 33, 161, 96, 288
-0.961585, 57, 73, 120, 136
-0.962186, 33, 169, 96, 232
-0.962754, 17, 97, 144, 224
-0.963134, 33, 33, 288, 160
-0.964007, 25, 113, 88, 176
-0.965187, 57, 113, 120, 240
-0.965371, 89, 41, 152, 104
-0.96586, 1, 177, 500, 304
-0.967574, 33, 89, 96, 152
-0.968922, 305, 65, 432, 309
-0.971091, 97, 33, 160, 160
-0.971333, 1, 129, 256, 256
-0.971893, 57, 177, 120, 304
-0.973222, 89, 65, 152, 128
-0.973478, 257, 1, 384, 256
-0.974085, 305, 1, 432, 309
-0.974744, 41, 65, 104, 309
-0.974898, 65, 201, 128, 264
-0.975057, 393, 225, 456, 288
-0.975313, 25, 145, 88, 208
-0.975933, 49, 57, 176, 120
-0.976146, 405, 225, 436, 288
-0.976232, 9, 97, 72, 224
-0.976634, 33, 81, 160, 144
-0.976919, 1, 49, 128, 176
-0.976949, 209, 1, 336, 256
-0.976986, 33, 193, 96, 256
-0.977169, 93, 41, 124, 104
-0.977335, 65, 33, 128, 288
-0.977622, 57, 137, 120, 200
-0.977839, 113, 49, 176, 112
-0.978208, 129, 1, 256, 256
-0.978427, 61, 65, 92, 192
-0.978838, 77, 49, 108, 112
-0.978971, 57, 97, 120, 160
-0.979467, 85, 33, 116, 160
-0.979656, 65, 97, 192, 224
-0.980348, 73, 49, 104, 176
-0.980561, 1, 1, 128, 128
-0.980707, 209, 1, 336, 309
-0.980777, 69, 73, 100, 136
-0.980987, 57, 129, 88, 256
-0.981156, 109, 49, 140, 112
-0.981529, 193, 161, 448, 288
-0.981712, 41, 17, 104, 144
-0.981912, 417, 225, 448, 288
-0.981981, 73, 201, 104, 264
-0.982087, 97, 33, 224, 160
-0.98212, 81, 113, 144, 176
-0.982191, 89, 65, 120, 128
-0.982572, 73, 1, 136, 309
-0.982596, 37, 81, 68, 208
-0.982726, 61, 177, 92, 304
-0.982922, 41, 217, 104, 280
-0.982989, 49, 81, 80, 144
-0.98299, 17, 161, 144, 288
-0.982995, 81, 81, 144, 208
-0.983333, 105, 33, 136, 160
-0.983449, 369, 233, 432, 296
-0.983454, 33, 113, 64, 176
-0.983857, 57, 169, 88, 232
-0.983877, 17, 65, 80, 309
-0.98389, 89, 89, 152, 152
-0.984101, 121, 17, 184, 144
-0.984148, 121, 41, 152, 104
-0.984493, 73, 49, 136, 80
-0.984824, 9, 145, 72, 272
-0.984845, 49, 113, 80, 176
-0.984916, 17, 121, 144, 184
-0.985014, 289, 177, 416, 304
-0.98513, 49, 65, 80, 192
-0.985141, 161, 1, 288, 309
-0.985337, 413, 249, 444, 309
-0.985445, 33, 41, 96, 104
-0.985888, 353, 33, 480, 288
-0.985903, 369, 233, 496, 296
-0.985916, 61, 97, 92, 160
-0.986059, 417, 225, 480, 288
-0.986209, 1, 177, 256, 304
-0.9863, 257, 1, 384, 309
-0.986312, 61, 217, 92, 280
-0.986481, 25, 65, 88, 128
-0.986498, 1, 105, 64, 168
-0.986532, 69, 137, 100, 200
-0.986559, 393, 225, 424, 288
-0.986754, 57, 77, 120, 108
-0.986775, 89, 33, 152, 288
-0.986846, 109, 73, 140, 136
-0.986898, 61, 193, 92, 256
-0.986904, 361, 209, 424, 272
-0.987357, 69, 129, 100, 256
-0.987546, 397, 201, 428, 264
-0.987552, 73, 61, 136, 92
-0.987615, 105, 25, 136, 88
-0.98766, 113, 73, 176, 136
-0.987869, 45, 129, 76, 256
-0.987879, 305, 217, 432, 280
-0.987882, 121, 65, 152, 128
-0.988348, 97, 57, 224, 120
-0.988464, 429, 217, 460, 280
-0.988624, 49, 1, 112, 309
-0.988689, 81, 129, 144, 256
-0.98877, 97, 49, 160, 80
-0.988997, 37, 89, 68, 152
-0.989027, 81, 121, 112, 184
-0.989184, 65, 49, 96, 112
-0.98925, 53, 145, 84, 208
-0.989383, 73, 177, 104, 304
-0.989389, 57, 161, 120, 224
-0.989534, 81, 25, 112, 88
-0.989542, 97, 81, 352, 208
-0.989645, 89, 89, 120, 152
-0.989671, 393, 249, 456, 309
-0.989676, 41, 137, 72, 200
-0.989715, 97, 1, 160, 309
-0.989728, 417, 201, 448, 264
-0.989741, 45, 209, 76, 272
-0.989751, 9, 49, 72, 176
-0.989832, 121, 57, 184, 88
-0.989937, 133, 33, 164, 96
-0.990089, 425, 249, 456, 309
-0.990105, 65, 105, 192, 168
-0.990151, 73, 97, 104, 160
-0.990287, 33, 193, 96, 224
-0.990353, 1, 57, 128, 120
-0.990415, 397, 249, 428, 309
-0.990449, 45, 169, 76, 232
-0.990452, 41, 101, 104, 132
-0.990471, 1, 185, 64, 248
-0.990552, 33, 113, 96, 144
-0.990649, 393, 233, 456, 264
-0.990681, 93, 113, 124, 176
-0.990947, 401, 221, 464, 252
-0.990994, 193, 113, 448, 240
-0.991005, 65, 33, 192, 96
-0.991036, 1, 129, 64, 192
-0.991042, 17, 1, 80, 128
-0.99105, 393, 201, 456, 264
-0.991064, 97, 65, 160, 96
-0.99107, 113, 1, 176, 256
-0.991087, 53, 57, 84, 120
-0.991115, 57, 25, 120, 88
-0.991125, 81, 113, 112, 240
-0.991154, 81, 177, 112, 240
-0.991181, 21, 169, 52, 232
-0.991186, 1, 33, 128, 96
-0.991216, 105, 97, 136, 160
-0.991287, 121, 89, 152, 152
-0.991303, 105, 81, 168, 208
-0.991398, 89, 17, 152, 80
-0.99149, 129, 33, 384, 160
-0.991542, 25, 169, 88, 200
-0.99157, 25, 1, 88, 309
-0.991661, 93, 45, 124, 76
-0.991789, 385, 201, 416, 264
-0.991795, 25, 133, 88, 164
-0.991841, 29, 193, 60, 256
-0.991897, 93, 17, 124, 80
-0.991915, 405, 237, 436, 268
-0.991924, 409, 225, 440, 256
-0.991935, 65, 209, 128, 240
-0.991976, 321, 241, 448, 304
-0.991994, 69, 25, 100, 88
-0.992, 17, 145, 144, 208
-0.992006, 113, 97, 176, 160
-0.992011, 353, 161, 416, 288
-0.992108, 13, 145, 44, 208
-0.992112, 377, 221, 440, 252
-0.99219, 17, 177, 144, 240
-0.992197, 109, 53, 140, 84
-0.992232, 133, 57, 164, 120
-0.992238, 1, 81, 64, 144
-0.992247, 41, 89, 104, 120
-0.992277, 113, 25, 176, 88
-0.992351, 413, 249, 444, 280
-0.992439, 25, 157, 88, 188
-0.99244, 33, 181, 96, 212
-0.992496, 25, 205, 88, 236
-0.992508, 381, 225, 412, 288
-0.992559, 97, 61, 128, 92
-0.992576, 137, 81, 168, 144
-0.992627, 121, 45, 184, 76
-0.992628, 69, 69, 100, 100
-0.992673, 81, 53, 112, 84
-0.992685, 69, 209, 100, 240
-0.992734, 81, 81, 144, 112
-0.992785, 65, 97, 128, 128
-0.992806, 25, 89, 56, 152
-0.992818, 305, 113, 432, 240
-0.992838, 121, 17, 152, 80
-0.992906, 401, 177, 464, 304
-0.992908, 1, 217, 128, 280
-0.992917, 29, 137, 60, 200
-0.992926, 25, 145, 88, 176
-0.993001, 121, 45, 152, 76
-0.993123, 85, 69, 116, 100
-0.993191, 37, 113, 68, 144
-0.993232, 129, 57, 160, 88
-0.993252, 65, 197, 128, 228
-0.993254, 37, 65, 68, 128
-0.99326, 33, 169, 64, 232
-0.993275, 73, 197, 104, 228
-0.9933, 33, 221, 96, 252
-0.993313, 1, 113, 64, 144
-0.993362, 85, 81, 116, 112
-0.993364, 61, 193, 92, 224
-0.993371, 417, 217, 432, 280
-0.993403, 117, 49, 148, 176
-0.993518, 61, 221, 92, 252
-0.993541, 407, 233, 422, 296
-0.993546, 117, 65, 148, 96
-0.993551, 393, 237, 424, 268
-0.993554, 57, 81, 88, 112
-0.993569, 69, 85, 100, 116
-0.993579, 397, 225, 428, 256
-0.993594, 89, 93, 152, 124
-0.993605, 1, 161, 64, 224
-0.99362, 53, 97, 84, 128
-0.993678, 417, 237, 448, 268
-0.993707, 13, 105, 44, 168
-0.993788, 49, 57, 112, 88
-0.993819, 69, 57, 100, 88
-0.99382, 117, 113, 148, 176
-0.99385, 393, 249, 424, 280
-0.993896, 53, 169, 84, 200
-0.99391, 75, 193, 90, 256
-0.993922, 33, 73, 96, 104
-0.993929, 33, 217, 64, 280
-0.993952, 41, 101, 72, 132
-0.993955, 49, 133, 80, 164
-0.993957, 141, 53, 172, 84
-0.993987, 57, 69, 88, 100
-0.993989, 33, 17, 96, 80
-0.994038, 65, 97, 96, 128
-0.994049, 81, 177, 144, 240
-0.99405, 65, 57, 192, 88
-0.994067, 45, 205, 76, 236
-0.994069, 49, 113, 80, 144
-0.994102, 149, 81, 180, 144
-0.994107, 57, 205, 88, 236
-0.994109, 69, 137, 100, 168
-0.994115, 133, 105, 164, 168
-0.994119, 57, 181, 88, 212
-0.994161, 417, 213, 448, 244
-0.99417, 429, 233, 460, 264
-0.994185, 145, 25, 176, 88
-0.994239, 105, 41, 136, 72
-0.994274, 33, 125, 64, 156
-0.994274, 381, 225, 412, 256
-0.994276, 133, 41, 164, 72
-0.994276, 109, 77, 140, 108
-0.994285, 437, 241, 468, 304
-0.994286, 33, 85, 160, 116
-0.994303, 77, 97, 108, 128
-0.994359, 45, 85, 76, 116
-0.994376, 93, 41, 108, 104
-0.994383, 49, 217, 80, 248
-0.9944, 97, 73, 128, 104
-0.994403, 97, 37, 160, 68
-0.994422, 49, 33, 80, 96
-0.994423, 153, 57, 184, 88
-0.994436, 57, 221, 120, 252
-0.994448, 97, 85, 128, 116
-0.994455, 397, 213, 428, 244
-0.994471, 81, 129, 112, 160
-0.994483, 65, 149, 96, 180
-0.99452, 61, 109, 92, 140
-0.994546, 89, 117, 120, 148
-0.994554, 101, 41, 116, 104
-0.994555, 49, 145, 80, 176
-0.994559, 429, 245, 460, 276
-0.994595, 77, 1, 108, 64
-0.99463, 73, 185, 104, 216
-0.994656, 73, 65, 88, 128
-0.994663, 385, 245, 448, 276
-0.99473, 1, 1, 64, 309
-0.994734, 369, 233, 432, 264
-0.994776, 1, 57, 64, 120
-0.994786, 57, 157, 120, 188
-0.994804, 81, 209, 112, 240
-0.99481, 425, 257, 456, 288
-0.994821, 123, 49, 138, 112
-0.994838, 61, 121, 92, 152
-0.99484, 89, 97, 120, 128
-0.994851, 37, 157, 68, 188
-0.994871, 33, 137, 64, 168
-0.994872, 105, 121, 136, 184
-0.994872, 49, 1, 176, 128
-0.994896, 81, 117, 144, 148
-0.9949, 29, 101, 60, 132
-0.994915, 69, 41, 100, 72
-0.994922, 13, 81, 44, 144
-0.994927, 109, 89, 140, 120
-0.994932, 409, 261, 440, 292
-0.994942, 69, 161, 100, 224
-0.994943, 49, 157, 80, 188
-0.994943, 81, 41, 112, 72
-0.994951, 81, 57, 96, 120
-0.994954, 25, 201, 56, 232
-0.994961, 305, 129, 368, 256
-0.994969, 17, 169, 48, 200
-0.994977, 169, 57, 200, 120
-0.994986, 87, 49, 102, 112
-0.994994, 73, 225, 104, 288
-0.995003, 145, 57, 176, 120
-0.995007, 57, 57, 88, 88
-0.995013, 73, 221, 104, 252
-0.99503, 29, 89, 60, 120
-0.995042, 49, 137, 112, 168
-0.995052, 25, 189, 56, 220
-0.995053, 93, 33, 124, 64
-0.995058, 67, 153, 82, 216
-0.995058, 121, 93, 152, 124
-0.99506, 441, 209, 472, 272
-0.995067, 381, 237, 412, 268
-0.995075, 107, 41, 122, 104
-0.995084, 65, 161, 96, 192
-0.995086, 101, 113, 132, 144
-0.995088, 81, 81, 208, 144
-0.995091, 41, 169, 72, 200
-0.995091, 25, 113, 56, 144
-0.995096, 113, 113, 144, 144
-0.995098, 25, 65, 56, 128
-0.995107, 49, 201, 176, 264
-0.995119, 425, 225, 440, 288
-0.995137, 13, 157, 44, 188
-0.995139, 397, 201, 428, 232
-0.995173, 165, 53, 196, 84
-0.995181, 45, 193, 76, 224
-0.995184, 133, 89, 164, 120
-0.995187, 73, 109, 104, 140
-0.995188, 37, 41, 68, 104
-0.995216, 29, 213, 60, 244
-0.995227, 85, 197, 116, 228
-0.995244, 117, 33, 148, 64
-0.99525, 101, 101, 132, 132
-0.99526, 45, 65, 76, 96
-0.995272, 17, 97, 48, 128
-0.99528, 397, 261, 428, 292
-0.995283, 57, 113, 120, 144
-0.995285, 141, 65, 172, 96
-0.995291, 145, 41, 176, 72
-0.995308, 41, 181, 72, 212
-0.995309, 429, 217, 460, 248
-0.995311, 113, 41, 128, 104
-0.995311, 125, 105, 156, 136
-0.995312, 17, 217, 80, 280
-0.995316, 65, 161, 192, 288
-0.995324, 33, 77, 64, 108
-0.995329, 297, 1, 360, 128
-0.99533, 13, 109, 44, 140
-0.995352, 161, 81, 192, 144
-0.99536, 381, 213, 412, 244
-0.995366, 93, 81, 124, 208
-0.995377, 397, 177, 428, 240
-0.995378, 145, 89, 176, 120
-0.995388, 49, 233, 80, 296
-0.995406, 13, 141, 44, 172
-0.995424, 57, 45, 88, 76
-0.99543, 13, 129, 44, 160
-0.995432, 49, 45, 112, 76
-0.995443, 25, 157, 56, 188
-0.995444, 137, 101, 168, 132
-0.995458, 157, 57, 188, 120
-0.995461, 29, 177, 60, 208
-0.995461, 65, 185, 128, 216
-0.995474, 313, 153, 344, 216
-0.995492, 77, 29, 108, 60
-0.995492, 141, 29, 172, 60
-0.995508, 1, 101, 64, 132
-0.995559, 361, 65, 424, 309
-0.99556, 77, 173, 108, 204
-0.995568, 417, 201, 480, 264
-0.995569, 85, 185, 116, 216
-0.995596, 105, 29, 136, 60
-0.995603, 33, 161, 64, 288
-0.995627, 49, 125, 112, 156
-0.995628, 37, 225, 68, 256
-0.995633, 157, 85, 188, 116
-0.99564, 49, 229, 80, 260
-0.99567, 257, 1, 384, 128
-0.995675, 17, 49, 144, 80
-0.995705, 441, 221, 472, 252
-0.995738, 1, 81, 256, 144
-0.995742, 313, 133, 344, 164
-0.995754, 313, 161, 344, 192
-0.995756, 441, 237, 472, 268
-0.995761, 129, 69, 160, 100
-0.995767, 429, 205, 460, 236
-0.995769, 317, 193, 348, 256
-0.995784, 333, 173, 364, 204
-0.995791, 165, 65, 196, 96
-0.995791, 333, 169, 364, 232
-0.995792, 313, 145, 344, 176
-0.995796, 313, 173, 344, 204
-0.995811, 313, 129, 344, 192
-0.995814, 17, 85, 80, 116
-0.995831, 429, 193, 460, 256
-0.995846, 405, 177, 436, 304
-0.995849, 333, 209, 364, 272
-0.995853, 105, 81, 168, 112
-0.995866, 305, 225, 336, 288
-0.995875, 337, 241, 368, 304
-0.99591, 293, 41, 324, 104
-0.995914, 33, 49, 288, 112
-0.995954, 305, 193, 432, 256
-0.995964, 85, 201, 116, 264
-0.995968, 325, 1, 356, 64
-0.995977, 67, 177, 82, 240
-0.995979, 53, 89, 68, 152
-0.99599, 297, 169, 328, 232
-0.995996, 69, 217, 84, 280
-0.996012, 49, 73, 176, 104
-0.996029, 293, 137, 324, 200
-0.996033, 105, 1, 136, 64
-0.996062, 369, 209, 496, 272
-0.996067, 329, 137, 360, 200
-0.996083, 305, 81, 368, 208
-0.996084, 349, 121, 380, 184
-0.996087, 329, 97, 360, 160
-0.99609, 361, 209, 424, 240
-0.996106, 293, 65, 324, 128
-0.996106, 353, 161, 384, 224
-0.996107, 137, 89, 200, 152
-0.996125, 61, 73, 76, 136
-0.996128, 317, 241, 348, 304
-0.996136, 33, 97, 160, 128
-0.99615, 385, 249, 416, 309
-0.996153, 67, 73, 82, 136
-0.996163, 407, 209, 422, 272
-0.996164, 309, 25, 340, 88
-0.996164, 305, 89, 336, 152
-0.996164, 419, 241, 434, 304
-0.996167, 297, 113, 328, 176
-0.996167, 317, 217, 348, 280
-0.996183, 353, 225, 384, 288
-0.996189, 325, 33, 356, 96
-0.996198, 121, 1, 184, 309
-0.996199, 1, 105, 256, 168
-0.996203, 137, 41, 200, 104
-0.996217, 417, 233, 480, 264
-0.99622, 145, 57, 208, 88
-0.996231, 65, 1, 96, 64
-0.99625, 75, 217, 90, 280
-0.996263, 309, 65, 340, 128
-0.996265, 81, 45, 208, 76
-0.996266, 165, 185, 196, 248
-0.996268, 73, 129, 136, 160
-0.996288, 157, 33, 188, 96
-0.996319, 369, 233, 496, 264
-0.996327, 73, 37, 136, 68
-0.99634, 345, 9, 376, 72
-0.996341, 393, 33, 456, 288
-0.996359, 9, 41, 40, 104
-0.996389, 417, 177, 448, 240
-0.996401, 9, 249, 40, 309
-0.996423, 293, 89, 324, 152
-0.996439, 57, 61, 88, 76
-0.996453, 85, 205, 116, 220
-0.996456, 145, 105, 176, 168
-0.996456, 81, 103, 112, 118
-0.996458, 17, 171, 48, 186
-0.996472, 33, 161, 64, 176
-0.996472, 105, 109, 168, 140
-0.996473, 129, 97, 192, 224
-0.996478, 69, 225, 100, 240
-0.996484, 289, 1, 320, 64
-0.9965, 165, 57, 196, 72
-0.9965, 181, 49, 212, 112
-0.996503, 385, 253, 416, 268
-0.996504, 65, 153, 96, 168
-0.996504, 97, 161, 352, 288
-0.996506, 427, 249, 442, 309
-0.996516, 113, 81, 144, 96
-0.996516, 101, 81, 132, 96
-0.996521, 99, 65, 114, 128
-0.996523, 397, 261, 428, 276
-0.996525, 177, 59, 208, 74
-0.996534, 57, 103, 88, 118
-0.996536, 65, 51, 96, 66
-0.996552, 41, 105, 56, 168
-0.996552, 33, 141, 64, 156
-0.996553, 61, 109, 92, 124
-0.996555, 345, 41, 376, 104
-0.996561, 185, 145, 216, 208
-0.996586, 329, 73, 360, 136
-0.996588, 17, 117, 48, 132
-0.996597, 117, 75, 148, 90
-0.996599, 93, 65, 108, 128
-0.996601, 53, 121, 84, 136
-0.996603, 309, 1, 340, 64
-0.996603, 349, 97, 380, 160
-0.996603, 297, 193, 328, 256
-0.996603, 353, 193, 384, 256
-0.996603, 429, 243, 460, 258
-0.996605, 429, 231, 460, 246
-0.996612, 61, 127, 92, 142
-0.996619, 57, 179, 88, 194
-0.99663, 37, 95, 68, 110
-0.996632, 45, 157, 76, 172
-0.996638, 45, 225, 76, 240
-0.996642, 25, 111, 56, 126
-0.996644, 301, 249, 332, 309
-0.996649, 153, 65, 184, 80
-0.99666, 9, 1, 40, 64
-0.99666, 369, 209, 400, 272
-0.996661, 425, 177, 488, 304
-0.996677, 33, 135, 64, 150
-0.996677, 89, 241, 120, 304
-0.996685, 297, 1, 360, 256
-0.996696, 61, 241, 92, 304
-0.996702, 109, 87, 140, 102
-0.996724, 393, 257, 456, 288
-0.996729, 69, 145, 100, 160
-0.996732, 305, 145, 368, 208
-0.996742, 389, 247, 420, 262
-0.996743, 129, 33, 192, 64
-0.996749, 377, 177, 440, 304
-0.99676, 425, 249, 488, 280
-0.996764, 133, 53, 164, 68
-0.996765, 353, 221, 416, 252
-0.996772, 381, 229, 412, 244
-0.996772, 101, 75, 132, 90
-0.996786, 1, 9, 128, 72
-0.996787, 45, 207, 76, 222
-0.9968, 53, 77, 84, 92
-0.996801, 129, 49, 144, 112
-0.996816, 113, 65, 128, 128
-0.996832, 305, 229, 432, 260
-0.996837, 65, 161, 96, 176
-0.996847, 153, 53, 184, 68
-0.996852, 41, 87, 72, 102
-0.99686, 45, 133, 76, 148
-0.996874, 69, 63, 100, 78
-0.996878, 429, 255, 460, 270
-0.996879, 81, 131, 112, 146
-0.996888, 33, 105, 64, 120
-0.996889, 47, 97, 62, 160
-0.996889, 41, 217, 72, 232
-0.996898, 57, 187, 88, 202
-0.996918, 65, 169, 128, 200
-0.996923, 97, 93, 128, 108
-0.996937, 117, 69, 148, 84
-0.996948, 49, 151, 80, 166
-0.99695, 415, 225, 430, 256
-0.996951, 83, 81, 98, 144
-0.996953, 33, 129, 64, 144
-0.996955, 407, 233, 422, 264
-0.996965, 429, 237, 460, 252
-0.996971, 113, 57, 240, 88
-0.996974, 81, 49, 112, 64
-0.996988, 49, 127, 80, 142
-0.996988, 53, 141, 84, 156
-0.996991, 73, 137, 88, 200
-0.996996, 105, 65, 120, 128
-0.996997, 1, 185, 64, 216
-0.997025, 77, 215, 108, 230
-0.997047, 65, 167, 96, 182
-0.997052, 69, 137, 100, 152
-0.99706, 77, 75, 108, 90
-0.99707, 397, 217, 428, 232
-0.997078, 17, 61, 80, 92
-0.997085, 1, 205, 64, 236
-0.997103, 409, 209, 472, 240
-0.997105, 57, 133, 88, 148
-0.997107, 425, 249, 456, 264
-0.997122, 65, 69, 96, 84
-0.997125, 73, 57, 104, 72
-0.997131, 105, 43, 136, 58
-0.997138, 417, 249, 480, 309
-0.997139, 45, 165, 76, 180
-0.99715, 389, 241, 420, 256
-0.997153, 61, 33, 92, 288
-0.997157, 433, 241, 448, 304
-0.997159, 393, 223, 424, 238
-0.997166, 337, 177, 464, 304
-0.997166, 133, 65, 164, 80
-0.997169, 265, 1, 328, 256
-0.997179, 401, 233, 416, 296
-0.997186, 1, 129, 64, 160
-0.997201, 75, 205, 90, 236
-0.997229, 137, 39, 168, 54
-0.997235, 81, 193, 96, 256
-0.997247, 117, 49, 132, 80
-0.997265, 1, 149, 64, 180
-0.997279, 1, 125, 128, 156
-0.997285, 69, 101, 100, 116
-0.997295, 393, 235, 424, 250
-0.997303, 33, 123, 64, 138
-0.997313, 305, 1, 368, 309
-0.997314, 73, 95, 104, 110
-0.997329, 21, 129, 52, 256
-0.997344, 89, 87, 120, 102
-0.997363, 57, 225, 88, 240
-0.997381, 77, 193, 92, 224
-0.99739, 57, 121, 72, 184
-0.997401, 121, 69, 184, 100
-0.997406, 61, 17, 92, 144
-0.997417, 49, 113, 80, 128
-0.997421, 73, 89, 88, 152
-0.997429, 33, 113, 160, 144
-0.997429, 397, 255, 428, 270
-0.997436, 49, 177, 80, 304
-0.997445, 1, 173, 64, 204
-0.99745, 121, 93, 184, 124
-0.997453, 125, 45, 156, 60
-0.997466, 45, 103, 76, 118
-0.99747, 61, 97, 76, 160
-0.997484, 17, 61, 144, 92
-0.997487, 101, 45, 116, 76
-0.997489, 37, 111, 68, 126
-0.997492, 107, 45, 122, 76
-0.997493, 41, 65, 72, 309
-0.997506, 57, 205, 88, 220
-0.997507, 73, 193, 104, 208
-0.997509, 109, 61, 124, 92
-0.997517, 121, 73, 136, 136
-0.997528, 9, 217, 72, 248
-0.997531, 165, 63, 196, 78
-0.997539, 49, 33, 112, 64
-0.997562, 53, 171, 84, 186
-0.997566, 425, 241, 440, 272
-0.997568, 91, 49, 106, 80
-0.997576, 417, 241, 432, 272
-0.997582, 65, 129, 192, 192
-0.997607, 67, 97, 82, 160
-0.997615, 407, 245, 422, 276
-0.997635, 73, 33, 104, 288
-0.997637, 73, 217, 88, 248
-0.99764, 9, 73, 72, 104
-0.997654, 265, 113, 328, 240
-0.997669, 65, 129, 80, 192
-0.99767, 63, 217, 78, 280
-0.997684, 73, 81, 104, 96
-0.997698, 85, 97, 116, 112
-0.997708, 53, 213, 84, 228
-0.997743, 257, 225, 500, 288
-0.997765, 401, 249, 432, 264
-0.997769, 123, 53, 138, 84
-0.997776, 397, 209, 412, 272
-0.997784, 49, 97, 80, 112
-0.997793, 61, 153, 76, 216
-0.997837, 79, 61, 94, 92
-0.997844, 57, 193, 88, 208
-0.997862, 97, 69, 128, 84
-0.997863, 145, 1, 208, 309
-0.997865, 67, 217, 82, 248
-0.997879, 431, 217, 446, 280
-0.997881, 53, 89, 84, 104
-0.997908, 71, 73, 86, 104
-0.997931, 417, 227, 448, 242
-0.997941, 85, 53, 100, 84
-0.997957, 417, 221, 448, 236
-0.997959, 1, 37, 128, 68
-0.997963, 421, 217, 436, 248
-0.997971, 321, 241, 448, 272
-0.997992, 425, 229, 440, 260
-0.997994, 1, 145, 128, 176
-0.998007, 85, 77, 100, 108
-0.99801, 53, 219, 84, 234
-0.99802, 43, 101, 58, 132
-0.998034, 91, 65, 106, 96
-0.99804, 35, 113, 50, 176
-0.998061, 401, 243, 432, 258
-0.998061, 257, 1, 500, 128
-0.998075, 41, 113, 56, 144
-0.998076, 257, 65, 500, 192
-0.998077, 265, 1, 328, 309
-0.998083, 429, 253, 444, 284
-0.998085, 1, 73, 128, 104
-0.998086, 431, 241, 446, 272
-0.998092, 297, 17, 360, 80
-0.998092, 73, 199, 104, 214
-0.998096, 77, 87, 108, 102
-0.9981, 121, 63, 152, 78
-0.9981, 115, 61, 130, 92
-0.998106, 79, 73, 94, 104
-0.998112, 129, 105, 192, 136
-0.998115, 61, 199, 92, 214
-0.998116, 85, 121, 100, 184
-0.998131, 409, 221, 424, 252
-0.998132, 417, 241, 448, 256
-0.998133, 413, 241, 428, 304
-0.998155, 369, 245, 496, 276
-0.998157, 119, 25, 134, 88
-0.998171, 61, 95, 92, 110
-0.998181, 103, 65, 118, 96
-0.998183, 65, 219, 96, 234
-0.998187, 399, 229, 414, 260
-0.99819, 81, 85, 208, 116
-0.998192, 321, 217, 448, 248
-0.9982, 393, 229, 424, 244
-0.998201, 73, 169, 88, 232
-0.998223, 73, 209, 104, 224
-0.998241, 47, 113, 62, 144
-0.998254, 1, 49, 500, 112
-0.99826, 79, 129, 94, 192
-0.998264, 25, 49, 88, 80
-0.998274, 85, 33, 116, 288
-0.998278, 37, 117, 68, 132
-0.99828, 129, 45, 144, 76
-0.99828, 81, 113, 208, 144
-0.998295, 131, 25, 146, 88
-0.998298, 57, 83, 88, 98
-0.998302, 77, 69, 108, 84
-0.998307, 337, 1, 400, 309
-0.998307, 69, 149, 84, 180
-0.998323, 59, 81, 74, 112
-0.998328, 65, 89, 96, 104
-0.998334, 425, 65, 488, 309
-0.998375, 417, 257, 448, 272
-0.998378, 97, 33, 128, 288
-0.998382, 65, 161, 80, 192
-0.99839, 305, 177, 368, 304
-0.998399, 69, 181, 84, 212
-0.9984, 69, 201, 84, 232
-0.998401, 225, 201, 480, 264
-0.998403, 145, 89, 208, 120
-0.998404, 401, 241, 416, 272
-0.998407, 121, 51, 152, 66
-0.998408, 85, 65, 100, 96
-0.998413, 89, 25, 152, 56
-0.998423, 81, 49, 144, 64
-0.998424, 129, 61, 192, 76
-0.998429, 37, 177, 52, 240
-0.99843, 257, 129, 384, 256
-0.998431, 89, 79, 120, 94
-0.998432, 77, 137, 92, 168
-0.998433, 131, 57, 146, 88
-0.998437, 49, 129, 176, 160
-0.998439, 417, 177, 448, 304
-0.99844, 105, 57, 168, 72
-0.998444, 305, 157, 368, 188
-0.998446, 81, 55, 144, 70
-0.998463, 57, 77, 120, 92
-0.998468, 137, 41, 152, 104
-0.998468, 265, 33, 328, 160
-0.998489, 73, 63, 136, 78
-0.998498, 437, 217, 452, 280
-0.9985, 65, 73, 80, 104
-0.998509, 143, 53, 158, 84
-0.998511, 77, 85, 92, 116
-0.998512, 81, 209, 96, 240
-0.998512, 305, 185, 368, 248
-0.998516, 57, 87, 120, 102
-0.998518, 305, 169, 368, 200
-0.998518, 105, 89, 120, 152
-0.998522, 51, 121, 66, 184
-0.998523, 97, 63, 160, 78
-0.998523, 97, 57, 112, 88
-0.99853, 41, 199, 104, 214
-0.998532, 393, 235, 456, 250
-0.998533, 337, 65, 400, 309
-0.998535, 33, 209, 96, 224
-0.998542, 73, 69, 136, 84
-0.998543, 41, 97, 104, 112
-0.998544, 33, 193, 96, 208
-0.998546, 305, 141, 368, 172
-0.998546, 25, 169, 88, 184
-0.998555, 17, 185, 144, 216
-0.998556, 57, 219, 120, 234
-0.998556, 111, 89, 126, 152
-0.998558, 393, 229, 456, 244
-0.998558, 385, 241, 448, 256
-0.998559, 137, 57, 152, 88
-0.998562, 137, 33, 200, 288
-0.998566, 105, 51, 168, 66
-0.998571, 369, 229, 432, 244
-0.998571, 217, 1, 280, 309
-0.998573, 25, 135, 88, 150
-0.998573, 69, 129, 84, 256
-0.998574, 33, 221, 96, 236
-0.998575, 65, 195, 128, 210
-0.998577, 1, 161, 64, 192
-0.998579, 17, 173, 144, 204
-0.998579, 25, 215, 88, 230
-0.998582, 25, 161, 88, 176
-0.998583, 33, 187, 96, 202
-0.998583, 33, 107, 96, 122
-0.998584, 65, 203, 128, 218
-0.998586, 25, 147, 88, 162
-0.998586, 81, 97, 144, 112
-0.998586, 41, 81, 56, 144
-0.998588, 41, 119, 104, 134
-0.998588, 49, 217, 64, 280
-0.998588, 149, 53, 164, 84
-0.998589, 33, 91, 96, 106
-0.99859, 33, 129, 96, 144
-0.998591, 57, 55, 120, 70
-0.998592, 401, 223, 464, 238
-0.998597, 65, 209, 128, 224
-0.998598, 57, 103, 120, 118
-0.998599, 41, 113, 104, 128
-0.998604, 81, 83, 144, 98
-0.998606, 377, 221, 440, 236
-0.998606, 17, 119, 80, 134
-0.998607, 369, 235, 432, 250
-0.998608, 59, 161, 74, 192
-0.998611, 33, 75, 96, 90
-0.998614, 25, 175, 88, 190
-0.998614, 81, 75, 144, 90
-0.998617, 25, 141, 88, 156
-0.998618, 417, 261, 480, 292
-0.998619, 97, 69, 160, 84
-0.99862, 65, 133, 80, 164
-0.998621, 33, 81, 96, 96
-0.998622, 113, 45, 176, 60
-0.998623, 153, 61, 216, 76
-0.998624, 127, 73, 142, 136
-0.998628, 25, 155, 88, 170
-0.998628, 129, 55, 192, 70
-0.99863, 53, 85, 68, 116
-0.998631, 1, 113, 64, 128
-0.998632, 33, 181, 96, 196
-0.998633, 41, 65, 104, 80
-0.998636, 57, 163, 120, 178
-0.998639, 415, 253, 430, 284
-0.99864, 17, 97, 80, 112
-0.99864, 9, 107, 72, 122
-0.998641, 385, 251, 448, 266
-0.998643, 417, 231, 480, 246
-0.998644, 81, 91, 144, 106
-0.998645, 9, 125, 72, 140
-0.998648, 87, 25, 102, 88
-0.998652, 81, 63, 112, 78
-0.998653, 121, 67, 184, 82
-0.998654, 57, 49, 120, 64
-0.998654, 83, 89, 98, 120
-0.998657, 417, 237, 480, 252
-0.998658, 57, 139, 120, 154
-0.998663, 425, 201, 440, 264
-0.998665, 257, 49, 384, 176
-0.998665, 93, 97, 108, 160
-0.998666, 65, 189, 128, 204
-0.998666, 65, 133, 128, 148
-0.998667, 417, 255, 480, 270
-0.998667, 103, 17, 118, 80
-0.998671, 41, 43, 104, 58
-0.998672, 57, 157, 120, 172
-0.998672, 89, 117, 152, 132
-0.998672, 57, 225, 120, 240
-0.998673, 135, 45, 150, 76
-0.998674, 105, 85, 168, 100
-0.998675, 71, 85, 86, 116
-0.998676, 369, 213, 432, 228
-0.998676, 33, 49, 96, 64
-0.998677, 97, 57, 128, 72
-0.998677, 49, 147, 112, 162
-0.998678, 33, 59, 96, 74
-0.998678, 81, 43, 144, 58
-0.998678, 65, 109, 128, 124
-0.998678, 369, 185, 432, 248
-0.998679, 105, 93, 168, 108
-0.998682, 393, 259, 456, 274
-0.998683, 55, 153, 70, 216
-0.998684, 153, 55, 216, 70
-0.998684, 49, 169, 112, 184
-0.998684, 81, 103, 144, 118
-0.998686, 1, 185, 64, 200
-0.998686, 1, 131, 64, 146
-0.998686, 53, 105, 68, 136
-0.998686, 361, 241, 424, 256
-0.998688, 81, 123, 144, 138
-0.998688, 1, 199, 64, 214
-0.998689, 305, 125, 368, 156
-0.998689, 81, 215, 144, 230
-0.99869, 409, 217, 472, 232
-0.998691, 353, 223, 416, 238
-0.998692, 1, 159, 64, 174
-0.998693, 105, 75, 168, 90
-0.998694, 1, 143, 64, 158
-0.998696, 9, 81, 72, 96
-0.998696, 409, 243, 472, 258
-0.998697, 1, 205, 64, 220
-0.998698, 67, 49, 82, 112
-0.9987, 1, 193, 64, 208
-0.9987, 1, 137, 64, 152
-0.9987, 33, 227, 96, 242
-0.998701, 1, 215, 64, 230
-0.998702, 65, 183, 128, 198
-0.998703, 1, 177, 64, 192
-0.998704, 345, 231, 408, 246
-0.998704, 105, 111, 168, 126
-0.998705, 57, 127, 120, 142
-0.998705, 129, 37, 192, 52
-0.998705, 9, 91, 72, 106
-0.998707, 217, 1, 280, 256
-0.998707, 17, 69, 80, 84
-0.99871, 65, 115, 128, 130
-0.998711, 9, 75, 72, 90
-0.998711, 121, 65, 136, 96
-0.998712, 1, 151, 64, 166
-0.998713, 1, 221, 64, 236
-0.998713, 89, 37, 152, 52
-0.998713, 65, 177, 128, 192
-0.998715, 97, 69, 112, 100
-0.998716, 111, 81, 126, 112
-0.998716, 129, 91, 192, 106
-0.998717, 129, 105, 192, 120
-0.998718, 417, 249, 480, 264
-0.998718, 1, 165, 64, 180
-0.998718, 105, 99, 168, 114
-0.99872, 177, 59, 240, 74
-0.998724, 385, 205, 448, 236
-0.998725, 417, 261, 480, 276
-0.998725, 305, 155, 368, 170
-0.998726, 305, 187, 368, 202
-0.998726, 305, 125, 368, 140
-0.998726, 305, 145, 368, 160
-0.998728, 305, 169, 368, 184
-0.998728, 91, 77, 106, 108
-0.998731, 305, 139, 368, 154
-0.998731, 155, 53, 170, 84
-0.998734, 437, 237, 452, 268
-0.998742, 305, 181, 368, 212
-0.998755, 17, 161, 144, 192
-0.99876, 73, 61, 88, 92
-0.998761, 123, 41, 138, 72
-0.998764, 177, 1, 240, 256
-0.998771, 83, 197, 98, 228
-0.998775, 409, 257, 424, 288
-0.998775, 55, 65, 70, 128
-0.998778, 17, 213, 144, 244
-0.998787, 59, 149, 74, 180
-0.998791, 125, 25, 140, 88
-0.998798, 241, 1, 304, 309
-0.998799, 419, 193, 434, 256
-0.9988, 417, 233, 448, 248
-0.998803, 401, 217, 416, 248
-0.998805, 83, 129, 98, 160
-0.998816, 415, 213, 430, 244
-0.998817, 329, 145, 392, 272
-0.998821, 75, 41, 90, 104
-0.998827, 153, 59, 184, 74
-0.998827, 297, 37, 360, 68
-0.998829, 73, 113, 88, 176
-0.998834, 91, 121, 106, 184
-0.998834, 17, 197, 144, 228
-0.998852, 113, 33, 144, 288
-0.998857, 305, 213, 368, 244
-0.99886, 241, 1, 304, 256
-0.998871, 71, 137, 86, 168
-0.998873, 97, 17, 112, 80
-0.998876, 141, 37, 156, 68
-0.998879, 29, 65, 60, 309
-0.99888, 113, 33, 240, 96
-0.998884, 31, 161, 46, 224
-0.998889, 35, 117, 50, 148
-0.998889, 435, 253, 450, 284
-0.998897, 85, 55, 116, 70
-0.998897, 117, 37, 132, 68
-0.998899, 305, 193, 368, 224
-0.998906, 67, 97, 82, 128
-0.998906, 71, 65, 86, 192
-0.99891, 413, 251, 444, 266
-0.99891, 161, 45, 224, 76
-0.998912, 43, 193, 58, 256
-0.998913, 61, 217, 76, 248
-0.998929, 99, 97, 114, 160
-0.998938, 97, 81, 112, 112
-0.998938, 117, 77, 132, 108
-0.998942, 297, 25, 360, 56
-0.998956, 109, 51, 140, 66
-0.998966, 59, 133, 74, 164
-0.99897, 297, 53, 360, 84
-0.998972, 405, 225, 436, 240
-0.998972, 185, 1, 248, 309
-0.998975, 121, 57, 152, 72
-0.998986, 423, 253, 438, 284
-0.998988, 161, 53, 176, 84
-0.998992, 81, 101, 96, 132
-0.998994, 61, 93, 76, 124
-0.998999, 113, 17, 128, 80
-0.999002, 431, 229, 446, 260
-0.999009, 75, 177, 90, 304
-0.999019, 89, 89, 104, 120
-0.999021, 433, 221, 496, 252
-0.99903, 127, 69, 142, 100
-0.99903, 305, 101, 368, 132
-0.99903, 313, 265, 376, 296
-0.999032, 103, 77, 118, 108
-0.999039, 73, 141, 136, 172
-0.99904, 53, 121, 68, 152
-0.999058, 305, 81, 368, 112
-0.999058, 353, 245, 416, 276
-0.999062, 135, 65, 150, 128
-0.999063, 55, 225, 70, 288
-0.999064, 83, 49, 98, 176
-0.999064, 81, 33, 96, 96
-0.999065, 107, 33, 122, 64
-0.999074, 305, 113, 368, 144
-0.999074, 409, 209, 424, 240
-0.999078, 75, 181, 90, 212
-0.999082, 91, 117, 106, 148
-0.999089, 71, 121, 86, 152
-0.999094, 81, 177, 144, 304
-0.999095, 49, 185, 64, 248
-0.999099, 377, 1, 440, 309
-0.999119, 105, 89, 120, 120
-0.999119, 65, 75, 96, 90
-0.999121, 135, 89, 150, 152
-0.999125, 401, 253, 416, 284
-0.999128, 427, 217, 442, 248
-0.999132, 53, 149, 68, 180
-0.999149, 79, 105, 94, 168
-0.999155, 393, 229, 408, 260
-0.999156, 97, 69, 224, 100
-0.999157, 297, 1, 360, 32
-0.999161, 167, 57, 182, 88
-0.999164, 47, 89, 62, 120
-0.999167, 75, 97, 90, 128
-0.999167, 59, 117, 74, 148
-0.999171, 49, 221, 64, 252
-0.999173, 87, 101, 102, 132
-0.999176, 115, 33, 130, 160
-0.999183, 61, 49, 76, 112
-0.999189, 111, 113, 126, 176
-0.999199, 65, 65, 80, 192
-0.999204, 97, 101, 224, 132
-0.999207, 1, 137, 256, 200
-0.99921, 29, 137, 44, 200
-0.999213, 77, 49, 92, 176
-0.999218, 35, 181, 50, 212
-0.999223, 117, 97, 132, 160
-0.999235, 71, 165, 86, 196
-0.999236, 305, 81, 368, 144
-0.999243, 63, 205, 78, 236
-0.999246, 31, 169, 46, 200
-0.99925, 95, 37, 110, 68
-0.999269, 61, 105, 76, 136
-0.99927, 297, 13, 360, 44
-0.99927, 61, 193, 76, 256
-0.999275, 49, 209, 64, 240
-0.999277, 105, 113, 120, 176
-0.999278, 95, 97, 110, 128
-0.999284, 305, 225, 368, 256
-0.999284, 89, 33, 104, 160
-0.999285, 31, 105, 46, 136
-0.99929, 65, 205, 192, 236
-0.999291, 129, 93, 144, 124
-0.999292, 97, 117, 112, 148
-0.999295, 63, 173, 78, 204
-0.999296, 57, 65, 72, 192
-0.9993, 305, 245, 368, 276
-0.999301, 101, 63, 132, 78
-0.999302, 143, 33, 158, 96
-0.999304, 45, 161, 60, 224
-0.999311, 135, 33, 150, 64
-0.999313, 113, 97, 240, 224
-0.999323, 353, 1, 480, 309
-0.999328, 143, 65, 158, 96
-0.99933, 55, 221, 70, 252
-0.999333, 125, 97, 140, 160
-0.999333, 413, 65, 444, 309
-0.999334, 83, 181, 98, 212
-0.999336, 37, 193, 52, 224
-0.999336, 123, 93, 138, 124
-0.999344, 27, 157, 42, 188
-0.999344, 147, 33, 162, 64
-0.999346, 117, 93, 132, 124
-0.999347, 125, 1, 156, 256
-0.999353, 53, 137, 68, 168
-0.999355, 337, 145, 400, 176
-0.999355, 313, 277, 376, 308
-0.999356, 393, 65, 424, 309
-0.999356, 35, 137, 50, 200
-0.999356, 75, 149, 90, 180
-0.999363, 409, 1, 472, 309
-0.999364, 337, 1, 400, 128
-0.999364, 79, 49, 94, 80
-0.999393, 1, 177, 256, 240
-0.999399, 297, 69, 360, 100
-0.999417, 337, 209, 400, 240
-0.999423, 79, 169, 94, 232
-0.999431, 47, 73, 62, 136
-0.999432, 101, 33, 116, 160
-0.999436, 81, 217, 96, 280
-0.999438, 369, 221, 496, 252
-0.999458, 145, 65, 208, 128
-0.999469, 337, 49, 400, 80
-0.999473, 305, 249, 368, 309
-0.999478, 141, 59, 172, 74
-0.999481, 95, 33, 110, 160
-0.999483, 61, 145, 76, 272
-0.999483, 55, 201, 70, 264
-0.999486, 17, 33, 48, 288
-0.999492, 141, 81, 156, 144
-0.999514, 413, 193, 428, 256
-0.999518, 129, 81, 256, 144
-0.999519, 305, 121, 368, 184
-0.999522, 97, 121, 112, 184
-0.999524, 109, 33, 124, 160
-0.999526, 65, 143, 80, 158
-0.999528, 97, 97, 352, 160
-0.999528, 135, 53, 150, 68
-0.99953, 167, 65, 182, 80
-0.999532, 65, 227, 80, 242
-0.999532, 113, 45, 128, 60
-0.999533, 63, 153, 78, 168
-0.999533, 101, 81, 116, 96
-0.999533, 361, 197, 424, 228
-0.999534, 111, 71, 126, 86
-0.999535, 149, 53, 164, 68
-0.999536, 71, 137, 86, 152
-0.999537, 81, 177, 96, 304
-0.999538, 97, 33, 224, 64
-0.999538, 75, 143, 90, 158
-0.999539, 71, 67, 86, 82
-0.999541, 83, 135, 98, 150
-0.999541, 125, 71, 140, 86
-0.999541, 61, 89, 76, 104
-0.999542, 35, 119, 50, 134
-0.999542, 145, 39, 160, 54
-0.999543, 65, 225, 128, 288
-0.999543, 69, 155, 84, 170
-0.999543, 79, 81, 94, 96
-0.999546, 45, 101, 60, 116
-0.999546, 49, 141, 176, 172
-0.999547, 137, 65, 152, 80
-0.999547, 69, 185, 84, 200
-0.999551, 93, 73, 108, 88
-0.999551, 73, 95, 88, 110
-0.999551, 69, 149, 84, 164
-0.999552, 143, 53, 158, 68
-0.999553, 433, 259, 448, 274
-0.999553, 119, 67, 134, 82
-0.999557, 79, 101, 94, 116
-0.999557, 297, 41, 360, 104
-0.999558, 55, 103, 70, 118
-0.999558, 59, 95, 74, 110
-0.999559, 127, 63, 142, 78
-0.99956, 401, 251, 416, 266
-0.999563, 431, 243, 446, 258
-0.999565, 49, 107, 64, 122
-0.999568, 79, 189, 94, 204
-0.999568, 69, 199, 84, 214
-0.999569, 91, 97, 106, 112
-0.99957, 397, 231, 412, 246
-0.999571, 49, 95, 64, 110
-0.999572, 67, 209, 82, 224
-0.999572, 81, 93, 96, 108
-0.999573, 139, 43, 154, 58
-0.999573, 431, 233, 446, 248
-0.999577, 69, 87, 84, 102
-0.999577, 81, 201, 96, 216
-0.999578, 79, 217, 94, 232
-0.999578, 413, 259, 428, 274
-0.999582, 411, 219, 426, 234
-0.999584, 133, 43, 148, 58
-0.999584, 75, 223, 90, 238
-0.999584, 415, 253, 430, 268
-0.999584, 65, 97, 80, 112
-0.999585, 83, 209, 98, 224
-0.999585, 75, 129, 90, 256
-0.999586, 405, 225, 420, 240
-0.999587, 401, 237, 416, 252
-0.999589, 59, 161, 74, 176
-0.999591, 39, 97, 54, 224
-0.999592, 85, 99, 100, 114
-0.999593, 145, 189, 208, 220
-0.999595, 89, 85, 104, 100
-0.999595, 337, 165, 400, 196
-0.999598, 67, 167, 82, 182
-0.999599, 73, 81, 88, 96
-0.9996, 91, 67, 106, 82
-0.9996, 405, 257, 420, 272
-0.999602, 49, 115, 64, 130
-0.999604, 77, 67, 92, 82
-0.999605, 85, 55, 100, 70
-0.999606, 421, 251, 436, 266
-0.999607, 75, 89, 90, 104
-0.999608, 71, 193, 86, 208
-0.999608, 101, 59, 116, 74
-0.999609, 65, 173, 80, 188
-0.99961, 433, 253, 448, 268
-0.999611, 43, 107, 58, 122
-0.999611, 65, 161, 80, 176
-0.999612, 91, 79, 106, 94
-0.999614, 65, 77, 80, 92
-0.999616, 167, 59, 182, 74
-0.999616, 91, 61, 106, 76
-0.999618, 153, 77, 216, 108
-0.999621, 41, 119, 56, 134
-0.999622, 55, 89, 70, 104
-0.999622, 173, 61, 188, 76
-0.999623, 83, 63, 98, 78
-0.999623, 427, 257, 442, 272
-0.999624, 39, 113, 54, 128
-0.999624, 67, 177, 82, 304
-0.999631, 401, 243, 416, 258
-0.999631, 107, 57, 122, 72
-0.999631, 113, 65, 128, 80
-0.999634, 135, 59, 150, 74
-0.999635, 83, 87, 98, 102
-0.999636, 67, 215, 82, 230
-0.999638, 101, 65, 116, 80
-0.999638, 61, 167, 76, 182
-0.999639, 265, 161, 328, 192
-0.999642, 121, 33, 136, 160
-0.999643, 159, 59, 174, 74
-0.999643, 59, 81, 74, 96
-0.999644, 421, 219, 436, 234
-0.999646, 129, 49, 144, 64
-0.999647, 121, 1, 152, 128
-0.999647, 403, 231, 418, 246
-0.99965, 425, 229, 440, 244
-0.99965, 71, 73, 86, 88
-0.999653, 411, 225, 426, 240
-0.999653, 337, 61, 400, 92
-0.999655, 81, 75, 96, 90
-0.999658, 83, 69, 98, 84
-0.999662, 99, 49, 114, 64
-0.999667, 65, 221, 80, 236
-0.999669, 265, 113, 328, 144
-0.99967, 107, 49, 122, 64
-0.999671, 129, 57, 144, 72
-0.999672, 91, 51, 106, 66
-0.999673, 419, 245, 434, 260
-0.999674, 107, 63, 122, 78
-0.999679, 407, 245, 422, 260
-0.999683, 273, 181, 336, 212
-0.999686, 37, 201, 52, 264
-0.999687, 123, 51, 138, 66
-0.999688, 427, 251, 442, 266
-0.999696, 153, 59, 168, 74
-0.999698, 425, 235, 440, 250
-0.999698, 81, 129, 96, 256
-0.999702, 77, 195, 92, 210
-0.999708, 121, 61, 136, 76
-0.999709, 329, 221, 392, 252
-0.999714, 85, 169, 100, 232
-0.999715, 147, 59, 162, 74
-0.999715, 73, 1, 104, 128
-0.999725, 415, 239, 430, 254
-0.999725, 75, 201, 90, 216
-0.999726, 43, 217, 58, 280
-0.999727, 141, 59, 156, 74
-0.999729, 117, 51, 132, 66
-0.999736, 265, 193, 328, 224
-0.999739, 405, 237, 436, 252
-0.999742, 73, 217, 88, 232
-0.999746, 425, 241, 440, 256
-0.999747, 137, 1, 168, 256
-0.999749, 401, 193, 464, 224
-0.999752, 265, 77, 328, 108
-0.999753, 75, 207, 90, 222
-0.999754, 149, 81, 164, 144
-0.999755, 113, 59, 128, 74
-0.999756, 409, 231, 424, 246
-0.999759, 51, 81, 66, 208
-0.999768, 337, 29, 400, 60
-0.999772, 407, 237, 422, 252
-0.999776, 407, 185, 422, 248
-0.999777, 417, 225, 432, 240
-0.999786, 407, 251, 422, 266
-0.999788, 415, 233, 430, 248
-0.999792, 65, 169, 192, 232
-0.999796, 337, 5, 400, 36
-0.999796, 257, 33, 320, 64
-0.999798, 109, 57, 140, 72
-0.999798, 345, 133, 408, 164
-0.999799, 31, 81, 46, 144
-0.999806, 289, 273, 352, 304
-0.999826, 395, 233, 410, 296
-0.999835, 443, 209, 458, 272
-0.999843, 49, 17, 80, 144
-0.999847, 329, 177, 392, 208
-0.999852, 337, 117, 400, 148
-0.999852, 289, 257, 352, 288
-0.999852, 345, 277, 408, 308
-0.999854, 273, 205, 336, 236
-0.999854, 289, 1, 320, 256
-0.999857, 385, 129, 448, 256
-0.999868, 273, 141, 336, 172
-0.999907, 337, 97, 400, 128
-0.999923, 129, 177, 192, 208
-0.999925, 265, 45, 328, 76
-0.999927, 353, 257, 416, 288
-0.99993, 25, 37, 88, 68
-0.999936, 439, 241, 454, 304
-0.999939, 337, 17, 400, 48
-0.999939, 273, 225, 336, 256
-0.99994, 55, 129, 70, 256
-0.999942, 419, 177, 434, 304
-0.999947, 27, 105, 42, 168
-0.999954, 401, 185, 416, 248
-0.999971, 65, 177, 192, 208
-0.999985, 113, 105, 240, 168
-0.999989, 37, 161, 52, 288
-1.00001, 129, 45, 256, 76
-1.00001, 257, 1, 288, 256
-1.00001, 1, 81, 500, 144
-1.00001, 313, 33, 344, 288
-1.00002, 333, 33, 364, 288
-1.00002, 405, 231, 436, 246
-1.00003, 225, 1, 256, 256
-1.00005, 33, 113, 48, 240
-1.00005, 97, 73, 352, 136
-1.00005, 321, 253, 448, 284
-1.00007, 93, 81, 108, 208
-1.00007, 411, 177, 426, 304
-1.00007, 433, 65, 464, 309
-1.00008, 269, 1, 300, 256
-1.00008, 301, 1, 332, 256
-1.00009, 141, 105, 156, 168
-1.00009, 87, 113, 102, 240
-1.0001, 45, 97, 60, 224
-1.0001, 1, 1, 32, 256
-1.00011, 65, 193, 192, 224
-1.00012, 129, 89, 256, 120
-1.00013, 213, 1, 244, 256
-1.00013, 65, 25, 320, 88
-1.00014, 433, 1, 496, 309
-1.00014, 155, 81, 170, 144
-1.00014, 245, 1, 276, 256
-1.00015, 349, 65, 380, 309
-1.00015, 93, 49, 124, 64
-1.00016, 193, 1, 224, 256
-1.00016, 321, 205, 448, 236
-1.00018, 87, 193, 102, 256
-1.00018, 381, 65, 412, 309
-1.0002, 99, 81, 114, 208
-1.00022, 181, 1, 212, 256
-1.00022, 149, 57, 164, 120
-1.00022, 145, 9, 160, 72
-1.00023, 77, 1, 92, 128
-1.00024, 63, 17, 78, 144
-1.00024, 133, 1, 148, 64
-1.00025, 433, 193, 448, 256
-1.00027, 465, 1, 496, 256
-1.00028, 1, 225, 128, 256
-1.00029, 449, 1, 480, 256
-1.00029, 43, 177, 58, 304
-1.0003, 365, 1, 396, 256
-1.0003, 157, 1, 188, 256
-1.00031, 257, 117, 384, 148
-1.00031, 127, 17, 142, 144
-1.00032, 105, 81, 120, 208
-1.00032, 1, 209, 256, 272
-1.00032, 69, 25, 84, 88
-1.00033, 161, 81, 176, 144
-1.00034, 425, 177, 440, 304
-1.00034, 173, 57, 188, 120
-1.00034, 209, 49, 336, 176
-1.00035, 435, 177, 450, 304
-1.00035, 151, 25, 166, 88
-1.00035, 391, 201, 406, 264
-1.00036, 305, 209, 368, 272
-1.00036, 41, 137, 56, 200
-1.00037, 169, 1, 200, 256
-1.00038, 69, 17, 84, 144
-1.00038, 147, 105, 162, 168
-1.00038, 55, 41, 70, 104
-1.00041, 397, 177, 412, 304
-1.00042, 143, 57, 158, 120
-1.00042, 65, 165, 192, 196
-1.00043, 49, 145, 64, 272
-1.00044, 305, 141, 432, 172
-1.00046, 83, 1, 98, 128
-1.00047, 289, 189, 416, 220
-1.00047, 45, 49, 60, 176
-1.00048, 257, 105, 384, 136
-1.00048, 127, 65, 142, 192
-1.00049, 403, 177, 418, 304
-1.00049, 257, 133, 384, 164
-1.0005, 43, 49, 58, 112
-1.0005, 257, 149, 384, 180
-1.00051, 57, 17, 72, 144
-1.00052, 155, 57, 170, 120
-1.00055, 17, 21, 144, 52
-1.00056, 131, 113, 146, 176
-1.00056, 31, 161, 46, 288
-1.00057, 305, 129, 432, 160
-1.00058, 433, 177, 464, 304
-1.00058, 369, 209, 496, 240
-1.00058, 257, 1, 384, 32
-1.00059, 257, 29, 384, 60
-1.00059, 141, 17, 156, 144
-1.00059, 27, 81, 42, 208
-1.0006, 337, 97, 400, 224
-1.00061, 305, 153, 432, 184
-1.00062, 257, 173, 384, 204
-1.00062, 147, 17, 162, 144
-1.00062, 51, 17, 66, 144
-1.00063, 257, 93, 384, 124
-1.00063, 257, 161, 384, 192
-1.00063, 111, 81, 126, 208
-1.00064, 305, 65, 432, 192
-1.00066, 305, 113, 432, 144
-1.00068, 289, 45, 416, 76
-1.0007, 321, 1, 448, 32
-1.0007, 257, 201, 384, 232
-1.0007, 49, 33, 176, 64
-1.0007, 257, 13, 384, 44
-1.0007, 305, 169, 432, 200
-1.00072, 257, 273, 384, 304
-1.00072, 257, 81, 384, 112
-1.00072, 37, 49, 52, 176
-1.00073, 135, 65, 150, 192
-1.00074, 273, 217, 400, 248
-1.00075, 27, 33, 42, 160
-1.00077, 305, 101, 432, 132
-1.00078, 209, 137, 336, 168
-1.00078, 119, 97, 134, 224
-1.00081, 321, 17, 448, 48
-1.00081, 65, 153, 192, 184
-1.00084, 401, 129, 416, 256
-1.00084, 45, 1, 60, 128
-1.00084, 145, 33, 208, 160
-1.00086, 321, 265, 448, 296
-1.00086, 241, 41, 368, 72
-1.00086, 257, 57, 384, 88
-1.00086, 257, 69, 384, 100
-1.00088, 257, 169, 500, 232
-1.00089, 419, 129, 434, 256
-1.0009, 305, 277, 432, 308
-1.0009, 305, 65, 432, 96
-1.0009, 141, 81, 156, 208
-1.0009, 133, 17, 148, 144
-1.00091, 257, 261, 384, 292
-1.00092, 305, 81, 432, 112
-1.00092, 209, 157, 336, 188
-1.00093, 125, 113, 140, 240
-1.00093, 321, 33, 448, 64
-1.00093, 311, 129, 326, 256
-1.00094, 209, 9, 336, 40
-1.00095, 305, 169, 432, 232
-1.00095, 225, 213, 352, 244
-1.00095, 411, 129, 426, 256
-1.00095, 55, 177, 70, 304
-1.00096, 209, 125, 336, 156
-1.00096, 337, 49, 400, 176
-1.00097, 209, 109, 336, 140
-1.00098, 445, 177, 460, 304
-1.00098, 343, 1, 358, 128
-1.00098, 303, 33, 318, 160
-1.00098, 307, 81, 322, 208
-1.00099, 337, 181, 464, 212
-1.00099, 351, 49, 366, 176
-1.001, 391, 177, 406, 304
-1.001, 87, 161, 102, 288
-1.001, 95, 129, 110, 256
-1.00101, 133, 113, 148, 240
-1.00101, 1, 105, 500, 168
-1.00101, 317, 65, 332, 192
-1.00101, 347, 161, 362, 288
-1.00101, 35, 1, 50, 128
-1.00102, 101, 129, 116, 256
-1.00103, 345, 97, 360, 224
-1.00103, 241, 189, 368, 220
-1.00104, 147, 81, 162, 208
-1.00104, 113, 189, 240, 220
-1.00104, 317, 129, 332, 256
-1.00104, 355, 97, 370, 224
-1.00106, 209, 173, 336, 204
-1.00106, 313, 177, 328, 304
-1.00107, 425, 113, 440, 240
-1.00107, 177, 49, 304, 80
-1.00107, 313, 17, 328, 144
-1.00107, 343, 49, 358, 176
-1.00108, 357, 161, 372, 288
-1.00109, 1, 97, 16, 224
-1.00109, 267, 33, 282, 160
-1.0011, 351, 1, 366, 128
-1.0011, 153, 1, 168, 128
-1.0011, 337, 193, 464, 224
-1.0011, 3, 1, 18, 128
-1.0011, 279, 49, 294, 176
-1.0011, 153, 81, 168, 208
-1.0011, 57, 1, 120, 64
-1.0011, 269, 113, 284, 240
-1.0011, 291, 33, 306, 160
-1.0011, 261, 113, 276, 240
-1.00111, 323, 177, 338, 304
-1.00111, 145, 25, 272, 56
-1.00111, 261, 33, 276, 160
-1.00111, 179, 161, 194, 288
-1.00111, 281, 1, 296, 128
-1.00111, 433, 129, 448, 256
-1.00112, 9, 17, 24, 144
-1.00112, 455, 65, 470, 192
-1.00112, 337, 45, 464, 76
-1.00112, 297, 33, 312, 160
-1.00112, 233, 1, 248, 128
-1.00112, 247, 17, 262, 144
-1.00112, 185, 129, 200, 256
-1.00112, 9, 81, 24, 208
-1.00113, 65, 9, 192, 40
-1.00113, 209, 97, 336, 128
-1.00113, 15, 17, 30, 144
-1.00113, 161, 65, 176, 192
-1.00113, 19, 97, 34, 224
-1.00113, 25, 145, 40, 272
-1.00113, 225, 229, 352, 260
-1.00113, 187, 1, 202, 128
-1.00114, 253, 1, 268, 128
-1.00114, 285, 49, 300, 176
-1.00114, 173, 97, 188, 224
-1.00114, 173, 1, 188, 128
-1.00114, 305, 129, 320, 256
-1.00114, 21, 49, 36, 176
-1.00114, 333, 161, 348, 288
-1.00114, 461, 1, 476, 128
-1.00114, 209, 21, 336, 52
-1.00114, 109, 129, 124, 256
-1.00115, 275, 113, 290, 240
-1.00115, 425, 1, 440, 128
-1.00115, 161, 17, 176, 144
-1.00115, 273, 33, 288, 160
-1.00115, 337, 1, 352, 128
-1.00115, 13, 145, 28, 272
-1.00115, 451, 177, 466, 304
-1.00115, 201, 17, 216, 144
-1.00115, 385, 177, 400, 304
-1.00115, 145, 77, 272, 108
-1.00116, 265, 33, 328, 96
-1.00117, 257, 249, 384, 280
-1.00117, 65, 21, 192, 52
-1.00118, 113, 165, 240, 196
-1.00118, 161, 197, 288, 228
-1.00118, 209, 269, 336, 300
-1.00119, 305, 145, 432, 208
-1.00119, 209, 201, 336, 232
-1.00121, 105, 97, 136, 224
-1.00124, 353, 277, 480, 308
-1.00124, 161, 113, 288, 144
-1.00124, 369, 257, 496, 288
-1.00124, 65, 245, 192, 276
-1.00124, 209, 77, 336, 108
-1.00126, 209, 61, 336, 92
-1.00127, 17, 245, 144, 276
-1.00127, 369, 117, 496, 148
-1.00128, 129, 209, 256, 240
-1.00128, 49, 225, 176, 256
-1.00128, 1, 9, 128, 40
-1.00128, 321, 1, 448, 128
-1.00129, 1, 25, 500, 88
-1.00129, 161, 157, 288, 188
-1.0013, 265, 153, 328, 216
-1.0013, 353, 133, 480, 164
-1.0013, 389, 177, 420, 304
-1.00131, 1, 265, 128, 296
-1.00132, 177, 185, 304, 216
-1.00133, 369, 29, 496, 60
-1.00133, 209, 241, 336, 272
-1.00133, 353, 145, 480, 176
-1.00135, 337, 209, 400, 272
-1.00135, 345, 249, 408, 309
-1.00135, 209, 253, 336, 284
-1.00137, 369, 73, 496, 104
-1.00138, 353, 105, 480, 136
-1.00139, 193, 37, 320, 68
-1.00139, 337, 41, 400, 104
-1.00139, 113, 1, 240, 32
-1.0014, 281, 161, 344, 288
-1.0014, 113, 241, 240, 272
-1.0014, 145, 221, 272, 252
-1.00141, 161, 125, 288, 156
-1.00144, 145, 141, 272, 172
-1.00144, 33, 277, 160, 308
-1.00144, 265, 105, 328, 168
-1.00148, 257, 113, 384, 176
-1.00149, 257, 249, 500, 309
-1.00151, 9, 33, 72, 96
-1.00157, 137, 17, 200, 80
-1.00162, 345, 185, 408, 248
-1.00164, 25, 81, 56, 208
-1.00165, 13, 81, 44, 208
-1.00171, 241, 1, 368, 64
-1.00174, 257, 33, 384, 96
-1.00174, 97, 161, 352, 224
-1.00177, 257, 137, 384, 200
-1.00179, 257, 145, 500, 208
-1.00182, 265, 129, 328, 192
-1.00183, 233, 49, 296, 176
-1.00186, 161, 33, 416, 96
-1.00186, 265, 57, 328, 120
-1.00186, 337, 129, 400, 192
-1.00188, 305, 121, 432, 184
-1.00192, 345, 161, 408, 224
-1.00194, 145, 177, 208, 304
-1.00195, 305, 89, 432, 152
-1.00199, 257, 121, 500, 184
-1.00202, 161, 249, 416, 309
-1.00203, 257, 81, 384, 144
-1.00204, 33, 1, 288, 64
-1.00205, 337, 17, 400, 80
-1.00205, 161, 137, 416, 200
-1.00208, 209, 161, 336, 288
-1.00212, 49, 9, 176, 72
-1.00215, 273, 177, 336, 240
-1.00216, 369, 185, 496, 248
-1.00217, 289, 57, 416, 120
-1.00221, 29, 33, 60, 160
-1.00222, 321, 1, 448, 64
-1.00224, 97, 201, 352, 264
-1.00224, 137, 185, 200, 248
-1.00228, 257, 1, 500, 64
-1.00228, 257, 185, 384, 248
-1.00229, 265, 1, 328, 64
-1.00232, 133, 33, 164, 160
-1.00238, 169, 57, 232, 120
-1.00242, 369, 161, 432, 224
-1.00243, 337, 73, 400, 136
-1.00247, 161, 1, 416, 64
-1.0025, 257, 249, 384, 309
-1.00251, 169, 97, 232, 224
-1.00253, 257, 49, 500, 112
-1.00253, 1, 233, 256, 296
-1.00255, 257, 97, 500, 160
-1.00255, 129, 225, 384, 288
-1.00262, 241, 1, 304, 128
-1.00263, 169, 1, 232, 128
-1.00266, 257, 209, 384, 272
-1.00274, 257, 73, 500, 136
-1.00274, 201, 17, 264, 144
-1.00275, 257, 161, 384, 224
-1.00276, 273, 225, 336, 288
-1.00276, 265, 249, 328, 309
-1.00277, 265, 81, 328, 144
-1.0028, 337, 41, 464, 104
-1.00282, 1, 209, 500, 272
-1.00282, 145, 57, 272, 120
-1.00282, 257, 25, 500, 88
-1.00284, 393, 177, 456, 240
-1.00286, 337, 97, 400, 160
-1.00286, 241, 113, 304, 240
-1.00287, 217, 97, 280, 224
-1.00289, 161, 17, 288, 144
-1.00291, 9, 9, 72, 72
-1.00296, 21, 177, 52, 304
-1.00299, 337, 65, 464, 128
-1.00304, 161, 89, 224, 152
-1.00312, 385, 41, 448, 104
-1.00313, 81, 153, 144, 216
-1.00323, 409, 1, 472, 128
-1.00324, 265, 201, 328, 264
-1.00332, 409, 137, 472, 200
-1.00337, 49, 225, 176, 288
-1.00338, 409, 89, 472, 152
-1.00338, 105, 121, 168, 184
-1.0034, 193, 113, 320, 240
-1.00341, 105, 153, 168, 216
-1.00342, 385, 1, 448, 128
-1.00349, 209, 25, 336, 88
-1.0035, 1, 137, 500, 200
-1.00351, 177, 193, 240, 256
-1.00353, 361, 1, 424, 128
-1.00354, 121, 161, 184, 288
-1.00354, 241, 57, 368, 120
-1.0036, 249, 161, 312, 288
-1.00361, 169, 177, 232, 304
-1.00361, 1, 241, 64, 304
-1.00365, 209, 129, 336, 192
-1.00365, 353, 129, 480, 256
-1.00365, 161, 17, 224, 80
-1.00366, 1, 169, 500, 232
-1.00367, 425, 81, 488, 208
-1.00369, 113, 1, 176, 64
-1.0037, 209, 121, 272, 184
-1.0037, 113, 177, 176, 240
-1.00375, 33, 249, 96, 309
-1.00379, 129, 81, 160, 208
-1.00379, 169, 129, 232, 192
-1.0038, 241, 33, 304, 96
-1.00382, 161, 33, 288, 96
-1.00383, 369, 49, 496, 176
-1.00383, 241, 129, 304, 192
-1.00387, 361, 113, 424, 240
-1.00388, 201, 25, 264, 88
-1.00389, 129, 161, 256, 288
-1.0039, 169, 49, 232, 176
-1.00391, 209, 1, 336, 128
-1.00391, 129, 193, 256, 256
-1.00393, 129, 153, 192, 216
-1.00393, 97, 233, 160, 296
-1.00396, 161, 169, 288, 232
-1.00398, 385, 65, 448, 128
-1.00398, 377, 129, 440, 192
-1.00398, 137, 209, 200, 272
-1.00406, 85, 161, 116, 288
-1.00407, 13, 33, 44, 160
-1.00408, 417, 33, 480, 96
-1.00408, 209, 153, 336, 216
-1.00409, 193, 81, 256, 208
-1.00412, 417, 113, 480, 176
-1.00426, 425, 177, 488, 240
-1.00429, 209, 225, 336, 288
-1.00431, 217, 225, 280, 288
-1.00432, 433, 9, 496, 72
-1.00432, 209, 201, 336, 264
-1.00435, 193, 1, 256, 64
-1.00437, 193, 1, 320, 64
-1.00441, 409, 57, 472, 120
-1.00441, 433, 137, 496, 200
-1.00441, 117, 97, 148, 224
-1.00444, 97, 1, 224, 64
-1.00444, 209, 177, 336, 240
-1.00445, 233, 57, 296, 120
-1.00445, 385, 97, 448, 160
-1.00448, 209, 97, 336, 160
-1.00448, 1, 1, 500, 64
-1.0045, 361, 65, 424, 128
-1.00454, 241, 161, 304, 224
-1.00455, 113, 209, 176, 272
-1.00455, 225, 249, 288, 309
-1.00458, 145, 137, 272, 200
-1.00463, 1, 233, 500, 296
-1.00464, 409, 1, 472, 64
-1.00464, 369, 1, 496, 128
-1.00465, 113, 217, 240, 280
-1.00468, 185, 105, 248, 168
-1.00469, 161, 113, 288, 176
-1.00471, 209, 161, 272, 288
-1.00473, 233, 1, 296, 64
-1.00473, 177, 161, 240, 224
-1.00473, 129, 249, 192, 309
-1.00476, 389, 129, 420, 256
-1.00477, 385, 65, 448, 192
-1.00477, 361, 105, 424, 168
-1.00477, 217, 169, 280, 232
-1.00478, 369, 17, 432, 80
-1.00481, 145, 17, 176, 144
-1.00484, 1, 249, 128, 309
-1.00487, 369, 129, 496, 192
-1.00487, 113, 161, 240, 224
-1.00488, 369, 1, 496, 64
-1.00488, 129, 129, 192, 192
-1.00488, 57, 249, 120, 309
-1.00491, 353, 153, 480, 216
-1.00493, 433, 73, 496, 136
-1.00495, 209, 249, 336, 309
-1.00508, 433, 33, 496, 160
-1.00516, 433, 129, 496, 256
-1.00535, 65, 249, 192, 309
-1.00543, 193, 65, 320, 128
-1.00547, 353, 89, 480, 152
-1.0057, 145, 9, 272, 72
-1.00575, 161, 217, 288, 280
-1.00596, 161, 241, 288, 304
-1.006, 361, 65, 424, 192
-1.00614, 409, 129, 472, 256
-1.00629, 113, 241, 240, 304
-1.00659, 289, 49, 320, 176
-1.00659, 313, 129, 344, 256
-1.00664, 405, 129, 436, 256
-1.00671, 333, 161, 364, 288
-1.00678, 297, 145, 328, 272
-1.00687, 329, 1, 360, 128
-1.00712, 293, 1, 324, 128
-1.00726, 313, 81, 344, 208
-1.00738, 141, 81, 172, 208
-1.00747, 297, 97, 328, 224
-1.00751, 153, 65, 184, 192
-1.00755, 333, 97, 364, 224
-1.00767, 377, 177, 408, 304
-1.0077, 317, 177, 348, 304
-1.00773, 349, 49, 380, 176
-1.00776, 417, 129, 448, 256
-1.00785, 253, 33, 284, 160
-1.00793, 309, 17, 340, 144
-1.00794, 329, 49, 360, 176
-1.00797, 353, 113, 384, 240
-1.008, 349, 161, 380, 288
-1.008, 161, 65, 288, 192
-1.00809, 445, 177, 476, 304
-1.0082, 265, 1, 296, 128
-1.00825, 157, 1, 188, 128
-1.00828, 173, 113, 204, 240
-1.00836, 265, 113, 296, 240
-1.00849, 429, 1, 460, 128
-1.00859, 169, 49, 200, 176
-1.00867, 9, 129, 40, 256
-1.00868, 269, 49, 300, 176
-1.00881, 1, 17, 32, 144
-1.00888, 345, 1, 376, 128
-1.00888, 233, 17, 264, 144
-1.00895, 389, 1, 420, 128
-1.009, 1, 65, 32, 192
-1.00907, 401, 1, 432, 128
-1.00907, 445, 1, 476, 128
-1.00907, 253, 113, 284, 240
-1.00908, 161, 129, 192, 256
-1.00915, 417, 17, 448, 144
-1.0092, 193, 97, 224, 224
-1.00923, 113, 145, 144, 272
-1.00924, 393, 65, 424, 192
-1.00927, 277, 1, 308, 128
-1.00928, 173, 1, 204, 128
-1.00931, 261, 161, 292, 288
-1.00932, 217, 1, 248, 128
-1.00935, 161, 177, 192, 304
-1.00939, 405, 65, 436, 192
-1.00943, 449, 65, 480, 192
-1.00943, 241, 113, 272, 240
-1.00947, 209, 145, 240, 272
-1.00951, 185, 17, 216, 144
-1.00952, 197, 1, 228, 128
-1.00959, 373, 65, 404, 192
-1.00959, 181, 161, 212, 288
-1.00963, 217, 97, 248, 224
-1.00964, 133, 145, 164, 272
-1.00966, 469, 33, 500, 160
-1.00966, 369, 113, 400, 240
-1.00967, 229, 113, 260, 240
-1.00971, 457, 1, 488, 128
-1.00971, 149, 161, 180, 288
-1.00975, 277, 97, 308, 224
-1.00975, 457, 113, 488, 240
-1.00979, 205, 97, 236, 224
-1.0098, 361, 161, 392, 288
-1.0099, 221, 161, 252, 288
-1.00991, 193, 177, 224, 304
-1.00995, 433, 129, 464, 256
-1.00998, 417, 65, 448, 192
-1.01006, 437, 65, 468, 192
-1.01014, 249, 161, 280, 288
-1.01015, 457, 161, 488, 288
-1.01015, 285, 177, 316, 304
-1.01034, 5, 177, 36, 304
-1.01039, 257, 65, 500, 309
-1.01042, 373, 17, 404, 144
-1.01046, 221, 49, 252, 176
-1.01046, 97, 145, 128, 272
-1.0105, 361, 1, 392, 128
-1.01055, 181, 65, 212, 192
-1.0107, 241, 65, 272, 192
-1.0107, 469, 97, 500, 224
-1.01094, 469, 145, 500, 272
-1.01094, 233, 177, 264, 304
-1.01097, 209, 49, 240, 176
-1.01114, 197, 49, 228, 176
-1.01115, 445, 129, 476, 256
-1.01129, 361, 65, 392, 192
-1.01133, 273, 177, 304, 304
