1891
-0.341362, 257, 1, 500, 333
-0.462643, 1, 1, 500, 333
-0.495627, 1, 65, 500, 320
-0.553136, 161, 1, 416, 333
-0.633381, 65, 1, 320, 333
-0.671978, 225, 65, 480, 320
-0.786883, 65, 1, 320, 256
-0.81713, 369, 1, 496, 333
-0.852019, 353, 1, 480, 256
-0.857666, 321, 1, 448, 333
-0.875036, 1, 145, 500, 272
-0.878705, 1, 193, 500, 320
-0.879382, 257, 1, 384, 333
-0.880785, 161, 1, 288, 333
-0.889113, 81, 1, 208, 333
-0.889928, 145, 65, 272, 320
-0.892213, 241, 65, 368, 320
-0.902482, 65, 1, 192, 256
-0.913721, 289, 1, 416, 256
-0.915675, 33, 1, 160, 333
-0.916821, 1, 17, 500, 144
-0.917123, 225, 161, 480, 288
-0.920679, 17, 1, 144, 256
-0.928283, 97, 145, 352, 272
-0.929486, 257, 1, 500, 128
-0.931939, 369, 193, 496, 320
-0.933177, 409, 209, 472, 333
-0.934592, 193, 65, 320, 320
-0.936534, 129, 145, 256, 272
-0.938622, 225, 113, 480, 240
-0.940628, 337, 145, 400, 272
-0.940738, 433, 1, 496, 128
-0.941001, 321, 145, 448, 272
-0.942193, 137, 145, 200, 272
-0.94291, 129, 97, 384, 224
-0.942966, 1, 97, 500, 224
-0.943617, 409, 17, 472, 144
-0.944842, 225, 129, 288, 256
-0.945015, 385, 177, 448, 304
-0.945369, 257, 209, 500, 333
-0.945475, 177, 145, 304, 272
-0.945952, 369, 1, 496, 128
-0.946965, 1, 1, 256, 128
-0.948252, 313, 129, 376, 256
-0.948942, 1, 209, 256, 333
-0.950001, 161, 97, 288, 224
-0.951489, 241, 113, 368, 240
-0.951537, 137, 161, 200, 224
-0.952078, 321, 1, 448, 128
-0.952198, 401, 201, 464, 264
-0.952742, 81, 161, 208, 288
-0.952891, 369, 49, 496, 176
-0.95305, 73, 1, 136, 128
-0.953437, 201, 145, 264, 272
-0.953874, 153, 97, 216, 224
-0.95399, 193, 145, 256, 208
-0.954712, 233, 129, 296, 192
-0.956166, 1, 161, 256, 288
-0.957035, 233, 177, 296, 304
-0.95769, 425, 233, 488, 296
-0.958185, 377, 1, 440, 128
-0.958312, 321, 193, 448, 320
-0.958336, 161, 145, 224, 272
-0.958387, 257, 49, 500, 176
-0.958611, 81, 97, 208, 224
-0.958659, 225, 161, 352, 288
-0.959523, 113, 129, 176, 256
-0.959983, 49, 1, 176, 128
-0.960043, 209, 1, 336, 333
-0.960045, 433, 209, 496, 333
-0.960306, 337, 1, 400, 128
-0.9605, 321, 145, 384, 208
-0.961061, 129, 193, 256, 320
-0.961265, 249, 97, 312, 224
-0.961931, 129, 193, 384, 320
-0.962078, 281, 145, 344, 272
-0.962147, 433, 65, 496, 192
-0.963134, 177, 97, 240, 224
-0.963145, 377, 1, 440, 64
-0.963678, 153, 105, 216, 168
-0.963864, 385, 49, 448, 176
-0.964492, 129, 153, 256, 216
-0.964507, 105, 81, 168, 208
-0.964523, 369, 129, 432, 256
-0.964788, 409, 65, 472, 192
-0.965048, 441, 209, 472, 333
-0.965699, 73, 9, 136, 72
-0.96574, 105, 177, 168, 304
-0.966103, 169, 145, 232, 208
-0.966365, 97, 17, 160, 144
-0.966677, 433, 81, 496, 144
-0.967028, 345, 9, 408, 72
-0.967056, 425, 17, 456, 144
-0.967134, 377, 193, 440, 256
-0.967174, 149, 129, 180, 256
-0.967194, 145, 137, 208, 200
-0.967508, 33, 81, 288, 208
-0.967625, 257, 177, 320, 304
-0.967876, 321, 1, 448, 64
-0.968129, 233, 169, 296, 232
-0.968138, 273, 161, 400, 288
-0.968493, 425, 193, 456, 320
-0.968556, 145, 193, 208, 320
-0.969086, 409, 25, 472, 88
-0.969493, 113, 129, 176, 192
-0.969557, 273, 97, 336, 224
-0.969807, 161, 145, 192, 272
-0.969845, 257, 209, 384, 333
-0.970238, 453, 1, 484, 128
-0.970379, 297, 121, 360, 184
-0.970434, 345, 193, 408, 320
-0.970456, 409, 177, 440, 304
-0.970472, 337, 201, 464, 264
-0.970688, 193, 137, 320, 200
-0.970865, 169, 193, 232, 320
-0.970904, 257, 129, 384, 192
-0.971096, 105, 105, 168, 168
-0.97111, 97, 17, 224, 144
-0.97113, 345, 161, 408, 224
-0.971586, 161, 17, 416, 144
-0.97172, 321, 209, 384, 333
-0.972103, 409, 257, 472, 320
-0.972251, 273, 177, 336, 240
-0.972457, 433, 273, 496, 333
-0.972517, 105, 9, 168, 72
-0.972523, 437, 17, 468, 144
-0.972548, 273, 153, 336, 216
-0.972605, 273, 1, 400, 128
-0.972722, 377, 49, 440, 112
-0.972764, 349, 129, 380, 256
-0.973007, 401, 225, 464, 288
-0.973209, 433, 65, 496, 320
-0.973316, 377, 25, 440, 88
-0.973369, 409, 161, 472, 288
-0.973435, 41, 193, 104, 320
-0.97345, 465, 1, 496, 128
-0.973724, 209, 169, 272, 232
-0.973809, 353, 1, 416, 256
-0.974164, 121, 185, 184, 248
-0.974344, 369, 241, 496, 304
-0.974432, 321, 49, 448, 176
-0.974485, 353, 33, 416, 96
-0.974581, 369, 1, 496, 64
-0.974726, 273, 153, 400, 216
-0.974729, 313, 1, 376, 64
-0.974752, 105, 153, 168, 216
-0.97485, 209, 209, 272, 333
-0.974889, 393, 33, 456, 288
-0.97524, 437, 209, 468, 272
-0.97527, 361, 145, 392, 272
-0.975527, 101, 1, 132, 128
-0.975591, 241, 249, 304, 312
-0.975796, 233, 193, 296, 256
-0.97588, 401, 57, 464, 120
-0.976071, 237, 129, 268, 256
-0.976093, 105, 1, 136, 64
-0.9761, 337, 209, 400, 272
-0.97633, 345, 137, 376, 200
-0.976491, 129, 105, 256, 168
-0.976496, 273, 113, 336, 176
-0.97652, 425, 209, 488, 272
-0.976575, 469, 65, 500, 192
-0.976639, 49, 209, 176, 333
-0.976656, 149, 153, 180, 216
-0.976687, 181, 97, 212, 224
-0.97676, 313, 1, 376, 128
-0.976978, 329, 113, 360, 240
-0.977089, 413, 1, 444, 128
-0.97717, 177, 97, 240, 160
-0.977325, 1, 1, 128, 128
-0.977513, 145, 65, 208, 320
-0.97764, 73, 145, 136, 272
-0.977742, 417, 193, 448, 256
-0.977838, 297, 81, 360, 208
-0.977856, 273, 1, 400, 64
-0.977876, 177, 169, 304, 232
-0.977899, 33, 257, 96, 320
-0.977911, 433, 9, 496, 72
-0.978048, 145, 129, 176, 192
-0.978097, 33, 161, 160, 288
-0.978242, 241, 105, 304, 168
-0.97858, 449, 241, 480, 304
-0.978604, 177, 49, 304, 176
-0.978652, 437, 65, 468, 192
-0.978779, 413, 49, 444, 176
-0.97884, 121, 1, 184, 128
-0.978901, 205, 145, 236, 208
-0.979018, 265, 177, 296, 304
-0.979054, 357, 145, 388, 208
-0.97906, 465, 273, 496, 333
-0.979093, 105, 65, 168, 320
-0.979178, 145, 129, 272, 192
-0.979439, 241, 129, 272, 192
-0.979528, 161, 153, 192, 216
-0.979594, 145, 49, 208, 176
-0.979652, 209, 273, 272, 333
-0.979749, 297, 209, 360, 333
-0.97989, 233, 65, 296, 320
-0.980004, 93, 1, 124, 64
-0.980024, 377, 233, 440, 296
-0.980079, 465, 89, 496, 152
-0.980105, 369, 265, 496, 328
-0.980126, 81, 153, 208, 216
-0.98016, 321, 81, 384, 208
-0.980221, 389, 33, 420, 160
-0.980463, 257, 113, 288, 240
-0.980494, 225, 145, 256, 208
-0.980541, 97, 33, 160, 96
-0.980609, 453, 209, 484, 333
-0.980711, 453, 265, 484, 328
-0.980892, 265, 169, 296, 232
-0.980937, 341, 1, 372, 128
-0.981009, 209, 121, 272, 184
-0.981059, 337, 1, 368, 64
-0.981081, 221, 145, 252, 272
-0.981127, 41, 257, 72, 320
-0.981277, 161, 169, 224, 232
-0.981301, 145, 81, 208, 144
-0.981367, 217, 81, 280, 208
-0.981371, 321, 121, 384, 184
-0.981378, 177, 193, 304, 320
-0.98143, 185, 169, 248, 232
-0.981497, 97, 185, 160, 248
-0.981497, 225, 169, 352, 232
-0.981523, 321, 161, 448, 224
-0.981524, 9, 257, 72, 320
-0.981643, 145, 177, 176, 240
-0.981669, 105, 209, 168, 272
-0.981765, 369, 153, 432, 216
-0.981835, 433, 161, 496, 288
-0.981848, 81, 209, 144, 333
-0.98195, 401, 1, 464, 333
-0.982052, 81, 97, 144, 224
-0.982144, 437, 233, 468, 296
-0.98215, 225, 65, 352, 192
-0.98224, 377, 1, 408, 128
-0.982262, 337, 33, 464, 96
-0.982316, 377, 257, 440, 320
-0.982321, 113, 177, 240, 240
-0.982336, 181, 97, 212, 160
-0.982341, 173, 145, 204, 272
-0.982356, 137, 161, 168, 288
-0.982356, 277, 137, 308, 200
-0.982387, 109, 25, 140, 88
-0.982388, 417, 57, 448, 120
-0.98239, 457, 81, 488, 208
-0.982461, 305, 1, 368, 256
-0.982484, 429, 65, 460, 128
-0.982508, 33, 97, 160, 224
-0.982512, 49, 49, 176, 176
-0.982564, 329, 185, 392, 248
-0.982588, 421, 25, 452, 88
-0.982654, 333, 129, 364, 192
-0.982685, 409, 1, 472, 64
-0.982781, 137, 113, 168, 240
-0.982787, 369, 9, 400, 72
-0.982848, 397, 193, 428, 320
-0.982856, 157, 113, 188, 176
-0.982942, 177, 89, 304, 152
-0.983005, 345, 1, 408, 333
-0.983103, 149, 177, 180, 304
-0.983132, 465, 9, 496, 72
-0.983148, 257, 145, 288, 208
-0.983168, 425, 217, 456, 280
-0.983182, 113, 81, 176, 144
-0.983205, 361, 169, 392, 232
-0.983222, 49, 177, 176, 240
-0.983234, 397, 49, 428, 112
-0.983287, 257, 201, 320, 264
-0.983305, 257, 121, 288, 184
-0.983313, 425, 49, 488, 112
-0.983332, 405, 193, 436, 256
-0.98336, 261, 233, 292, 296
-0.983363, 377, 1, 440, 333
-0.983384, 441, 73, 472, 136
-0.983485, 353, 273, 416, 333
-0.983567, 241, 225, 304, 288
-0.983696, 257, 105, 384, 168
-0.983789, 145, 193, 208, 256
-0.983869, 145, 241, 208, 304
-0.983926, 373, 153, 404, 216
-0.98397, 441, 17, 472, 80
-0.983975, 345, 137, 408, 200
-0.983979, 369, 65, 496, 128
-0.984052, 17, 1, 144, 64
-0.984074, 281, 65, 344, 320
-0.98409, 153, 81, 184, 208
-0.984095, 193, 145, 224, 208
-0.984216, 73, 161, 136, 224
-0.984245, 185, 121, 248, 184
-0.984306, 241, 193, 368, 256
-0.984403, 289, 25, 416, 88
-0.984405, 429, 185, 460, 248
-0.984412, 453, 81, 484, 144
-0.984436, 1, 209, 64, 333
-0.984487, 65, 129, 192, 192
-0.98454, 1, 49, 128, 176
-0.984561, 133, 129, 164, 192
-0.984599, 237, 153, 268, 216
-0.984651, 113, 17, 144, 144
-0.98466, 349, 9, 380, 72
-0.984759, 181, 153, 212, 216
-0.984769, 329, 233, 392, 296
-0.984822, 209, 249, 272, 312
-0.984846, 57, 49, 120, 176
-0.984879, 369, 97, 496, 224
-0.984914, 373, 161, 404, 288
-0.984992, 161, 193, 288, 256
-0.985025, 297, 185, 360, 248
-0.985038, 209, 145, 240, 272
-0.985085, 265, 193, 296, 256
-0.985118, 385, 33, 416, 96
-0.985119, 433, 273, 464, 333
-0.985127, 81, 1, 144, 256
-0.985195, 201, 65, 264, 320
-0.985227, 245, 249, 276, 312
-0.985234, 217, 265, 248, 328
-0.985293, 313, 113, 344, 240
-0.985336, 137, 153, 168, 216
-0.985375, 425, 1, 488, 333
-0.985455, 121, 25, 152, 88
-0.985467, 249, 185, 280, 248
-0.985487, 409, 81, 472, 144
-0.985507, 329, 193, 360, 256
-0.98552, 233, 137, 296, 168
-0.985554, 257, 65, 320, 320
-0.985574, 197, 145, 228, 272
-0.985584, 449, 217, 480, 280
-0.985601, 461, 233, 492, 296
-0.985696, 417, 177, 480, 240
-0.985709, 193, 149, 256, 180
-0.985742, 81, 17, 208, 80
-0.985752, 145, 165, 208, 196
-0.985781, 169, 193, 232, 256
-0.98584, 385, 197, 448, 228
-0.985846, 133, 177, 164, 240
-0.985851, 169, 265, 232, 328
-0.9859, 453, 9, 484, 72
-0.985903, 169, 65, 232, 320
-0.985961, 289, 97, 416, 224
-0.985987, 409, 25, 440, 88
-0.985989, 297, 209, 360, 272
-0.985999, 29, 257, 60, 320
-0.986022, 89, 1, 152, 333
-0.986039, 165, 97, 196, 224
-0.986144, 397, 241, 428, 304
-0.986189, 193, 89, 224, 152
-0.986195, 337, 13, 400, 44
-0.986212, 145, 105, 176, 168
-0.98624, 209, 193, 272, 256
-0.986307, 209, 217, 272, 280
-0.986322, 185, 49, 248, 176
-0.986461, 361, 49, 424, 176
-0.986515, 321, 121, 352, 184
-0.986527, 41, 225, 104, 288
-0.986551, 409, 221, 472, 252
-0.986564, 169, 81, 200, 144
-0.986604, 237, 177, 268, 304
-0.986636, 185, 73, 248, 136
-0.986692, 97, 25, 128, 88
-0.986738, 289, 225, 416, 288
-0.986743, 357, 121, 388, 184
-0.986793, 401, 49, 432, 176
-0.986793, 405, 1, 436, 64
-0.986829, 169, 225, 232, 288
-0.986867, 185, 145, 216, 272
-0.986991, 381, 9, 412, 72
-0.987042, 469, 65, 500, 128
-0.987163, 89, 1, 120, 128
-0.987172, 145, 201, 176, 264
-0.987203, 81, 225, 144, 288
-0.98723, 285, 161, 316, 224
-0.987234, 321, 149, 384, 180
-0.987253, 53, 265, 84, 328
-0.987335, 325, 209, 356, 333
-0.987348, 377, 13, 440, 44
-0.987358, 369, 145, 496, 272
-0.987428, 265, 89, 328, 152
-0.987493, 137, 149, 200, 180
-0.987513, 425, 249, 456, 312
-0.987525, 65, 185, 128, 248
-0.987538, 161, 153, 224, 184
-0.98757, 97, 201, 224, 264
-0.987586, 413, 217, 444, 280
-0.987638, 129, 217, 192, 280
-0.987671, 221, 121, 252, 184
-0.987696, 337, 25, 400, 56
-0.987721, 49, 145, 112, 272
-0.987735, 145, 1, 208, 333
-0.987737, 249, 273, 312, 333
-0.987749, 345, 161, 376, 224
-0.987754, 81, 105, 208, 168
-0.987828, 17, 1, 80, 128
-0.987862, 225, 169, 256, 232
-0.9879, 17, 265, 144, 328
-0.987928, 81, 113, 144, 176
-0.987928, 329, 1, 392, 256
-0.987957, 345, 97, 408, 224
-0.98798, 385, 209, 416, 333
-0.987986, 377, 1, 440, 32
-0.987993, 337, 161, 368, 288
-0.98804, 325, 1, 356, 64
-0.988043, 345, 209, 376, 272
-0.988116, 305, 113, 336, 176
-0.988143, 277, 185, 308, 248
-0.988157, 137, 177, 200, 208
-0.98819, 237, 177, 268, 240
-0.988229, 353, 185, 416, 248
-0.988236, 393, 193, 424, 256
-0.988239, 265, 49, 328, 176
-0.988244, 93, 105, 124, 168
-0.988275, 261, 97, 292, 160
-0.988324, 73, 33, 136, 96
-0.988372, 121, 241, 184, 304
-0.988423, 157, 177, 188, 240
-0.988445, 457, 57, 488, 120
-0.988459, 273, 217, 304, 280
-0.988481, 409, 241, 440, 304
-0.988501, 261, 257, 292, 320
-0.988505, 401, 209, 464, 240
-0.988508, 277, 273, 308, 333
-0.988559, 437, 161, 468, 288
-0.988574, 337, 137, 464, 200
-0.988581, 373, 33, 404, 96
-0.988692, 73, 13, 136, 44
-0.988701, 421, 1, 452, 64
-0.988701, 269, 129, 300, 256
-0.988703, 325, 217, 356, 280
-0.988713, 253, 161, 284, 288
-0.988821, 189, 177, 220, 240
-0.988863, 285, 145, 316, 272
-0.988889, 169, 105, 200, 168
-0.988929, 125, 1, 156, 64
-0.988938, 133, 105, 164, 168
-0.988971, 157, 201, 188, 264
-0.988996, 433, 269, 496, 300
-0.989013, 173, 193, 204, 320
-0.98902, 205, 169, 236, 232
-0.989041, 245, 225, 276, 288
-0.989123, 313, 133, 376, 164
-0.989133, 145, 241, 272, 304
-0.989143, 109, 105, 140, 168
-0.989163, 49, 233, 80, 296
-0.989177, 377, 25, 440, 56
-0.989187, 305, 1, 368, 333
-0.989195, 313, 169, 344, 232
-0.989205, 421, 145, 452, 272
-0.989209, 289, 129, 352, 160
-0.989263, 65, 65, 128, 128
-0.989292, 193, 113, 224, 176
-0.989324, 373, 265, 404, 328
-0.989326, 381, 225, 412, 288
-0.989336, 193, 97, 224, 224
-0.98934, 377, 201, 408, 264
-0.989341, 337, 1, 400, 32
-0.989368, 33, 65, 96, 192
-0.98937, 425, 77, 488, 108
-0.989384, 317, 193, 348, 256
-0.989403, 181, 129, 212, 192
-0.989404, 273, 113, 304, 176
-0.989411, 161, 137, 416, 200
-0.989429, 241, 1, 304, 333
-0.989431, 157, 233, 188, 296
-0.989437, 385, 265, 416, 328
-0.98951, 169, 185, 200, 248
-0.989577, 129, 9, 192, 72
-0.989608, 357, 33, 388, 96
-0.989614, 305, 1, 368, 32
-0.989637, 197, 265, 228, 328
-0.98964, 241, 233, 368, 296
-0.989671, 169, 209, 200, 272
-0.989692, 169, 129, 200, 192
-0.989727, 57, 1, 120, 256
-0.989752, 81, 25, 144, 56
-0.989834, 133, 201, 164, 264
-0.989843, 205, 121, 236, 184
-0.989907, 353, 1, 384, 128
-0.989917, 153, 97, 216, 128
-0.989934, 353, 37, 416, 68
-0.98996, 97, 225, 128, 288
-0.989986, 233, 173, 296, 204
-0.989987, 225, 257, 352, 320
-0.989998, 97, 81, 224, 144
-0.990059, 113, 201, 144, 264
-0.990075, 433, 105, 496, 168
-0.990098, 105, 157, 168, 188
-0.990123, 81, 153, 112, 216
-0.990139, 337, 137, 400, 168
-0.990148, 341, 185, 372, 248
-0.990159, 333, 105, 364, 168
-0.990215, 441, 49, 472, 112
-0.990259, 265, 161, 328, 192
-0.990318, 409, 1, 472, 32
-0.99047, 433, 233, 496, 264
-0.990481, 177, 1, 240, 333
-0.9905, 33, 25, 160, 88
-0.990553, 433, 17, 496, 48
-0.990597, 273, 173, 336, 204
-0.990598, 313, 17, 376, 48
-0.990628, 337, 209, 368, 333
-0.990685, 209, 97, 272, 160
-0.990852, 433, 89, 496, 120
-0.990859, 97, 13, 160, 44
-0.990869, 1, 177, 500, 240
-0.990982, 253, 209, 284, 333
-0.99103, 221, 97, 252, 224
-0.991047, 113, 1, 176, 333
-0.99109, 113, 141, 176, 172
-0.991099, 145, 1, 208, 128
-0.991193, 225, 161, 288, 192
-0.991195, 353, 233, 416, 296
-0.991207, 409, 193, 472, 224
-0.991254, 145, 217, 272, 280
-0.99127, 149, 145, 180, 176
-0.991276, 217, 149, 280, 180
-0.991281, 281, 1, 344, 333
-0.991356, 245, 81, 276, 208
-0.99141, 273, 265, 336, 328
-0.991515, 153, 109, 216, 140
-0.991549, 337, 5, 464, 36
-0.991597, 233, 185, 296, 216
-0.991606, 153, 137, 216, 168
-0.991646, 377, 53, 440, 84
-0.991692, 357, 145, 388, 176
-0.991696, 49, 209, 176, 272
-0.991733, 161, 193, 192, 320
-0.991737, 321, 265, 448, 328
-0.99179, 425, 65, 456, 192
-0.991806, 125, 1, 156, 128
-0.991816, 337, 221, 400, 252
-0.991824, 177, 97, 240, 128
-0.991827, 89, 1, 152, 32
-0.99185, 105, 113, 168, 144
-0.99185, 257, 201, 500, 264
-0.991857, 313, 161, 376, 192
-0.991858, 249, 125, 312, 156
-0.991871, 45, 209, 76, 333
-0.991884, 433, 301, 496, 332
-0.991892, 1, 201, 500, 264
-0.991916, 345, 149, 408, 180
-0.991918, 209, 281, 272, 312
-0.991953, 33, 261, 96, 292
-0.99203, 417, 245, 480, 276
-0.992048, 65, 1, 128, 32
-0.992052, 217, 1, 280, 333
-0.992056, 49, 233, 176, 296
-0.992057, 297, 145, 360, 208
-0.992094, 105, 25, 168, 56
-0.992099, 409, 13, 472, 44
-0.992105, 149, 161, 180, 192
-0.99211, 113, 129, 176, 160
-0.992113, 121, 33, 184, 96
-0.992115, 161, 161, 192, 192
-0.992121, 1, 153, 500, 216
-0.992123, 321, 57, 448, 120
-0.992144, 105, 17, 136, 48
-0.992176, 249, 149, 312, 180
-0.9922, 277, 81, 308, 208
-0.992211, 345, 137, 376, 168
-0.992233, 41, 193, 104, 256
-0.992236, 321, 25, 384, 88
-0.99225, 441, 217, 472, 248
-0.99225, 325, 129, 356, 160
-0.992255, 393, 65, 456, 96
-0.992257, 465, 265, 496, 296
-0.992258, 449, 269, 480, 300
-0.992268, 393, 253, 456, 284
-0.992269, 9, 233, 72, 296
-0.992272, 401, 233, 464, 264
-0.992296, 201, 149, 232, 180
-0.992302, 341, 17, 372, 48
-0.992307, 413, 193, 444, 224
-0.992344, 41, 253, 72, 284
-0.992351, 321, 205, 384, 236
-0.992381, 65, 89, 128, 152
-0.992383, 145, 57, 208, 120
-0.992388, 241, 137, 272, 168
-0.992395, 193, 113, 320, 176
-0.9924, 345, 113, 408, 176
-0.99241, 97, 1, 128, 32
-0.99242, 273, 113, 336, 144
-0.992435, 367, 145, 382, 208
-0.992465, 9, 257, 72, 288
-0.99247, 177, 93, 208, 124
-0.992495, 329, 1, 360, 32
-0.992502, 447, 209, 462, 272
-0.992503, 273, 185, 336, 216
-0.992508, 357, 137, 372, 200
-0.992511, 393, 169, 456, 232
-0.99254, 433, 205, 464, 236
-0.992549, 33, 273, 96, 304
-0.992592, 337, 161, 400, 192
-0.992615, 369, 129, 432, 192
-0.992615, 33, 153, 160, 216
-0.992615, 97, 161, 352, 224
-0.992659, 149, 125, 180, 156
-0.992681, 193, 169, 256, 200
-0.992698, 273, 141, 304, 172
-0.992717, 107, 1, 122, 64
-0.992735, 365, 13, 396, 44
-0.992736, 149, 173, 180, 204
-0.992778, 241, 249, 304, 280
-0.992793, 145, 125, 208, 156
-0.992796, 105, 37, 168, 68
-0.992817, 221, 149, 252, 180
-0.992826, 177, 157, 208, 188
-0.992837, 297, 145, 360, 176
-0.992837, 241, 81, 304, 144
-0.992844, 401, 1, 432, 128
-0.992845, 453, 293, 484, 324
-0.992846, 441, 77, 472, 108
-0.992859, 465, 285, 496, 316
-0.992896, 137, 129, 168, 160
-0.9929, 465, 97, 496, 128
-0.992901, 349, 177, 380, 304
-0.992905, 105, 181, 168, 212
-0.992907, 265, 185, 296, 216
-0.992916, 439, 201, 454, 264
-0.992923, 453, 217, 468, 280
-0.99293, 369, 265, 432, 296
-0.992932, 33, 65, 96, 320
-0.992943, 401, 289, 464, 320
-0.992969, 377, 209, 440, 240
-0.99297, 109, 33, 140, 64
-0.992971, 41, 265, 72, 296
-0.992974, 425, 209, 488, 240
-0.992978, 369, 25, 400, 56
-0.993004, 157, 137, 172, 200
-0.993029, 257, 129, 288, 160
-0.993032, 441, 229, 472, 260
-0.993049, 209, 137, 272, 168
-0.993051, 425, 193, 456, 224
-0.993054, 233, 197, 296, 228
-0.993062, 115, 9, 130, 72
-0.993067, 277, 153, 308, 184
-0.993095, 369, 89, 496, 152
-0.993095, 409, 25, 472, 56
-0.993103, 273, 149, 400, 180
-0.993167, 161, 149, 192, 180
-0.993172, 277, 193, 308, 320
-0.993196, 401, 77, 464, 108
-0.9932, 133, 157, 164, 188
-0.99321, 429, 193, 444, 256
-0.993219, 33, 249, 96, 280
-0.993221, 421, 65, 452, 96
-0.993228, 213, 285, 244, 316
-0.993255, 161, 149, 288, 180
-0.993259, 365, 1, 396, 128
-0.99327, 441, 21, 472, 52
-0.993273, 369, 161, 432, 192
-0.993276, 353, 217, 480, 248
-0.993277, 449, 281, 480, 312
-0.99328, 473, 265, 488, 328
-0.99328, 465, 13, 496, 44
-0.993296, 37, 285, 68, 316
-0.993299, 449, 241, 480, 272
-0.993337, 85, 1, 116, 32
-0.993339, 453, 85, 484, 116
-0.993339, 189, 93, 220, 124
-0.993341, 257, 169, 288, 200
-0.99335, 153, 113, 184, 144
-0.993354, 97, 169, 160, 200
-0.99336, 137, 181, 168, 212
-0.993367, 329, 193, 360, 224
-0.993395, 405, 57, 436, 88
-0.993398, 345, 149, 376, 180
-0.993403, 481, 73, 496, 136
-0.993406, 257, 145, 500, 208
-0.99341, 169, 165, 232, 196
-0.993412, 289, 1, 352, 64
-0.993413, 353, 25, 384, 56
-0.993428, 401, 193, 432, 224
-0.99343, 337, 201, 464, 232
-0.993434, 73, 137, 136, 200
-0.993434, 225, 1, 480, 64
-0.993443, 373, 161, 404, 192
-0.993456, 105, 101, 168, 132
-0.993458, 421, 9, 452, 40
-0.993471, 409, 277, 472, 308
-0.993473, 129, 189, 192, 220
-0.993477, 357, 157, 388, 188
-0.993487, 157, 113, 172, 176
-0.993518, 73, 249, 136, 312
-0.993533, 49, 1, 112, 64
-0.993533, 393, 45, 424, 76
-0.99354, 289, 185, 416, 248
-0.993542, 433, 281, 496, 312
-0.993548, 217, 273, 248, 304
-0.993555, 457, 73, 488, 104
-0.993555, 273, 197, 336, 228
-0.993564, 333, 141, 364, 172
-0.993567, 29, 253, 60, 284
-0.993573, 341, 5, 372, 36
-0.993577, 237, 149, 268, 180
-0.993581, 305, 233, 368, 296
-0.99359, 461, 233, 492, 264
-0.993608, 169, 265, 232, 296
-0.993609, 381, 37, 412, 68
-0.993615, 429, 225, 460, 256
-0.993617, 421, 205, 452, 236
-0.993626, 433, 61, 496, 92
-0.993628, 177, 109, 240, 140
-0.993629, 65, 1, 128, 333
-0.993629, 333, 205, 364, 236
-0.993636, 189, 89, 204, 152
-0.993639, 129, 169, 256, 200
-0.993641, 125, 113, 156, 240
-0.993654, 453, 17, 484, 48
-0.993661, 189, 149, 220, 180
-0.993661, 29, 273, 60, 304
-0.993673, 105, 205, 168, 236
-0.993679, 129, 113, 384, 176
-0.993689, 469, 85, 500, 116
-0.993691, 45, 249, 60, 312
-0.993693, 97, 33, 128, 64
-0.993712, 185, 109, 216, 140
-0.993714, 265, 197, 296, 228
-0.993724, 425, 29, 456, 60
-0.993731, 169, 105, 200, 136
-0.993732, 197, 105, 228, 136
-0.993733, 265, 233, 328, 296
-0.993739, 85, 13, 116, 44
-0.99374, 309, 117, 340, 148
-0.993749, 105, 193, 168, 224
-0.99376, 125, 29, 156, 60
-0.993764, 433, 221, 496, 252
-0.993768, 361, 169, 392, 200
-0.993769, 265, 245, 296, 276
-0.993776, 353, 213, 384, 244
-0.993783, 53, 273, 84, 304
-0.993786, 265, 137, 328, 168
-0.993795, 193, 177, 448, 240
-0.993802, 209, 181, 272, 212
-0.993812, 441, 297, 472, 328
-0.993819, 245, 177, 276, 208
-0.993821, 385, 221, 448, 252
-0.993821, 121, 17, 136, 80
-0.993845, 225, 33, 480, 96
-0.993852, 337, 17, 464, 48
-0.993858, 349, 129, 364, 192
-0.993877, 469, 109, 500, 140
-0.993878, 433, 101, 496, 132
-0.993884, 1, 277, 64, 308
-0.993907, 293, 157, 324, 188
-0.993912, 345, 209, 408, 240
-0.993914, 25, 33, 88, 96
-0.993937, 343, 1, 358, 64
-0.993938, 109, 105, 140, 136
-0.993939, 401, 301, 464, 332
-0.993942, 137, 145, 168, 176
-0.993956, 201, 269, 264, 300
-0.993963, 165, 93, 196, 124
-0.993964, 257, 225, 500, 288
-0.993971, 241, 49, 304, 176
-0.993979, 217, 137, 248, 168
-0.993983, 329, 117, 360, 148
-0.993984, 151, 129, 166, 192
-0.993987, 369, 237, 432, 268
-0.993988, 85, 145, 116, 272
-0.993998, 417, 217, 448, 248
-0.994009, 373, 153, 388, 216
-0.994018, 269, 173, 300, 204
-0.994026, 177, 285, 240, 316
-0.994028, 317, 161, 348, 288
-0.994035, 237, 161, 268, 192
-0.994049, 313, 193, 376, 224
-0.994056, 151, 153, 166, 216
-0.994057, 405, 13, 436, 44
-0.994062, 261, 233, 292, 264
-0.994073, 345, 201, 376, 232
-0.994073, 409, 205, 440, 236
-0.99408, 97, 113, 128, 144
-0.99408, 253, 189, 284, 220
-0.99409, 333, 293, 364, 324
-0.994098, 281, 165, 312, 196
-0.994113, 309, 173, 340, 204
-0.994117, 1, 297, 64, 328
-0.994118, 201, 281, 232, 312
-0.994119, 405, 1, 436, 32
-0.994119, 437, 273, 468, 304
-0.99412, 257, 157, 288, 188
-0.994131, 365, 1, 396, 32
-0.994139, 225, 161, 256, 192
-0.994146, 313, 129, 344, 160
-0.994161, 269, 293, 300, 324
-0.994169, 257, 133, 384, 164
-0.994183, 437, 285, 468, 316
-0.994196, 269, 129, 300, 160
-0.994199, 261, 141, 292, 172
-0.994203, 163, 145, 178, 208
-0.994205, 437, 241, 468, 272
-0.994212, 413, 253, 444, 284
-0.994213, 453, 221, 484, 252
-0.994233, 281, 301, 344, 332
-0.994237, 345, 161, 376, 192
-0.994241, 185, 169, 216, 200
-0.994247, 125, 189, 156, 220
-0.994248, 157, 249, 188, 280
-0.99425, 241, 257, 272, 288
-0.994273, 101, 1, 116, 64
-0.994301, 145, 85, 208, 116
-0.99434, 459, 241, 474, 304
-0.994462, 467, 265, 482, 328
-0.994476, 153, 237, 216, 268
-0.994513, 81, 261, 144, 292
-0.994522, 1, 209, 128, 333
-0.994528, 289, 1, 416, 32
-0.994538, 237, 145, 252, 208
-0.994572, 57, 97, 120, 224
-0.994577, 209, 97, 240, 224
-0.994627, 289, 17, 416, 48
-0.994638, 217, 145, 232, 208
-0.994663, 225, 261, 288, 292
-0.994668, 447, 233, 462, 296
-0.99468, 81, 149, 208, 180
-0.994688, 427, 25, 442, 88
-0.994689, 329, 233, 392, 264
-0.994705, 453, 241, 468, 304
-0.994717, 193, 137, 320, 168
-0.994729, 417, 113, 480, 240
-0.994751, 121, 249, 184, 280
-0.994768, 433, 257, 496, 288
-0.994769, 145, 249, 208, 280
-0.994785, 329, 285, 392, 316
-0.994801, 49, 1, 112, 128
-0.994806, 297, 217, 360, 248
-0.994817, 249, 101, 312, 132
-0.994869, 97, 185, 352, 248
-0.994878, 41, 73, 104, 136
-0.994884, 321, 121, 384, 152
-0.994916, 345, 193, 408, 224
-0.994923, 203, 145, 218, 208
-0.994926, 421, 185, 436, 248
-0.994926, 169, 177, 232, 208
-0.994929, 81, 197, 144, 228
-0.994933, 145, 177, 160, 240
-0.994949, 361, 225, 424, 256
-0.994981, 369, 29, 496, 60
-0.994982, 377, 185, 440, 216
-0.994986, 357, 17, 372, 80
-0.995005, 241, 121, 368, 152
-0.995007, 279, 177, 294, 240
-0.995015, 81, 181, 144, 212
-0.995045, 349, 9, 364, 72
-0.995049, 353, 277, 416, 308
-0.995058, 301, 97, 332, 224
-0.995095, 441, 225, 456, 288
-0.995102, 41, 1, 104, 333
-0.995137, 161, 265, 288, 328
-0.99514, 243, 137, 258, 200
-0.995143, 145, 113, 272, 144
-0.995165, 129, 105, 192, 168
-0.995172, 211, 145, 226, 208
-0.995194, 475, 81, 490, 144
-0.9952, 105, 177, 136, 304
-0.995241, 1, 33, 500, 96
-0.995253, 229, 153, 244, 216
-0.995264, 137, 65, 168, 192
-0.995307, 169, 153, 184, 216
-0.995308, 369, 229, 496, 260
-0.995327, 435, 65, 450, 128
-0.995352, 423, 57, 438, 120
-0.995359, 157, 161, 172, 224
-0.995359, 461, 273, 476, 333
-0.995366, 49, 65, 176, 128
-0.995397, 447, 73, 462, 136
-0.995401, 65, 137, 320, 200
-0.995424, 1, 177, 128, 240
-0.995429, 223, 145, 238, 208
-0.995436, 457, 81, 472, 144
-0.995446, 177, 173, 304, 204
-0.995481, 145, 33, 208, 96
-0.995536, 201, 209, 232, 333
-0.995585, 195, 89, 210, 152
-0.995595, 435, 25, 450, 88
-0.995602, 49, 153, 112, 216
-0.995603, 115, 33, 130, 96
-0.995606, 409, 49, 424, 112
-0.995608, 433, 217, 448, 280
-0.995628, 369, 269, 496, 300
-0.995631, 209, 73, 272, 136
-0.995639, 261, 65, 292, 192
-0.995675, 17, 9, 144, 40
-0.995676, 45, 273, 60, 333
-0.995687, 9, 49, 72, 176
-0.995696, 471, 9, 486, 72
-0.99571, 113, 181, 240, 212
-0.995713, 249, 129, 264, 192
-0.995729, 465, 89, 480, 152
-0.995759, 329, 273, 392, 333
-0.995764, 391, 33, 406, 96
-0.995785, 369, 73, 496, 104
-0.995791, 257, 65, 500, 128
-0.995792, 193, 113, 208, 176
-0.995799, 397, 41, 412, 104
-0.995829, 25, 209, 56, 333
-0.99583, 257, 161, 384, 192
-0.995856, 289, 97, 320, 224
-0.995896, 9, 1, 72, 256
-0.995905, 161, 185, 288, 216
-0.995912, 453, 265, 468, 328
-0.995927, 163, 121, 178, 184
-0.995932, 109, 25, 124, 88
-0.99594, 49, 161, 176, 192
-0.995971, 165, 33, 196, 160
-0.995971, 441, 65, 456, 128
-0.995977, 445, 17, 460, 80
-0.995986, 1, 57, 128, 120
-0.996016, 1, 81, 128, 144
-0.996016, 379, 153, 394, 216
-0.99602, 129, 125, 256, 156
-0.996024, 279, 129, 294, 192
-0.996043, 353, 281, 480, 312
-0.996049, 49, 177, 176, 208
-0.996071, 161, 101, 288, 132
-0.996073, 479, 265, 494, 328
-0.99609, 65, 241, 320, 304
-0.996091, 1, 1, 64, 333
-0.996127, 193, 161, 320, 192
-0.996127, 383, 9, 398, 72
-0.996149, 9, 161, 72, 288
-0.996156, 175, 161, 190, 224
-0.996169, 373, 209, 404, 333
-0.996172, 329, 1, 360, 128
-0.996231, 181, 153, 196, 216
-0.996233, 363, 25, 378, 88
-0.996256, 241, 177, 368, 208
-0.996283, 361, 161, 376, 224
-0.99629, 321, 29, 448, 60
-0.996298, 459, 217, 474, 280
-0.996298, 477, 9, 492, 72
-0.996305, 327, 121, 342, 184
-0.996317, 183, 89, 198, 152
-0.996325, 461, 1, 492, 256
-0.996334, 273, 169, 288, 232
-0.996336, 429, 57, 444, 120
-0.99634, 151, 105, 166, 168
-0.996345, 305, 45, 432, 76
-0.996385, 417, 57, 432, 120
-0.996392, 287, 145, 302, 208
-0.996396, 305, 97, 368, 160
-0.996398, 333, 65, 364, 192
-0.996414, 483, 9, 498, 72
-0.996416, 257, 121, 272, 184
-0.996433, 321, 189, 448, 220
-0.996433, 1, 129, 500, 192
-0.996438, 151, 177, 166, 240
-0.99644, 177, 65, 304, 128
-0.996441, 465, 9, 480, 72
-0.996457, 1, 169, 256, 232
-0.996461, 335, 201, 350, 264
-0.996463, 197, 145, 212, 208
-0.996487, 113, 101, 240, 132
-0.996492, 421, 25, 436, 88
-0.996499, 189, 93, 204, 124
-0.996549, 81, 17, 208, 48
-0.996566, 455, 9, 470, 72
-0.996576, 273, 129, 288, 192
-0.996584, 33, 105, 288, 168
-0.996589, 367, 169, 382, 232
-0.996596, 139, 185, 154, 248
-0.99662, 469, 265, 484, 296
-0.996636, 485, 113, 500, 176
-0.996643, 145, 121, 160, 184
-0.996649, 369, 297, 496, 328
-0.996655, 403, 41, 418, 104
-0.996656, 449, 33, 480, 288
-0.996677, 351, 153, 366, 216
-0.996701, 209, 149, 336, 180
-0.996705, 353, 257, 480, 288
-0.996712, 241, 189, 368, 220
-0.996735, 321, 57, 448, 88
-0.996757, 127, 25, 142, 88
-0.996771, 111, 105, 126, 168
-0.996775, 153, 65, 184, 320
-0.996778, 145, 153, 160, 216
-0.996783, 447, 273, 462, 333
-0.996793, 423, 209, 438, 272
-0.996795, 361, 97, 392, 224
-0.996831, 49, 261, 176, 292
-0.996852, 415, 193, 430, 256
-0.996859, 337, 1, 352, 64
-0.996906, 343, 129, 358, 192
-0.996912, 349, 137, 364, 168
-0.99692, 157, 145, 172, 176
-0.996926, 163, 169, 178, 232
-0.996945, 45, 253, 60, 284
-0.996947, 405, 33, 436, 288
-0.996956, 257, 177, 272, 240
-0.996958, 263, 121, 278, 184
-0.996973, 465, 233, 480, 296
-0.996988, 121, 41, 136, 104
-0.996991, 49, 189, 176, 220
-0.996997, 101, 1, 116, 32
-0.996997, 113, 129, 144, 256
-0.997001, 33, 217, 288, 280
-0.997037, 169, 129, 184, 192
-0.997077, 97, 249, 224, 312
-0.997077, 51, 249, 66, 312
-0.99708, 259, 241, 274, 304
-0.997099, 1, 1, 64, 64
-0.997106, 221, 273, 236, 333
-0.997109, 381, 1, 412, 256
-0.997113, 97, 97, 128, 224
-0.997121, 129, 89, 384, 152
-0.997125, 371, 153, 386, 184
-0.997144, 275, 209, 290, 272
-0.997145, 321, 145, 448, 176
-0.997147, 405, 241, 420, 304
-0.997152, 257, 205, 384, 236
-0.997156, 469, 65, 484, 128
-0.997178, 113, 193, 240, 224
-0.997191, 351, 13, 366, 44
-0.997216, 281, 201, 296, 264
-0.997228, 453, 293, 468, 324
-0.99723, 341, 1, 356, 32
-0.997252, 145, 137, 272, 168
-0.997258, 257, 65, 288, 320
-0.997259, 421, 1, 452, 256
-0.997265, 251, 169, 266, 232
-0.997276, 33, 21, 160, 52
-0.99729, 39, 257, 54, 320
-0.997296, 305, 217, 432, 248
-0.997304, 433, 1, 464, 256
-0.997309, 257, 257, 500, 320
-0.997328, 365, 149, 380, 180
-0.997337, 359, 21, 374, 52
-0.997349, 357, 141, 372, 172
-0.997353, 427, 193, 442, 224
-0.997357, 265, 185, 280, 248
-0.997358, 305, 229, 432, 260
-0.997358, 137, 209, 168, 333
-0.997367, 169, 233, 184, 296
-0.99737, 455, 221, 470, 252
-0.997371, 43, 273, 58, 304
-0.997373, 107, 5, 122, 36
-0.997374, 177, 89, 304, 120
-0.997375, 145, 249, 272, 280
-0.997377, 95, 1, 110, 64
-0.997382, 145, 265, 208, 328
-0.997398, 421, 189, 436, 220
-0.997399, 231, 129, 246, 192
-0.9974, 1, 1, 500, 64
-0.997416, 279, 153, 294, 216
-0.997419, 369, 61, 496, 92
-0.997422, 121, 21, 136, 52
-0.997438, 1, 225, 500, 288
-0.997441, 153, 161, 168, 192
-0.997457, 245, 161, 260, 224
-0.997457, 435, 201, 450, 232
-0.997479, 235, 169, 250, 232
-0.997485, 349, 81, 380, 208
-0.997503, 151, 121, 166, 152
-0.997513, 245, 65, 276, 320
-0.997517, 261, 145, 276, 208
-0.997525, 393, 1, 424, 256
-0.997528, 97, 57, 224, 120
-0.997532, 305, 169, 432, 200
-0.99755, 81, 1, 208, 32
-0.997556, 443, 209, 458, 240
-0.997568, 45, 285, 60, 316
-0.997573, 97, 89, 224, 120
-0.99758, 201, 105, 216, 168
-0.997581, 81, 113, 208, 144
-0.997589, 341, 201, 356, 264
-0.997602, 377, 113, 408, 240
-0.997602, 225, 109, 352, 140
-0.997603, 81, 29, 208, 60
-0.997604, 17, 273, 144, 304
-0.997607, 381, 1, 412, 16
-0.997615, 353, 33, 384, 48
-0.997617, 345, 1, 376, 256
-0.997623, 289, 1, 352, 128
-0.997628, 165, 169, 196, 184
-0.997645, 337, 113, 464, 176
-0.997648, 297, 169, 328, 184
-0.997649, 169, 157, 184, 188
-0.99765, 29, 283, 60, 298
-0.997651, 93, 209, 124, 333
-0.997655, 485, 113, 500, 144
-0.997656, 153, 119, 184, 134
-0.997663, 421, 31, 452, 46
-0.997665, 257, 217, 384, 248
-0.997665, 117, 41, 148, 56
-0.997668, 29, 255, 60, 270
-0.997672, 273, 29, 400, 60
-0.997673, 129, 265, 256, 296
-0.997691, 397, 145, 428, 272
-0.997694, 225, 209, 256, 333
-0.997697, 433, 237, 464, 252
-0.997697, 369, 241, 496, 272
-0.997698, 109, 107, 140, 122
-0.997711, 231, 153, 246, 184
-0.997712, 337, 157, 464, 188
-0.997712, 149, 173, 164, 204
-0.997713, 185, 109, 216, 124
-0.997715, 221, 159, 252, 174
-0.997717, 269, 195, 300, 210
-0.997728, 137, 165, 168, 180
-0.997733, 257, 287, 288, 302
-0.997736, 327, 125, 342, 156
-0.997741, 385, 47, 416, 62
-0.997745, 149, 149, 164, 180
-0.997746, 243, 137, 258, 168
-0.997747, 285, 159, 316, 174
-0.997747, 137, 139, 168, 154
-0.997754, 225, 113, 480, 176
-0.997761, 115, 13, 130, 44
-0.997763, 201, 283, 232, 298
-0.997763, 217, 149, 232, 180
-0.997764, 101, 1, 132, 256
-0.997766, 175, 161, 190, 192
-0.997772, 257, 171, 288, 186
-0.997778, 469, 115, 500, 130
-0.997779, 283, 141, 298, 172
-0.997779, 163, 157, 178, 188
-0.997782, 203, 149, 218, 180
-0.997788, 219, 281, 234, 312
-0.997791, 125, 177, 156, 304
-0.997791, 309, 123, 340, 138
-0.997797, 269, 293, 300, 308
-0.997799, 321, 293, 448, 324
-0.9978, 449, 213, 464, 244
-0.997802, 415, 193, 430, 224
-0.997808, 273, 301, 400, 332
-0.997812, 269, 201, 300, 216
-0.997816, 193, 289, 320, 320
-0.997823, 169, 107, 200, 122
-0.997824, 377, 165, 408, 180
-0.997829, 133, 153, 164, 168
-0.997829, 149, 131, 180, 146
-0.997839, 333, 151, 364, 166
-0.997847, 361, 169, 392, 184
-0.997849, 461, 237, 492, 252
-0.997853, 345, 13, 376, 28
-0.997853, 449, 307, 480, 322
-0.997858, 469, 281, 500, 296
-0.99786, 453, 289, 484, 304
-0.997862, 465, 97, 496, 112
-0.997862, 89, 81, 152, 144
-0.99787, 85, 3, 116, 18
-0.99787, 33, 1, 288, 64
-0.997872, 109, 15, 140, 30
-0.997877, 443, 229, 458, 260
-0.997886, 345, 163, 376, 178
-0.997902, 333, 1, 364, 256
-0.997902, 427, 17, 442, 144
-0.997904, 99, 13, 114, 44
-0.997907, 469, 289, 484, 320
-0.997909, 475, 265, 490, 296
-0.997913, 157, 113, 172, 144
-0.997915, 157, 133, 172, 164
-0.997917, 473, 97, 488, 128
-0.997917, 447, 77, 462, 108
-0.997923, 121, 57, 184, 120
-0.997928, 397, 197, 428, 212
-0.997933, 481, 265, 496, 296
-0.997935, 325, 127, 356, 142
-0.997939, 461, 273, 476, 304
-0.997941, 163, 145, 178, 176
-0.997943, 237, 151, 268, 166
-0.997945, 437, 69, 452, 100
-0.997945, 453, 81, 468, 112
-0.997954, 17, 65, 80, 128
-0.997962, 197, 109, 228, 124
-0.997967, 141, 183, 172, 198
-0.997973, 151, 137, 166, 168
-0.997974, 377, 41, 408, 56
-0.997983, 461, 89, 476, 120
-0.997984, 469, 273, 500, 288
-0.997986, 223, 149, 238, 180
-0.997986, 193, 197, 320, 228
-0.997999, 379, 161, 394, 192
-0.998002, 137, 129, 168, 144
-0.998004, 181, 157, 196, 188
-0.998006, 479, 93, 494, 124
-0.998013, 449, 21, 464, 52
-0.998015, 237, 145, 252, 176
-0.998015, 337, 129, 352, 160
-0.99802, 417, 65, 448, 80
-0.99802, 433, 17, 448, 144
-0.998025, 431, 65, 446, 96
-0.998036, 349, 149, 364, 180
-0.998037, 395, 41, 410, 72
-0.998038, 401, 57, 432, 72
-0.99804, 143, 181, 158, 212
-0.998041, 97, 33, 128, 48
-0.998043, 345, 13, 360, 44
-0.998046, 113, 33, 128, 64
-0.998047, 209, 149, 224, 180
-0.998052, 473, 13, 488, 44
-0.998058, 369, 177, 496, 240
-0.99806, 453, 241, 468, 272
-0.998062, 37, 261, 68, 276
-0.998062, 97, 1, 128, 16
-0.998066, 65, 177, 96, 304
-0.998073, 441, 17, 456, 144
-0.998075, 53, 271, 84, 286
-0.998079, 165, 65, 196, 320
-0.998089, 365, 19, 396, 34
-0.998093, 29, 275, 60, 290
-0.998094, 415, 57, 430, 88
-0.998094, 221, 147, 252, 162
-0.998096, 425, 61, 440, 92
-0.998098, 445, 277, 476, 292
-0.9981, 261, 181, 292, 196
-0.998102, 251, 133, 266, 164
-0.998103, 149, 125, 180, 140
-0.998103, 369, 1, 400, 256
-0.998106, 277, 139, 308, 154
-0.998108, 121, 37, 136, 68
-0.998111, 209, 257, 336, 288
-0.998112, 355, 157, 370, 188
-0.998116, 237, 157, 252, 188
-0.998118, 49, 273, 64, 304
-0.998119, 481, 73, 496, 104
-0.998128, 1, 265, 256, 328
-0.998128, 57, 113, 120, 176
-0.998128, 433, 217, 448, 248
-0.99813, 279, 189, 294, 220
-0.998134, 445, 301, 476, 316
-0.998136, 439, 193, 454, 320
-0.998136, 463, 289, 478, 320
-0.998139, 153, 113, 168, 240
-0.998141, 461, 17, 476, 48
-0.998141, 241, 5, 368, 36
-0.998146, 193, 233, 320, 296
-0.998149, 213, 281, 228, 312
-0.99815, 449, 241, 480, 256
-0.99815, 425, 17, 440, 48
-0.998154, 363, 165, 378, 196
-0.99816, 409, 53, 424, 84
-0.998163, 195, 93, 210, 124
-0.998165, 389, 33, 404, 64
-0.998165, 137, 159, 168, 174
-0.998166, 209, 33, 272, 160
-0.998172, 437, 25, 468, 40
-0.998179, 213, 289, 244, 304
-0.998181, 367, 29, 382, 60
-0.998184, 427, 209, 442, 240
-0.998198, 401, 49, 416, 80
-0.998205, 345, 137, 376, 152
-0.998205, 347, 1, 362, 32
-0.998208, 453, 1, 468, 128
-0.998212, 437, 81, 468, 96
-0.998226, 313, 129, 344, 144
-0.998241, 113, 1, 144, 256
-0.998242, 445, 89, 476, 104
-0.998243, 37, 273, 52, 304
-0.998243, 471, 81, 486, 112
-0.998244, 369, 41, 496, 72
-0.99825, 459, 237, 474, 268
-0.99825, 225, 301, 352, 332
-0.998251, 439, 25, 454, 56
-0.998255, 221, 277, 252, 292
-0.998259, 289, 141, 304, 172
-0.99826, 461, 301, 476, 332
-0.998263, 277, 177, 292, 208
-0.998264, 467, 93, 482, 124
-0.998273, 291, 153, 306, 184
-0.998279, 343, 137, 358, 168
-0.998279, 257, 289, 384, 320
-0.99828, 107, 29, 122, 60
-0.998281, 199, 105, 214, 136
-0.998281, 475, 281, 490, 312
-0.998282, 113, 105, 128, 136
-0.998284, 429, 75, 460, 90
-0.998285, 379, 13, 394, 44
-0.998286, 453, 209, 468, 333
-0.998287, 457, 81, 488, 96
-0.998293, 81, 137, 208, 168
-0.998296, 145, 237, 272, 268
-0.998298, 277, 133, 292, 164
-0.998301, 445, 193, 460, 320
-0.998305, 335, 1, 350, 32
-0.99831, 333, 139, 364, 154
-0.998312, 141, 65, 172, 320
-0.998316, 265, 189, 296, 204
-0.998317, 465, 287, 496, 302
-0.998317, 321, 117, 336, 148
-0.998318, 193, 153, 224, 168
-0.998324, 429, 29, 444, 60
-0.998325, 89, 1, 120, 256
-0.998325, 183, 93, 198, 124
-0.998329, 369, 169, 384, 200
-0.998332, 257, 133, 272, 164
-0.998333, 65, 201, 192, 232
-0.998339, 1, 57, 500, 120
-0.998344, 479, 13, 494, 44
-0.998345, 269, 65, 300, 320
-0.998352, 197, 149, 212, 180
-0.998352, 149, 175, 180, 190
-0.998353, 217, 293, 232, 324
-0.99836, 465, 233, 480, 264
-0.998366, 165, 153, 196, 168
-0.998366, 193, 113, 208, 144
-0.998369, 467, 13, 482, 44
-0.99838, 1, 257, 128, 288
-0.998386, 41, 283, 72, 298
-0.998387, 55, 269, 70, 300
-0.998388, 225, 81, 352, 144
-0.998391, 233, 137, 296, 152
-0.998401, 33, 105, 160, 168
-0.998403, 145, 133, 160, 164
-0.998405, 485, 9, 500, 40
-0.998405, 383, 25, 398, 56
-0.998406, 337, 17, 400, 32
-0.998407, 385, 199, 448, 214
-0.99841, 447, 17, 462, 144
-0.998413, 193, 151, 256, 166
-0.998415, 417, 9, 432, 40
-0.99842, 41, 255, 72, 270
-0.998424, 345, 27, 408, 42
-0.998427, 377, 21, 440, 36
-0.998427, 51, 253, 66, 284
-0.998431, 369, 3, 432, 18
-0.998431, 329, 157, 392, 172
-0.998434, 337, 1, 400, 16
-0.998435, 153, 163, 216, 178
-0.998438, 369, 9, 432, 24
-0.998441, 137, 153, 200, 168
-0.998443, 127, 29, 142, 60
-0.998444, 377, 27, 440, 42
-0.998445, 353, 25, 368, 56
-0.998446, 161, 277, 288, 308
-0.998446, 361, 161, 392, 176
-0.998446, 177, 159, 208, 174
-0.998447, 233, 65, 264, 320
-0.998448, 337, 7, 400, 22
-0.998449, 187, 105, 202, 136
-0.998458, 377, 15, 440, 30
-0.998462, 421, 201, 452, 216
-0.998462, 41, 267, 72, 282
-0.998462, 433, 273, 496, 288
-0.998462, 161, 145, 176, 272
-0.998465, 145, 169, 208, 184
-0.998467, 137, 177, 200, 192
-0.998468, 357, 65, 388, 320
-0.998471, 313, 143, 376, 158
-0.998473, 409, 221, 472, 236
-0.998473, 217, 153, 248, 168
-0.998473, 117, 1, 132, 128
-0.998473, 337, 149, 400, 164
-0.998474, 425, 21, 456, 36
-0.998476, 161, 157, 224, 172
-0.998478, 145, 147, 208, 162
-0.998481, 233, 143, 296, 158
-0.998481, 457, 277, 488, 292
-0.998482, 477, 1, 492, 128
-0.998484, 421, 177, 436, 304
-0.99849, 345, 37, 408, 52
-0.99849, 305, 241, 432, 272
-0.998491, 153, 99, 216, 114
-0.998492, 369, 189, 496, 220
-0.998494, 457, 91, 488, 106
-0.998496, 409, 231, 472, 246
-0.998497, 385, 205, 448, 220
-0.998499, 121, 159, 184, 174
-0.998501, 257, 229, 384, 260
-0.998501, 409, 15, 472, 30
-0.998502, 449, 21, 480, 36
-0.998503, 97, 25, 160, 40
-0.998503, 401, 213, 464, 228
-0.998511, 433, 85, 496, 100
-0.998513, 81, 31, 144, 46
-0.998516, 73, 15, 136, 30
-0.998517, 209, 281, 272, 296
-0.998518, 433, 91, 496, 106
-0.99852, 33, 273, 96, 288
-0.99852, 1, 193, 256, 256
-0.99852, 313, 23, 376, 38
-0.998524, 225, 149, 288, 164
-0.998524, 449, 283, 480, 298
-0.998525, 459, 1, 474, 128
-0.998525, 359, 129, 374, 256
-0.998527, 345, 27, 376, 42
-0.998527, 167, 145, 182, 272
-0.998528, 297, 135, 360, 150
-0.998529, 97, 19, 160, 34
-0.998529, 233, 181, 296, 196
-0.998531, 313, 149, 376, 164
-0.998533, 409, 9, 472, 24
-0.998533, 137, 183, 200, 198
-0.998534, 417, 23, 480, 38
-0.998535, 377, 193, 440, 208
-0.998535, 297, 1, 360, 16
-0.998536, 433, 79, 496, 94
-0.998538, 417, 237, 480, 252
-0.998539, 445, 233, 476, 248
-0.99854, 433, 267, 496, 282
-0.99854, 177, 97, 240, 112
-0.998541, 353, 165, 416, 180
-0.998542, 409, 205, 472, 220
-0.998545, 105, 31, 168, 46
-0.998545, 177, 107, 240, 122
-0.998545, 337, 141, 400, 156
-0.998546, 353, 157, 416, 172
-0.998546, 289, 129, 352, 144
-0.998546, 233, 175, 296, 190
-0.998547, 185, 157, 248, 172
-0.998549, 273, 175, 336, 190
-0.998549, 33, 261, 96, 276
-0.998551, 329, 163, 392, 178
-0.998551, 105, 37, 168, 52
-0.998551, 113, 165, 176, 180
-0.998552, 65, 9, 128, 24
-0.998553, 433, 231, 496, 246
-0.998553, 97, 13, 160, 28
-0.998553, 225, 165, 288, 180
-0.998553, 265, 169, 328, 184
-0.998556, 265, 163, 328, 178
-0.998557, 113, 153, 176, 168
-0.998557, 49, 267, 112, 282
-0.998558, 409, 195, 472, 210
-0.998558, 417, 279, 480, 294
-0.998558, 385, 219, 448, 234
-0.99856, 249, 131, 312, 146
-0.99856, 329, 229, 392, 244
-0.998561, 153, 105, 216, 120
-0.998561, 425, 215, 488, 230
-0.998562, 305, 11, 368, 26
-0.998563, 121, 147, 184, 162
-0.998563, 321, 219, 384, 234
-0.998565, 377, 33, 440, 48
-0.998566, 89, 5, 152, 20
-0.998566, 97, 175, 160, 190
-0.998567, 185, 103, 216, 118
-0.998569, 81, 265, 144, 280
-0.99857, 409, 85, 472, 100
-0.998571, 305, 155, 368, 170
-0.998571, 433, 71, 496, 86
-0.998572, 431, 193, 446, 320
-0.998573, 409, 29, 472, 44
-0.998573, 241, 187, 304, 202
-0.998573, 353, 47, 416, 62
-0.998574, 433, 225, 496, 240
-0.998575, 433, 303, 496, 318
-0.998575, 273, 147, 304, 162
-0.998577, 265, 139, 328, 154
-0.998577, 217, 155, 280, 170
-0.998577, 401, 77, 464, 92
-0.998577, 169, 151, 232, 166
-0.998578, 257, 157, 320, 172
-0.998579, 409, 299, 472, 314
-0.998579, 313, 129, 376, 144
-0.998579, 73, 25, 136, 40
-0.99858, 361, 53, 424, 68
-0.99858, 281, 123, 344, 138
-0.998581, 393, 71, 456, 86
-0.998581, 313, 17, 376, 32
-0.998582, 273, 183, 336, 198
-0.998583, 113, 205, 240, 236
-0.998586, 33, 255, 96, 270
-0.998586, 377, 63, 440, 78
-0.998586, 177, 271, 240, 286
-0.998587, 169, 169, 232, 184
-0.998587, 9, 265, 72, 280
-0.998588, 137, 127, 200, 142
-0.998588, 193, 167, 256, 182
-0.998589, 479, 65, 494, 192
-0.99859, 409, 1, 472, 16
-0.99859, 241, 193, 304, 208
-0.99859, 105, 109, 168, 124
-0.998591, 9, 285, 72, 300
-0.998593, 81, 37, 144, 52
-0.998594, 353, 85, 480, 116
-0.998594, 273, 197, 336, 212
-0.998596, 321, 213, 384, 228
-0.998596, 153, 111, 216, 126
-0.998596, 377, 211, 440, 226
-0.998596, 217, 287, 280, 302
-0.998597, 401, 305, 464, 320
-0.998598, 113, 131, 176, 146
-0.998598, 241, 251, 304, 266
-0.998601, 425, 207, 456, 222
-0.998615, 471, 1, 486, 128
-0.998627, 175, 145, 190, 272
-0.998634, 265, 139, 296, 154
-0.99864, 483, 1, 498, 128
-0.998643, 485, 65, 500, 192
-0.998655, 369, 101, 496, 132
-0.998664, 97, 249, 160, 312
-0.998669, 177, 65, 208, 320
-0.998677, 449, 271, 480, 286
-0.998677, 369, 25, 400, 40
-0.998693, 65, 213, 192, 244
-0.998694, 129, 209, 384, 272
-0.998697, 433, 213, 464, 228
-0.998707, 57, 273, 120, 333
-0.998711, 225, 241, 352, 272
-0.998723, 469, 15, 500, 30
-0.998733, 333, 11, 364, 26
-0.998735, 149, 161, 164, 288
-0.998753, 1, 65, 256, 128
-0.998755, 97, 253, 224, 284
-0.998768, 445, 227, 476, 242
-0.998769, 241, 141, 272, 156
-0.99878, 367, 145, 382, 272
-0.998781, 325, 1, 356, 16
-0.998791, 243, 129, 258, 256
-0.998792, 197, 49, 228, 176
-0.998793, 129, 65, 160, 320
-0.998799, 9, 209, 72, 272
-0.998806, 449, 295, 480, 310
-0.99881, 153, 169, 184, 184
-0.998814, 161, 265, 416, 328
-0.998821, 1, 201, 128, 264
-0.998831, 465, 1, 480, 128
-0.998844, 421, 1, 436, 128
-0.998847, 109, 27, 140, 42
-0.998848, 161, 241, 416, 304
-0.998863, 353, 149, 384, 164
-0.998863, 97, 13, 128, 28
-0.998864, 383, 1, 398, 128
-0.998868, 81, 125, 208, 156
-0.998876, 415, 177, 430, 304
-0.998877, 109, 35, 140, 50
-0.998879, 189, 65, 220, 320
-0.998886, 225, 277, 352, 308
-0.998887, 441, 221, 472, 236
-0.99889, 159, 97, 174, 224
-0.998891, 123, 17, 138, 144
-0.998894, 353, 129, 368, 256
-0.998897, 451, 65, 466, 192
-0.998898, 329, 113, 344, 240
-0.998919, 281, 65, 312, 320
-0.998938, 105, 1, 120, 128
-0.99894, 459, 209, 474, 333
-0.998942, 233, 81, 264, 208
-0.998961, 111, 1, 126, 128
-0.998966, 81, 77, 208, 108
-0.998968, 399, 33, 414, 160
-0.998971, 33, 33, 160, 64
-0.998974, 221, 65, 252, 320
-0.998986, 237, 129, 252, 256
-0.998999, 209, 209, 336, 240
-0.998999, 185, 1, 248, 128
-0.999004, 155, 161, 170, 288
-0.99901, 309, 65, 340, 320
-0.999014, 337, 133, 464, 164
-0.999015, 373, 145, 388, 272
-0.999022, 189, 81, 204, 208
-0.999024, 279, 177, 294, 304
-0.999047, 177, 49, 208, 176
-0.999063, 305, 117, 432, 148
-0.999065, 245, 135, 276, 150
-0.999066, 465, 81, 480, 208
-0.999069, 49, 245, 176, 276
-0.999071, 181, 145, 196, 272
-0.999074, 329, 133, 360, 148
-0.999082, 369, 33, 400, 48
-0.999086, 17, 285, 144, 316
-0.9991, 445, 65, 460, 192
-0.999103, 361, 155, 392, 170
-0.999108, 33, 113, 160, 144
-0.999117, 293, 65, 324, 320
-0.999118, 341, 19, 372, 34
-0.999141, 97, 7, 128, 22
-0.999147, 41, 273, 72, 288
-0.99916, 419, 49, 434, 176
-0.999161, 355, 1, 370, 128
-0.999168, 105, 21, 136, 36
-0.999177, 99, 1, 114, 128
-0.999177, 413, 49, 428, 176
-0.999186, 439, 65, 454, 192
-0.999192, 145, 225, 272, 256
-0.999192, 65, 225, 192, 256
-0.999197, 85, 97, 116, 224
-0.999202, 241, 17, 368, 48
-0.999206, 47, 209, 62, 333
-0.999216, 225, 1, 352, 128
-0.999228, 65, 101, 192, 132
-0.999229, 249, 129, 264, 256
-0.999231, 471, 81, 486, 208
-0.999233, 389, 17, 404, 144
-0.999275, 273, 161, 288, 288
-0.999284, 257, 133, 288, 148
-0.999285, 405, 33, 420, 160
-0.999292, 347, 145, 362, 272
-0.999293, 147, 113, 162, 240
-0.999301, 207, 145, 222, 272
-0.999307, 205, 65, 236, 320
-0.999309, 161, 1, 288, 128
-0.999316, 459, 81, 474, 208
-0.999318, 339, 209, 354, 333
-0.999326, 205, 151, 236, 166
-0.999332, 195, 97, 210, 224
-0.999335, 193, 121, 320, 152
-0.999348, 215, 129, 230, 256
-0.999353, 161, 209, 288, 240
-0.999372, 353, 169, 480, 200
-0.99938, 409, 193, 424, 320
-0.999383, 65, 65, 96, 320
-0.999395, 149, 159, 180, 174
-0.999401, 395, 193, 410, 320
-0.999406, 231, 129, 246, 256
-0.999406, 263, 113, 278, 240
-0.999412, 345, 1, 360, 128
-0.999415, 321, 1, 352, 256
-0.999416, 279, 129, 294, 256
-0.999417, 181, 97, 212, 112
-0.999433, 165, 97, 180, 224
-0.99944, 1, 25, 256, 88
-0.999471, 25, 113, 88, 240
-0.999476, 183, 97, 198, 224
-0.999483, 161, 163, 192, 178
-0.999489, 273, 113, 288, 240
-0.999491, 221, 145, 236, 272
-0.999511, 143, 161, 158, 288
-0.999516, 321, 269, 448, 300
-0.999544, 285, 193, 300, 320
-0.99956, 255, 113, 270, 240
-0.999565, 335, 129, 350, 256
-0.999573, 401, 193, 416, 320
-0.999581, 247, 177, 262, 304
-0.999586, 53, 1, 84, 256
-0.999588, 345, 143, 376, 158
-0.999592, 167, 193, 182, 320
-0.9996, 449, 161, 480, 288
-0.999606, 201, 145, 216, 272
-0.999608, 269, 209, 284, 333
-0.999609, 289, 145, 304, 272
-0.999612, 17, 201, 144, 232
-0.999613, 217, 291, 232, 306
-0.999614, 197, 153, 212, 168
-0.999614, 121, 27, 136, 42
-0.999615, 159, 123, 174, 138
-0.999615, 261, 133, 276, 148
-0.999615, 443, 233, 458, 248
-0.999615, 303, 163, 318, 178
-0.999615, 155, 157, 170, 172
-0.999615, 385, 33, 400, 48
-0.999616, 443, 209, 458, 224
-0.999616, 367, 149, 382, 164
-0.999617, 55, 273, 70, 288
-0.999617, 471, 99, 486, 114
-0.999618, 435, 31, 450, 46
-0.999619, 453, 221, 468, 236
-0.999619, 163, 167, 178, 182
-0.99962, 335, 293, 350, 308
-0.99962, 439, 227, 454, 242
-0.99962, 459, 269, 474, 284
-0.999621, 145, 155, 160, 170
-0.999624, 457, 241, 472, 256
-0.999624, 197, 111, 212, 126
-0.999625, 345, 3, 360, 18
-0.999625, 311, 169, 326, 184
-0.999625, 281, 201, 296, 216
-0.999626, 103, 9, 118, 24
-0.999626, 317, 173, 332, 188
-0.999626, 365, 167, 380, 182
-0.999627, 305, 281, 432, 312
-0.999627, 297, 159, 312, 174
-0.999627, 33, 65, 160, 96
-0.999627, 17, 301, 144, 332
-0.999627, 345, 15, 360, 30
-0.999627, 463, 19, 478, 34
-0.999627, 455, 229, 470, 244
-0.999628, 323, 127, 338, 142
-0.999628, 485, 13, 500, 28
-0.999628, 237, 157, 252, 172
-0.999628, 241, 149, 256, 164
-0.999629, 457, 21, 472, 36
-0.999629, 465, 93, 480, 108
-0.99963, 359, 163, 374, 178
-0.99963, 401, 49, 416, 64
-0.999631, 427, 67, 442, 82
-0.999632, 451, 239, 466, 254
-0.999632, 449, 215, 464, 230
-0.999632, 469, 289, 484, 304
-0.999633, 349, 151, 364, 166
-0.999633, 415, 59, 430, 74
-0.999633, 391, 39, 406, 54
-0.999634, 353, 157, 368, 172
-0.999636, 1, 225, 128, 288
-0.999637, 77, 65, 108, 320
-0.999637, 287, 149, 302, 164
-0.999637, 377, 167, 392, 182
-0.999637, 181, 161, 196, 176
-0.999638, 361, 145, 376, 160
-0.999638, 329, 133, 344, 148
-0.999639, 243, 143, 258, 158
-0.999641, 433, 69, 448, 84
-0.999642, 407, 55, 422, 70
-0.999642, 37, 275, 52, 290
-0.999642, 421, 63, 436, 78
-0.999642, 113, 37, 128, 52
-0.999643, 149, 177, 164, 192
-0.999644, 111, 107, 126, 122
-0.999644, 461, 287, 476, 302
-0.999647, 471, 89, 486, 104
-0.999648, 465, 267, 496, 282
-0.999648, 441, 27, 456, 42
-0.999648, 157, 113, 172, 128
-0.999648, 415, 193, 430, 208
-0.999649, 117, 17, 132, 32
-0.999649, 151, 163, 166, 178
-0.999651, 169, 155, 184, 170
-0.999652, 439, 73, 454, 88
-0.999652, 273, 135, 288, 150
-0.999652, 121, 41, 136, 56
-0.999654, 145, 183, 160, 198
-0.999655, 379, 161, 394, 288
-0.999656, 433, 201, 448, 216
-0.999657, 459, 89, 474, 104
-0.999657, 395, 45, 410, 60
-0.999657, 225, 153, 240, 168
-0.999657, 473, 15, 488, 30
-0.99966, 449, 23, 464, 38
-0.999662, 355, 143, 370, 158
-0.999666, 451, 301, 466, 316
-0.999667, 121, 33, 136, 48
-0.999667, 427, 195, 442, 210
-0.999668, 49, 313, 64, 328
-0.99967, 255, 135, 270, 150
-0.999671, 445, 77, 460, 92
-0.999671, 363, 25, 378, 40
-0.999671, 427, 23, 442, 38
-0.999671, 41, 1, 72, 256
-0.999671, 453, 83, 468, 98
-0.999672, 469, 281, 484, 296
-0.999672, 177, 301, 304, 332
-0.999672, 213, 151, 228, 166
-0.999674, 193, 101, 208, 116
-0.999677, 259, 177, 274, 304
-0.999684, 337, 133, 352, 148
-0.999686, 249, 137, 264, 152
-0.999686, 203, 151, 218, 166
-0.999686, 373, 155, 388, 170
-0.999687, 153, 171, 168, 186
-0.999692, 279, 137, 294, 152
-0.999692, 469, 275, 484, 290
-0.999693, 49, 277, 64, 292
-0.999694, 231, 155, 246, 170
-0.999694, 45, 269, 60, 284
-0.999695, 157, 165, 172, 180
-0.999696, 151, 127, 166, 142
-0.999698, 109, 9, 124, 24
-0.999701, 175, 163, 190, 178
-0.999702, 357, 21, 372, 36
-0.999703, 431, 145, 446, 272
-0.999703, 165, 161, 180, 176
-0.999708, 351, 13, 366, 28
-0.999712, 477, 265, 492, 280
-0.999713, 257, 89, 500, 152
-0.999714, 217, 285, 232, 300
-0.999715, 485, 115, 500, 130
-0.999716, 283, 143, 298, 158
-0.999717, 219, 151, 234, 166
-0.999717, 177, 193, 192, 320
-0.999724, 351, 19, 366, 34
-0.999729, 17, 213, 144, 244
-0.999735, 333, 209, 348, 333
-0.999739, 453, 295, 468, 310
-0.99974, 345, 9, 360, 24
-0.999741, 329, 127, 344, 142
-0.999741, 363, 31, 378, 46
-0.999746, 433, 65, 448, 192
-0.999747, 339, 5, 354, 20
-0.999751, 43, 275, 58, 290
-0.999754, 161, 193, 176, 320
-0.999755, 157, 145, 172, 160
-0.999759, 253, 177, 268, 304
-0.999761, 1, 1, 32, 256
-0.999763, 357, 27, 372, 42
-0.999766, 367, 97, 382, 224
-0.999768, 45, 255, 60, 270
-0.999771, 241, 97, 368, 128
-0.999773, 421, 193, 436, 208
-0.999779, 45, 283, 60, 298
-0.99978, 109, 81, 140, 208
-0.999787, 187, 145, 202, 272
-0.999802, 471, 267, 486, 282
-0.999802, 149, 153, 180, 168
-0.999808, 189, 95, 204, 110
-0.999809, 349, 139, 364, 154
-0.999816, 413, 195, 444, 210
-0.999818, 101, 3, 116, 18
-0.99982, 33, 149, 160, 180
-0.999822, 1, 85, 128, 116
-0.999822, 1, 97, 128, 128
-0.999824, 97, 225, 224, 288
-0.999834, 1, 169, 128, 200
-0.999839, 377, 1, 392, 128
-0.999854, 225, 1, 352, 64
-0.99986, 437, 145, 452, 272
-0.999862, 341, 145, 356, 272
-0.999871, 389, 193, 404, 320
-0.999874, 281, 81, 296, 208
-0.999876, 241, 177, 256, 304
-0.999888, 201, 97, 216, 224
-0.999889, 451, 161, 466, 288
-0.999903, 129, 1, 384, 64
-0.99991, 345, 193, 360, 320
-0.999911, 355, 81, 370, 208
-0.999916, 149, 147, 180, 162
-0.999918, 267, 161, 282, 288
-0.999929, 171, 97, 186, 224
-0.999951, 183, 193, 198, 320
-0.999993, 361, 1, 376, 128
-0.999998, 29, 1, 60, 256
-1, 1, 181, 128, 212
-1.00001, 195, 145, 210, 272
-1.00001, 297, 97, 312, 224
-1.00001, 419, 129, 434, 256
-1.00003, 129, 13, 256, 44
-1.00003, 137, 1, 168, 128
-1.00003, 323, 113, 338, 240
-1.00004, 141, 113, 156, 240
-1.00004, 33, 53, 160, 84
-1.00005, 445, 145, 460, 272
-1.00006, 415, 1, 430, 128
-1.00006, 17, 233, 144, 264
-1.00007, 321, 69, 448, 100
-1.00008, 473, 209, 488, 333
-1.00008, 117, 49, 132, 176
-1.00009, 129, 17, 144, 144
-1.00009, 41, 209, 56, 333
-1.00009, 215, 177, 230, 304
-1.00009, 329, 161, 344, 288
-1.00009, 177, 97, 192, 224
-1.00009, 107, 177, 122, 304
-1.0001, 189, 33, 204, 160
-1.0001, 485, 113, 500, 240
-1.00012, 129, 9, 256, 72
-1.00013, 265, 65, 280, 192
-1.00014, 53, 209, 68, 333
-1.00015, 17, 1, 48, 256
-1.00016, 311, 97, 326, 224
-1.00016, 369, 145, 496, 176
-1.00016, 287, 81, 302, 208
-1.00016, 223, 97, 238, 224
-1.00019, 193, 229, 320, 260
-1.00019, 369, 113, 496, 144
-1.00023, 161, 77, 288, 108
-1.00026, 97, 241, 224, 272
-1.00032, 305, 105, 432, 136
-1.00035, 129, 289, 256, 320
-1.00037, 113, 277, 240, 308
-1.00039, 1, 249, 500, 312
-1.00043, 273, 253, 400, 284
-1.00062, 97, 273, 224, 333
-1.00062, 305, 161, 336, 288
-1.00082, 385, 161, 416, 288
-1.00083, 361, 193, 392, 320
-1.00092, 161, 65, 416, 128
-1.00097, 469, 209, 500, 333
-1.00101, 305, 89, 432, 152
-1.00104, 125, 65, 156, 192
-1.00113, 213, 193, 244, 320
-1.00116, 313, 65, 344, 192
-1.00119, 409, 129, 440, 256
-1.0012, 241, 25, 368, 88
-1.00122, 1, 113, 64, 240
-1.0013, 77, 193, 108, 320
-1.00131, 1, 81, 500, 144
-1.00138, 65, 49, 96, 176
-1.00144, 1, 105, 500, 168
-1.00145, 97, 41, 352, 104
-1.00168, 461, 161, 492, 288
-1.00172, 1, 273, 500, 333
-1.00173, 273, 273, 400, 333
-1.00183, 393, 113, 456, 240
-1.00189, 77, 1, 108, 128
-1.00195, 53, 17, 84, 144
-1.002, 37, 1, 68, 128
-1.00219, 265, 1, 328, 128
-1.0025, 177, 1, 208, 128
-1.00265, 241, 1, 304, 128
-1.00282, 1, 129, 128, 192
-1.00293, 145, 33, 272, 96
-1.00293, 93, 49, 124, 176
-1.00298, 73, 129, 104, 256
-1.00311, 185, 193, 216, 320
-1.00346, 273, 65, 400, 128
-1.00379, 301, 49, 332, 176
-1.00384, 289, 193, 320, 320
-1.00408, 177, 9, 304, 72
-1.00411, 25, 161, 56, 288
-1.00418, 313, 1, 344, 128
-1.00418, 469, 113, 500, 240
-1.00424, 25, 1, 56, 128
-1.0044, 225, 57, 352, 120
-1.00442, 245, 33, 276, 160
-1.00461, 289, 49, 320, 176
-1.00461, 53, 65, 84, 192
-1.00468, 149, 17, 180, 144
-1.00496, 221, 49, 252, 176
-1.005, 377, 49, 408, 176
-1.00658, 273, 49, 400, 176
-1.00764, 193, 33, 320, 96
