1875
-0.448183, 225, 1, 480, 333
-0.455579, 1, 1, 500, 333
-0.471717, 1, 33, 500, 288
-0.53065, 97, 1, 352, 333
-0.587373, 257, 1, 500, 256
-0.63462, 97, 65, 352, 320
-0.665359, 1, 1, 256, 333
-0.767557, 1, 65, 256, 320
-0.855303, 369, 1, 496, 333
-0.855433, 257, 65, 384, 320
-0.866916, 369, 65, 496, 320
-0.869079, 193, 33, 320, 288
-0.884069, 209, 1, 336, 333
-0.884914, 321, 1, 448, 333
-0.886376, 1, 81, 500, 208
-0.887127, 33, 1, 160, 333
-0.891, 1, 161, 500, 288
-0.892458, 257, 1, 384, 333
-0.89391, 1, 209, 500, 333
-0.895236, 305, 1, 432, 256
-0.89865, 129, 33, 256, 288
-0.904449, 17, 33, 144, 288
-0.905277, 1, 1, 500, 128
-0.9055, 129, 1, 256, 333
-0.907885, 65, 1, 192, 256
-0.908862, 81, 1, 208, 333
-0.916984, 193, 81, 448, 208
-0.935637, 257, 209, 500, 333
-0.93696, 225, 145, 480, 272
-0.9376, 369, 97, 496, 224
-0.939075, 257, 33, 500, 160
-0.940408, 97, 129, 352, 256
-0.940676, 241, 81, 368, 208
-0.940687, 321, 49, 448, 176
-0.940785, 97, 81, 352, 208
-0.941907, 353, 209, 480, 333
-0.942705, 369, 209, 432, 333
-0.944703, 369, 225, 432, 288
-0.944759, 129, 81, 256, 208
-0.944994, 305, 113, 432, 240
-0.947476, 321, 97, 384, 224
-0.947499, 161, 193, 416, 320
-0.948101, 1, 49, 256, 176
-0.948493, 393, 209, 456, 333
-0.948852, 345, 209, 408, 333
-0.950031, 193, 81, 320, 208
-0.950212, 425, 97, 488, 224
-0.950348, 257, 193, 384, 320
-0.952088, 321, 209, 384, 333
-0.95228, 33, 81, 160, 208
-0.95294, 377, 81, 440, 208
-0.953433, 281, 209, 344, 333
-0.953484, 281, 97, 344, 224
-0.954244, 353, 145, 480, 272
-0.954867, 369, 49, 496, 176
-0.955193, 297, 233, 360, 296
-0.955383, 321, 233, 384, 296
-0.955662, 153, 81, 216, 208
-0.955698, 97, 17, 352, 144
-0.955706, 121, 97, 184, 224
-0.955823, 1, 145, 256, 272
-0.955891, 193, 81, 256, 208
-0.956361, 361, 249, 424, 312
-0.956614, 33, 81, 96, 208
-0.95706, 361, 161, 424, 288
-0.957671, 1, 129, 128, 256
-0.957905, 321, 121, 384, 184
-0.958119, 17, 129, 80, 256
-0.958312, 225, 33, 352, 160
-0.958894, 209, 193, 336, 320
-0.959722, 305, 161, 432, 288
-0.960259, 289, 49, 352, 176
-0.960413, 177, 129, 240, 256
-0.960457, 433, 193, 496, 320
-0.960828, 385, 145, 448, 272
-0.960963, 409, 17, 472, 144
-0.961016, 145, 129, 272, 256
-0.961193, 289, 81, 352, 144
-0.961322, 305, 209, 432, 333
-0.961333, 257, 145, 384, 272
-0.961375, 73, 81, 136, 208
-0.961384, 217, 65, 280, 192
-0.961705, 353, 113, 416, 240
-0.96205, 249, 65, 312, 192
-0.962524, 393, 233, 456, 296
-0.96284, 433, 89, 496, 152
-0.963047, 97, 113, 160, 240
-0.963279, 297, 145, 360, 272
-0.963297, 353, 65, 416, 192
-0.963471, 321, 145, 384, 272
-0.963563, 81, 81, 208, 208
-0.963577, 401, 81, 464, 208
-0.963802, 337, 257, 400, 320
-0.963816, 305, 1, 432, 128
-0.964211, 193, 129, 320, 256
-0.964581, 1, 97, 256, 224
-0.96477, 185, 129, 248, 192
-0.964841, 257, 193, 320, 320
-0.964857, 1, 1, 256, 128
-0.964905, 225, 129, 288, 192
-0.96491, 369, 81, 432, 144
-0.965035, 337, 97, 400, 160
-0.965144, 281, 273, 344, 333
-0.965291, 337, 209, 400, 272
-0.96534, 409, 57, 472, 120
-0.965647, 145, 33, 272, 160
-0.96599, 65, 33, 192, 160
-0.966501, 401, 265, 464, 328
-0.966579, 273, 137, 336, 200
-0.966688, 433, 33, 496, 160
-0.966725, 65, 129, 192, 256
-0.967153, 393, 89, 456, 152
-0.967216, 257, 89, 320, 152
-0.967634, 289, 105, 352, 168
-0.967642, 369, 1, 496, 128
-0.967764, 33, 241, 96, 304
-0.967839, 361, 129, 424, 192
-0.967924, 153, 129, 216, 256
-0.968003, 313, 257, 376, 320
-0.968153, 265, 145, 328, 272
-0.968411, 113, 121, 176, 184
-0.968436, 57, 249, 120, 312
-0.968438, 313, 89, 376, 152
-0.968496, 145, 81, 208, 144
-0.968574, 321, 49, 384, 176
-0.968906, 1, 209, 128, 333
-0.969256, 289, 201, 352, 264
-0.969464, 361, 105, 424, 168
-0.969515, 161, 129, 224, 192
-0.969888, 241, 81, 368, 144
-0.969972, 33, 209, 288, 333
-0.970022, 9, 233, 72, 296
-0.970036, 393, 209, 456, 272
-0.970201, 217, 153, 280, 216
-0.970264, 17, 129, 80, 192
-0.970268, 249, 169, 312, 232
-0.970336, 265, 217, 328, 280
-0.970432, 201, 81, 264, 144
-0.970601, 393, 113, 456, 176
-0.970667, 41, 193, 104, 320
-0.970811, 249, 1, 312, 128
-0.970981, 353, 1, 416, 128
-0.970983, 65, 97, 128, 160
-0.971063, 89, 137, 152, 200
-0.971155, 9, 153, 72, 216
-0.971195, 433, 49, 496, 112
-0.97142, 25, 105, 88, 168
-0.971558, 425, 273, 488, 333
-0.971559, 1, 81, 64, 208
-0.971845, 385, 33, 448, 160
-0.971918, 385, 57, 448, 120
-0.971944, 417, 217, 480, 280
-0.971983, 97, 65, 160, 192
-0.972112, 409, 145, 472, 272
-0.97218, 369, 233, 496, 296
-0.972259, 1, 241, 128, 304
-0.972268, 425, 113, 488, 176
-0.972352, 369, 169, 432, 232
-0.972444, 137, 121, 200, 184
-0.972499, 305, 241, 432, 304
-0.9726, 321, 65, 448, 128
-0.972603, 201, 129, 264, 256
-0.972739, 265, 113, 328, 176
-0.972841, 161, 33, 224, 160
-0.972872, 273, 249, 336, 312
-0.973085, 369, 65, 496, 128
-0.973228, 129, 49, 192, 176
-0.973269, 73, 129, 136, 256
-0.973289, 297, 129, 360, 192
-0.973426, 465, 81, 496, 208
-0.973448, 225, 113, 288, 240
-0.973605, 97, 1, 160, 128
-0.973649, 121, 145, 184, 272
-0.973685, 177, 89, 240, 152
-0.973844, 305, 217, 432, 280
-0.973886, 1, 89, 64, 152
-0.97419, 201, 105, 264, 168
-0.974349, 401, 1, 464, 256
-0.974504, 273, 137, 400, 200
-0.974505, 425, 1, 488, 256
-0.974557, 337, 145, 400, 208
-0.974665, 369, 201, 432, 264
-0.974753, 313, 65, 344, 192
-0.974806, 333, 233, 364, 296
-0.974876, 33, 81, 96, 144
-0.975006, 433, 249, 496, 312
-0.975035, 273, 1, 336, 128
-0.9751, 225, 73, 288, 136
-0.975129, 233, 161, 296, 288
-0.975192, 137, 145, 200, 208
-0.97527, 433, 145, 496, 272
-0.975288, 453, 49, 484, 176
-0.975302, 325, 209, 356, 333
-0.975327, 249, 65, 312, 128
-0.975405, 205, 97, 236, 224
-0.975628, 413, 65, 444, 192
-0.97574, 169, 65, 232, 128
-0.975755, 65, 33, 128, 160
-0.975867, 217, 81, 248, 208
-0.975926, 177, 153, 240, 216
-0.976142, 361, 249, 392, 312
-0.976215, 337, 265, 464, 328
-0.976238, 1, 33, 64, 160
-0.976242, 281, 57, 344, 120
-0.97652, 249, 145, 312, 208
-0.976528, 389, 49, 420, 176
-0.97654, 17, 209, 80, 333
-0.976556, 41, 1, 104, 128
-0.976802, 361, 57, 424, 120
-0.977012, 1, 17, 128, 144
-0.977028, 449, 97, 480, 224
-0.977137, 469, 89, 500, 152
-0.97716, 409, 1, 472, 64
-0.977177, 265, 193, 328, 256
-0.977288, 33, 217, 96, 280
-0.977306, 185, 33, 248, 160
-0.977324, 333, 257, 364, 320
-0.977372, 281, 65, 344, 320
-0.977378, 257, 65, 320, 320
-0.977466, 377, 65, 440, 320
-0.977669, 121, 73, 184, 136
-0.977696, 321, 121, 448, 184
-0.977763, 337, 209, 368, 333
-0.977795, 9, 257, 72, 320
-0.977808, 469, 17, 500, 144
-0.978, 385, 137, 448, 200
-0.978067, 289, 81, 320, 208
-0.978095, 129, 1, 192, 128
-0.978129, 401, 113, 432, 240
-0.978212, 41, 145, 104, 272
-0.978484, 193, 89, 320, 152
-0.978807, 397, 57, 428, 120
-0.978831, 369, 89, 496, 152
-0.978909, 225, 1, 288, 128
-0.978945, 153, 97, 184, 224
-0.979048, 225, 145, 352, 208
-0.979193, 145, 129, 272, 192
-0.97929, 89, 113, 152, 176
-0.979318, 289, 97, 416, 160
-0.97938, 217, 33, 280, 288
-0.979439, 337, 73, 400, 136
-0.979485, 313, 209, 376, 272
-0.979524, 313, 65, 376, 128
-0.979568, 305, 33, 368, 288
-0.979637, 1, 129, 128, 192
-0.979662, 89, 89, 152, 152
-0.979878, 29, 129, 60, 256
-0.979891, 65, 249, 192, 312
-0.979947, 89, 209, 152, 333
-0.979993, 369, 113, 496, 176
-0.980094, 241, 233, 304, 296
-0.980103, 365, 129, 396, 192
-0.980134, 377, 233, 408, 296
-0.980172, 465, 193, 496, 320
-0.980206, 337, 65, 400, 320
-0.980222, 301, 65, 332, 192
-0.980248, 409, 65, 440, 128
-0.980275, 345, 257, 376, 320
-0.980296, 325, 73, 356, 136
-0.980298, 313, 81, 344, 144
-0.980459, 225, 177, 288, 240
-0.980461, 425, 193, 456, 320
-0.980498, 333, 81, 364, 208
-0.980649, 297, 81, 328, 144
-0.980683, 289, 273, 416, 333
-0.98071, 257, 201, 384, 264
-0.980746, 433, 97, 464, 224
-0.980773, 425, 201, 456, 264
-0.980791, 401, 65, 432, 192
-0.980815, 65, 177, 192, 304
-0.98085, 257, 273, 320, 333
-0.98085, 81, 249, 112, 312
-0.980874, 193, 113, 320, 176
-0.980962, 313, 249, 344, 312
-0.981002, 241, 105, 368, 168
-0.981034, 145, 33, 208, 288
-0.981061, 277, 145, 308, 208
-0.981077, 57, 225, 120, 288
-0.981147, 313, 209, 344, 333
-0.981164, 81, 249, 144, 312
-0.981202, 457, 105, 488, 168
-0.981204, 369, 145, 496, 208
-0.981254, 401, 225, 432, 288
-0.981313, 57, 121, 120, 184
-0.981359, 401, 33, 464, 96
-0.981422, 33, 89, 160, 152
-0.981428, 197, 129, 228, 192
-0.981463, 405, 89, 436, 152
-0.981473, 121, 97, 184, 160
-0.981606, 273, 161, 336, 224
-0.981611, 97, 129, 224, 192
-0.981631, 305, 1, 368, 128
-0.981732, 185, 65, 248, 320
-0.98178, 37, 241, 68, 304
-0.981803, 329, 121, 360, 184
-0.981818, 113, 145, 176, 208
-0.981842, 137, 1, 200, 64
-0.98187, 365, 209, 396, 333
-0.981874, 73, 161, 136, 224
-0.981889, 305, 161, 432, 224
-0.981911, 297, 201, 328, 264
-0.98193, 25, 233, 56, 296
-0.98194, 265, 161, 296, 224
-0.98198, 345, 233, 376, 296
-0.981996, 305, 41, 432, 104
-0.98201, 109, 97, 140, 224
-0.982046, 281, 89, 312, 152
-0.982062, 313, 105, 344, 168
-0.982077, 233, 105, 296, 168
-0.98209, 353, 169, 480, 232
-0.982185, 405, 209, 436, 333
-0.982204, 25, 65, 88, 320
-0.982211, 281, 193, 312, 256
-0.982252, 329, 129, 360, 256
-0.982253, 1, 65, 64, 128
-0.982262, 381, 145, 412, 208
-0.982274, 225, 57, 352, 120
-0.982277, 201, 57, 264, 120
-0.982279, 321, 225, 352, 288
-0.982297, 237, 81, 268, 208
-0.982347, 369, 225, 432, 256
-0.982367, 301, 129, 332, 192
-0.982418, 361, 129, 392, 256
-0.982426, 177, 153, 304, 216
-0.982475, 381, 97, 412, 224
-0.982491, 393, 89, 424, 152
-0.982511, 145, 73, 272, 136
-0.98262, 297, 225, 328, 288
-0.98274, 361, 225, 392, 288
-0.982745, 413, 225, 444, 288
-0.982812, 457, 41, 488, 104
-0.982832, 433, 1, 496, 333
-0.982857, 249, 17, 312, 80
-0.982878, 297, 193, 328, 320
-0.982924, 413, 201, 444, 264
-0.983054, 313, 113, 344, 240
-0.98311, 421, 73, 452, 136
-0.983133, 261, 129, 292, 192
-0.983149, 21, 129, 52, 192
-0.98321, 161, 81, 192, 144
-0.983274, 25, 49, 88, 112
-0.983331, 413, 129, 444, 256
-0.983372, 337, 237, 400, 268
-0.983397, 121, 33, 184, 288
-0.983443, 297, 145, 328, 272
-0.983447, 225, 73, 256, 136
-0.983447, 341, 113, 372, 176
-0.983489, 313, 129, 344, 192
-0.983533, 297, 105, 328, 168
-0.983549, 421, 249, 452, 312
-0.983561, 305, 185, 432, 248
-0.983595, 225, 49, 288, 112
-0.98362, 337, 169, 400, 232
-0.983662, 377, 257, 408, 320
-0.983704, 177, 81, 208, 208
-0.983735, 241, 129, 272, 192
-0.983742, 381, 209, 412, 333
-0.983751, 433, 97, 464, 160
-0.983756, 33, 81, 64, 208
-0.983791, 345, 209, 376, 272
-0.983809, 125, 97, 156, 224
-0.983883, 469, 113, 500, 176
-0.983938, 121, 41, 184, 104
-0.983963, 385, 113, 416, 176
-0.983985, 369, 253, 432, 284
-0.983986, 249, 1, 312, 333
-0.983999, 361, 273, 424, 333
-0.984004, 161, 1, 224, 64
-0.984007, 193, 129, 224, 256
-0.984094, 393, 249, 424, 312
-0.984127, 145, 57, 208, 120
-0.984155, 265, 73, 296, 136
-0.984162, 297, 153, 328, 216
-0.984175, 433, 177, 496, 240
-0.984209, 1, 1, 64, 256
-0.984226, 417, 97, 448, 160
-0.984275, 441, 49, 472, 112
-0.984278, 361, 273, 392, 333
-0.984278, 429, 1, 460, 128
-0.984284, 65, 241, 96, 304
-0.984308, 217, 1, 280, 64
-0.984358, 1, 217, 128, 280
-0.984381, 65, 177, 128, 304
-0.984443, 297, 177, 360, 240
-0.984491, 433, 145, 496, 208
-0.984511, 277, 169, 308, 232
-0.984521, 33, 121, 64, 184
-0.984538, 241, 153, 272, 216
-0.98458, 13, 81, 44, 208
-0.984586, 145, 1, 272, 64
-0.984586, 21, 97, 52, 160
-0.984651, 317, 273, 348, 333
-0.98466, 425, 225, 456, 288
-0.984661, 393, 169, 456, 232
-0.98468, 221, 97, 252, 160
-0.9847, 41, 97, 72, 160
-0.984718, 165, 81, 196, 208
-0.984746, 277, 65, 308, 192
-0.984759, 317, 201, 348, 264
-0.984759, 381, 169, 412, 232
-0.984811, 393, 161, 424, 288
-0.984885, 409, 1, 472, 333
-0.984908, 389, 225, 420, 288
-0.984931, 329, 97, 360, 160
-0.984934, 285, 145, 316, 272
-0.984935, 173, 81, 204, 144
-0.984943, 369, 105, 400, 168
-0.984944, 333, 209, 364, 272
-0.98497, 297, 177, 328, 240
-0.985002, 49, 241, 80, 304
-0.98502, 409, 137, 472, 200
-0.985034, 209, 177, 272, 304
-0.985042, 225, 177, 352, 240
-0.98505, 21, 153, 52, 216
-0.985065, 409, 249, 440, 312
-0.985071, 205, 81, 236, 144
-0.985072, 81, 81, 208, 144
-0.985078, 397, 113, 428, 176
-0.985111, 221, 129, 252, 192
-0.985116, 401, 17, 432, 144
-0.985132, 345, 253, 408, 284
-0.985145, 89, 65, 152, 320
-0.98515, 293, 265, 324, 328
-0.985235, 65, 153, 192, 216
-0.985274, 149, 73, 180, 136
-0.985303, 49, 33, 112, 288
-0.985399, 1, 153, 128, 216
-0.98542, 225, 153, 256, 216
-0.985446, 261, 129, 292, 256
-0.985454, 345, 89, 376, 152
-0.985481, 65, 73, 128, 136
-0.985491, 249, 81, 280, 208
-0.985508, 49, 1, 112, 64
-0.985519, 369, 1, 432, 333
-0.985527, 33, 1, 96, 333
-0.985549, 177, 41, 240, 104
-0.985552, 257, 241, 384, 304
-0.98556, 189, 81, 220, 208
-0.985577, 109, 121, 140, 184
-0.985583, 33, 153, 96, 216
-0.985606, 185, 129, 216, 192
-0.985623, 377, 241, 440, 272
-0.985637, 369, 169, 400, 232
-0.985673, 393, 153, 424, 216
-0.985689, 121, 121, 152, 184
-0.9857, 189, 89, 220, 152
-0.985713, 193, 1, 256, 64
-0.985745, 321, 1, 384, 333
-0.985751, 93, 257, 124, 320
-0.985784, 281, 65, 312, 128
-0.985798, 81, 81, 112, 144
-0.985811, 321, 125, 384, 156
-0.985837, 469, 129, 500, 256
-0.985857, 313, 57, 344, 120
-0.985955, 289, 85, 352, 116
-0.985969, 209, 137, 240, 200
-0.98597, 9, 81, 40, 144
-0.985976, 169, 113, 200, 176
-0.985981, 49, 25, 112, 88
-0.986051, 101, 97, 132, 160
-0.986058, 293, 49, 324, 112
-0.986087, 209, 105, 240, 168
-0.986199, 457, 1, 488, 128
-0.986212, 401, 201, 432, 264
-0.986213, 433, 105, 496, 136
-0.986225, 433, 117, 496, 148
-0.986234, 149, 129, 180, 192
-0.986245, 385, 65, 416, 128
-0.986249, 249, 81, 280, 144
-0.986252, 281, 1, 344, 333
-0.986304, 233, 209, 296, 333
-0.986325, 309, 225, 340, 288
-0.986343, 173, 1, 204, 64
-0.986349, 421, 273, 452, 333
-0.986352, 445, 105, 476, 168
-0.986376, 225, 265, 352, 328
-0.986407, 349, 209, 380, 333
-0.986438, 437, 1, 468, 64
-0.986442, 361, 33, 424, 96
-0.986443, 337, 265, 400, 296
-0.986493, 33, 153, 64, 216
-0.98657, 425, 1, 456, 64
-0.986637, 277, 225, 308, 288
-0.986639, 449, 73, 480, 136
-0.986674, 97, 65, 160, 128
-0.986683, 413, 129, 444, 192
-0.986684, 137, 121, 168, 184
-0.986781, 113, 209, 240, 333
-0.986782, 141, 81, 172, 208
-0.98679, 281, 121, 312, 184
-0.986809, 377, 209, 408, 272
-0.986811, 353, 137, 384, 200
-0.986812, 469, 217, 500, 280
-0.98682, 237, 65, 268, 128
-0.986844, 249, 41, 312, 104
-0.986859, 253, 153, 284, 216
-0.986867, 29, 73, 60, 136
-0.986904, 21, 257, 52, 320
-0.98692, 109, 145, 140, 208
-0.986953, 361, 201, 392, 264
-0.986979, 177, 177, 304, 240
-0.98699, 9, 241, 40, 304
-0.986996, 465, 65, 496, 128
-0.987044, 405, 169, 436, 232
-0.987049, 297, 153, 360, 216
-0.987061, 345, 81, 376, 208
-0.987073, 205, 49, 236, 176
-0.98709, 385, 1, 448, 64
-0.987091, 161, 49, 288, 112
-0.987108, 345, 225, 408, 256
-0.987117, 97, 1, 224, 64
-0.98715, 369, 41, 496, 104
-0.98717, 105, 1, 168, 333
-0.98724, 145, 209, 208, 333
-0.98728, 153, 49, 184, 176
-0.987333, 289, 109, 352, 140
-0.987356, 353, 141, 416, 172
-0.987374, 297, 225, 360, 256
-0.987387, 17, 265, 144, 328
-0.987392, 433, 9, 496, 72
-0.987404, 225, 129, 256, 256
-0.987425, 321, 249, 384, 280
-0.987462, 185, 133, 248, 164
-0.987472, 381, 1, 412, 128
-0.98751, 41, 273, 104, 333
-0.987522, 281, 25, 344, 88
-0.987632, 273, 129, 304, 256
-0.987646, 69, 81, 100, 208
-0.987691, 129, 169, 192, 232
-0.987711, 237, 129, 268, 256
-0.987721, 353, 209, 480, 272
-0.987751, 33, 241, 96, 272
-0.987751, 233, 209, 296, 272
-0.987774, 381, 161, 412, 288
-0.987791, 433, 93, 496, 124
-0.987808, 401, 93, 464, 124
-0.987828, 401, 105, 464, 136
-0.987896, 201, 177, 264, 240
-0.987921, 177, 177, 240, 240
-0.987944, 161, 177, 288, 304
-0.987963, 49, 49, 176, 112
-0.987967, 49, 121, 176, 184
-0.988002, 33, 185, 96, 248
-0.988032, 1, 245, 64, 276
-0.988078, 281, 241, 344, 272
-0.988092, 337, 49, 400, 112
-0.9881, 161, 133, 224, 164
-0.988165, 193, 217, 320, 280
-0.988242, 17, 1, 80, 64
-0.988249, 73, 1, 136, 64
-0.988251, 313, 161, 344, 288
-0.988304, 297, 257, 360, 288
-0.988403, 113, 193, 176, 320
-0.988428, 77, 209, 108, 333
-0.988428, 393, 257, 456, 288
-0.988429, 401, 241, 464, 272
-0.988434, 393, 117, 456, 148
-0.988441, 305, 137, 368, 168
-0.988456, 305, 97, 368, 128
-0.988466, 209, 1, 272, 333
-0.988483, 217, 173, 280, 204
-0.988501, 281, 273, 344, 304
-0.988535, 113, 129, 176, 160
-0.988635, 81, 225, 208, 288
-0.988637, 129, 1, 192, 333
-0.988638, 369, 81, 400, 208
-0.988704, 393, 217, 456, 248
-0.988738, 233, 137, 296, 168
-0.988747, 57, 81, 88, 208
-0.988751, 129, 153, 256, 216
-0.988761, 289, 121, 352, 152
-0.988781, 321, 221, 384, 252
-0.988792, 273, 177, 304, 304
-0.988801, 281, 301, 344, 332
-0.988855, 393, 153, 456, 184
-0.988863, 361, 129, 424, 160
-0.988888, 369, 73, 432, 104
-0.988922, 209, 33, 336, 96
-0.988971, 345, 105, 408, 136
-0.988984, 17, 129, 48, 256
-0.989013, 145, 145, 176, 272
-0.989027, 437, 49, 468, 176
-0.989049, 97, 97, 128, 224
-0.989061, 281, 213, 344, 244
-0.989117, 185, 1, 248, 333
-0.989162, 429, 145, 460, 272
-0.989171, 273, 141, 336, 172
-0.989192, 129, 105, 256, 168
-0.989212, 113, 117, 176, 148
-0.989215, 345, 1, 408, 333
-0.989233, 265, 81, 296, 208
-0.989236, 153, 1, 216, 333
-0.989251, 85, 65, 116, 192
-0.9893, 321, 277, 384, 308
-0.989422, 209, 137, 272, 168
-0.989451, 313, 237, 376, 268
-0.989458, 393, 229, 456, 260
-0.989489, 153, 117, 216, 148
-0.989496, 45, 209, 76, 333
-0.9895, 413, 17, 444, 144
-0.989524, 57, 1, 120, 333
-0.989644, 249, 89, 312, 120
-0.989679, 1, 1, 64, 333
-0.989739, 161, 85, 224, 116
-0.989761, 257, 249, 500, 312
-0.989837, 273, 97, 336, 128
-0.989883, 185, 177, 248, 304
-0.989897, 393, 209, 424, 333
-0.989919, 49, 89, 112, 120
-0.989921, 201, 121, 264, 152
-0.989923, 73, 145, 104, 272
-0.98995, 369, 1, 496, 64
-0.989994, 321, 113, 384, 144
-0.990072, 281, 285, 344, 316
-0.990079, 57, 253, 120, 284
-0.990132, 25, 93, 88, 124
-0.990161, 377, 93, 440, 124
-0.99018, 185, 1, 216, 128
-0.990198, 401, 277, 464, 308
-0.9903, 125, 49, 156, 176
-0.990316, 161, 105, 416, 168
-0.990328, 45, 81, 76, 208
-0.990332, 393, 77, 456, 108
-0.990391, 17, 157, 80, 188
-0.990396, 201, 81, 264, 112
-0.990474, 1, 49, 128, 112
-0.990478, 345, 213, 408, 244
-0.990487, 257, 225, 320, 256
-0.990548, 297, 201, 360, 232
-0.990567, 265, 113, 328, 144
-0.990582, 369, 109, 432, 140
-0.99067, 65, 137, 320, 200
-0.990735, 141, 33, 172, 160
-0.990749, 281, 73, 344, 104
-0.990758, 209, 93, 272, 124
-0.990783, 393, 61, 456, 92
-0.990791, 81, 1, 144, 333
-0.990801, 249, 153, 312, 184
-0.990828, 425, 257, 488, 288
-0.990855, 353, 161, 416, 192
-0.990858, 433, 273, 496, 304
-0.9909, 73, 133, 136, 164
-0.990915, 17, 145, 80, 176
-0.990935, 21, 17, 52, 144
-0.990946, 241, 125, 304, 156
-0.99096, 349, 145, 380, 272
-0.99098, 105, 33, 136, 160
-0.99101, 341, 33, 372, 160
-0.991024, 257, 77, 320, 108
-0.991083, 433, 53, 496, 84
-0.991087, 293, 1, 324, 128
-0.991097, 313, 81, 376, 112
-0.991113, 165, 33, 196, 160
-0.991166, 33, 209, 64, 333
-0.991171, 425, 129, 488, 160
-0.991195, 33, 121, 96, 152
-0.991211, 265, 1, 296, 128
-0.991216, 1, 93, 64, 124
-0.991238, 361, 265, 424, 296
-0.991263, 165, 129, 196, 256
-0.991279, 137, 129, 200, 160
-0.991306, 233, 77, 296, 108
-0.991373, 17, 1, 144, 64
-0.991375, 1, 217, 500, 280
-0.991403, 181, 129, 212, 256
-0.991414, 1, 257, 64, 288
-0.991431, 89, 121, 152, 152
-0.991476, 329, 141, 392, 172
-0.991498, 281, 1, 312, 128
-0.991507, 217, 153, 280, 184
-0.991511, 313, 289, 376, 320
-0.991524, 73, 93, 136, 124
-0.991543, 121, 1, 152, 128
-0.991592, 433, 209, 496, 240
-0.991627, 385, 129, 448, 160
-0.991629, 33, 253, 96, 284
-0.991632, 437, 193, 468, 320
-0.991643, 361, 173, 424, 204
-0.991666, 1, 81, 32, 208
-0.991682, 401, 297, 464, 328
-0.991684, 445, 145, 476, 272
-0.991713, 17, 133, 80, 164
-0.991718, 369, 205, 432, 236
-0.991729, 41, 1, 72, 128
-0.991749, 353, 241, 384, 272
-0.991787, 353, 257, 384, 288
-0.991794, 265, 125, 328, 156
-0.991822, 265, 193, 328, 224
-0.991837, 129, 25, 256, 88
-0.991933, 49, 25, 176, 88
-0.991966, 445, 1, 476, 128
-0.991969, 193, 133, 224, 164
-0.991971, 333, 237, 364, 268
-0.991983, 405, 217, 436, 248
-0.991985, 297, 149, 360, 180
-0.991992, 309, 125, 340, 156
-0.991993, 257, 65, 500, 128
-0.99201, 237, 1, 268, 128
-0.99203, 333, 249, 364, 280
-0.992039, 129, 73, 384, 136
-0.992045, 329, 1, 392, 128
-0.992062, 337, 89, 400, 120
-0.992071, 461, 105, 492, 136
-0.992083, 297, 85, 328, 116
-0.992127, 373, 233, 404, 264
-0.992142, 457, 117, 488, 148
-0.992171, 313, 145, 344, 176
-0.992183, 401, 61, 432, 92
-0.992198, 201, 109, 264, 140
-0.992217, 57, 241, 120, 272
-0.99224, 313, 109, 344, 140
-0.992256, 465, 93, 496, 124
-0.992275, 393, 225, 424, 256
-0.992279, 377, 253, 408, 284
-0.992302, 369, 281, 432, 312
-0.992304, 193, 153, 256, 184
-0.99232, 321, 153, 384, 184
-0.992351, 57, 121, 120, 152
-0.992355, 301, 105, 332, 136
-0.992358, 425, 157, 488, 188
-0.992361, 257, 33, 384, 96
-0.992376, 33, 81, 288, 144
-0.992379, 433, 245, 496, 276
-0.992421, 53, 33, 84, 160
-0.992437, 321, 129, 352, 160
-0.992444, 65, 161, 128, 192
-0.992446, 97, 141, 160, 172
-0.99245, 325, 109, 356, 140
-0.992459, 209, 1, 336, 64
-0.992463, 257, 177, 320, 208
-0.992508, 225, 129, 480, 192
-0.992509, 393, 141, 456, 172
-0.992514, 333, 125, 364, 156
-0.992516, 305, 301, 368, 332
-0.99252, 325, 33, 356, 160
-0.992524, 169, 145, 232, 176
-0.992533, 413, 245, 444, 276
-0.992534, 9, 177, 40, 304
-0.992547, 81, 109, 144, 140
-0.992558, 369, 61, 432, 92
-0.992561, 357, 81, 388, 208
-0.992569, 333, 277, 364, 308
-0.992593, 225, 33, 256, 160
-0.992601, 33, 229, 96, 260
-0.992604, 33, 237, 64, 268
-0.992611, 417, 197, 480, 228
-0.992613, 305, 105, 432, 136
-0.992616, 257, 237, 320, 268
-0.99262, 25, 109, 88, 140
-0.992631, 249, 145, 280, 272
-0.992644, 309, 81, 340, 112
-0.992679, 333, 225, 364, 256
-0.992681, 393, 93, 424, 124
-0.992685, 177, 73, 240, 104
-0.992687, 345, 269, 376, 300
-0.9927, 425, 201, 456, 232
-0.992701, 365, 129, 396, 160
-0.992714, 137, 149, 200, 180
-0.992728, 333, 265, 364, 296
-0.992738, 381, 221, 412, 252
-0.992758, 429, 113, 460, 144
-0.99276, 409, 113, 440, 144
-0.99277, 345, 117, 408, 148
-0.992771, 177, 101, 240, 132
-0.992772, 321, 225, 352, 256
-0.992774, 17, 273, 80, 304
-0.992777, 397, 237, 428, 268
-0.992777, 1, 81, 64, 112
-0.992796, 45, 249, 76, 280
-0.992805, 225, 81, 256, 112
-0.992806, 205, 129, 236, 160
-0.992812, 365, 245, 396, 276
-0.992818, 365, 257, 396, 288
-0.992819, 29, 93, 60, 124
-0.99283, 409, 101, 440, 132
-0.99283, 353, 229, 384, 260
-0.992834, 293, 237, 324, 268
-0.992835, 113, 177, 240, 240
-0.992839, 479, 89, 494, 152
-0.99285, 441, 113, 472, 144
-0.992854, 81, 245, 112, 276
-0.992855, 469, 193, 500, 224
-0.992862, 449, 209, 480, 333
-0.992875, 413, 205, 444, 236
-0.992894, 297, 209, 328, 240
-0.992915, 325, 89, 356, 120
-0.992922, 433, 101, 464, 132
-0.992923, 309, 285, 340, 316
-0.992937, 397, 117, 428, 148
-0.992946, 221, 137, 252, 168
-0.992983, 285, 145, 316, 176
-0.992985, 469, 117, 500, 148
-0.992994, 161, 77, 192, 108
-0.993, 281, 93, 312, 124
-0.993009, 297, 193, 328, 224
-0.993018, 401, 249, 432, 280
-0.99302, 181, 133, 212, 164
-0.99302, 273, 221, 304, 252
-0.993022, 425, 49, 456, 176
-0.993028, 381, 157, 412, 188
-0.993032, 389, 169, 420, 200
-0.993038, 313, 249, 344, 280
-0.993041, 413, 85, 444, 116
-0.993059, 257, 169, 500, 232
-0.993071, 13, 245, 44, 276
-0.993078, 385, 105, 416, 136
-0.993078, 413, 233, 444, 264
-0.993083, 401, 73, 432, 104
-0.993087, 109, 129, 140, 160
-0.993089, 117, 117, 148, 148
-0.993093, 241, 137, 272, 168
-0.993096, 429, 89, 460, 120
-0.993111, 69, 245, 100, 276
-0.993132, 329, 289, 360, 320
-0.993138, 17, 93, 48, 124
-0.993139, 385, 237, 416, 268
-0.993147, 305, 117, 432, 148
-0.993182, 385, 133, 416, 164
-0.993187, 253, 133, 284, 164
-0.993195, 345, 113, 376, 144
-0.993206, 89, 17, 120, 144
-0.993207, 57, 245, 88, 276
-0.993208, 433, 61, 464, 92
-0.993212, 21, 121, 52, 152
-0.993221, 265, 173, 296, 204
-0.993242, 357, 269, 388, 300
-0.99325, 261, 157, 292, 188
-0.993252, 389, 77, 420, 108
-0.993253, 425, 125, 456, 156
-0.993266, 197, 85, 228, 116
-0.993269, 321, 77, 352, 108
-0.993269, 29, 249, 60, 280
-0.993291, 21, 157, 52, 188
-0.993291, 273, 149, 304, 180
-0.993291, 65, 209, 96, 333
-0.993293, 445, 101, 476, 132
-0.993293, 309, 17, 340, 144
-0.993313, 289, 133, 320, 164
-0.993321, 9, 81, 40, 112
-0.993322, 325, 141, 356, 172
-0.993329, 369, 169, 400, 200
-0.99334, 317, 213, 348, 244
-0.993353, 389, 249, 420, 280
-0.993368, 89, 93, 120, 124
-0.993375, 353, 113, 480, 144
-0.993383, 413, 133, 444, 164
-0.993391, 301, 141, 332, 172
-0.993391, 265, 133, 296, 164
-0.993392, 265, 85, 296, 116
-0.993396, 185, 85, 216, 116
-0.993399, 397, 153, 428, 184
-0.993404, 345, 217, 376, 248
-0.993406, 161, 133, 192, 164
-0.993409, 421, 65, 452, 96
-0.993413, 217, 149, 248, 180
-0.993415, 1, 57, 500, 120
-0.993422, 353, 149, 384, 180
-0.993427, 257, 89, 500, 152
-0.993432, 237, 149, 268, 180
-0.99344, 217, 93, 248, 124
-0.993445, 241, 169, 272, 200
-0.993451, 425, 213, 456, 244
-0.993452, 33, 121, 64, 152
-0.993463, 137, 129, 168, 160
-0.993468, 385, 241, 400, 304
-0.993477, 321, 277, 352, 308
-0.993478, 377, 233, 392, 296
-0.993478, 97, 129, 128, 160
-0.993481, 355, 241, 370, 304
-0.993488, 349, 241, 364, 304
-0.9935, 21, 133, 52, 164
-0.993501, 389, 65, 420, 96
-0.993516, 181, 117, 212, 148
-0.993517, 313, 297, 344, 328
-0.993519, 453, 49, 484, 80
-0.99352, 429, 229, 460, 260
-0.993521, 373, 269, 404, 300
-0.993522, 161, 89, 192, 120
-0.993555, 241, 85, 368, 116
-0.99356, 193, 225, 448, 288
-0.993564, 1, 129, 500, 192
-0.993658, 1, 89, 500, 152
-0.99366, 17, 193, 144, 256
-0.993703, 367, 249, 382, 312
-0.993705, 1, 257, 500, 320
-0.99375, 305, 133, 432, 164
-0.993761, 305, 237, 432, 268
-0.993794, 289, 89, 416, 120
-0.993796, 225, 97, 352, 128
-0.993812, 133, 145, 164, 272
-0.993865, 305, 17, 432, 80
-0.993883, 225, 117, 352, 148
-0.993904, 1, 245, 128, 276
-0.993946, 339, 225, 354, 288
-0.993959, 369, 101, 496, 132
-0.994038, 65, 185, 192, 248
-0.994052, 427, 201, 442, 264
-0.994058, 33, 129, 48, 192
-0.994135, 197, 1, 228, 128
-0.994137, 213, 145, 244, 272
-0.9942, 253, 33, 284, 160
-0.994257, 129, 201, 384, 264
-0.994278, 321, 217, 448, 248
-0.994305, 353, 265, 368, 328
-0.994318, 485, 97, 500, 160
-0.994335, 407, 57, 422, 120
-0.994336, 257, 193, 500, 256
-0.994337, 417, 225, 432, 288
-0.994411, 85, 161, 116, 288
-0.994417, 369, 73, 496, 104
-0.994417, 473, 97, 488, 160
-0.99442, 347, 265, 362, 328
-0.994442, 303, 89, 318, 152
-0.994443, 285, 209, 316, 333
-0.994479, 309, 81, 324, 144
-0.994481, 353, 85, 480, 116
-0.994494, 361, 33, 392, 160
-0.994507, 381, 129, 396, 192
-0.99452, 257, 273, 500, 333
-0.994553, 413, 89, 428, 152
-0.994555, 241, 141, 368, 172
-0.99458, 305, 77, 432, 108
-0.994582, 373, 257, 388, 320
-0.994591, 73, 33, 104, 160
-0.994622, 273, 249, 400, 280
-0.994623, 1, 33, 32, 160
-0.994635, 161, 153, 416, 216
-0.994648, 353, 265, 480, 296
-0.994661, 177, 273, 304, 333
-0.994727, 337, 257, 352, 320
-0.994735, 97, 129, 224, 160
-0.994741, 353, 245, 480, 276
-0.994755, 65, 161, 320, 224
-0.994811, 407, 89, 422, 152
-0.994832, 299, 233, 314, 296
-0.994839, 353, 229, 480, 260
-0.994853, 171, 81, 186, 144
-0.994934, 97, 49, 224, 112
-0.99494, 373, 105, 388, 168
-0.994941, 61, 145, 92, 272
-0.994941, 145, 201, 272, 264
-0.994981, 407, 233, 422, 296
-0.994994, 333, 121, 348, 184
-0.995002, 295, 81, 310, 144
-0.995014, 305, 65, 432, 96
-0.995058, 325, 73, 340, 136
-0.995071, 305, 269, 432, 300
-0.995103, 413, 65, 428, 128
-0.995111, 397, 225, 412, 288
-0.995132, 391, 217, 406, 280
-0.995151, 1, 193, 500, 256
-0.995155, 1, 125, 128, 156
-0.99516, 315, 73, 330, 136
-0.995161, 423, 225, 438, 288
-0.995183, 193, 85, 320, 116
-0.995185, 371, 225, 386, 288
-0.995209, 399, 57, 414, 120
-0.995239, 353, 169, 480, 200
-0.995264, 257, 9, 384, 72
-0.995268, 421, 201, 436, 264
-0.995302, 379, 257, 394, 320
-0.995322, 47, 241, 62, 304
-0.995329, 33, 81, 48, 144
-0.995335, 17, 93, 144, 124
-0.995335, 273, 225, 400, 256
-0.995345, 423, 65, 438, 128
-0.995356, 313, 121, 328, 184
-0.995361, 33, 105, 48, 168
-0.995369, 161, 249, 416, 312
-0.99538, 289, 193, 304, 256
-0.995385, 65, 113, 320, 176
-0.995389, 209, 73, 336, 104
-0.995406, 421, 89, 436, 152
-0.995421, 33, 137, 160, 168
-0.995421, 283, 153, 298, 216
-0.995422, 369, 125, 496, 156
-0.99544, 289, 293, 416, 324
-0.995476, 165, 73, 180, 136
-0.99548, 43, 105, 58, 168
-0.995487, 431, 57, 446, 120
-0.995492, 145, 81, 272, 112
-0.995494, 273, 153, 288, 216
-0.995526, 97, 225, 352, 288
-0.995531, 327, 225, 342, 288
-0.995551, 361, 249, 376, 312
-0.995562, 105, 145, 136, 272
-0.995565, 323, 129, 338, 192
-0.995568, 35, 233, 50, 296
-0.995569, 289, 193, 416, 224
-0.995573, 161, 49, 416, 112
-0.995575, 485, 121, 500, 184
-0.995584, 177, 141, 304, 172
-0.995616, 199, 129, 214, 192
-0.995639, 325, 105, 340, 168
-0.995645, 93, 249, 108, 312
-0.995654, 225, 213, 352, 244
-0.995656, 229, 137, 244, 200
-0.995668, 117, 145, 148, 272
-0.995678, 337, 301, 464, 332
-0.995685, 391, 241, 406, 304
-0.995735, 303, 113, 318, 176
-0.995743, 479, 121, 494, 184
-0.995749, 113, 249, 240, 312
-0.995762, 367, 129, 382, 192
-0.995786, 315, 97, 330, 160
-0.995789, 97, 117, 224, 148
-0.995789, 317, 249, 332, 312
-0.995793, 21, 177, 52, 304
-0.995799, 301, 209, 316, 272
-0.995814, 65, 273, 192, 333
-0.995827, 289, 145, 416, 176
-0.995836, 433, 193, 448, 256
-0.995845, 467, 97, 482, 160
-0.995864, 1, 149, 128, 180
-0.995872, 303, 137, 318, 200
-0.995887, 385, 265, 400, 328
-0.995888, 81, 249, 208, 280
-0.995891, 361, 273, 376, 333
-0.995891, 81, 81, 208, 112
-0.995892, 407, 113, 422, 176
-0.995892, 389, 153, 404, 216
-0.995927, 401, 81, 416, 144
-0.995949, 333, 81, 348, 144
-0.995957, 353, 61, 480, 92
-0.995999, 399, 153, 414, 216
-0.996017, 1, 153, 500, 216
-0.996035, 321, 281, 448, 312
-0.996049, 205, 121, 220, 184
-0.996054, 305, 157, 432, 188
-0.996072, 97, 237, 224, 268
-0.996074, 99, 249, 114, 312
-0.996086, 277, 129, 292, 192
-0.996091, 411, 209, 426, 272
-0.996172, 339, 81, 354, 144
-0.996172, 301, 185, 316, 248
-0.996174, 419, 249, 434, 312
-0.996185, 317, 225, 332, 288
-0.996196, 153, 1, 184, 128
-0.996197, 129, 1, 384, 64
-0.996205, 327, 273, 342, 333
-0.99621, 89, 209, 120, 333
-0.996218, 369, 157, 496, 188
-0.996238, 357, 217, 372, 280
-0.996241, 459, 41, 474, 104
-0.996242, 177, 1, 192, 64
-0.99625, 373, 129, 388, 192
-0.996254, 53, 233, 68, 296
-0.996255, 145, 109, 272, 140
-0.996262, 41, 233, 56, 296
-0.99627, 217, 137, 232, 200
-0.99627, 161, 129, 288, 160
-0.996284, 267, 129, 282, 192
-0.996291, 365, 225, 380, 288
-0.996294, 225, 73, 240, 136
-0.996303, 273, 209, 400, 240
-0.996305, 297, 273, 312, 333
-0.996335, 85, 249, 100, 312
-0.996338, 429, 81, 444, 144
-0.996353, 17, 257, 144, 288
-0.996362, 401, 257, 416, 320
-0.996363, 339, 121, 354, 184
-0.996384, 111, 97, 126, 160
-0.996386, 59, 241, 74, 304
-0.996397, 205, 97, 220, 160
-0.996404, 307, 249, 322, 312
-0.996413, 425, 249, 440, 312
-0.996429, 111, 121, 126, 184
-0.996438, 369, 277, 496, 308
-0.996443, 193, 153, 320, 184
-0.996462, 1, 249, 256, 312
-0.996477, 27, 129, 42, 192
-0.996486, 241, 153, 368, 184
-0.996493, 383, 169, 398, 232
-0.9965, 289, 89, 304, 152
-0.996502, 375, 169, 390, 232
-0.996517, 299, 161, 314, 224
-0.996524, 257, 33, 500, 96
-0.996535, 1, 33, 500, 96
-0.996541, 429, 113, 444, 176
-0.996543, 1, 25, 128, 88
-0.99655, 261, 177, 292, 304
-0.996555, 347, 217, 362, 280
-0.996556, 193, 241, 320, 304
-0.996558, 389, 121, 404, 184
-0.996568, 305, 169, 432, 200
-0.996568, 1, 233, 128, 264
-0.996575, 177, 173, 304, 204
-0.996589, 263, 89, 278, 152
-0.996591, 225, 129, 352, 160
-0.996591, 165, 49, 180, 112
-0.996604, 113, 149, 240, 180
-0.996618, 277, 177, 292, 240
-0.996621, 473, 49, 488, 112
-0.99664, 67, 241, 82, 304
-0.996653, 33, 161, 48, 224
-0.996662, 303, 65, 318, 128
-0.996663, 441, 89, 456, 152
-0.996663, 485, 185, 500, 248
-0.996667, 307, 193, 322, 256
-0.996674, 257, 261, 384, 292
-0.996674, 329, 193, 344, 256
-0.996677, 27, 153, 42, 216
-0.996678, 239, 89, 254, 152
-0.996708, 383, 105, 398, 168
-0.996711, 33, 1, 288, 64
-0.99672, 251, 121, 266, 184
-0.996731, 75, 233, 90, 296
-0.996768, 321, 205, 448, 236
-0.99677, 161, 25, 416, 88
-0.996778, 33, 57, 288, 120
-0.996785, 457, 145, 488, 272
-0.996806, 257, 73, 384, 104
-0.996898, 257, 165, 384, 196
-0.996927, 193, 197, 320, 228
-0.996931, 65, 165, 192, 196
-0.996971, 337, 49, 464, 80
-0.996972, 273, 281, 400, 312
-0.996981, 385, 237, 400, 268
-0.997016, 257, 237, 384, 268
-0.997022, 145, 93, 272, 124
-0.997046, 213, 1, 244, 128
-0.997048, 321, 117, 336, 148
-0.997102, 479, 93, 494, 124
-0.997105, 1, 161, 128, 192
-0.997108, 353, 261, 368, 292
-0.997114, 161, 69, 288, 100
-0.997116, 353, 241, 368, 272
-0.997137, 353, 141, 480, 172
-0.997142, 161, 273, 416, 333
-0.997153, 331, 129, 346, 160
-0.997158, 397, 225, 412, 256
-0.99719, 363, 253, 378, 284
-0.99722, 1, 129, 32, 256
-0.997241, 313, 65, 344, 320
-0.997244, 33, 113, 160, 144
-0.997244, 419, 225, 434, 256
-0.997245, 369, 213, 496, 244
-0.997259, 433, 1, 464, 256
-0.997272, 241, 197, 368, 228
-0.99728, 469, 97, 484, 128
-0.997288, 225, 225, 352, 256
-0.9973, 375, 253, 390, 284
-0.997318, 391, 233, 406, 264
-0.997319, 323, 129, 338, 160
-0.997319, 225, 185, 352, 216
-0.997321, 339, 225, 354, 256
-0.997334, 327, 117, 342, 148
-0.997341, 161, 1, 288, 32
-0.997344, 411, 225, 426, 256
-0.997345, 37, 89, 52, 120
-0.997357, 411, 237, 426, 268
-0.997357, 403, 241, 418, 272
-0.997359, 369, 241, 384, 272
-0.997372, 257, 9, 500, 72
-0.99738, 101, 209, 132, 333
-0.997387, 383, 249, 398, 280
-0.997393, 377, 233, 392, 264
-0.997418, 393, 245, 408, 276
-0.997418, 453, 1, 484, 256
-0.997428, 405, 229, 420, 260
-0.997428, 359, 241, 374, 272
-0.997434, 319, 105, 334, 136
-0.997447, 311, 81, 326, 112
-0.997455, 363, 265, 378, 296
-0.99747, 65, 93, 192, 124
-0.997473, 203, 129, 218, 160
-0.997475, 33, 121, 48, 152
-0.997476, 409, 65, 440, 320
-0.997485, 413, 89, 428, 120
-0.997498, 369, 193, 496, 224
-0.997523, 47, 237, 62, 268
-0.997529, 427, 205, 442, 236
-0.99753, 281, 65, 312, 320
-0.997542, 229, 1, 260, 256
-0.997547, 347, 265, 362, 296
-0.99755, 49, 125, 176, 156
-0.997556, 39, 241, 54, 272
-0.997559, 301, 85, 316, 116
-0.997559, 465, 1, 496, 256
-0.997571, 337, 125, 352, 156
-0.997585, 297, 65, 328, 320
-0.997585, 1, 25, 256, 88
-0.997589, 423, 93, 438, 124
-0.997595, 317, 129, 332, 160
-0.997603, 209, 253, 336, 284
-0.997603, 393, 1, 424, 256
-0.997608, 483, 109, 498, 140
-0.997625, 403, 61, 418, 92
-0.997634, 421, 1, 452, 256
-0.997635, 209, 129, 224, 160
-0.997639, 473, 117, 488, 148
-0.997642, 49, 233, 176, 264
-0.997645, 425, 217, 440, 248
-0.997653, 193, 241, 320, 272
-0.997659, 435, 113, 450, 144
-0.99766, 157, 33, 188, 288
-0.997669, 441, 117, 456, 148
-0.99767, 273, 181, 400, 212
-0.997673, 305, 105, 320, 136
-0.997674, 409, 113, 424, 144
-0.997679, 33, 133, 48, 164
-0.997679, 403, 217, 418, 248
-0.997691, 423, 65, 438, 96
-0.997693, 451, 109, 466, 140
-0.997699, 383, 133, 398, 164
-0.997703, 421, 77, 436, 108
-0.997711, 483, 197, 498, 228
-0.997714, 33, 65, 64, 320
-0.997724, 477, 193, 492, 224
-0.997726, 57, 249, 72, 280
-0.997729, 303, 149, 318, 180
-0.997734, 129, 113, 144, 144
-0.99774, 435, 57, 450, 88
-0.997743, 485, 93, 500, 124
-0.997755, 319, 77, 334, 108
-0.99776, 339, 241, 354, 272
-0.997761, 347, 241, 362, 272
-0.997763, 217, 33, 248, 288
-0.997783, 485, 121, 500, 152
-0.997789, 413, 61, 428, 92
-0.997793, 113, 129, 128, 160
-0.997794, 445, 105, 460, 136
-0.99781, 379, 169, 394, 200
-0.997812, 397, 73, 412, 104
-0.997813, 163, 77, 178, 108
-0.997818, 1, 81, 128, 112
-0.997825, 273, 53, 400, 84
-0.997825, 415, 213, 430, 244
-0.997828, 193, 301, 320, 332
-0.997831, 337, 257, 352, 288
-0.997835, 369, 125, 384, 156
-0.997848, 441, 89, 456, 120
-0.997854, 33, 161, 48, 192
-0.997857, 57, 237, 72, 268
-0.997859, 325, 105, 340, 136
-0.997863, 261, 33, 292, 288
-0.99787, 315, 141, 330, 172
-0.997874, 195, 129, 210, 160
-0.997877, 385, 225, 400, 256
-0.997886, 399, 161, 414, 192
-0.997896, 325, 65, 356, 320
-0.9979, 225, 289, 352, 320
-0.997911, 325, 141, 340, 172
-0.997911, 95, 249, 110, 280
-0.997913, 313, 101, 328, 132
-0.997918, 299, 241, 314, 272
-0.99793, 457, 109, 472, 140
-0.997947, 475, 105, 490, 136
-0.997955, 107, 129, 122, 160
-0.997961, 341, 65, 372, 320
-0.997963, 293, 93, 308, 124
-0.997969, 229, 141, 244, 172
-0.997969, 33, 109, 48, 140
-0.997971, 241, 301, 368, 332
-0.997971, 113, 185, 240, 216
-0.997972, 161, 209, 288, 240
-0.997975, 369, 229, 384, 260
-0.997981, 315, 241, 330, 272
-0.997984, 293, 185, 308, 216
-0.99799, 415, 73, 430, 104
-0.99799, 407, 93, 422, 124
-0.997991, 327, 281, 342, 312
-0.997994, 409, 73, 424, 104
-0.998016, 327, 293, 342, 324
-0.998022, 303, 193, 318, 224
-0.998023, 383, 105, 398, 136
-0.998028, 391, 97, 406, 128
-0.998033, 31, 89, 46, 120
-0.998037, 343, 125, 358, 156
-0.998039, 201, 65, 232, 320
-0.998041, 325, 77, 340, 108
-0.998046, 417, 249, 432, 280
-0.998047, 353, 37, 480, 68
-0.998049, 113, 161, 240, 192
-0.998051, 413, 101, 428, 132
-0.998056, 305, 133, 320, 164
-0.998058, 209, 89, 224, 120
-0.998059, 321, 93, 336, 124
-0.998062, 203, 117, 218, 148
-0.998067, 49, 149, 176, 180
-0.998068, 369, 265, 384, 296
-0.99807, 403, 117, 418, 148
-0.998071, 333, 141, 348, 172
-0.998072, 415, 133, 430, 164
-0.998075, 337, 277, 352, 308
-0.998077, 219, 137, 234, 168
-0.99808, 347, 277, 362, 308
-0.998081, 481, 133, 496, 164
-0.998084, 439, 101, 454, 132
-0.998085, 43, 101, 58, 132
-0.99809, 441, 57, 456, 88
-0.99809, 393, 161, 408, 192
-0.998095, 427, 245, 442, 276
-0.998098, 251, 137, 266, 168
-0.998098, 9, 1, 40, 256
-0.998103, 427, 117, 442, 148
-0.998103, 279, 153, 294, 184
-0.99811, 47, 253, 62, 284
-0.99811, 409, 213, 424, 244
-0.998115, 21, 65, 52, 320
-0.998125, 353, 65, 384, 320
-0.998132, 141, 65, 172, 320
-0.998145, 209, 61, 336, 92
-0.998149, 169, 1, 200, 256
-0.998158, 321, 181, 448, 212
-0.998175, 65, 261, 192, 292
-0.998213, 341, 127, 372, 142
-0.998213, 61, 243, 92, 258
-0.998218, 413, 85, 444, 100
-0.998226, 201, 93, 232, 108
-0.998242, 49, 69, 176, 100
-0.998244, 325, 139, 356, 154
-0.998247, 57, 95, 88, 110
-0.998247, 161, 177, 416, 240
-0.99825, 345, 245, 376, 260
-0.99825, 353, 167, 384, 182
-0.998267, 13, 249, 44, 264
-0.998267, 297, 93, 328, 108
-0.998275, 345, 231, 376, 246
-0.998276, 485, 81, 500, 208
-0.998277, 301, 139, 332, 154
-0.998278, 49, 65, 80, 320
-0.998293, 389, 251, 420, 266
-0.998295, 373, 109, 404, 124
-0.998299, 129, 225, 256, 256
-0.998311, 341, 209, 356, 333
-0.998315, 425, 213, 456, 228
-0.998322, 401, 157, 432, 172
-0.998324, 105, 33, 136, 288
-0.998335, 189, 91, 220, 106
-0.99834, 345, 241, 408, 256
-0.998343, 425, 125, 456, 140
-0.998346, 97, 5, 224, 36
-0.998352, 1, 1, 500, 64
-0.998355, 445, 97, 476, 112
-0.998356, 145, 225, 272, 288
-0.998361, 397, 69, 428, 84
-0.998364, 225, 277, 352, 308
-0.998366, 369, 237, 432, 252
-0.998368, 29, 237, 60, 252
-0.998371, 189, 65, 220, 320
-0.998377, 117, 117, 148, 132
-0.998378, 209, 45, 336, 76
-0.99838, 369, 227, 432, 242
-0.998381, 17, 123, 48, 138
-0.998381, 469, 203, 500, 218
-0.998385, 313, 291, 344, 306
-0.998387, 61, 65, 92, 320
-0.99839, 377, 251, 440, 266
-0.99839, 241, 33, 272, 288
-0.998402, 329, 133, 360, 148
-0.998405, 321, 257, 384, 272
-0.998409, 125, 33, 156, 288
-0.998411, 345, 235, 408, 250
-0.998412, 369, 259, 432, 274
-0.998417, 345, 247, 408, 262
-0.998421, 433, 113, 496, 128
-0.998422, 421, 245, 452, 260
-0.998424, 321, 251, 384, 266
-0.998427, 369, 1, 400, 256
-0.998429, 321, 127, 384, 142
-0.998429, 217, 175, 280, 190
-0.99843, 345, 253, 408, 268
-0.998431, 433, 119, 496, 134
-0.998433, 129, 273, 256, 333
-0.998433, 385, 245, 448, 260
-0.998435, 25, 93, 88, 108
-0.998436, 321, 237, 384, 252
-0.998437, 417, 223, 448, 238
-0.998438, 317, 243, 348, 258
-0.998438, 301, 133, 332, 148
-0.998439, 57, 95, 120, 110
-0.998442, 209, 99, 240, 114
-0.998446, 461, 127, 492, 142
-0.998451, 249, 93, 312, 108
-0.998452, 393, 233, 456, 248
-0.998452, 417, 95, 480, 110
-0.998453, 413, 201, 444, 216
-0.998454, 305, 113, 368, 128
-0.998456, 321, 263, 384, 278
-0.998457, 393, 91, 456, 106
-0.998457, 289, 89, 352, 104
-0.998459, 33, 129, 48, 256
-0.998459, 269, 91, 300, 106
-0.99846, 345, 259, 408, 274
-0.99846, 297, 231, 360, 246
-0.998463, 305, 119, 368, 134
-0.998465, 29, 123, 60, 138
-0.998465, 385, 221, 448, 236
-0.998466, 313, 243, 376, 258
-0.998468, 345, 265, 408, 280
-0.998469, 393, 125, 456, 140
-0.998469, 321, 141, 384, 156
-0.998469, 321, 229, 384, 244
-0.99847, 169, 133, 232, 148
-0.99847, 289, 125, 352, 140
-0.998471, 181, 135, 212, 150
-0.998478, 401, 117, 464, 132
-0.998478, 441, 59, 472, 74
-0.998479, 153, 125, 216, 140
-0.99848, 321, 113, 352, 128
-0.998481, 417, 101, 480, 116
-0.998483, 329, 133, 392, 148
-0.998483, 281, 295, 344, 310
-0.998484, 281, 309, 344, 324
-0.998485, 321, 277, 384, 292
-0.998486, 281, 153, 312, 168
-0.998486, 475, 97, 490, 224
-0.998486, 337, 271, 400, 286
-0.998487, 373, 173, 404, 188
-0.998487, 393, 227, 456, 242
-0.998489, 153, 83, 216, 98
-0.998489, 1, 253, 64, 268
-0.998489, 433, 127, 496, 142
-0.99849, 281, 257, 344, 272
-0.99849, 409, 243, 472, 258
-0.998492, 297, 267, 360, 282
-0.998492, 177, 139, 240, 154
-0.998492, 17, 151, 80, 166
-0.998492, 129, 57, 256, 88
-0.998493, 321, 85, 352, 100
-0.998494, 49, 251, 112, 266
-0.998495, 417, 97, 448, 112
-0.998495, 265, 117, 328, 132
-0.998496, 193, 29, 320, 60
-0.998497, 17, 127, 80, 142
-0.998497, 305, 99, 368, 114
-0.998497, 345, 229, 408, 244
-0.998499, 409, 211, 472, 226
-0.9985, 281, 237, 344, 252
-0.9985, 281, 111, 344, 126
-0.9985, 281, 99, 344, 114
-0.998501, 369, 129, 432, 144
-0.998501, 393, 63, 456, 78
-0.998501, 329, 221, 392, 236
-0.998502, 165, 89, 196, 104
-0.998502, 17, 157, 80, 172
-0.998502, 353, 167, 416, 182
-0.998504, 233, 139, 296, 154
-0.998505, 425, 197, 488, 212
-0.998505, 361, 143, 424, 158
-0.998505, 201, 137, 264, 152
-0.998506, 25, 243, 88, 258
-0.998506, 17, 133, 80, 148
-0.998507, 385, 221, 416, 236
-0.998508, 281, 281, 344, 296
-0.99851, 281, 217, 344, 232
-0.998511, 1, 277, 128, 308
-0.998511, 185, 99, 248, 114
-0.998512, 357, 253, 388, 268
-0.998515, 353, 151, 416, 166
-0.998516, 273, 193, 336, 208
-0.998517, 289, 147, 352, 162
-0.998517, 113, 131, 176, 146
-0.998517, 65, 165, 128, 180
-0.998518, 193, 131, 256, 146
-0.998518, 385, 97, 448, 112
-0.998519, 281, 141, 344, 156
-0.998519, 393, 153, 456, 168
-0.998519, 1, 225, 256, 288
-0.998519, 337, 103, 400, 118
-0.998519, 385, 201, 448, 216
-0.99852, 409, 281, 472, 296
-0.99852, 353, 1, 480, 32
-0.998521, 281, 289, 344, 304
-0.998521, 281, 81, 344, 96
-0.998521, 281, 223, 344, 238
-0.998522, 337, 121, 400, 136
-0.998523, 1, 95, 64, 110
-0.998523, 369, 137, 432, 152
-0.998523, 281, 251, 344, 266
-0.998524, 405, 239, 436, 254
-0.998524, 281, 275, 344, 290
-0.998525, 57, 245, 120, 260
-0.998525, 289, 135, 352, 150
-0.998525, 145, 89, 208, 104
-0.998526, 17, 145, 80, 160
-0.998527, 257, 147, 320, 162
-0.998527, 209, 143, 272, 158
-0.998528, 369, 77, 432, 92
-0.998528, 113, 117, 176, 132
-0.998528, 369, 91, 432, 106
-0.998528, 17, 163, 80, 178
-0.998529, 145, 133, 208, 148
-0.998529, 65, 217, 192, 248
-0.998529, 405, 79, 436, 94
-0.998529, 41, 101, 104, 116
-0.99853, 177, 91, 240, 106
-0.99853, 433, 133, 496, 148
-0.998532, 393, 109, 456, 124
-0.998532, 249, 183, 312, 198
-0.998533, 249, 99, 312, 114
-0.998535, 417, 203, 480, 218
-0.998536, 353, 161, 416, 176
-0.998536, 17, 139, 80, 154
-0.998538, 281, 243, 344, 258
-0.998538, 305, 107, 368, 122
-0.99854, 385, 279, 448, 294
-0.99854, 393, 303, 456, 318
-0.998541, 209, 89, 272, 104
-0.998542, 401, 85, 464, 100
-0.998542, 409, 217, 472, 232
-0.998543, 313, 145, 344, 160
-0.998543, 369, 123, 432, 138
-0.998543, 401, 265, 464, 280
-0.998543, 281, 315, 344, 330
-0.998544, 329, 147, 392, 162
-0.998544, 305, 291, 368, 306
-0.998546, 433, 273, 496, 288
-0.998546, 25, 249, 88, 264
-0.998548, 1, 251, 32, 266
-0.998549, 193, 139, 224, 154
-0.998553, 93, 65, 124, 320
-0.998561, 297, 219, 328, 234
-0.998563, 469, 81, 484, 208
-0.998568, 453, 55, 484, 70
-0.998578, 297, 201, 328, 216
-0.998579, 41, 251, 72, 266
-0.998587, 313, 283, 344, 298
-0.998595, 161, 81, 192, 96
-0.998603, 427, 193, 442, 320
-0.998608, 397, 227, 428, 242
-0.998611, 209, 1, 336, 32
-0.998612, 221, 99, 252, 114
-0.998613, 321, 227, 352, 242
-0.998617, 365, 239, 396, 254
-0.998622, 437, 119, 468, 134
-0.998626, 329, 127, 360, 142
-0.998635, 65, 205, 192, 236
-0.99864, 257, 41, 384, 72
-0.998646, 425, 207, 456, 222
-0.998647, 129, 37, 256, 68
-0.998648, 317, 217, 348, 232
-0.998651, 17, 197, 144, 228
-0.998656, 405, 65, 420, 192
-0.99866, 45, 243, 76, 258
-0.998663, 385, 111, 416, 126
-0.998677, 73, 65, 104, 320
-0.99868, 229, 173, 260, 188
-0.998687, 369, 289, 496, 320
-0.998688, 313, 137, 344, 152
-0.99869, 297, 209, 328, 224
-0.998697, 365, 167, 396, 182
-0.9987, 49, 1, 176, 32
-0.998701, 365, 139, 396, 154
-0.998708, 313, 121, 344, 136
-0.998711, 409, 119, 440, 134
-0.998714, 53, 249, 84, 264
-0.998725, 437, 113, 468, 128
-0.998727, 331, 65, 346, 192
-0.998741, 145, 237, 272, 268
-0.998745, 377, 237, 408, 252
-0.998746, 463, 49, 478, 176
-0.998748, 313, 79, 344, 94
-0.998751, 89, 95, 120, 110
-0.998751, 465, 103, 496, 118
-0.998753, 377, 249, 408, 264
-0.998754, 333, 261, 364, 276
-0.998756, 321, 81, 336, 208
-0.998757, 203, 97, 218, 224
-0.998759, 333, 275, 364, 290
-0.99877, 113, 209, 240, 240
-0.99878, 409, 217, 440, 232
-0.998783, 301, 103, 332, 118
-0.998795, 381, 1, 412, 256
-0.998796, 303, 145, 318, 272
-0.998797, 377, 263, 408, 278
-0.9988, 307, 65, 322, 192
-0.998824, 399, 65, 414, 192
-0.99884, 397, 233, 428, 248
-0.998841, 229, 81, 244, 208
-0.998848, 313, 253, 344, 268
-0.998854, 385, 209, 400, 333
-0.998856, 325, 281, 356, 296
-0.998866, 301, 85, 332, 100
-0.998868, 1, 173, 128, 204
-0.998869, 217, 81, 232, 208
-0.998876, 453, 113, 484, 128
-0.998882, 385, 167, 416, 182
-0.998882, 301, 117, 332, 132
-0.99889, 483, 129, 498, 256
-0.998897, 327, 209, 342, 333
-0.998902, 129, 249, 256, 280
-0.998902, 369, 181, 496, 212
-0.998913, 409, 113, 440, 128
-0.998914, 65, 177, 192, 208
-0.998918, 381, 133, 412, 148
-0.998921, 29, 243, 60, 258
-0.998921, 469, 197, 500, 212
-0.998924, 325, 119, 356, 134
-0.998931, 361, 231, 392, 246
-0.998933, 333, 269, 364, 284
-0.998939, 403, 113, 418, 240
-0.998949, 177, 221, 304, 252
-0.998961, 331, 129, 346, 256
-0.998965, 33, 185, 288, 248
-0.998981, 411, 113, 426, 240
-0.998994, 301, 209, 316, 333
-0.998998, 345, 265, 376, 280
-0.999, 427, 65, 442, 192
-0.999019, 375, 209, 390, 333
-0.999041, 163, 81, 178, 208
-0.999043, 471, 33, 486, 160
-0.999049, 97, 105, 224, 136
-0.999052, 481, 33, 496, 160
-0.999058, 35, 81, 50, 208
-0.999064, 365, 129, 396, 144
-0.999068, 77, 95, 108, 110
-0.999076, 113, 97, 128, 224
-0.999076, 113, 69, 240, 100
-0.999079, 1, 45, 128, 76
-0.999081, 1, 69, 128, 100
-0.999082, 25, 81, 40, 208
-0.999089, 309, 113, 324, 240
-0.999089, 211, 81, 226, 208
-0.999098, 257, 13, 384, 44
-0.999103, 177, 17, 304, 48
-0.999109, 285, 189, 316, 204
-0.999118, 477, 177, 492, 304
-0.999118, 369, 13, 496, 44
-0.999122, 65, 57, 192, 88
-0.999122, 353, 271, 384, 286
-0.999127, 419, 209, 434, 333
-0.999128, 395, 209, 410, 333
-0.99913, 369, 255, 400, 270
-0.999134, 337, 113, 352, 240
-0.999137, 335, 209, 350, 333
-0.999145, 353, 209, 368, 333
-0.999155, 29, 93, 60, 108
-0.999181, 389, 113, 404, 240
-0.999185, 397, 91, 428, 106
-0.999196, 367, 113, 382, 240
-0.999202, 409, 245, 440, 260
-0.999209, 223, 81, 238, 208
-0.999215, 65, 273, 320, 333
-0.999216, 465, 111, 496, 126
-0.999216, 315, 65, 330, 192
-0.999219, 457, 49, 472, 176
-0.999221, 293, 65, 308, 192
-0.999226, 81, 249, 112, 264
-0.999229, 453, 97, 468, 224
-0.999232, 123, 97, 138, 224
-0.999239, 261, 65, 276, 192
-0.999246, 433, 97, 448, 224
-0.999252, 333, 255, 364, 270
-0.999253, 251, 81, 266, 208
-0.999255, 155, 81, 170, 208
-0.999259, 411, 65, 426, 192
-0.999262, 405, 17, 420, 144
-0.999271, 347, 209, 362, 333
-0.999279, 461, 97, 476, 224
-0.99928, 383, 97, 398, 224
-0.999283, 309, 111, 340, 126
-0.999284, 337, 65, 352, 192
-0.999285, 401, 63, 432, 78
-0.999285, 357, 245, 388, 260
-0.999291, 43, 81, 58, 208
-0.999296, 385, 243, 416, 258
-0.999299, 301, 65, 316, 192
-0.999303, 307, 193, 322, 320
-0.999312, 197, 113, 212, 240
-0.999336, 333, 231, 364, 246
-0.999337, 169, 81, 184, 208
-0.999341, 417, 113, 432, 240
-0.999345, 471, 177, 486, 304
-0.999349, 27, 129, 42, 256
-0.999356, 349, 237, 380, 252
-0.99936, 239, 97, 254, 224
-0.999369, 433, 193, 448, 320
-0.999372, 443, 97, 458, 224
-0.999373, 309, 127, 340, 142
-0.999373, 393, 65, 408, 192
-0.999404, 449, 49, 464, 176
-0.999412, 333, 237, 364, 252
-0.999417, 107, 97, 122, 224
-0.999426, 387, 161, 402, 288
-0.999436, 149, 81, 164, 208
-0.99944, 441, 1, 456, 128
-0.999442, 39, 129, 54, 256
-0.999444, 411, 209, 426, 333
-0.999449, 377, 161, 392, 288
-0.999455, 295, 193, 310, 320
-0.999457, 413, 91, 444, 106
-0.999462, 435, 1, 450, 128
-0.999479, 427, 113, 442, 240
-0.999487, 433, 49, 448, 176
-0.999493, 393, 161, 408, 288
-0.999498, 321, 33, 336, 160
-0.999503, 381, 227, 412, 242
-0.999512, 141, 97, 156, 224
-0.999518, 131, 113, 146, 240
-0.999523, 343, 81, 358, 208
-0.999532, 267, 129, 282, 256
-0.999536, 373, 97, 388, 224
-0.99954, 483, 177, 498, 304
-0.999549, 411, 17, 426, 144
-0.99956, 417, 49, 432, 176
-0.999561, 197, 65, 212, 192
-0.999563, 397, 221, 428, 236
-0.999564, 149, 129, 164, 256
-0.999566, 367, 209, 382, 333
-0.999566, 399, 161, 414, 288
-0.999567, 349, 65, 364, 192
-0.99957, 253, 129, 268, 256
-0.999575, 353, 259, 384, 274
-0.999579, 177, 81, 192, 208
-0.999589, 455, 1, 470, 128
-0.999593, 465, 121, 496, 136
-0.999595, 313, 193, 328, 320
-0.999608, 295, 113, 310, 240
-0.999608, 403, 209, 418, 333
-0.999609, 421, 161, 436, 288
-0.999613, 397, 1, 412, 128
-0.999616, 453, 209, 468, 333
-0.999625, 193, 133, 224, 148
-0.999635, 467, 129, 482, 256
-0.999645, 315, 129, 330, 256
-0.999652, 361, 209, 376, 333
-0.999655, 365, 265, 396, 280
-0.999658, 289, 223, 304, 238
-0.999659, 373, 167, 388, 182
-0.999659, 399, 65, 414, 80
-0.99966, 321, 133, 336, 148
-0.99966, 425, 67, 440, 82
-0.99966, 323, 119, 338, 134
-0.99966, 33, 111, 48, 126
-0.999661, 333, 247, 364, 262
-0.999661, 411, 115, 426, 130
-0.999662, 25, 99, 40, 114
-0.999663, 435, 119, 450, 134
-0.999663, 319, 111, 334, 126
-0.999663, 335, 135, 350, 150
-0.999663, 401, 251, 432, 266
-0.999664, 403, 157, 418, 172
-0.999664, 451, 119, 466, 134
-0.999664, 405, 89, 420, 104
-0.999664, 361, 129, 376, 256
-0.999666, 403, 123, 418, 138
-0.999666, 287, 187, 302, 202
-0.999667, 1, 253, 16, 268
-0.999668, 483, 107, 498, 122
-0.999668, 447, 57, 462, 72
-0.999669, 33, 101, 48, 116
-0.999669, 399, 167, 414, 182
-0.999669, 163, 87, 178, 102
-0.999669, 435, 61, 450, 76
-0.999669, 367, 167, 382, 182
-0.99967, 327, 143, 342, 158
-0.99967, 323, 79, 338, 94
-0.999671, 179, 183, 194, 198
-0.999672, 457, 113, 472, 128
-0.999673, 327, 281, 342, 296
-0.999675, 347, 273, 362, 288
-0.999675, 485, 191, 500, 206
-0.999675, 327, 253, 342, 268
-0.999675, 349, 253, 364, 268
-0.999675, 367, 257, 382, 272
-0.999675, 303, 157, 318, 172
-0.999676, 303, 87, 318, 102
-0.999678, 417, 215, 432, 230
-0.999678, 429, 119, 444, 134
-0.999678, 439, 97, 454, 112
-0.999679, 405, 63, 420, 78
-0.999679, 409, 249, 424, 264
-0.99968, 391, 109, 406, 124
-0.999682, 427, 207, 442, 222
-0.999683, 423, 243, 438, 258
-0.999684, 95, 251, 110, 266
-0.999685, 339, 237, 354, 252
-0.999685, 57, 249, 72, 264
-0.999686, 33, 129, 48, 144
-0.999687, 425, 213, 440, 228
-0.999687, 475, 195, 490, 210
-0.999688, 441, 59, 456, 74
-0.999688, 451, 113, 466, 128
-0.99969, 83, 81, 98, 208
-0.99969, 431, 91, 446, 106
-0.99969, 393, 235, 408, 250
-0.999692, 331, 129, 346, 144
-0.999693, 367, 251, 382, 266
-0.999693, 101, 95, 116, 110
-0.999694, 195, 133, 210, 148
-0.999694, 403, 251, 418, 266
-0.999694, 369, 129, 384, 144
-0.999696, 387, 249, 402, 264
-0.999696, 395, 227, 410, 242
-0.999697, 413, 233, 428, 248
-0.999697, 191, 97, 206, 224
-0.999698, 383, 133, 398, 148
-0.999698, 289, 145, 304, 272
-0.999698, 207, 135, 222, 150
-0.999699, 485, 201, 500, 216
-0.999699, 325, 113, 340, 128
-0.999699, 329, 121, 344, 136
-0.999699, 385, 257, 416, 272
-0.999699, 485, 113, 500, 128
-0.999701, 371, 241, 386, 256
-0.999702, 377, 231, 392, 246
-0.999703, 373, 255, 388, 270
-0.999704, 397, 221, 412, 236
-0.999704, 399, 233, 414, 248
-0.999704, 423, 93, 438, 108
-0.999705, 33, 93, 48, 108
-0.999705, 387, 225, 402, 240
-0.999705, 411, 239, 426, 254
-0.999705, 165, 81, 180, 96
-0.999706, 353, 271, 368, 286
-0.999707, 353, 237, 368, 252
-0.999708, 403, 219, 418, 234
-0.999708, 411, 221, 426, 236
-0.999709, 269, 1, 284, 128
-0.99971, 293, 187, 308, 202
-0.99971, 409, 95, 424, 110
-0.999712, 403, 243, 418, 258
-0.999712, 395, 255, 410, 270
-0.999714, 319, 139, 334, 154
-0.999715, 337, 129, 352, 144
-0.999716, 483, 129, 498, 144
-0.999717, 357, 261, 372, 276
-0.999718, 321, 145, 336, 160
-0.999719, 479, 123, 494, 138
-0.99972, 483, 97, 498, 112
-0.99972, 467, 103, 482, 118
-0.99972, 417, 91, 432, 106
-0.99972, 125, 115, 140, 130
-0.999721, 327, 137, 342, 152
-0.999721, 261, 129, 276, 256
-0.999721, 249, 1, 264, 128
-0.999722, 317, 79, 332, 94
-0.999722, 417, 247, 432, 262
-0.999725, 369, 265, 384, 280
-0.999725, 323, 125, 338, 140
-0.999726, 47, 243, 62, 258
-0.999726, 71, 81, 86, 208
-0.999726, 423, 1, 438, 128
-0.999727, 405, 161, 420, 288
-0.999727, 55, 1, 70, 128
-0.999728, 397, 245, 412, 260
-0.99973, 91, 209, 106, 333
-0.99973, 227, 33, 242, 160
-0.99973, 429, 201, 444, 216
-0.999734, 463, 209, 478, 333
-0.999734, 371, 161, 386, 288
-0.999735, 209, 129, 224, 256
-0.999736, 359, 255, 374, 270
-0.999737, 359, 269, 374, 284
-0.999737, 479, 117, 494, 132
-0.999738, 183, 81, 198, 208
-0.999741, 115, 49, 130, 176
-0.999742, 389, 257, 404, 272
-0.999746, 39, 209, 54, 333
-0.999746, 355, 81, 370, 208
-0.999748, 477, 111, 492, 126
-0.999749, 349, 263, 364, 278
-0.999749, 359, 245, 374, 260
-0.999749, 171, 33, 186, 160
-0.999749, 379, 261, 394, 276
-0.999751, 411, 89, 426, 104
-0.999752, 377, 241, 392, 256
-0.999754, 389, 243, 404, 258
-0.999756, 277, 81, 292, 208
-0.999756, 417, 225, 432, 240
-0.999757, 387, 237, 402, 252
-0.99976, 201, 131, 216, 146
-0.999761, 485, 119, 500, 134
-0.999761, 471, 97, 486, 112
-0.999761, 353, 247, 368, 262
-0.999767, 477, 97, 492, 112
-0.999771, 405, 229, 420, 244
-0.999778, 469, 97, 500, 112
-0.999782, 311, 83, 326, 98
-0.999788, 411, 227, 426, 242
-0.999791, 381, 251, 396, 266
-0.999793, 33, 123, 48, 138
-0.999806, 337, 229, 352, 244
