1959
-0.235558, 1, 65, 500, 320
-0.239208, 1, 1, 500, 375
-0.507594, 129, 1, 384, 375
-0.50987, 257, 1, 500, 375
-0.549325, 33, 1, 288, 375
-0.652262, 193, 1, 448, 256
-0.65881, 33, 65, 288, 320
-0.678525, 225, 129, 480, 375
-0.812195, 129, 97, 384, 352
-0.857161, 369, 33, 496, 288
-0.865535, 305, 129, 432, 375
-0.868859, 209, 1, 336, 375
-0.871068, 241, 1, 368, 256
-0.872344, 369, 1, 496, 375
-0.873102, 1, 65, 500, 192
-0.8802, 129, 1, 256, 375
-0.88287, 305, 1, 432, 256
-0.886953, 1, 177, 500, 304
-0.887583, 1, 113, 500, 240
-0.888442, 289, 1, 416, 375
-0.893096, 1, 97, 128, 352
-0.898015, 81, 1, 208, 375
-0.900574, 353, 129, 480, 375
-0.901124, 241, 97, 368, 352
-0.907589, 49, 65, 176, 320
-0.91184, 1, 225, 500, 352
-0.913916, 193, 65, 320, 320
-0.919774, 129, 33, 256, 288
-0.921493, 1, 17, 500, 144
-0.924743, 33, 1, 160, 375
-0.924797, 257, 33, 500, 160
-0.925351, 161, 81, 416, 208
-0.931984, 193, 193, 448, 320
-0.932539, 97, 129, 224, 375
-0.937858, 1, 65, 256, 192
-0.938727, 257, 97, 500, 224
-0.940819, 145, 129, 272, 375
-0.942935, 33, 209, 288, 336
-0.943725, 321, 1, 448, 128
-0.944763, 289, 177, 416, 304
-0.944796, 129, 33, 384, 160
-0.946143, 257, 145, 500, 272
-0.94728, 129, 241, 384, 368
-0.947406, 305, 97, 432, 224
-0.948016, 417, 81, 480, 208
-0.950147, 369, 81, 496, 208
-0.950743, 321, 49, 448, 176
-0.950945, 377, 113, 440, 240
-0.951389, 193, 225, 320, 352
-0.951848, 425, 81, 488, 144
-0.953283, 257, 81, 384, 208
-0.953451, 337, 161, 464, 288
-0.953473, 209, 33, 336, 160
-0.953807, 33, 161, 288, 288
-0.954706, 417, 1, 480, 128
-0.956157, 241, 193, 368, 320
-0.956307, 33, 81, 160, 208
-0.956981, 353, 1, 416, 128
-0.957114, 353, 113, 416, 240
-0.957429, 273, 1, 400, 128
-0.959204, 393, 105, 456, 168
-0.960398, 1, 113, 256, 240
-0.960606, 81, 225, 208, 352
-0.961035, 329, 97, 392, 224
-0.96112, 369, 1, 496, 128
-0.961441, 49, 81, 112, 208
-0.961752, 393, 65, 456, 192
-0.962151, 353, 161, 416, 288
-0.962487, 297, 81, 360, 208
-0.96259, 145, 241, 272, 368
-0.962802, 273, 209, 336, 336
-0.963213, 385, 1, 448, 128
-0.963621, 273, 65, 336, 192
-0.963753, 97, 49, 224, 176
-0.963911, 9, 129, 72, 256
-0.964427, 345, 97, 408, 160
-0.964806, 305, 193, 368, 320
-0.964982, 369, 113, 432, 176
-0.965265, 209, 225, 272, 352
-0.965606, 1, 129, 128, 256
-0.966238, 241, 49, 304, 112
-0.966447, 73, 65, 136, 192
-0.966624, 169, 273, 232, 336
-0.96672, 265, 17, 328, 144
-0.966751, 241, 193, 304, 320
-0.967525, 393, 49, 456, 112
-0.967528, 329, 177, 392, 304
-0.967569, 169, 241, 232, 368
-0.968086, 417, 121, 480, 184
-0.968461, 305, 33, 368, 160
-0.968535, 209, 241, 272, 304
-0.968586, 345, 49, 408, 176
-0.968752, 433, 57, 496, 120
-0.968884, 145, 49, 272, 176
-0.968923, 281, 81, 344, 144
-0.969055, 329, 1, 392, 128
-0.969587, 345, 121, 408, 184
-0.969642, 401, 129, 464, 256
-0.969652, 73, 241, 136, 368
-0.969743, 281, 161, 344, 288
-0.969927, 241, 145, 368, 272
-0.969928, 369, 65, 432, 192
-0.969986, 233, 217, 296, 280
-0.969994, 353, 105, 480, 168
-0.970092, 169, 49, 232, 176
-0.970345, 33, 193, 160, 320
-0.970481, 257, 73, 320, 136
-0.970529, 297, 201, 360, 264
-0.970537, 305, 105, 368, 168
-0.970722, 1, 1, 128, 256
-0.970785, 193, 177, 320, 304
-0.970855, 397, 97, 428, 224
-0.971039, 33, 241, 160, 368
-0.971063, 377, 1, 440, 256
-0.971526, 369, 41, 432, 104
-0.971551, 209, 65, 272, 128
-0.971669, 129, 49, 192, 176
-0.971682, 377, 161, 440, 288
-0.971971, 113, 225, 176, 352
-0.972017, 41, 97, 104, 160
-0.972182, 409, 1, 472, 256
-0.972514, 273, 33, 336, 96
-0.972522, 129, 129, 384, 256
-0.972854, 1, 177, 64, 304
-0.972862, 81, 177, 208, 304
-0.972925, 345, 169, 408, 232
-0.973007, 401, 81, 464, 144
-0.973466, 369, 137, 432, 200
-0.973485, 273, 217, 336, 280
-0.974004, 49, 209, 112, 336
-0.974073, 305, 145, 368, 272
-0.974279, 353, 1, 416, 256
-0.974492, 233, 73, 296, 136
-0.974529, 137, 225, 200, 352
-0.974736, 337, 97, 400, 352
-0.974738, 209, 73, 336, 136
-0.97498, 273, 193, 336, 256
-0.975199, 49, 249, 112, 312
-0.975255, 321, 185, 384, 248
-0.975273, 225, 241, 480, 368
-0.975308, 193, 49, 256, 176
-0.975368, 297, 297, 360, 360
-0.97547, 73, 73, 136, 136
-0.975723, 249, 193, 312, 256
-0.975789, 433, 1, 496, 256
-0.975868, 425, 33, 488, 96
-0.975926, 145, 273, 208, 336
-0.97595, 425, 81, 456, 208
-0.976257, 25, 121, 88, 184
-0.976293, 297, 1, 360, 64
-0.976371, 25, 81, 88, 208
-0.976489, 297, 177, 360, 240
-0.976511, 289, 105, 416, 168
-0.976525, 401, 1, 464, 64
-0.976554, 377, 161, 440, 224
-0.976636, 353, 1, 416, 64
-0.976684, 305, 97, 368, 352
-0.976738, 73, 257, 136, 320
-0.976763, 241, 17, 304, 144
-0.977051, 377, 73, 440, 136
-0.977071, 273, 1, 336, 256
-0.977332, 385, 113, 416, 240
-0.97739, 305, 177, 432, 240
-0.977414, 209, 81, 336, 208
-0.977621, 65, 73, 192, 136
-0.978171, 241, 65, 304, 320
-0.978184, 465, 1, 496, 128
-0.978366, 73, 193, 136, 320
-0.978418, 185, 233, 248, 296
-0.978422, 257, 241, 384, 368
-0.978506, 361, 129, 424, 375
-0.978548, 401, 97, 464, 352
-0.978688, 225, 217, 352, 280
-0.978718, 105, 65, 168, 192
-0.978781, 81, 281, 208, 344
-0.978829, 393, 137, 456, 200
-0.97885, 49, 161, 112, 288
-0.978925, 185, 57, 248, 120
-0.979073, 321, 1, 384, 256
-0.979337, 257, 145, 320, 272
-0.979479, 405, 105, 436, 168
-0.979546, 433, 73, 464, 136
-0.979555, 265, 169, 328, 232
-0.979592, 337, 73, 464, 136
-0.979648, 25, 193, 88, 320
-0.979652, 129, 193, 256, 320
-0.979771, 357, 1, 388, 128
-0.979807, 321, 129, 448, 192
-0.979911, 217, 41, 280, 104
-0.980018, 409, 97, 440, 224
-0.980048, 337, 33, 464, 96
-0.980056, 449, 33, 480, 160
-0.980155, 121, 281, 184, 344
-0.980232, 345, 33, 408, 96
-0.980775, 177, 273, 304, 336
-0.980801, 437, 33, 468, 160
-0.980903, 97, 273, 160, 336
-0.981033, 389, 113, 420, 176
-0.981091, 321, 153, 384, 216
-0.98112, 241, 177, 368, 240
-0.981161, 377, 1, 440, 64
-0.981195, 353, 161, 480, 224
-0.98122, 361, 97, 392, 160
-0.981262, 397, 137, 428, 200
-0.981335, 421, 81, 452, 144
-0.981369, 413, 49, 444, 112
-0.981396, 97, 249, 224, 312
-0.98143, 9, 185, 72, 248
-0.981447, 137, 65, 200, 128
-0.981557, 145, 97, 272, 224
-0.981681, 425, 1, 488, 64
-0.981724, 429, 41, 460, 104
-0.981788, 305, 241, 432, 368
-0.981811, 321, 25, 384, 88
-0.981963, 25, 97, 88, 352
-0.982048, 65, 65, 128, 320
-0.982091, 385, 137, 416, 200
-0.982111, 281, 97, 344, 352
-0.98221, 225, 41, 352, 104
-0.982235, 273, 33, 400, 96
-0.982239, 33, 121, 64, 184
-0.982256, 129, 65, 256, 128
-0.98227, 253, 41, 284, 104
-0.982283, 425, 33, 456, 160
-0.982287, 329, 1, 392, 64
-0.982357, 137, 305, 200, 368
-0.982455, 297, 1, 360, 256
-0.982535, 445, 65, 476, 128
-0.982606, 441, 33, 472, 96
-0.982608, 105, 249, 168, 312
-0.982636, 217, 241, 248, 304
-0.98269, 33, 217, 96, 280
-0.982801, 337, 97, 368, 224
-0.982849, 313, 81, 376, 144
-0.982852, 233, 241, 296, 304
-0.982868, 193, 241, 320, 304
-0.982888, 337, 105, 368, 168
-0.982952, 17, 105, 144, 168
-0.983012, 261, 209, 292, 272
-0.983082, 105, 177, 168, 304
-0.983122, 161, 281, 192, 344
-0.983244, 369, 1, 400, 128
-0.983255, 161, 249, 224, 312
-0.983282, 349, 97, 380, 160
-0.983315, 457, 17, 488, 80
-0.98332, 297, 153, 360, 216
-0.983321, 465, 73, 496, 136
-0.983348, 53, 81, 84, 208
-0.98339, 249, 25, 312, 88
-0.983464, 53, 97, 84, 160
-0.983479, 297, 17, 328, 144
-0.983492, 401, 1, 464, 375
-0.983526, 373, 121, 404, 184
-0.983564, 461, 49, 492, 176
-0.983582, 353, 9, 480, 72
-0.983589, 173, 273, 204, 336
-0.983766, 465, 49, 496, 112
-0.983771, 217, 177, 280, 304
-0.983851, 413, 1, 444, 128
-0.983871, 241, 97, 368, 160
-0.983878, 245, 217, 276, 280
-0.983883, 317, 97, 348, 160
-0.983955, 209, 217, 272, 280
-0.98405, 193, 265, 256, 328
-0.98407, 409, 145, 440, 208
-0.984123, 181, 241, 212, 368
-0.984155, 369, 137, 496, 200
-0.98424, 113, 65, 176, 128
-0.984265, 33, 17, 288, 144
-0.984311, 169, 305, 200, 368
-0.984331, 49, 33, 176, 160
-0.984355, 241, 65, 272, 128
-0.984362, 469, 9, 500, 72
-0.984381, 73, 281, 136, 344
-0.984388, 161, 305, 224, 368
-0.984392, 213, 225, 244, 352
-0.984396, 241, 65, 304, 192
-0.984407, 17, 145, 80, 208
-0.984412, 409, 49, 440, 176
-0.984437, 225, 225, 256, 352
-0.984449, 289, 209, 320, 336
-0.984494, 169, 89, 232, 152
-0.984554, 349, 97, 380, 224
-0.984566, 305, 241, 368, 368
-0.98458, 281, 73, 312, 136
-0.984591, 273, 201, 400, 264
-0.984596, 161, 1, 288, 128
-0.984649, 373, 97, 404, 160
-0.98467, 233, 241, 296, 368
-0.984691, 373, 113, 404, 240
-0.984748, 217, 97, 280, 224
-0.984761, 433, 105, 464, 168
-0.984768, 293, 81, 324, 144
-0.984801, 357, 161, 388, 288
-0.984841, 265, 49, 296, 112
-0.984861, 177, 193, 240, 320
-0.9849, 469, 105, 500, 168
-0.984907, 357, 1, 388, 64
-0.984973, 261, 193, 292, 320
-0.985098, 297, 65, 328, 192
-0.985117, 161, 57, 224, 120
-0.985133, 185, 273, 216, 336
-0.985152, 281, 33, 312, 96
-0.985167, 345, 145, 408, 208
-0.985231, 177, 49, 304, 112
-0.985238, 257, 1, 320, 375
-0.98534, 349, 121, 380, 184
-0.985427, 197, 241, 228, 304
-0.985457, 97, 97, 224, 224
-0.985466, 417, 105, 448, 168
-0.985473, 197, 265, 228, 328
-0.985483, 225, 65, 256, 128
-0.985505, 177, 49, 208, 176
-0.985563, 401, 49, 432, 112
-0.985671, 381, 169, 412, 232
-0.9857, 421, 1, 452, 64
-0.985738, 289, 153, 416, 216
-0.985785, 1, 129, 64, 375
-0.985786, 409, 73, 440, 136
-0.985792, 229, 233, 260, 296
-0.985802, 49, 241, 176, 304
-0.985927, 233, 1, 296, 375
-0.98593, 345, 113, 408, 144
-0.98597, 217, 33, 280, 288
-0.985971, 309, 81, 340, 208
-0.985994, 313, 1, 344, 64
-0.986003, 97, 265, 128, 328
-0.986045, 341, 185, 372, 248
-0.986091, 453, 121, 484, 184
-0.986288, 433, 193, 496, 320
-0.9863, 1, 177, 128, 240
-0.9863, 321, 129, 384, 192
-0.986305, 313, 201, 344, 264
-0.986332, 1, 257, 128, 320
-0.986343, 65, 249, 96, 312
-0.986347, 321, 193, 352, 320
-0.986351, 265, 185, 296, 248
-0.986362, 85, 257, 116, 320
-0.986394, 89, 65, 152, 320
-0.986467, 377, 241, 440, 368
-0.986478, 261, 73, 292, 136
-0.986504, 397, 161, 428, 224
-0.986507, 97, 241, 128, 368
-0.98652, 357, 177, 388, 240
-0.98653, 297, 25, 360, 88
-0.986533, 281, 217, 312, 280
-0.986533, 285, 17, 316, 144
-0.986546, 217, 49, 280, 176
-0.986549, 425, 1, 488, 375
-0.98656, 361, 121, 392, 184
-0.986575, 401, 25, 464, 88
-0.986638, 289, 57, 352, 120
-0.986682, 321, 265, 384, 328
-0.98673, 373, 1, 404, 64
-0.986735, 129, 273, 256, 336
-0.986763, 281, 193, 312, 256
-0.986803, 453, 41, 484, 104
-0.98683, 377, 25, 408, 88
-0.986855, 305, 89, 336, 152
-0.986888, 381, 161, 412, 288
-0.986902, 273, 1, 400, 64
-0.986903, 293, 25, 324, 88
-0.986952, 25, 249, 88, 312
-0.986957, 33, 193, 96, 256
-0.986964, 397, 33, 428, 160
-0.986997, 297, 209, 328, 272
-0.987119, 329, 193, 360, 256
-0.987129, 129, 113, 192, 176
-0.987142, 77, 81, 108, 144
-0.987152, 353, 1, 416, 375
-0.987191, 1, 89, 64, 152
-0.987333, 369, 209, 496, 336
-0.987355, 13, 185, 44, 248
-0.987401, 25, 241, 88, 368
-0.987404, 189, 49, 220, 176
-0.987426, 201, 225, 232, 352
-0.987439, 145, 249, 272, 312
-0.987466, 41, 97, 72, 160
-0.987479, 161, 97, 224, 224
-0.987485, 181, 297, 212, 360
-0.987486, 241, 41, 272, 104
-0.987487, 389, 41, 420, 104
-0.987516, 213, 57, 244, 120
-0.987522, 149, 281, 180, 344
-0.987549, 257, 73, 384, 136
-0.987552, 357, 33, 388, 96
-0.987625, 453, 97, 484, 160
-0.987631, 401, 109, 464, 140
-0.987639, 65, 89, 96, 152
-0.987649, 77, 65, 108, 192
-0.987653, 425, 41, 488, 72
-0.987671, 345, 17, 376, 144
-0.987678, 129, 33, 192, 288
-0.987722, 49, 121, 80, 184
-0.98773, 401, 161, 464, 224
-0.987763, 385, 125, 448, 156
-0.98777, 421, 137, 452, 200
-0.98778, 305, 193, 336, 320
-0.987808, 157, 305, 188, 368
-0.987819, 177, 249, 208, 312
-0.987878, 145, 297, 272, 360
-0.987883, 321, 97, 352, 224
-0.987895, 137, 1, 200, 375
-0.98791, 345, 177, 376, 304
-0.987916, 33, 113, 64, 240
-0.987928, 277, 193, 308, 320
-0.987939, 17, 145, 48, 208
-0.987955, 369, 169, 400, 232
-0.987985, 325, 1, 356, 64
-0.988001, 397, 145, 428, 272
-0.988015, 445, 9, 476, 72
-0.988022, 249, 193, 280, 256
-0.988039, 193, 1, 256, 375
-0.988053, 361, 97, 392, 224
-0.988054, 441, 81, 472, 208
-0.988061, 333, 161, 364, 224
-0.988065, 1, 121, 64, 184
-0.98808, 169, 1, 232, 375
-0.988136, 193, 113, 256, 240
-0.988183, 121, 65, 152, 128
-0.988189, 233, 209, 264, 272
-0.988191, 97, 73, 128, 136
-0.988196, 1, 193, 32, 256
-0.988219, 385, 33, 416, 160
-0.988222, 49, 241, 80, 304
-0.988225, 137, 241, 200, 304
-0.988263, 265, 265, 328, 328
-0.98827, 369, 161, 400, 288
-0.988274, 17, 145, 48, 272
-0.988305, 385, 49, 448, 80
-0.988321, 57, 217, 120, 280
-0.988324, 289, 249, 352, 312
-0.98835, 373, 145, 404, 208
-0.988353, 301, 185, 332, 248
-0.988367, 249, 77, 312, 108
-0.988391, 201, 57, 232, 120
-0.988422, 273, 17, 304, 144
-0.98843, 1, 233, 128, 296
-0.988534, 169, 277, 232, 308
-0.988549, 161, 65, 192, 128
-0.988549, 21, 121, 52, 184
-0.988552, 357, 153, 388, 216
-0.988571, 193, 129, 256, 375
-0.988581, 241, 241, 272, 304
-0.988625, 345, 153, 376, 216
-0.988625, 369, 113, 432, 144
-0.988641, 181, 57, 212, 120
-0.988657, 277, 169, 308, 232
-0.988667, 1, 129, 128, 192
-0.988705, 329, 101, 392, 132
-0.988711, 425, 97, 488, 352
-0.988758, 377, 1, 440, 375
-0.98878, 209, 265, 240, 328
-0.988783, 9, 225, 72, 288
-0.988822, 385, 1, 416, 64
-0.988842, 377, 141, 440, 172
-0.988854, 433, 129, 464, 192
-0.988888, 29, 217, 60, 280
-0.988921, 281, 1, 344, 375
-0.988933, 305, 25, 336, 88
-0.988949, 109, 65, 140, 128
-0.988956, 113, 281, 144, 344
-0.988973, 57, 177, 120, 240
-0.988982, 337, 81, 368, 144
-0.989008, 217, 129, 280, 375
-0.989011, 169, 241, 200, 368
-0.989055, 113, 129, 176, 375
-0.98908, 317, 73, 348, 136
-0.989084, 141, 65, 172, 128
-0.989114, 249, 193, 280, 320
-0.989143, 61, 273, 92, 336
-0.989148, 73, 1, 136, 375
-0.989174, 153, 113, 216, 176
-0.989186, 297, 273, 360, 336
-0.989231, 201, 241, 264, 272
-0.98924, 305, 65, 336, 128
-0.989262, 169, 129, 232, 375
-0.989262, 309, 161, 340, 224
-0.989274, 409, 61, 472, 92
-0.989363, 433, 9, 464, 72
-0.989379, 425, 89, 488, 120
-0.989382, 297, 305, 328, 368
-0.989448, 293, 57, 324, 120
-0.989469, 313, 297, 344, 360
-0.989482, 177, 97, 208, 160
-0.989528, 33, 281, 160, 344
-0.989535, 153, 241, 184, 368
-0.989558, 385, 1, 448, 32
-0.989615, 233, 229, 296, 260
-0.98965, 401, 9, 432, 72
-0.989689, 313, 17, 344, 144
-0.989701, 49, 129, 176, 256
-0.989735, 409, 225, 472, 352
-0.989804, 217, 217, 248, 280
-0.989844, 321, 117, 384, 148
-0.989866, 417, 125, 480, 156
-0.989867, 325, 257, 356, 320
-0.989874, 89, 17, 152, 144
-0.989892, 329, 225, 392, 352
-0.989946, 201, 49, 232, 176
-0.989976, 145, 89, 272, 152
-0.98999, 157, 49, 188, 176
-0.989993, 49, 265, 80, 328
-0.989996, 289, 169, 320, 232
-0.989999, 81, 145, 144, 272
-0.990018, 137, 289, 168, 352
-0.990032, 425, 101, 488, 132
-0.990106, 409, 145, 440, 272
-0.990108, 225, 193, 288, 256
-0.990129, 425, 77, 488, 108
-0.990195, 469, 97, 500, 224
-0.990241, 313, 1, 376, 375
-0.990337, 193, 33, 256, 288
-0.99034, 49, 1, 112, 375
-0.990352, 217, 17, 280, 80
-0.990357, 1, 65, 64, 192
-0.990362, 161, 33, 224, 288
-0.990398, 401, 177, 464, 304
-0.990459, 353, 133, 416, 164
-0.990506, 377, 161, 440, 192
-0.990549, 273, 89, 336, 120
-0.990567, 353, 73, 416, 136
-0.990651, 1, 121, 500, 184
-0.990751, 333, 177, 364, 304
-0.990818, 241, 169, 304, 232
-0.990823, 385, 257, 448, 320
-0.990867, 425, 129, 488, 256
-0.990867, 353, 225, 416, 352
-0.990869, 65, 81, 96, 208
-0.990881, 77, 225, 108, 352
-0.990904, 225, 73, 288, 104
-0.990929, 257, 241, 320, 304
-0.990932, 25, 33, 88, 160
-0.990935, 177, 209, 304, 272
-0.990953, 305, 105, 368, 136
-0.990976, 289, 161, 320, 288
-0.991009, 161, 225, 224, 288
-0.991025, 113, 1, 176, 375
-0.991035, 101, 65, 132, 192
-0.991081, 41, 273, 104, 336
-0.991089, 225, 105, 480, 168
-0.991092, 65, 65, 320, 128
-0.991095, 41, 1, 104, 256
-0.991106, 193, 89, 256, 152
-0.99112, 249, 217, 312, 248
-0.991132, 273, 289, 400, 352
-0.991177, 273, 37, 336, 68
-0.991183, 313, 57, 376, 120
-0.991237, 17, 153, 144, 216
-0.991292, 81, 77, 144, 108
-0.991294, 285, 65, 316, 192
-0.991334, 133, 49, 164, 176
-0.991339, 225, 49, 480, 112
-0.991342, 257, 25, 500, 88
-0.991376, 177, 265, 240, 296
-0.991408, 193, 129, 320, 256
-0.99143, 145, 145, 272, 272
-0.991456, 321, 289, 384, 352
-0.99147, 361, 49, 424, 80
-0.991475, 345, 1, 408, 32
-0.991569, 65, 269, 128, 300
-0.991578, 145, 277, 208, 308
-0.991595, 1, 33, 64, 288
-0.991602, 217, 1, 280, 128
-0.991621, 305, 265, 432, 328
-0.991639, 273, 289, 336, 352
-0.991666, 41, 245, 104, 276
-0.991679, 433, 29, 496, 60
-0.991683, 1, 65, 500, 128
-0.991692, 321, 313, 384, 375
-0.991721, 169, 1, 232, 128
-0.991731, 145, 129, 208, 375
-0.99175, 49, 33, 112, 160
-0.991763, 237, 225, 268, 352
-0.991797, 385, 73, 448, 104
-0.991798, 353, 101, 416, 132
-0.99182, 49, 257, 112, 288
-0.991843, 413, 105, 444, 136
-0.991867, 1, 209, 128, 272
-0.991878, 49, 217, 176, 280
-0.991903, 265, 205, 328, 236
-0.991908, 425, 1, 488, 32
-0.991912, 257, 313, 320, 375
-0.991916, 129, 177, 192, 304
-0.991922, 281, 101, 344, 132
-0.991941, 249, 41, 312, 72
-0.991944, 117, 65, 148, 192
-0.991982, 249, 289, 312, 352
-0.991987, 113, 113, 240, 176
-0.992, 337, 37, 400, 68
-0.992005, 241, 241, 368, 304
-0.992007, 453, 121, 484, 152
-0.992047, 25, 125, 88, 156
-0.992054, 49, 73, 112, 136
-0.992098, 177, 121, 240, 184
-0.992113, 377, 113, 408, 144
-0.992113, 317, 145, 348, 272
-0.992118, 273, 77, 336, 108
-0.992135, 353, 177, 416, 208
-0.992161, 273, 193, 336, 224
-0.992162, 321, 201, 448, 264
-0.992193, 377, 97, 440, 128
-0.992212, 81, 225, 144, 288
-0.992231, 5, 161, 36, 288
-0.992238, 273, 129, 400, 192
-0.992272, 353, 113, 480, 144
-0.992323, 225, 57, 288, 88
-0.992353, 361, 37, 424, 68
-0.992361, 249, 1, 312, 64
-0.992372, 297, 29, 360, 60
-0.992374, 401, 153, 464, 184
-0.992381, 353, 289, 416, 352
-0.992402, 65, 97, 128, 160
-0.992414, 257, 213, 288, 244
-0.992434, 401, 97, 464, 128
-0.992447, 221, 241, 252, 272
-0.992448, 41, 145, 104, 208
-0.992455, 305, 89, 368, 120
-0.992472, 113, 241, 144, 368
-0.992496, 261, 17, 292, 144
-0.992547, 281, 105, 344, 168
-0.992563, 249, 65, 312, 96
-0.992571, 329, 217, 392, 280
-0.992576, 437, 37, 468, 68
-0.9926, 393, 141, 424, 172
-0.992602, 401, 117, 432, 148
-0.992636, 137, 97, 200, 224
-0.992647, 17, 81, 144, 144
-0.992649, 165, 277, 196, 308
-0.992672, 1, 197, 64, 228
-0.992676, 273, 221, 336, 252
-0.992702, 217, 161, 280, 224
-0.992706, 385, 61, 448, 92
-0.992749, 213, 49, 244, 176
-0.992755, 433, 209, 496, 272
-0.992823, 65, 153, 128, 216
-0.992826, 241, 153, 368, 216
-0.992848, 329, 33, 360, 160
-0.992851, 9, 65, 72, 128
-0.992859, 297, 205, 360, 236
-0.992888, 433, 65, 496, 96
-0.992922, 281, 77, 312, 108
-0.992929, 469, 89, 500, 120
-0.99293, 453, 33, 484, 64
-0.992954, 25, 137, 88, 168
-0.992966, 469, 117, 500, 148
-0.992989, 353, 105, 384, 136
-0.992992, 269, 73, 300, 104
-0.993002, 365, 105, 396, 136
-0.993004, 113, 113, 176, 240
-0.993006, 337, 157, 400, 188
-0.993008, 33, 125, 64, 156
-0.993013, 49, 105, 112, 136
-0.993015, 429, 85, 460, 116
-0.993034, 33, 233, 288, 296
-0.993067, 177, 273, 208, 304
-0.993079, 381, 133, 412, 164
-0.993086, 405, 145, 436, 176
-0.993091, 269, 145, 300, 272
-0.993095, 133, 225, 164, 352
-0.993097, 57, 101, 88, 132
-0.993103, 161, 305, 224, 336
-0.99312, 337, 105, 368, 136
-0.993124, 225, 265, 352, 328
-0.993127, 185, 261, 216, 292
-0.993156, 441, 121, 472, 152
-0.993192, 449, 77, 480, 108
-0.993202, 97, 225, 224, 288
-0.993207, 401, 37, 464, 68
-0.993214, 73, 281, 136, 312
-0.993231, 401, 129, 432, 160
-0.993243, 293, 85, 324, 116
-0.993251, 161, 25, 288, 88
-0.993253, 193, 289, 256, 352
-0.993268, 201, 269, 232, 300
-0.993277, 249, 65, 280, 96
-0.993283, 153, 285, 184, 316
-0.993285, 437, 65, 468, 96
-0.993309, 209, 241, 240, 272
-0.993309, 301, 145, 332, 272
-0.993311, 421, 45, 452, 76
-0.993312, 33, 177, 64, 304
-0.993342, 233, 249, 296, 280
-0.993346, 257, 41, 288, 72
-0.993349, 1, 197, 32, 228
-0.99335, 293, 305, 324, 336
-0.993353, 305, 85, 336, 116
-0.993356, 425, 97, 456, 128
-0.993373, 269, 213, 300, 244
-0.993378, 49, 193, 176, 256
-0.993378, 325, 113, 356, 144
-0.993388, 465, 77, 496, 108
-0.993391, 97, 305, 224, 368
-0.993394, 445, 133, 476, 164
-0.993406, 429, 117, 460, 148
-0.993416, 225, 41, 288, 72
-0.993419, 333, 241, 364, 368
-0.993436, 321, 197, 384, 228
-0.993439, 385, 1, 416, 32
-0.993441, 389, 117, 420, 148
-0.993448, 173, 305, 204, 336
-0.993449, 469, 41, 500, 72
-0.993463, 249, 53, 312, 84
-0.993465, 241, 233, 272, 264
-0.993467, 389, 49, 420, 80
-0.993471, 245, 221, 276, 252
-0.993478, 457, 1, 488, 32
-0.993481, 381, 161, 412, 192
-0.993485, 241, 205, 304, 236
-0.993486, 105, 73, 136, 104
-0.993501, 193, 73, 448, 136
-0.993505, 413, 1, 444, 32
-0.993508, 273, 1, 336, 64
-0.993515, 453, 45, 484, 76
-0.993527, 313, 105, 344, 136
-0.993538, 365, 117, 396, 148
-0.993542, 361, 61, 424, 92
-0.993545, 413, 73, 444, 104
-0.993545, 305, 301, 336, 332
-0.993555, 145, 49, 176, 176
-0.993556, 281, 201, 312, 232
-0.993562, 1, 177, 500, 240
-0.993575, 421, 137, 452, 168
-0.993582, 393, 161, 424, 192
-0.993589, 77, 273, 108, 304
-0.99359, 425, 57, 456, 88
-0.993595, 105, 137, 168, 200
-0.993601, 369, 1, 400, 32
-0.993605, 25, 1, 88, 375
-0.993609, 261, 53, 292, 84
-0.99362, 417, 137, 480, 168
-0.993628, 353, 117, 384, 148
-0.993632, 385, 85, 448, 116
-0.993632, 369, 165, 400, 196
-0.99364, 321, 93, 352, 124
-0.993643, 301, 97, 332, 128
-0.993645, 401, 53, 432, 84
-0.993653, 377, 41, 408, 72
-0.993706, 337, 117, 368, 148
-0.993735, 457, 109, 488, 140
-0.993736, 1, 97, 256, 160
-0.993738, 469, 13, 500, 44
-0.993753, 85, 81, 116, 112
-0.993776, 417, 149, 448, 180
-0.993777, 97, 281, 128, 312
-0.993783, 365, 37, 396, 68
-0.993796, 41, 229, 72, 260
-0.993799, 237, 69, 268, 100
-0.993802, 25, 257, 88, 288
-0.993808, 289, 33, 320, 64
-0.99381, 257, 77, 288, 108
-0.993823, 225, 217, 288, 248
-0.993827, 237, 245, 268, 276
-0.993827, 29, 137, 60, 168
-0.993832, 201, 113, 264, 176
-0.993839, 329, 185, 392, 216
-0.993844, 49, 113, 80, 144
-0.993846, 173, 261, 204, 292
-0.993851, 401, 1, 432, 32
-0.993856, 257, 193, 500, 256
-0.993863, 433, 133, 464, 164
-0.993864, 457, 21, 488, 52
-0.993872, 289, 305, 352, 336
-0.993873, 65, 277, 96, 308
-0.993876, 197, 257, 228, 288
-0.993889, 365, 177, 396, 208
-0.993897, 121, 69, 184, 100
-0.993908, 309, 289, 340, 320
-0.993908, 433, 73, 448, 136
-0.993914, 261, 229, 292, 260
-0.993918, 277, 41, 308, 72
-0.993925, 137, 309, 200, 340
-0.993925, 445, 13, 476, 44
-0.993933, 53, 193, 84, 320
-0.993945, 229, 229, 260, 260
-0.993946, 361, 129, 392, 160
-0.99395, 401, 105, 432, 136
-0.99395, 33, 169, 96, 232
-0.993956, 193, 1, 256, 128
-0.993956, 129, 69, 160, 100
-0.99396, 305, 225, 368, 288
-0.993963, 101, 193, 132, 320
-0.993974, 441, 25, 472, 56
-0.993975, 313, 185, 344, 216
-0.993977, 197, 281, 228, 312
-0.99398, 9, 109, 72, 140
-0.993982, 161, 305, 192, 336
-0.993993, 165, 317, 196, 348
-0.993996, 329, 129, 392, 160
-0.994023, 353, 185, 384, 216
-0.994031, 193, 61, 256, 92
-0.994031, 381, 173, 412, 204
-0.994034, 265, 173, 328, 204
-0.994034, 129, 1, 192, 128
-0.994037, 33, 113, 64, 144
-0.99404, 325, 181, 356, 212
-0.994042, 281, 221, 312, 252
-0.994043, 341, 189, 372, 220
-0.994045, 413, 57, 444, 88
-0.994046, 421, 129, 452, 256
-0.994047, 417, 125, 448, 156
-0.994059, 193, 77, 320, 108
-0.994066, 469, 53, 500, 84
-0.994067, 297, 185, 360, 216
-0.994068, 437, 105, 468, 136
-0.994069, 61, 257, 92, 288
-0.994071, 53, 269, 84, 300
-0.994073, 349, 165, 380, 196
-0.994073, 33, 209, 288, 272
-0.994073, 301, 185, 332, 216
-0.994082, 269, 85, 300, 116
-0.994083, 405, 157, 436, 188
-0.994106, 329, 261, 360, 292
-0.994117, 13, 197, 44, 228
-0.994131, 353, 37, 384, 68
-0.99414, 425, 73, 456, 104
-0.994153, 1, 89, 500, 152
-0.994154, 401, 65, 432, 96
-0.994158, 69, 89, 100, 120
-0.994166, 45, 241, 76, 272
-0.994172, 345, 241, 408, 304
-0.994176, 193, 233, 448, 296
-0.994195, 169, 253, 232, 284
-0.994196, 305, 113, 432, 144
-0.994206, 41, 269, 104, 300
-0.99422, 137, 289, 200, 320
-0.994236, 49, 117, 112, 148
-0.994245, 373, 49, 404, 176
-0.994263, 321, 169, 384, 200
-0.994273, 193, 177, 320, 240
-0.994368, 169, 65, 232, 96
-0.994423, 17, 237, 80, 268
-0.994438, 321, 101, 448, 132
-0.994445, 413, 105, 428, 168
-0.994471, 233, 193, 296, 224
-0.994475, 193, 97, 320, 160
-0.994481, 257, 233, 320, 264
-0.994502, 89, 65, 120, 192
-0.994514, 425, 113, 488, 144
-0.994517, 1, 233, 500, 296
-0.99452, 369, 101, 496, 132
-0.994532, 257, 169, 500, 232
-0.994548, 377, 173, 440, 204
-0.994561, 409, 17, 472, 48
-0.994571, 1, 265, 500, 328
-0.994588, 1, 209, 500, 272
-0.994603, 81, 49, 208, 112
-0.994608, 249, 89, 312, 120
-0.99461, 193, 277, 256, 308
-0.994622, 305, 225, 432, 288
-0.994694, 177, 33, 240, 96
-0.994718, 161, 65, 288, 96
-0.994737, 297, 293, 360, 324
-0.994776, 129, 97, 384, 160
-0.994791, 41, 233, 104, 264
-0.994792, 427, 81, 442, 144
-0.994812, 201, 193, 264, 256
-0.994838, 201, 253, 264, 284
-0.994853, 401, 185, 464, 248
-0.994854, 369, 125, 496, 156
-0.994875, 153, 265, 216, 296
-0.994889, 9, 149, 72, 180
-0.994893, 193, 245, 320, 276
-0.994902, 1, 225, 64, 352
-0.994905, 225, 129, 480, 192
-0.994956, 289, 321, 352, 352
-0.994998, 403, 113, 418, 176
-0.995002, 113, 277, 176, 308
-0.995018, 485, 73, 500, 136
-0.995043, 257, 1, 500, 64
-0.995044, 399, 137, 414, 200
-0.995064, 337, 25, 400, 56
-0.995069, 313, 1, 376, 32
-0.995074, 17, 221, 80, 252
-0.995087, 273, 37, 400, 68
-0.995089, 475, 73, 490, 136
-0.99511, 433, 53, 496, 84
-0.995173, 281, 1, 344, 32
-0.995194, 145, 65, 208, 96
-0.99521, 475, 113, 490, 176
-0.995218, 369, 45, 496, 76
-0.995218, 201, 73, 264, 104
-0.995251, 73, 253, 136, 284
-0.995251, 297, 269, 360, 300
-0.995257, 407, 137, 422, 200
-0.995263, 175, 297, 190, 360
-0.995286, 297, 117, 360, 148
-0.995306, 447, 33, 462, 96
-0.995313, 361, 49, 392, 176
-0.995334, 201, 265, 264, 296
-0.99538, 225, 85, 288, 116
-0.995383, 443, 81, 458, 144
-0.995403, 113, 293, 176, 324
-0.995412, 257, 101, 384, 132
-0.995428, 231, 233, 246, 296
-0.995432, 209, 229, 272, 260
-0.995468, 419, 105, 434, 168
-0.995472, 1, 129, 64, 160
-0.995475, 1, 145, 500, 208
-0.99548, 113, 1, 240, 128
-0.99549, 353, 145, 416, 176
-0.99554, 169, 97, 232, 128
-0.995551, 441, 33, 456, 96
-0.995581, 129, 273, 384, 336
-0.995583, 433, 13, 496, 44
-0.995593, 313, 41, 376, 72
-0.995615, 249, 33, 280, 160
-0.995629, 35, 121, 50, 184
-0.99563, 369, 1, 496, 32
-0.995637, 65, 89, 128, 120
-0.99565, 217, 241, 232, 304
-0.995654, 477, 9, 492, 72
-0.995665, 1, 257, 256, 320
-0.995671, 263, 209, 278, 272
-0.995675, 9, 97, 72, 128
-0.99569, 1, 185, 64, 216
-0.995702, 321, 305, 448, 368
-0.995703, 297, 257, 360, 288
-0.99571, 153, 113, 216, 144
-0.995717, 447, 57, 462, 120
-0.995727, 259, 49, 274, 112
-0.995732, 225, 289, 352, 352
-0.995734, 413, 137, 428, 200
-0.995739, 423, 57, 438, 120
-0.995752, 265, 305, 328, 336
-0.995766, 181, 297, 196, 360
-0.995796, 359, 121, 374, 184
-0.995804, 367, 97, 382, 160
-0.995811, 241, 209, 368, 240
-0.995817, 337, 105, 352, 168
-0.995817, 313, 241, 344, 368
-0.99585, 77, 177, 108, 304
-0.995874, 361, 97, 376, 160
-0.995879, 171, 273, 186, 336
-0.995896, 177, 273, 192, 336
-0.995966, 475, 49, 490, 112
-0.995989, 17, 125, 144, 156
-0.996011, 415, 49, 430, 112
-0.996015, 321, 1, 448, 32
-0.99606, 129, 277, 256, 308
-0.996081, 239, 241, 254, 304
-0.996082, 343, 105, 358, 168
-0.996084, 193, 145, 320, 208
-0.996095, 385, 121, 400, 184
-0.996095, 437, 105, 452, 168
-0.996098, 393, 129, 408, 192
-0.996101, 209, 265, 224, 328
-0.996127, 369, 165, 496, 196
-0.99614, 435, 49, 450, 112
-0.996142, 327, 97, 342, 160
-0.996145, 469, 49, 484, 112
-0.996146, 211, 241, 226, 304
-0.996146, 129, 161, 384, 224
-0.996149, 241, 85, 368, 116
-0.99616, 283, 201, 298, 264
-0.996173, 189, 257, 204, 320
-0.996189, 225, 221, 352, 252
-0.996196, 1, 1, 128, 128
-0.9962, 471, 17, 486, 80
-0.996201, 269, 57, 284, 120
-0.996211, 465, 73, 480, 136
-0.996217, 437, 1, 468, 256
-0.996218, 153, 177, 216, 304
-0.996224, 455, 33, 470, 96
-0.996246, 225, 233, 240, 296
-0.996259, 321, 141, 448, 172
-0.996261, 237, 177, 268, 304
-0.996266, 353, 97, 368, 160
-0.996275, 353, 65, 480, 96
-0.996324, 429, 41, 444, 104
-0.996328, 269, 201, 284, 264
-0.996332, 465, 1, 480, 64
-0.996347, 203, 249, 218, 312
-0.996357, 485, 97, 500, 160
-0.996368, 237, 65, 252, 128
-0.996375, 97, 69, 224, 100
-0.996376, 257, 173, 384, 204
-0.996379, 295, 73, 310, 136
-0.996389, 1, 1, 64, 375
-0.996391, 421, 137, 436, 200
-0.996408, 429, 113, 444, 176
-0.99642, 45, 145, 76, 272
-0.996438, 257, 209, 272, 272
-0.996461, 55, 97, 70, 160
-0.996462, 247, 65, 262, 128
-0.996473, 81, 273, 208, 304
-0.996497, 441, 57, 456, 120
-0.996498, 327, 177, 342, 240
-0.99653, 65, 285, 192, 316
-0.996548, 65, 81, 192, 112
-0.996556, 305, 125, 432, 156
-0.996562, 163, 281, 178, 344
-0.996573, 393, 105, 408, 168
-0.996576, 315, 89, 330, 152
-0.996579, 249, 217, 264, 280
-0.996586, 337, 177, 464, 208
-0.996589, 289, 157, 416, 188
-0.996612, 337, 33, 464, 64
-0.996618, 425, 1, 456, 256
-0.996643, 397, 161, 412, 224
-0.996651, 283, 65, 298, 128
-0.996651, 301, 81, 316, 144
-0.996671, 129, 41, 384, 104
-0.996685, 393, 1, 424, 256
-0.9967, 273, 313, 400, 375
-0.996702, 89, 193, 120, 320
-0.99674, 433, 241, 496, 368
-0.996763, 183, 273, 198, 336
-0.996774, 49, 97, 176, 128
-0.996811, 399, 41, 414, 104
-0.996815, 321, 45, 448, 76
-0.996823, 369, 265, 496, 328
-0.996831, 79, 249, 94, 312
-0.99684, 1, 121, 256, 184
-0.996845, 361, 177, 376, 240
-0.996856, 177, 269, 304, 300
-0.996864, 433, 129, 464, 256
-0.996867, 421, 81, 436, 144
-0.99688, 321, 177, 336, 240
-0.996887, 377, 97, 392, 160
-0.996889, 369, 161, 384, 224
-0.996912, 453, 65, 468, 128
-0.996937, 321, 189, 448, 220
-0.996937, 45, 113, 60, 176
-0.996941, 369, 201, 496, 264
-0.996955, 101, 265, 116, 328
-0.996959, 201, 273, 216, 336
-0.99696, 369, 145, 496, 176
-0.99696, 485, 49, 500, 112
-0.996963, 365, 1, 396, 256
-0.996964, 369, 81, 496, 112
-0.996969, 321, 97, 336, 160
-0.996974, 29, 129, 44, 192
-0.996978, 303, 193, 318, 256
-0.996981, 161, 193, 192, 320
-0.996991, 57, 241, 88, 368
-0.997, 469, 113, 484, 176
-0.997001, 413, 1, 444, 256
-0.997005, 97, 261, 224, 292
-0.997017, 275, 49, 290, 112
-0.997017, 89, 257, 104, 320
-0.997022, 483, 1, 498, 64
-0.997028, 237, 217, 252, 280
-0.99703, 241, 233, 368, 264
-0.997044, 253, 57, 268, 120
-0.997045, 245, 241, 260, 304
-0.997051, 423, 1, 438, 64
-0.997053, 33, 113, 160, 144
-0.997054, 63, 89, 78, 152
-0.997058, 435, 81, 450, 112
-0.997065, 289, 193, 304, 256
-0.997084, 57, 233, 72, 296
-0.997098, 293, 41, 308, 104
-0.997103, 273, 25, 400, 56
-0.997104, 453, 121, 468, 184
-0.997106, 367, 129, 382, 192
-0.997106, 391, 153, 406, 216
-0.997107, 379, 121, 394, 184
-0.997115, 455, 121, 470, 152
-0.997118, 225, 1, 352, 64
-0.997118, 305, 201, 432, 232
-0.997148, 459, 73, 474, 136
-0.99715, 325, 1, 340, 64
-0.99715, 345, 169, 360, 232
-0.997153, 355, 185, 370, 248
-0.997153, 345, 97, 376, 352
-0.997159, 273, 1, 400, 32
-0.997174, 129, 209, 384, 272
-0.997185, 241, 197, 368, 228
-0.99719, 289, 65, 304, 128
-0.997198, 195, 281, 210, 344
-0.997199, 117, 65, 132, 128
-0.997199, 469, 1, 500, 256
-0.997208, 231, 65, 246, 128
-0.997214, 325, 65, 356, 320
-0.997214, 353, 121, 368, 184
-0.997216, 357, 97, 388, 352
-0.997221, 265, 33, 280, 96
-0.997224, 405, 97, 436, 352
-0.997231, 127, 65, 142, 128
-0.997245, 275, 177, 290, 240
-0.997253, 97, 185, 352, 248
-0.997264, 305, 297, 320, 360
-0.997268, 241, 73, 368, 104
-0.997273, 17, 193, 48, 320
-0.997275, 51, 121, 66, 184
-0.997277, 209, 57, 336, 88
-0.9973, 67, 241, 82, 304
-0.997309, 451, 1, 466, 64
-0.997338, 285, 41, 300, 104
-0.997366, 277, 217, 292, 280
-0.997366, 427, 97, 442, 128
-0.997371, 193, 89, 320, 120
-0.997372, 427, 137, 442, 200
-0.997376, 395, 1, 410, 64
-0.997389, 383, 169, 398, 232
-0.997392, 321, 89, 448, 120
-0.997394, 449, 1, 480, 256
-0.997405, 427, 109, 442, 140
-0.997406, 309, 185, 324, 248
-0.997413, 403, 161, 418, 224
-0.997414, 181, 97, 212, 224
-0.997427, 381, 1, 396, 64
-0.997428, 11, 185, 26, 248
-0.997431, 97, 137, 224, 200
-0.997432, 415, 105, 430, 136
-0.997433, 225, 41, 352, 72
-0.997439, 77, 273, 92, 336
-0.997451, 297, 193, 312, 256
-0.997456, 1, 157, 128, 188
-0.99748, 477, 113, 492, 144
-0.997491, 385, 97, 416, 352
-0.9975, 349, 35, 380, 50
-0.997507, 269, 65, 300, 320
-0.997507, 413, 139, 444, 154
-0.997508, 33, 257, 160, 288
-0.997509, 1, 281, 256, 344
-0.997511, 289, 29, 320, 44
-0.997513, 405, 57, 436, 72
-0.997518, 13, 165, 44, 180
-0.997518, 461, 131, 492, 146
-0.997522, 165, 277, 196, 292
-0.997524, 145, 245, 272, 276
-0.997524, 97, 185, 224, 248
-0.997525, 81, 297, 208, 328
-0.99753, 241, 185, 368, 216
-0.99753, 441, 37, 472, 52
-0.997534, 237, 227, 268, 242
-0.997537, 401, 131, 432, 146
-0.99754, 401, 111, 432, 126
-0.997543, 297, 99, 328, 114
-0.997549, 197, 283, 228, 298
-0.997563, 285, 199, 316, 214
-0.997564, 21, 97, 52, 224
-0.997564, 233, 247, 264, 262
-0.997565, 1, 207, 32, 222
-0.997568, 33, 225, 64, 352
-0.997571, 53, 259, 84, 274
-0.997571, 1, 193, 128, 224
-0.997573, 469, 11, 500, 26
-0.997575, 441, 65, 472, 80
-0.997575, 297, 37, 328, 52
-0.997576, 269, 225, 300, 240
-0.997577, 469, 115, 500, 130
-0.997579, 413, 77, 444, 92
-0.997603, 469, 53, 500, 68
-0.997609, 413, 115, 444, 130
-0.99762, 361, 105, 392, 120
-0.997629, 329, 269, 360, 284
-0.997635, 259, 41, 274, 72
-0.997636, 357, 169, 388, 184
-0.997639, 377, 1, 408, 256
-0.997639, 393, 155, 424, 170
-0.997667, 369, 129, 400, 375
-0.997692, 401, 141, 416, 172
-0.997692, 411, 145, 426, 176
-0.997694, 349, 1, 380, 256
-0.997696, 341, 115, 372, 130
-0.99771, 453, 7, 484, 22
-0.997714, 399, 129, 414, 160
-0.997716, 161, 283, 192, 298
-0.99772, 53, 109, 84, 124
-0.997722, 225, 49, 256, 176
-0.997725, 469, 89, 500, 104
-0.997727, 393, 117, 408, 148
-0.997729, 53, 65, 84, 320
-0.997737, 389, 133, 420, 148
-0.997739, 17, 277, 144, 308
-0.997744, 409, 155, 440, 170
-0.997746, 317, 111, 348, 126
-0.997747, 89, 83, 120, 98
-0.997748, 263, 213, 278, 244
-0.997751, 353, 117, 384, 132
-0.997755, 185, 263, 216, 278
-0.997759, 435, 45, 450, 76
-0.997763, 381, 47, 412, 62
-0.997764, 309, 105, 340, 120
-0.997765, 37, 235, 68, 250
-0.997766, 285, 81, 316, 96
-0.997769, 309, 189, 340, 204
-0.997773, 57, 101, 72, 132
-0.997785, 433, 109, 464, 124
-0.997786, 457, 119, 488, 134
-0.997787, 245, 239, 276, 254
-0.997788, 229, 69, 260, 84
-0.99779, 269, 217, 300, 232
-0.997799, 337, 1, 368, 256
-0.997802, 393, 51, 424, 66
-0.997803, 425, 141, 456, 156
-0.997808, 229, 75, 260, 90
-0.997809, 301, 305, 316, 336
-0.997819, 237, 241, 252, 272
-0.997822, 465, 121, 480, 152
-0.997823, 375, 109, 390, 140
-0.997824, 17, 137, 144, 168
-0.997827, 177, 121, 304, 184
-0.997827, 337, 101, 352, 132
-0.997829, 227, 241, 242, 272
-0.997831, 429, 121, 460, 136
-0.997834, 145, 305, 272, 336
-0.997836, 313, 65, 344, 320
-0.997836, 269, 209, 284, 240
-0.997838, 65, 269, 96, 284
-0.997844, 361, 39, 392, 54
-0.997845, 353, 3, 384, 18
-0.997846, 373, 55, 404, 70
-0.997848, 249, 33, 280, 288
-0.997851, 37, 125, 68, 140
-0.997871, 453, 71, 484, 86
-0.997873, 389, 1, 404, 32
-0.997882, 301, 89, 332, 104
-0.997884, 289, 213, 416, 244
-0.997897, 265, 41, 280, 72
-0.997897, 449, 81, 480, 96
-0.997899, 277, 217, 292, 248
-0.997903, 433, 97, 464, 352
-0.997906, 193, 257, 320, 288
-0.997912, 309, 31, 340, 46
-0.997922, 479, 77, 494, 108
-0.997923, 433, 81, 464, 96
-0.997924, 369, 105, 384, 136
-0.997927, 197, 273, 228, 288
-0.997929, 429, 135, 460, 150
-0.99793, 177, 217, 304, 248
-0.997935, 1, 49, 128, 112
-0.997938, 413, 1, 444, 16
-0.997938, 413, 147, 444, 162
-0.997939, 357, 129, 388, 144
-0.997941, 253, 47, 284, 62
-0.997943, 433, 101, 448, 132
-0.997943, 249, 227, 280, 242
-0.997944, 177, 305, 192, 336
-0.997944, 241, 79, 272, 94
-0.997947, 385, 161, 416, 176
-0.997948, 17, 245, 144, 276
-0.997948, 297, 307, 328, 322
-0.997953, 387, 113, 402, 144
-0.997954, 365, 5, 396, 20
-0.997957, 169, 309, 200, 324
-0.997965, 17, 181, 144, 212
-0.997966, 1, 185, 256, 248
-0.997967, 469, 97, 500, 112
-0.997969, 33, 137, 48, 168
-0.997971, 453, 35, 484, 50
-0.997973, 483, 109, 498, 140
-0.997978, 423, 145, 438, 176
-0.997979, 449, 47, 480, 62
-0.997982, 13, 199, 44, 214
-0.997989, 423, 129, 438, 160
-0.998003, 309, 85, 324, 116
-0.998006, 279, 73, 294, 104
-0.998006, 457, 33, 472, 64
-0.99801, 77, 279, 108, 294
-0.998012, 417, 145, 432, 176
-0.998015, 209, 101, 336, 132
-0.998015, 401, 125, 432, 140
-0.99802, 11, 197, 26, 228
-0.998022, 295, 77, 310, 108
-0.998024, 257, 213, 272, 244
-0.998025, 345, 123, 376, 138
-0.998027, 29, 137, 60, 152
-0.998028, 241, 113, 368, 144
-0.998029, 353, 17, 480, 48
-0.99803, 187, 265, 202, 296
-0.998034, 445, 37, 460, 68
-0.998034, 383, 165, 398, 196
-0.998041, 393, 133, 408, 164
-0.998041, 385, 121, 416, 136
-0.998044, 343, 105, 358, 136
-0.998047, 393, 1, 424, 16
-0.998051, 173, 271, 204, 286
-0.998056, 469, 1, 500, 16
-0.998058, 389, 161, 404, 192
-0.998061, 453, 133, 468, 164
-0.998065, 309, 301, 324, 332
-0.998067, 35, 125, 50, 156
-0.998075, 301, 81, 316, 112
-0.998076, 265, 73, 280, 104
-0.998077, 421, 105, 436, 136
-0.99808, 461, 73, 476, 104
-0.99808, 423, 1, 438, 32
-0.998082, 329, 115, 360, 130
-0.998086, 17, 129, 48, 375
-0.998092, 381, 113, 396, 144
-0.9981, 129, 233, 256, 264
-0.998113, 415, 1, 430, 32
-0.998117, 393, 139, 424, 154
-0.998117, 65, 97, 192, 160
-0.998119, 471, 121, 486, 152
-0.998121, 429, 93, 460, 108
-0.998128, 253, 79, 284, 94
-0.998139, 305, 301, 336, 316
-0.998144, 97, 309, 224, 340
-0.99815, 241, 67, 272, 82
-0.998152, 63, 257, 78, 288
-0.99816, 421, 97, 452, 352
-0.998166, 353, 109, 368, 140
-0.998175, 467, 21, 482, 52
-0.998175, 57, 241, 72, 272
-0.99818, 81, 245, 208, 276
-0.998182, 395, 1, 410, 32
-0.998184, 365, 111, 396, 126
-0.998184, 119, 73, 134, 104
-0.998186, 271, 69, 286, 100
-0.998188, 485, 97, 500, 128
-0.998191, 5, 197, 20, 228
-0.998192, 49, 229, 176, 260
-0.998192, 313, 95, 344, 110
-0.998195, 129, 289, 256, 320
-0.9982, 429, 1, 444, 32
-0.998203, 395, 161, 410, 192
-0.998211, 181, 269, 196, 300
-0.998213, 325, 93, 340, 124
-0.998222, 75, 269, 90, 300
-0.998224, 377, 133, 408, 148
-0.998224, 193, 233, 320, 264
-0.998228, 343, 257, 358, 288
-0.998228, 237, 65, 268, 320
-0.998231, 161, 53, 288, 84
-0.998236, 331, 101, 346, 132
-0.998238, 1, 233, 128, 264
-0.998239, 445, 81, 460, 112
-0.99824, 281, 1, 312, 256
-0.998241, 421, 99, 452, 114
-0.998243, 315, 89, 330, 120
-0.998245, 251, 217, 266, 248
-0.998248, 269, 75, 300, 90
-0.99825, 105, 77, 136, 92
-0.998251, 41, 97, 72, 352
-0.998251, 405, 117, 420, 148
-0.998254, 473, 1, 488, 32
-0.99826, 457, 41, 488, 56
-0.998261, 485, 85, 500, 116
-0.998261, 329, 105, 360, 120
-0.998261, 225, 313, 352, 375
-0.998267, 69, 65, 100, 320
-0.998273, 421, 93, 436, 124
-0.998274, 363, 105, 378, 136
-0.998275, 209, 249, 224, 280
-0.998276, 335, 113, 350, 144
-0.998277, 199, 261, 214, 292
-0.998278, 399, 117, 414, 148
-0.998279, 41, 125, 56, 156
-0.998286, 469, 121, 500, 136
-0.998286, 267, 57, 282, 88
-0.998288, 365, 117, 380, 148
-0.998291, 261, 61, 276, 92
-0.998291, 451, 37, 466, 68
-0.998292, 289, 77, 304, 108
-0.998301, 305, 285, 432, 316
-0.998307, 421, 51, 452, 66
-0.998313, 449, 131, 480, 146
-0.998315, 469, 103, 500, 118
-0.998317, 373, 165, 404, 180
-0.998318, 405, 49, 420, 80
-0.99833, 193, 201, 320, 232
-0.998335, 177, 281, 304, 312
-0.998337, 253, 65, 268, 96
-0.998337, 63, 97, 78, 128
-0.998338, 429, 129, 444, 160
-0.998343, 19, 165, 34, 196
-0.998345, 401, 97, 416, 224
-0.998351, 127, 81, 142, 112
-0.99836, 469, 83, 500, 98
-0.998365, 455, 69, 470, 100
-0.998366, 467, 1, 482, 32
-0.99838, 415, 53, 430, 84
-0.99838, 427, 73, 442, 104
-0.99838, 429, 87, 460, 102
-0.998382, 443, 101, 458, 132
-0.998389, 443, 61, 458, 92
-0.9984, 57, 103, 88, 118
-0.998401, 85, 85, 100, 116
-0.998401, 285, 201, 300, 232
-0.998405, 249, 129, 280, 375
-0.998408, 241, 73, 272, 88
-0.99841, 227, 229, 242, 260
-0.998413, 481, 41, 496, 72
-0.998414, 477, 13, 492, 44
-0.998416, 29, 131, 60, 146
-0.998418, 207, 269, 222, 300
-0.998419, 221, 241, 236, 272
-0.998424, 329, 113, 344, 144
-0.998433, 243, 245, 258, 276
-0.998437, 55, 113, 70, 144
-0.998441, 253, 73, 284, 88
-0.998448, 437, 113, 452, 144
-0.99845, 199, 281, 214, 312
-0.99845, 353, 121, 416, 136
-0.998453, 473, 77, 488, 108
-0.998455, 171, 281, 186, 312
-0.998456, 235, 229, 250, 260
-0.998458, 371, 165, 386, 196
-0.998459, 193, 269, 208, 300
-0.99846, 321, 107, 384, 122
-0.998461, 245, 229, 260, 260
-0.998462, 341, 117, 356, 148
-0.998463, 163, 281, 178, 312
-0.998464, 337, 265, 352, 296
-0.998466, 249, 219, 312, 234
-0.998466, 209, 245, 272, 260
-0.99847, 411, 97, 426, 224
-0.998471, 463, 33, 478, 64
-0.998472, 99, 277, 114, 308
-0.998472, 369, 1, 432, 16
-0.998477, 273, 309, 400, 340
-0.998478, 277, 205, 292, 236
-0.998479, 385, 131, 448, 146
-0.998483, 433, 99, 496, 114
-0.998485, 345, 115, 408, 130
-0.998489, 85, 65, 116, 320
-0.998491, 43, 229, 58, 260
-0.998492, 433, 45, 496, 60
-0.998493, 425, 127, 488, 142
-0.998493, 89, 269, 104, 300
-0.998495, 427, 49, 442, 80
-0.998497, 385, 117, 448, 132
-0.9985, 1, 217, 128, 248
-0.9985, 233, 73, 296, 88
-0.998502, 345, 1, 408, 16
-0.998503, 169, 279, 232, 294
-0.998505, 5, 129, 36, 375
-0.998507, 29, 97, 60, 352
-0.998508, 419, 97, 434, 224
-0.998509, 209, 97, 240, 224
-0.998512, 265, 87, 328, 102
-0.998513, 225, 177, 256, 304
-0.998518, 433, 79, 496, 94
-0.998518, 377, 141, 440, 156
-0.99852, 377, 51, 440, 66
-0.998522, 425, 105, 488, 120
-0.998523, 289, 297, 416, 328
-0.998524, 417, 67, 480, 82
-0.998527, 393, 125, 456, 140
-0.998528, 257, 77, 320, 92
-0.998529, 169, 273, 232, 288
-0.99853, 409, 3, 472, 18
-0.998531, 353, 135, 416, 150
-0.998536, 97, 65, 128, 320
-0.998537, 393, 57, 456, 72
-0.998538, 417, 51, 480, 66
-0.998539, 289, 35, 352, 50
-0.998541, 209, 75, 272, 90
-0.998541, 361, 163, 424, 178
-0.998542, 433, 85, 496, 100
-0.998543, 241, 225, 304, 240
-0.998545, 385, 111, 448, 126
-0.998548, 289, 307, 352, 322
-0.998548, 313, 101, 376, 116
-0.998549, 401, 45, 464, 60
-0.998549, 305, 1, 368, 16
-0.998549, 305, 187, 368, 202
-0.998552, 417, 73, 480, 88
-0.998552, 417, 133, 480, 148
-0.998553, 257, 41, 288, 56
-0.998554, 353, 109, 416, 124
-0.998554, 1, 201, 64, 216
-0.998557, 361, 127, 424, 142
-0.998558, 225, 215, 288, 230
-0.998559, 377, 149, 440, 164
-0.998561, 201, 251, 264, 266
-0.998562, 41, 253, 104, 268
-0.998562, 249, 41, 312, 56
-0.998563, 89, 81, 152, 96
-0.998565, 433, 39, 496, 54
-0.998565, 129, 297, 384, 360
-0.998565, 329, 39, 392, 54
-0.998565, 249, 213, 312, 228
-0.998567, 337, 167, 400, 182
-0.998568, 281, 95, 344, 110
-0.998569, 233, 247, 296, 262
-0.998569, 401, 141, 464, 156
-0.998569, 57, 263, 120, 278
-0.99857, 281, 101, 344, 116
-0.998571, 169, 263, 232, 278
-0.998571, 73, 289, 136, 304
-0.998572, 433, 93, 496, 108
-0.998572, 305, 95, 368, 110
-0.998572, 433, 7, 496, 22
-0.998575, 313, 117, 376, 132
-0.998576, 417, 111, 480, 126
-0.998577, 353, 49, 416, 64
-0.998578, 289, 193, 352, 208
-0.99858, 225, 43, 288, 58
-0.99858, 329, 129, 392, 144
-0.998581, 273, 217, 336, 232
-0.998582, 145, 279, 208, 294
-0.998583, 401, 105, 464, 120
-0.998583, 233, 241, 296, 256
-0.998584, 401, 157, 464, 172
-0.998584, 393, 63, 456, 78
-0.998584, 177, 65, 240, 80
-0.998585, 193, 277, 256, 292
-0.998586, 225, 67, 288, 82
-0.998586, 233, 83, 296, 98
-0.998588, 385, 9, 448, 24
-0.998588, 221, 33, 252, 288
-0.998589, 49, 103, 112, 118
-0.998589, 257, 61, 384, 92
-0.99859, 393, 97, 456, 112
-0.99859, 65, 271, 128, 286
-0.99859, 369, 43, 432, 58
-0.99859, 301, 1, 332, 256
-0.998591, 217, 233, 280, 248
-0.998592, 281, 199, 344, 214
-0.998592, 297, 107, 360, 122
-0.998594, 217, 227, 280, 242
-0.998595, 73, 283, 136, 298
-0.998595, 361, 7, 424, 22
-0.998595, 461, 77, 492, 92
-0.998596, 281, 1, 344, 16
-0.998596, 137, 309, 200, 324
-0.998596, 161, 311, 224, 326
-0.998596, 385, 163, 448, 178
-0.998596, 41, 247, 104, 262
-0.998599, 369, 103, 432, 118
-0.9986, 321, 177, 384, 192
-0.998602, 369, 57, 432, 72
-0.998602, 17, 237, 80, 252
-0.998604, 25, 129, 88, 144
-0.998604, 241, 231, 304, 246
-0.998606, 273, 179, 336, 194
-0.998606, 273, 107, 336, 122
-0.998606, 425, 121, 488, 136
-0.998607, 145, 273, 208, 288
-0.998608, 377, 169, 440, 184
-0.998608, 153, 317, 216, 332
-0.998609, 313, 123, 376, 138
-0.998609, 193, 283, 256, 298
-0.998609, 97, 75, 160, 90
-0.99861, 289, 325, 352, 340
-0.99861, 353, 37, 416, 52
-0.99861, 153, 285, 216, 300
-0.99861, 329, 7, 392, 22
-0.998611, 201, 63, 264, 78
-0.998611, 289, 115, 352, 130
-0.998611, 393, 91, 456, 106
-0.998611, 1, 201, 32, 216
-0.998612, 377, 155, 440, 170
-0.998612, 381, 139, 412, 154
-0.998612, 65, 277, 128, 292
-0.998612, 257, 35, 320, 50
-0.998613, 433, 13, 496, 28
-0.998613, 353, 155, 416, 170
-0.998613, 253, 221, 284, 236
-0.998614, 1, 133, 64, 148
-0.998614, 209, 239, 272, 254
-0.998615, 185, 241, 248, 256
-0.998615, 305, 27, 368, 42
-0.998616, 401, 147, 464, 162
-0.998616, 265, 207, 328, 222
-0.998617, 1, 169, 128, 200
-0.998617, 289, 89, 352, 104
-0.998617, 313, 33, 376, 48
-0.99865, 401, 145, 432, 160
-0.998667, 113, 33, 144, 288
-0.99867, 381, 115, 412, 130
-0.998671, 225, 269, 352, 300
-0.998685, 161, 37, 288, 68
-0.998686, 469, 45, 500, 60
-0.998689, 281, 129, 312, 375
-0.998703, 321, 77, 448, 108
-0.998708, 137, 33, 168, 288
-0.998723, 145, 257, 272, 288
-0.998735, 1, 17, 64, 144
-0.998757, 145, 97, 272, 128
-0.998772, 193, 129, 224, 375
-0.998777, 293, 97, 324, 352
-0.99878, 457, 97, 488, 224
-0.998808, 433, 127, 464, 142
-0.998809, 1, 161, 256, 224
-0.998824, 437, 49, 452, 176
-0.998848, 401, 117, 432, 132
-0.998862, 205, 129, 236, 375
-0.998863, 173, 193, 204, 320
-0.99887, 395, 113, 410, 240
-0.998871, 49, 217, 176, 248
-0.998879, 361, 1, 376, 128
-0.998885, 305, 273, 432, 304
-0.998889, 471, 1, 486, 128
-0.998891, 221, 129, 252, 375
-0.998892, 445, 97, 476, 352
-0.998909, 113, 129, 144, 375
-0.998909, 153, 33, 184, 288
-0.998964, 177, 293, 304, 324
-0.998977, 125, 129, 156, 375
-0.998983, 249, 241, 280, 368
-0.998986, 369, 1, 384, 128
-0.998987, 437, 43, 468, 58
-0.998989, 425, 81, 440, 208
-0.998992, 241, 245, 368, 276
-0.999011, 173, 129, 204, 375
-0.999019, 345, 225, 376, 352
-0.999022, 225, 29, 352, 60
-0.999033, 447, 1, 462, 128
-0.999046, 177, 279, 208, 294
-0.99905, 65, 161, 96, 288
-0.999066, 125, 33, 156, 288
-0.99907, 145, 117, 272, 148
-0.999071, 377, 1, 408, 16
-0.999081, 1, 205, 128, 236
-0.999098, 1, 209, 32, 336
-0.999107, 375, 1, 390, 128
-0.99911, 173, 33, 204, 288
-0.999117, 469, 177, 500, 304
-0.999127, 225, 157, 352, 188
-0.999127, 257, 125, 384, 156
-0.999134, 137, 129, 168, 375
-0.999149, 405, 241, 436, 368
-0.999166, 193, 33, 224, 288
-0.999171, 209, 33, 240, 288
-0.999175, 369, 233, 496, 296
-0.999187, 273, 321, 400, 352
-0.999211, 57, 81, 72, 208
-0.999222, 453, 1, 468, 128
-0.999238, 237, 65, 268, 192
-0.999239, 29, 1, 60, 256
-0.999245, 369, 269, 496, 300
-0.999248, 113, 129, 240, 160
-0.999251, 309, 65, 324, 192
-0.999259, 97, 113, 224, 144
-0.999261, 429, 1, 444, 128
-0.999265, 325, 177, 340, 304
-0.99927, 389, 113, 404, 240
-0.999275, 469, 97, 500, 352
-0.999278, 465, 49, 480, 176
-0.999282, 423, 1, 438, 128
-0.999285, 355, 1, 370, 128
-0.999292, 449, 125, 480, 140
-0.999306, 221, 245, 252, 260
-0.99931, 297, 17, 312, 144
-0.99931, 317, 81, 332, 208
-0.999311, 1, 289, 500, 352
-0.999316, 409, 33, 424, 160
-0.999317, 149, 193, 180, 320
-0.999317, 161, 129, 192, 375
-0.999327, 353, 285, 480, 316
-0.999335, 193, 177, 320, 208
-0.999338, 465, 1, 480, 128
-0.999355, 309, 17, 324, 144
-0.999355, 441, 1, 456, 128
-0.999356, 81, 141, 208, 172
-0.999356, 129, 1, 384, 64
-0.999358, 177, 1, 304, 64
-0.999363, 13, 33, 44, 288
-0.999367, 457, 97, 488, 352
-0.999368, 477, 1, 492, 128
-0.999374, 283, 193, 298, 320
-0.999374, 431, 49, 446, 176
-0.999375, 33, 49, 64, 176
-0.999379, 149, 129, 180, 375
-0.999388, 419, 49, 434, 176
-0.999392, 341, 97, 356, 224
-0.999394, 347, 113, 362, 240
-0.999399, 263, 193, 278, 320
-0.999402, 305, 337, 432, 368
-0.999402, 101, 241, 116, 368
-0.999411, 145, 205, 272, 236
-0.999413, 481, 65, 496, 192
-0.999424, 237, 225, 252, 352
-0.999424, 273, 49, 400, 80
-0.99943, 393, 193, 424, 320
-0.999437, 225, 209, 240, 336
-0.999449, 197, 49, 212, 176
-0.999451, 353, 113, 368, 240
-0.999451, 443, 49, 458, 176
-0.999454, 321, 321, 448, 352
-0.999454, 393, 241, 424, 368
-0.999458, 145, 317, 272, 348
-0.999463, 303, 17, 318, 144
-0.999467, 177, 25, 304, 56
-0.999469, 49, 205, 176, 236
-0.999473, 383, 129, 398, 256
-0.999479, 1, 69, 128, 100
-0.999491, 271, 177, 286, 304
-0.999496, 335, 97, 350, 224
-0.999498, 459, 49, 474, 176
-0.999499, 331, 193, 346, 320
-0.999501, 363, 161, 378, 288
-0.999503, 301, 209, 316, 336
-0.999508, 1, 85, 128, 116
-0.99951, 291, 193, 306, 320
-0.999515, 193, 113, 320, 144
-0.999517, 175, 241, 190, 368
-0.99953, 371, 145, 386, 272
-0.999544, 225, 301, 352, 332
-0.999544, 413, 109, 444, 124
-0.999546, 329, 97, 344, 224
-0.999549, 189, 241, 204, 368
-0.999552, 191, 49, 206, 176
-0.999552, 177, 165, 304, 196
-0.999561, 287, 17, 302, 144
-0.999562, 389, 1, 404, 128
-0.999566, 219, 209, 234, 336
-0.999567, 323, 81, 338, 208
-0.999568, 393, 161, 408, 288
-0.999572, 321, 225, 448, 256
-0.999578, 185, 49, 200, 176
-0.999583, 289, 261, 416, 292
-0.999586, 205, 49, 220, 176
-0.999586, 377, 161, 392, 288
-0.999591, 305, 65, 432, 96
-0.999591, 289, 13, 416, 44
-0.999594, 449, 65, 464, 192
-0.999597, 433, 97, 448, 224
-0.999603, 317, 193, 332, 320
-0.999604, 369, 197, 496, 228
-0.999607, 403, 33, 418, 160
-0.999609, 473, 1, 488, 16
-0.999609, 1, 209, 16, 224
-0.999609, 429, 1, 444, 16
-0.999609, 337, 117, 352, 132
-0.99961, 361, 113, 376, 240
-0.99961, 413, 1, 428, 16
-0.999611, 323, 185, 338, 200
-0.999611, 449, 83, 464, 98
-0.999611, 295, 197, 310, 212
-0.999611, 425, 121, 440, 136
-0.999612, 455, 47, 470, 62
-0.999612, 97, 101, 224, 132
-0.999612, 427, 51, 442, 66
-0.999612, 433, 89, 448, 104
-0.999612, 197, 281, 212, 296
-0.999613, 457, 79, 472, 94
-0.999613, 457, 69, 472, 84
-0.999614, 187, 277, 202, 292
-0.999614, 485, 105, 500, 120
-0.999614, 311, 299, 326, 314
-0.999614, 221, 245, 236, 260
-0.999615, 435, 111, 450, 126
-0.999615, 257, 215, 272, 230
-0.999616, 125, 65, 140, 192
-0.999617, 345, 263, 360, 278
-0.999617, 247, 77, 262, 92
-0.999618, 65, 257, 80, 272
-0.999618, 191, 127, 206, 142
-0.999618, 13, 205, 28, 220
-0.999619, 275, 75, 290, 90
-0.999619, 177, 307, 192, 322
-0.999619, 425, 75, 440, 90
-0.999619, 435, 133, 450, 148
-0.99962, 339, 267, 354, 282
-0.99962, 239, 73, 254, 88
-0.99962, 431, 147, 446, 162
-0.99962, 289, 199, 304, 214
-0.999621, 409, 145, 424, 272
-0.999621, 31, 137, 46, 152
-0.999622, 129, 79, 144, 94
-0.999622, 485, 11, 500, 26
-0.999622, 45, 127, 60, 142
-0.999622, 323, 95, 338, 110
-0.999622, 475, 75, 490, 90
-0.999623, 337, 305, 464, 336
-0.999623, 179, 267, 194, 282
-0.999624, 301, 83, 316, 98
-0.999624, 413, 147, 428, 162
-0.999625, 413, 115, 428, 130
-0.999625, 433, 53, 448, 68
-0.999625, 57, 255, 72, 270
-0.999627, 305, 193, 320, 208
-0.999627, 265, 75, 280, 90
-0.999627, 161, 283, 176, 298
-0.999628, 231, 69, 246, 84
-0.999628, 77, 271, 92, 286
-0.999628, 449, 135, 464, 150
-0.999629, 419, 147, 434, 162
-0.99963, 259, 73, 274, 88
-0.99963, 475, 47, 490, 62
-0.999631, 55, 117, 70, 132
-0.999631, 315, 17, 330, 144
-0.999632, 469, 45, 484, 60
-0.999632, 267, 209, 282, 224
-0.999632, 71, 273, 86, 288
-0.999632, 245, 219, 260, 234
-0.999633, 449, 39, 464, 54
-0.999633, 19, 165, 34, 180
-0.999633, 187, 271, 202, 286
-0.999635, 197, 133, 212, 148
-0.999635, 225, 285, 352, 316
-0.999635, 53, 123, 68, 138
-0.999635, 377, 113, 392, 240
-0.999636, 393, 121, 408, 136
-0.999637, 395, 141, 410, 156
-0.999638, 253, 73, 268, 88
-0.99964, 369, 107, 384, 122
-0.999641, 455, 39, 470, 54
-0.999641, 179, 49, 194, 176
-0.999641, 383, 1, 398, 16
-0.999641, 185, 263, 200, 278
-0.999642, 419, 1, 434, 16
-0.999642, 399, 159, 414, 174
-0.999642, 181, 241, 196, 368
-0.999643, 239, 259, 254, 274
-0.999644, 277, 219, 292, 234
-0.999644, 403, 119, 418, 134
-0.999645, 375, 167, 390, 182
-0.999645, 113, 57, 240, 88
-0.999646, 485, 97, 500, 112
-0.999647, 425, 147, 440, 162
-0.999647, 315, 189, 330, 204
-0.999649, 323, 109, 338, 124
-0.99965, 473, 121, 488, 136
-0.999651, 381, 165, 396, 180
-0.999652, 261, 47, 276, 62
-0.999654, 331, 115, 346, 130
-0.999654, 173, 271, 188, 286
-0.999655, 425, 127, 440, 142
-0.999655, 119, 75, 134, 90
-0.999655, 435, 45, 450, 60
-0.999655, 437, 105, 452, 120
-0.999656, 463, 71, 478, 86
-0.999656, 3, 203, 18, 218
-0.999656, 273, 209, 288, 224
-0.999656, 467, 123, 482, 138
-0.999656, 407, 143, 422, 158
-0.999656, 1, 41, 500, 104
-0.999657, 483, 111, 498, 126
-0.999658, 33, 129, 48, 144
-0.999659, 401, 143, 416, 158
-0.999659, 129, 121, 384, 184
-0.999659, 353, 177, 368, 304
-0.99966, 391, 161, 406, 176
-0.999661, 51, 97, 66, 224
-0.999662, 391, 135, 406, 150
-0.999664, 245, 69, 260, 84
-0.999666, 375, 111, 390, 126
-0.999667, 59, 103, 74, 118
-0.999667, 435, 1, 450, 128
-0.999668, 255, 221, 270, 236
-0.999668, 481, 49, 496, 64
-0.999669, 267, 43, 282, 58
-0.999669, 383, 1, 398, 128
-0.999672, 479, 83, 494, 98
-0.999674, 9, 199, 24, 214
-0.999674, 337, 241, 352, 368
-0.999676, 397, 135, 412, 150
-0.999677, 443, 41, 458, 56
-0.999677, 63, 81, 78, 208
-0.999679, 427, 111, 442, 126
-0.999682, 167, 277, 182, 292
-0.999683, 397, 1, 412, 128
-0.999683, 41, 1, 72, 256
-0.999689, 231, 225, 246, 352
-0.999689, 81, 193, 208, 224
-0.99969, 263, 217, 278, 232
-0.99969, 237, 245, 252, 260
-0.99969, 389, 1, 404, 16
-0.999693, 479, 117, 494, 132
-0.999694, 385, 113, 400, 128
-0.999695, 259, 39, 274, 54
-0.999695, 343, 193, 358, 320
-0.999696, 301, 65, 316, 192
-0.999697, 305, 303, 320, 318
-0.999699, 227, 243, 242, 258
-0.999706, 225, 325, 352, 356
-0.999706, 225, 257, 480, 320
-0.999707, 469, 75, 484, 90
-0.999709, 485, 85, 500, 100
-0.99971, 257, 215, 288, 230
-0.99971, 415, 1, 430, 128
-0.999711, 225, 281, 480, 344
-0.999711, 271, 215, 286, 230
-0.999713, 173, 49, 188, 176
-0.999713, 1, 101, 128, 132
-0.999715, 435, 83, 450, 98
-0.999718, 337, 193, 352, 320
-0.999724, 75, 81, 90, 208
-0.999724, 33, 41, 288, 104
-0.999725, 301, 309, 316, 324
-0.999725, 243, 225, 258, 352
-0.999728, 201, 225, 216, 352
-0.999732, 417, 109, 432, 124
-0.999733, 395, 115, 410, 130
-0.999734, 427, 101, 442, 116
-0.999743, 389, 49, 404, 176
-0.999747, 455, 125, 470, 140
-0.999749, 115, 65, 130, 192
-0.999752, 277, 209, 292, 336
-0.999768, 311, 193, 326, 320
-0.999772, 113, 193, 144, 320
-0.999777, 107, 241, 122, 368
-0.999778, 85, 65, 100, 192
-0.999779, 1, 33, 32, 288
-0.999782, 401, 145, 416, 272
-0.99979, 331, 145, 346, 272
-0.999797, 483, 1, 498, 128
-0.999805, 471, 97, 486, 224
-0.99981, 213, 225, 228, 352
-0.999811, 295, 65, 310, 192
-0.999812, 225, 313, 352, 344
-0.999815, 475, 49, 490, 176
-0.999819, 57, 33, 88, 160
-0.99982, 49, 165, 176, 196
-0.999835, 115, 241, 130, 368
-0.999841, 49, 153, 176, 184
-0.999851, 135, 49, 150, 176
-0.999852, 23, 129, 38, 256
-0.999854, 281, 17, 296, 144
-0.999856, 29, 113, 44, 240
-0.999865, 167, 225, 182, 352
-0.999871, 319, 145, 334, 272
-0.999871, 163, 49, 178, 176
-0.999872, 367, 97, 382, 224
-0.999876, 349, 17, 364, 144
-0.999877, 91, 65, 106, 192
-0.999881, 211, 49, 226, 176
-0.999882, 101, 65, 116, 192
-0.999887, 207, 225, 222, 352
-0.999889, 459, 1, 474, 128
-0.999891, 277, 161, 292, 288
-0.999891, 145, 77, 272, 108
-0.999891, 95, 241, 110, 368
-0.999901, 13, 161, 28, 288
-0.999907, 89, 225, 104, 352
-0.999907, 275, 17, 290, 144
-0.99991, 45, 113, 60, 240
-0.999921, 57, 241, 72, 368
-0.999927, 123, 241, 138, 368
-0.999929, 253, 209, 268, 336
-0.999931, 145, 169, 272, 232
-0.999939, 321, 33, 336, 160
-0.999943, 83, 241, 98, 368
-0.999946, 273, 65, 304, 192
-0.999948, 69, 81, 84, 208
-0.999948, 421, 225, 452, 352
-0.999958, 153, 49, 168, 176
-1.00013, 189, 193, 220, 320
-1.00015, 45, 241, 76, 368
-1.00016, 1, 9, 500, 72
-1.00024, 257, 313, 500, 375
-1.00037, 197, 113, 228, 240
-1.00042, 1, 305, 256, 368
-1.0005, 49, 129, 176, 192
-1.00052, 33, 17, 288, 80
-1.0006, 449, 177, 480, 304
-1.00066, 145, 145, 272, 208
-1.00079, 177, 1, 208, 128
-1.0008, 249, 145, 280, 272
-1.00081, 225, 97, 256, 224
-1.00085, 409, 193, 440, 320
-1.00099, 65, 161, 192, 224
-1.001, 433, 193, 464, 320
-1.00106, 105, 17, 136, 144
-1.00116, 445, 129, 476, 256
-1.00136, 213, 177, 244, 304
-1.00147, 49, 305, 176, 368
-1.00149, 249, 97, 280, 224
-1.00154, 169, 97, 200, 224
-1.00171, 369, 289, 496, 352
-1.00216, 1, 313, 500, 375
-1.00276, 65, 25, 192, 88
-1.00294, 1, 305, 128, 368
-1.00298, 113, 25, 240, 88
-1.00362, 17, 25, 144, 88
-1.00408, 369, 313, 496, 375
-1.00432, 129, 1, 256, 64
-1.00508, 225, 121, 352, 184
-1.00578, 33, 1, 160, 64
-1.00724, 81, 1, 208, 64
