1821
-0.195371, 1, 1, 298, 448
-0.341682, 1, 97, 298, 352
-0.357906, 1, 1, 256, 448
-0.374605, 1, 193, 298, 448
-0.382065, 1, 1, 298, 256
-0.473174, 1, 65, 256, 320
-0.572698, 1, 161, 256, 416
-0.798409, 49, 1, 176, 448
-0.807058, 97, 1, 224, 448
-0.807789, 97, 97, 224, 352
-0.812852, 65, 1, 192, 256
-0.825869, 17, 65, 144, 320
-0.827727, 129, 193, 256, 448
-0.840572, 1, 1, 128, 448
-0.853951, 49, 161, 176, 416
-0.854504, 1, 129, 298, 256
-0.855154, 145, 1, 272, 448
-0.862237, 113, 1, 240, 256
-0.870113, 161, 65, 288, 320
-0.875316, 1, 49, 298, 176
-0.877322, 177, 193, 298, 448
-0.879073, 1, 273, 298, 400
-0.885744, 1, 321, 298, 448
-0.891016, 1, 177, 298, 304
-0.892395, 1, 225, 298, 352
-0.89741, 33, 321, 288, 448
-0.899267, 1, 97, 256, 224
-0.901065, 1, 161, 128, 416
-0.90932, 33, 273, 288, 400
-0.910324, 97, 305, 224, 432
-0.911185, 145, 273, 272, 400
-0.912751, 161, 321, 288, 448
-0.913436, 33, 145, 288, 272
-0.914343, 113, 161, 240, 288
-0.916383, 49, 65, 176, 192
-0.916506, 137, 273, 200, 400
-0.917755, 113, 97, 240, 224
-0.917979, 65, 113, 192, 240
-0.920145, 17, 113, 144, 240
-0.921364, 145, 321, 208, 448
-0.921424, 185, 321, 248, 448
-0.922954, 33, 193, 288, 320
-0.922971, 81, 49, 144, 176
-0.924563, 1, 49, 256, 176
-0.924664, 113, 289, 176, 416
-0.925067, 153, 81, 216, 208
-0.927047, 97, 241, 224, 368
-0.927596, 177, 257, 240, 384
-0.928806, 129, 81, 192, 208
-0.93039, 41, 65, 104, 192
-0.930757, 97, 49, 224, 176
-0.931832, 145, 129, 208, 256
-0.932991, 49, 177, 176, 304
-0.933124, 65, 113, 128, 240
-0.934522, 113, 33, 176, 160
-0.93597, 209, 321, 272, 448
-0.936524, 209, 377, 272, 440
-0.936913, 1, 161, 128, 288
-0.937601, 89, 97, 152, 224
-0.938089, 121, 129, 184, 256
-0.938244, 1, 65, 128, 192
-0.938501, 1, 1, 298, 128
-0.93953, 145, 329, 208, 392
-0.939572, 97, 225, 160, 352
-0.94018, 65, 377, 128, 440
-0.940854, 81, 161, 144, 288
-0.940933, 169, 337, 232, 400
-0.941267, 185, 385, 248, 448
-0.942003, 145, 225, 272, 352
-0.942302, 121, 49, 184, 112
-0.942401, 153, 305, 216, 368
-0.942592, 129, 281, 192, 344
-0.94289, 49, 241, 176, 368
-0.943384, 145, 361, 208, 424
-0.943387, 81, 65, 144, 128
-0.943387, 169, 129, 232, 256
-0.94388, 169, 209, 232, 336
-0.94415, 177, 257, 240, 320
-0.944312, 153, 273, 216, 336
-0.944365, 41, 81, 104, 144
-0.944543, 121, 225, 184, 352
-0.944654, 65, 105, 128, 168
-0.944899, 105, 177, 168, 304
-0.945147, 17, 97, 80, 224
-0.945393, 177, 113, 298, 240
-0.945743, 137, 129, 200, 192
-0.945746, 193, 289, 256, 352
-0.94575, 81, 273, 144, 400
-0.94575, 89, 321, 152, 448
-0.946021, 201, 345, 264, 408
-0.946026, 201, 273, 264, 400
-0.946241, 177, 361, 240, 424
-0.94646, 105, 113, 168, 176
-0.947111, 81, 1, 208, 128
-0.947224, 41, 113, 104, 240
-0.947532, 137, 1, 200, 128
-0.948163, 49, 289, 176, 416
-0.94819, 105, 345, 168, 408
-0.948847, 201, 321, 264, 384
-0.948934, 105, 289, 168, 352
-0.949157, 17, 145, 80, 272
-0.949274, 137, 153, 200, 216
-0.949472, 129, 305, 192, 368
-0.94949, 57, 177, 120, 304
-0.949532, 161, 385, 224, 448
-0.949599, 145, 225, 208, 352
-0.949646, 153, 249, 216, 312
-0.949718, 65, 129, 128, 192
-0.94995, 129, 89, 192, 152
-0.950773, 129, 257, 192, 320
-0.950984, 89, 41, 152, 104
-0.951097, 153, 89, 216, 152
-0.952009, 177, 313, 240, 376
-0.952998, 161, 153, 224, 216
-0.95313, 161, 161, 288, 288
-0.953403, 89, 89, 152, 152
-0.953688, 57, 17, 120, 144
-0.954077, 161, 113, 224, 176
-0.95428, 113, 385, 176, 448
-0.954354, 193, 113, 256, 240
-0.954442, 81, 1, 144, 128
-0.954744, 73, 177, 136, 240
-0.954777, 105, 257, 168, 320
-0.955518, 113, 137, 176, 200
-0.955664, 97, 345, 224, 408
-0.955849, 133, 305, 164, 432
-0.95589, 49, 57, 112, 120
-0.955893, 161, 377, 288, 440
-0.956154, 89, 137, 152, 200
-0.956506, 41, 105, 104, 168
-0.956629, 65, 321, 128, 448
-0.956714, 73, 225, 136, 352
-0.956879, 157, 273, 188, 400
-0.957236, 17, 49, 80, 176
-0.957427, 105, 161, 168, 224
-0.95746, 81, 249, 144, 312
-0.958006, 193, 193, 256, 320
-0.958308, 153, 65, 216, 128
-0.958743, 33, 97, 160, 160
-0.958932, 161, 353, 288, 416
-0.959073, 145, 313, 272, 376
-0.95929, 105, 321, 168, 384
-0.959417, 197, 321, 228, 448
-0.959425, 145, 289, 176, 416
-0.959433, 129, 249, 256, 312
-0.959551, 33, 121, 160, 184
-0.959711, 145, 289, 272, 352
-0.959732, 177, 233, 240, 296
-0.959905, 225, 321, 256, 448
-0.95998, 113, 257, 144, 384
-0.960412, 145, 49, 272, 176
-0.960497, 81, 1, 144, 256
-0.960579, 173, 289, 204, 416
-0.96062, 85, 81, 116, 208
-0.960974, 49, 65, 176, 128
-0.960988, 129, 257, 160, 384
-0.961144, 177, 129, 208, 256
-0.961891, 33, 17, 160, 144
-0.96194, 113, 153, 240, 216
-0.961973, 17, 89, 80, 152
-0.962095, 65, 377, 192, 440
-0.962138, 129, 1, 256, 128
-0.962229, 157, 321, 188, 448
-0.962589, 97, 89, 224, 152
-0.962654, 49, 33, 112, 288
-0.962891, 41, 169, 104, 232
-0.962934, 137, 385, 200, 448
-0.963087, 65, 153, 128, 216
-0.963263, 89, 369, 152, 432
-0.963357, 185, 129, 248, 192
-0.963435, 121, 305, 152, 432
-0.963468, 97, 321, 224, 384
-0.963713, 165, 113, 196, 240
-0.963973, 177, 65, 240, 192
-0.964048, 129, 97, 192, 352
-0.964053, 1, 161, 64, 224
-0.964095, 53, 65, 84, 192
-0.964115, 209, 321, 240, 448
-0.96413, 49, 201, 112, 264
-0.964268, 145, 177, 208, 304
-0.964348, 113, 81, 144, 208
-0.96436, 105, 33, 136, 160
-0.96438, 133, 33, 164, 160
-0.96441, 33, 137, 96, 200
-0.964594, 145, 241, 176, 368
-0.964697, 97, 129, 224, 192
-0.964748, 89, 17, 152, 80
-0.964815, 185, 321, 216, 448
-0.965014, 17, 113, 80, 176
-0.965098, 217, 193, 280, 320
-0.965118, 113, 377, 240, 440
-0.965221, 177, 193, 240, 448
-0.965483, 73, 81, 104, 208
-0.965587, 121, 1, 184, 256
-0.965859, 201, 265, 264, 328
-0.965943, 73, 97, 136, 352
-0.966202, 233, 1, 296, 128
-0.966226, 125, 129, 156, 256
-0.96642, 153, 65, 216, 320
-0.966588, 169, 177, 232, 240
-0.966644, 73, 201, 136, 264
-0.966665, 17, 65, 80, 128
-0.966681, 81, 249, 208, 312
-0.966908, 161, 1, 224, 128
-0.967074, 33, 1, 288, 128
-0.967076, 97, 193, 160, 256
-0.967127, 97, 225, 160, 288
-0.967127, 185, 257, 216, 384
-0.967263, 93, 129, 124, 256
-0.967547, 33, 177, 160, 240
-0.967638, 33, 193, 96, 320
-0.967682, 17, 185, 80, 248
-0.967746, 41, 81, 72, 208
-0.967967, 193, 169, 256, 232
-0.968211, 153, 1, 216, 64
-0.968272, 193, 161, 224, 288
-0.968368, 81, 273, 208, 336
-0.968394, 233, 321, 296, 448
-0.96843, 25, 65, 88, 320
-0.968475, 181, 81, 212, 208
-0.968548, 153, 65, 184, 192
-0.968779, 97, 97, 160, 352
-0.968853, 129, 25, 192, 88
-0.968929, 97, 177, 224, 240
-0.969022, 225, 353, 288, 416
-0.969191, 165, 65, 196, 192
-0.96924, 113, 145, 144, 272
-0.969685, 213, 257, 244, 384
-0.969892, 81, 41, 208, 104
-0.969995, 121, 33, 152, 160
-0.970242, 153, 161, 216, 416
-0.970264, 137, 97, 168, 224
-0.970289, 177, 1, 298, 128
-0.970309, 161, 265, 192, 328
-0.970373, 197, 377, 228, 440
-0.970444, 121, 233, 184, 296
-0.970555, 85, 33, 116, 160
-0.970578, 109, 321, 140, 448
-0.970792, 81, 273, 144, 336
-0.970834, 233, 1, 296, 64
-0.970907, 173, 145, 204, 208
-0.970929, 33, 153, 160, 216
-0.971167, 169, 321, 200, 384
-0.971173, 149, 353, 180, 416
-0.971175, 97, 65, 224, 128
-0.971179, 221, 385, 252, 448
-0.971203, 101, 81, 132, 208
-0.9713, 57, 113, 88, 240
-0.971695, 1, 209, 128, 336
-0.9718, 97, 241, 128, 368
-0.971901, 137, 305, 168, 368
-0.972168, 189, 329, 220, 392
-0.972194, 205, 353, 236, 416
-0.972211, 113, 193, 176, 448
-0.972229, 185, 353, 216, 416
-0.972274, 57, 33, 120, 96
-0.972276, 197, 113, 228, 240
-0.972351, 229, 329, 260, 392
-0.972464, 149, 289, 180, 352
-0.972504, 141, 329, 172, 392
-0.972528, 173, 361, 204, 424
-0.972634, 173, 241, 204, 368
-0.972743, 197, 241, 228, 368
-0.972789, 9, 193, 72, 320
-0.972889, 153, 113, 184, 240
-0.972913, 1, 65, 64, 320
-0.973108, 161, 345, 192, 408
-0.97314, 97, 177, 128, 304
-0.973143, 81, 297, 208, 360
-0.973203, 73, 129, 104, 256
-0.973222, 129, 177, 192, 240
-0.973322, 29, 81, 60, 208
-0.973323, 177, 297, 208, 360
-0.973339, 229, 361, 260, 424
-0.973365, 165, 1, 196, 128
-0.973442, 129, 273, 160, 336
-0.973468, 237, 321, 268, 448
-0.973578, 69, 89, 100, 152
-0.973616, 121, 193, 152, 320
-0.973753, 1, 137, 64, 200
-0.973857, 121, 153, 152, 216
-0.973857, 21, 129, 52, 256
-0.973917, 73, 225, 136, 288
-0.973937, 149, 129, 180, 192
-0.973979, 137, 361, 168, 424
-0.973998, 181, 177, 212, 304
-0.974076, 233, 377, 296, 440
-0.974139, 209, 329, 240, 392
-0.974162, 157, 313, 188, 376
-0.974168, 49, 65, 80, 128
-0.974292, 161, 225, 192, 352
-0.974295, 1, 65, 128, 128
-0.974328, 161, 201, 224, 264
-0.974356, 125, 81, 156, 208
-0.974428, 237, 385, 268, 448
-0.974453, 113, 289, 144, 352
-0.974532, 113, 201, 240, 264
-0.974619, 53, 97, 84, 160
-0.974685, 161, 169, 288, 232
-0.974708, 125, 129, 156, 192
-0.97484, 137, 57, 168, 120
-0.974874, 217, 145, 280, 272
-0.974921, 149, 1, 180, 128
-0.974936, 185, 105, 248, 168
-0.974958, 81, 345, 144, 408
-0.974977, 81, 297, 144, 360
-0.974989, 89, 105, 120, 168
-0.975023, 177, 97, 240, 352
-0.975099, 89, 193, 152, 448
-0.975101, 161, 145, 288, 208
-0.975162, 85, 369, 116, 432
-0.975164, 177, 241, 208, 304
-0.975193, 33, 129, 64, 256
-0.975304, 181, 273, 212, 336
-0.975462, 105, 161, 136, 224
-0.975467, 153, 225, 216, 288
-0.975471, 121, 321, 152, 384
-0.975595, 185, 145, 216, 208
-0.975632, 169, 81, 200, 144
-0.975691, 145, 97, 272, 160
-0.975804, 97, 225, 224, 288
-0.975842, 97, 289, 128, 416
-0.975854, 113, 113, 144, 176
-0.975857, 17, 377, 144, 440
-0.975898, 33, 201, 160, 264
-0.975918, 33, 97, 64, 160
-0.975919, 57, 1, 120, 448
-0.975927, 157, 385, 188, 448
-0.975943, 77, 121, 108, 184
-0.975948, 165, 113, 196, 176
-0.976039, 161, 1, 288, 64
-0.976061, 13, 81, 44, 208
-0.976206, 217, 289, 248, 352
-0.976253, 69, 385, 100, 448
-0.976322, 217, 353, 248, 416
-0.976333, 161, 137, 192, 200
-0.976551, 161, 289, 192, 352
-0.976599, 109, 193, 140, 320
-0.976611, 85, 65, 116, 128
-0.976656, 185, 377, 216, 440
-0.976668, 145, 121, 272, 184
-0.976684, 113, 1, 176, 448
-0.976691, 153, 81, 184, 144
-0.976705, 173, 169, 204, 232
-0.976729, 97, 41, 128, 104
-0.976755, 145, 249, 176, 312
-0.976807, 109, 137, 140, 200
-0.976854, 117, 265, 148, 328
-0.976885, 145, 153, 176, 216
-0.977007, 113, 49, 144, 112
-0.977073, 165, 161, 196, 288
-0.977131, 209, 385, 240, 448
-0.977219, 113, 89, 144, 152
-0.977267, 181, 121, 212, 184
-0.977271, 69, 177, 100, 304
-0.977504, 225, 273, 256, 400
-0.977658, 73, 33, 104, 160
-0.977783, 97, 81, 128, 144
-0.977845, 125, 297, 156, 360
-0.977935, 93, 129, 124, 192
-0.977979, 57, 273, 120, 400
-0.977983, 201, 241, 264, 304
-0.978017, 197, 281, 228, 344
-0.97804, 41, 161, 104, 416
-0.978096, 89, 249, 120, 312
-0.978168, 97, 377, 128, 440
-0.978186, 49, 345, 176, 408
-0.978201, 225, 329, 288, 392
-0.978318, 61, 65, 92, 128
-0.97839, 81, 1, 144, 448
-0.978493, 177, 81, 240, 144
-0.978509, 73, 65, 104, 128
-0.978534, 89, 177, 120, 240
-0.978602, 145, 1, 208, 448
-0.978657, 201, 193, 264, 448
-0.978671, 121, 177, 152, 240
-0.978685, 137, 129, 168, 192
-0.978702, 185, 169, 216, 232
-0.978725, 41, 385, 104, 448
-0.978729, 201, 305, 232, 368
-0.978775, 133, 33, 164, 96
-0.978818, 101, 105, 132, 168
-0.978882, 205, 193, 236, 320
-0.979057, 141, 385, 172, 448
-0.979095, 169, 385, 200, 448
-0.979169, 85, 33, 116, 96
-0.979174, 53, 177, 84, 304
-0.979437, 133, 153, 164, 216
-0.979476, 21, 161, 52, 224
-0.979526, 93, 153, 124, 216
-0.97956, 81, 321, 144, 384
-0.979571, 129, 385, 160, 448
-0.97958, 49, 121, 80, 184
-0.97962, 117, 353, 148, 416
-0.979626, 149, 105, 180, 168
-0.979645, 141, 81, 172, 144
-0.979757, 149, 41, 180, 104
-0.979804, 217, 297, 280, 360
-0.979867, 225, 169, 288, 232
-0.979934, 161, 1, 192, 64
-0.979968, 105, 265, 136, 328
-0.980024, 109, 385, 140, 448
-0.980162, 165, 57, 196, 120
-0.980246, 141, 145, 172, 272
-0.980315, 189, 305, 220, 368
-0.980377, 205, 241, 236, 304
-0.980392, 129, 105, 160, 168
-0.980439, 161, 241, 192, 304
-0.980446, 209, 393, 272, 424
-0.980459, 101, 185, 132, 248
-0.98046, 109, 313, 140, 376
-0.980516, 213, 265, 244, 328
-0.980559, 161, 357, 224, 388
-0.980559, 225, 273, 288, 400
-0.980582, 157, 161, 188, 224
-0.980644, 41, 169, 72, 232
-0.980684, 1, 321, 128, 448
-0.980717, 209, 129, 272, 192
-0.980731, 197, 153, 228, 216
-0.980746, 29, 121, 60, 184
-0.980862, 185, 209, 248, 272
-0.980925, 209, 193, 272, 256
-0.980928, 65, 177, 96, 240
-0.980939, 37, 73, 68, 136
-0.980953, 45, 129, 76, 256
-0.980984, 125, 57, 156, 120
-0.981019, 81, 17, 208, 80
-0.981058, 189, 249, 220, 312
-0.981256, 129, 81, 160, 144
-0.981274, 5, 153, 36, 216
-0.981321, 201, 337, 264, 368
-0.981389, 65, 193, 128, 448
-0.981407, 97, 289, 128, 352
-0.981438, 185, 401, 248, 432
-0.981443, 137, 273, 200, 304
-0.981601, 185, 97, 216, 160
-0.981694, 233, 1, 296, 256
-0.98189, 229, 305, 260, 368
-0.981892, 1, 81, 32, 208
-0.981979, 249, 1, 280, 64
-0.98205, 265, 1, 296, 128
-0.982123, 145, 333, 208, 364
-0.982143, 133, 249, 164, 312
-0.982153, 209, 113, 240, 240
-0.982183, 201, 361, 264, 392
-0.982273, 65, 121, 96, 184
-0.982288, 109, 25, 140, 88
-0.982409, 241, 361, 272, 424
-0.982456, 49, 225, 176, 288
-0.982483, 21, 97, 52, 160
-0.982526, 225, 97, 288, 224
-0.982535, 97, 225, 128, 288
-0.982554, 33, 257, 160, 320
-0.982598, 185, 377, 248, 408
-0.982639, 153, 41, 216, 104
-0.982652, 185, 389, 248, 420
-0.982697, 49, 225, 112, 288
-0.982716, 77, 169, 108, 232
-0.982811, 97, 353, 128, 416
-0.982873, 129, 297, 192, 328
-0.982886, 261, 1, 292, 64
-0.982894, 49, 145, 80, 208
-0.982903, 177, 249, 298, 312
-0.982935, 137, 261, 200, 292
-0.982965, 201, 97, 264, 352
-0.982991, 193, 201, 224, 264
-0.983101, 1, 257, 128, 384
-0.983113, 69, 145, 100, 208
-0.983122, 153, 313, 216, 344
-0.983184, 33, 1, 96, 448
-0.98321, 113, 201, 144, 264
-0.983224, 113, 405, 176, 436
-0.983228, 129, 161, 192, 192
-0.983236, 197, 177, 228, 240
-0.983269, 77, 201, 108, 264
-0.983273, 149, 9, 180, 72
-0.983275, 121, 25, 152, 88
-0.983354, 65, 137, 128, 168
-0.9834, 209, 405, 272, 436
-0.983445, 161, 345, 224, 376
-0.98351, 169, 329, 232, 360
-0.983541, 161, 385, 224, 416
-0.983545, 145, 137, 208, 168
-0.983567, 225, 273, 288, 336
-0.98359, 129, 85, 192, 116
-0.983623, 41, 93, 104, 124
-0.983651, 129, 317, 192, 348
-0.983696, 153, 249, 216, 280
-0.983718, 41, 177, 72, 304
-0.983739, 129, 125, 192, 156
-0.983755, 177, 1, 240, 64
-0.983818, 81, 73, 144, 104
-0.983906, 209, 381, 272, 412
-0.983968, 153, 369, 216, 400
-0.983988, 73, 377, 136, 408
-0.984006, 113, 1, 176, 64
-0.98405, 81, 121, 144, 152
-0.984079, 129, 349, 192, 380
-0.984113, 209, 1, 272, 64
-0.984135, 105, 117, 168, 148
-0.984153, 145, 73, 272, 136
-0.984212, 105, 137, 168, 168
-0.98428, 177, 257, 240, 288
-0.984291, 253, 1, 284, 128
-0.984295, 161, 161, 224, 192
-0.984308, 177, 269, 240, 300
-0.984367, 217, 193, 248, 320
-0.984416, 81, 89, 144, 120
-0.984538, 81, 177, 112, 304
-0.984605, 201, 349, 264, 380
-0.984641, 209, 417, 272, 448
-0.984688, 177, 1, 240, 448
-0.984748, 193, 301, 256, 332
-0.984749, 105, 301, 168, 332
-0.984827, 57, 265, 120, 328
-0.984838, 129, 361, 192, 392
-0.984848, 137, 393, 200, 424
-0.984864, 161, 397, 224, 428
-0.984884, 33, 289, 160, 352
-0.984926, 177, 317, 240, 348
-0.984938, 33, 361, 96, 424
-0.984989, 89, 105, 152, 136
-0.985002, 153, 285, 216, 316
-0.985003, 113, 273, 176, 304
-0.985007, 73, 393, 136, 424
-0.985116, 57, 81, 120, 112
-0.985204, 105, 341, 168, 372
-0.98521, 73, 153, 136, 184
-0.98527, 161, 193, 288, 256
-0.985322, 1, 369, 298, 432
-0.985327, 161, 301, 224, 332
-0.985328, 65, 109, 128, 140
-0.985336, 137, 149, 200, 180
-0.985373, 137, 381, 200, 412
-0.985395, 33, 377, 288, 440
-0.985436, 121, 61, 184, 92
-0.985444, 129, 285, 192, 316
-0.985471, 49, 321, 176, 384
-0.985484, 233, 129, 296, 192
-0.985518, 41, 321, 104, 448
-0.985538, 153, 85, 216, 116
-0.985553, 33, 41, 160, 104
-0.985611, 153, 121, 216, 152
-0.985722, 49, 65, 112, 96
-0.985727, 161, 225, 288, 288
-0.985728, 9, 129, 40, 256
-0.985743, 225, 97, 288, 352
-0.985757, 121, 101, 184, 132
-0.985788, 113, 149, 176, 180
-0.985839, 105, 353, 168, 384
-0.98586, 25, 1, 88, 128
-0.986008, 81, 61, 144, 92
-0.986015, 113, 261, 176, 292
-0.986063, 89, 265, 152, 296
-0.986122, 17, 101, 80, 132
-0.986129, 105, 329, 168, 360
-0.986154, 105, 289, 168, 320
-0.986181, 85, 257, 116, 384
-0.986233, 161, 173, 224, 204
-0.98625, 161, 409, 224, 440
-0.986331, 201, 321, 264, 352
-0.986338, 41, 109, 104, 140
-0.986389, 17, 385, 80, 448
-0.986398, 105, 45, 168, 76
-0.986409, 177, 245, 240, 276
-0.986425, 177, 289, 240, 320
-0.986497, 225, 193, 288, 448
-0.986503, 105, 165, 168, 196
-0.986542, 105, 417, 168, 448
-0.986586, 113, 377, 176, 408
-0.986627, 33, 133, 96, 164
-0.986749, 153, 97, 216, 128
-0.986883, 161, 1, 224, 32
-0.986883, 113, 73, 176, 104
-0.98694, 169, 149, 232, 180
-0.987001, 81, 185, 144, 216
-0.987012, 105, 89, 168, 120
-0.987104, 73, 197, 136, 228
-0.987188, 105, 317, 168, 348
-0.987276, 113, 393, 176, 424
-0.987281, 129, 113, 192, 144
-0.987287, 177, 1, 240, 256
-0.98734, 89, 277, 152, 308
-0.987457, 1, 177, 256, 240
-0.987463, 57, 125, 120, 156
-0.987651, 81, 165, 144, 196
-0.987819, 81, 41, 144, 72
-0.987822, 137, 173, 200, 204
-0.987843, 229, 113, 260, 240
-0.987868, 1, 161, 298, 224
-0.987875, 153, 161, 184, 288
-0.987881, 105, 365, 168, 396
-0.987881, 1, 113, 298, 176
-0.987884, 25, 77, 88, 108
-0.987914, 89, 25, 152, 56
-0.98799, 1, 153, 256, 216
-0.988, 153, 73, 216, 104
-0.988061, 57, 177, 120, 208
-0.988077, 121, 201, 184, 264
-0.988099, 57, 353, 120, 416
-0.988105, 137, 405, 200, 436
-0.988174, 9, 41, 72, 104
-0.988208, 177, 57, 240, 120
-0.988284, 113, 177, 176, 208
-0.988393, 1, 1, 64, 448
-0.988425, 33, 305, 288, 368
-0.98843, 129, 41, 256, 104
-0.988498, 1, 113, 256, 176
-0.988501, 9, 177, 40, 304
-0.988509, 17, 161, 80, 416
-0.988583, 37, 33, 68, 160
-0.988648, 201, 1, 264, 448
-0.988711, 153, 109, 216, 140
-0.988954, 177, 33, 208, 160
-0.988966, 17, 169, 80, 200
-0.989009, 113, 249, 176, 280
-0.989077, 225, 249, 288, 312
-0.98911, 49, 193, 112, 224
-0.989112, 233, 417, 296, 448
-0.989133, 41, 145, 104, 176
-0.989193, 1, 89, 256, 152
-0.989235, 85, 321, 116, 448
-0.989288, 233, 1, 296, 32
-0.989317, 65, 405, 128, 436
-0.98949, 1, 1, 64, 128
-0.989492, 201, 289, 264, 320
-0.989524, 61, 17, 92, 144
-0.989566, 185, 413, 248, 444
-0.989582, 33, 257, 288, 320
-0.989611, 133, 209, 164, 336
-0.989618, 153, 237, 216, 268
-0.989671, 21, 177, 52, 304
-0.989769, 33, 353, 288, 416
-0.989778, 177, 129, 240, 160
-0.989855, 89, 253, 152, 284
-0.989869, 233, 393, 296, 424
-0.989896, 185, 177, 248, 208
-0.989904, 33, 329, 288, 392
-0.989909, 241, 1, 272, 128
-0.990051, 1, 257, 298, 320
-0.99006, 25, 189, 88, 220
-0.990147, 129, 49, 192, 80
-0.990178, 49, 1, 112, 64
-0.990207, 1, 137, 298, 200
-0.990281, 105, 193, 168, 224
-0.990304, 33, 281, 288, 344
-0.990319, 129, 261, 256, 292
-0.99035, 113, 33, 176, 64
-0.990365, 1, 289, 298, 352
-0.990383, 233, 405, 296, 436
-0.990386, 161, 341, 288, 372
-0.990455, 201, 337, 232, 368
-0.990591, 17, 17, 144, 80
-0.990639, 173, 361, 204, 392
-0.990717, 153, 353, 184, 384
-0.990739, 201, 1, 264, 32
-0.990743, 221, 389, 252, 420
-0.990772, 145, 265, 176, 296
-0.990792, 1, 345, 298, 408
-0.99081, 185, 161, 248, 192
-0.990838, 233, 193, 296, 256
-0.990858, 145, 61, 208, 92
-0.99087, 193, 349, 224, 380
-0.990873, 65, 405, 192, 436
-0.990876, 237, 417, 268, 448
-0.990895, 145, 309, 272, 340
-0.990901, 149, 373, 180, 404
-0.990904, 173, 153, 204, 184
-0.99093, 201, 393, 232, 424
-0.990969, 133, 301, 164, 332
-0.990975, 157, 309, 188, 340
-0.990978, 233, 385, 264, 416
-0.990984, 153, 341, 184, 372
-0.990988, 225, 353, 288, 384
-0.990996, 121, 149, 152, 180
-0.991044, 209, 369, 240, 400
-0.991048, 129, 325, 256, 356
-0.991077, 125, 277, 156, 308
-0.991084, 161, 277, 192, 308
-0.991089, 149, 293, 180, 324
-0.991093, 113, 309, 144, 340
-0.991102, 161, 397, 192, 428
-0.991105, 173, 313, 204, 344
-0.991109, 1, 181, 64, 212
-0.991111, 33, 233, 288, 296
-0.991119, 229, 193, 260, 320
-0.991127, 1, 65, 256, 128
-0.991131, 185, 325, 216, 356
-0.99114, 161, 353, 288, 384
-0.991148, 129, 325, 160, 356
-0.991206, 113, 341, 240, 372
-0.991213, 93, 121, 124, 152
-0.991222, 81, 125, 112, 156
-0.991246, 81, 417, 144, 448
-0.99125, 145, 417, 272, 448
-0.991256, 153, 157, 184, 188
-0.991269, 137, 365, 168, 396
-0.991272, 177, 385, 298, 416
-0.991281, 133, 153, 164, 184
-0.991307, 165, 373, 196, 404
-0.991313, 53, 93, 84, 124
-0.991315, 229, 341, 260, 372
-0.991322, 177, 141, 208, 172
-0.991325, 137, 313, 168, 344
-0.991332, 121, 161, 152, 192
-0.991337, 69, 85, 100, 116
-0.991339, 81, 221, 144, 252
-0.991341, 113, 401, 240, 432
-0.991348, 85, 373, 116, 404
-0.991351, 121, 289, 152, 320
-0.991357, 179, 313, 194, 376
-0.991361, 85, 33, 116, 64
-0.991365, 49, 125, 176, 156
-0.991366, 73, 105, 104, 136
-0.991369, 1, 209, 256, 272
-0.991398, 193, 373, 224, 404
-0.991401, 209, 357, 240, 388
-0.991403, 41, 93, 72, 124
-0.991405, 161, 369, 288, 400
-0.991413, 1, 81, 298, 144
-0.991414, 81, 97, 208, 128
-0.991424, 225, 329, 256, 360
-0.991429, 169, 341, 200, 372
-0.991432, 185, 161, 216, 192
-0.991433, 161, 265, 192, 296
-0.991454, 153, 145, 184, 176
-0.991459, 141, 325, 172, 356
-0.99146, 173, 389, 204, 420
-0.991472, 145, 273, 272, 304
-0.991486, 141, 349, 172, 380
-0.991493, 1, 109, 128, 140
-0.991504, 217, 405, 248, 436
-0.991521, 177, 373, 208, 404
-0.991547, 65, 417, 192, 448
-0.99155, 153, 321, 184, 352
-0.991552, 205, 345, 220, 408
-0.991557, 165, 129, 196, 160
-0.991576, 173, 321, 188, 384
-0.991578, 141, 337, 172, 368
-0.991589, 145, 297, 272, 328
-0.9916, 177, 301, 208, 332
-0.991605, 253, 321, 284, 448
-0.991607, 145, 253, 176, 284
-0.991612, 105, 141, 136, 172
-0.991621, 173, 329, 204, 360
-0.991627, 133, 141, 164, 172
-0.991644, 229, 369, 260, 400
-0.991669, 49, 73, 80, 104
-0.991679, 161, 385, 192, 416
-0.991694, 101, 69, 132, 100
-0.991705, 117, 109, 148, 140
-0.991718, 233, 1, 296, 448
-0.991729, 177, 269, 208, 300
-0.991736, 49, 105, 80, 136
-0.991759, 193, 65, 224, 192
-0.991764, 85, 81, 116, 112
-0.991767, 137, 377, 168, 408
-0.99177, 121, 305, 136, 368
-0.991771, 165, 85, 196, 116
-0.99178, 189, 361, 220, 392
-0.991781, 253, 1, 284, 32
-0.991797, 173, 165, 204, 196
-0.991805, 69, 133, 100, 164
-0.991815, 137, 289, 168, 320
-0.991819, 129, 337, 160, 368
-0.991822, 161, 401, 288, 432
-0.991824, 109, 45, 140, 76
-0.991834, 173, 257, 188, 320
-0.991835, 109, 285, 140, 316
-0.991841, 133, 41, 164, 72
-0.991844, 221, 353, 236, 416
-0.991859, 189, 405, 220, 436
-0.991863, 93, 137, 124, 168
-0.991868, 201, 245, 232, 276
-0.991871, 57, 65, 72, 128
-0.991885, 97, 113, 224, 144
-0.991895, 209, 217, 272, 280
-0.991902, 153, 125, 184, 156
-0.991909, 185, 173, 216, 204
-0.991909, 129, 389, 256, 420
-0.991916, 97, 97, 128, 128
-0.991917, 209, 1, 272, 256
-0.991919, 153, 85, 184, 116
-0.991923, 195, 313, 210, 376
-0.991927, 97, 57, 128, 88
-0.991931, 109, 157, 140, 188
-0.991933, 81, 165, 208, 196
-0.991939, 65, 377, 192, 408
-0.991943, 121, 137, 152, 168
-0.99195, 169, 1, 200, 32
-0.991965, 81, 57, 208, 88
-0.991969, 149, 385, 180, 416
-0.991998, 161, 297, 192, 328
-0.992002, 185, 285, 216, 316
-0.992003, 181, 145, 196, 208
-0.992003, 109, 173, 140, 204
-0.992019, 181, 341, 212, 372
-0.99202, 105, 117, 136, 148
-0.992024, 101, 261, 132, 292
-0.992028, 125, 153, 140, 216
-0.992032, 213, 361, 228, 424
-0.992038, 113, 321, 144, 352
-0.992044, 97, 373, 128, 404
-0.992049, 205, 381, 236, 412
-0.992058, 133, 61, 164, 92
-0.992059, 113, 57, 144, 88
-0.992061, 185, 385, 216, 416
-0.992061, 97, 249, 128, 280
-0.99207, 217, 305, 248, 336
-0.992071, 173, 73, 204, 104
-0.992082, 157, 313, 172, 376
-0.992089, 113, 81, 144, 112
-0.992098, 241, 405, 272, 436
-0.992106, 89, 69, 120, 100
-0.992115, 87, 97, 102, 160
-0.992124, 105, 129, 136, 160
-0.992128, 129, 125, 160, 156
-0.992133, 129, 349, 160, 380
-0.992138, 251, 385, 266, 448
-0.992147, 165, 105, 196, 136
-0.992153, 157, 253, 188, 284
-0.992166, 97, 365, 224, 396
-0.992169, 185, 313, 216, 344
-0.992179, 1, 313, 298, 376
-0.992183, 165, 297, 180, 360
-0.992183, 117, 333, 148, 364
-0.992197, 117, 345, 148, 376
-0.992211, 65, 69, 192, 100
-0.992211, 205, 369, 220, 432
-0.992219, 181, 249, 212, 280
-0.992231, 213, 417, 244, 448
-0.992237, 177, 129, 208, 160
-0.992243, 97, 137, 224, 168
-0.992248, 181, 353, 196, 416
-0.992252, 201, 65, 264, 192
-0.992257, 199, 337, 214, 400
-0.992265, 121, 181, 152, 212
-0.992268, 169, 345, 184, 408
-0.992269, 217, 345, 248, 376
-0.99227, 165, 141, 196, 172
-0.992286, 121, 93, 152, 124
-0.992295, 105, 189, 136, 220
-0.992305, 197, 321, 228, 352
-0.992306, 89, 109, 120, 140
-0.99232, 63, 65, 78, 128
-0.992332, 65, 393, 192, 424
-0.992341, 109, 297, 140, 328
-0.992343, 89, 45, 120, 76
-0.99235, 197, 369, 212, 432
-0.992377, 191, 369, 206, 432
-0.992405, 69, 321, 100, 448
-0.992415, 201, 289, 216, 352
-0.992428, 93, 113, 108, 176
-0.992454, 151, 289, 166, 352
-0.992467, 97, 353, 224, 384
-0.992475, 163, 345, 178, 408
-0.992483, 1, 185, 298, 248
-0.992492, 113, 177, 240, 208
-0.992507, 97, 85, 224, 116
-0.99254, 187, 129, 202, 192
-0.992576, 97, 281, 224, 312
-0.992585, 33, 85, 160, 116
-0.992587, 133, 137, 148, 200
-0.992595, 229, 377, 244, 440
-0.992598, 47, 89, 62, 152
-0.992605, 133, 321, 148, 384
-0.992623, 115, 161, 130, 224
-0.992628, 97, 305, 224, 336
-0.992674, 167, 273, 182, 336
-0.992684, 81, 257, 208, 288
-0.992692, 125, 281, 140, 344
-0.992747, 49, 137, 176, 168
-0.99278, 149, 41, 164, 104
-0.992792, 33, 97, 160, 128
-0.992837, 247, 353, 262, 416
-0.992848, 237, 377, 252, 440
-0.992852, 179, 377, 194, 440
-0.992856, 175, 145, 190, 208
-0.992906, 145, 249, 272, 280
-0.992909, 141, 281, 156, 344
-0.992931, 69, 97, 84, 160
-0.992974, 127, 129, 142, 192
-0.992994, 49, 113, 176, 144
-0.993002, 33, 157, 160, 188
-0.993004, 55, 97, 70, 160
-0.993005, 1, 225, 128, 288
-0.993017, 175, 353, 190, 416
-0.99302, 197, 153, 212, 216
-0.993028, 211, 329, 226, 392
-0.993038, 147, 329, 162, 392
-0.993052, 161, 1, 288, 32
-0.993055, 75, 105, 90, 168
-0.993066, 173, 377, 188, 440
-0.99307, 91, 73, 106, 136
-0.993071, 39, 97, 54, 160
-0.993074, 177, 121, 192, 184
-0.993093, 151, 361, 166, 424
-0.993105, 183, 289, 198, 352
-0.99311, 227, 337, 242, 400
-0.993122, 221, 385, 236, 448
-0.99316, 157, 73, 172, 136
-0.993165, 189, 329, 204, 392
-0.993195, 141, 145, 156, 208
-0.993209, 143, 305, 158, 368
-0.993236, 231, 273, 246, 336
-0.993248, 167, 321, 182, 384
-0.993253, 159, 281, 174, 344
-0.993261, 33, 185, 160, 216
-0.993263, 133, 273, 148, 336
-0.993265, 191, 161, 206, 224
-0.993283, 147, 145, 162, 208
-0.993317, 157, 337, 172, 400
-0.99332, 1, 169, 128, 200
-0.99332, 119, 257, 134, 320
-0.993345, 155, 385, 170, 448
-0.993385, 209, 105, 272, 168
-0.993389, 87, 369, 102, 432
-0.993395, 125, 329, 140, 392
-0.993396, 135, 41, 150, 104
-0.993411, 97, 125, 224, 156
-0.993443, 101, 113, 116, 176
-0.993446, 145, 285, 272, 316
-0.993448, 201, 313, 216, 376
-0.993448, 69, 73, 84, 136
-0.993449, 97, 245, 224, 276
-0.993452, 211, 385, 226, 448
-0.993478, 169, 137, 184, 200
-0.993502, 183, 65, 198, 128
-0.993504, 81, 189, 208, 220
-0.99352, 117, 49, 132, 112
-0.993527, 177, 281, 192, 344
-0.993531, 117, 121, 132, 184
-0.993551, 235, 305, 250, 368
-0.99361, 61, 105, 76, 168
-0.993633, 1, 353, 128, 416
-0.993638, 81, 377, 96, 440
-0.99365, 141, 345, 156, 408
-0.993652, 33, 197, 160, 228
-0.993669, 113, 265, 128, 328
-0.993669, 75, 385, 90, 448
-0.993682, 113, 377, 240, 408
-0.993695, 131, 297, 146, 360
-0.993718, 165, 369, 180, 432
-0.99374, 81, 269, 208, 300
-0.99376, 113, 385, 128, 448
-0.993794, 189, 281, 204, 344
-0.993824, 83, 121, 98, 184
-0.993826, 81, 97, 96, 160
-0.993866, 185, 377, 200, 440
-0.993867, 99, 369, 114, 432
-0.993872, 65, 341, 192, 372
-0.993881, 243, 377, 258, 440
-0.993899, 97, 293, 224, 324
-0.993902, 165, 113, 180, 176
-0.993912, 187, 249, 202, 312
-0.993925, 107, 377, 122, 440
-0.993926, 123, 65, 138, 128
-0.993935, 127, 41, 142, 104
-0.993935, 125, 353, 140, 416
-0.993951, 157, 49, 172, 112
-0.993955, 111, 49, 126, 112
-0.993988, 185, 169, 200, 232
-0.993996, 125, 177, 140, 240
-0.993998, 115, 193, 130, 256
-0.994014, 241, 113, 272, 240
-0.994015, 107, 153, 122, 216
-0.994029, 115, 89, 130, 152
-0.994037, 127, 97, 142, 160
-0.994042, 1, 145, 128, 176
-0.994058, 105, 41, 120, 104
-0.994059, 233, 105, 296, 168
-0.994062, 131, 161, 146, 224
-0.994085, 169, 81, 184, 144
-0.994096, 197, 249, 212, 312
-0.994097, 75, 73, 90, 136
-0.994103, 197, 121, 212, 184
-0.994114, 137, 65, 152, 128
-0.994124, 217, 329, 232, 392
-0.994136, 107, 129, 122, 192
-0.994139, 65, 29, 192, 60
-0.994144, 81, 149, 208, 180
-0.994151, 129, 97, 256, 128
-0.994168, 81, 329, 208, 360
-0.994172, 101, 89, 116, 152
-0.994194, 223, 305, 238, 368
-0.994208, 179, 257, 194, 320
-0.99422, 141, 25, 156, 88
-0.994258, 135, 369, 150, 432
-0.994261, 65, 41, 192, 72
-0.994264, 153, 129, 168, 192
-0.994273, 1, 133, 128, 164
-0.994296, 51, 65, 66, 128
-0.994304, 93, 369, 108, 432
-0.99431, 105, 177, 120, 240
-0.994319, 143, 385, 158, 448
-0.994372, 45, 121, 60, 184
-0.994385, 33, 337, 96, 400
-0.994401, 129, 157, 256, 188
-0.994424, 161, 181, 288, 212
-0.994469, 265, 113, 296, 240
-0.994573, 17, 397, 144, 428
-0.994575, 1, 233, 298, 296
-0.994609, 113, 69, 240, 100
-0.994631, 209, 1, 272, 128
-0.994785, 145, 113, 272, 144
-0.994799, 161, 169, 288, 200
-0.994933, 97, 233, 224, 264
-0.994974, 145, 125, 272, 156
-0.995032, 17, 73, 144, 104
-0.995081, 65, 317, 192, 348
-0.995099, 33, 41, 288, 104
-0.995116, 177, 329, 298, 360
-0.995124, 1, 209, 298, 272
-0.995143, 185, 17, 248, 144
-0.995171, 97, 201, 224, 232
-0.995206, 49, 305, 176, 336
-0.995257, 57, 297, 120, 360
-0.995311, 1, 121, 128, 152
-0.995479, 21, 33, 52, 160
-0.995567, 1, 57, 298, 120
-0.995568, 97, 217, 224, 248
-0.995605, 145, 237, 272, 268
-0.995621, 93, 1, 124, 256
-0.995633, 253, 113, 284, 240
-0.995681, 17, 381, 144, 412
-0.995785, 121, 129, 152, 384
-0.99579, 33, 33, 96, 96
-0.995877, 165, 129, 196, 384
-0.995891, 145, 85, 272, 116
-0.995906, 113, 33, 144, 288
-0.99596, 33, 57, 160, 88
-0.995983, 153, 1, 184, 256
-0.995983, 33, 265, 160, 296
-0.996005, 137, 1, 168, 256
-0.996056, 245, 177, 276, 304
-0.996078, 173, 309, 188, 340
-0.996083, 17, 409, 144, 440
-0.99609, 29, 65, 60, 320
-0.996096, 57, 65, 88, 320
-0.996105, 17, 209, 144, 240
-0.996117, 185, 161, 216, 416
-0.996133, 49, 281, 176, 312
-0.996139, 177, 65, 208, 320
-0.996148, 41, 65, 72, 320
-0.996186, 77, 1, 108, 256
-0.996218, 33, 1, 288, 64
-0.99622, 177, 153, 298, 184
-0.996268, 125, 1, 156, 256
-0.996281, 109, 161, 140, 416
-0.996293, 97, 97, 128, 352
-0.996313, 145, 97, 176, 352
-0.996342, 197, 157, 212, 188
-0.996362, 1, 33, 32, 160
-0.996405, 177, 101, 298, 132
-0.996508, 143, 289, 158, 320
-0.996517, 141, 273, 156, 304
-0.996546, 215, 393, 230, 424
-0.996548, 81, 17, 208, 48
-0.99656, 73, 225, 104, 352
-0.996565, 139, 157, 154, 188
-0.996581, 133, 193, 164, 448
-0.996616, 195, 321, 210, 352
-0.996641, 85, 97, 100, 128
-0.996646, 49, 293, 176, 324
-0.996678, 237, 241, 268, 368
-0.996684, 95, 117, 110, 148
-0.996686, 133, 97, 164, 352
-0.996687, 49, 225, 176, 256
-0.996689, 165, 269, 180, 300
-0.996696, 225, 345, 240, 376
-0.996718, 25, 209, 88, 272
-0.996728, 17, 65, 48, 320
-0.996731, 167, 377, 182, 408
-0.996732, 157, 289, 172, 320
-0.996737, 129, 169, 144, 200
-0.996745, 115, 193, 130, 224
-0.996747, 237, 385, 252, 416
-0.996757, 53, 81, 68, 112
-0.996768, 119, 153, 134, 184
-0.99677, 123, 301, 138, 332
-0.996787, 209, 193, 240, 448
-0.99679, 165, 1, 196, 256
-0.996791, 129, 145, 144, 176
-0.996794, 221, 357, 236, 388
-0.996803, 57, 69, 72, 100
-0.996804, 177, 193, 298, 224
-0.996805, 197, 1, 228, 128
-0.996807, 177, 357, 192, 388
-0.99681, 85, 97, 116, 352
-0.996811, 173, 257, 188, 288
-0.996835, 251, 397, 266, 428
-0.996837, 47, 89, 62, 120
-0.996842, 145, 141, 272, 172
-0.996855, 57, 329, 120, 392
-0.996864, 191, 369, 206, 400
-0.996865, 33, 253, 160, 284
-0.996873, 197, 193, 228, 448
-0.996888, 151, 365, 166, 396
-0.99689, 55, 93, 70, 124
-0.996902, 205, 341, 220, 372
-0.996906, 103, 41, 118, 72
-0.996911, 171, 349, 186, 380
-0.996915, 191, 165, 206, 196
-0.996926, 157, 341, 172, 372
-0.996939, 211, 337, 226, 368
-0.996943, 175, 129, 190, 160
-0.99695, 183, 125, 198, 156
-0.99696, 93, 65, 108, 96
-0.996966, 155, 317, 170, 348
-0.996967, 165, 257, 180, 288
-0.996968, 161, 377, 176, 408
-0.99697, 173, 377, 188, 408
-0.996985, 179, 325, 194, 356
-0.996988, 169, 365, 184, 396
-0.996993, 49, 241, 176, 272
-0.996995, 147, 301, 162, 332
-0.997, 189, 357, 204, 388
-0.997004, 187, 113, 202, 144
-0.997005, 63, 73, 78, 104
-0.997008, 179, 313, 194, 344
-0.997011, 17, 45, 144, 76
-0.997019, 223, 385, 238, 416
-0.997022, 149, 353, 164, 384
-0.997026, 101, 373, 116, 404
-0.997034, 189, 389, 204, 420
-0.997037, 123, 353, 138, 384
-0.997039, 247, 377, 262, 408
-0.997049, 211, 369, 226, 400
-0.99705, 125, 157, 140, 188
-0.997056, 129, 285, 144, 316
-0.997058, 141, 305, 156, 336
-0.997058, 191, 137, 206, 168
-0.99706, 179, 149, 194, 180
-0.997065, 121, 265, 136, 296
-0.997067, 85, 125, 100, 156
-0.997072, 229, 377, 244, 408
-0.997078, 165, 349, 180, 380
-0.997081, 159, 357, 174, 388
-0.997086, 199, 349, 214, 380
-0.997087, 189, 65, 220, 320
-0.997092, 121, 333, 136, 364
-0.997093, 115, 285, 130, 316
-0.997095, 145, 145, 160, 176
-0.997097, 137, 285, 152, 316
-0.997097, 69, 93, 84, 124
-0.997098, 123, 313, 138, 344
-0.997098, 201, 325, 216, 356
-0.997114, 173, 277, 188, 308
-0.997125, 207, 357, 222, 388
-0.997127, 219, 417, 234, 448
-0.997129, 199, 393, 214, 424
-0.99713, 135, 145, 150, 176
-0.997143, 257, 1, 272, 32
-0.997143, 75, 105, 90, 136
-0.997143, 185, 309, 200, 340
-0.997148, 69, 97, 100, 352
-0.997149, 137, 341, 152, 372
-0.99716, 169, 161, 184, 192
-0.997162, 49, 353, 176, 384
-0.997163, 157, 253, 172, 284
-0.997163, 129, 273, 144, 304
-0.997165, 163, 305, 178, 336
-0.997167, 99, 129, 114, 160
-0.997175, 135, 169, 150, 200
-0.997175, 125, 185, 140, 216
-0.997178, 127, 97, 142, 128
-0.997178, 165, 389, 180, 420
-0.99718, 167, 141, 182, 172
-0.997186, 183, 393, 198, 424
-0.997187, 203, 373, 218, 404
-0.997208, 133, 329, 148, 360
-0.997222, 149, 289, 164, 320
-0.997223, 123, 77, 138, 108
-0.997226, 181, 1, 196, 32
-0.997228, 109, 121, 124, 152
-0.997232, 133, 301, 148, 332
-0.997238, 133, 133, 148, 164
-0.997242, 145, 61, 160, 92
-0.997245, 113, 45, 240, 76
-0.997252, 55, 105, 70, 136
-0.997264, 155, 413, 170, 444
-0.997265, 169, 85, 184, 116
-0.997271, 111, 257, 126, 288
-0.997274, 145, 193, 176, 448
-0.997274, 197, 169, 212, 200
-0.997279, 179, 373, 194, 404
-0.997285, 157, 329, 172, 360
-0.997285, 181, 137, 196, 168
-0.997287, 201, 285, 216, 316
-0.997295, 191, 97, 206, 128
-0.997298, 235, 313, 250, 344
-0.997308, 141, 357, 156, 388
-0.997311, 137, 45, 152, 76
-0.997316, 123, 289, 138, 320
-0.997316, 145, 325, 160, 356
-0.997317, 167, 321, 182, 352
-0.997322, 223, 405, 238, 436
-0.997324, 187, 73, 202, 104
-0.997324, 61, 101, 76, 132
-0.997324, 157, 157, 172, 188
-0.99733, 265, 1, 296, 256
-0.997332, 119, 109, 134, 140
-0.997334, 81, 377, 96, 408
-0.997341, 93, 193, 124, 448
-0.997342, 129, 341, 144, 372
-0.997344, 245, 409, 260, 440
-0.99735, 189, 325, 204, 356
-0.997353, 133, 393, 148, 424
-0.997353, 193, 401, 208, 432
-0.997377, 17, 25, 144, 56
-0.997387, 143, 273, 158, 400
-0.997387, 167, 257, 182, 384
-0.997395, 253, 1, 284, 256
-0.997429, 187, 321, 202, 448
-0.997437, 221, 193, 252, 448
-0.997445, 129, 57, 256, 88
-0.997461, 177, 261, 298, 292
-0.997483, 177, 289, 192, 416
-0.997502, 33, 249, 96, 312
-0.997577, 121, 257, 136, 384
-0.997582, 205, 321, 220, 448
-0.997588, 201, 97, 232, 352
-0.997597, 161, 13, 288, 44
-0.997645, 157, 273, 172, 400
-0.997679, 195, 305, 210, 432
-0.997679, 53, 161, 84, 416
-0.997686, 151, 289, 166, 416
-0.997705, 137, 305, 152, 432
-0.997738, 123, 305, 138, 432
-0.997744, 49, 365, 176, 396
-0.997746, 1, 321, 128, 384
-0.997752, 225, 321, 240, 448
-0.997752, 179, 113, 194, 240
-0.997776, 159, 321, 174, 448
-0.997778, 189, 97, 204, 224
-0.997779, 5, 65, 36, 320
-0.997814, 73, 193, 104, 448
-0.997816, 87, 65, 102, 192
-0.997846, 171, 321, 186, 448
-0.99789, 161, 73, 288, 104
-0.997901, 127, 257, 142, 384
-0.997902, 131, 81, 146, 208
-0.997908, 185, 257, 200, 384
-0.997916, 245, 321, 260, 448
-0.997936, 113, 29, 240, 60
-0.997941, 237, 305, 252, 432
-0.997986, 135, 33, 150, 160
-0.997997, 127, 129, 142, 256
-0.998025, 199, 129, 214, 256
-0.998038, 219, 321, 234, 448
-0.998044, 133, 257, 148, 384
-0.998061, 165, 97, 180, 224
-0.998064, 127, 33, 142, 160
-0.998064, 93, 49, 108, 176
-0.998068, 113, 257, 128, 384
-0.99807, 81, 81, 96, 208
-0.998096, 211, 321, 226, 448
-0.998107, 115, 145, 130, 272
-0.998109, 165, 321, 180, 448
-0.998119, 33, 241, 96, 368
-0.998122, 95, 97, 110, 224
-0.998154, 129, 321, 144, 448
-0.998157, 185, 145, 200, 272
-0.998206, 139, 113, 154, 240
-0.998208, 149, 241, 164, 368
-0.998223, 121, 193, 136, 320
-0.998241, 191, 161, 206, 288
-0.998253, 133, 129, 148, 256
-0.998282, 171, 65, 186, 192
-0.998283, 145, 321, 160, 448
-0.998283, 199, 241, 214, 368
-0.998284, 99, 33, 114, 160
-0.998287, 51, 65, 66, 192
-0.998289, 241, 1, 272, 256
-0.998292, 33, 329, 160, 360
-0.998311, 201, 339, 264, 354
-0.998316, 209, 397, 272, 412
-0.998317, 223, 257, 238, 384
-0.998333, 153, 397, 216, 412
-0.998334, 169, 359, 232, 374
-0.998335, 201, 365, 264, 380
-0.998335, 137, 273, 200, 288
-0.998337, 1, 221, 128, 252
-0.998342, 209, 391, 272, 406
-0.998344, 37, 161, 68, 416
-0.998344, 121, 33, 136, 160
-0.998349, 137, 279, 200, 294
-0.998354, 201, 403, 264, 418
-0.998357, 177, 271, 240, 286
-0.998358, 137, 263, 200, 278
-0.998358, 129, 305, 192, 320
-0.998359, 161, 369, 224, 384
-0.998359, 129, 333, 192, 348
-0.998359, 41, 101, 104, 116
-0.998359, 49, 73, 112, 88
-0.998359, 197, 177, 212, 304
-0.998365, 161, 389, 224, 404
-0.998367, 185, 379, 248, 394
-0.998369, 145, 129, 208, 144
-0.99837, 65, 5, 192, 36
-0.99837, 73, 377, 136, 392
-0.99837, 113, 403, 176, 418
-0.998371, 169, 341, 232, 356
-0.998371, 185, 389, 248, 404
-0.998372, 113, 415, 176, 430
-0.998373, 193, 409, 256, 424
-0.998374, 129, 311, 192, 326
-0.998375, 173, 129, 188, 256
-0.998375, 137, 137, 200, 152
-0.998378, 137, 149, 200, 164
-0.998378, 153, 383, 216, 398
-0.998379, 201, 371, 264, 386
-0.998379, 97, 127, 160, 142
-0.998382, 89, 61, 152, 76
-0.998383, 57, 83, 120, 98
-0.998384, 41, 111, 104, 126
-0.998385, 65, 137, 128, 152
-0.998385, 97, 135, 160, 150
-0.998387, 153, 311, 216, 326
-0.998388, 177, 257, 240, 272
-0.998388, 145, 325, 208, 340
-0.998388, 177, 265, 240, 280
-0.998388, 137, 351, 200, 366
-0.998389, 145, 339, 208, 354
-0.998389, 121, 169, 184, 184
-0.998389, 161, 161, 224, 176
-0.998392, 129, 91, 192, 106
-0.998394, 185, 397, 248, 412
-0.998396, 201, 359, 264, 374
-0.998396, 209, 379, 272, 394
-0.998397, 81, 75, 144, 90
-0.998397, 113, 355, 176, 370
-0.998397, 121, 129, 184, 144
-0.998398, 105, 343, 168, 358
-0.998398, 201, 353, 264, 368
-0.9984, 81, 87, 144, 102
-0.998401, 89, 115, 152, 130
-0.998401, 177, 241, 192, 368
-0.998401, 129, 345, 192, 360
-0.998402, 129, 369, 192, 384
-0.998402, 161, 375, 224, 390
-0.998402, 105, 287, 168, 302
-0.998403, 137, 161, 200, 176
-0.998403, 1, 369, 128, 400
-0.998404, 113, 161, 176, 176
-0.998404, 169, 329, 232, 344
-0.998404, 153, 249, 216, 264
-0.998404, 177, 49, 298, 112
-0.998405, 217, 409, 280, 424
-0.998407, 231, 273, 246, 400
-0.998407, 113, 409, 176, 424
-0.998408, 105, 333, 168, 348
-0.99841, 209, 415, 272, 430
-0.99841, 209, 423, 272, 438
-0.998411, 57, 89, 120, 104
-0.998411, 65, 393, 128, 408
-0.998413, 145, 169, 208, 184
-0.998413, 145, 405, 208, 420
-0.998414, 81, 81, 144, 96
-0.998415, 81, 93, 144, 108
-0.998415, 129, 319, 192, 334
-0.998415, 65, 107, 128, 122
-0.998416, 57, 321, 88, 448
-0.998417, 153, 255, 216, 270
-0.998417, 105, 349, 168, 364
-0.998417, 97, 121, 160, 136
-0.998417, 153, 317, 216, 332
-0.998418, 161, 347, 224, 362
-0.998419, 73, 127, 136, 142
-0.998419, 177, 353, 240, 368
-0.998419, 105, 49, 168, 64
-0.998421, 137, 143, 200, 158
-0.998421, 81, 51, 144, 66
-0.998422, 113, 261, 176, 276
-0.998422, 49, 67, 112, 82
-0.998423, 113, 275, 176, 290
-0.998423, 231, 321, 246, 448
-0.998423, 201, 345, 264, 360
-0.998425, 193, 303, 256, 318
-0.998426, 113, 83, 176, 98
-0.998426, 129, 73, 192, 88
-0.998427, 81, 153, 144, 168
-0.998428, 177, 251, 240, 266
-0.998428, 129, 285, 192, 300
-0.998428, 145, 363, 208, 378
-0.99843, 209, 385, 272, 400
-0.99843, 209, 429, 272, 444
-0.998431, 121, 103, 184, 118
-0.998431, 81, 199, 144, 214
-0.998431, 105, 153, 168, 168
-0.998431, 129, 299, 192, 314
-0.998432, 105, 421, 168, 436
-0.998432, 153, 99, 216, 114
-0.998432, 89, 69, 152, 84
-0.998433, 161, 175, 224, 190
-0.998433, 65, 387, 128, 402
-0.998433, 129, 155, 192, 170
-0.998434, 153, 305, 216, 320
-0.998436, 113, 65, 176, 80
-0.998436, 113, 361, 176, 376
-0.998437, 113, 143, 176, 158
-0.998438, 41, 95, 104, 110
-0.998438, 153, 87, 216, 102
-0.99844, 105, 33, 120, 160
-0.998441, 115, 321, 130, 448
-0.998441, 169, 335, 232, 350
-0.998442, 89, 101, 152, 116
-0.998444, 185, 277, 248, 292
-0.998444, 81, 171, 144, 186
-0.998445, 97, 267, 160, 282
-0.998445, 137, 411, 200, 426
-0.998445, 121, 145, 136, 272
-0.998446, 121, 381, 184, 396
-0.998446, 177, 289, 240, 304
-0.998446, 185, 283, 248, 298
-0.998446, 75, 97, 90, 224
-0.998447, 129, 97, 192, 112
-0.998447, 121, 117, 184, 132
-0.998447, 193, 313, 256, 328
-0.998448, 105, 305, 168, 320
-0.998448, 137, 357, 200, 372
-0.99845, 201, 321, 264, 336
-0.998451, 203, 177, 218, 304
-0.998457, 159, 1, 174, 128
-0.998459, 43, 81, 58, 208
-0.998468, 141, 33, 156, 160
-0.99849, 35, 81, 50, 208
-0.998505, 101, 97, 116, 224
-0.998529, 145, 225, 272, 256
-0.998531, 191, 241, 206, 368
-0.998552, 63, 49, 78, 176
-0.998567, 117, 81, 132, 208
-0.998568, 89, 113, 104, 240
-0.998572, 177, 205, 298, 236
-0.998578, 69, 113, 84, 240
-0.998594, 57, 49, 72, 176
-0.998605, 29, 81, 44, 208
-0.998619, 109, 129, 124, 256
-0.998627, 1, 237, 128, 268
-0.998629, 241, 193, 272, 448
-0.998638, 147, 1, 162, 128
-0.998639, 211, 193, 226, 320
-0.998679, 17, 341, 144, 372
-0.998688, 217, 273, 232, 400
-0.99869, 149, 97, 164, 224
-0.998691, 229, 97, 260, 352
-0.998703, 195, 81, 210, 208
-0.998704, 107, 81, 122, 208
-0.998717, 115, 193, 130, 320
-0.99872, 81, 129, 96, 256
-0.998738, 55, 161, 70, 288
-0.998743, 155, 65, 170, 192
-0.998754, 111, 17, 126, 144
-0.998764, 17, 305, 80, 432
-0.998772, 125, 81, 140, 208
-0.998776, 257, 97, 288, 352
-0.998777, 241, 97, 272, 352
-0.998783, 27, 129, 42, 256
-0.998798, 183, 49, 198, 176
-0.998808, 167, 1, 182, 128
-0.998808, 163, 49, 178, 176
-0.99882, 109, 177, 124, 304
-0.998827, 23, 81, 38, 208
-0.998833, 179, 161, 194, 288
-0.998833, 25, 161, 56, 416
-0.998841, 33, 129, 48, 256
-0.998849, 177, 65, 192, 192
-0.998861, 139, 161, 154, 288
-0.998866, 113, 1, 240, 32
-0.998867, 61, 161, 76, 288
-0.998889, 139, 225, 154, 352
-0.998896, 109, 305, 124, 432
-0.998907, 69, 65, 84, 192
-0.998907, 1, 285, 128, 316
-0.998909, 153, 1, 168, 128
-0.998913, 167, 145, 182, 272
-0.998919, 217, 97, 248, 352
-0.998931, 61, 113, 76, 240
-0.998933, 93, 1, 108, 128
-0.998936, 81, 33, 96, 160
-0.998942, 177, 1, 192, 128
-0.998947, 161, 225, 176, 352
-0.998978, 87, 17, 102, 144
-0.998993, 83, 177, 98, 304
-0.998994, 205, 241, 220, 368
-0.999012, 45, 145, 60, 272
-0.999032, 67, 177, 82, 304
-0.999036, 159, 113, 174, 240
-0.999047, 93, 161, 108, 288
-0.999052, 257, 193, 288, 320
-0.999065, 107, 225, 122, 352
-0.999067, 251, 321, 266, 448
-0.999073, 211, 273, 226, 400
-0.99909, 205, 129, 220, 256
-0.999109, 149, 49, 164, 176
-0.999123, 211, 113, 226, 240
-0.999123, 277, 1, 292, 128
-0.999139, 15, 81, 30, 208
-0.999145, 223, 209, 238, 336
-0.999148, 283, 1, 298, 128
-0.999153, 21, 145, 36, 272
-0.999177, 51, 113, 66, 240
-0.999179, 133, 209, 148, 336
-0.999183, 39, 145, 54, 272
-0.999184, 1, 1, 298, 64
-0.999185, 169, 209, 184, 336
-0.999192, 189, 49, 204, 176
-0.999198, 155, 225, 170, 352
-0.999242, 257, 193, 288, 448
-0.999273, 1, 161, 32, 416
-0.999292, 1, 209, 64, 272
-0.999301, 13, 161, 44, 416
-0.999325, 169, 397, 200, 412
-0.999329, 185, 377, 216, 392
-0.999336, 189, 169, 220, 184
-0.999343, 185, 337, 216, 352
-0.999346, 81, 123, 112, 138
-0.999358, 173, 147, 204, 162
-0.999362, 201, 1, 232, 256
-0.999365, 233, 355, 264, 370
-0.999365, 153, 145, 184, 160
-0.999378, 93, 119, 124, 134
-0.999382, 141, 151, 172, 166
-0.999383, 157, 397, 188, 412
-0.999399, 153, 129, 184, 144
-0.999405, 73, 135, 104, 150
-0.999408, 137, 379, 168, 394
-0.99941, 113, 53, 144, 68
-0.999421, 161, 257, 192, 272
-0.999433, 185, 343, 216, 358
-0.999436, 153, 343, 184, 358
-0.999437, 97, 257, 128, 272
-0.999443, 161, 45, 288, 76
-0.999445, 69, 89, 100, 104
-0.99945, 165, 131, 196, 146
-0.999453, 189, 351, 220, 366
-0.999455, 161, 153, 192, 168
-0.999458, 109, 153, 140, 168
-0.999461, 201, 247, 232, 262
-0.999461, 193, 365, 224, 380
-0.999468, 113, 317, 144, 332
-0.999475, 125, 273, 156, 288
-0.999482, 181, 393, 212, 408
-0.999501, 173, 177, 204, 192
-0.999505, 125, 145, 156, 160
-0.999505, 209, 335, 240, 350
-0.99951, 89, 135, 120, 150
-0.999511, 101, 263, 132, 278
-0.999516, 173, 1, 204, 16
-0.999525, 169, 137, 200, 152
-0.999529, 149, 165, 180, 180
-0.999536, 205, 387, 236, 402
-0.999547, 173, 73, 204, 88
-0.999547, 121, 175, 152, 190
-0.999552, 161, 265, 192, 280
-0.999552, 81, 101, 112, 116
-0.99956, 141, 277, 172, 292
-0.999565, 133, 297, 164, 312
-0.999578, 229, 371, 260, 386
-0.999579, 121, 297, 152, 312
-0.999584, 113, 87, 144, 102
-0.999584, 145, 293, 176, 308
-0.999588, 225, 405, 256, 420
-0.999609, 145, 387, 176, 402
-0.999609, 141, 349, 172, 364
-0.999621, 153, 305, 184, 320
-0.999638, 173, 169, 204, 184
-0.999646, 141, 337, 172, 352
-0.99965, 237, 383, 268, 398
-0.999659, 241, 417, 272, 432
-0.999659, 1, 13, 128, 44
-0.999662, 141, 343, 172, 358
-0.999665, 185, 161, 216, 176
-0.999676, 201, 73, 264, 136
-0.999678, 165, 383, 196, 398
-0.999688, 213, 359, 244, 374
-0.999694, 137, 355, 168, 370
-0.9997, 153, 327, 184, 342
-0.999722, 17, 317, 144, 348
-0.999725, 95, 119, 110, 134
-0.999726, 137, 351, 152, 366
-0.999726, 49, 199, 64, 214
-0.999726, 85, 99, 100, 114
-0.999726, 221, 367, 236, 382
-0.999727, 229, 339, 244, 354
-0.999727, 213, 365, 228, 380
-0.999727, 41, 195, 56, 210
-0.999728, 43, 101, 58, 116
-0.999729, 77, 109, 92, 124
-0.999729, 133, 335, 148, 350
-0.999729, 163, 257, 178, 272
-0.999729, 169, 87, 184, 102
-0.999729, 213, 337, 228, 352
-0.999729, 167, 9, 182, 24
-0.99973, 171, 325, 186, 340
-0.99973, 199, 351, 214, 366
-0.99973, 191, 389, 206, 404
-0.999731, 151, 379, 166, 394
-0.999731, 93, 27, 108, 42
-0.999731, 125, 43, 140, 58
-0.999731, 225, 353, 240, 368
-0.999731, 179, 329, 194, 344
-0.999731, 103, 377, 118, 392
-0.999731, 141, 327, 172, 342
-0.999731, 229, 1, 260, 256
-0.999732, 103, 137, 118, 152
-0.999732, 171, 263, 186, 278
-0.999732, 163, 163, 178, 178
-0.999732, 129, 293, 144, 308
-0.999732, 249, 397, 264, 412
-0.999734, 131, 303, 146, 318
-0.999734, 213, 359, 228, 374
-0.999734, 149, 361, 164, 376
-0.999735, 189, 321, 204, 336
-0.999735, 173, 135, 188, 150
-0.999736, 111, 57, 126, 72
-0.999736, 107, 51, 122, 66
-0.999736, 187, 315, 202, 330
-0.999736, 117, 163, 132, 178
-0.999737, 121, 339, 136, 354
-0.999737, 157, 337, 172, 352
-0.999738, 75, 89, 90, 104
-0.999738, 133, 279, 148, 294
-0.999738, 227, 345, 242, 360
-0.999738, 115, 157, 130, 172
-0.999738, 197, 331, 212, 346
-0.999738, 53, 95, 68, 110
-0.999739, 125, 173, 140, 188
-0.999739, 141, 279, 156, 294
-0.99974, 179, 355, 194, 370
-0.99974, 195, 179, 210, 194
-0.999741, 189, 331, 220, 346
-0.999742, 169, 163, 184, 178
-0.999742, 187, 327, 202, 342
-0.999743, 93, 69, 108, 84
-0.999744, 125, 153, 140, 168
-0.999745, 201, 395, 216, 410
-0.999746, 197, 249, 212, 264
-0.999746, 173, 349, 188, 364
-0.999746, 171, 389, 186, 404
-0.999749, 153, 319, 168, 334
-0.999749, 161, 389, 176, 404
-0.999749, 161, 383, 176, 398
-0.999749, 131, 285, 146, 300
-0.99975, 51, 111, 66, 126
-0.99975, 165, 349, 196, 364
-0.99975, 139, 295, 154, 310
-0.99975, 135, 147, 150, 162
-0.999752, 55, 101, 70, 116
-0.999752, 103, 121, 118, 136
-0.999754, 111, 261, 126, 276
-0.999754, 173, 129, 188, 144
-0.999755, 99, 25, 114, 40
-0.999755, 157, 353, 172, 368
-0.999755, 119, 283, 134, 298
-0.999755, 223, 395, 238, 410
-0.999757, 219, 357, 234, 372
-0.999757, 57, 73, 72, 88
-0.999758, 251, 407, 266, 422
-0.999759, 185, 357, 216, 372
-0.999759, 161, 283, 192, 298
-0.999759, 163, 397, 178, 412
-0.99976, 183, 129, 198, 144
-0.99976, 147, 301, 162, 316
-0.99976, 115, 195, 130, 210
-0.99976, 231, 379, 246, 394
-0.99976, 169, 373, 184, 388
-0.999761, 141, 157, 156, 172
-0.999763, 115, 293, 130, 308
-0.999763, 161, 377, 176, 392
-0.999763, 135, 157, 150, 172
-0.999763, 183, 321, 198, 336
-0.999764, 45, 93, 76, 108
-0.999764, 181, 317, 212, 332
-0.999765, 157, 347, 172, 362
-0.999766, 123, 309, 138, 324
-0.999768, 49, 101, 64, 116
-0.999768, 173, 317, 188, 332
-0.99977, 147, 293, 162, 308
-0.99977, 149, 355, 164, 370
-0.999771, 175, 277, 190, 292
-0.999771, 175, 1, 190, 16
-0.999772, 157, 291, 172, 306
-0.999772, 131, 165, 146, 180
-0.999773, 87, 105, 102, 120
-0.999773, 197, 321, 212, 336
-0.999775, 99, 131, 114, 146
-0.999775, 135, 171, 150, 186
-0.999776, 141, 271, 156, 286
-0.999778, 123, 357, 138, 372
-0.999779, 151, 367, 166, 382
-0.99978, 139, 165, 154, 180
-0.99978, 189, 173, 204, 188
-0.999782, 167, 379, 182, 394
-0.999786, 123, 165, 138, 180
-0.999787, 167, 351, 182, 366
-0.999787, 157, 259, 172, 274
-0.999788, 53, 83, 68, 98
-0.999789, 169, 367, 200, 382
-0.999791, 161, 277, 192, 292
-0.999791, 95, 125, 110, 140
-0.999792, 223, 389, 238, 404
-0.999793, 207, 369, 222, 384
-0.999794, 129, 331, 160, 346
-0.999797, 237, 389, 252, 404
-0.999798, 57, 107, 72, 122
-0.9998, 177, 361, 192, 376
-0.999801, 59, 67, 74, 82
-0.999801, 201, 377, 216, 392
-0.999808, 141, 289, 156, 304
-0.999809, 147, 153, 162, 168
-0.99981, 189, 371, 204, 386
-0.99981, 47, 95, 62, 110
-0.999814, 199, 161, 214, 176
-0.999819, 85, 129, 100, 144
-0.99982, 173, 377, 204, 392
-0.999821, 57, 87, 88, 102
-0.999821, 201, 393, 232, 408
-0.999825, 125, 287, 156, 302
-0.999826, 93, 27, 124, 42
-0.999828, 123, 303, 138, 318
-0.999828, 73, 109, 104, 124
-0.999835, 157, 157, 172, 172
-0.999838, 215, 395, 230, 410
-0.999845, 149, 271, 180, 286
-0.999852, 213, 1, 244, 256
-0.999858, 237, 423, 268, 438
-0.99986, 165, 271, 180, 286
-0.999861, 177, 61, 298, 92
-0.999864, 173, 311, 188, 326
-0.999866, 85, 375, 116, 390
-0.999879, 205, 65, 236, 192
-0.999902, 69, 95, 100, 110
-0.999903, 177, 153, 208, 168
-0.999903, 145, 265, 176, 280
-0.999906, 1, 33, 298, 96
-0.999914, 173, 275, 204, 290
-0.999914, 113, 289, 144, 304
-0.999924, 153, 361, 184, 376
-0.99993, 153, 337, 184, 352
-0.999931, 137, 315, 168, 330
-0.999946, 201, 405, 232, 420
-0.99995, 137, 369, 168, 384
-0.999951, 225, 339, 256, 354
-0.999961, 101, 79, 132, 94
-0.999971, 185, 175, 216, 190
-0.999993, 153, 349, 184, 364
-0.999997, 133, 303, 164, 318
-1.00001, 157, 389, 188, 404
-1.00002, 117, 159, 148, 174
-1.00002, 141, 157, 172, 172
-1.00004, 113, 311, 144, 326
-1.00004, 121, 153, 152, 168
-1.00007, 1, 357, 128, 388
-1.00008, 209, 365, 240, 380
-1.00008, 129, 309, 160, 324
-1.00009, 201, 347, 232, 362
-1.0001, 149, 371, 180, 386
-1.00012, 49, 109, 80, 124
-1.00013, 129, 161, 160, 176
-1.00013, 129, 325, 160, 340
-1.00014, 121, 169, 152, 184
-1.00015, 133, 47, 164, 62
-1.00016, 225, 399, 256, 414
-1.00017, 137, 363, 168, 378
-1.0002, 81, 129, 112, 144
-1.00021, 161, 271, 192, 286
-1.00022, 149, 259, 180, 274
-1.00022, 157, 319, 188, 334
-1.00025, 157, 311, 188, 326
-1.00026, 249, 273, 280, 400
-1.00029, 169, 313, 200, 328
-1.00031, 149, 377, 180, 392
-1.00033, 173, 161, 204, 176
-1.00033, 233, 389, 264, 404
-1.00034, 173, 323, 204, 338
-1.00038, 161, 29, 288, 60
-1.00038, 189, 371, 220, 386
-1.00041, 173, 361, 204, 376
-1.00042, 221, 389, 252, 404
-1.00043, 205, 371, 236, 386
-1.00045, 1, 297, 128, 328
-1.00046, 205, 399, 236, 414
-1.00047, 153, 159, 184, 174
-1.0005, 153, 355, 184, 370
-1.0005, 201, 341, 232, 356
-1.0007, 233, 225, 296, 288
-1.00086, 225, 49, 288, 176
-1.00103, 73, 273, 104, 400
-1.00115, 17, 1, 144, 32
-1.00202, 49, 17, 80, 144
-1.00236, 233, 25, 296, 88
-1.00253, 185, 33, 248, 96
-1.00271, 33, 305, 96, 368
-1.0028, 9, 361, 72, 424
-1.00281, 9, 257, 72, 384
-1.00301, 233, 81, 296, 144
-1.00334, 221, 65, 252, 192
-1.00449, 249, 65, 280, 192
-1.00468, 9, 233, 72, 296
-1.0047, 25, 9, 88, 72
-1.00475, 237, 65, 268, 192
-1.00523, 33, 273, 96, 336
-1.00544, 61, 225, 92, 352
-1.00545, 229, 1, 260, 128
-1.00553, 265, 257, 296, 384
-1.00572, 9, 265, 72, 328
-1.00575, 177, 25, 298, 88
-1.0062, 265, 65, 296, 192
-1.00764, 265, 321, 296, 448
-1.00773, 57, 273, 88, 400
-1.00779, 41, 321, 72, 448
-1.00801, 37, 241, 68, 368
-1.00979, 25, 241, 56, 368
-1.00987, 5, 225, 36, 352
-1.01053, 49, 225, 80, 352
-1.01073, 1, 321, 32, 448
-1.01079, 209, 17, 240, 144
-1.01109, 25, 289, 56, 416
-1.01176, 5, 273, 36, 400
-1.01179, 13, 321, 44, 448
