1961
-0.263254, 1, 1, 500, 375
-0.287313, 1, 129, 500, 375
-0.368023, 129, 1, 384, 375
-0.373255, 225, 1, 480, 375
-0.422339, 1, 1, 500, 256
-0.445568, 1, 1, 256, 375
-0.498612, 257, 129, 500, 375
-0.501922, 161, 129, 416, 375
-0.566395, 225, 33, 480, 288
-0.59324, 97, 33, 352, 288
-0.599953, 1, 33, 256, 288
-0.62364, 65, 129, 320, 375
-0.804028, 225, 1, 352, 375
-0.824569, 337, 1, 464, 375
-0.827605, 273, 129, 400, 375
-0.829759, 321, 1, 448, 256
-0.838402, 161, 129, 288, 375
-0.842032, 321, 97, 448, 352
-0.844759, 209, 97, 336, 352
-0.85431, 273, 1, 400, 375
-0.860331, 65, 1, 192, 375
-0.86245, 1, 177, 500, 304
-0.866742, 113, 1, 240, 375
-0.871005, 1, 129, 500, 256
-0.875371, 97, 97, 224, 352
-0.876484, 97, 1, 224, 256
-0.878602, 161, 33, 288, 288
-0.881965, 273, 33, 400, 288
-0.882205, 369, 97, 496, 352
-0.882258, 1, 1, 128, 375
-0.883554, 177, 1, 304, 375
-0.890593, 1, 81, 500, 208
-0.893681, 369, 1, 496, 256
-0.898672, 49, 129, 176, 375
-0.900055, 1, 33, 500, 160
-0.904511, 161, 97, 416, 224
-0.908031, 193, 49, 448, 176
-0.908828, 129, 145, 384, 272
-0.909244, 209, 1, 336, 256
-0.909737, 1, 225, 500, 352
-0.910755, 33, 33, 160, 288
-0.914401, 257, 193, 500, 320
-0.914587, 1, 193, 256, 320
-0.916173, 257, 129, 500, 256
-0.920492, 289, 113, 416, 240
-0.92266, 1, 129, 128, 375
-0.925951, 209, 129, 336, 256
-0.927041, 129, 193, 384, 320
-0.92791, 1, 17, 256, 144
-0.928035, 241, 49, 368, 176
-0.928203, 305, 49, 432, 176
-0.928606, 337, 145, 464, 272
-0.929233, 145, 145, 272, 272
-0.931681, 257, 129, 320, 256
-0.935191, 369, 33, 496, 160
-0.935857, 97, 33, 352, 160
-0.935958, 249, 193, 312, 320
-0.936665, 225, 129, 288, 256
-0.93754, 241, 177, 368, 304
-0.937939, 161, 65, 288, 192
-0.938302, 1, 97, 256, 224
-0.939356, 265, 177, 328, 240
-0.940599, 33, 145, 288, 272
-0.940895, 305, 113, 368, 240
-0.941392, 249, 49, 312, 176
-0.942177, 353, 113, 416, 240
-0.942623, 193, 81, 256, 208
-0.943893, 297, 177, 360, 304
-0.94454, 353, 49, 416, 176
-0.944625, 321, 33, 384, 160
-0.944635, 153, 145, 216, 272
-0.944663, 273, 177, 336, 304
-0.946369, 169, 81, 232, 208
-0.946662, 129, 161, 192, 288
-0.946797, 329, 113, 392, 240
-0.947196, 377, 145, 440, 272
-0.947877, 273, 81, 336, 208
-0.947878, 385, 161, 448, 224
-0.949238, 281, 129, 344, 256
-0.949562, 217, 81, 280, 208
-0.949595, 97, 161, 224, 288
-0.949759, 33, 177, 160, 304
-0.950131, 257, 241, 500, 368
-0.950135, 193, 209, 256, 336
-0.950249, 361, 161, 424, 224
-0.950594, 65, 33, 192, 160
-0.950626, 385, 33, 448, 96
-0.950759, 385, 65, 448, 192
-0.950936, 353, 161, 416, 288
-0.95123, 345, 41, 408, 104
-0.951894, 401, 17, 464, 144
-0.952336, 177, 129, 240, 256
-0.952398, 225, 1, 480, 128
-0.952416, 249, 105, 312, 168
-0.952602, 113, 201, 176, 264
-0.952689, 417, 25, 480, 88
-0.953078, 177, 209, 304, 336
-0.953575, 393, 137, 456, 200
-0.954087, 249, 209, 312, 272
-0.954237, 305, 193, 432, 320
-0.954388, 217, 97, 280, 160
-0.954989, 105, 193, 168, 320
-0.954992, 241, 65, 304, 128
-0.955246, 121, 113, 184, 240
-0.956221, 105, 1, 168, 128
-0.956564, 313, 169, 376, 232
-0.957142, 281, 201, 344, 264
-0.957145, 321, 209, 384, 336
-0.957294, 353, 121, 416, 184
-0.957496, 113, 209, 240, 336
-0.957566, 225, 177, 288, 304
-0.957902, 201, 129, 264, 256
-0.958041, 145, 209, 208, 336
-0.958163, 17, 65, 144, 192
-0.958212, 353, 81, 480, 208
-0.958426, 305, 193, 368, 256
-0.958764, 97, 97, 224, 224
-0.958993, 177, 113, 240, 176
-0.9591, 281, 153, 344, 216
-0.959288, 409, 57, 472, 120
-0.959293, 369, 57, 432, 120
-0.959361, 193, 89, 256, 152
-0.959465, 169, 137, 232, 200
-0.959588, 113, 49, 240, 176
-0.95981, 161, 241, 416, 368
-0.959819, 233, 129, 296, 192
-0.959934, 49, 129, 176, 256
-0.960042, 209, 121, 272, 184
-0.960372, 353, 41, 480, 104
-0.960409, 321, 49, 384, 112
-0.960474, 337, 153, 400, 216
-0.960768, 425, 17, 488, 144
-0.961172, 273, 209, 400, 272
-0.961331, 289, 121, 352, 184
-0.961488, 145, 217, 208, 280
-0.961659, 409, 97, 472, 160
-0.961743, 321, 1, 448, 128
-0.961953, 401, 193, 464, 320
-0.962255, 329, 161, 392, 288
-0.962261, 17, 193, 80, 320
-0.962512, 145, 81, 208, 208
-0.962698, 433, 49, 496, 112
-0.962855, 377, 17, 440, 144
-0.96287, 185, 217, 248, 280
-0.963109, 297, 49, 360, 176
-0.963121, 417, 169, 480, 232
-0.963143, 305, 153, 432, 216
-0.963359, 241, 177, 304, 240
-0.963469, 257, 1, 384, 128
-0.963728, 81, 65, 144, 192
-0.963738, 1, 113, 128, 240
-0.963783, 193, 145, 320, 208
-0.963798, 273, 57, 400, 120
-0.963902, 161, 17, 288, 144
-0.964021, 329, 121, 392, 184
-0.964026, 337, 81, 400, 144
-0.96427, 337, 177, 464, 240
-0.964325, 1, 49, 64, 176
-0.964441, 209, 217, 272, 280
-0.964446, 297, 49, 360, 112
-0.964464, 169, 193, 232, 320
-0.964832, 273, 129, 304, 256
-0.964925, 393, 193, 456, 256
-0.965016, 97, 129, 160, 256
-0.965268, 257, 169, 384, 232
-0.96533, 353, 193, 480, 320
-0.965485, 145, 33, 208, 160
-0.965535, 145, 161, 208, 224
-0.965656, 1, 241, 256, 368
-0.965659, 377, 97, 440, 160
-0.965695, 425, 193, 488, 320
-0.96577, 289, 121, 416, 184
-0.965791, 169, 89, 232, 152
-0.966013, 409, 65, 472, 192
-0.966153, 257, 129, 320, 192
-0.966159, 201, 97, 264, 352
-0.966207, 193, 145, 256, 208
-0.966272, 217, 73, 280, 136
-0.966277, 17, 217, 80, 280
-0.966808, 241, 233, 304, 296
-0.966943, 409, 145, 472, 272
-0.966981, 241, 241, 304, 368
-0.96711, 41, 161, 104, 288
-0.967214, 285, 177, 316, 304
-0.967405, 353, 65, 480, 128
-0.967449, 273, 225, 336, 352
-0.967612, 41, 97, 104, 224
-0.967652, 177, 97, 240, 352
-0.967656, 257, 1, 320, 128
-0.967726, 305, 217, 368, 280
-0.967858, 225, 153, 288, 216
-0.967947, 285, 129, 316, 256
-0.968093, 209, 1, 336, 128
-0.968343, 369, 65, 432, 320
-0.968467, 225, 193, 352, 256
-0.968665, 345, 201, 408, 264
-0.968721, 217, 33, 280, 160
-0.968769, 121, 177, 184, 240
-0.968782, 257, 145, 384, 208
-0.968792, 305, 145, 368, 208
-0.968825, 161, 121, 288, 184
-0.968905, 209, 105, 336, 168
-0.968914, 261, 161, 292, 288
-0.969215, 81, 177, 144, 304
-0.969369, 281, 129, 344, 375
-0.969384, 233, 129, 296, 375
-0.969413, 329, 129, 392, 375
-0.969686, 273, 57, 336, 120
-0.969855, 433, 73, 496, 136
-0.969911, 121, 137, 184, 200
-0.969923, 1, 17, 128, 144
-0.970659, 129, 217, 256, 280
-0.970686, 209, 169, 336, 232
-0.9708, 145, 153, 272, 216
-0.970887, 217, 241, 280, 368
-0.970961, 17, 193, 80, 256
-0.971029, 273, 81, 400, 144
-0.971163, 73, 129, 136, 256
-0.971201, 169, 161, 232, 224
-0.971223, 353, 153, 480, 216
-0.971259, 345, 33, 408, 288
-0.971272, 365, 49, 396, 176
-0.971298, 241, 129, 272, 256
-0.971369, 257, 153, 320, 216
-0.971386, 377, 113, 408, 240
-0.971497, 153, 65, 216, 320
-0.971512, 49, 201, 176, 264
-0.971593, 225, 33, 288, 288
-0.971651, 297, 225, 360, 352
-0.971729, 177, 33, 240, 160
-0.971816, 41, 209, 104, 272
-0.971835, 145, 137, 208, 200
-0.971904, 305, 177, 336, 304
-0.972028, 25, 17, 88, 144
-0.972057, 225, 57, 352, 120
-0.972096, 365, 113, 396, 240
-0.972258, 433, 97, 496, 160
-0.972579, 265, 81, 328, 144
-0.972593, 369, 241, 496, 368
-0.972656, 265, 49, 296, 176
-0.972715, 277, 49, 308, 176
-0.972824, 161, 73, 288, 136
-0.972895, 305, 33, 432, 96
-0.972895, 201, 81, 232, 208
-0.973071, 285, 201, 316, 264
-0.973146, 345, 209, 408, 336
-0.973149, 17, 145, 80, 272
-0.973246, 9, 81, 72, 144
-0.973272, 253, 65, 284, 192
-0.973281, 257, 129, 320, 375
-0.973333, 133, 185, 164, 248
-0.973346, 369, 97, 496, 160
-0.973415, 337, 121, 464, 184
-0.97346, 193, 65, 256, 128
-0.973497, 105, 225, 168, 288
-0.973559, 393, 129, 456, 375
-0.973715, 401, 241, 464, 368
-0.973741, 269, 169, 300, 232
-0.973986, 197, 129, 228, 256
-0.974006, 337, 113, 368, 240
-0.97404, 401, 145, 432, 208
-0.974146, 89, 177, 152, 240
-0.974176, 177, 217, 304, 280
-0.974193, 321, 241, 448, 368
-0.974197, 289, 177, 320, 240
-0.974265, 145, 193, 208, 256
-0.974272, 425, 145, 488, 208
-0.974311, 89, 201, 152, 264
-0.974429, 321, 33, 384, 288
-0.974517, 381, 153, 412, 216
-0.974531, 337, 201, 464, 264
-0.974786, 65, 57, 128, 120
-0.974797, 121, 1, 184, 256
-0.974952, 261, 113, 292, 240
-0.975016, 117, 193, 148, 256
-0.975047, 41, 113, 104, 176
-0.975061, 177, 81, 208, 208
-0.975093, 273, 193, 304, 256
-0.97519, 313, 73, 376, 136
-0.975213, 261, 193, 292, 256
-0.975264, 1, 225, 128, 352
-0.975291, 377, 297, 440, 360
-0.975388, 169, 65, 232, 128
-0.975423, 241, 241, 368, 368
-0.975724, 145, 209, 176, 272
-0.975726, 401, 289, 464, 352
-0.975765, 229, 113, 260, 240
-0.975923, 173, 129, 204, 256
-0.975929, 273, 193, 304, 320
-0.975946, 145, 97, 272, 160
-0.975978, 313, 113, 344, 240
-0.975981, 57, 49, 120, 176
-0.975984, 293, 65, 324, 192
-0.976027, 393, 257, 456, 320
-0.97612, 161, 145, 192, 272
-0.976175, 429, 25, 460, 88
-0.976238, 305, 185, 336, 248
-0.976311, 41, 209, 104, 336
-0.976341, 233, 97, 264, 160
-0.976367, 113, 1, 240, 128
-0.976397, 217, 193, 280, 256
-0.976433, 97, 137, 224, 200
-0.976492, 393, 33, 424, 96
-0.976515, 225, 81, 352, 144
-0.976602, 129, 177, 256, 240
-0.976675, 49, 177, 176, 240
-0.9768, 133, 161, 164, 288
-0.976801, 301, 113, 332, 240
-0.976879, 417, 161, 448, 224
-0.976883, 353, 113, 384, 240
-0.976979, 113, 113, 176, 176
-0.977017, 353, 41, 384, 104
-0.977019, 417, 33, 448, 96
-0.977093, 321, 89, 448, 152
-0.977189, 137, 105, 200, 168
-0.977206, 325, 113, 356, 240
-0.977211, 149, 193, 180, 320
-0.977413, 113, 129, 176, 375
-0.977448, 265, 1, 296, 128
-0.977461, 305, 129, 368, 375
-0.977484, 317, 177, 348, 304
-0.977614, 333, 209, 364, 336
-0.977618, 265, 1, 328, 375
-0.977643, 413, 137, 444, 200
-0.977692, 257, 217, 288, 280
-0.977735, 373, 57, 404, 120
-0.977745, 265, 233, 328, 296
-0.977774, 209, 241, 272, 304
-0.977781, 89, 73, 152, 136
-0.977864, 377, 33, 408, 160
-0.977955, 425, 289, 488, 352
-0.977965, 185, 129, 216, 256
-0.977967, 9, 97, 72, 224
-0.977998, 369, 225, 432, 352
-0.978031, 289, 153, 320, 216
-0.978032, 253, 105, 284, 168
-0.978103, 393, 65, 424, 192
-0.978145, 297, 209, 328, 272
-0.978198, 393, 1, 456, 256
-0.978248, 177, 129, 208, 192
-0.978256, 353, 33, 384, 160
-0.978457, 417, 121, 480, 184
-0.97846, 225, 209, 256, 336
-0.978549, 257, 209, 288, 336
-0.978567, 105, 65, 168, 192
-0.978618, 337, 153, 368, 216
-0.978633, 437, 57, 468, 120
-0.97864, 281, 225, 312, 288
-0.978662, 381, 121, 412, 184
-0.97868, 81, 65, 144, 320
-0.978682, 137, 73, 200, 136
-0.978766, 417, 193, 480, 256
-0.978814, 217, 113, 248, 240
-0.978848, 453, 25, 484, 88
-0.978872, 361, 169, 392, 232
-0.978875, 241, 81, 272, 208
-0.978959, 9, 241, 72, 304
-0.979117, 353, 1, 416, 128
-0.979137, 217, 105, 248, 168
-0.979152, 81, 65, 208, 128
-0.979161, 425, 241, 488, 368
-0.979244, 433, 249, 496, 312
-0.979283, 381, 33, 412, 96
-0.979288, 401, 121, 432, 184
-0.97929, 201, 105, 232, 168
-0.979364, 425, 73, 456, 136
-0.979365, 177, 41, 240, 104
-0.979391, 41, 145, 104, 208
-0.979413, 205, 145, 236, 208
-0.979435, 337, 177, 400, 240
-0.979438, 193, 145, 224, 208
-0.979444, 429, 153, 460, 216
-0.979457, 165, 145, 196, 208
-0.979476, 1, 25, 64, 88
-0.979519, 385, 57, 416, 120
-0.979541, 369, 185, 432, 248
-0.979597, 41, 169, 104, 232
-0.979646, 401, 177, 432, 240
-0.979667, 89, 57, 120, 120
-0.979672, 429, 17, 460, 144
-0.979697, 229, 217, 260, 280
-0.979758, 249, 33, 312, 288
-0.979775, 117, 161, 148, 288
-0.979833, 369, 145, 400, 208
-0.979853, 329, 225, 392, 288
-0.979875, 465, 17, 496, 80
-0.979892, 341, 41, 372, 104
-0.979898, 405, 49, 436, 112
-0.97995, 301, 153, 332, 216
-0.979971, 417, 129, 480, 375
-0.979976, 397, 97, 428, 160
-0.980012, 237, 209, 268, 336
-0.980023, 421, 97, 452, 160
-0.980036, 321, 25, 384, 88
-0.980055, 273, 137, 304, 200
-0.980059, 413, 73, 444, 136
-0.980063, 377, 1, 440, 375
-0.980158, 369, 121, 400, 184
-0.980167, 177, 193, 304, 256
-0.980352, 17, 225, 144, 288
-0.98043, 97, 113, 224, 176
-0.980457, 265, 105, 296, 168
-0.980461, 409, 65, 440, 192
-0.980489, 441, 25, 472, 88
-0.980617, 409, 97, 440, 160
-0.980625, 165, 49, 196, 176
-0.980641, 145, 1, 208, 375
-0.980649, 253, 129, 284, 192
-0.980657, 421, 177, 452, 304
-0.980686, 361, 17, 424, 80
-0.980726, 369, 17, 496, 80
-0.980752, 349, 153, 380, 216
-0.980829, 213, 193, 244, 320
-0.980838, 33, 97, 96, 352
-0.981012, 389, 113, 420, 240
-0.981015, 401, 73, 432, 136
-0.981032, 165, 217, 196, 280
-0.981058, 213, 65, 244, 192
-0.981064, 297, 33, 360, 288
-0.981114, 97, 41, 224, 104
-0.981121, 365, 81, 396, 144
-0.981193, 345, 289, 408, 352
-0.981222, 133, 225, 164, 288
-0.981235, 121, 169, 152, 232
-0.981248, 309, 209, 340, 272
-0.981298, 433, 97, 496, 224
-0.981341, 269, 217, 300, 280
-0.981363, 357, 121, 388, 184
-0.981364, 293, 121, 324, 184
-0.981369, 353, 1, 416, 375
-0.981416, 145, 185, 176, 248
-0.981489, 241, 121, 272, 184
-0.981529, 89, 137, 152, 200
-0.981561, 413, 185, 444, 248
-0.981577, 341, 121, 372, 184
-0.981604, 9, 65, 72, 320
-0.981627, 121, 41, 184, 104
-0.981635, 41, 41, 104, 104
-0.981648, 353, 297, 480, 360
-0.981712, 365, 33, 396, 96
-0.981719, 437, 97, 468, 160
-0.981735, 57, 1, 120, 256
-0.981791, 405, 25, 436, 88
-0.981812, 449, 49, 480, 112
-0.981878, 325, 41, 356, 104
-0.981893, 157, 177, 188, 240
-0.981901, 221, 81, 252, 144
-0.981902, 325, 161, 356, 224
-0.981911, 277, 105, 308, 168
-0.981949, 65, 209, 128, 272
-0.981971, 405, 17, 436, 144
-0.98205, 361, 161, 392, 288
-0.982073, 133, 161, 164, 224
-0.982141, 201, 81, 232, 144
-0.982175, 217, 137, 248, 200
-0.982252, 293, 225, 324, 352
-0.98234, 1, 49, 128, 112
-0.98234, 245, 225, 276, 288
-0.982342, 225, 217, 352, 280
-0.982388, 225, 161, 256, 288
-0.982404, 217, 81, 280, 112
-0.982422, 329, 217, 360, 280
-0.982454, 385, 97, 416, 160
-0.982486, 353, 209, 384, 272
-0.982491, 317, 185, 348, 248
-0.98252, 281, 81, 344, 112
-0.98255, 193, 209, 224, 336
-0.982567, 189, 113, 220, 176
-0.982624, 233, 1, 296, 375
-0.982653, 401, 1, 464, 375
-0.982665, 313, 153, 344, 216
-0.982678, 329, 73, 392, 104
-0.982679, 145, 41, 272, 104
-0.982697, 449, 97, 480, 160
-0.982708, 249, 65, 280, 128
-0.982838, 321, 121, 352, 184
-0.982853, 353, 81, 384, 144
-0.982864, 113, 17, 176, 80
-0.982905, 305, 121, 336, 184
-0.982927, 273, 189, 336, 220
-0.983016, 9, 105, 72, 168
-0.983085, 353, 69, 416, 100
-0.983155, 117, 1, 148, 128
-0.983163, 133, 113, 164, 240
-0.983211, 257, 65, 320, 96
-0.983222, 345, 193, 376, 320
-0.983233, 265, 177, 328, 208
-0.983245, 1, 57, 64, 120
-0.983252, 433, 145, 496, 272
-0.983269, 17, 73, 144, 136
-0.983303, 341, 177, 372, 240
-0.983323, 17, 169, 80, 232
-0.983359, 333, 33, 364, 160
-0.983384, 189, 81, 220, 208
-0.983393, 449, 73, 480, 136
-0.983404, 185, 89, 216, 152
-0.983432, 333, 65, 364, 128
-0.98345, 21, 225, 52, 288
-0.983475, 229, 121, 260, 184
-0.983493, 41, 225, 72, 288
-0.983513, 321, 305, 384, 368
-0.983515, 113, 113, 144, 240
-0.98354, 173, 209, 204, 336
-0.983577, 181, 217, 212, 280
-0.983584, 73, 113, 136, 176
-0.983666, 193, 193, 256, 256
-0.983698, 237, 73, 268, 136
-0.983701, 49, 153, 176, 216
-0.983786, 417, 217, 480, 280
-0.983791, 193, 217, 224, 280
-0.983834, 201, 93, 264, 124
-0.983855, 73, 1, 136, 128
-0.983863, 225, 65, 256, 192
-0.983882, 321, 225, 448, 288
-0.983889, 313, 49, 344, 112
-0.983925, 281, 61, 344, 92
-0.983988, 281, 205, 344, 236
-0.984019, 253, 153, 284, 216
-0.98402, 9, 73, 40, 136
-0.984033, 353, 313, 416, 375
-0.984045, 273, 129, 336, 160
-0.984064, 81, 1, 144, 64
-0.984094, 417, 17, 448, 144
-0.984134, 233, 257, 296, 320
-0.984147, 313, 57, 376, 88
-0.984155, 465, 41, 496, 104
-0.984156, 17, 129, 80, 192
-0.984163, 249, 193, 312, 224
-0.984172, 217, 217, 248, 280
-0.984181, 233, 125, 296, 156
-0.984189, 257, 85, 320, 116
-0.98419, 305, 77, 368, 108
-0.984191, 377, 137, 440, 168
-0.984192, 433, 193, 464, 256
-0.984207, 205, 209, 236, 272
-0.984224, 305, 305, 432, 368
-0.984239, 289, 1, 352, 375
-0.984242, 81, 225, 208, 288
-0.984245, 1, 1, 64, 128
-0.98432, 25, 73, 56, 136
-0.984338, 441, 169, 472, 232
-0.984339, 49, 129, 176, 192
-0.984339, 329, 161, 360, 288
-0.984388, 193, 1, 256, 256
-0.984397, 289, 97, 352, 160
-0.984424, 109, 65, 140, 192
-0.984451, 341, 217, 372, 280
-0.984455, 245, 249, 276, 312
-0.984473, 1, 49, 32, 176
-0.984503, 305, 129, 368, 160
-0.984504, 169, 1, 232, 375
-0.984514, 177, 105, 240, 136
-0.984523, 153, 145, 184, 208
-0.984534, 233, 241, 264, 304
-0.984552, 441, 145, 472, 208
-0.984572, 337, 53, 400, 84
-0.984578, 161, 209, 192, 336
-0.98465, 177, 161, 208, 224
-0.98465, 33, 1, 96, 256
-0.984654, 289, 97, 352, 128
-0.98471, 433, 193, 464, 320
-0.984714, 353, 213, 416, 244
-0.98473, 301, 49, 332, 112
-0.984773, 417, 1, 480, 64
-0.984777, 397, 297, 428, 360
-0.984798, 393, 9, 456, 72
-0.984805, 345, 169, 408, 200
-0.984814, 401, 33, 464, 64
-0.984834, 233, 69, 296, 100
-0.984851, 9, 1, 72, 64
-0.984866, 369, 209, 432, 272
-0.984897, 249, 217, 312, 248
-0.984916, 25, 49, 56, 176
-0.984916, 293, 233, 324, 296
-0.984928, 321, 1, 384, 375
-0.984936, 281, 73, 312, 136
-0.984961, 101, 73, 132, 136
-0.984964, 353, 97, 416, 128
-0.984965, 41, 89, 104, 152
-0.984992, 429, 289, 460, 352
-0.985048, 329, 93, 392, 124
-0.985097, 1, 217, 32, 280
-0.985134, 329, 133, 392, 164
-0.985189, 377, 65, 440, 96
-0.985219, 441, 17, 472, 144
-0.985269, 313, 173, 376, 204
-0.985274, 329, 185, 360, 248
-0.985292, 245, 193, 276, 256
-0.985301, 169, 145, 232, 176
-0.985346, 65, 81, 128, 144
-0.985362, 273, 33, 336, 288
-0.985369, 413, 297, 444, 360
-0.985527, 145, 145, 176, 272
-0.985554, 401, 113, 432, 240
-0.985589, 289, 221, 352, 252
-0.985616, 189, 33, 220, 160
-0.985617, 249, 137, 312, 168
-0.985634, 369, 49, 432, 80
-0.985728, 353, 137, 416, 168
-0.985732, 153, 33, 184, 160
-0.985744, 1, 105, 128, 168
-0.985747, 113, 205, 176, 236
-0.985792, 377, 37, 440, 68
-0.985807, 313, 201, 376, 232
-0.985822, 193, 141, 256, 172
-0.985842, 201, 1, 264, 375
-0.985843, 185, 129, 248, 160
-0.985863, 265, 101, 328, 132
-0.985933, 401, 169, 464, 200
-0.985992, 297, 1, 360, 128
-0.986007, 425, 57, 488, 88
-0.986011, 321, 33, 352, 160
-0.986029, 17, 1, 144, 64
-0.986046, 401, 61, 464, 92
-0.986066, 93, 49, 124, 176
-0.986069, 249, 205, 312, 236
-0.986118, 417, 241, 448, 368
-0.986161, 413, 129, 444, 256
-0.986195, 265, 113, 328, 144
-0.986201, 369, 273, 496, 336
-0.986223, 201, 41, 264, 104
-0.986225, 41, 233, 104, 296
-0.986231, 313, 109, 376, 140
-0.986256, 305, 65, 336, 192
-0.986259, 417, 33, 480, 288
-0.986271, 137, 217, 200, 248
-0.986311, 1, 145, 128, 208
-0.986327, 89, 49, 152, 112
-0.986372, 433, 25, 496, 56
-0.986413, 393, 201, 456, 232
-0.986479, 129, 209, 160, 336
-0.986539, 121, 1, 184, 375
-0.986565, 377, 97, 440, 128
-0.986617, 209, 121, 272, 152
-0.986638, 225, 93, 288, 124
-0.986746, 369, 173, 432, 204
-0.986749, 393, 85, 456, 116
-0.986764, 433, 85, 496, 116
-0.986766, 289, 241, 352, 304
-0.986781, 225, 109, 288, 140
-0.986829, 257, 73, 500, 136
-0.986865, 153, 9, 216, 72
-0.98688, 337, 149, 400, 180
-0.986883, 401, 141, 464, 172
-0.986934, 65, 225, 192, 352
-0.98715, 145, 241, 208, 304
-0.987165, 81, 1, 144, 375
-0.98717, 313, 185, 376, 216
-0.98718, 249, 233, 312, 264
-0.987194, 233, 41, 296, 104
-0.987234, 177, 93, 240, 124
-0.98726, 321, 249, 448, 312
-0.987281, 153, 41, 216, 104
-0.987334, 129, 177, 384, 240
-0.987389, 57, 97, 120, 352
-0.987443, 1, 201, 128, 264
-0.987461, 345, 109, 408, 140
-0.987485, 273, 141, 336, 172
-0.98749, 97, 89, 224, 152
-0.987652, 13, 81, 44, 208
-0.987655, 425, 37, 488, 68
-0.987695, 81, 17, 208, 80
-0.98773, 129, 153, 192, 184
-0.987735, 289, 113, 352, 144
-0.987767, 185, 81, 248, 112
-0.987797, 257, 49, 500, 112
-0.987825, 377, 161, 440, 192
-0.987833, 273, 33, 336, 96
-0.987851, 401, 161, 432, 288
-0.987863, 369, 249, 496, 312
-0.987867, 157, 97, 188, 224
-0.987868, 1, 217, 256, 280
-0.987891, 369, 109, 432, 140
-0.987906, 169, 193, 232, 256
-0.987922, 305, 141, 368, 172
-0.987932, 297, 161, 360, 192
-0.988021, 421, 65, 452, 192
-0.98803, 41, 1, 104, 375
-0.988041, 401, 45, 464, 76
-0.988046, 225, 217, 288, 248
-0.988144, 13, 33, 44, 160
-0.988225, 105, 193, 168, 224
-0.988238, 129, 145, 384, 208
-0.988255, 257, 145, 500, 208
-0.9883, 1, 1, 64, 375
-0.98833, 201, 105, 264, 136
-0.988335, 105, 193, 136, 320
-0.988352, 353, 189, 416, 220
-0.988375, 193, 221, 256, 252
-0.9884, 345, 41, 408, 72
-0.988403, 169, 241, 232, 368
-0.988499, 1, 193, 32, 320
-0.988537, 161, 157, 224, 188
-0.988561, 425, 1, 488, 375
-0.988606, 9, 145, 40, 272
-0.988651, 225, 137, 288, 168
-0.988668, 409, 105, 472, 136
-0.988672, 225, 97, 480, 160
-0.988744, 337, 225, 400, 256
-0.988773, 257, 185, 500, 248
-0.988792, 277, 241, 308, 368
-0.988797, 369, 85, 432, 116
-0.988883, 1, 177, 128, 240
-0.988921, 249, 245, 312, 276
-0.988976, 9, 225, 72, 256
-0.988981, 9, 241, 72, 368
-0.988987, 425, 173, 488, 204
-0.989005, 41, 177, 72, 304
-0.989029, 425, 185, 488, 216
-0.989153, 9, 241, 72, 272
-0.989154, 377, 149, 440, 180
-0.989155, 217, 149, 280, 180
-0.989189, 461, 17, 492, 144
-0.989201, 57, 81, 88, 208
-0.989227, 225, 121, 480, 184
-0.989306, 313, 213, 376, 244
-0.989481, 169, 117, 232, 148
-0.989495, 121, 129, 184, 160
-0.989535, 277, 1, 308, 128
-0.989663, 433, 105, 496, 136
-0.989674, 65, 65, 128, 96
-0.989676, 97, 217, 160, 248
-0.989691, 49, 1, 112, 128
-0.989705, 129, 121, 384, 184
-0.989719, 129, 217, 384, 280
-0.989823, 1, 169, 500, 232
-0.989848, 377, 185, 440, 216
-0.989873, 449, 225, 480, 352
-0.989985, 257, 33, 384, 96
-0.989992, 185, 157, 248, 188
-0.989997, 425, 141, 488, 172
-0.990148, 21, 145, 52, 272
-0.990154, 225, 209, 480, 272
-0.990164, 273, 153, 336, 184
-0.990183, 105, 165, 168, 196
-0.990208, 241, 181, 304, 212
-0.990282, 369, 225, 496, 288
-0.990331, 353, 201, 416, 232
-0.990371, 1, 145, 500, 208
-0.990437, 161, 73, 416, 136
-0.990439, 337, 121, 400, 152
-0.990447, 1, 1, 32, 128
-0.990455, 1, 25, 128, 88
-0.99048, 1, 193, 500, 256
-0.990596, 153, 101, 216, 132
-0.990604, 33, 113, 64, 240
-0.990625, 321, 49, 448, 80
-0.99064, 137, 205, 200, 236
-0.990742, 257, 177, 384, 208
-0.990747, 153, 85, 216, 116
-0.990785, 9, 213, 72, 244
-0.99079, 273, 165, 336, 196
-0.990812, 401, 73, 464, 104
-0.990826, 93, 1, 124, 128
-0.990826, 425, 129, 456, 256
-0.990834, 129, 1, 160, 128
-0.990841, 261, 209, 292, 240
-0.990879, 1, 97, 32, 224
-0.990898, 161, 221, 224, 252
-0.990898, 257, 77, 384, 108
-0.990919, 209, 241, 272, 272
-0.990922, 241, 149, 304, 180
-0.990997, 377, 217, 440, 248
-0.991, 353, 69, 480, 100
-0.991011, 97, 133, 160, 164
-0.991023, 121, 229, 184, 260
-0.991036, 209, 73, 336, 104
-0.991052, 433, 289, 496, 320
-0.991064, 277, 205, 308, 236
-0.991099, 249, 73, 280, 104
-0.991132, 129, 241, 256, 304
-0.99114, 37, 17, 68, 144
-0.991153, 233, 77, 264, 108
-0.991153, 145, 141, 208, 172
-0.991162, 313, 45, 376, 76
-0.991163, 285, 217, 316, 248
-0.991186, 305, 225, 336, 352
-0.991189, 209, 129, 336, 160
-0.991206, 273, 173, 304, 204
-0.991208, 241, 89, 368, 120
-0.991213, 145, 117, 208, 148
-0.991236, 385, 137, 416, 168
-0.991239, 133, 189, 164, 220
-0.991252, 1, 193, 256, 256
-0.991259, 257, 57, 384, 88
-0.991281, 289, 141, 416, 172
-0.991292, 401, 181, 464, 212
-0.991298, 337, 73, 368, 104
-0.991305, 421, 165, 452, 196
-0.991323, 121, 193, 152, 224
-0.991327, 17, 201, 80, 232
-0.991332, 265, 77, 296, 108
-0.991342, 309, 205, 340, 236
-0.991372, 361, 69, 392, 100
-0.991398, 261, 197, 292, 228
-0.991403, 137, 201, 168, 232
-0.991403, 197, 149, 228, 180
-0.991416, 225, 197, 288, 228
-0.991455, 289, 189, 320, 220
-0.991456, 321, 129, 352, 160
-0.991459, 273, 121, 304, 152
-0.991465, 137, 241, 200, 272
-0.99147, 289, 49, 352, 80
-0.991488, 309, 77, 340, 108
-0.991504, 301, 61, 332, 92
-0.991512, 281, 65, 312, 96
-0.991512, 465, 225, 496, 352
-0.99152, 53, 177, 84, 304
-0.991531, 269, 65, 300, 96
-0.991535, 273, 237, 336, 268
-0.991542, 317, 57, 348, 88
-0.991544, 393, 157, 424, 188
-0.991547, 287, 193, 302, 256
-0.991556, 333, 97, 364, 128
-0.991559, 349, 73, 380, 104
-0.991566, 369, 41, 496, 72
-0.991567, 301, 129, 332, 160
-0.991569, 257, 213, 384, 244
-0.991586, 333, 129, 364, 160
-0.991592, 289, 133, 320, 164
-0.991602, 221, 137, 252, 168
-0.991611, 145, 217, 176, 248
-0.991613, 129, 97, 384, 160
-0.991634, 81, 33, 112, 160
-0.991646, 373, 69, 404, 100
-0.991659, 341, 53, 372, 84
-0.991661, 385, 169, 416, 200
-0.991678, 253, 221, 284, 252
-0.991679, 125, 205, 156, 236
-0.991686, 285, 81, 316, 112
-0.991692, 21, 209, 52, 336
-0.991701, 405, 161, 436, 192
-0.991707, 321, 77, 352, 108
-0.991718, 365, 45, 396, 76
-0.99173, 373, 89, 404, 120
-0.991737, 425, 69, 488, 100
-0.991741, 421, 181, 452, 212
-0.991746, 261, 121, 292, 152
-0.991752, 225, 1, 352, 64
-0.991759, 337, 169, 464, 200
-0.991781, 373, 133, 404, 164
-0.991783, 233, 93, 264, 124
-0.991795, 361, 89, 392, 120
-0.991799, 193, 85, 320, 116
-0.991799, 381, 41, 412, 72
-0.991806, 169, 69, 232, 100
-0.99181, 273, 221, 304, 252
-0.991824, 297, 177, 328, 208
-0.991824, 305, 77, 432, 108
-0.991845, 33, 81, 288, 144
-0.991852, 345, 129, 376, 160
-0.991866, 139, 185, 154, 248
-0.991867, 349, 169, 380, 200
-0.991869, 1, 249, 128, 312
-0.991871, 49, 105, 176, 168
-0.991875, 329, 53, 360, 84
-0.991882, 121, 241, 184, 368
-0.991889, 357, 129, 388, 160
-0.991891, 221, 81, 252, 112
-0.9919, 389, 65, 420, 96
-0.991903, 401, 37, 432, 68
-0.991907, 245, 89, 276, 120
-0.991934, 409, 177, 440, 208
-0.991937, 177, 141, 208, 172
-0.991944, 345, 101, 376, 132
-0.991946, 385, 97, 416, 128
-0.991952, 193, 141, 320, 172
-0.991955, 201, 85, 232, 116
-0.991968, 413, 37, 444, 68
-0.991971, 321, 93, 352, 124
-0.991987, 257, 249, 384, 312
-0.991991, 301, 89, 332, 120
-0.992002, 293, 201, 324, 232
-0.992008, 357, 57, 388, 88
-0.99201, 277, 109, 308, 140
-0.992011, 325, 109, 356, 140
-0.992016, 261, 133, 292, 164
-0.99202, 349, 89, 380, 120
-0.992026, 317, 141, 348, 172
-0.992046, 401, 209, 432, 336
-0.992052, 161, 49, 416, 112
-0.992056, 277, 137, 308, 168
-0.992081, 437, 29, 468, 60
-0.992087, 337, 89, 464, 120
-0.992087, 425, 33, 456, 64
-0.992095, 413, 137, 444, 168
-0.992099, 281, 237, 312, 268
-0.992099, 241, 297, 368, 360
-0.992101, 257, 201, 384, 232
-0.992119, 261, 93, 292, 124
-0.992136, 425, 85, 456, 116
-0.992137, 409, 61, 440, 92
-0.992155, 397, 97, 428, 128
-0.992159, 257, 113, 384, 144
-0.992183, 453, 25, 484, 56
-0.99219, 73, 129, 104, 256
-0.992197, 333, 85, 364, 116
-0.992198, 237, 105, 268, 136
-0.992199, 229, 225, 260, 256
-0.992199, 297, 221, 328, 252
-0.992203, 273, 193, 304, 224
-0.992216, 377, 53, 408, 84
-0.992229, 401, 133, 432, 164
-0.992242, 197, 129, 228, 160
-0.992243, 299, 169, 314, 232
-0.992244, 297, 209, 312, 272
-0.992253, 469, 21, 500, 52
-0.992255, 241, 101, 368, 132
-0.992255, 257, 129, 384, 160
-0.99226, 177, 97, 304, 128
-0.99226, 267, 185, 282, 248
-0.992275, 433, 57, 464, 88
-0.992283, 313, 117, 344, 148
-0.99229, 357, 101, 388, 132
-0.992295, 365, 169, 396, 200
-0.992296, 437, 85, 468, 116
-0.992302, 401, 145, 432, 176
-0.992303, 365, 149, 396, 180
-0.992307, 261, 185, 292, 216
-0.992315, 249, 109, 280, 140
-0.99232, 461, 53, 492, 84
-0.992323, 305, 129, 432, 160
-0.992324, 165, 149, 196, 180
-0.992327, 281, 93, 312, 124
-0.992337, 149, 205, 180, 236
-0.992348, 209, 129, 240, 160
-0.992354, 189, 97, 220, 128
-0.992416, 201, 97, 232, 128
-0.992417, 209, 141, 240, 172
-0.992417, 413, 85, 444, 116
-0.99242, 337, 117, 368, 148
-0.992453, 385, 77, 416, 108
-0.992457, 357, 209, 388, 336
-0.992463, 145, 97, 176, 224
-0.992464, 293, 101, 324, 132
-0.992464, 313, 217, 344, 248
-0.992467, 421, 61, 452, 92
-0.992476, 1, 217, 500, 280
-0.992483, 449, 85, 480, 116
-0.992485, 289, 89, 416, 120
-0.992488, 401, 85, 432, 116
-0.99249, 409, 97, 440, 128
-0.992512, 297, 73, 328, 104
-0.992516, 377, 149, 408, 180
-0.992519, 421, 193, 452, 224
-0.992533, 89, 57, 120, 88
-0.992534, 233, 121, 264, 152
-0.992535, 397, 173, 428, 204
-0.992541, 285, 173, 316, 204
-0.992545, 161, 109, 288, 140
-0.992558, 373, 109, 404, 140
-0.99256, 301, 189, 332, 220
-0.992562, 337, 205, 464, 236
-0.992575, 401, 49, 432, 80
-0.992583, 381, 161, 412, 288
-0.992583, 445, 57, 476, 88
-0.99261, 65, 193, 96, 320
-0.992625, 407, 145, 422, 208
-0.992664, 395, 153, 410, 216
-0.992674, 393, 17, 424, 144
-0.992684, 279, 169, 294, 232
-0.992686, 65, 225, 128, 352
-0.992703, 1, 49, 500, 112
-0.992703, 305, 189, 432, 220
-0.992711, 153, 201, 168, 264
-0.992727, 277, 193, 292, 256
-0.99273, 125, 185, 140, 248
-0.992735, 289, 281, 416, 344
-0.992765, 425, 153, 440, 216
-0.992794, 209, 249, 336, 312
-0.992802, 1, 113, 500, 176
-0.992826, 431, 33, 446, 96
-0.992874, 101, 129, 132, 256
-0.992889, 177, 153, 304, 184
-0.992899, 425, 177, 440, 240
-0.992952, 321, 101, 448, 132
-0.992969, 145, 193, 160, 256
-0.993028, 33, 105, 288, 168
-0.993033, 433, 153, 448, 216
-0.993074, 353, 137, 480, 168
-0.993163, 401, 145, 416, 208
-0.993166, 257, 189, 384, 220
-0.993206, 145, 141, 272, 172
-0.993211, 193, 221, 320, 252
-0.993223, 385, 153, 400, 216
-0.993232, 251, 105, 266, 168
-0.993239, 131, 193, 146, 256
-0.99324, 307, 209, 322, 272
-0.993253, 57, 129, 88, 256
-0.993334, 285, 169, 300, 232
-0.99334, 425, 33, 440, 96
-0.993358, 305, 177, 320, 240
-0.993374, 169, 1, 200, 128
-0.993374, 429, 241, 460, 368
-0.993376, 397, 33, 412, 96
-0.993412, 129, 221, 256, 252
-0.993459, 305, 217, 432, 248
-0.99347, 293, 169, 308, 232
-0.993496, 141, 17, 172, 144
-0.993551, 357, 41, 372, 104
-0.993575, 105, 1, 136, 128
-0.993606, 1, 153, 256, 216
-0.993625, 49, 209, 176, 240
-0.993661, 437, 33, 452, 96
-0.993704, 379, 57, 394, 120
-0.993706, 365, 1, 396, 128
-0.993735, 175, 145, 190, 208
-0.993747, 415, 161, 430, 224
-0.993754, 225, 249, 480, 312
-0.993763, 403, 121, 418, 184
-0.993803, 1, 57, 256, 120
-0.993806, 183, 137, 198, 200
-0.993811, 1, 73, 500, 136
-0.993846, 305, 117, 432, 148
-0.993899, 457, 177, 488, 304
-0.993921, 415, 137, 430, 200
-0.993933, 441, 57, 456, 120
-0.993938, 291, 217, 306, 280
-0.99397, 305, 65, 432, 96
-0.993986, 33, 225, 64, 352
-0.993989, 385, 57, 400, 120
-0.993992, 93, 193, 124, 320
-0.994009, 357, 153, 372, 216
-0.994015, 257, 105, 272, 168
-0.994015, 241, 97, 256, 160
-0.994021, 197, 137, 212, 200
-0.994025, 287, 137, 302, 200
-0.994038, 441, 65, 472, 192
-0.994057, 373, 57, 388, 120
-0.994083, 467, 17, 482, 80
-0.994091, 391, 33, 406, 96
-0.994092, 383, 121, 398, 184
-0.994096, 417, 49, 432, 112
-0.9941, 193, 209, 320, 240
-0.994123, 435, 73, 450, 136
-0.994128, 293, 145, 308, 208
-0.994135, 313, 177, 328, 240
-0.994139, 429, 73, 444, 136
-0.99414, 447, 57, 462, 120
-0.994163, 127, 161, 142, 224
-0.994172, 423, 73, 438, 136
-0.99419, 363, 41, 378, 104
-0.994193, 165, 217, 180, 280
-0.994203, 113, 121, 240, 152
-0.994206, 409, 97, 424, 160
-0.994244, 225, 113, 240, 176
-0.994244, 403, 33, 418, 96
-0.994252, 443, 33, 458, 96
-0.994252, 391, 121, 406, 184
-0.994262, 461, 25, 476, 88
-0.994294, 285, 217, 300, 280
-0.994303, 273, 161, 400, 192
-0.994334, 263, 105, 278, 168
-0.994336, 435, 193, 450, 256
-0.994337, 305, 9, 432, 72
-0.994344, 273, 169, 288, 232
-0.994361, 209, 177, 336, 208
-0.994372, 253, 1, 284, 128
-0.994375, 245, 217, 260, 280
-0.994392, 61, 33, 92, 160
-0.994438, 257, 217, 272, 280
-0.994447, 147, 217, 162, 280
-0.994448, 209, 113, 336, 144
-0.994454, 301, 145, 316, 208
-0.994468, 417, 73, 432, 136
-0.994478, 411, 49, 426, 112
-0.994479, 37, 65, 68, 192
-0.994485, 397, 121, 412, 184
-0.994494, 453, 41, 468, 104
-0.994497, 309, 153, 324, 216
-0.994498, 161, 129, 288, 160
-0.994505, 351, 41, 366, 104
-0.994506, 97, 241, 160, 368
-0.994512, 207, 145, 222, 208
-0.994541, 379, 153, 394, 216
-0.994548, 49, 221, 176, 252
-0.994564, 423, 97, 438, 160
-0.994566, 337, 153, 352, 216
-0.994566, 349, 153, 364, 216
-0.994577, 281, 145, 296, 208
-0.994596, 193, 25, 320, 88
-0.994617, 145, 17, 272, 80
-0.994625, 141, 217, 156, 280
-0.994637, 129, 161, 256, 192
-0.99465, 337, 149, 464, 180
-0.994666, 373, 121, 388, 184
-0.994677, 409, 121, 424, 184
-0.994688, 97, 25, 352, 88
-0.994722, 241, 141, 368, 172
-0.994738, 239, 217, 254, 280
-0.994743, 269, 105, 284, 168
-0.994749, 167, 153, 182, 216
-0.99475, 49, 189, 176, 220
-0.994764, 177, 273, 304, 336
-0.994775, 257, 225, 384, 256
-0.994793, 391, 57, 406, 120
-0.994794, 161, 73, 288, 104
-0.994809, 315, 153, 330, 216
-0.994843, 417, 97, 432, 160
-0.994844, 97, 137, 224, 168
-0.994853, 369, 57, 496, 88
-0.994858, 279, 217, 294, 280
-0.994879, 411, 73, 426, 136
-0.994892, 1, 241, 256, 304
-0.994899, 189, 129, 204, 192
-0.994902, 369, 109, 496, 140
-0.994911, 377, 241, 408, 368
-0.994923, 469, 177, 500, 304
-0.994946, 319, 185, 334, 248
-0.994962, 99, 49, 114, 112
-0.994976, 429, 97, 444, 160
-0.99501, 231, 105, 246, 168
-0.995015, 357, 201, 372, 264
-0.995021, 345, 121, 360, 184
-0.995029, 97, 73, 224, 104
-0.99505, 359, 121, 374, 184
-0.995083, 395, 97, 410, 160
-0.995085, 405, 169, 420, 232
-0.995101, 403, 97, 418, 160
-0.995121, 473, 17, 488, 80
-0.995121, 441, 145, 472, 272
-0.995143, 251, 217, 266, 280
-0.99515, 369, 33, 384, 96
-0.995165, 369, 29, 496, 60
-0.9952, 129, 209, 256, 240
-0.995207, 149, 169, 164, 232
-0.995207, 1, 129, 256, 192
-0.995209, 345, 41, 360, 104
-0.995213, 367, 121, 382, 184
-0.995233, 453, 73, 468, 136
-0.995244, 385, 33, 400, 96
-0.995245, 435, 97, 450, 160
-0.995253, 297, 121, 312, 184
-0.995269, 441, 97, 456, 160
-0.995269, 373, 145, 388, 208
-0.995287, 363, 169, 378, 232
-0.995288, 257, 25, 500, 88
-0.995293, 455, 17, 470, 80
-0.995308, 449, 97, 464, 160
-0.995327, 373, 81, 388, 144
-0.995332, 323, 153, 338, 216
-0.995349, 237, 137, 252, 200
-0.995354, 379, 81, 394, 144
-0.995361, 439, 153, 454, 216
-0.995367, 219, 137, 234, 200
-0.995367, 243, 73, 258, 136
-0.995369, 211, 121, 226, 184
-0.995372, 257, 297, 500, 360
-0.995407, 413, 25, 428, 88
-0.995413, 419, 25, 434, 88
-0.995428, 339, 121, 354, 184
-0.995449, 1, 33, 256, 96
-0.995476, 209, 193, 336, 224
-0.995507, 49, 177, 176, 208
-0.995535, 145, 85, 272, 116
-0.995583, 241, 273, 368, 336
-0.995648, 1, 249, 500, 312
-0.995657, 353, 181, 480, 212
-0.995667, 129, 265, 256, 328
-0.99572, 17, 69, 144, 100
-0.99572, 209, 97, 240, 352
-0.995803, 353, 217, 480, 248
-0.995906, 225, 153, 352, 184
-0.995926, 81, 249, 208, 312
-0.996034, 261, 129, 292, 375
-0.996034, 321, 37, 448, 68
-0.996083, 1, 25, 500, 88
-0.996103, 81, 149, 208, 180
-0.996141, 401, 65, 432, 320
-0.996164, 377, 1, 408, 256
-0.996183, 1, 9, 256, 72
-0.996208, 1, 233, 128, 264
-0.996218, 229, 65, 260, 320
-0.996254, 1, 81, 128, 112
-0.996312, 275, 205, 290, 236
-0.996353, 81, 241, 208, 272
-0.996392, 197, 129, 228, 375
-0.996396, 81, 165, 208, 196
-0.9964, 139, 189, 154, 220
-0.996401, 177, 97, 208, 352
-0.996436, 97, 85, 224, 116
-0.996458, 129, 197, 256, 228
-0.996458, 353, 309, 480, 340
-0.996473, 135, 201, 150, 232
-0.996489, 81, 57, 208, 88
-0.996503, 289, 129, 320, 375
-0.996524, 353, 341, 480, 372
-0.996527, 161, 61, 288, 92
-0.996536, 143, 205, 158, 236
-0.996542, 273, 45, 400, 76
-0.996567, 1, 1, 500, 64
-0.996598, 307, 205, 322, 236
-0.9966, 257, 273, 500, 336
-0.996601, 145, 189, 160, 220
-0.996614, 353, 193, 480, 224
-0.996628, 309, 129, 340, 375
-0.996649, 165, 65, 196, 320
-0.996654, 357, 129, 388, 375
-0.996686, 353, 325, 480, 356
-0.99669, 129, 197, 144, 228
-0.996692, 97, 109, 224, 140
-0.996693, 299, 189, 314, 220
-0.996698, 375, 69, 390, 100
-0.996701, 209, 233, 336, 264
-0.996721, 327, 129, 342, 160
-0.996721, 249, 129, 280, 375
-0.996739, 141, 221, 156, 252
-0.996742, 275, 121, 290, 152
-0.996748, 33, 165, 160, 196
-0.996774, 177, 165, 304, 196
-0.996794, 351, 73, 366, 104
-0.996801, 333, 129, 348, 160
-0.99681, 393, 133, 408, 164
-0.996828, 415, 161, 430, 192
-0.99683, 345, 73, 360, 104
-0.996835, 369, 69, 384, 100
-0.996859, 285, 217, 300, 248
-0.99686, 317, 57, 332, 88
-0.99687, 341, 97, 356, 128
-0.996874, 293, 173, 308, 204
-0.996877, 33, 149, 160, 180
-0.996878, 305, 309, 432, 340
-0.996879, 273, 129, 304, 375
-0.99688, 109, 69, 124, 100
-0.99689, 339, 53, 354, 84
-0.996891, 285, 189, 300, 220
-0.996893, 387, 133, 402, 164
-0.996894, 299, 217, 314, 248
-0.996897, 321, 129, 336, 160
-0.996915, 305, 253, 432, 284
-0.996915, 321, 77, 336, 108
-0.996917, 381, 69, 396, 100
-0.99692, 225, 165, 352, 196
-0.99692, 289, 341, 416, 372
-0.99692, 329, 81, 344, 112
-0.996922, 245, 33, 276, 288
-0.996937, 297, 61, 312, 92
-0.996941, 355, 49, 370, 80
-0.996942, 323, 65, 338, 96
-0.996947, 279, 65, 294, 96
-0.996956, 333, 53, 348, 84
-0.996956, 335, 97, 350, 128
-0.996966, 305, 321, 432, 352
-0.996968, 359, 169, 374, 200
-0.996973, 329, 129, 360, 375
-0.996974, 49, 85, 176, 116
-0.996975, 401, 65, 416, 96
-0.996978, 339, 129, 354, 160
-0.996978, 379, 133, 394, 164
-0.996983, 265, 77, 280, 108
-0.996984, 313, 129, 328, 160
-0.996988, 297, 201, 312, 232
-0.996991, 255, 73, 270, 104
-0.996997, 293, 237, 308, 268
-0.996998, 423, 177, 438, 208
-0.997003, 271, 181, 286, 212
-0.997003, 49, 133, 176, 164
-0.997004, 291, 61, 306, 92
-0.99701, 1, 221, 128, 252
-0.99701, 357, 73, 372, 104
-0.997011, 339, 73, 354, 104
-0.997012, 335, 85, 350, 116
-0.997013, 371, 89, 386, 120
-0.997023, 363, 69, 378, 100
-0.997025, 345, 129, 360, 160
-0.997026, 373, 45, 388, 76
-0.997036, 151, 197, 166, 228
-0.99704, 279, 221, 294, 252
-0.997042, 347, 97, 362, 128
-0.997044, 131, 185, 146, 216
-0.997045, 305, 129, 320, 160
-0.997045, 347, 61, 362, 92
-0.997047, 421, 161, 436, 192
-0.997047, 379, 89, 394, 120
-0.997048, 417, 173, 432, 204
-0.997048, 389, 65, 420, 320
-0.997049, 393, 41, 408, 72
-0.99705, 413, 97, 444, 352
-0.997066, 249, 81, 264, 112
-0.997069, 283, 201, 298, 232
-0.997071, 293, 81, 308, 112
-0.997075, 351, 129, 366, 160
-0.997077, 311, 57, 326, 88
-0.99708, 365, 1, 396, 256
-0.997093, 285, 65, 300, 96
-0.997095, 299, 133, 314, 164
-0.997104, 287, 129, 302, 160
-0.997111, 329, 93, 344, 124
-0.997111, 241, 77, 256, 108
-0.997111, 201, 149, 216, 180
-0.997112, 385, 89, 400, 120
-0.99712, 327, 53, 342, 84
-0.997122, 427, 165, 442, 196
-0.997135, 223, 137, 238, 168
-0.997136, 409, 157, 424, 188
-0.997141, 351, 169, 366, 200
-0.997142, 299, 81, 314, 112
-0.997145, 215, 145, 230, 176
-0.997145, 1, 57, 128, 88
-0.99715, 315, 77, 330, 108
-0.997151, 209, 61, 336, 92
-0.997154, 161, 177, 288, 208
-0.997157, 365, 89, 380, 120
-0.997157, 283, 117, 298, 148
-0.997163, 269, 113, 284, 144
-0.997163, 395, 65, 410, 96
-0.997164, 369, 297, 496, 328
-0.997164, 349, 49, 364, 80
-0.99717, 303, 61, 318, 92
-0.997171, 273, 65, 288, 96
-0.997171, 387, 41, 402, 72
-0.997171, 359, 129, 374, 160
-0.997177, 293, 133, 308, 164
-0.997179, 277, 173, 292, 204
-0.99718, 277, 193, 292, 224
-0.997187, 289, 201, 304, 232
-0.99719, 209, 149, 224, 180
-0.997193, 423, 33, 438, 64
-0.997194, 405, 37, 420, 68
-0.997194, 399, 133, 414, 164
-0.997201, 413, 1, 444, 256
-0.997203, 351, 109, 366, 140
-0.997204, 225, 81, 240, 112
-0.997207, 411, 37, 426, 68
-0.997217, 271, 77, 286, 108
-0.997219, 287, 81, 302, 112
-0.99722, 249, 237, 264, 268
-0.997221, 281, 129, 296, 160
-0.997221, 433, 185, 448, 216
-0.997222, 339, 109, 354, 140
-0.997224, 345, 129, 376, 375
-0.997224, 345, 109, 360, 140
-0.997234, 361, 49, 376, 80
-0.997238, 395, 97, 410, 128
-0.997245, 333, 109, 348, 140
-0.997248, 129, 97, 256, 128
-0.997254, 403, 153, 418, 184
-0.997254, 367, 45, 382, 76
-0.997261, 265, 197, 280, 228
-0.997264, 215, 85, 230, 116
-0.997265, 379, 45, 394, 76
-0.99727, 1, 133, 128, 164
-0.99727, 299, 173, 314, 204
-0.997274, 415, 141, 430, 172
-0.997274, 193, 33, 224, 288
-0.997276, 401, 97, 416, 128
-0.99728, 429, 33, 444, 64
-0.997281, 147, 221, 162, 252
-0.99729, 385, 149, 400, 180
-0.997291, 387, 77, 402, 108
-0.997291, 309, 69, 324, 100
-0.997292, 357, 109, 372, 140
-0.997344, 113, 185, 240, 216
-0.997349, 125, 129, 156, 375
-0.997369, 129, 241, 256, 272
-0.997398, 1, 93, 128, 124
-0.997402, 345, 33, 376, 288
-0.997448, 337, 265, 464, 296
-0.99745, 193, 245, 320, 276
-0.997458, 129, 1, 160, 256
-0.997471, 1, 265, 256, 328
-0.997481, 369, 121, 496, 152
-0.997485, 65, 37, 192, 68
-0.997488, 161, 281, 416, 344
-0.997489, 257, 241, 384, 272
-0.997492, 141, 129, 172, 375
-0.997494, 153, 33, 184, 288
-0.997527, 129, 257, 384, 320
-0.997562, 17, 5, 144, 36
-0.997571, 425, 129, 456, 375
-0.997616, 33, 121, 160, 152
-0.997623, 1, 177, 128, 208
-0.997656, 257, 33, 288, 288
-0.997672, 193, 313, 320, 375
-0.997676, 333, 33, 364, 288
-0.997679, 141, 1, 172, 256
-0.997702, 153, 129, 184, 375
-0.997722, 9, 65, 40, 320
-0.997726, 145, 49, 272, 80
-0.997727, 1, 105, 128, 136
-0.997763, 369, 129, 400, 375
-0.997816, 273, 33, 304, 288
-0.997848, 113, 129, 144, 375
-0.997858, 277, 113, 292, 240
-0.997882, 21, 129, 52, 375
-0.997914, 81, 97, 208, 128
-0.997943, 369, 13, 496, 44
-0.997956, 305, 229, 432, 260
-0.997984, 101, 65, 132, 320
-0.99803, 287, 129, 302, 256
-0.998043, 1, 197, 128, 228
-0.998052, 297, 161, 312, 288
-0.998053, 33, 97, 64, 352
-0.998092, 305, 25, 432, 56
-0.998092, 17, 45, 144, 76
-0.998117, 1, 209, 128, 240
-0.998121, 285, 177, 300, 304
-0.998142, 353, 253, 480, 284
-0.998143, 265, 177, 280, 304
-0.998197, 117, 1, 148, 256
-0.998215, 177, 1, 208, 256
-0.998237, 293, 33, 324, 288
-0.998245, 313, 33, 344, 288
-0.998258, 437, 129, 468, 375
-0.998289, 383, 113, 398, 240
-0.998301, 269, 129, 284, 256
-0.998306, 17, 253, 144, 284
-0.998326, 273, 193, 336, 208
-0.99834, 217, 97, 280, 112
-0.998341, 201, 107, 264, 122
-0.998344, 49, 25, 176, 56
-0.998345, 217, 123, 280, 138
-0.998345, 353, 171, 416, 186
-0.998351, 193, 99, 256, 114
-0.998352, 275, 193, 290, 320
-0.998356, 281, 49, 296, 176
-0.99836, 281, 217, 344, 232
-0.998361, 217, 117, 280, 132
-0.998362, 249, 201, 312, 216
-0.998364, 265, 179, 328, 194
-0.998377, 281, 207, 344, 222
-0.998378, 177, 107, 240, 122
-0.99838, 241, 129, 304, 144
-0.99838, 385, 179, 448, 194
-0.998385, 249, 213, 312, 228
-0.998387, 217, 83, 280, 98
-0.998388, 185, 115, 248, 130
-0.998391, 217, 91, 280, 106
-0.998392, 177, 141, 240, 156
-0.998393, 273, 187, 336, 202
-0.998395, 249, 189, 312, 204
-0.998395, 225, 109, 288, 124
-0.998404, 193, 93, 256, 108
-0.998407, 321, 211, 384, 226
-0.998409, 233, 227, 296, 242
-0.998411, 353, 177, 416, 192
-0.998411, 377, 173, 440, 188
-0.998412, 313, 201, 376, 216
-0.998414, 375, 49, 390, 176
-0.998417, 257, 219, 320, 234
-0.998417, 193, 149, 256, 164
-0.998418, 193, 87, 256, 102
-0.99842, 345, 47, 408, 62
-0.998424, 225, 103, 288, 118
-0.998425, 337, 133, 400, 148
-0.998426, 241, 119, 304, 134
-0.998426, 433, 27, 496, 42
-0.998428, 313, 187, 376, 202
-0.998429, 385, 65, 448, 80
-0.998429, 201, 129, 264, 144
-0.998429, 241, 75, 304, 90
-0.998429, 273, 131, 336, 146
-0.99843, 321, 51, 384, 66
-0.998431, 377, 51, 440, 66
-0.998431, 161, 155, 224, 170
-0.998432, 369, 41, 432, 56
-0.998432, 385, 167, 448, 182
-0.998434, 241, 233, 304, 248
-0.998434, 273, 83, 336, 98
-0.998434, 249, 113, 312, 128
-0.998435, 17, 233, 80, 248
-0.998435, 417, 59, 480, 74
-0.998435, 353, 91, 416, 106
-0.998438, 281, 139, 344, 154
-0.998438, 241, 209, 256, 336
-0.998438, 337, 73, 400, 88
-0.998438, 145, 219, 208, 234
-0.998439, 361, 69, 424, 84
-0.998439, 329, 93, 392, 108
-0.998441, 377, 161, 440, 176
-0.998441, 241, 93, 304, 108
-0.998442, 329, 169, 392, 184
-0.998442, 113, 203, 176, 218
-0.998443, 233, 135, 296, 150
-0.998443, 121, 217, 184, 232
-0.998444, 169, 147, 232, 162
-0.998445, 297, 57, 360, 72
-0.998446, 337, 59, 400, 74
-0.998446, 249, 103, 312, 118
-0.998447, 265, 173, 328, 188
-0.998447, 249, 195, 312, 210
-0.998447, 305, 219, 368, 234
-0.998448, 377, 89, 440, 104
-0.998448, 409, 33, 472, 48
-0.998449, 249, 87, 312, 102
-0.998449, 401, 173, 464, 188
-0.998449, 273, 149, 336, 164
-0.99845, 353, 215, 416, 230
-0.99845, 273, 71, 336, 86
-0.998453, 321, 111, 384, 126
-0.998453, 169, 99, 232, 114
-0.998454, 185, 135, 248, 150
-0.998454, 305, 65, 368, 80
-0.998456, 273, 199, 336, 214
-0.998459, 417, 87, 480, 102
-0.998459, 155, 177, 170, 304
-0.998459, 313, 77, 376, 92
-0.998459, 313, 195, 376, 210
-0.99846, 297, 97, 360, 112
-0.99846, 361, 135, 424, 150
-0.998461, 113, 197, 176, 212
-0.998461, 17, 227, 80, 242
-0.998462, 417, 143, 480, 158
-0.998463, 313, 133, 376, 148
-0.998463, 385, 137, 448, 152
-0.998464, 185, 121, 248, 136
-0.998465, 377, 113, 392, 240
-0.998468, 273, 91, 336, 106
-0.998471, 177, 127, 240, 142
-0.998474, 297, 87, 360, 102
-0.998474, 153, 161, 216, 176
-0.998474, 241, 257, 368, 288
-0.998474, 319, 113, 334, 240
-0.998474, 289, 105, 352, 120
-0.998474, 321, 83, 384, 98
-0.998475, 249, 207, 312, 222
-0.998476, 273, 99, 336, 114
-0.998477, 345, 111, 408, 126
-0.998477, 273, 113, 336, 128
-0.998479, 313, 149, 376, 164
-0.99848, 401, 47, 464, 62
-0.99848, 313, 103, 376, 118
-0.998481, 153, 105, 216, 120
-0.998482, 257, 65, 320, 80
-0.998483, 369, 145, 432, 160
-0.998483, 217, 77, 280, 92
-0.998483, 113, 209, 176, 224
-0.998484, 305, 175, 368, 190
-0.998484, 345, 79, 408, 94
-0.998486, 393, 147, 456, 162
-0.998486, 105, 137, 168, 152
-0.998486, 401, 195, 464, 210
-0.998486, 297, 111, 360, 126
-0.998487, 129, 253, 256, 284
-0.998487, 161, 117, 224, 132
-0.998488, 389, 113, 404, 240
-0.998489, 345, 141, 408, 156
-0.998489, 121, 223, 184, 238
-0.998492, 89, 219, 152, 234
-0.998492, 233, 141, 296, 156
-0.998492, 369, 111, 432, 126
-0.998494, 353, 153, 416, 168
-0.998496, 337, 101, 400, 116
-0.998501, 361, 183, 424, 198
-0.998502, 273, 231, 336, 246
-0.998502, 425, 173, 488, 188
-0.998502, 209, 135, 272, 150
-0.998502, 353, 209, 416, 224
-0.998512, 269, 49, 284, 176
-0.998529, 369, 285, 496, 316
-0.998545, 131, 177, 146, 304
-0.99855, 49, 41, 176, 104
-0.998558, 161, 313, 416, 375
-0.998564, 367, 49, 382, 176
-0.998566, 371, 113, 386, 240
-0.998574, 355, 113, 370, 240
-0.99858, 287, 49, 302, 176
-0.998583, 45, 97, 76, 352
-0.9986, 257, 317, 384, 348
-0.998601, 311, 161, 326, 288
-0.998602, 237, 129, 252, 256
-0.998609, 349, 113, 364, 240
-0.998613, 277, 1, 292, 128
-0.998624, 335, 113, 350, 240
-0.998627, 57, 97, 88, 352
-0.99863, 275, 49, 290, 176
-0.998631, 147, 177, 162, 304
-0.998645, 85, 1, 116, 256
-0.998649, 383, 65, 398, 192
-0.998656, 45, 1, 76, 256
-0.998659, 245, 129, 260, 256
-0.998662, 365, 113, 380, 240
-0.998674, 425, 33, 456, 288
-0.998677, 145, 37, 272, 68
-0.998679, 191, 145, 206, 272
-0.998683, 33, 1, 64, 256
-0.998686, 213, 1, 244, 256
-0.998687, 307, 209, 322, 336
-0.998703, 89, 97, 120, 352
-0.998706, 325, 113, 340, 240
-0.998708, 183, 81, 198, 208
-0.99872, 165, 145, 180, 272
-0.998723, 65, 1, 96, 256
-0.998726, 139, 177, 154, 304
-0.998742, 251, 129, 266, 256
-0.998742, 225, 41, 352, 72
-0.998752, 125, 177, 140, 304
-0.998777, 207, 129, 222, 256
-0.99878, 49, 109, 176, 140
-0.998798, 199, 97, 214, 224
-0.998804, 449, 97, 480, 352
-0.998816, 389, 65, 404, 192
-0.998819, 301, 113, 316, 240
-0.998827, 173, 129, 188, 256
-0.998829, 229, 129, 244, 256
-0.998843, 291, 177, 306, 304
-0.998858, 21, 33, 52, 288
-0.998869, 337, 209, 352, 336
-0.998869, 185, 145, 200, 272
-0.998875, 437, 33, 468, 288
-0.998877, 271, 1, 286, 128
-0.998878, 285, 83, 316, 98
-0.998879, 293, 49, 308, 176
-0.998884, 265, 107, 296, 122
-0.998887, 205, 65, 220, 192
-0.998893, 395, 81, 410, 208
-0.998899, 361, 91, 392, 106
-0.998903, 123, 113, 138, 240
-0.998905, 343, 113, 358, 240
-0.998905, 305, 161, 320, 288
-0.998906, 385, 179, 416, 194
-0.998907, 257, 209, 272, 336
-0.998909, 299, 65, 314, 192
-0.998914, 421, 141, 452, 156
-0.998917, 305, 193, 336, 208
-0.998918, 265, 93, 296, 108
-0.998924, 307, 81, 322, 208
-0.998927, 1, 29, 128, 60
-0.998934, 257, 301, 384, 332
-0.998935, 345, 93, 376, 108
-0.998935, 209, 143, 240, 158
-0.998936, 189, 105, 220, 120
-0.998943, 1, 83, 32, 98
-0.998943, 197, 159, 228, 174
-0.998945, 217, 129, 232, 256
-0.998946, 97, 25, 224, 56
-0.998947, 337, 111, 368, 126
-0.998949, 313, 57, 344, 72
-0.998951, 111, 65, 126, 192
-0.998951, 211, 65, 226, 192
-0.998953, 369, 175, 400, 190
-0.998955, 405, 159, 436, 174
-0.998959, 321, 177, 336, 304
-0.998966, 381, 153, 412, 168
-0.998967, 469, 129, 500, 375
-0.998979, 249, 81, 280, 96
-0.99898, 179, 161, 194, 288
-0.998981, 223, 129, 238, 256
-0.998986, 261, 69, 292, 84
-0.998991, 297, 211, 328, 226
-0.998996, 221, 89, 252, 104
-0.998996, 189, 97, 204, 224
-0.998999, 221, 113, 252, 128
-0.999001, 331, 209, 346, 336
-0.999004, 69, 97, 100, 352
-0.999011, 361, 33, 376, 160
-0.999016, 241, 99, 272, 114
-0.999018, 133, 219, 164, 234
-0.999022, 437, 59, 468, 74
-0.999031, 349, 133, 380, 148
-0.999032, 293, 97, 308, 224
-0.99904, 269, 183, 300, 198
-0.999043, 243, 81, 258, 208
-0.999043, 317, 79, 348, 94
-0.999043, 227, 193, 242, 320
-0.999044, 217, 123, 248, 138
-0.999048, 357, 173, 388, 188
-0.999052, 433, 17, 448, 144
-0.999057, 175, 49, 190, 176
-0.999058, 261, 87, 292, 102
-0.999061, 103, 1, 118, 128
-0.999067, 301, 61, 332, 76
-0.999072, 1, 273, 500, 336
-0.999074, 313, 113, 328, 240
-0.999074, 405, 65, 420, 192
-0.999075, 233, 85, 264, 100
-0.999076, 249, 73, 280, 88
-0.99908, 205, 103, 236, 118
-0.99908, 349, 209, 364, 336
-0.999082, 261, 113, 292, 128
-0.999088, 427, 1, 442, 128
-0.999092, 431, 193, 446, 320
-0.999096, 245, 131, 276, 146
-0.999101, 161, 193, 176, 320
-0.999103, 177, 143, 208, 158
-0.999106, 197, 115, 228, 130
-0.999109, 263, 113, 278, 240
-0.999114, 249, 209, 264, 336
-0.999116, 217, 137, 248, 152
-0.999116, 425, 145, 440, 272
-0.999119, 289, 225, 304, 352
-0.999121, 263, 49, 278, 176
-0.999129, 329, 77, 360, 92
-0.999132, 343, 209, 358, 336
-0.999133, 265, 191, 296, 206
-0.999139, 145, 213, 176, 228
-0.999143, 325, 55, 356, 70
-0.999145, 345, 171, 376, 186
-0.999145, 395, 33, 410, 160
-0.999146, 35, 49, 50, 176
-0.999147, 373, 169, 404, 184
-0.999148, 439, 17, 454, 144
-0.99915, 309, 207, 340, 222
-0.999151, 255, 81, 270, 208
-0.999155, 197, 139, 228, 154
-0.999155, 337, 53, 368, 68
-0.999157, 461, 25, 492, 40
-0.999164, 469, 33, 500, 288
-0.999165, 385, 43, 416, 58
-0.999169, 125, 207, 156, 222
-0.999171, 135, 129, 150, 256
-0.999175, 233, 209, 248, 336
-0.999178, 333, 161, 348, 288
-0.999178, 285, 211, 316, 226
-0.999191, 197, 145, 212, 272
-0.999192, 361, 133, 392, 148
-0.999196, 229, 103, 260, 118
-0.999197, 433, 31, 464, 46
-0.999197, 201, 123, 232, 138
-0.999198, 257, 129, 272, 256
-0.999201, 195, 209, 210, 336
-0.999205, 261, 119, 292, 134
-0.999207, 289, 63, 320, 78
-0.999212, 425, 61, 456, 76
-0.999215, 309, 199, 340, 214
-0.999233, 273, 67, 304, 82
-0.999237, 353, 49, 384, 64
-0.999243, 249, 89, 280, 104
-0.999245, 355, 33, 370, 160
-0.99925, 301, 225, 316, 352
-0.999251, 421, 197, 452, 212
-0.999252, 1, 1, 16, 128
-0.999253, 411, 65, 426, 192
-0.999253, 313, 219, 344, 234
-0.999261, 345, 161, 360, 288
-0.999263, 419, 145, 434, 272
-0.999267, 193, 97, 224, 112
-0.999277, 349, 65, 364, 192
-0.999278, 409, 139, 440, 154
-0.999283, 359, 161, 374, 288
-0.999284, 345, 75, 376, 90
-0.999285, 445, 29, 476, 44
-0.999288, 427, 49, 442, 176
-0.99929, 129, 129, 144, 256
-0.999298, 437, 193, 452, 320
-0.999303, 101, 49, 116, 176
-0.99931, 283, 225, 298, 352
-0.999316, 421, 1, 436, 128
-0.999316, 393, 137, 424, 152
-0.999318, 167, 209, 182, 336
-0.999319, 153, 129, 168, 256
-0.99932, 249, 113, 280, 128
-0.99932, 201, 209, 216, 336
-0.999321, 281, 131, 312, 146
-0.999322, 393, 157, 424, 172
-0.999324, 221, 193, 236, 320
-0.999325, 401, 39, 432, 54
-0.99933, 245, 119, 276, 134
-0.999348, 405, 113, 420, 240
-0.999349, 189, 193, 204, 320
-0.999351, 89, 59, 120, 74
-0.999357, 241, 125, 272, 140
-0.999358, 417, 35, 448, 50
-0.999362, 221, 97, 252, 112
-0.999366, 5, 209, 20, 336
-0.999369, 395, 129, 410, 256
-0.999371, 357, 73, 388, 88
-0.999382, 413, 63, 444, 78
-0.999383, 445, 17, 460, 144
-0.999383, 335, 33, 350, 160
-0.999387, 219, 65, 234, 192
-0.999391, 365, 47, 396, 62
-0.999402, 309, 213, 340, 228
-0.999402, 327, 161, 342, 288
-0.999403, 355, 209, 370, 336
-0.999407, 369, 71, 400, 86
-0.999407, 159, 129, 174, 256
-0.999408, 257, 1, 500, 64
-0.999411, 213, 193, 228, 320
-0.999421, 25, 145, 40, 272
-0.999422, 207, 209, 222, 336
-0.999434, 421, 49, 436, 176
-0.999441, 273, 213, 304, 228
-0.999443, 227, 81, 242, 208
-0.999443, 341, 33, 356, 160
-0.999451, 351, 161, 366, 288
-0.999454, 237, 93, 268, 108
-0.999459, 289, 197, 320, 212
-0.999466, 149, 219, 180, 234
-0.999473, 137, 207, 168, 222
-0.999476, 393, 67, 424, 82
-0.999485, 381, 135, 412, 150
-0.999506, 233, 117, 264, 132
-0.999518, 277, 137, 308, 152
-0.999522, 381, 69, 412, 84
-0.999524, 217, 105, 248, 120
-0.99956, 97, 73, 128, 88
-0.999612, 289, 223, 320, 238
-0.999648, 125, 201, 156, 216
-0.999649, 253, 103, 284, 118
-0.999686, 229, 123, 260, 138
-0.999706, 449, 1, 480, 256
-0.999708, 351, 175, 366, 190
-0.999708, 399, 155, 414, 170
-0.999709, 289, 137, 304, 152
-0.999709, 305, 61, 320, 76
-0.999709, 387, 153, 402, 168
-0.999709, 223, 105, 238, 120
-0.99971, 335, 55, 350, 70
-0.99971, 253, 97, 268, 112
-0.999711, 363, 133, 378, 148
-0.999711, 343, 53, 358, 68
-0.999711, 127, 209, 142, 224
-0.999712, 435, 183, 450, 198
-0.999712, 213, 129, 244, 144
-0.999712, 389, 43, 404, 58
-0.999712, 297, 251, 312, 266
-0.999712, 145, 191, 160, 206
-0.999713, 403, 67, 418, 82
-0.999713, 289, 65, 304, 80
-0.999714, 409, 65, 424, 80
-0.999714, 123, 131, 138, 146
-0.999714, 353, 75, 368, 90
-0.999714, 381, 45, 396, 60
-0.999714, 231, 103, 246, 118
-0.999715, 359, 173, 374, 188
-0.999715, 403, 137, 418, 152
-0.999715, 395, 135, 410, 150
-0.999715, 259, 131, 274, 146
-0.999716, 265, 119, 280, 134
-0.999716, 409, 39, 424, 54
-0.999716, 295, 63, 310, 78
-0.999716, 271, 69, 286, 84
-0.999716, 205, 131, 220, 146
-0.999717, 273, 221, 288, 236
-0.999717, 351, 169, 366, 184
-0.999717, 303, 219, 318, 234
-0.999718, 333, 77, 348, 92
-0.999719, 387, 175, 402, 190
-0.999719, 143, 215, 158, 230
-0.999719, 265, 199, 280, 214
-0.99972, 281, 67, 296, 82
-0.99972, 239, 101, 254, 116
-0.99972, 351, 51, 366, 66
-0.999721, 127, 167, 142, 182
-0.999721, 399, 41, 414, 56
-0.999721, 391, 69, 406, 84
-0.999722, 361, 49, 376, 64
-0.999723, 275, 229, 290, 244
-0.999723, 281, 173, 312, 188
-0.999724, 385, 135, 400, 150
-0.999724, 241, 121, 256, 136
-0.999724, 369, 47, 384, 62
-0.999724, 247, 125, 262, 140
-0.999725, 137, 215, 152, 230
-0.999725, 347, 75, 362, 90
-0.999725, 297, 203, 312, 218
-0.999726, 143, 235, 158, 250
-0.999727, 365, 73, 380, 88
-0.999727, 337, 169, 352, 184
-0.999727, 229, 135, 244, 150
-0.999728, 263, 103, 278, 118
-0.999729, 257, 109, 272, 124
-0.999729, 379, 71, 394, 86
-0.999729, 265, 217, 280, 232
-0.99973, 273, 199, 304, 214
-0.999731, 297, 223, 312, 238
-0.999731, 397, 67, 412, 82
-0.999731, 279, 175, 294, 190
-0.999731, 229, 109, 244, 124
-0.999732, 269, 129, 300, 144
-0.999734, 231, 145, 246, 160
-0.999734, 359, 73, 374, 88
-0.999734, 139, 207, 154, 222
-0.999734, 265, 207, 280, 222
-0.999734, 373, 71, 388, 86
-0.999735, 237, 145, 252, 160
-0.999736, 281, 137, 296, 152
-0.999737, 287, 233, 302, 248
-0.999737, 287, 227, 302, 242
-0.999737, 229, 119, 244, 134
-0.999738, 223, 125, 238, 140
-0.999738, 385, 69, 400, 84
-0.99974, 287, 221, 302, 236
-0.99974, 265, 133, 280, 148
-0.99974, 129, 213, 160, 228
-0.999741, 287, 199, 302, 214
-0.999742, 251, 103, 266, 118
-0.999744, 283, 129, 298, 144
-0.999745, 217, 151, 232, 166
-0.999746, 275, 135, 290, 150
-0.999747, 361, 199, 376, 214
-0.999748, 285, 189, 300, 204
-0.999749, 225, 141, 240, 156
-0.999749, 249, 119, 264, 134
-0.99975, 261, 125, 276, 140
-0.99975, 155, 217, 170, 232
-0.999751, 123, 195, 138, 210
-0.999751, 255, 125, 270, 140
-0.999754, 289, 205, 304, 220
-0.999754, 385, 169, 400, 184
-0.999754, 405, 177, 420, 192
-0.999758, 417, 173, 432, 188
-0.999759, 257, 103, 272, 118
-0.99976, 289, 215, 304, 230
-0.99976, 235, 117, 250, 132
-0.999761, 237, 107, 252, 122
-0.999764, 423, 177, 438, 192
-0.999767, 251, 109, 266, 124
-0.999768, 391, 169, 406, 184
-0.999768, 107, 71, 122, 86
-0.99977, 379, 171, 394, 186
-0.999771, 151, 207, 166, 222
-0.999771, 129, 203, 144, 218
-0.999773, 273, 127, 288, 142
-0.999774, 129, 197, 144, 212
-0.999777, 245, 105, 260, 120
-0.999778, 207, 151, 222, 166
-0.999778, 243, 115, 258, 130
-0.99978, 267, 125, 282, 140
-0.99978, 221, 145, 252, 160
-0.999782, 241, 105, 272, 120
-0.999782, 209, 111, 240, 126
-0.999784, 149, 201, 164, 216
-0.999785, 249, 237, 264, 252
-0.999787, 281, 209, 296, 224
-0.999788, 273, 221, 304, 236
-0.999791, 139, 227, 154, 242
-0.999792, 253, 125, 284, 140
-0.999792, 397, 177, 428, 192
-0.999795, 297, 229, 312, 244
-0.999797, 201, 153, 216, 168
-0.999798, 399, 173, 414, 188
-0.999801, 303, 197, 318, 212
-0.999803, 141, 201, 156, 216
-0.999804, 277, 201, 292, 216
-0.999805, 279, 221, 294, 236
-0.999807, 307, 209, 322, 224
-0.999808, 285, 203, 316, 218
-0.999809, 139, 191, 154, 206
-0.999809, 275, 209, 290, 224
-0.999813, 237, 111, 268, 126
-0.999813, 285, 189, 316, 204
-0.999822, 411, 175, 426, 190
-0.999828, 297, 191, 312, 206
-0.99983, 201, 153, 232, 168
-0.999844, 135, 201, 150, 216
-0.999897, 201, 133, 232, 148
-0.999927, 409, 177, 440, 192
-0.999935, 257, 133, 288, 148
-1.00004, 285, 217, 316, 232
-1.00009, 129, 1, 384, 64
-1.00017, 273, 207, 304, 222
-1.00019, 261, 201, 292, 216
-1.0002, 133, 193, 164, 208
-1.00024, 385, 173, 416, 188
-1.00024, 1, 273, 128, 336
-1.00024, 137, 201, 168, 216
-1.00024, 261, 217, 292, 232
-1.00031, 117, 195, 148, 210
-1.00032, 261, 207, 292, 222
-1.00049, 1, 297, 500, 360
-1.00064, 261, 223, 292, 238
-1.00067, 281, 229, 312, 244
-1.0012, 1, 289, 256, 352
-1.00141, 1, 313, 256, 375
-1.00159, 81, 273, 208, 336
-1.00204, 145, 297, 272, 360
-1.00254, 1, 305, 128, 368
-1.0029, 49, 297, 176, 360
-1.00392, 97, 297, 224, 360
