1873
-0.315593, 1, 1, 500, 333
-0.330501, 1, 33, 500, 288
-0.470075, 161, 1, 416, 333
-0.576271, 257, 1, 500, 333
-0.611605, 65, 1, 320, 333
-0.612566, 161, 1, 416, 256
-0.714376, 33, 65, 288, 320
-0.746189, 257, 33, 500, 288
-0.829484, 193, 1, 320, 333
-0.844991, 193, 1, 320, 256
-0.877713, 353, 65, 480, 320
-0.879578, 1, 113, 500, 240
-0.880759, 353, 1, 480, 333
-0.892805, 305, 1, 432, 333
-0.896234, 273, 65, 400, 320
-0.901153, 145, 1, 272, 333
-0.90491, 1, 193, 500, 320
-0.906236, 65, 65, 192, 320
-0.907145, 1, 65, 500, 192
-0.912361, 145, 65, 272, 320
-0.923111, 161, 129, 416, 256
-0.923898, 241, 1, 368, 333
-0.927909, 17, 65, 144, 320
-0.928484, 257, 145, 500, 272
-0.932022, 161, 81, 416, 208
-0.932376, 1, 129, 256, 256
-0.932977, 193, 193, 448, 320
-0.93375, 81, 1, 208, 333
-0.939319, 65, 193, 320, 320
-0.940243, 369, 129, 496, 256
-0.944009, 1, 17, 500, 144
-0.946451, 313, 177, 376, 304
-0.946487, 1, 1, 128, 333
-0.950207, 305, 209, 432, 333
-0.950993, 289, 161, 416, 288
-0.951739, 113, 161, 240, 288
-0.95202, 385, 265, 448, 328
-0.954342, 257, 81, 500, 208
-0.954744, 193, 33, 320, 160
-0.95504, 193, 33, 448, 160
-0.955833, 17, 145, 144, 272
-0.955938, 361, 145, 424, 272
-0.956713, 241, 161, 368, 288
-0.95725, 65, 129, 192, 256
-0.958594, 337, 177, 400, 304
-0.959596, 161, 145, 224, 272
-0.95997, 361, 209, 424, 333
-0.960441, 433, 129, 496, 256
-0.960652, 25, 145, 88, 272
-0.96088, 97, 33, 352, 160
-0.96123, 329, 129, 392, 256
-0.962905, 185, 129, 248, 256
-0.963075, 409, 273, 472, 333
-0.963946, 65, 81, 320, 208
-0.963973, 289, 97, 416, 224
-0.964046, 289, 177, 352, 304
-0.964092, 257, 209, 384, 333
-0.964115, 81, 177, 144, 304
-0.964316, 1, 145, 64, 272
-0.964335, 65, 129, 128, 256
-0.964636, 177, 113, 304, 240
-0.965308, 177, 193, 304, 320
-0.966195, 201, 33, 264, 160
-0.966518, 313, 185, 376, 248
-0.966556, 409, 209, 472, 333
-0.966784, 337, 257, 400, 320
-0.967, 121, 129, 184, 256
-0.967358, 113, 209, 240, 333
-0.967924, 385, 129, 448, 256
-0.968029, 353, 177, 480, 304
-0.96851, 113, 113, 240, 240
-0.968638, 369, 145, 496, 208
-0.968788, 209, 209, 272, 333
-0.968911, 209, 161, 272, 288
-0.96923, 361, 257, 424, 320
-0.969312, 361, 225, 424, 288
-0.969435, 113, 193, 176, 320
-0.969573, 409, 129, 472, 256
-0.96979, 65, 193, 192, 320
-0.970299, 249, 33, 312, 160
-0.97035, 97, 129, 160, 256
-0.970525, 177, 193, 240, 320
-0.970539, 241, 113, 368, 240
-0.970714, 369, 273, 496, 333
-0.971657, 89, 185, 152, 248
-0.97179, 385, 137, 448, 200
-0.97184, 273, 249, 336, 312
-0.972043, 321, 209, 384, 272
-0.972043, 265, 177, 328, 304
-0.972258, 433, 145, 496, 208
-0.972354, 233, 177, 296, 304
-0.972354, 25, 193, 88, 320
-0.973581, 337, 177, 400, 240
-0.973734, 161, 81, 224, 208
-0.974001, 297, 129, 360, 256
-0.974092, 225, 17, 288, 144
-0.974331, 137, 177, 200, 304
-0.974454, 273, 129, 336, 256
-0.974465, 289, 161, 352, 224
-0.974491, 57, 177, 120, 304
-0.974779, 305, 273, 368, 333
-0.974998, 401, 257, 432, 320
-0.975284, 193, 137, 256, 200
-0.975339, 385, 209, 448, 333
-0.975429, 361, 169, 424, 232
-0.975571, 329, 233, 392, 296
-0.975697, 161, 169, 224, 232
-0.975728, 201, 41, 264, 104
-0.976028, 365, 209, 396, 333
-0.976138, 273, 257, 400, 320
-0.976368, 289, 193, 352, 256
-0.976591, 17, 193, 144, 320
-0.976603, 201, 1, 264, 256
-0.976933, 25, 145, 88, 208
-0.977209, 289, 49, 416, 176
-0.97739, 193, 41, 320, 104
-0.977443, 349, 145, 380, 272
-0.977677, 321, 257, 448, 320
-0.977696, 185, 81, 248, 208
-0.97772, 249, 1, 312, 256
-0.977925, 329, 161, 360, 288
-0.977967, 409, 65, 472, 320
-0.978106, 413, 265, 444, 328
-0.978209, 417, 81, 480, 208
-0.978224, 145, 49, 272, 176
-0.978371, 389, 273, 420, 333
-0.978544, 193, 185, 256, 248
-0.978656, 353, 17, 480, 144
-0.978686, 353, 193, 384, 320
-0.978742, 241, 49, 368, 176
-0.979179, 249, 265, 312, 328
-0.979204, 353, 81, 480, 208
-0.979307, 25, 193, 88, 256
-0.979406, 1, 193, 64, 320
-0.979478, 337, 145, 400, 208
-0.979538, 393, 81, 456, 208
-0.979606, 409, 137, 472, 200
-0.979773, 433, 169, 496, 232
-0.979785, 341, 193, 372, 320
-0.979799, 313, 161, 376, 224
-0.980044, 121, 193, 184, 256
-0.980254, 145, 193, 208, 256
-0.980256, 361, 257, 392, 320
-0.98037, 193, 225, 256, 288
-0.980386, 273, 1, 400, 128
-0.980473, 241, 169, 368, 232
-0.98049, 361, 145, 424, 208
-0.980569, 257, 81, 320, 208
-0.98063, 1, 153, 64, 216
-0.980638, 249, 41, 312, 104
-0.980657, 1, 265, 64, 328
-0.980671, 329, 185, 360, 248
-0.980677, 377, 65, 440, 320
-0.980711, 349, 193, 380, 256
-0.980716, 365, 233, 396, 296
-0.980784, 225, 1, 288, 256
-0.980882, 373, 161, 404, 288
-0.980903, 25, 241, 88, 304
-0.980963, 289, 233, 416, 296
-0.980965, 177, 33, 240, 160
-0.981186, 361, 193, 424, 256
-0.981234, 81, 225, 144, 288
-0.981269, 465, 145, 496, 272
-0.981323, 169, 145, 232, 208
-0.981473, 425, 265, 456, 328
-0.981492, 57, 209, 120, 272
-0.981797, 169, 201, 232, 264
-0.981902, 65, 137, 192, 200
-0.981905, 65, 145, 128, 208
-0.981983, 185, 129, 216, 256
-0.982165, 337, 81, 400, 208
-0.982292, 289, 153, 416, 216
-0.982294, 433, 1, 496, 256
-0.982346, 81, 193, 208, 256
-0.982418, 465, 153, 496, 216
-0.982461, 121, 137, 184, 200
-0.982524, 225, 273, 288, 333
-0.982581, 1, 145, 128, 208
-0.982621, 221, 145, 252, 272
-0.982743, 289, 137, 352, 200
-0.982859, 49, 177, 112, 240
-0.982881, 249, 185, 312, 248
-0.982935, 341, 169, 372, 232
-0.982963, 289, 177, 416, 240
-0.982965, 173, 161, 204, 288
-0.983032, 225, 97, 288, 224
-0.983187, 193, 1, 256, 333
-0.983252, 177, 225, 304, 288
-0.983322, 337, 65, 400, 320
-0.983357, 349, 233, 380, 296
-0.983424, 225, 273, 352, 333
-0.983449, 89, 137, 152, 200
-0.983556, 197, 129, 228, 256
-0.983596, 317, 177, 348, 304
-0.983628, 381, 153, 412, 216
-0.983671, 109, 177, 140, 304
-0.983787, 377, 273, 408, 333
-0.983806, 65, 81, 192, 208
-0.983997, 297, 177, 328, 304
-0.984003, 177, 33, 240, 288
-0.984066, 433, 177, 496, 304
-0.98409, 433, 273, 496, 333
-0.984117, 1, 225, 64, 288
-0.984167, 393, 1, 456, 333
-0.984208, 281, 81, 344, 208
-0.984233, 217, 161, 280, 224
-0.984488, 161, 169, 288, 232
-0.984509, 113, 217, 176, 280
-0.984517, 57, 145, 88, 272
-0.984528, 249, 129, 312, 256
-0.984558, 393, 129, 424, 256
-0.984596, 29, 145, 60, 272
-0.984599, 453, 145, 484, 208
-0.984639, 81, 65, 144, 320
-0.984675, 249, 161, 312, 224
-0.984689, 225, 33, 288, 96
-0.984752, 217, 217, 280, 280
-0.984862, 225, 193, 352, 256
-0.98489, 9, 145, 40, 272
-0.984958, 305, 233, 368, 296
-0.984999, 249, 1, 312, 333
-0.985063, 281, 65, 344, 320
-0.985092, 285, 33, 316, 160
-0.985131, 205, 41, 236, 104
-0.985158, 401, 113, 464, 176
-0.98517, 185, 137, 216, 200
-0.985293, 65, 217, 192, 280
-0.985341, 329, 273, 360, 333
-0.985349, 225, 161, 256, 224
-0.98542, 109, 129, 140, 256
-0.985467, 193, 161, 256, 224
-0.985504, 281, 257, 312, 320
-0.985669, 469, 177, 500, 240
-0.985701, 165, 169, 196, 232
-0.985709, 385, 261, 448, 292
-0.985743, 41, 65, 104, 320
-0.985768, 221, 185, 252, 248
-0.985869, 393, 137, 424, 200
-0.985988, 145, 193, 272, 256
-0.986005, 273, 209, 400, 272
-0.98602, 121, 249, 184, 312
-0.986077, 297, 161, 328, 224
-0.986107, 329, 161, 360, 224
-0.986125, 369, 1, 432, 333
-0.986131, 361, 201, 392, 264
-0.986161, 353, 153, 384, 216
-0.986164, 377, 289, 440, 320
-0.986168, 385, 249, 416, 312
-0.986231, 129, 241, 256, 304
-0.986235, 25, 97, 88, 224
-0.986285, 185, 57, 216, 120
-0.986421, 337, 121, 400, 184
-0.986535, 373, 177, 404, 240
-0.986539, 441, 137, 472, 200
-0.986561, 289, 33, 352, 160
-0.986576, 105, 65, 168, 320
-0.986609, 285, 41, 316, 104
-0.986611, 33, 217, 96, 280
-0.986622, 197, 137, 228, 200
-0.986629, 425, 249, 488, 312
-0.986638, 25, 265, 88, 328
-0.98665, 317, 185, 348, 248
-0.986739, 17, 65, 80, 320
-0.986769, 305, 249, 336, 312
-0.986813, 345, 33, 408, 160
-0.986831, 177, 137, 304, 200
-0.986836, 301, 185, 332, 248
-0.986877, 277, 113, 308, 240
-0.986883, 113, 129, 240, 192
-0.986891, 73, 129, 104, 256
-0.986894, 281, 161, 312, 224
-0.986896, 1, 17, 256, 144
-0.986941, 273, 129, 400, 192
-0.986988, 281, 273, 344, 333
-0.986993, 113, 185, 144, 248
-0.986996, 101, 185, 132, 248
-0.987024, 193, 105, 256, 168
-0.987034, 137, 217, 200, 280
-0.987041, 313, 65, 376, 320
-0.987061, 17, 97, 144, 224
-0.987085, 117, 217, 148, 280
-0.987107, 9, 153, 40, 216
-0.987172, 341, 145, 372, 208
-0.987202, 177, 169, 208, 232
-0.987262, 433, 1, 496, 333
-0.987263, 149, 185, 180, 248
-0.987266, 401, 209, 432, 333
-0.987347, 209, 177, 240, 304
-0.987368, 437, 265, 468, 328
-0.98737, 177, 249, 240, 312
-0.987422, 89, 129, 120, 256
-0.987465, 25, 145, 56, 208
-0.987469, 369, 121, 496, 184
-0.987469, 153, 113, 216, 176
-0.987507, 405, 137, 436, 200
-0.98751, 385, 241, 448, 304
-0.987511, 417, 289, 480, 320
-0.98752, 385, 277, 448, 308
-0.987544, 1, 201, 64, 264
-0.987618, 349, 257, 380, 320
-0.987629, 225, 217, 256, 280
-0.987647, 285, 105, 316, 168
-0.987652, 353, 225, 480, 288
-0.987652, 217, 137, 280, 200
-0.987735, 125, 193, 156, 256
-0.987744, 361, 177, 392, 240
-0.98777, 269, 257, 300, 320
-0.987791, 217, 1, 280, 333
-0.987794, 265, 33, 296, 160
-0.98782, 265, 33, 296, 96
-0.987827, 277, 129, 308, 192
-0.987865, 41, 145, 72, 272
-0.987877, 1, 257, 32, 320
-0.987881, 361, 145, 392, 272
-0.987896, 145, 241, 208, 304
-0.987919, 297, 137, 328, 200
-0.988046, 213, 225, 244, 288
-0.988063, 125, 193, 156, 320
-0.988113, 185, 89, 216, 152
-0.988116, 173, 121, 204, 184
-0.988141, 97, 137, 128, 200
-0.988155, 89, 193, 120, 256
-0.988156, 137, 65, 200, 320
-0.988161, 417, 137, 448, 200
-0.988166, 217, 137, 248, 200
-0.988191, 445, 129, 476, 256
-0.98825, 233, 137, 264, 200
-0.988273, 53, 145, 84, 208
-0.988292, 137, 169, 200, 232
-0.988368, 361, 97, 424, 224
-0.988399, 413, 241, 444, 304
-0.988401, 217, 185, 280, 248
-0.988425, 377, 217, 408, 280
-0.988435, 177, 49, 240, 112
-0.98845, 169, 1, 232, 333
-0.988487, 225, 217, 352, 280
-0.988495, 81, 145, 112, 208
-0.98855, 337, 1, 400, 333
-0.988557, 173, 97, 204, 224
-0.988585, 265, 137, 328, 200
-0.988591, 301, 129, 332, 256
-0.98863, 85, 225, 116, 288
-0.988676, 281, 185, 312, 248
-0.988713, 281, 161, 312, 288
-0.98878, 281, 225, 344, 288
-0.988802, 281, 257, 344, 288
-0.988807, 361, 129, 392, 192
-0.988808, 293, 249, 324, 312
-0.988867, 345, 301, 408, 332
-0.988889, 121, 129, 152, 256
-0.988892, 225, 145, 352, 208
-0.988915, 429, 137, 460, 200
-0.988928, 221, 41, 252, 104
-0.988947, 173, 65, 204, 128
-0.988977, 337, 217, 368, 280
-0.988998, 137, 201, 168, 264
-0.989008, 321, 185, 384, 216
-0.989032, 185, 113, 216, 176
-0.989041, 297, 217, 328, 280
-0.989056, 417, 273, 480, 304
-0.989057, 209, 193, 240, 256
-0.989068, 65, 273, 192, 333
-0.989072, 69, 169, 100, 232
-0.989075, 137, 249, 168, 312
-0.989083, 421, 209, 452, 333
-0.98909, 193, 161, 224, 224
-0.989103, 149, 129, 180, 192
-0.989126, 205, 33, 236, 160
-0.989161, 33, 185, 160, 248
-0.989183, 37, 145, 68, 208
-0.989191, 273, 1, 336, 333
-0.9892, 225, 241, 288, 304
-0.989227, 225, 209, 256, 333
-0.98925, 353, 269, 416, 300
-0.989293, 261, 169, 292, 232
-0.989302, 57, 233, 120, 296
-0.989314, 309, 161, 340, 224
-0.989346, 113, 81, 176, 208
-0.989347, 237, 161, 268, 224
-0.989364, 137, 81, 200, 208
-0.989369, 161, 161, 192, 288
-0.98937, 253, 273, 284, 333
-0.989389, 69, 145, 100, 208
-0.989417, 317, 249, 348, 312
-0.989425, 97, 257, 160, 320
-0.989444, 113, 169, 240, 232
-0.989449, 97, 217, 128, 280
-0.989452, 65, 201, 96, 264
-0.989475, 317, 273, 348, 333
-0.989497, 113, 217, 240, 280
-0.989521, 185, 65, 216, 192
-0.989539, 205, 113, 236, 176
-0.989545, 201, 225, 232, 288
-0.989549, 449, 113, 480, 176
-0.989596, 285, 81, 316, 144
-0.989615, 449, 273, 480, 333
-0.989657, 1, 97, 64, 224
-0.989661, 169, 209, 200, 272
-0.989669, 49, 273, 112, 333
-0.989743, 401, 233, 432, 296
-0.989753, 145, 137, 208, 200
-0.989793, 429, 105, 460, 168
-0.989811, 433, 1, 496, 128
-0.989854, 121, 137, 152, 200
-0.989884, 1, 225, 128, 288
-0.989898, 341, 121, 372, 184
-0.989914, 193, 105, 320, 168
-0.989958, 233, 129, 264, 256
-0.989972, 241, 273, 272, 333
-0.989985, 225, 249, 352, 312
-0.990009, 153, 33, 216, 160
-0.990011, 313, 197, 376, 228
-0.99002, 185, 201, 216, 264
-0.990059, 329, 209, 360, 333
-0.990075, 121, 249, 152, 312
-0.990117, 253, 17, 284, 80
-0.990134, 325, 209, 356, 272
-0.990152, 345, 257, 408, 288
-0.990187, 177, 249, 304, 312
-0.990229, 233, 33, 264, 96
-0.990231, 285, 225, 316, 288
-0.990281, 461, 273, 492, 333
-0.990328, 189, 233, 220, 296
-0.99037, 393, 1, 456, 128
-0.990372, 161, 73, 224, 136
-0.990396, 465, 121, 496, 184
-0.990409, 381, 113, 412, 240
-0.990466, 237, 217, 268, 280
-0.990533, 165, 145, 196, 208
-0.990548, 401, 137, 464, 168
-0.990565, 309, 225, 340, 288
-0.990577, 213, 161, 244, 224
-0.990589, 409, 217, 472, 280
-0.990597, 329, 249, 360, 312
-0.990606, 457, 81, 488, 208
-0.990616, 197, 201, 228, 264
-0.99062, 157, 209, 188, 272
-0.990639, 269, 105, 300, 168
-0.990656, 389, 225, 420, 288
-0.990674, 269, 209, 300, 333
-0.99068, 433, 161, 496, 192
-0.990692, 405, 113, 436, 240
-0.990756, 193, 33, 224, 96
-0.990767, 349, 97, 380, 224
-0.990776, 273, 105, 400, 168
-0.990806, 77, 193, 108, 256
-0.990821, 1, 129, 500, 192
-0.990822, 133, 129, 164, 256
-0.99084, 245, 185, 276, 248
-0.990842, 201, 257, 264, 320
-0.990882, 353, 201, 480, 264
-0.990902, 373, 121, 404, 184
-0.990907, 389, 209, 420, 333
-0.990947, 41, 249, 72, 312
-0.990985, 29, 193, 60, 256
-0.991004, 169, 225, 232, 288
-0.991024, 273, 25, 400, 88
-0.991055, 321, 229, 384, 260
-0.991099, 377, 209, 408, 333
-0.991178, 337, 113, 368, 240
-0.991211, 97, 177, 128, 304
-0.99122, 273, 49, 400, 112
-0.991273, 197, 209, 228, 333
-0.991304, 73, 273, 136, 333
-0.991308, 1, 249, 128, 312
-0.991351, 353, 25, 480, 88
-0.991449, 361, 113, 424, 176
-0.991478, 401, 261, 432, 292
-0.991506, 421, 129, 452, 256
-0.99155, 273, 41, 336, 104
-0.99158, 329, 173, 392, 204
-0.99163, 233, 9, 296, 72
-0.991647, 257, 65, 320, 128
-0.991647, 193, 81, 256, 144
-0.99166, 225, 257, 480, 320
-0.991677, 369, 169, 496, 232
-0.99175, 177, 273, 304, 333
-0.991777, 249, 277, 312, 308
-0.991883, 193, 137, 256, 168
-0.991929, 425, 97, 488, 160
-0.991948, 113, 169, 176, 232
-0.991951, 241, 121, 304, 184
-0.991978, 193, 193, 256, 224
-0.992014, 265, 97, 328, 160
-0.992045, 433, 129, 464, 256
-0.992057, 97, 189, 160, 220
-0.992064, 169, 273, 232, 333
-0.992067, 433, 193, 496, 256
-0.992074, 393, 161, 456, 224
-0.99209, 97, 33, 224, 160
-0.992093, 273, 81, 400, 144
-0.992108, 369, 17, 432, 144
-0.992109, 377, 293, 408, 324
-0.992126, 329, 213, 392, 244
-0.992194, 405, 285, 436, 316
-0.992205, 221, 33, 252, 160
-0.992211, 73, 193, 104, 320
-0.992212, 369, 245, 432, 276
-0.992223, 25, 169, 88, 232
-0.992238, 113, 265, 240, 328
-0.99224, 409, 185, 472, 248
-0.992272, 353, 17, 416, 80
-0.992283, 73, 213, 136, 244
-0.992354, 313, 137, 376, 200
-0.992361, 413, 269, 444, 300
-0.992389, 389, 273, 420, 304
-0.99241, 289, 193, 352, 224
-0.992431, 145, 41, 272, 104
-0.992431, 297, 113, 360, 176
-0.992435, 285, 209, 316, 333
-0.992437, 321, 241, 384, 272
-0.992442, 161, 169, 416, 232
-0.99251, 345, 185, 408, 216
-0.99253, 249, 241, 312, 304
-0.992556, 33, 201, 96, 232
-0.992576, 361, 225, 424, 256
-0.99259, 225, 181, 288, 212
-0.992603, 1, 209, 500, 272
-0.99261, 193, 17, 320, 80
-0.992619, 425, 277, 456, 308
-0.992634, 321, 261, 384, 292
-0.992672, 257, 145, 500, 208
-0.992699, 329, 185, 360, 216
-0.992709, 201, 45, 264, 76
-0.992712, 297, 173, 360, 204
-0.992747, 149, 177, 180, 304
-0.992767, 257, 265, 320, 296
-0.992781, 113, 105, 240, 168
-0.992783, 1, 137, 256, 200
-0.992785, 145, 129, 176, 256
-0.992791, 365, 301, 396, 332
-0.992802, 361, 233, 392, 264
-0.992838, 169, 169, 232, 200
-0.992838, 437, 81, 468, 208
-0.992844, 257, 209, 320, 272
-0.992852, 437, 209, 468, 333
-0.992855, 337, 161, 400, 192
-0.99287, 361, 257, 392, 288
-0.992925, 237, 193, 268, 320
-0.99294, 361, 245, 392, 276
-0.992948, 425, 293, 456, 324
-0.992973, 425, 149, 488, 180
-0.992975, 193, 65, 320, 128
-0.992989, 369, 141, 496, 172
-0.992991, 73, 81, 136, 208
-0.993006, 389, 293, 420, 324
-0.993031, 407, 257, 422, 320
-0.99304, 321, 113, 448, 176
-0.993056, 305, 1, 368, 333
-0.993056, 345, 197, 376, 228
-0.993065, 437, 289, 468, 320
-0.993073, 249, 41, 312, 72
-0.993076, 313, 277, 376, 308
-0.993098, 417, 301, 480, 332
-0.993112, 285, 257, 316, 288
-0.993131, 377, 145, 440, 176
-0.993145, 249, 181, 312, 212
-0.993163, 129, 129, 384, 192
-0.993178, 353, 221, 384, 252
-0.993198, 389, 261, 420, 292
-0.993215, 353, 301, 384, 332
-0.993227, 257, 177, 288, 304
-0.993249, 345, 245, 408, 276
-0.993252, 413, 257, 444, 288
-0.993257, 137, 189, 200, 220
-0.993263, 121, 137, 184, 168
-0.993281, 217, 169, 280, 200
-0.993284, 201, 225, 264, 256
-0.993292, 345, 237, 376, 268
-0.99331, 325, 197, 356, 228
-0.993312, 33, 193, 64, 320
-0.993316, 341, 181, 372, 212
-0.993318, 353, 209, 384, 240
-0.993327, 457, 149, 488, 180
-0.993331, 433, 173, 496, 204
-0.993334, 369, 289, 496, 320
-0.993337, 449, 289, 480, 320
-0.993355, 305, 81, 368, 208
-0.993366, 1, 129, 64, 192
-0.993385, 17, 257, 80, 288
-0.993388, 393, 17, 456, 80
-0.993394, 417, 265, 432, 328
-0.993395, 317, 185, 348, 216
-0.993401, 389, 145, 420, 176
-0.99341, 361, 209, 424, 240
-0.99343, 341, 225, 372, 256
-0.993434, 401, 273, 432, 304
-0.993438, 469, 177, 500, 208
-0.993448, 289, 81, 352, 144
-0.993456, 469, 289, 500, 320
-0.993463, 321, 33, 384, 160
-0.993481, 265, 193, 328, 224
-0.993482, 57, 1, 120, 333
-0.993497, 49, 213, 112, 244
-0.993507, 1, 293, 64, 324
-0.99351, 25, 1, 88, 333
-0.993528, 329, 173, 360, 204
-0.993535, 361, 173, 424, 204
-0.993537, 369, 157, 432, 188
-0.99354, 309, 249, 340, 280
-0.993579, 273, 265, 304, 296
-0.993611, 377, 273, 408, 304
-0.993621, 297, 301, 360, 332
-0.993622, 85, 209, 116, 240
-0.993636, 433, 121, 496, 184
-0.993637, 329, 301, 360, 332
-0.993669, 225, 41, 288, 72
-0.99367, 225, 277, 288, 308
-0.993683, 221, 193, 252, 224
-0.993686, 465, 161, 496, 192
-0.993697, 341, 169, 372, 200
-0.99373, 385, 217, 448, 280
-0.993731, 281, 269, 344, 300
-0.993741, 185, 61, 216, 92
-0.993741, 185, 141, 216, 172
-0.993745, 113, 1, 176, 333
-0.993772, 377, 161, 408, 192
-0.993776, 425, 265, 456, 296
-0.993781, 321, 261, 448, 292
-0.993785, 285, 41, 316, 72
-0.993795, 457, 301, 488, 332
-0.99381, 373, 249, 404, 280
-0.993825, 329, 145, 392, 176
-0.99385, 445, 141, 476, 172
-0.993859, 1, 153, 64, 184
-0.993867, 245, 177, 276, 208
-0.993869, 113, 185, 144, 216
-0.993869, 97, 217, 160, 248
-0.993891, 25, 149, 88, 180
-0.993899, 367, 225, 382, 288
-0.993914, 305, 185, 336, 216
-0.99392, 253, 273, 284, 304
-0.993923, 169, 201, 232, 232
-0.993927, 357, 193, 388, 224
-0.993934, 337, 201, 400, 232
-0.993939, 193, 297, 256, 328
-0.993942, 425, 265, 440, 328
-0.993945, 65, 177, 320, 240
-0.993951, 313, 197, 344, 228
-0.993956, 205, 45, 236, 76
-0.993958, 229, 165, 260, 196
-0.99397, 65, 145, 128, 176
-0.993976, 373, 173, 404, 204
-0.993976, 401, 273, 416, 333
-0.993977, 469, 189, 500, 220
-0.99398, 297, 165, 328, 196
-0.993991, 193, 153, 256, 184
-0.993993, 97, 141, 160, 172
-0.993994, 225, 177, 256, 208
-0.994007, 265, 41, 296, 72
-0.994012, 433, 137, 464, 168
-0.994015, 317, 277, 348, 308
-0.994018, 349, 257, 380, 288
-0.994019, 1, 1, 64, 333
-0.994023, 353, 181, 384, 212
-0.994023, 217, 141, 248, 172
-0.994025, 329, 261, 360, 292
-0.994028, 225, 221, 256, 252
-0.994029, 137, 209, 200, 240
-0.994054, 261, 173, 292, 204
-0.994078, 85, 221, 116, 252
-0.994087, 185, 81, 216, 112
-0.994101, 401, 141, 432, 172
-0.994104, 173, 65, 204, 96
-0.994107, 369, 301, 432, 332
-0.994113, 197, 141, 228, 172
-0.994126, 281, 193, 312, 224
-0.994147, 209, 97, 240, 224
-0.994148, 297, 145, 328, 176
-0.994165, 241, 97, 304, 160
-0.994168, 173, 133, 204, 164
-0.994172, 73, 201, 136, 232
-0.994175, 413, 137, 444, 168
-0.994191, 97, 217, 128, 248
-0.994193, 377, 261, 408, 292
-0.994194, 229, 285, 260, 316
-0.994199, 149, 249, 180, 280
-0.994199, 185, 125, 216, 156
-0.994199, 369, 197, 400, 228
-0.994204, 437, 273, 468, 304
-0.994211, 157, 189, 188, 220
-0.994222, 177, 165, 208, 196
-0.994227, 253, 1, 284, 128
-0.994231, 289, 161, 352, 192
-0.994235, 161, 193, 416, 256
-0.994241, 373, 225, 404, 256
-0.994247, 153, 245, 216, 276
-0.99425, 285, 121, 316, 152
-0.994251, 33, 249, 288, 312
-0.994252, 341, 213, 372, 244
-0.994259, 289, 113, 320, 240
-0.994259, 297, 225, 360, 256
-0.994262, 69, 209, 100, 240
-0.994269, 1, 153, 32, 184
-0.994272, 353, 161, 384, 192
-0.994273, 361, 145, 392, 176
-0.994275, 17, 153, 48, 184
-0.994279, 353, 281, 416, 312
-0.994282, 245, 189, 276, 220
-0.994284, 209, 293, 240, 324
-0.994295, 145, 1, 208, 333
-0.994297, 145, 189, 176, 220
-0.994304, 373, 185, 404, 216
-0.994304, 29, 149, 60, 180
-0.994307, 281, 181, 312, 212
-0.994308, 361, 285, 392, 316
-0.994313, 185, 193, 216, 320
-0.994314, 241, 165, 272, 196
-0.994317, 221, 41, 252, 72
-0.994321, 193, 225, 448, 288
-0.994323, 437, 301, 468, 332
-0.994323, 233, 201, 296, 232
-0.994324, 229, 153, 260, 184
-0.994324, 185, 153, 216, 184
-0.994324, 329, 213, 360, 244
-0.994327, 305, 209, 368, 240
-0.994329, 241, 277, 272, 308
-0.994331, 277, 161, 308, 192
-0.994356, 145, 273, 208, 333
-0.994356, 373, 237, 404, 268
-0.994359, 185, 113, 216, 144
-0.994362, 269, 277, 300, 308
-0.994372, 213, 225, 244, 256
-0.994373, 301, 197, 332, 228
-0.99439, 361, 273, 392, 304
-0.994404, 129, 273, 384, 333
-0.994406, 133, 249, 164, 280
-0.994409, 161, 25, 224, 88
-0.99441, 285, 109, 316, 140
-0.994411, 309, 261, 340, 292
-0.994424, 365, 209, 396, 240
-0.994426, 285, 97, 316, 128
-0.994426, 261, 261, 292, 292
-0.994434, 337, 133, 400, 164
-0.994437, 297, 253, 328, 284
-0.994445, 341, 157, 372, 188
-0.99445, 161, 41, 416, 104
-0.99445, 285, 277, 316, 308
-0.994451, 117, 217, 148, 248
-0.994455, 269, 101, 300, 132
-0.994458, 69, 145, 100, 176
-0.994468, 197, 301, 228, 332
-0.994475, 1, 229, 64, 260
-0.994489, 193, 41, 320, 72
-0.994494, 361, 197, 424, 228
-0.994506, 417, 225, 480, 256
-0.994512, 273, 181, 336, 212
-0.994533, 1, 209, 256, 272
-0.994567, 425, 137, 488, 168
-0.994586, 433, 185, 496, 216
-0.994598, 49, 249, 176, 312
-0.99468, 85, 177, 116, 304
-0.994687, 257, 17, 320, 80
-0.994687, 289, 245, 352, 276
-0.994708, 337, 301, 464, 332
-0.99471, 1, 281, 64, 312
-0.994748, 393, 301, 456, 332
-0.994761, 257, 121, 500, 184
-0.994773, 193, 181, 256, 212
-0.9948, 257, 169, 320, 200
-0.994838, 65, 161, 192, 224
-0.994844, 297, 25, 360, 88
-0.994866, 177, 233, 240, 264
-0.994906, 121, 273, 184, 333
-0.994926, 305, 277, 432, 308
-0.994928, 369, 153, 496, 184
-0.99494, 289, 281, 352, 312
-0.994965, 161, 141, 224, 172
-0.994973, 81, 1, 144, 333
-0.994974, 297, 57, 360, 120
-0.994981, 61, 193, 92, 320
-0.995011, 225, 289, 288, 320
-0.995026, 343, 177, 358, 240
-0.995048, 25, 245, 88, 276
-0.99505, 193, 165, 256, 196
-0.995051, 41, 277, 104, 308
-0.995052, 425, 81, 456, 208
-0.995078, 153, 129, 216, 160
-0.995091, 49, 185, 112, 216
-0.995146, 417, 257, 480, 288
-0.995153, 45, 209, 76, 333
-0.995154, 17, 269, 80, 300
-0.995192, 1, 265, 500, 328
-0.995198, 369, 249, 496, 312
-0.995199, 49, 121, 112, 184
-0.995222, 173, 49, 204, 176
-0.995232, 193, 205, 256, 236
-0.995245, 365, 201, 380, 264
-0.995265, 391, 273, 406, 333
-0.995271, 193, 125, 256, 156
-0.995299, 225, 217, 288, 248
-0.995338, 321, 301, 384, 332
-0.995364, 273, 253, 400, 284
-0.995386, 361, 97, 392, 224
-0.995436, 367, 257, 382, 320
-0.995444, 25, 189, 88, 220
-0.995469, 97, 201, 160, 232
-0.995479, 233, 265, 296, 296
-0.995481, 113, 113, 176, 176
-0.995506, 97, 137, 224, 168
-0.995543, 481, 169, 496, 232
-0.995551, 129, 249, 192, 280
-0.995565, 289, 145, 352, 176
-0.995589, 137, 193, 168, 320
-0.995602, 433, 17, 496, 80
-0.995607, 57, 265, 120, 296
-0.99561, 129, 105, 384, 168
-0.995613, 161, 61, 224, 92
-0.995624, 153, 49, 216, 112
-0.995624, 217, 157, 280, 188
-0.995667, 249, 233, 312, 264
-0.995676, 121, 221, 184, 252
-0.995703, 313, 161, 376, 192
-0.995714, 431, 265, 446, 328
-0.995719, 379, 161, 394, 224
-0.995738, 121, 177, 184, 208
-0.99575, 473, 153, 488, 216
-0.995775, 21, 193, 52, 320
-0.995789, 305, 177, 432, 208
-0.995809, 185, 245, 248, 276
-0.995812, 1, 241, 64, 272
-0.995815, 369, 165, 496, 196
-0.99582, 273, 229, 336, 260
-0.995821, 177, 45, 240, 76
-0.995838, 289, 149, 416, 180
-0.995845, 369, 265, 496, 296
-0.99586, 189, 17, 220, 144
-0.995869, 373, 225, 388, 288
-0.995873, 257, 169, 500, 232
-0.995915, 25, 229, 88, 260
-0.995916, 329, 25, 392, 88
-0.995932, 241, 169, 368, 200
-0.995937, 393, 249, 456, 280
-0.995939, 225, 249, 288, 280
-0.995957, 1, 213, 64, 244
-0.996066, 169, 153, 232, 184
-0.996074, 349, 169, 364, 232
-0.996074, 57, 173, 120, 204
-0.996095, 169, 301, 232, 332
-0.996097, 161, 185, 224, 216
-0.996098, 235, 137, 250, 200
-0.996117, 393, 225, 456, 256
-0.996127, 225, 181, 352, 212
-0.996144, 249, 157, 312, 188
-0.996149, 97, 261, 160, 292
-0.996165, 373, 249, 388, 312
-0.996185, 199, 137, 214, 200
-0.996221, 97, 81, 224, 144
-0.996222, 237, 17, 268, 144
-0.996227, 201, 17, 264, 80
-0.996239, 113, 209, 240, 240
-0.996268, 189, 145, 204, 208
-0.996271, 369, 277, 496, 308
-0.996368, 327, 185, 342, 248
-0.996396, 241, 197, 368, 228
-0.996413, 357, 193, 372, 256
-0.996447, 1, 105, 500, 168
-0.996453, 289, 165, 416, 196
-0.996459, 225, 273, 352, 304
-0.996467, 81, 189, 208, 220
-0.996468, 351, 193, 366, 256
-0.996534, 385, 185, 448, 248
-0.996542, 401, 249, 416, 312
-0.996543, 291, 193, 306, 256
-0.996555, 389, 145, 404, 208
-0.99657, 273, 213, 400, 244
-0.99657, 97, 217, 352, 280
-0.996572, 197, 81, 228, 208
-0.996575, 385, 273, 400, 333
-0.996583, 329, 273, 344, 333
-0.996591, 175, 169, 190, 232
-0.996625, 173, 209, 204, 333
-0.996684, 145, 173, 272, 204
-0.996686, 1, 233, 500, 296
-0.996688, 465, 145, 480, 208
-0.996728, 361, 241, 376, 304
-0.996736, 287, 257, 302, 320
-0.996747, 379, 273, 394, 333
-0.996748, 335, 177, 350, 240
-0.996768, 353, 225, 480, 256
-0.996769, 17, 273, 144, 333
-0.996775, 129, 65, 384, 128
-0.996796, 1, 209, 128, 240
-0.996807, 337, 97, 400, 160
-0.99683, 281, 257, 296, 320
-0.996842, 349, 145, 364, 208
-0.99687, 17, 145, 144, 176
-0.996871, 273, 229, 400, 260
-0.996893, 357, 217, 372, 280
-0.9969, 293, 169, 308, 232
-0.996901, 291, 137, 306, 200
-0.99693, 89, 161, 152, 224
-0.996931, 403, 137, 418, 200
-0.996934, 405, 257, 420, 288
-0.996935, 375, 185, 390, 248
-0.996961, 177, 193, 304, 224
-0.997023, 89, 201, 104, 264
-0.997026, 209, 1, 240, 256
-0.997055, 211, 41, 226, 104
-0.997056, 279, 41, 294, 104
-0.997066, 1, 169, 500, 232
-0.997108, 343, 201, 358, 264
-0.997131, 167, 177, 182, 240
-0.997135, 189, 121, 204, 184
-0.997147, 415, 233, 430, 296
-0.997154, 323, 249, 338, 312
-0.99717, 455, 137, 470, 200
-0.997182, 395, 145, 410, 208
-0.997207, 355, 161, 370, 224
-0.997209, 449, 273, 464, 333
-0.997221, 361, 153, 392, 168
-0.997223, 449, 145, 480, 160
-0.997224, 193, 305, 224, 320
-0.997228, 373, 227, 404, 242
-0.997231, 25, 153, 56, 168
-0.997235, 367, 229, 382, 260
-0.997238, 427, 277, 442, 308
-0.99724, 317, 189, 348, 204
-0.997243, 401, 257, 432, 272
-0.997246, 301, 193, 332, 208
-0.997256, 293, 147, 324, 162
-0.997257, 1, 153, 16, 216
-0.997259, 373, 185, 404, 200
-0.997262, 173, 75, 204, 90
-0.997266, 329, 175, 360, 190
-0.997266, 329, 275, 360, 290
-0.997274, 145, 137, 176, 152
-0.997274, 245, 171, 276, 186
-0.997275, 285, 121, 300, 184
-0.997276, 225, 173, 256, 188
-0.997276, 369, 201, 400, 216
-0.997279, 129, 249, 256, 280
-0.997283, 349, 247, 380, 262
-0.997287, 217, 41, 232, 104
-0.997291, 269, 265, 300, 280
-0.997298, 469, 297, 500, 312
-0.997301, 419, 265, 434, 296
-0.997303, 457, 317, 488, 332
-0.997303, 65, 205, 192, 236
-0.997307, 377, 165, 408, 180
-0.997313, 297, 163, 328, 178
-0.997313, 301, 199, 332, 214
-0.997314, 157, 193, 188, 208
-0.997316, 433, 283, 464, 298
-0.99732, 185, 169, 200, 232
-0.997323, 85, 221, 116, 236
-0.997323, 205, 137, 236, 152
-0.997324, 437, 137, 452, 200
-0.997329, 325, 203, 356, 218
-0.997335, 265, 43, 296, 58
-0.997335, 289, 301, 416, 332
-0.997337, 469, 195, 500, 210
-0.997343, 341, 191, 372, 206
-0.997345, 289, 137, 416, 168
-0.997347, 289, 201, 416, 232
-0.997348, 357, 227, 388, 242
-0.997352, 313, 199, 344, 214
-0.997353, 185, 89, 216, 104
-0.997353, 95, 201, 110, 264
-0.997355, 157, 247, 188, 262
-0.997355, 425, 265, 440, 296
-0.997363, 329, 305, 360, 320
-0.997367, 209, 145, 240, 160
-0.997367, 349, 261, 380, 276
-0.997374, 281, 1, 312, 256
-0.997375, 353, 187, 384, 202
-0.997379, 185, 77, 216, 92
-0.99738, 221, 189, 252, 204
-0.997384, 389, 149, 420, 164
-0.997388, 237, 191, 268, 206
-0.997399, 457, 153, 488, 168
-0.997407, 257, 183, 288, 198
-0.997407, 409, 141, 440, 156
-0.997408, 413, 261, 444, 276
-0.997411, 131, 185, 146, 248
-0.997414, 189, 57, 204, 120
-0.997415, 109, 219, 140, 234
-0.997428, 209, 45, 240, 60
-0.99743, 437, 273, 452, 333
-0.997432, 11, 153, 26, 216
-0.997435, 383, 293, 398, 324
-0.997451, 321, 193, 336, 256
-0.997453, 235, 217, 250, 280
-0.997455, 281, 277, 312, 292
-0.997457, 221, 143, 252, 158
-0.99746, 457, 309, 488, 324
-0.997463, 245, 129, 276, 256
-0.997466, 361, 263, 392, 278
-0.997468, 399, 265, 414, 296
-0.997471, 377, 267, 408, 282
-0.997472, 377, 259, 408, 274
-0.997473, 329, 181, 360, 196
-0.997478, 137, 193, 152, 256
-0.997483, 343, 273, 358, 333
-0.997494, 373, 273, 388, 333
-0.997497, 183, 65, 198, 128
-0.997503, 305, 251, 336, 266
-0.997509, 1, 241, 16, 304
-0.997511, 349, 65, 380, 320
-0.997517, 185, 71, 216, 86
-0.997517, 173, 65, 204, 80
-0.99752, 427, 137, 442, 200
-0.997523, 49, 221, 176, 252
-0.997528, 323, 225, 338, 288
-0.997529, 293, 249, 308, 312
-0.99753, 265, 1, 296, 256
-0.997531, 329, 317, 360, 332
-0.997542, 185, 83, 216, 98
-0.99756, 23, 153, 38, 216
-0.997564, 157, 113, 188, 240
-0.997564, 193, 129, 320, 160
-0.997566, 257, 25, 500, 88
-0.997572, 195, 161, 210, 224
-0.997576, 411, 261, 426, 292
-0.997577, 285, 43, 316, 58
-0.997578, 269, 161, 300, 288
-0.99758, 25, 121, 88, 184
-0.997581, 123, 185, 138, 248
-0.997583, 281, 97, 296, 160
-0.997592, 361, 265, 376, 328
-0.997596, 353, 221, 384, 236
-0.997601, 335, 257, 350, 320
-0.997601, 185, 143, 216, 158
-0.997605, 461, 159, 492, 174
-0.997606, 365, 239, 396, 254
-0.997606, 273, 53, 400, 84
-0.997608, 193, 233, 320, 264
-0.997613, 397, 287, 428, 302
-0.997613, 161, 185, 176, 248
-0.997616, 225, 257, 352, 288
-0.997619, 235, 185, 250, 248
-0.99762, 145, 73, 272, 136
-0.99762, 355, 137, 370, 200
-0.997627, 81, 253, 208, 284
-0.997629, 49, 65, 112, 192
-0.997653, 321, 281, 352, 296
-0.997658, 17, 153, 32, 216
-0.997659, 97, 219, 128, 234
-0.997659, 129, 217, 144, 280
-0.997663, 437, 65, 468, 320
-0.997664, 85, 225, 100, 288
-0.997665, 393, 65, 424, 320
-0.997665, 465, 173, 496, 188
-0.997667, 209, 217, 336, 248
-0.997667, 321, 113, 352, 240
-0.997679, 129, 197, 256, 228
-0.99768, 465, 289, 496, 304
-0.997683, 305, 241, 432, 272
-0.997684, 369, 297, 400, 312
-0.997687, 229, 167, 260, 182
-0.997689, 305, 193, 320, 256
-0.997693, 437, 317, 468, 332
-0.997695, 193, 53, 320, 84
-0.997709, 17, 185, 144, 216
-0.997712, 377, 273, 408, 288
-0.997713, 35, 145, 50, 208
-0.997713, 353, 215, 384, 230
-0.997717, 305, 137, 320, 200
-0.997725, 241, 157, 368, 188
-0.997732, 81, 215, 112, 230
-0.997733, 121, 259, 152, 274
-0.997735, 237, 177, 268, 192
-0.997736, 269, 271, 300, 286
-0.99774, 437, 141, 468, 156
-0.99774, 257, 65, 500, 128
-0.997741, 233, 161, 248, 224
-0.997743, 461, 165, 492, 180
-0.997745, 101, 193, 116, 256
-0.997758, 349, 33, 380, 160
-0.997761, 73, 145, 88, 208
-0.997762, 395, 249, 410, 312
-0.997762, 469, 97, 500, 224
-0.99777, 337, 203, 368, 218
-0.997775, 421, 241, 436, 304
-0.997776, 315, 177, 330, 240
-0.997778, 1, 49, 500, 112
-0.997783, 129, 185, 256, 216
-0.997785, 253, 275, 284, 290
-0.997791, 433, 229, 464, 244
-0.997792, 449, 137, 464, 200
-0.997797, 225, 195, 256, 210
-0.997798, 281, 185, 296, 248
-0.997799, 393, 269, 408, 300
-0.997799, 343, 153, 358, 216
-0.997804, 469, 179, 500, 194
-0.997804, 453, 291, 484, 306
-0.997807, 237, 81, 268, 208
-0.997813, 227, 41, 242, 104
-0.997817, 363, 177, 378, 240
-0.997817, 133, 255, 164, 270
-0.997821, 321, 213, 448, 244
-0.997822, 475, 161, 490, 192
-0.997822, 113, 125, 240, 156
-0.997826, 229, 137, 244, 200
-0.997839, 341, 183, 372, 198
-0.997841, 1, 273, 256, 333
-0.997847, 145, 251, 176, 266
-0.99785, 451, 289, 466, 320
-0.997851, 369, 97, 496, 160
-0.997852, 365, 153, 380, 216
-0.997857, 349, 207, 380, 222
-0.997859, 413, 137, 428, 200
-0.997866, 227, 225, 242, 288
-0.997867, 349, 317, 380, 332
-0.997867, 299, 153, 314, 216
-0.997871, 397, 143, 428, 158
-0.997872, 297, 193, 312, 256
-0.997879, 469, 189, 500, 204
-0.997879, 183, 129, 198, 192
-0.99788, 317, 249, 332, 312
-0.997882, 275, 265, 290, 328
-0.997884, 435, 277, 450, 308
-0.997888, 353, 301, 368, 332
-0.99789, 265, 81, 296, 208
-0.997891, 285, 145, 300, 208
-0.997892, 401, 277, 416, 308
-0.997894, 147, 201, 162, 264
-0.997895, 63, 145, 78, 208
-0.997898, 405, 65, 436, 320
-0.9979, 443, 137, 458, 200
-0.997904, 421, 281, 436, 312
-0.997912, 341, 237, 372, 252
-0.997913, 421, 65, 452, 320
-0.997915, 145, 237, 272, 268
-0.997917, 325, 185, 340, 216
-0.997919, 485, 193, 500, 256
-0.997922, 343, 177, 358, 208
-0.997929, 461, 1, 492, 256
-0.997933, 337, 65, 368, 320
-0.997938, 389, 293, 404, 324
-0.997939, 325, 197, 356, 212
-0.99794, 293, 217, 308, 280
-0.997946, 369, 177, 496, 208
-0.997947, 29, 145, 44, 208
-0.997952, 285, 259, 316, 274
-0.997955, 177, 261, 304, 292
-0.997958, 241, 301, 368, 332
-0.997961, 225, 97, 480, 160
-0.997963, 33, 237, 160, 268
-0.997965, 291, 113, 306, 176
-0.997965, 377, 297, 392, 328
-0.997969, 479, 145, 494, 208
-0.997969, 427, 241, 442, 304
-0.997972, 367, 213, 382, 244
-0.997985, 365, 233, 396, 248
-0.997996, 465, 289, 480, 320
-0.997999, 389, 281, 420, 296
-0.998, 305, 189, 432, 220
-0.998002, 413, 273, 428, 304
-0.998004, 1, 81, 500, 144
-0.998005, 177, 141, 304, 172
-0.998008, 71, 177, 86, 240
-0.998013, 109, 189, 140, 204
-0.998015, 9, 97, 40, 224
-0.998016, 419, 137, 434, 200
-0.998018, 233, 1, 264, 256
-0.998021, 341, 177, 372, 192
-0.998025, 213, 225, 228, 288
-0.998028, 449, 1, 480, 128
-0.998028, 177, 109, 304, 140
-0.99803, 289, 33, 304, 96
-0.998033, 465, 273, 480, 333
-0.998042, 273, 41, 400, 72
-0.998042, 381, 161, 396, 192
-0.99805, 107, 185, 122, 248
-0.998052, 185, 65, 216, 80
-0.998052, 353, 193, 384, 208
-0.998054, 471, 129, 486, 192
-0.998056, 77, 209, 92, 272
-0.998062, 449, 65, 480, 320
-0.998063, 29, 217, 44, 280
-0.998065, 153, 193, 168, 256
-0.99807, 333, 189, 348, 220
-0.998071, 79, 145, 94, 208
-0.998071, 299, 257, 314, 320
-0.998072, 481, 177, 496, 208
-0.998081, 97, 213, 112, 244
-0.998083, 193, 245, 320, 276
-0.998084, 401, 269, 432, 284
-0.998087, 443, 273, 458, 333
-0.998087, 245, 1, 276, 256
-0.99809, 469, 1, 500, 128
-0.998099, 371, 253, 386, 284
-0.998099, 367, 241, 382, 272
-0.998114, 97, 57, 224, 120
-0.998114, 345, 227, 376, 242
-0.998115, 393, 293, 424, 308
-0.998123, 321, 289, 448, 320
-0.998124, 405, 293, 436, 308
-0.998128, 221, 1, 252, 256
-0.998132, 429, 289, 444, 320
-0.998133, 193, 169, 320, 200
-0.998135, 273, 289, 400, 320
-0.998136, 367, 301, 382, 332
-0.998137, 397, 293, 412, 324
-0.998149, 1, 177, 64, 240
-0.998157, 441, 289, 456, 320
-0.998157, 197, 1, 228, 256
-0.998157, 353, 201, 480, 232
-0.998162, 273, 65, 400, 96
-0.998165, 1, 209, 32, 333
-0.99817, 97, 221, 224, 252
-0.998179, 293, 1, 324, 256
-0.998186, 129, 249, 384, 312
-0.998186, 185, 65, 216, 320
-0.998187, 389, 149, 404, 180
-0.998189, 409, 285, 424, 316
-0.998198, 145, 161, 272, 192
-0.998205, 365, 257, 380, 288
-0.998206, 199, 141, 214, 172
-0.998207, 193, 297, 320, 328
-0.998211, 235, 141, 250, 172
-0.998225, 441, 291, 472, 306
-0.998229, 329, 191, 360, 206
-0.998247, 357, 221, 372, 252
-0.998247, 279, 261, 294, 292
-0.99825, 373, 65, 404, 320
-0.998251, 463, 301, 478, 332
-0.998266, 89, 213, 104, 244
-0.998266, 257, 193, 500, 256
-0.998271, 465, 149, 480, 180
-0.998271, 403, 289, 418, 320
-0.998277, 329, 311, 360, 326
-0.998316, 273, 97, 400, 128
-0.998317, 427, 253, 442, 284
-0.998318, 345, 197, 360, 228
-0.998326, 187, 65, 202, 96
-0.998334, 359, 301, 374, 332
-0.998334, 457, 285, 472, 316
-0.998337, 355, 197, 370, 228
-0.998364, 361, 251, 392, 266
-0.998382, 177, 97, 304, 128
-0.998383, 385, 269, 448, 284
-0.998386, 433, 225, 496, 288
-0.998388, 377, 293, 440, 308
-0.998391, 353, 25, 480, 56
-0.998392, 189, 157, 204, 188
-0.998399, 193, 73, 320, 104
-0.998408, 361, 257, 392, 272
-0.998409, 485, 189, 500, 220
-0.998416, 173, 65, 204, 320
-0.998419, 1, 253, 128, 284
-0.998428, 401, 275, 432, 290
-0.998432, 407, 273, 422, 304
-0.998436, 393, 81, 424, 208
-0.998437, 481, 165, 496, 196
-0.998438, 363, 201, 378, 232
-0.998439, 353, 181, 368, 212
-0.99844, 361, 65, 392, 320
-0.998441, 349, 199, 380, 214
-0.998444, 65, 65, 96, 320
-0.998445, 191, 141, 206, 172
-0.998445, 85, 65, 116, 320
-0.99845, 471, 289, 486, 320
-0.998454, 279, 41, 294, 72
-0.998465, 385, 263, 448, 278
-0.998467, 97, 65, 128, 320
-0.998472, 1, 265, 128, 296
-0.998473, 417, 291, 480, 306
-0.998476, 287, 257, 302, 288
-0.99848, 401, 285, 464, 300
-0.998485, 431, 265, 446, 296
-0.998487, 289, 125, 416, 156
-0.998488, 177, 205, 304, 236
-0.998489, 385, 275, 448, 290
-0.99849, 401, 141, 464, 156
-0.998493, 345, 305, 408, 320
-0.998505, 335, 177, 350, 208
-0.998505, 377, 283, 440, 298
-0.998505, 413, 267, 444, 282
-0.998511, 249, 277, 312, 292
-0.998513, 361, 275, 424, 290
-0.998514, 331, 261, 346, 292
-0.998514, 329, 231, 392, 246
-0.998515, 291, 165, 306, 196
-0.998516, 321, 185, 384, 200
-0.998516, 419, 253, 434, 284
-0.998517, 395, 145, 410, 176
-0.998518, 273, 85, 400, 116
-0.998519, 425, 293, 456, 308
-0.998528, 321, 195, 384, 210
-0.998529, 361, 299, 424, 314
-0.998531, 97, 173, 224, 204
-0.998532, 281, 257, 344, 272
-0.998532, 377, 177, 392, 208
-0.998532, 329, 179, 392, 194
-0.998533, 321, 205, 384, 220
-0.998533, 369, 209, 384, 333
-0.998534, 329, 225, 392, 240
-0.998535, 345, 259, 408, 274
-0.998536, 193, 143, 256, 158
-0.998539, 329, 237, 392, 252
-0.99854, 273, 265, 288, 296
-0.998543, 471, 149, 486, 180
-0.998544, 361, 269, 424, 284
-0.998546, 297, 199, 360, 214
-0.998547, 417, 279, 480, 294
-0.998549, 193, 285, 320, 316
-0.998552, 121, 139, 184, 154
-0.998553, 403, 141, 418, 172
-0.998554, 459, 145, 474, 176
-0.998554, 347, 217, 362, 248
-0.998555, 435, 293, 450, 324
-0.998556, 433, 163, 496, 178
-0.998561, 349, 169, 364, 200
-0.998561, 261, 177, 276, 208
-0.998563, 305, 311, 368, 326
-0.998564, 337, 311, 400, 326
-0.998564, 291, 193, 306, 224
-0.998565, 339, 197, 354, 228
-0.998566, 305, 317, 368, 332
-0.998566, 337, 317, 400, 332
-0.998568, 329, 173, 392, 188
-0.99857, 323, 249, 338, 280
-0.99857, 73, 217, 136, 232
-0.998572, 387, 273, 402, 304
-0.998572, 201, 45, 264, 60
-0.998572, 161, 209, 192, 333
-0.998573, 297, 189, 360, 204
-0.998573, 361, 223, 424, 238
-0.998573, 433, 169, 496, 184
-0.998575, 409, 281, 440, 296
-0.998576, 195, 153, 210, 184
-0.998578, 325, 197, 340, 228
-0.998579, 65, 269, 192, 300
-0.99858, 33, 207, 96, 222
-0.998583, 273, 199, 336, 214
-0.998584, 361, 189, 376, 220
-0.998585, 329, 249, 392, 264
-0.998585, 433, 311, 496, 326
-0.998586, 329, 275, 392, 290
-0.998586, 369, 251, 432, 266
-0.998589, 329, 243, 392, 258
-0.998589, 297, 175, 360, 190
-0.99859, 327, 277, 342, 308
-0.99859, 273, 273, 336, 288
-0.998591, 369, 257, 432, 272
-0.998592, 297, 305, 360, 320
-0.998592, 1, 153, 64, 168
-0.998592, 89, 143, 152, 158
-0.998592, 129, 253, 192, 268
-0.998593, 229, 137, 244, 168
-0.998593, 417, 301, 480, 316
-0.998594, 297, 229, 360, 244
-0.998594, 289, 181, 352, 196
-0.998595, 217, 193, 280, 208
-0.998595, 345, 187, 408, 202
-0.998595, 353, 281, 416, 296
-0.998595, 145, 197, 208, 212
-0.998596, 369, 241, 432, 256
-0.998596, 273, 193, 336, 208
-0.998596, 273, 263, 336, 278
-0.998597, 345, 193, 408, 208
-0.998598, 415, 285, 430, 316
-0.998598, 375, 237, 390, 268
-0.998599, 249, 43, 312, 58
-0.9986, 321, 217, 384, 232
-0.9986, 193, 137, 256, 152
-0.9986, 73, 211, 136, 226
-0.9986, 337, 161, 400, 176
-0.9986, 353, 233, 416, 248
-0.998601, 97, 191, 160, 206
-0.998602, 297, 205, 360, 220
-0.998602, 329, 267, 392, 282
-0.998602, 425, 157, 488, 172
-0.998602, 193, 201, 256, 216
-0.998602, 217, 177, 280, 192
-0.998603, 161, 85, 224, 100
-0.998603, 345, 141, 408, 156
-0.998603, 249, 169, 312, 184
-0.998603, 193, 165, 256, 180
-0.998603, 57, 147, 120, 162
-0.998604, 249, 185, 312, 200
-0.998605, 145, 209, 208, 224
-0.998606, 409, 311, 472, 326
-0.998606, 305, 279, 368, 294
-0.998606, 401, 317, 464, 332
-0.998608, 433, 175, 496, 190
-0.998608, 329, 167, 392, 182
-0.998608, 273, 29, 400, 60
-0.99861, 109, 65, 140, 320
-0.99861, 161, 143, 224, 158
-0.998611, 33, 151, 96, 166
-0.998612, 217, 171, 280, 186
-0.998613, 97, 221, 160, 236
-0.998613, 201, 227, 264, 242
-0.998614, 225, 285, 288, 300
-0.998614, 49, 215, 112, 230
-0.998614, 401, 229, 464, 244
-0.998614, 369, 165, 432, 180
-0.998615, 249, 179, 312, 194
-0.998616, 17, 261, 80, 276
-0.998617, 161, 135, 224, 150
-0.998617, 361, 211, 424, 226
-0.998618, 425, 229, 488, 244
-0.998618, 425, 273, 488, 288
-0.998618, 177, 311, 240, 326
-0.998618, 409, 265, 472, 280
-0.998619, 361, 171, 424, 186
-0.998619, 17, 65, 48, 320
-0.99862, 217, 183, 280, 198
-0.99862, 385, 223, 448, 238
-0.998621, 273, 187, 336, 202
-0.998621, 433, 195, 496, 210
-0.998621, 345, 201, 408, 216
-0.998621, 297, 219, 360, 234
-0.998622, 73, 223, 136, 238
-0.998623, 369, 159, 432, 174
-0.998623, 289, 169, 352, 184
-0.998623, 305, 237, 368, 252
-0.998624, 161, 317, 224, 332
-0.998624, 233, 199, 296, 214
-0.998624, 33, 201, 96, 216
-0.998625, 361, 181, 424, 196
-0.998625, 425, 151, 488, 166
-0.998625, 153, 249, 216, 264
-0.998625, 121, 199, 184, 214
-0.998626, 185, 149, 248, 164
-0.998626, 193, 193, 256, 208
-0.998626, 89, 197, 152, 212
-0.998627, 337, 147, 400, 162
-0.998627, 353, 293, 416, 308
-0.998628, 249, 271, 312, 286
-0.998628, 1, 293, 64, 308
-0.998628, 433, 185, 496, 200
-0.998628, 281, 279, 344, 294
-0.998632, 353, 249, 480, 280
-0.998633, 145, 45, 272, 76
-0.998638, 411, 249, 426, 280
-0.998639, 369, 201, 384, 232
-0.998643, 365, 303, 396, 318
-0.998648, 453, 141, 468, 172
-0.998653, 281, 101, 296, 132
-0.998655, 357, 209, 372, 240
-0.998659, 237, 189, 252, 220
-0.998662, 359, 237, 374, 268
-0.998666, 353, 237, 480, 268
-0.99867, 45, 65, 76, 320
-0.998671, 5, 153, 20, 184
-0.998671, 139, 197, 154, 228
-0.998673, 189, 129, 204, 160
-0.998673, 321, 89, 448, 152
-0.998678, 319, 185, 334, 216
-0.998679, 291, 181, 306, 212
-0.998684, 477, 285, 492, 316
-0.99869, 361, 245, 392, 260
-0.998691, 1, 65, 32, 320
-0.998693, 349, 145, 364, 272
-0.998695, 193, 85, 320, 116
-0.998696, 359, 177, 374, 304
-0.998697, 293, 213, 308, 244
-0.998699, 33, 65, 64, 320
-0.998699, 375, 225, 390, 256
-0.998701, 211, 45, 226, 76
-0.998704, 349, 145, 364, 176
-0.998712, 261, 273, 276, 304
-0.998715, 77, 209, 92, 240
-0.998715, 413, 273, 444, 288
-0.998716, 291, 141, 306, 172
-0.998728, 343, 301, 358, 332
-0.998732, 267, 273, 282, 304
-0.998733, 11, 153, 26, 184
-0.998735, 291, 153, 306, 184
-0.998737, 89, 201, 104, 232
-0.99874, 349, 157, 364, 188
-0.99874, 345, 229, 360, 260
-0.998742, 233, 161, 248, 192
-0.998743, 1, 197, 128, 228
-0.998749, 281, 181, 296, 212
-0.998751, 483, 285, 498, 316
-0.998755, 389, 275, 420, 290
-0.998755, 269, 177, 284, 208
-0.998757, 293, 257, 308, 288
-0.99876, 177, 273, 304, 304
-0.998763, 279, 273, 294, 304
-0.998764, 331, 201, 346, 232
-0.998765, 437, 265, 452, 296
-0.998767, 231, 221, 246, 252
-0.998768, 229, 173, 244, 204
-0.998776, 421, 283, 452, 298
-0.998783, 117, 185, 132, 216
-0.998784, 273, 277, 288, 308
-0.998787, 273, 109, 400, 140
-0.998792, 285, 129, 300, 160
-0.998795, 17, 153, 32, 184
-0.998797, 121, 65, 152, 320
-0.998798, 355, 169, 370, 200
-0.998808, 1, 249, 16, 280
-0.998812, 447, 137, 462, 168
-0.998818, 301, 145, 316, 176
-0.998829, 33, 173, 160, 204
-0.99884, 193, 157, 320, 188
-0.998881, 353, 113, 480, 144
-0.998886, 353, 235, 384, 250
-0.998897, 349, 307, 380, 322
-0.998919, 389, 267, 420, 282
-0.998933, 321, 65, 352, 320
-0.998945, 133, 65, 164, 320
-0.998951, 161, 221, 288, 252
-0.998962, 149, 65, 180, 320
-0.998975, 361, 17, 392, 144
-0.998977, 273, 265, 400, 296
-0.999011, 377, 161, 392, 288
-0.999011, 405, 161, 436, 288
-0.999012, 49, 281, 176, 312
-0.999046, 97, 113, 224, 144
-0.999049, 129, 289, 256, 320
-0.999063, 145, 1, 272, 128
-0.999087, 241, 145, 368, 176
-0.999087, 343, 161, 358, 288
-0.999088, 365, 161, 380, 288
-0.999088, 129, 273, 256, 304
-0.999123, 189, 129, 204, 256
-0.999123, 233, 145, 248, 272
-0.999136, 305, 65, 336, 320
-0.999139, 369, 213, 496, 244
-0.999151, 113, 101, 240, 132
-0.999214, 241, 125, 368, 156
-0.999238, 477, 145, 492, 272
-0.999244, 81, 293, 208, 324
-0.999256, 65, 41, 320, 104
-0.999277, 199, 129, 214, 256
-0.999285, 281, 33, 296, 160
-0.999301, 397, 129, 412, 256
-0.999306, 1, 225, 128, 256
-0.999307, 129, 177, 144, 304
-0.999309, 81, 237, 208, 268
-0.999312, 175, 161, 190, 288
-0.999313, 209, 29, 336, 60
-0.999319, 337, 161, 352, 288
-0.999321, 121, 177, 136, 304
-0.999321, 23, 145, 38, 272
-0.999321, 161, 65, 192, 320
-0.999326, 321, 193, 336, 320
-0.999339, 97, 33, 224, 96
-0.999347, 355, 129, 370, 256
-0.999358, 291, 129, 306, 256
-0.999363, 71, 145, 86, 272
-0.999365, 41, 145, 56, 272
-0.99937, 31, 145, 46, 272
-0.999377, 353, 65, 480, 128
-0.999381, 485, 177, 500, 304
-0.999389, 13, 145, 28, 272
-0.999389, 121, 129, 136, 256
-0.999391, 401, 263, 432, 278
-0.999398, 1, 297, 128, 328
-0.999403, 301, 161, 316, 288
-0.999405, 113, 89, 240, 120
-0.999406, 3, 145, 18, 272
-0.999407, 257, 241, 384, 272
-0.999408, 327, 177, 342, 304
-0.999418, 337, 129, 464, 160
-0.999425, 291, 193, 306, 320
-0.99943, 129, 33, 192, 160
-0.999438, 113, 129, 128, 256
-0.999441, 127, 129, 142, 256
-0.99945, 457, 193, 488, 320
-0.999456, 145, 301, 272, 332
-0.99946, 375, 209, 390, 333
-0.999486, 181, 161, 196, 288
-0.999487, 353, 189, 480, 220
-0.999488, 113, 77, 240, 108
-0.999498, 471, 129, 486, 256
-0.999508, 129, 261, 256, 292
-0.999518, 77, 129, 92, 256
-0.999534, 115, 177, 130, 304
-0.999534, 33, 113, 288, 176
-0.999538, 225, 209, 240, 333
-0.999543, 383, 145, 398, 272
-0.999558, 65, 145, 80, 272
-0.999565, 343, 181, 358, 196
-0.999565, 79, 215, 94, 230
-0.999566, 281, 185, 296, 200
-0.999566, 301, 255, 316, 270
-0.999566, 485, 199, 500, 214
-0.999566, 417, 259, 432, 274
-0.999567, 339, 229, 354, 244
-0.999567, 405, 143, 420, 158
-0.999567, 351, 227, 366, 242
-0.999568, 375, 243, 390, 258
-0.999568, 449, 317, 464, 332
-0.999569, 291, 187, 306, 202
-0.999569, 111, 219, 126, 234
-0.999569, 399, 145, 414, 160
-0.99957, 187, 71, 202, 86
-0.99957, 321, 197, 336, 212
-0.99957, 353, 205, 368, 220
-0.99957, 485, 289, 500, 304
-0.999571, 147, 251, 162, 266
-0.999571, 353, 183, 368, 198
-0.999571, 223, 143, 238, 158
-0.999572, 353, 215, 368, 230
-0.999572, 291, 259, 306, 274
-0.999572, 183, 87, 198, 102
-0.999573, 279, 269, 294, 284
-0.999573, 481, 169, 496, 184
-0.999574, 467, 289, 482, 304
-0.999574, 407, 277, 422, 292
-0.999575, 455, 143, 470, 158
-0.999575, 387, 157, 402, 172
-0.999575, 233, 155, 248, 170
-0.999576, 349, 209, 364, 333
-0.999576, 329, 273, 344, 288
-0.999577, 353, 317, 368, 332
-0.999578, 105, 221, 120, 236
-0.999578, 291, 193, 306, 208
-0.999579, 341, 195, 356, 210
-0.999579, 353, 191, 368, 206
-0.99958, 279, 263, 294, 278
-0.99958, 117, 187, 132, 202
-0.99958, 153, 249, 168, 264
-0.99958, 263, 275, 278, 290
-0.999581, 189, 161, 204, 176
-0.999581, 349, 169, 364, 184
-0.999581, 235, 193, 250, 208
-0.999583, 461, 289, 476, 304
-0.999583, 447, 227, 462, 242
-0.999584, 189, 145, 204, 160
-0.999585, 189, 151, 204, 166
-0.999585, 479, 289, 494, 304
-0.999585, 269, 277, 284, 292
-0.999586, 383, 163, 398, 178
-0.999586, 119, 221, 134, 236
-0.999586, 483, 193, 498, 208
-0.999586, 327, 197, 342, 212
-0.999587, 199, 141, 214, 156
-0.99959, 365, 215, 380, 230
-0.99959, 467, 153, 482, 168
-0.999591, 465, 301, 480, 316
-0.999591, 439, 293, 454, 308
-0.999592, 375, 237, 390, 252
-0.999592, 367, 223, 382, 238
-0.999594, 379, 301, 394, 316
-0.999595, 365, 203, 380, 218
-0.999595, 345, 203, 360, 218
-0.999596, 365, 197, 380, 212
-0.999597, 113, 57, 240, 88
-0.999597, 1, 277, 128, 308
-0.999597, 451, 113, 466, 240
-0.999598, 343, 307, 358, 322
-0.999599, 127, 257, 142, 272
-0.9996, 87, 213, 102, 228
-0.999602, 413, 209, 428, 333
-0.999603, 327, 281, 342, 296
-0.999605, 229, 141, 244, 156
-0.999606, 393, 149, 408, 164
-0.999608, 347, 197, 362, 212
-0.999608, 185, 81, 200, 96
-0.999609, 481, 185, 496, 200
-0.999609, 445, 291, 460, 306
-0.999609, 411, 259, 426, 274
-0.999609, 187, 65, 202, 80
-0.99961, 133, 257, 148, 272
-0.99961, 189, 81, 204, 208
-0.999611, 433, 293, 448, 308
-0.999611, 473, 159, 488, 174
-0.999611, 359, 195, 374, 210
-0.999611, 289, 33, 304, 160
-0.999612, 325, 189, 340, 204
-0.999614, 365, 305, 380, 320
-0.999615, 403, 283, 418, 298
-0.999616, 435, 283, 450, 298
-0.999617, 479, 175, 494, 190
-0.999617, 365, 261, 380, 276
-0.999618, 87, 219, 102, 234
-0.999618, 441, 227, 456, 242
-0.999619, 357, 233, 372, 248
-0.999622, 475, 165, 490, 180
-0.999623, 455, 291, 470, 306
-0.999623, 343, 189, 358, 204
-0.999624, 357, 227, 372, 242
-0.999624, 391, 129, 406, 256
-0.999625, 345, 229, 360, 244
-0.999625, 405, 291, 420, 306
-0.999625, 95, 217, 110, 232
-0.999626, 421, 279, 436, 294
-0.999626, 135, 193, 150, 320
-0.999626, 429, 275, 444, 290
-0.999627, 409, 285, 424, 300
-0.999628, 205, 129, 220, 256
-0.999629, 169, 145, 184, 272
-0.999631, 407, 209, 422, 333
-0.999631, 359, 305, 374, 320
-0.999632, 399, 293, 414, 308
-0.999634, 365, 249, 380, 264
-0.99964, 423, 291, 438, 306
-0.99964, 51, 145, 66, 272
-0.999641, 343, 313, 358, 328
-0.999641, 405, 129, 420, 256
-0.999641, 409, 269, 424, 284
-0.999647, 393, 273, 408, 288
-0.999647, 331, 191, 346, 206
-0.999647, 217, 33, 232, 160
-0.999648, 415, 281, 430, 296
-0.99965, 83, 129, 98, 256
-0.999653, 353, 199, 368, 214
-0.999655, 101, 129, 116, 256
-0.999656, 373, 301, 388, 316
-0.999656, 457, 129, 472, 256
-0.999657, 367, 243, 382, 258
-0.999658, 211, 177, 226, 304
-0.999659, 315, 209, 330, 333
-0.999661, 371, 257, 386, 272
-0.999663, 1, 89, 256, 152
-0.999668, 401, 273, 416, 288
-0.999668, 415, 275, 430, 290
-0.999669, 343, 175, 358, 190
-0.999671, 421, 265, 436, 280
-0.999677, 427, 269, 442, 284
-0.999678, 389, 293, 404, 308
-0.999678, 219, 177, 234, 304
-0.999681, 107, 129, 122, 256
-0.999681, 409, 287, 440, 302
-0.999687, 401, 267, 416, 282
-0.999688, 109, 177, 124, 304
-0.999689, 427, 281, 442, 296
-0.999689, 395, 267, 410, 282
-0.999689, 183, 81, 198, 208
-0.999692, 415, 265, 430, 280
-0.9997, 225, 161, 240, 288
-0.999705, 283, 97, 298, 224
-0.999715, 415, 287, 430, 302
-0.999717, 81, 161, 208, 192
-0.999719, 429, 287, 444, 302
-0.999721, 465, 129, 480, 256
-0.999721, 381, 295, 412, 310
-0.999726, 239, 129, 254, 256
-0.999727, 383, 295, 398, 310
-0.999727, 353, 307, 368, 322
-0.999729, 309, 145, 324, 272
-0.999732, 65, 149, 192, 180
-0.999741, 343, 113, 358, 240
-0.999741, 95, 129, 110, 256
-0.999742, 421, 285, 436, 300
-0.999758, 139, 129, 154, 256
-0.999759, 367, 233, 382, 248
-0.999761, 59, 145, 74, 272
-0.999765, 297, 33, 312, 160
-0.999767, 405, 261, 420, 276
-0.999768, 231, 209, 246, 333
-0.999784, 411, 113, 426, 240
-0.999788, 321, 97, 448, 128
-0.999797, 425, 129, 440, 256
-0.999797, 225, 101, 352, 132
-0.999805, 281, 161, 296, 288
-0.999806, 211, 33, 226, 160
-0.999813, 237, 193, 252, 320
-0.999828, 17, 113, 144, 176
-0.99983, 437, 113, 452, 240
-0.999837, 133, 129, 148, 256
-0.999837, 419, 209, 434, 333
-0.999839, 417, 129, 432, 256
-0.999839, 299, 209, 314, 333
-0.999843, 203, 209, 218, 333
-0.999846, 427, 209, 442, 333
-0.99985, 285, 209, 300, 333
-0.999854, 483, 129, 498, 256
-0.999861, 275, 33, 290, 160
-0.999861, 195, 65, 210, 192
-0.999871, 431, 129, 446, 256
-0.999876, 445, 113, 460, 240
-0.999881, 89, 129, 104, 256
-0.999886, 315, 161, 330, 288
-0.999887, 301, 113, 316, 240
-0.999889, 129, 149, 256, 180
-0.999897, 163, 129, 178, 256
-0.999901, 291, 81, 306, 208
-0.999903, 195, 177, 210, 304
-0.999908, 353, 85, 480, 116
-0.999916, 349, 97, 364, 224
-0.999921, 439, 209, 454, 333
-0.999928, 113, 33, 240, 64
-0.999934, 227, 33, 242, 160
-0.999937, 465, 81, 480, 208
-0.999952, 1, 209, 16, 333
-0.999955, 457, 81, 472, 208
-0.999958, 371, 161, 386, 288
-0.999959, 81, 177, 96, 304
-0.999986, 273, 1, 400, 64
-0.999987, 103, 177, 118, 304
-0.999991, 353, 73, 480, 104
-1, 49, 133, 176, 164
-1, 233, 33, 248, 160
-1, 205, 33, 220, 160
-1.00001, 401, 209, 416, 333
-1.00001, 33, 193, 48, 320
-1.00003, 477, 97, 492, 224
-1.00005, 363, 113, 378, 240
-1.00005, 149, 129, 164, 256
-1.00006, 445, 65, 460, 192
-1.00006, 355, 81, 370, 208
-1.00006, 163, 177, 178, 304
-1.00006, 271, 177, 286, 304
-1.00007, 141, 209, 156, 333
-1.00007, 65, 113, 192, 176
-1.00007, 385, 97, 400, 224
-1.00007, 189, 177, 204, 304
-1.00007, 265, 177, 280, 304
-1.00007, 277, 209, 292, 333
-1.00011, 341, 209, 356, 333
-1.00011, 157, 129, 172, 256
-1.00011, 307, 209, 322, 333
-1.00012, 55, 193, 70, 320
-1.00012, 97, 45, 224, 76
-1.00012, 381, 209, 396, 333
-1.00012, 353, 37, 480, 68
-1.00012, 353, 1, 480, 64
-1.00012, 161, 17, 416, 80
-1.00012, 333, 209, 348, 333
-1.00013, 41, 193, 56, 320
-1.00014, 269, 17, 284, 144
-1.00014, 353, 13, 480, 44
-1.00014, 257, 17, 384, 48
-1.00015, 1, 161, 128, 192
-1.00017, 353, 61, 480, 92
-1.00017, 225, 113, 352, 144
-1.00021, 1, 133, 128, 164
-1.00023, 297, 49, 328, 176
-1.00027, 33, 65, 288, 128
-1.00048, 57, 97, 88, 224
-1.00051, 45, 97, 76, 224
-1.00061, 421, 1, 452, 128
-1.00083, 409, 65, 440, 192
-1.00083, 221, 97, 252, 224
-1.00085, 469, 193, 500, 320
-1.00091, 33, 17, 288, 80
-1.00094, 129, 9, 256, 72
-1.00112, 329, 65, 360, 192
-1.00121, 257, 129, 288, 256
-1.00136, 29, 97, 60, 224
-1.00163, 469, 49, 500, 176
-1.00194, 257, 1, 500, 64
-1.00207, 329, 17, 360, 144
-1.00209, 437, 1, 468, 128
-1.00225, 125, 81, 156, 208
-1.00229, 25, 49, 88, 176
-1.00253, 373, 1, 404, 128
-1.00254, 389, 17, 420, 144
-1.00261, 101, 81, 132, 208
-1.00264, 73, 81, 104, 208
-1.00285, 89, 81, 120, 208
-1.00297, 377, 49, 408, 176
-1.00297, 405, 1, 436, 128
-1.0031, 49, 89, 176, 152
-1.00368, 113, 81, 144, 208
-1.00394, 249, 49, 280, 176
-1.00397, 1, 1, 500, 64
-1.004, 161, 65, 192, 192
-1.00428, 165, 1, 196, 128
-1.00463, 137, 81, 168, 208
-1.00467, 1, 25, 500, 88
-1.00472, 97, 33, 160, 160
-1.00504, 17, 49, 144, 176
-1.00547, 49, 65, 176, 128
-1.00556, 49, 17, 112, 144
-1.00557, 305, 1, 336, 128
-1.00565, 81, 9, 208, 72
-1.00597, 49, 41, 176, 104
-1.0061, 149, 65, 180, 192
-1.00631, 309, 65, 340, 192
-1.00637, 9, 1, 72, 128
-1.0065, 73, 17, 136, 144
-1.00651, 1, 49, 64, 176
-1.00662, 1, 89, 128, 152
-1.00694, 1, 33, 128, 96
-1.00709, 1, 57, 128, 120
-1.00713, 33, 9, 160, 72
-1.00785, 49, 1, 176, 128
-1.00905, 57, 49, 88, 176
-1.0093, 1, 1, 128, 128
-1.00943, 177, 1, 208, 128
-1.01035, 109, 33, 140, 160
-1.01078, 153, 1, 184, 128
