1962
-0.267073, 1, 1, 500, 375
-0.361323, 1, 1, 500, 256
-0.394059, 33, 1, 288, 375
-0.453476, 225, 1, 480, 375
-0.467297, 1, 97, 500, 352
-0.496451, 129, 1, 384, 375
-0.580706, 97, 97, 352, 352
-0.625879, 1, 1, 256, 256
-0.633352, 97, 1, 352, 256
-0.659106, 225, 1, 480, 256
-0.68658, 1, 97, 256, 352
-0.780627, 257, 129, 500, 375
-0.832104, 161, 1, 288, 375
-0.846026, 81, 1, 208, 375
-0.849871, 161, 97, 288, 352
-0.863164, 81, 1, 208, 256
-0.866215, 161, 1, 288, 256
-0.876142, 241, 1, 368, 375
-0.877204, 33, 1, 160, 375
-0.880512, 1, 97, 128, 352
-0.89121, 241, 1, 368, 256
-0.89141, 33, 1, 160, 256
-0.893496, 305, 1, 432, 375
-0.896104, 81, 97, 208, 352
-0.899627, 1, 33, 500, 160
-0.901499, 1, 113, 500, 240
-0.906155, 97, 129, 352, 256
-0.907958, 241, 129, 368, 375
-0.911075, 305, 1, 432, 256
-0.916178, 1, 161, 500, 288
-0.920136, 1, 33, 256, 160
-0.922367, 1, 241, 500, 368
-0.93052, 353, 1, 480, 375
-0.932992, 1, 161, 256, 288
-0.934897, 161, 241, 416, 368
-0.935114, 353, 1, 480, 256
-0.936387, 129, 177, 384, 304
-0.937966, 1, 49, 64, 176
-0.938101, 97, 81, 352, 208
-0.941776, 177, 81, 304, 208
-0.942652, 1, 97, 256, 224
-0.944538, 1, 241, 256, 368
-0.945479, 33, 145, 160, 272
-0.947232, 97, 33, 352, 160
-0.948092, 129, 129, 192, 256
-0.948138, 25, 65, 88, 192
-0.950947, 257, 209, 500, 336
-0.951493, 17, 81, 144, 208
-0.951872, 9, 1, 72, 128
-0.952246, 41, 129, 104, 256
-0.952255, 257, 161, 500, 288
-0.952717, 201, 49, 264, 176
-0.952811, 241, 113, 304, 240
-0.952936, 113, 129, 240, 256
-0.953099, 1, 65, 64, 128
-0.95373, 97, 33, 224, 160
-0.954266, 193, 33, 448, 160
-0.954515, 153, 113, 216, 240
-0.955564, 177, 129, 304, 256
-0.956098, 161, 193, 288, 320
-0.95637, 209, 241, 336, 368
-0.957171, 1, 1, 128, 128
-0.957656, 81, 177, 208, 304
-0.95771, 1, 97, 64, 224
-0.959271, 225, 113, 480, 240
-0.959462, 33, 81, 96, 144
-0.95951, 193, 33, 320, 160
-0.959536, 49, 65, 112, 192
-0.959665, 281, 241, 344, 368
-0.959718, 1, 193, 128, 320
-0.960616, 25, 57, 88, 120
-0.960906, 249, 225, 312, 352
-0.960982, 145, 33, 272, 160
-0.962093, 129, 81, 256, 208
-0.962124, 321, 129, 448, 375
-0.963094, 257, 177, 320, 304
-0.963254, 137, 177, 200, 304
-0.963433, 105, 129, 168, 256
-0.963568, 57, 1, 120, 128
-0.963844, 1, 145, 64, 272
-0.964132, 201, 81, 264, 144
-0.964539, 161, 241, 288, 368
-0.964803, 33, 17, 96, 144
-0.965074, 369, 129, 496, 375
-0.965585, 65, 129, 128, 256
-0.966164, 105, 33, 168, 160
-0.9666, 177, 161, 240, 288
-0.967066, 273, 273, 336, 336
-0.967157, 49, 33, 176, 160
-0.967197, 129, 137, 192, 200
-0.967252, 129, 177, 192, 240
-0.967334, 33, 129, 96, 192
-0.967449, 225, 65, 288, 192
-0.967649, 1, 241, 128, 368
-0.96775, 177, 113, 240, 240
-0.968018, 257, 241, 384, 368
-0.968027, 161, 33, 224, 160
-0.968131, 1, 89, 64, 152
-0.969056, 45, 65, 76, 192
-0.969153, 33, 105, 96, 168
-0.969187, 41, 177, 104, 304
-0.969385, 233, 129, 296, 192
-0.96968, 33, 241, 96, 368
-0.970164, 33, 313, 96, 375
-0.970565, 241, 273, 304, 336
-0.97083, 241, 177, 368, 304
-0.970879, 105, 145, 168, 208
-0.970934, 217, 113, 280, 240
-0.970985, 1, 121, 64, 184
-0.971039, 337, 289, 400, 352
-0.97114, 225, 113, 352, 240
-0.971215, 1, 49, 32, 176
-0.971452, 41, 153, 104, 216
-0.971471, 249, 33, 312, 160
-0.971866, 1, 1, 64, 256
-0.972318, 57, 65, 120, 128
-0.972354, 33, 153, 160, 216
-0.972535, 105, 1, 168, 256
-0.97276, 65, 97, 192, 224
-0.973265, 233, 177, 296, 304
-0.973352, 249, 177, 312, 240
-0.973412, 265, 249, 328, 312
-0.973473, 193, 1, 256, 128
-0.97349, 281, 305, 344, 368
-0.97353, 1, 161, 64, 224
-0.973834, 81, 81, 144, 208
-0.973907, 241, 153, 304, 216
-0.973946, 193, 41, 256, 104
-0.973963, 265, 129, 328, 256
-0.974073, 225, 17, 288, 144
-0.974156, 49, 225, 112, 288
-0.974419, 153, 129, 216, 192
-0.974438, 9, 241, 72, 368
-0.974613, 41, 177, 104, 240
-0.974947, 169, 241, 232, 368
-0.975031, 201, 1, 264, 256
-0.975129, 1, 97, 64, 352
-0.975175, 297, 273, 360, 336
-0.975244, 241, 33, 368, 160
-0.975258, 17, 49, 48, 176
-0.975453, 57, 297, 120, 360
-0.975497, 81, 241, 208, 368
-0.975738, 9, 193, 72, 320
-0.975806, 57, 65, 88, 192
-0.975857, 241, 1, 304, 256
-0.976086, 41, 201, 104, 264
-0.976192, 73, 145, 136, 208
-0.976209, 257, 201, 320, 264
-0.976262, 169, 169, 232, 232
-0.976301, 161, 113, 288, 176
-0.976419, 49, 89, 80, 152
-0.976657, 273, 289, 400, 352
-0.976846, 1, 41, 64, 104
-0.97696, 305, 33, 432, 160
-0.977056, 25, 65, 88, 320
-0.977093, 65, 177, 192, 240
-0.977153, 289, 177, 352, 304
-0.97719, 65, 177, 128, 304
-0.977382, 241, 97, 304, 352
-0.977382, 177, 121, 240, 184
-0.97741, 137, 225, 200, 352
-0.977413, 161, 1, 224, 256
-0.977454, 57, 225, 120, 352
-0.977612, 17, 209, 80, 272
-0.977656, 17, 65, 48, 128
-0.977796, 113, 129, 240, 192
-0.977797, 129, 17, 192, 144
-0.977876, 61, 241, 92, 368
-0.977935, 137, 97, 200, 352
-0.978157, 169, 97, 232, 352
-0.978211, 165, 113, 196, 240
-0.978255, 145, 129, 176, 256
-0.978322, 49, 265, 112, 328
-0.978322, 177, 281, 240, 344
-0.978537, 61, 313, 92, 375
-0.978563, 209, 265, 336, 328
-0.978652, 129, 1, 192, 256
-0.978718, 57, 89, 120, 152
-0.978735, 305, 305, 368, 368
-0.978961, 233, 49, 264, 176
-0.979128, 225, 185, 288, 248
-0.979134, 161, 185, 288, 248
-0.979188, 253, 113, 284, 240
-0.979221, 273, 33, 336, 160
-0.979396, 65, 169, 128, 232
-0.979417, 45, 113, 76, 240
-0.979484, 17, 105, 144, 168
-0.979582, 65, 201, 128, 264
-0.979688, 177, 89, 304, 152
-0.979692, 177, 113, 208, 240
-0.979713, 105, 177, 168, 240
-0.979799, 277, 129, 308, 256
-0.979804, 217, 161, 280, 224
-0.979823, 37, 65, 68, 128
-0.979843, 37, 89, 68, 152
-0.979883, 273, 1, 336, 256
-0.979889, 225, 73, 288, 136
-0.979975, 105, 81, 168, 208
-0.979992, 37, 17, 68, 144
-0.980057, 1, 65, 128, 128
-0.98016, 129, 129, 160, 256
-0.98021, 273, 177, 304, 304
-0.980217, 105, 41, 168, 104
-0.980381, 233, 105, 296, 168
-0.980424, 81, 33, 144, 160
-0.980553, 193, 161, 256, 224
-0.980613, 65, 121, 128, 184
-0.980686, 285, 241, 316, 368
-0.980711, 217, 97, 280, 352
-0.980804, 25, 241, 88, 304
-0.980819, 233, 41, 296, 104
-0.98084, 257, 265, 384, 328
-0.980852, 157, 161, 188, 288
-0.980863, 17, 129, 144, 192
-0.98088, 209, 161, 272, 288
-0.980893, 241, 249, 304, 312
-0.980994, 57, 41, 120, 104
-0.981075, 161, 217, 288, 280
-0.981081, 273, 313, 400, 375
-0.981309, 265, 129, 328, 375
-0.981335, 337, 241, 400, 368
-0.981408, 433, 193, 496, 320
-0.981442, 129, 81, 192, 208
-0.981485, 169, 193, 232, 256
-0.981697, 105, 177, 168, 304
-0.9817, 177, 97, 240, 160
-0.981714, 13, 1, 44, 128
-0.981909, 265, 113, 296, 240
-0.981959, 65, 129, 128, 375
-0.981959, 65, 313, 192, 375
-0.98201, 45, 137, 76, 200
-0.982124, 361, 33, 424, 160
-0.982129, 17, 313, 144, 375
-0.982143, 1, 65, 32, 128
-0.982176, 233, 225, 296, 288
-0.982231, 225, 225, 288, 352
-0.982246, 65, 129, 96, 256
-0.982248, 337, 313, 400, 375
-0.982273, 169, 41, 232, 104
-0.982446, 177, 241, 304, 304
-0.982501, 49, 209, 80, 272
-0.982581, 17, 177, 144, 240
-0.982716, 129, 1, 192, 375
-0.982762, 17, 17, 80, 80
-0.982806, 81, 1, 144, 256
-0.982833, 209, 33, 240, 160
-0.982987, 61, 73, 92, 136
-0.982993, 229, 73, 260, 136
-0.983027, 157, 177, 188, 240
-0.983117, 25, 265, 88, 328
-0.983183, 285, 257, 316, 320
-0.983186, 65, 289, 96, 352
-0.98326, 369, 1, 432, 256
-0.983345, 273, 193, 304, 256
-0.983363, 33, 113, 64, 240
-0.98339, 49, 33, 112, 288
-0.983404, 125, 145, 156, 208
-0.983404, 141, 137, 172, 200
-0.983416, 193, 161, 320, 224
-0.983467, 265, 225, 296, 352
-0.983476, 161, 281, 288, 344
-0.983516, 197, 97, 228, 160
-0.983542, 137, 265, 200, 328
-0.983552, 209, 105, 272, 168
-0.983563, 69, 153, 100, 216
-0.983573, 33, 113, 64, 176
-0.983687, 9, 289, 72, 352
-0.98376, 273, 169, 336, 232
-0.983844, 241, 1, 304, 375
-0.983845, 1, 89, 32, 152
-0.983866, 49, 177, 80, 304
-0.983879, 49, 65, 80, 128
-0.983965, 169, 313, 232, 375
-0.983978, 49, 313, 80, 375
-0.983994, 129, 313, 192, 375
-0.983999, 49, 185, 80, 248
-0.984032, 189, 113, 220, 240
-0.984047, 249, 297, 312, 360
-0.984064, 265, 129, 296, 192
-0.984124, 105, 1, 168, 375
-0.98414, 193, 1, 256, 375
-0.984151, 1, 185, 64, 248
-0.984209, 369, 1, 432, 64
-0.984223, 73, 313, 104, 375
-0.98428, 409, 193, 472, 320
-0.984307, 185, 121, 216, 184
-0.984393, 25, 1, 88, 375
-0.984507, 81, 153, 208, 216
-0.984598, 53, 241, 84, 304
-0.984633, 221, 33, 252, 160
-0.984634, 33, 289, 96, 352
-0.98465, 169, 1, 232, 375
-0.984668, 1, 1, 64, 375
-0.984671, 17, 73, 80, 104
-0.984738, 361, 305, 424, 368
-0.984796, 113, 41, 240, 104
-0.984809, 317, 281, 348, 344
-0.984815, 57, 121, 88, 184
-0.984862, 305, 273, 336, 336
-0.984948, 349, 281, 380, 344
-0.984957, 225, 41, 256, 104
-0.985021, 89, 241, 152, 368
-0.985091, 281, 1, 344, 375
-0.985105, 65, 217, 96, 280
-0.985195, 33, 65, 64, 192
-0.985232, 313, 241, 376, 368
-0.985242, 45, 113, 76, 176
-0.985243, 41, 41, 72, 104
-0.985289, 273, 97, 400, 224
-0.985323, 73, 129, 104, 192
-0.985346, 201, 273, 264, 336
-0.985358, 193, 137, 320, 200
-0.985361, 89, 121, 152, 184
-0.98547, 53, 265, 84, 328
-0.985488, 217, 1, 280, 375
-0.985508, 169, 257, 232, 320
-0.985525, 201, 137, 264, 200
-0.985578, 113, 153, 144, 216
-0.985614, 297, 1, 360, 64
-0.98562, 29, 41, 60, 104
-0.985628, 181, 33, 212, 160
-0.985655, 81, 289, 144, 352
-0.985707, 53, 289, 84, 352
-0.985713, 277, 169, 308, 232
-0.985716, 193, 97, 256, 352
-0.985752, 321, 1, 384, 64
-0.985785, 65, 289, 192, 352
-0.9858, 49, 1, 112, 375
-0.985845, 57, 145, 88, 208
-0.985874, 1, 217, 128, 280
-0.985887, 265, 233, 296, 296
-0.985911, 433, 209, 496, 272
-0.985936, 265, 17, 328, 80
-0.98595, 361, 25, 424, 88
-0.985954, 253, 113, 284, 176
-0.98601, 257, 225, 320, 288
-0.986013, 313, 1, 376, 256
-0.986046, 81, 201, 208, 264
-0.986058, 113, 129, 176, 375
-0.986059, 385, 297, 448, 360
-0.986081, 225, 289, 352, 352
-0.986174, 9, 313, 72, 375
-0.986199, 353, 241, 480, 368
-0.986217, 1, 1, 32, 128
-0.986233, 345, 1, 408, 64
-0.986234, 253, 169, 284, 232
-0.986235, 169, 233, 232, 296
-0.986278, 225, 17, 288, 80
-0.986279, 321, 33, 384, 160
-0.986322, 17, 41, 48, 104
-0.986334, 145, 41, 208, 104
-0.986353, 137, 209, 200, 272
-0.986368, 181, 193, 212, 256
-0.986389, 9, 85, 72, 116
-0.986407, 85, 305, 116, 368
-0.986412, 1, 97, 32, 224
-0.986481, 1, 249, 64, 312
-0.986537, 129, 289, 192, 352
-0.986583, 237, 97, 268, 160
-0.986615, 269, 257, 300, 320
-0.986632, 337, 297, 368, 360
-0.986725, 81, 313, 144, 375
-0.986733, 369, 289, 400, 352
-0.986738, 25, 1, 56, 128
-0.986762, 5, 41, 36, 104
-0.986766, 325, 313, 356, 375
-0.986775, 181, 169, 212, 232
-0.986787, 209, 89, 240, 152
-0.986818, 157, 129, 188, 192
-0.986832, 297, 17, 360, 144
-0.986835, 197, 65, 228, 192
-0.986863, 201, 225, 264, 352
-0.986867, 61, 177, 92, 240
-0.986894, 241, 73, 272, 136
-0.986917, 17, 41, 144, 104
-0.986922, 45, 161, 76, 224
-0.986979, 289, 113, 352, 240
-0.987035, 257, 33, 288, 160
-0.987051, 169, 129, 200, 192
-0.987051, 65, 17, 96, 144
-0.987056, 137, 241, 200, 304
-0.987057, 25, 89, 56, 152
-0.987067, 181, 273, 212, 336
-0.987127, 205, 41, 236, 104
-0.987148, 153, 73, 216, 136
-0.987179, 81, 1, 144, 375
-0.987273, 185, 97, 216, 160
-0.987407, 253, 41, 284, 104
-0.987426, 49, 225, 80, 352
-0.98743, 137, 177, 168, 240
-0.98746, 409, 81, 472, 208
-0.987484, 241, 33, 272, 96
-0.987492, 337, 1, 400, 256
-0.987498, 281, 225, 344, 288
-0.9875, 193, 17, 256, 80
-0.987548, 393, 241, 456, 368
-0.987622, 1, 241, 128, 304
-0.987764, 241, 241, 368, 304
-0.98777, 293, 233, 324, 296
-0.987794, 41, 289, 72, 352
-0.987797, 65, 265, 96, 328
-0.987799, 113, 281, 240, 344
-0.987815, 109, 41, 140, 104
-0.987827, 233, 153, 264, 216
-0.987831, 241, 193, 368, 256
-0.987851, 169, 185, 200, 248
-0.987882, 105, 305, 168, 368
-0.987891, 37, 201, 68, 264
-0.987914, 125, 169, 156, 232
-0.987914, 313, 305, 344, 368
-0.987946, 65, 241, 96, 304
-0.987953, 261, 193, 292, 256
-0.987957, 409, 1, 472, 64
-0.987975, 145, 161, 272, 224
-0.987978, 185, 161, 216, 288
-0.987989, 61, 49, 92, 112
-0.988052, 257, 273, 288, 336
-0.988093, 93, 145, 124, 208
-0.988152, 117, 129, 148, 256
-0.98816, 289, 281, 320, 344
-0.988174, 257, 41, 320, 104
-0.988221, 197, 121, 228, 184
-0.988247, 49, 65, 176, 128
-0.988261, 277, 145, 308, 208
-0.988299, 33, 133, 96, 164
-0.988389, 57, 17, 120, 80
-0.988418, 257, 129, 320, 192
-0.988444, 457, 97, 488, 160
-0.988476, 389, 297, 420, 360
-0.988531, 289, 25, 352, 88
-0.988533, 365, 313, 396, 375
-0.988549, 81, 169, 112, 232
-0.98858, 269, 281, 300, 344
-0.988603, 197, 161, 228, 224
-0.988636, 349, 305, 380, 368
-0.988662, 169, 17, 232, 80
-0.988674, 65, 129, 192, 192
-0.98868, 321, 297, 448, 360
-0.9887, 245, 273, 276, 336
-0.988708, 213, 65, 244, 128
-0.988715, 153, 105, 216, 168
-0.988722, 233, 129, 264, 192
-0.988789, 77, 217, 108, 280
-0.988789, 409, 1, 472, 128
-0.988795, 29, 169, 60, 232
-0.988798, 245, 33, 276, 160
-0.988805, 273, 33, 304, 96
-0.988828, 377, 313, 408, 375
-0.988847, 225, 41, 352, 104
-0.988852, 33, 313, 64, 375
-0.988901, 369, 1, 432, 375
-0.988934, 37, 177, 68, 304
-0.988954, 277, 217, 308, 280
-0.988984, 89, 97, 152, 352
-0.988997, 21, 113, 52, 176
-0.989031, 273, 273, 336, 304
-0.989053, 281, 289, 344, 320
-0.989059, 217, 161, 248, 224
-0.989073, 253, 89, 284, 152
-0.989076, 9, 57, 72, 88
-0.989125, 333, 1, 364, 64
-0.989145, 293, 313, 324, 375
-0.989179, 33, 325, 96, 356
-0.989183, 321, 1, 352, 64
-0.989185, 33, 89, 96, 120
-0.9892, 181, 225, 212, 288
-0.989217, 73, 225, 136, 288
-0.989222, 389, 1, 420, 64
-0.989334, 53, 17, 84, 144
-0.989348, 193, 41, 224, 104
-0.989392, 41, 165, 104, 196
-0.989399, 41, 17, 72, 80
-0.989405, 237, 97, 268, 224
-0.989473, 321, 265, 384, 328
-0.989492, 177, 41, 208, 104
-0.98952, 233, 289, 264, 352
-0.989524, 321, 25, 384, 88
-0.989526, 253, 17, 284, 80
-0.989535, 253, 217, 284, 280
-0.989591, 113, 241, 176, 368
-0.989642, 25, 137, 56, 200
-0.98965, 217, 81, 248, 208
-0.989661, 373, 1, 404, 64
-0.989663, 393, 1, 456, 256
-0.989687, 321, 1, 384, 375
-0.989699, 301, 1, 332, 64
-0.989738, 113, 177, 144, 240
-0.989769, 93, 169, 124, 232
-0.989779, 353, 1, 384, 64
-0.989783, 161, 217, 192, 280
-0.989795, 329, 273, 360, 336
-0.989807, 29, 17, 60, 80
-0.989855, 113, 33, 144, 160
-0.989864, 305, 33, 432, 96
-0.989935, 289, 169, 320, 232
-0.989947, 305, 241, 432, 368
-0.989962, 225, 97, 256, 160
-0.989983, 361, 273, 424, 336
-0.989996, 1, 121, 32, 184
-0.989998, 41, 241, 72, 304
-0.990002, 281, 129, 344, 192
-0.99001, 33, 105, 96, 136
-0.990045, 13, 89, 44, 152
-0.990065, 397, 33, 428, 96
-0.990068, 153, 129, 216, 160
-0.990077, 169, 177, 200, 304
-0.990107, 353, 33, 480, 160
-0.990153, 345, 1, 408, 375
-0.990187, 41, 145, 104, 176
-0.990217, 97, 129, 352, 192
-0.990222, 225, 313, 352, 375
-0.990224, 233, 129, 296, 160
-0.990323, 49, 225, 176, 288
-0.990332, 233, 1, 264, 128
-0.990379, 409, 97, 472, 160
-0.990379, 273, 105, 336, 168
-0.99038, 337, 309, 400, 340
-0.990385, 69, 81, 100, 208
-0.990386, 97, 65, 224, 128
-0.990411, 289, 1, 416, 64
-0.990434, 337, 289, 400, 320
-0.990493, 97, 249, 224, 312
-0.990499, 105, 89, 168, 152
-0.990526, 145, 17, 208, 80
-0.990539, 1, 129, 64, 160
-0.990557, 197, 17, 228, 144
-0.990664, 161, 33, 288, 96
-0.99083, 369, 297, 496, 360
-0.990847, 65, 41, 192, 104
-0.990849, 49, 177, 112, 208
-0.990866, 177, 65, 304, 128
-0.990909, 137, 185, 200, 216
-0.99091, 1, 17, 128, 80
-0.990913, 129, 273, 384, 336
-0.990953, 17, 265, 144, 328
-0.990954, 121, 17, 184, 80
-0.990958, 249, 277, 312, 308
-0.991043, 177, 65, 240, 128
-0.991057, 261, 177, 292, 304
-0.99111, 409, 73, 472, 136
-0.991127, 289, 201, 352, 264
-0.991154, 201, 113, 232, 240
-0.991177, 97, 225, 224, 288
-0.991209, 257, 189, 320, 220
-0.991211, 417, 1, 480, 256
-0.991218, 249, 173, 312, 204
-0.991222, 369, 177, 496, 304
-0.991226, 241, 169, 368, 232
-0.991228, 33, 225, 96, 256
-0.991244, 209, 97, 272, 128
-0.991273, 305, 293, 368, 324
-0.991345, 57, 89, 120, 120
-0.99136, 57, 77, 120, 108
-0.991395, 165, 33, 196, 160
-0.991401, 285, 193, 316, 320
-0.991432, 377, 145, 440, 272
-0.991492, 209, 81, 272, 112
-0.991509, 113, 305, 240, 368
-0.991536, 61, 177, 92, 304
-0.991575, 257, 137, 384, 200
-0.9916, 97, 161, 352, 224
-0.991618, 201, 193, 264, 256
-0.991726, 297, 277, 360, 308
-0.991749, 49, 309, 112, 340
-0.991788, 1, 173, 64, 204
-0.991811, 1, 289, 128, 352
-0.991905, 249, 81, 312, 144
-0.991926, 321, 193, 448, 320
-0.991929, 369, 241, 432, 368
-0.991956, 41, 209, 104, 240
-0.991957, 369, 1, 496, 64
-0.991957, 57, 321, 120, 352
-0.991971, 57, 65, 120, 96
-0.991973, 1, 73, 256, 136
-0.991981, 97, 185, 352, 248
-0.991993, 1, 141, 64, 172
-0.992044, 225, 73, 352, 136
-0.99206, 89, 201, 152, 264
-0.99208, 417, 145, 480, 272
-0.992081, 281, 313, 344, 344
-0.992121, 129, 141, 192, 172
-0.992148, 257, 205, 320, 236
-0.992158, 153, 33, 184, 160
-0.992176, 305, 241, 336, 368
-0.992178, 41, 197, 104, 228
-0.992192, 193, 113, 256, 144
-0.992194, 1, 137, 500, 200
-0.992203, 105, 177, 168, 208
-0.992212, 409, 25, 472, 88
-0.992247, 81, 157, 144, 188
-0.992247, 289, 129, 352, 375
-0.992255, 1, 153, 64, 184
-0.992275, 233, 189, 296, 220
-0.992306, 305, 321, 368, 352
-0.992395, 113, 97, 240, 160
-0.992405, 21, 77, 52, 108
-0.992409, 81, 161, 112, 288
-0.992433, 181, 241, 212, 368
-0.992444, 241, 217, 368, 280
-0.992451, 37, 89, 68, 120
-0.992475, 141, 81, 172, 208
-0.99248, 153, 289, 216, 352
-0.99248, 169, 173, 232, 204
-0.992488, 55, 81, 70, 144
-0.992493, 33, 117, 96, 148
-0.992497, 41, 133, 72, 164
-0.9925, 1, 49, 256, 112
-0.992522, 141, 33, 172, 160
-0.992537, 53, 85, 84, 116
-0.992541, 65, 321, 96, 352
-0.992557, 201, 297, 264, 360
-0.992573, 45, 109, 76, 140
-0.992585, 225, 1, 352, 64
-0.992619, 65, 213, 128, 244
-0.992632, 241, 161, 304, 192
-0.992645, 417, 241, 480, 368
-0.992663, 433, 1, 496, 64
-0.992699, 281, 301, 344, 332
-0.992767, 385, 273, 448, 336
-0.992788, 37, 73, 68, 104
-0.99282, 193, 249, 256, 312
-0.992854, 417, 233, 480, 296
-0.992856, 257, 261, 320, 292
-0.992875, 265, 81, 328, 208
-0.992876, 113, 17, 240, 80
-0.992905, 1, 117, 64, 148
-0.992907, 81, 49, 144, 112
-0.992952, 49, 97, 80, 128
-0.992986, 305, 277, 336, 308
-0.993031, 5, 65, 36, 96
-0.993036, 65, 165, 96, 196
-0.993067, 1, 185, 64, 216
-0.993077, 37, 225, 68, 352
-0.993081, 37, 61, 68, 92
-0.993089, 53, 321, 84, 352
-0.993118, 177, 125, 240, 156
-0.993123, 65, 309, 96, 340
-0.993128, 65, 133, 128, 164
-0.993144, 33, 61, 96, 92
-0.993153, 45, 145, 76, 176
-0.993172, 241, 149, 304, 180
-0.993182, 41, 237, 104, 268
-0.993185, 185, 125, 216, 156
-0.993201, 217, 249, 280, 312
-0.993203, 1, 145, 256, 208
-0.993218, 33, 337, 96, 368
-0.993239, 305, 305, 368, 336
-0.993243, 9, 337, 72, 368
-0.993256, 401, 1, 464, 375
-0.993281, 145, 177, 176, 304
-0.993291, 33, 117, 64, 148
-0.993304, 49, 201, 80, 232
-0.993305, 17, 213, 80, 244
-0.993324, 249, 125, 280, 156
-0.993337, 233, 77, 264, 108
-0.993352, 9, 229, 72, 260
-0.993383, 281, 269, 312, 300
-0.993389, 353, 273, 480, 336
-0.993392, 277, 193, 308, 224
-0.993392, 65, 89, 96, 120
-0.9934, 337, 301, 368, 332
-0.993403, 73, 345, 136, 375
-0.993406, 53, 73, 84, 104
-0.993427, 45, 221, 76, 252
-0.993446, 49, 57, 80, 88
-0.993455, 129, 241, 384, 304
-0.993457, 73, 209, 104, 336
-0.993461, 257, 217, 320, 248
-0.993472, 5, 209, 36, 336
-0.993476, 261, 129, 292, 160
-0.993479, 325, 285, 356, 316
-0.993483, 205, 93, 236, 124
-0.993494, 53, 157, 84, 188
-0.993503, 157, 185, 188, 216
-0.993514, 305, 293, 336, 324
-0.993527, 253, 181, 284, 212
-0.99355, 21, 57, 52, 88
-0.99356, 149, 137, 180, 168
-0.993569, 49, 237, 80, 268
-0.993578, 77, 169, 108, 200
-0.993596, 81, 321, 112, 352
-0.9936, 237, 105, 268, 136
-0.993632, 9, 45, 72, 76
-0.993633, 57, 225, 120, 256
-0.993633, 9, 53, 40, 84
-0.993643, 105, 41, 168, 72
-0.993652, 121, 177, 152, 208
-0.993652, 377, 129, 440, 375
-0.993654, 133, 145, 164, 176
-0.993654, 57, 101, 120, 132
-0.993676, 49, 261, 112, 292
-0.993679, 345, 289, 376, 320
-0.993679, 369, 97, 432, 224
-0.993714, 325, 301, 356, 332
-0.993722, 273, 229, 304, 260
-0.993733, 337, 321, 400, 352
-0.99375, 1, 101, 64, 132
-0.99375, 121, 153, 152, 184
-0.993751, 65, 217, 96, 248
-0.993753, 57, 53, 120, 84
-0.993768, 5, 89, 36, 120
-0.993787, 317, 313, 348, 344
-0.993807, 29, 129, 60, 160
-0.993818, 365, 305, 396, 336
-0.993836, 1, 97, 256, 160
-0.993844, 41, 157, 72, 188
-0.993845, 65, 333, 96, 364
-0.993867, 49, 277, 112, 308
-0.993867, 285, 313, 316, 344
-0.993877, 277, 181, 308, 212
-0.993899, 297, 313, 328, 344
-0.993906, 205, 109, 236, 140
-0.993906, 233, 289, 296, 320
-0.99391, 253, 113, 284, 144
-0.993917, 49, 189, 80, 220
-0.993919, 41, 177, 72, 208
-0.993921, 177, 177, 208, 208
-0.993939, 49, 121, 80, 152
-0.993945, 225, 273, 480, 336
-0.993947, 285, 281, 316, 312
-0.993953, 1, 41, 500, 104
-0.993953, 377, 305, 440, 336
-0.993964, 25, 97, 56, 128
-0.993964, 57, 261, 88, 292
-0.993971, 265, 269, 296, 300
-0.993981, 57, 281, 88, 312
-0.993987, 381, 305, 412, 336
-0.993996, 161, 133, 192, 164
-0.993999, 169, 285, 232, 316
-0.99401, 65, 153, 96, 184
-0.99401, 45, 97, 60, 160
-0.994013, 109, 45, 140, 76
-0.994015, 41, 321, 72, 352
-0.994016, 293, 269, 324, 300
-0.99402, 65, 129, 96, 160
-0.994036, 105, 149, 168, 180
-0.994036, 73, 145, 136, 176
-0.99404, 273, 169, 304, 200
-0.994046, 1, 313, 256, 375
-0.994052, 49, 249, 80, 280
-0.994056, 61, 73, 76, 136
-0.994058, 85, 337, 116, 368
-0.994058, 281, 325, 344, 356
-0.99406, 273, 217, 304, 248
-0.994066, 305, 265, 432, 328
-0.994072, 61, 297, 92, 328
-0.994072, 177, 1, 304, 64
-0.994085, 201, 57, 264, 88
-0.994086, 173, 129, 204, 160
-0.994089, 233, 185, 264, 216
-0.994095, 289, 325, 320, 356
-0.994099, 193, 93, 224, 124
-0.9941, 209, 161, 272, 192
-0.994103, 29, 233, 60, 264
-0.994104, 273, 245, 304, 276
-0.994105, 25, 329, 56, 360
-0.994107, 169, 209, 232, 240
-0.994113, 385, 193, 448, 320
-0.994115, 261, 281, 292, 312
-0.994126, 237, 161, 268, 192
-0.994133, 193, 69, 256, 100
-0.994137, 433, 129, 496, 375
-0.994141, 281, 33, 312, 160
-0.994146, 181, 281, 212, 312
-0.994157, 241, 285, 272, 316
-0.994168, 261, 197, 292, 228
-0.994169, 249, 237, 312, 268
-0.994175, 141, 185, 172, 216
-0.994176, 65, 73, 96, 104
-0.994177, 177, 193, 240, 224
-0.994181, 357, 293, 388, 324
-0.994194, 269, 33, 300, 160
-0.994197, 329, 317, 360, 348
-0.994204, 137, 345, 200, 375
-0.994214, 177, 193, 208, 224
-0.99422, 57, 177, 88, 208
-0.994223, 93, 177, 124, 208
-0.994225, 21, 117, 52, 148
-0.994228, 65, 205, 96, 236
-0.994232, 461, 97, 492, 128
-0.994236, 265, 141, 296, 172
-0.994244, 269, 153, 300, 184
-0.994247, 237, 89, 268, 120
-0.994251, 85, 309, 116, 340
-0.994252, 73, 141, 104, 172
-0.994257, 25, 249, 88, 280
-0.994258, 409, 129, 472, 375
-0.99426, 33, 209, 64, 240
-0.994268, 349, 309, 380, 340
-0.99427, 9, 321, 72, 352
-0.994289, 65, 61, 96, 92
-0.994289, 297, 177, 328, 304
-0.994294, 221, 333, 252, 364
-0.994333, 209, 189, 272, 220
-0.994334, 125, 17, 156, 144
-0.994336, 49, 309, 80, 340
-0.994339, 269, 257, 300, 288
-0.994339, 305, 265, 336, 296
-0.99434, 381, 321, 412, 352
-0.994341, 369, 317, 400, 348
-0.994347, 109, 157, 140, 188
-0.99435, 1, 209, 256, 272
-0.99435, 129, 217, 384, 280
-0.994351, 225, 93, 256, 124
-0.994351, 221, 189, 252, 220
-0.994353, 73, 169, 136, 200
-0.994354, 225, 41, 256, 72
-0.994356, 33, 49, 64, 80
-0.994361, 293, 181, 324, 212
-0.994369, 177, 209, 208, 240
-0.994372, 249, 161, 280, 288
-0.99439, 73, 305, 136, 336
-0.994395, 285, 297, 316, 328
-0.994412, 189, 169, 220, 200
-0.994412, 61, 237, 92, 268
-0.994414, 1, 197, 64, 228
-0.994419, 317, 325, 348, 356
-0.994424, 273, 309, 304, 340
-0.994428, 217, 41, 280, 72
-0.994439, 281, 257, 312, 288
-0.994443, 261, 233, 292, 264
-0.994473, 241, 309, 304, 340
-0.994511, 281, 181, 344, 212
-0.994523, 65, 105, 192, 168
-0.994528, 1, 329, 128, 360
-0.994546, 377, 325, 440, 356
-0.994554, 129, 169, 192, 200
-0.994558, 1, 177, 256, 240
-0.994561, 57, 49, 72, 112
-0.994574, 233, 117, 296, 148
-0.994585, 23, 65, 38, 128
-0.99459, 161, 313, 288, 375
-0.994598, 137, 317, 200, 348
-0.994607, 65, 121, 128, 152
-0.994619, 425, 1, 488, 375
-0.994623, 89, 133, 152, 164
-0.994628, 257, 105, 384, 168
-0.994633, 25, 181, 88, 212
-0.994636, 9, 65, 24, 128
-0.994644, 209, 113, 336, 176
-0.994662, 75, 313, 90, 375
-0.994668, 33, 289, 96, 320
-0.994697, 257, 169, 500, 232
-0.994725, 177, 41, 240, 72
-0.994737, 161, 125, 288, 156
-0.994747, 1, 249, 256, 312
-0.994831, 321, 129, 448, 256
-0.994835, 217, 177, 280, 208
-0.994878, 225, 281, 352, 312
-0.994911, 93, 129, 124, 256
-0.994911, 317, 241, 348, 368
-0.994919, 109, 81, 140, 208
-0.994935, 137, 277, 200, 308
-0.994945, 185, 93, 248, 124
-0.994954, 1, 185, 500, 248
-0.994964, 97, 297, 352, 360
-0.994965, 169, 221, 232, 252
-0.994978, 73, 333, 136, 364
-0.995022, 17, 65, 32, 128
-0.995024, 65, 181, 192, 212
-0.995037, 273, 141, 336, 172
-0.995038, 137, 221, 200, 252
-0.995076, 361, 41, 424, 72
-0.995085, 433, 213, 496, 244
-0.995087, 33, 169, 160, 200
-0.99509, 161, 189, 288, 220
-0.995106, 1, 81, 128, 112
-0.995112, 33, 49, 96, 80
-0.995122, 45, 65, 60, 128
-0.995129, 237, 145, 268, 272
-0.995151, 273, 249, 336, 280
-0.995154, 63, 313, 78, 375
-0.995174, 9, 309, 72, 340
-0.995184, 193, 165, 320, 196
-0.995189, 65, 189, 128, 220
-0.995214, 225, 305, 480, 368
-0.995227, 249, 105, 312, 136
-0.995238, 33, 149, 160, 180
-0.995251, 273, 41, 336, 72
-0.995268, 273, 297, 400, 328
-0.995272, 169, 317, 232, 348
-0.995278, 241, 345, 304, 375
-0.995299, 241, 85, 304, 116
-0.995313, 21, 113, 52, 240
-0.995335, 29, 65, 44, 128
-0.995336, 9, 269, 72, 300
-0.995351, 153, 41, 216, 72
-0.995365, 275, 193, 290, 256
-0.995372, 45, 121, 60, 184
-0.995384, 233, 253, 296, 284
-0.9954, 57, 41, 120, 72
-0.995405, 225, 249, 480, 312
-0.995406, 281, 161, 344, 192
-0.995412, 1, 89, 16, 152
-0.995422, 161, 273, 224, 304
-0.995429, 209, 289, 272, 320
-0.995454, 169, 237, 232, 268
-0.995476, 49, 17, 176, 80
-0.99548, 321, 81, 448, 208
-0.995511, 1, 65, 16, 128
-0.995568, 177, 253, 304, 284
-0.995568, 89, 1, 120, 128
-0.995574, 17, 137, 144, 168
-0.995585, 51, 57, 66, 120
-0.995595, 39, 89, 54, 152
-0.995622, 51, 201, 66, 264
-0.995625, 177, 289, 304, 320
-0.995634, 49, 317, 176, 348
-0.995718, 1, 65, 500, 128
-0.995742, 69, 297, 84, 360
-0.995744, 161, 201, 288, 232
-0.995775, 273, 309, 400, 340
-0.995788, 385, 33, 448, 160
-0.995789, 445, 193, 476, 320
-0.995836, 57, 137, 72, 200
-0.995839, 225, 33, 480, 96
-0.995857, 69, 241, 84, 304
-0.995862, 1, 145, 32, 272
-0.995865, 17, 97, 144, 128
-0.995873, 225, 145, 480, 208
-0.995878, 97, 41, 352, 104
-0.995881, 177, 113, 304, 144
-0.995918, 139, 145, 154, 208
-0.995927, 225, 121, 480, 184
-0.995933, 1, 289, 256, 352
-0.995935, 171, 177, 186, 240
-0.995947, 161, 237, 288, 268
-0.995954, 131, 145, 146, 208
-0.996007, 273, 321, 400, 352
-0.996011, 67, 153, 82, 216
-0.996046, 1, 341, 128, 372
-0.996055, 161, 217, 288, 248
-0.996055, 1, 121, 256, 184
-0.996072, 19, 41, 34, 104
-0.996086, 61, 97, 76, 160
-0.996095, 67, 73, 82, 136
-0.996155, 193, 93, 320, 124
-0.996169, 81, 313, 96, 375
-0.996177, 61, 265, 76, 328
-0.996186, 55, 313, 70, 375
-0.996191, 65, 345, 192, 375
-0.996192, 51, 105, 66, 168
-0.996192, 133, 177, 164, 304
-0.99622, 289, 161, 304, 224
-0.996236, 397, 33, 428, 160
-0.996251, 63, 217, 78, 280
-0.996266, 145, 137, 160, 200
-0.996301, 77, 289, 92, 352
-0.996318, 177, 265, 304, 296
-0.996344, 161, 225, 192, 352
-0.996344, 1, 289, 500, 352
-0.996364, 257, 193, 500, 256
-0.996368, 205, 97, 220, 160
-0.996368, 1, 97, 500, 160
-0.996371, 1, 57, 128, 88
-0.996372, 433, 81, 496, 208
-0.996389, 49, 305, 176, 336
-0.996393, 37, 113, 52, 176
-0.996443, 257, 225, 500, 288
-0.996452, 249, 81, 264, 144
-0.996461, 17, 69, 144, 100
-0.996476, 1, 313, 500, 375
-0.996476, 1, 205, 128, 236
-0.99648, 235, 41, 250, 104
-0.996505, 71, 121, 86, 184
-0.996505, 277, 241, 292, 304
-0.996513, 61, 289, 76, 352
-0.99654, 57, 225, 72, 288
-0.996542, 197, 121, 212, 184
-0.99656, 273, 285, 400, 316
-0.99658, 129, 137, 256, 168
-0.996597, 97, 41, 224, 72
-0.9966, 69, 265, 84, 328
-0.996641, 277, 129, 292, 192
-0.996648, 17, 181, 144, 212
-0.99665, 87, 313, 102, 375
-0.996661, 285, 257, 300, 320
-0.996667, 339, 297, 354, 360
-0.996673, 241, 269, 368, 300
-0.996692, 253, 1, 284, 256
-0.996704, 97, 97, 352, 160
-0.996739, 209, 177, 336, 208
-0.996742, 273, 129, 304, 375
-0.996742, 33, 125, 160, 156
-0.996751, 233, 73, 248, 136
-0.996761, 311, 265, 326, 328
-0.996773, 289, 241, 416, 304
-0.996789, 243, 73, 258, 136
-0.996794, 283, 137, 298, 200
-0.996838, 81, 209, 208, 240
-0.996841, 317, 289, 332, 352
-0.996842, 161, 177, 288, 208
-0.996853, 25, 41, 40, 104
-0.996861, 193, 137, 320, 168
-0.996862, 1, 317, 128, 348
-0.996863, 71, 201, 86, 264
-0.996866, 39, 65, 54, 128
-0.996868, 177, 277, 304, 308
-0.996887, 77, 129, 92, 192
-0.996903, 183, 177, 198, 240
-0.996906, 1, 161, 500, 224
-0.996906, 1, 217, 128, 248
-0.996908, 113, 1, 144, 256
-0.996918, 225, 41, 240, 104
-0.996925, 139, 177, 154, 240
-0.996933, 57, 201, 72, 264
-0.996944, 313, 193, 376, 320
-0.996947, 1, 201, 16, 264
-0.996962, 73, 153, 88, 216
-0.996976, 245, 33, 260, 96
-0.997001, 51, 129, 66, 192
-0.997005, 49, 65, 80, 320
-0.997024, 225, 313, 352, 344
-0.997041, 369, 25, 496, 88
-0.997057, 193, 1, 448, 64
-0.99706, 237, 1, 268, 256
-0.997064, 253, 113, 268, 176
-0.997072, 369, 129, 496, 256
-0.997081, 177, 185, 192, 248
-0.997086, 125, 145, 140, 208
-0.99709, 265, 1, 296, 256
-0.997098, 265, 121, 280, 184
-0.997115, 55, 289, 70, 352
-0.997118, 17, 109, 144, 140
-0.997119, 253, 225, 284, 352
-0.997124, 59, 77, 74, 108
-0.997127, 17, 193, 144, 224
-0.997132, 369, 81, 496, 208
-0.99714, 383, 305, 398, 368
-0.997161, 393, 297, 408, 360
-0.997161, 191, 121, 206, 184
-0.997161, 1, 33, 32, 288
-0.997165, 211, 89, 226, 152
-0.997168, 81, 333, 208, 364
-0.997169, 217, 145, 248, 272
-0.997172, 253, 97, 284, 352
-0.997173, 157, 97, 188, 352
-0.997174, 97, 221, 224, 252
-0.997174, 29, 65, 60, 320
-0.997181, 325, 281, 340, 344
-0.997194, 369, 209, 496, 272
-0.997195, 65, 121, 80, 184
-0.99722, 155, 137, 170, 200
-0.997226, 53, 89, 68, 120
-0.997238, 153, 177, 168, 240
-0.997241, 81, 193, 208, 224
-0.997248, 1, 249, 16, 312
-0.997253, 321, 317, 448, 348
-0.997265, 145, 97, 272, 128
-0.99727, 271, 121, 286, 184
-0.997277, 197, 123, 228, 138
-0.997285, 53, 139, 84, 154
-0.99729, 265, 273, 296, 288
-0.99729, 47, 177, 62, 240
-0.99729, 237, 289, 268, 304
-0.997296, 161, 1, 192, 256
-0.997297, 49, 251, 80, 266
-0.997299, 55, 265, 70, 328
-0.997299, 53, 75, 84, 90
-0.997302, 61, 227, 92, 242
-0.997309, 85, 323, 116, 338
-0.997309, 93, 81, 124, 208
-0.997311, 285, 295, 316, 310
-0.997312, 29, 127, 60, 142
-0.997315, 285, 319, 316, 334
-0.997316, 285, 285, 316, 300
-0.997316, 21, 67, 52, 82
-0.997317, 61, 261, 92, 276
-0.997317, 269, 203, 300, 218
-0.997318, 29, 105, 60, 120
-0.99732, 67, 177, 82, 240
-0.997326, 1, 145, 16, 208
-0.997329, 77, 217, 92, 280
-0.997332, 113, 155, 144, 170
-0.997335, 17, 1, 48, 256
-0.997335, 173, 1, 204, 256
-0.997336, 133, 181, 164, 196
-0.997337, 225, 189, 256, 204
-0.997338, 289, 327, 320, 342
-0.997339, 1, 225, 16, 288
-0.99734, 29, 95, 60, 110
-0.99736, 63, 49, 78, 112
-0.99736, 45, 177, 76, 192
-0.997363, 345, 297, 360, 360
-0.99737, 1, 63, 32, 78
-0.997373, 181, 283, 212, 298
-0.997374, 269, 233, 284, 296
-0.997379, 205, 103, 236, 118
-0.997379, 199, 97, 214, 160
-0.997383, 79, 161, 94, 224
-0.997388, 49, 199, 80, 214
-0.997391, 113, 41, 128, 104
-0.997393, 321, 297, 352, 312
-0.997397, 41, 157, 72, 172
-0.997397, 297, 315, 328, 330
-0.997398, 185, 121, 200, 184
-0.997404, 265, 131, 296, 146
-0.997405, 217, 1, 248, 256
-0.997406, 245, 153, 260, 216
-0.997413, 237, 97, 268, 112
-0.997414, 45, 167, 76, 182
-0.997422, 317, 327, 348, 342
-0.997424, 369, 81, 496, 144
-0.997424, 217, 167, 248, 182
-0.997427, 313, 129, 376, 375
-0.997428, 225, 301, 352, 332
-0.99743, 305, 325, 336, 340
-0.997435, 177, 189, 208, 204
-0.997437, 165, 177, 180, 240
-0.997441, 349, 303, 380, 318
-0.997443, 219, 41, 234, 104
-0.997443, 141, 1, 172, 256
-0.997444, 161, 129, 176, 192
-0.997447, 193, 99, 224, 114
-0.997457, 81, 113, 112, 240
-0.997457, 361, 241, 392, 368
-0.997459, 177, 197, 208, 212
-0.997465, 25, 61, 56, 76
-0.997466, 41, 121, 56, 152
-0.997466, 373, 305, 404, 320
-0.997467, 285, 267, 316, 282
-0.997474, 77, 333, 108, 348
-0.997482, 387, 281, 402, 344
-0.997482, 185, 225, 200, 288
-0.997482, 209, 189, 336, 220
-0.997486, 45, 227, 76, 242
-0.997487, 273, 229, 304, 244
-0.997492, 295, 169, 310, 232
-0.997493, 29, 117, 60, 132
-0.997499, 317, 313, 348, 328
-0.9975, 11, 89, 26, 152
-0.997501, 141, 145, 172, 160
-0.997504, 147, 177, 162, 240
-0.997508, 83, 137, 98, 200
-0.997513, 249, 187, 280, 202
-0.997516, 225, 97, 480, 160
-0.997517, 45, 133, 60, 164
-0.997518, 55, 177, 70, 240
-0.997519, 69, 163, 100, 178
-0.997526, 145, 187, 176, 202
-0.997526, 109, 45, 140, 60
-0.997526, 291, 241, 306, 304
-0.997529, 9, 91, 40, 106
-0.997531, 193, 345, 320, 375
-0.997531, 53, 127, 84, 142
-0.997531, 317, 265, 332, 328
-0.997548, 13, 41, 28, 104
-0.997549, 201, 1, 232, 256
-0.997556, 321, 305, 448, 336
-0.997563, 51, 225, 66, 288
-0.997567, 117, 153, 132, 216
-0.997571, 277, 181, 308, 196
-0.997587, 45, 327, 76, 342
-0.997587, 355, 281, 370, 344
-0.997589, 349, 297, 380, 312
-0.99759, 57, 267, 88, 282
-0.997593, 81, 149, 208, 180
-0.997593, 97, 281, 224, 312
-0.997593, 1, 305, 128, 336
-0.997596, 1, 249, 128, 280
-0.997598, 65, 137, 192, 168
-0.997606, 25, 331, 56, 346
-0.997608, 333, 313, 348, 375
-0.997608, 13, 231, 44, 246
-0.997609, 203, 121, 218, 184
-0.997611, 31, 41, 46, 104
-0.997614, 261, 281, 292, 296
-0.997618, 181, 97, 212, 352
-0.997619, 113, 181, 240, 212
-0.997619, 423, 201, 438, 264
-0.99762, 273, 243, 304, 258
-0.997621, 145, 77, 272, 108
-0.997622, 203, 41, 218, 104
-0.997627, 49, 151, 80, 166
-0.997628, 331, 281, 346, 344
-0.997634, 65, 305, 96, 320
-0.997634, 61, 313, 92, 328
-0.997636, 277, 273, 292, 336
-0.997636, 79, 321, 94, 352
-0.997637, 375, 297, 390, 360
-0.997639, 177, 183, 208, 198
-0.997644, 37, 211, 68, 226
-0.997648, 69, 173, 100, 188
-0.997649, 129, 151, 160, 166
-0.99765, 219, 161, 234, 224
-0.997654, 241, 201, 368, 232
-0.997657, 105, 129, 136, 256
-0.997658, 29, 237, 60, 252
-0.997663, 57, 49, 72, 80
-0.997663, 307, 289, 322, 352
-0.997668, 177, 129, 192, 192
-0.997678, 31, 73, 46, 104
-0.99768, 45, 233, 76, 248
-0.997682, 45, 241, 76, 256
-0.997683, 25, 111, 56, 126
-0.997683, 1, 265, 500, 328
-0.997686, 357, 309, 388, 324
-0.997687, 177, 209, 192, 272
-0.997689, 1, 229, 128, 260
-0.99769, 287, 305, 302, 368
-0.997693, 1, 273, 16, 336
-0.997697, 253, 169, 268, 232
-0.997702, 189, 1, 220, 256
-0.997704, 153, 137, 184, 152
-0.997718, 277, 1, 308, 256
-0.997718, 275, 217, 290, 280
-0.997731, 21, 57, 36, 88
-0.997733, 53, 99, 84, 114
-0.997743, 381, 281, 396, 344
-0.997747, 325, 289, 356, 304
-0.997753, 43, 109, 58, 140
-0.997754, 171, 129, 186, 192
-0.997757, 333, 303, 364, 318
-0.997761, 257, 333, 384, 364
-0.99777, 233, 81, 264, 96
-0.997778, 309, 285, 340, 300
-0.997781, 43, 93, 58, 124
-0.997782, 285, 279, 316, 294
-0.997796, 49, 85, 176, 116
-0.997805, 169, 97, 200, 352
-0.997819, 237, 103, 268, 118
-0.997819, 57, 133, 88, 148
-0.997827, 217, 241, 248, 368
-0.997833, 49, 205, 80, 220
-0.997836, 33, 67, 64, 82
-0.997837, 97, 17, 352, 80
-0.99785, 125, 1, 156, 256
-0.997855, 241, 241, 368, 272
-0.997863, 61, 321, 76, 352
-0.997872, 45, 219, 76, 234
-0.997875, 49, 109, 64, 140
-0.997875, 193, 153, 320, 184
-0.997876, 273, 235, 304, 250
-0.997895, 249, 283, 280, 298
-0.997895, 51, 209, 66, 240
-0.997897, 81, 293, 208, 324
-0.997901, 45, 133, 76, 148
-0.997907, 305, 41, 432, 72
-0.997915, 63, 89, 78, 120
-0.997917, 53, 157, 84, 172
-0.997929, 257, 137, 384, 168
-0.997931, 193, 333, 320, 364
-0.997933, 69, 157, 84, 188
-0.997934, 345, 291, 376, 306
-0.997941, 61, 319, 92, 334
-0.99795, 51, 133, 66, 164
-0.99795, 21, 69, 36, 100
-0.997951, 197, 161, 228, 288
-0.997957, 293, 17, 324, 144
-0.997957, 193, 81, 320, 112
-0.997961, 65, 335, 96, 350
-0.997969, 45, 63, 76, 78
-0.997974, 17, 25, 144, 56
-0.997984, 61, 221, 92, 236
-0.997992, 165, 133, 196, 148
-0.997995, 305, 293, 336, 308
-0.997998, 121, 181, 152, 196
-0.997998, 41, 73, 72, 88
-0.998004, 79, 309, 94, 340
-0.998005, 257, 149, 384, 180
-0.998009, 73, 317, 88, 348
-0.998011, 145, 41, 272, 72
-0.998018, 1, 17, 256, 80
-0.99803, 361, 303, 392, 318
-0.998031, 209, 93, 224, 124
-0.998032, 205, 97, 236, 112
-0.998037, 89, 241, 120, 368
-0.998041, 289, 161, 416, 224
-0.998043, 61, 81, 92, 96
-0.998045, 59, 141, 74, 172
-0.998051, 277, 193, 308, 208
-0.998053, 45, 145, 76, 160
-0.998056, 57, 61, 72, 92
-0.998058, 85, 321, 100, 352
-0.998064, 45, 53, 76, 68
-0.998068, 153, 81, 184, 208
-0.998077, 33, 55, 64, 70
-0.99808, 457, 65, 488, 192
-0.998081, 289, 1, 320, 256
-0.998082, 241, 229, 368, 260
-0.998083, 145, 97, 176, 352
-0.998089, 61, 1, 92, 256
-0.99809, 55, 321, 70, 352
-0.998094, 55, 101, 70, 132
-0.998096, 339, 301, 354, 332
-0.998097, 97, 97, 224, 128
-0.998099, 53, 93, 84, 108
-0.998102, 285, 273, 316, 288
-0.998105, 329, 241, 360, 368
-0.998118, 1, 261, 128, 292
-0.99813, 311, 277, 326, 308
-0.998133, 53, 73, 68, 104
-0.998136, 41, 115, 72, 130
-0.998137, 73, 323, 104, 338
-0.998137, 25, 161, 56, 288
-0.998144, 15, 69, 30, 100
-0.998146, 273, 181, 400, 212
-0.998149, 97, 85, 224, 116
-0.998149, 193, 97, 224, 352
-0.998153, 57, 213, 72, 244
-0.998155, 275, 193, 290, 224
-0.998157, 321, 321, 352, 336
-0.998161, 63, 153, 78, 184
-0.998163, 97, 269, 224, 300
-0.998165, 321, 289, 448, 320
-0.998171, 305, 275, 336, 290
-0.998189, 57, 33, 72, 160
-0.998197, 145, 345, 272, 375
-0.998204, 47, 121, 62, 152
-0.998206, 145, 333, 272, 364
-0.998214, 1, 45, 128, 76
-0.998221, 65, 77, 80, 108
-0.998224, 225, 65, 480, 128
-0.998227, 57, 163, 88, 178
-0.998229, 397, 1, 428, 256
-0.998249, 185, 127, 216, 142
-0.998254, 81, 165, 208, 196
-0.99826, 67, 321, 82, 352
-0.99826, 157, 187, 188, 202
-0.998262, 241, 213, 368, 244
-0.998268, 255, 117, 270, 148
-0.998275, 3, 49, 18, 176
-0.998277, 145, 165, 272, 196
-0.998281, 101, 1, 132, 256
-0.998282, 197, 125, 212, 156
-0.998291, 75, 161, 90, 192
-0.998295, 337, 193, 400, 320
-0.998302, 45, 77, 60, 108
-0.998304, 47, 65, 62, 96
-0.998305, 305, 33, 336, 160
-0.998309, 241, 253, 368, 284
-0.99831, 321, 201, 448, 264
-0.998328, 381, 317, 396, 348
-0.99833, 209, 41, 336, 72
-0.998331, 237, 97, 268, 352
-0.998333, 209, 125, 336, 156
-0.998334, 171, 185, 186, 216
-0.998334, 345, 129, 408, 375
-0.99834, 69, 129, 100, 375
-0.998342, 23, 81, 38, 112
-0.998348, 389, 305, 404, 336
-0.998349, 277, 133, 292, 164
-0.998349, 37, 109, 52, 140
-0.998363, 45, 109, 76, 124
-0.998375, 29, 77, 60, 92
-0.998377, 379, 301, 394, 332
-0.99838, 57, 229, 72, 260
-0.998381, 63, 305, 78, 336
-0.998387, 325, 1, 356, 256
-0.998392, 1, 285, 128, 316
-0.998394, 9, 87, 72, 102
-0.998397, 67, 261, 82, 292
-0.998404, 17, 81, 80, 96
-0.998407, 65, 89, 96, 104
-0.998409, 275, 261, 290, 292
-0.998412, 57, 201, 72, 232
-0.998416, 319, 277, 334, 308
-0.998417, 253, 129, 284, 144
-0.998424, 49, 225, 176, 256
-0.998426, 317, 33, 348, 160
-0.998428, 61, 277, 76, 308
-0.99843, 63, 165, 78, 196
-0.998434, 39, 133, 54, 164
-0.998447, 347, 289, 362, 320
-0.998448, 137, 177, 152, 208
-0.998448, 63, 217, 78, 248
-0.998451, 43, 145, 58, 176
-0.998452, 49, 233, 64, 264
-0.998455, 339, 313, 354, 344
-0.998457, 309, 1, 340, 256
-0.998458, 53, 145, 68, 176
-0.998458, 11, 49, 26, 176
-0.998459, 49, 211, 80, 226
-0.998461, 289, 165, 304, 196
-0.998464, 1, 129, 32, 375
-0.998466, 323, 289, 338, 320
-0.998467, 29, 53, 44, 84
-0.998475, 137, 149, 152, 180
-0.998478, 25, 75, 88, 90
-0.998481, 129, 81, 160, 208
-0.998482, 17, 65, 80, 80
-0.998484, 353, 1, 384, 256
-0.998489, 305, 273, 320, 304
-0.99849, 7, 65, 22, 96
-0.998493, 59, 265, 74, 296
-0.998497, 97, 257, 224, 288
-0.998499, 273, 275, 336, 290
-0.998503, 273, 281, 336, 296
-0.998504, 185, 129, 200, 160
-0.998506, 97, 109, 224, 140
-0.998506, 33, 89, 96, 104
-0.998507, 1, 93, 64, 108
-0.998507, 67, 249, 82, 280
-0.998507, 297, 289, 360, 304
-0.998509, 285, 129, 316, 375
-0.998511, 33, 133, 96, 148
-0.998513, 143, 181, 158, 212
-0.998515, 137, 187, 200, 202
-0.998515, 15, 53, 30, 84
-0.998515, 341, 289, 356, 320
-0.998517, 51, 221, 66, 252
-0.998517, 13, 97, 44, 352
-0.998518, 41, 169, 104, 184
-0.998518, 275, 221, 290, 252
-0.998518, 369, 301, 496, 332
-0.998519, 15, 89, 30, 120
-0.998522, 1, 65, 16, 96
-0.998524, 105, 181, 168, 196
-0.998525, 181, 177, 196, 208
-0.998526, 49, 325, 112, 340
-0.998527, 33, 139, 96, 154
-0.99853, 273, 295, 336, 310
-0.998531, 321, 291, 384, 306
-0.998532, 161, 133, 224, 148
-0.998532, 1, 141, 64, 156
-0.998534, 49, 177, 112, 192
-0.998534, 249, 179, 312, 194
-0.998535, 9, 59, 72, 74
-0.998535, 233, 133, 296, 148
-0.998538, 169, 191, 232, 206
-0.998541, 257, 193, 320, 208
-0.998542, 217, 97, 248, 352
-0.998542, 241, 285, 304, 300
-0.998544, 201, 99, 264, 114
-0.998545, 41, 211, 104, 226
-0.998545, 57, 91, 120, 106
-0.998545, 297, 295, 360, 310
-0.998546, 33, 145, 96, 160
-0.998547, 329, 297, 344, 328
-0.998547, 33, 99, 96, 114
-0.998547, 33, 335, 96, 350
-0.998549, 33, 227, 96, 242
-0.998551, 337, 307, 400, 322
-0.998552, 273, 345, 400, 375
-0.998552, 273, 287, 336, 302
-0.998554, 249, 77, 264, 108
-0.998555, 149, 141, 164, 172
-0.998561, 33, 109, 96, 124
-0.998561, 17, 53, 80, 68
-0.998561, 267, 237, 282, 268
-0.998562, 337, 319, 400, 334
-0.998562, 49, 311, 112, 326
-0.998563, 281, 323, 344, 338
-0.998564, 233, 241, 264, 368
-0.998564, 249, 105, 264, 136
-0.998565, 373, 301, 388, 332
-0.998566, 1, 175, 64, 190
-0.998566, 297, 283, 360, 298
-0.998566, 41, 81, 104, 96
-0.998567, 1, 147, 64, 162
-0.998568, 89, 1, 120, 256
-0.998569, 257, 211, 320, 226
-0.998569, 281, 317, 344, 332
-0.998569, 1, 71, 64, 86
-0.99857, 209, 91, 272, 106
-0.998571, 281, 145, 296, 176
-0.998572, 25, 329, 88, 344
-0.998573, 1, 131, 64, 146
-0.998573, 249, 279, 312, 294
-0.998576, 233, 187, 296, 202
-0.998576, 1, 233, 64, 248
-0.998576, 257, 199, 320, 214
-0.998576, 241, 161, 304, 176
-0.998577, 33, 153, 96, 168
-0.998578, 273, 301, 336, 316
-0.998578, 305, 323, 368, 338
-0.998578, 87, 337, 102, 368
-0.998579, 257, 205, 320, 220
-0.998579, 273, 161, 400, 192
-0.998579, 57, 97, 120, 112
-0.99858, 265, 269, 328, 284
-0.99858, 1, 93, 16, 124
-0.998581, 317, 293, 332, 324
-0.998581, 217, 193, 280, 208
-0.998581, 337, 1, 368, 256
-0.998583, 345, 291, 408, 306
-0.998583, 193, 193, 256, 208
-0.998584, 209, 85, 272, 100
-0.998584, 67, 273, 82, 304
-0.998585, 25, 117, 88, 132
-0.998585, 249, 169, 312, 184
-0.998586, 33, 163, 96, 178
-0.998586, 177, 127, 240, 142
-0.998586, 337, 313, 400, 328
-0.998586, 291, 189, 306, 220
-0.998587, 337, 297, 400, 312
-0.998587, 1, 153, 64, 168
-0.998587, 257, 221, 320, 236
-0.998588, 1, 181, 64, 196
-0.998589, 313, 307, 376, 322
-0.998589, 65, 209, 128, 224
-0.99859, 209, 105, 272, 120
-0.99859, 137, 143, 200, 158
-0.998591, 49, 317, 112, 332
-0.998591, 169, 289, 232, 304
-0.998592, 73, 305, 88, 336
-0.998592, 209, 165, 272, 180
-0.998593, 233, 329, 248, 360
-0.998594, 129, 149, 192, 164
-0.998595, 113, 45, 128, 76
-0.998595, 177, 185, 240, 200
-0.998595, 57, 105, 120, 120
-0.998595, 217, 127, 280, 142
-0.998596, 233, 139, 296, 154
-0.998596, 41, 201, 104, 216
-0.998597, 41, 359, 104, 374
-0.998598, 49, 305, 112, 320
-0.998598, 289, 187, 352, 202
-0.998598, 33, 127, 96, 142
-0.998598, 73, 353, 136, 368
-0.998598, 305, 329, 368, 344
-0.998598, 205, 97, 236, 352
-0.998599, 81, 303, 144, 318
-0.998599, 41, 239, 104, 254
-0.998599, 35, 57, 50, 88
-0.998601, 277, 249, 292, 280
-0.998601, 137, 179, 200, 194
-0.998601, 337, 325, 400, 340
-0.998602, 1, 159, 64, 174
-0.998602, 201, 241, 232, 368
-0.998603, 9, 353, 72, 368
-0.998603, 65, 85, 128, 100
-0.998604, 49, 53, 112, 68
-0.998604, 105, 45, 168, 60
-0.998604, 57, 147, 120, 162
-0.998605, 365, 1, 396, 256
-0.998606, 281, 329, 344, 344
-0.998606, 41, 183, 104, 198
-0.998608, 257, 227, 320, 242
-0.998608, 201, 121, 264, 136
-0.998608, 1, 167, 64, 182
-0.998608, 169, 199, 232, 214
-0.998608, 241, 265, 304, 280
-0.998608, 201, 111, 264, 126
-0.998609, 1, 189, 64, 204
-0.998609, 89, 175, 152, 190
-0.998609, 305, 315, 368, 330
-0.998609, 9, 335, 72, 350
-0.99861, 273, 311, 336, 326
-0.99861, 65, 131, 128, 146
-0.99861, 41, 79, 72, 94
-0.99861, 41, 219, 104, 234
-0.99861, 1, 195, 64, 210
-0.998611, 177, 171, 240, 186
-0.998611, 241, 155, 304, 170
-0.998611, 169, 283, 232, 298
-0.998612, 201, 285, 264, 300
-0.998614, 47, 197, 62, 228
-0.998614, 57, 65, 120, 80
-0.998615, 297, 301, 360, 316
-0.998616, 1, 105, 64, 120
-0.998616, 41, 195, 104, 210
-0.998618, 49, 267, 112, 282
-0.998619, 299, 269, 314, 300
-0.998619, 89, 141, 152, 156
-0.99862, 385, 1, 416, 256
-0.998625, 69, 221, 84, 252
-0.998626, 41, 99, 72, 114
-0.998628, 73, 209, 88, 240
-0.998632, 53, 177, 68, 208
-0.998632, 321, 329, 448, 360
-0.998634, 165, 133, 180, 164
-0.998641, 329, 281, 344, 312
-0.998642, 285, 265, 300, 296
-0.998642, 203, 117, 218, 148
-0.998644, 129, 317, 256, 348
-0.998647, 79, 333, 94, 364
-0.998648, 47, 157, 62, 188
-0.998651, 9, 229, 24, 260
-0.998655, 143, 145, 158, 176
-0.998656, 173, 129, 188, 160
-0.998657, 87, 309, 102, 340
-0.998658, 145, 61, 272, 92
-0.998659, 1, 277, 16, 308
-0.998661, 425, 193, 456, 320
-0.998663, 33, 133, 64, 148
-0.998663, 19, 345, 34, 375
-0.998665, 57, 309, 72, 340
-0.998667, 157, 137, 172, 168
-0.99867, 55, 241, 70, 272
-0.998673, 7, 93, 22, 124
-0.998673, 1, 265, 16, 296
-0.998674, 183, 197, 198, 228
-0.998681, 389, 321, 404, 352
-0.998681, 271, 129, 286, 160
-0.998681, 67, 65, 82, 96
-0.998684, 187, 173, 202, 204
-0.998685, 61, 105, 76, 136
-0.998687, 349, 305, 364, 336
-0.998691, 175, 221, 190, 252
-0.998692, 261, 125, 276, 156
-0.998694, 81, 165, 96, 196
-0.998696, 301, 313, 316, 344
-0.998703, 17, 49, 32, 176
-0.998713, 51, 49, 66, 176
-0.998733, 177, 305, 304, 336
-0.998745, 61, 325, 92, 340
-0.99876, 97, 73, 352, 136
-0.998764, 63, 49, 78, 176
-0.99877, 289, 273, 416, 304
-0.998782, 21, 85, 52, 100
-0.998791, 349, 33, 380, 160
-0.998798, 33, 273, 160, 304
-0.998801, 133, 97, 164, 352
-0.998817, 369, 49, 496, 112
-0.998825, 277, 177, 292, 304
-0.998863, 97, 73, 224, 104
-0.998865, 41, 85, 72, 100
-0.998875, 177, 113, 192, 240
-0.99889, 73, 1, 104, 256
-0.998891, 257, 41, 384, 72
-0.998895, 193, 65, 320, 96
-0.998903, 97, 233, 224, 264
-0.998907, 225, 105, 352, 136
-0.998907, 283, 129, 298, 256
-0.998908, 97, 305, 224, 336
-0.998916, 113, 97, 144, 352
-0.998936, 81, 97, 112, 352
-0.998945, 155, 129, 170, 256
-0.998945, 139, 129, 154, 256
-0.998952, 53, 87, 84, 102
-0.998957, 169, 113, 184, 240
-0.998958, 11, 1, 26, 128
-0.998964, 9, 69, 40, 84
-0.998967, 23, 33, 38, 160
-0.998969, 105, 177, 136, 304
-0.998973, 47, 97, 62, 224
-0.998983, 57, 81, 72, 208
-0.998986, 97, 121, 224, 152
-0.998995, 409, 1, 440, 256
-0.998995, 1, 1, 500, 64
-0.998995, 97, 245, 224, 276
-0.999014, 55, 129, 70, 256
-0.999027, 369, 9, 496, 40
-0.999044, 289, 241, 304, 368
-0.999047, 147, 129, 162, 256
-0.99905, 197, 113, 212, 240
-0.999059, 101, 97, 132, 352
-0.999064, 329, 17, 360, 144
-0.999066, 41, 139, 72, 154
-0.999082, 249, 65, 264, 192
-0.999087, 369, 105, 496, 168
-0.999091, 163, 113, 178, 240
-0.999096, 49, 45, 176, 76
-0.999106, 97, 57, 224, 88
-0.999106, 175, 177, 190, 304
-0.999119, 273, 113, 288, 240
-0.999121, 67, 129, 82, 256
-0.999124, 421, 1, 452, 256
-0.999128, 321, 21, 448, 52
-0.999139, 133, 129, 148, 256
-0.999141, 373, 17, 404, 144
-0.999148, 257, 121, 384, 152
-0.999156, 241, 21, 368, 52
-0.999167, 17, 1, 32, 128
-0.999168, 69, 241, 84, 368
-0.99917, 49, 249, 176, 280
-0.999171, 65, 25, 192, 56
-0.999174, 237, 33, 252, 160
-0.999219, 225, 33, 240, 160
-0.999237, 369, 21, 496, 52
-0.999237, 297, 129, 328, 375
-0.999248, 45, 33, 60, 160
-0.999252, 129, 21, 256, 52
-0.999264, 41, 93, 72, 108
-0.999269, 231, 33, 246, 160
-0.99927, 369, 313, 496, 344
-0.999277, 369, 329, 496, 360
-0.999282, 1, 129, 16, 256
-0.999297, 291, 161, 306, 288
-0.999298, 183, 113, 198, 240
-0.999298, 461, 1, 492, 256
-0.999301, 191, 113, 206, 240
-0.999306, 267, 113, 282, 240
-0.999316, 243, 33, 258, 160
-0.999324, 203, 113, 218, 240
-0.999363, 1, 193, 16, 320
-0.999364, 433, 1, 496, 128
-0.999368, 51, 193, 66, 320
-0.999373, 277, 225, 292, 352
-0.99938, 305, 9, 432, 40
-0.999385, 169, 161, 184, 288
-0.999387, 39, 65, 54, 192
-0.999397, 29, 1, 44, 128
-0.999404, 259, 33, 274, 160
-0.999406, 219, 33, 234, 160
-0.999407, 61, 241, 76, 368
-0.99941, 129, 293, 256, 324
-0.999436, 211, 33, 226, 160
-0.999438, 61, 129, 76, 256
-0.99944, 33, 13, 160, 44
-0.999442, 369, 281, 496, 312
-0.999457, 101, 33, 132, 160
-0.99946, 177, 21, 304, 52
-0.999462, 405, 129, 436, 375
-0.999475, 209, 81, 224, 208
-0.99948, 41, 113, 56, 240
-0.999485, 29, 49, 44, 176
-0.999498, 197, 33, 212, 160
-0.999498, 257, 97, 272, 224
-0.999508, 1, 233, 500, 296
-0.999508, 295, 225, 310, 352
-0.999511, 271, 177, 286, 304
-0.999514, 193, 53, 320, 84
-0.999518, 283, 177, 298, 304
-0.999536, 5, 1, 20, 128
-0.99954, 69, 81, 84, 208
-0.999572, 39, 331, 54, 346
-0.999573, 389, 305, 404, 320
-0.999573, 17, 53, 32, 68
-0.999573, 59, 273, 74, 288
-0.999574, 267, 239, 282, 254
-0.999574, 247, 289, 262, 304
-0.999574, 277, 263, 292, 278
-0.999574, 361, 289, 376, 304
-0.999574, 45, 177, 60, 304
-0.999574, 61, 281, 76, 296
-0.999575, 61, 147, 76, 162
-0.999575, 69, 153, 84, 168
-0.999575, 55, 203, 70, 218
-0.999575, 43, 145, 58, 160
-0.999577, 67, 323, 82, 338
-0.999577, 49, 117, 64, 132
-0.999577, 59, 159, 74, 174
-0.999577, 383, 319, 398, 334
-0.999577, 3, 69, 18, 84
-0.999578, 253, 285, 268, 300
-0.999578, 183, 195, 198, 210
-0.999578, 29, 331, 44, 346
-0.999581, 29, 55, 44, 70
-0.999581, 183, 131, 198, 146
-0.999581, 87, 347, 102, 362
-0.999582, 9, 233, 24, 248
-0.999582, 3, 229, 18, 244
-0.999582, 77, 129, 92, 256
-0.999582, 351, 305, 366, 320
-0.999582, 85, 173, 100, 188
-0.999582, 73, 317, 88, 332
-0.999583, 55, 323, 70, 338
-0.999583, 113, 45, 128, 60
-0.999583, 433, 1, 464, 256
-0.999584, 45, 207, 60, 222
-0.999584, 69, 269, 84, 284
-0.999584, 469, 97, 500, 352
-0.999585, 155, 187, 170, 202
-0.999585, 273, 225, 288, 240
-0.999585, 75, 219, 90, 234
-0.999586, 267, 129, 282, 144
-0.999586, 39, 239, 54, 254
-0.999586, 181, 187, 196, 202
-0.999587, 321, 277, 336, 292
-0.999587, 71, 165, 86, 180
-0.999588, 275, 201, 290, 216
-0.999589, 79, 317, 94, 332
-0.999589, 51, 223, 66, 238
-0.99959, 69, 305, 84, 320
-0.999591, 325, 291, 340, 306
-0.999591, 15, 69, 30, 84
-0.999591, 145, 185, 160, 200
-0.999592, 63, 307, 78, 322
-0.999592, 241, 187, 256, 202
-0.999592, 13, 91, 28, 106
-0.999593, 157, 139, 172, 154
-0.999593, 139, 149, 154, 164
-0.999593, 307, 273, 322, 288
-0.999593, 77, 165, 92, 180
-0.999594, 191, 129, 206, 144
-0.999594, 9, 69, 24, 84
-0.999595, 171, 133, 186, 148
-0.999595, 37, 135, 52, 150
-0.999596, 349, 293, 364, 308
-0.999596, 261, 281, 276, 296
-0.999597, 339, 303, 354, 318
-0.999597, 63, 317, 78, 332
-0.999597, 89, 329, 104, 344
-0.999598, 339, 315, 354, 330
-0.999598, 57, 213, 72, 228
-0.999599, 39, 127, 54, 142
-0.999599, 133, 153, 148, 168
-0.999599, 249, 189, 264, 204
-0.9996, 205, 33, 220, 160
-0.9996, 43, 101, 58, 116
-0.9996, 59, 69, 74, 84
-0.9996, 81, 329, 96, 344
-0.999601, 19, 87, 34, 102
-0.999601, 55, 241, 70, 368
-0.999601, 151, 141, 166, 156
-0.999602, 249, 161, 264, 176
-0.999604, 337, 323, 352, 338
-0.999604, 255, 127, 270, 142
-0.999605, 59, 265, 74, 280
-0.999605, 75, 241, 90, 368
-0.999605, 135, 181, 150, 196
-0.999607, 273, 131, 288, 146
-0.999608, 57, 219, 72, 234
-0.999609, 377, 303, 392, 318
-0.99961, 275, 195, 290, 210
-0.99961, 355, 289, 370, 304
-0.999611, 27, 81, 42, 96
-0.999611, 23, 59, 38, 74
-0.999613, 417, 129, 448, 375
-0.999613, 145, 145, 160, 160
-0.999613, 79, 335, 94, 350
-0.999615, 361, 305, 376, 320
-0.999615, 185, 161, 200, 288
-0.999616, 61, 99, 76, 114
-0.999617, 49, 217, 64, 232
-0.999617, 59, 77, 74, 92
-0.999617, 43, 121, 58, 136
-0.999618, 53, 75, 68, 90
-0.999619, 43, 89, 58, 104
-0.99962, 45, 127, 60, 142
-0.999622, 65, 81, 80, 96
-0.999624, 457, 97, 488, 352
-0.999625, 51, 133, 66, 148
-0.999626, 63, 153, 78, 168
-0.999626, 21, 65, 36, 80
-0.999626, 55, 109, 70, 124
-0.999626, 43, 95, 58, 110
-0.999627, 35, 117, 50, 132
-0.999628, 249, 103, 264, 118
-0.99963, 57, 63, 72, 78
-0.999632, 55, 139, 70, 154
-0.999634, 37, 17, 52, 144
-0.999635, 49, 239, 64, 254
-0.99964, 449, 1, 480, 256
-0.999641, 413, 193, 444, 320
-0.999641, 321, 129, 448, 192
-0.999642, 169, 185, 184, 200
-0.999645, 25, 225, 56, 352
-0.999645, 57, 51, 72, 66
-0.999645, 45, 107, 60, 122
-0.999649, 43, 139, 58, 154
-0.99965, 67, 87, 82, 102
-0.99965, 197, 125, 212, 140
-0.999651, 73, 323, 88, 338
-0.999653, 189, 33, 204, 160
-0.999655, 85, 323, 100, 338
-0.999655, 175, 33, 190, 160
-0.999656, 69, 159, 84, 174
-0.999657, 445, 129, 476, 375
-0.99966, 1, 241, 16, 368
-0.99967, 207, 97, 222, 112
-0.99967, 61, 325, 76, 340
-0.999671, 249, 17, 264, 144
-0.999672, 79, 323, 94, 338
-0.999673, 49, 93, 64, 108
-0.999674, 51, 211, 66, 226
-0.999678, 63, 93, 78, 108
-0.999678, 55, 99, 70, 114
-0.999679, 49, 139, 64, 154
-0.999681, 43, 113, 58, 128
-0.999686, 23, 71, 38, 86
-0.999699, 33, 75, 48, 90
-0.999703, 67, 1, 82, 128
-0.999705, 127, 129, 142, 256
-0.999712, 321, 73, 448, 136
-0.999723, 317, 129, 348, 375
-0.99973, 7, 209, 22, 336
-0.999735, 45, 133, 60, 148
-0.999744, 161, 161, 176, 288
-0.999745, 265, 33, 280, 160
-0.999749, 113, 33, 128, 160
-0.999749, 275, 65, 290, 192
-0.999756, 469, 193, 500, 320
-0.999772, 181, 33, 196, 160
-0.999777, 429, 129, 460, 375
-0.999786, 59, 83, 74, 98
-0.99979, 167, 33, 182, 160
-0.999792, 69, 193, 84, 320
-0.999796, 57, 193, 72, 320
-0.999802, 55, 89, 70, 104
-0.999802, 51, 1, 66, 128
-0.999807, 63, 177, 78, 304
-0.99981, 297, 177, 312, 304
-0.999822, 149, 177, 164, 304
-0.999834, 271, 225, 286, 352
-0.999849, 227, 81, 242, 208
-0.999855, 283, 241, 298, 368
-0.999863, 345, 129, 376, 375
-0.999877, 153, 33, 168, 160
-0.999883, 81, 81, 96, 208
-0.999894, 183, 241, 198, 368
-0.999905, 49, 241, 64, 368
-0.999933, 283, 33, 298, 160
-0.99994, 161, 33, 176, 160
-0.999942, 249, 113, 264, 240
-0.999969, 365, 129, 396, 375
-0.999971, 215, 81, 230, 208
-0.999976, 7, 97, 22, 224
-0.999984, 235, 81, 250, 208
-0.999985, 83, 129, 98, 256
-1, 127, 1, 142, 128
-1.00001, 75, 177, 90, 304
-1.00002, 209, 129, 224, 256
-1.00002, 133, 1, 148, 128
-1.00003, 289, 113, 304, 240
-1.00003, 141, 1, 156, 128
-1.00004, 377, 97, 408, 352
-1.00005, 81, 225, 96, 352
-1.00006, 143, 177, 158, 304
-1.00006, 313, 241, 328, 368
-1.00007, 333, 129, 364, 375
-1.00007, 121, 33, 136, 160
-1.00007, 241, 129, 256, 256
-1.00008, 145, 81, 160, 208
-1.00008, 361, 1, 392, 128
-1.0001, 75, 81, 90, 208
-1.00011, 155, 81, 170, 208
-1.00011, 305, 241, 320, 368
-1.00012, 423, 193, 438, 320
-1.00013, 147, 1, 162, 128
-1.00014, 327, 241, 342, 368
-1.00015, 115, 129, 130, 256
-1.00016, 221, 81, 236, 208
-1.00016, 393, 129, 424, 375
-1.00016, 281, 81, 296, 208
-1.00016, 89, 145, 104, 272
-1.00017, 447, 193, 462, 320
-1.00017, 193, 161, 208, 288
-1.00018, 277, 17, 292, 144
-1.00018, 369, 241, 496, 304
-1.00018, 35, 113, 50, 240
-1.00019, 265, 161, 280, 288
-1.0002, 177, 225, 192, 352
-1.0002, 341, 241, 372, 368
-1.00021, 39, 161, 54, 288
-1.00021, 259, 241, 274, 368
-1.00029, 385, 33, 416, 160
-1.0004, 369, 185, 496, 248
-1.00048, 77, 33, 108, 160
-1.00051, 321, 97, 448, 160
-1.00071, 297, 129, 328, 256
-1.00072, 1, 209, 500, 272
-1.00093, 377, 241, 408, 368
-1.001, 465, 113, 496, 240
-1.00105, 457, 193, 488, 320
-1.00112, 281, 81, 312, 208
-1.00141, 429, 241, 460, 368
-1.00162, 93, 177, 124, 304
-1.00177, 221, 193, 252, 320
-1.00221, 233, 193, 264, 320
-1.00224, 369, 129, 496, 192
-1.00232, 117, 177, 148, 304
-1.00238, 121, 241, 152, 368
-1.00246, 401, 129, 432, 256
-1.00246, 369, 161, 496, 224
-1.0026, 149, 225, 180, 352
-1.00265, 397, 241, 428, 368
-1.00292, 321, 81, 384, 208
-1.00306, 321, 129, 384, 256
-1.00318, 461, 17, 492, 144
-1.00327, 361, 193, 424, 320
-1.00327, 417, 1, 448, 128
-1.00328, 273, 57, 400, 120
-1.00346, 101, 241, 132, 368
-1.00367, 417, 145, 448, 272
-1.00379, 397, 81, 428, 208
-1.00385, 133, 225, 164, 352
-1.00446, 345, 113, 408, 240
-1.00498, 273, 81, 400, 144
-1.005, 297, 65, 360, 192
