1876
-0.547065, 1, 65, 500, 320
-0.685922, 1, 1, 500, 322
-0.722153, 161, 1, 416, 322
-0.762153, 161, 65, 416, 320
-0.770706, 1, 1, 256, 322
-0.816186, 1, 65, 256, 320
-0.819459, 257, 1, 500, 322
-0.861287, 257, 65, 500, 320
-0.910357, 1, 113, 500, 240
-0.912021, 289, 65, 416, 320
-0.916896, 33, 65, 160, 320
-0.923816, 113, 65, 240, 320
-0.924446, 177, 65, 304, 320
-0.925895, 97, 113, 352, 240
-0.927845, 337, 65, 464, 320
-0.93037, 1, 145, 256, 272
-0.932278, 225, 65, 352, 320
-0.934075, 193, 113, 448, 240
-0.935558, 1, 177, 500, 304
-0.936983, 273, 1, 400, 322
-0.939121, 305, 113, 432, 240
-0.94174, 353, 97, 416, 224
-0.944628, 49, 145, 176, 272
-0.946541, 97, 129, 224, 256
-0.948185, 177, 1, 304, 322
-0.948961, 65, 1, 192, 322
-0.950808, 321, 1, 448, 322
-0.95208, 369, 1, 496, 322
-0.952399, 209, 129, 336, 256
-0.954061, 161, 193, 416, 320
-0.955699, 73, 145, 136, 272
-0.957707, 329, 113, 392, 240
-0.958439, 225, 1, 352, 322
-0.958544, 257, 129, 384, 256
-0.959794, 113, 129, 176, 256
-0.960662, 1, 113, 128, 240
-0.960718, 257, 193, 500, 320
-0.961152, 1, 97, 256, 224
-0.96211, 257, 129, 320, 256
-0.96248, 161, 65, 416, 192
-0.963693, 161, 113, 288, 240
-0.963727, 353, 113, 480, 240
-0.963829, 145, 129, 208, 256
-0.963971, 113, 1, 240, 322
-0.96407, 345, 113, 408, 176
-0.964973, 33, 113, 96, 240
-0.965382, 1, 65, 500, 192
-0.965606, 129, 193, 256, 320
-0.965764, 305, 129, 368, 256
-0.966311, 289, 177, 416, 304
-0.966751, 361, 145, 424, 272
-0.966907, 97, 145, 160, 208
-0.967049, 73, 153, 136, 216
-0.968134, 393, 145, 456, 272
-0.968558, 193, 97, 256, 224
-0.968708, 353, 137, 416, 200
-0.969268, 1, 1, 128, 322
-0.97017, 233, 113, 296, 240
-0.970466, 169, 129, 232, 256
-0.970502, 305, 185, 368, 248
-0.971042, 33, 193, 288, 320
-0.971512, 385, 193, 448, 320
-0.972713, 377, 97, 440, 224
-0.972741, 9, 97, 72, 224
-0.972804, 297, 193, 360, 320
-0.973002, 313, 137, 376, 200
-0.97347, 121, 177, 184, 304
-0.973478, 369, 97, 400, 224
-0.974245, 337, 177, 464, 304
-0.974299, 145, 201, 208, 264
-0.974398, 297, 209, 360, 272
-0.974458, 257, 81, 384, 208
-0.975425, 337, 177, 400, 304
-0.975543, 49, 153, 176, 216
-0.975612, 129, 137, 192, 200
-0.975778, 81, 193, 208, 320
-0.975994, 145, 177, 208, 304
-0.976258, 305, 129, 432, 192
-0.976263, 241, 177, 368, 304
-0.976411, 281, 129, 344, 256
-0.976598, 169, 209, 232, 272
-0.977442, 361, 193, 424, 320
-0.977831, 305, 161, 368, 224
-0.977895, 49, 81, 176, 208
-0.978101, 193, 177, 320, 304
-0.978116, 273, 209, 336, 272
-0.978208, 49, 137, 112, 200
-0.978361, 369, 97, 400, 160
-0.979064, 193, 193, 256, 320
-0.979184, 25, 113, 88, 176
-0.979192, 273, 177, 336, 304
-0.979211, 65, 193, 128, 320
-0.979239, 169, 193, 232, 320
-0.979266, 105, 121, 168, 184
-0.979449, 133, 145, 164, 272
-0.979667, 105, 193, 168, 256
-0.979767, 381, 97, 412, 224
-0.979858, 41, 161, 104, 224
-0.980025, 33, 193, 160, 320
-0.980042, 337, 65, 400, 320
-0.980113, 89, 145, 120, 208
-0.980126, 345, 169, 408, 232
-0.980398, 377, 129, 440, 192
-0.980467, 97, 137, 224, 200
-0.980481, 321, 65, 384, 192
-0.980868, 357, 113, 388, 240
-0.981058, 113, 225, 176, 288
-0.98115, 41, 161, 104, 288
-0.981289, 265, 177, 328, 240
-0.981571, 345, 129, 376, 192
-0.981654, 137, 177, 200, 240
-0.981678, 177, 121, 304, 184
-0.981705, 73, 185, 136, 248
-0.981757, 409, 193, 472, 320
-0.9818, 89, 97, 152, 224
-0.981867, 373, 137, 404, 200
-0.981904, 285, 129, 316, 256
-0.981949, 257, 145, 320, 208
-0.981951, 157, 129, 188, 256
-0.982009, 337, 193, 400, 256
-0.982048, 113, 145, 144, 272
-0.982072, 101, 145, 132, 208
-0.982395, 73, 129, 136, 192
-0.98262, 289, 137, 352, 200
-0.98263, 225, 121, 288, 184
-0.98264, 225, 161, 288, 288
-0.982682, 301, 129, 332, 256
-0.983079, 185, 185, 248, 248
-0.983089, 385, 169, 448, 232
-0.983407, 153, 121, 216, 184
-0.983458, 113, 81, 240, 208
-0.983573, 433, 129, 496, 256
-0.983577, 289, 193, 416, 256
-0.983757, 209, 81, 336, 208
-0.983759, 49, 185, 176, 248
-0.983802, 257, 81, 320, 208
-0.983874, 65, 97, 128, 224
-0.983888, 193, 113, 256, 176
-0.984015, 305, 65, 368, 320
-0.984088, 93, 129, 124, 256
-0.98412, 113, 137, 144, 200
-0.984198, 97, 193, 160, 320
-0.984202, 345, 217, 408, 280
-0.984272, 49, 193, 112, 256
-0.984308, 153, 153, 216, 216
-0.984323, 181, 201, 212, 264
-0.984327, 433, 177, 496, 304
-0.984349, 257, 129, 384, 192
-0.984373, 69, 153, 100, 216
-0.984397, 193, 209, 224, 272
-0.98441, 77, 145, 108, 272
-0.984506, 105, 169, 168, 232
-0.984583, 309, 193, 340, 256
-0.984618, 369, 65, 496, 192
-0.984653, 357, 137, 388, 200
-0.984675, 409, 145, 472, 208
-0.984746, 345, 113, 376, 240
-0.984883, 153, 81, 216, 208
-0.984979, 97, 161, 224, 224
-0.985042, 369, 193, 432, 256
-0.985057, 361, 65, 424, 320
-0.985099, 389, 129, 420, 192
-0.985123, 129, 153, 160, 216
-0.985156, 49, 113, 112, 176
-0.985182, 121, 193, 152, 256
-0.985247, 113, 161, 144, 224
-0.98525, 137, 225, 200, 288
-0.985384, 153, 129, 184, 192
-0.985452, 1, 145, 64, 272
-0.985472, 337, 89, 400, 152
-0.985485, 357, 105, 388, 168
-0.985497, 389, 145, 420, 272
-0.985546, 113, 81, 176, 208
-0.985586, 193, 65, 256, 320
-0.985816, 133, 193, 164, 256
-0.98583, 113, 209, 240, 272
-0.985856, 1, 121, 128, 184
-0.985938, 305, 177, 336, 304
-0.985955, 369, 97, 432, 160
-0.985956, 145, 129, 176, 256
-0.985977, 353, 137, 480, 200
-0.98602, 369, 225, 432, 288
-0.986225, 73, 217, 136, 280
-0.98629, 57, 113, 88, 240
-0.986292, 153, 65, 216, 320
-0.986346, 333, 129, 364, 192
-0.98638, 33, 49, 288, 176
-0.986756, 129, 113, 192, 176
-0.986836, 53, 129, 84, 192
-0.986858, 1, 105, 64, 168
-0.986863, 77, 129, 108, 192
-0.986868, 209, 193, 272, 256
-0.986994, 393, 153, 424, 216
-0.987003, 141, 137, 172, 200
-0.987007, 369, 145, 400, 272
-0.987012, 153, 193, 184, 256
-0.987022, 345, 153, 376, 216
-0.987184, 225, 153, 352, 216
-0.987218, 357, 169, 388, 232
-0.987224, 297, 81, 360, 208
-0.987244, 361, 193, 392, 256
-0.987262, 193, 185, 320, 248
-0.987295, 297, 217, 328, 280
-0.987344, 49, 129, 176, 192
-0.987421, 225, 65, 288, 320
-0.987435, 1, 145, 128, 208
-0.987441, 1, 1, 500, 128
-0.987493, 305, 241, 368, 304
-0.987552, 213, 193, 244, 256
-0.987552, 373, 225, 404, 288
-0.987558, 249, 177, 312, 304
-0.987569, 45, 97, 76, 224
-0.987598, 393, 193, 424, 320
-0.987644, 133, 217, 164, 280
-0.98769, 85, 169, 116, 232
-0.987692, 369, 49, 432, 176
-0.987788, 193, 113, 224, 240
-0.987852, 305, 169, 432, 232
-0.987945, 125, 129, 156, 192
-0.988049, 145, 217, 176, 280
-0.988055, 361, 217, 392, 280
-0.988058, 301, 161, 332, 224
-0.988094, 129, 185, 256, 248
-0.988096, 329, 129, 360, 256
-0.988129, 169, 201, 200, 264
-0.988173, 65, 129, 96, 192
-0.988208, 337, 105, 464, 168
-0.988218, 301, 137, 332, 200
-0.988225, 25, 137, 88, 200
-0.988228, 369, 161, 400, 224
-0.988253, 33, 65, 96, 320
-0.988264, 73, 193, 104, 256
-0.988265, 121, 65, 184, 320
-0.988321, 61, 193, 92, 256
-0.988359, 289, 145, 320, 208
-0.988369, 165, 129, 196, 192
-0.988468, 413, 137, 444, 200
-0.988473, 97, 149, 160, 180
-0.988522, 385, 201, 416, 264
-0.98857, 321, 137, 352, 200
-0.988607, 273, 217, 400, 280
-0.988679, 193, 145, 256, 272
-0.98868, 373, 193, 404, 256
-0.988682, 257, 65, 500, 192
-0.988698, 9, 185, 72, 248
-0.988766, 137, 257, 200, 320
-0.988833, 349, 209, 380, 272
-0.988845, 433, 145, 496, 208
-0.98886, 249, 121, 280, 184
-0.988963, 177, 161, 240, 224
-0.988963, 1, 257, 64, 320
-0.98897, 289, 185, 320, 248
-0.988991, 233, 65, 296, 192
-0.989022, 409, 169, 472, 232
-0.989042, 97, 169, 128, 232
-0.989059, 109, 185, 140, 248
-0.989074, 329, 169, 360, 232
-0.989075, 329, 133, 392, 164
-0.989079, 181, 129, 212, 256
-0.989091, 261, 129, 292, 192
-0.989118, 381, 105, 412, 168
-0.98912, 145, 193, 176, 320
-0.989155, 385, 225, 416, 288
-0.989164, 225, 193, 256, 256
-0.989218, 57, 65, 120, 320
-0.98925, 161, 209, 288, 272
-0.989309, 1, 65, 64, 320
-0.989324, 237, 113, 268, 240
-0.989357, 181, 129, 212, 192
-0.989401, 169, 257, 232, 320
-0.989417, 397, 233, 428, 296
-0.989443, 273, 137, 304, 200
-0.989453, 201, 105, 232, 168
-0.989468, 201, 185, 232, 248
-0.989501, 49, 185, 80, 248
-0.989548, 37, 105, 68, 168
-0.989563, 405, 169, 436, 232
-0.989609, 169, 161, 200, 224
-0.989657, 57, 153, 88, 216
-0.989758, 249, 121, 312, 184
-0.989767, 113, 217, 144, 280
-0.989802, 157, 217, 188, 280
-0.989814, 145, 169, 176, 232
-0.989815, 321, 193, 352, 256
-0.989834, 237, 121, 268, 184
-0.989834, 177, 225, 208, 288
-0.989843, 397, 201, 428, 264
-0.989855, 369, 193, 400, 320
-0.989869, 217, 169, 248, 232
-0.989932, 61, 193, 92, 320
-0.989937, 201, 217, 264, 280
-0.989958, 89, 121, 120, 184
-0.989975, 25, 113, 56, 176
-0.990053, 169, 129, 200, 256
-0.990072, 309, 217, 340, 280
-0.990085, 357, 241, 388, 304
-0.990088, 205, 217, 236, 280
-0.990126, 437, 137, 468, 200
-0.990162, 49, 217, 80, 280
-0.990164, 341, 185, 372, 248
-0.990169, 265, 65, 328, 320
-0.990189, 193, 153, 224, 216
-0.99025, 181, 177, 212, 240
-0.990286, 305, 65, 432, 192
-0.990299, 5, 113, 36, 176
-0.990301, 289, 241, 416, 304
-0.990304, 41, 217, 104, 280
-0.990335, 385, 249, 416, 312
-0.990359, 73, 157, 136, 188
-0.990365, 89, 65, 152, 320
-0.990454, 161, 65, 288, 192
-0.990468, 141, 113, 172, 176
-0.990488, 465, 137, 496, 200
-0.990555, 341, 233, 372, 296
-0.990562, 221, 113, 252, 176
-0.990569, 273, 105, 400, 168
-0.990577, 393, 193, 456, 256
-0.990596, 385, 65, 448, 320
-0.990604, 357, 161, 388, 288
-0.990628, 205, 161, 236, 224
-0.990654, 345, 1, 408, 322
-0.990656, 249, 113, 280, 240
-0.990705, 401, 129, 432, 192
-0.990753, 101, 121, 132, 184
-0.990758, 305, 193, 368, 224
-0.99083, 337, 241, 400, 304
-0.990832, 409, 97, 472, 224
-0.990834, 345, 145, 408, 176
-0.990849, 321, 113, 384, 176
-0.990888, 345, 49, 408, 176
-0.990917, 317, 169, 348, 232
-0.990922, 265, 241, 328, 304
-0.990971, 49, 105, 80, 168
-0.991056, 97, 201, 128, 264
-0.991064, 121, 153, 184, 184
-0.991117, 369, 249, 400, 312
-0.991119, 345, 121, 408, 152
-0.991148, 281, 209, 312, 272
-0.991235, 361, 157, 424, 188
-0.991245, 297, 113, 360, 176
-0.991254, 45, 153, 76, 216
-0.99126, 337, 209, 368, 272
-0.9913, 1, 65, 128, 192
-0.991309, 389, 177, 420, 240
-0.991312, 353, 65, 384, 192
-0.99134, 173, 193, 204, 320
-0.991353, 181, 153, 212, 216
-0.991426, 161, 205, 224, 236
-0.991462, 145, 141, 208, 172
-0.991463, 177, 137, 240, 200
-0.991485, 297, 257, 328, 320
-0.991542, 97, 161, 160, 192
-0.991543, 309, 257, 340, 320
-0.991581, 449, 137, 480, 200
-0.991583, 157, 169, 188, 232
-0.991584, 29, 145, 60, 208
-0.991601, 353, 81, 384, 144
-0.99161, 317, 177, 348, 304
-0.991615, 1, 161, 64, 224
-0.991635, 161, 257, 192, 320
-0.991643, 297, 205, 360, 236
-0.991646, 65, 141, 128, 172
-0.991678, 217, 113, 248, 240
-0.991703, 417, 161, 448, 224
-0.991706, 181, 257, 212, 320
-0.991734, 341, 105, 372, 168
-0.991737, 125, 193, 156, 320
-0.991761, 205, 97, 236, 224
-0.991775, 197, 193, 228, 320
-0.991784, 233, 217, 264, 280
-0.991896, 409, 209, 440, 272
-0.991896, 197, 249, 228, 312
-0.991906, 261, 217, 292, 280
-0.991913, 409, 65, 472, 320
-0.991924, 237, 185, 268, 248
-0.991928, 425, 137, 456, 200
-0.991931, 193, 129, 224, 192
-0.99195, 221, 217, 252, 280
-0.991966, 137, 209, 200, 240
-0.991988, 397, 105, 428, 168
-0.991994, 337, 249, 464, 312
-0.99202, 449, 257, 480, 320
-0.992029, 61, 257, 92, 320
-0.992031, 329, 249, 360, 312
-0.992039, 405, 145, 436, 272
-0.992063, 1, 257, 32, 320
-0.992075, 129, 97, 160, 224
-0.99208, 305, 133, 368, 164
-0.992159, 1, 129, 64, 192
-0.992161, 97, 249, 128, 312
-0.992246, 65, 217, 96, 280
-0.992287, 97, 157, 128, 188
-0.992293, 337, 193, 464, 256
-0.992307, 1, 153, 256, 216
-0.992318, 233, 161, 296, 224
-0.992373, 189, 105, 220, 168
-0.992424, 417, 249, 480, 312
-0.992431, 321, 217, 384, 280
-0.992456, 317, 129, 348, 256
-0.992526, 41, 65, 104, 192
-0.992527, 241, 185, 368, 248
-0.992587, 369, 109, 400, 140
-0.992601, 213, 161, 244, 288
-0.992605, 177, 221, 240, 252
-0.992612, 129, 289, 192, 320
-0.992653, 225, 129, 480, 192
-0.992699, 49, 161, 112, 192
-0.992733, 109, 149, 140, 180
-0.992738, 161, 233, 224, 296
-0.992743, 369, 97, 400, 128
-0.992752, 121, 149, 152, 180
-0.992761, 405, 193, 436, 320
-0.992763, 105, 137, 168, 168
-0.992786, 341, 133, 372, 164
-0.992819, 145, 1, 208, 322
-0.992823, 249, 217, 312, 280
-0.992824, 309, 193, 340, 224
-0.992854, 9, 217, 72, 280
-0.992908, 201, 221, 264, 252
-0.992927, 369, 141, 432, 172
-0.992953, 269, 129, 300, 256
-0.992958, 65, 209, 192, 272
-0.992963, 97, 129, 352, 192
-0.992981, 17, 193, 80, 320
-0.993046, 337, 97, 400, 128
-0.993051, 1, 113, 32, 240
-0.993078, 361, 169, 424, 200
-0.993103, 321, 145, 384, 176
-0.993107, 341, 193, 372, 320
-0.993131, 105, 221, 168, 252
-0.993156, 133, 149, 164, 180
-0.993206, 85, 157, 116, 188
-0.993221, 417, 129, 448, 256
-0.993225, 113, 197, 176, 228
-0.993252, 353, 205, 384, 236
-0.993258, 401, 169, 464, 200
-0.993265, 265, 153, 328, 184
-0.993272, 369, 225, 496, 288
-0.993303, 353, 109, 416, 140
-0.993345, 73, 193, 136, 224
-0.993376, 129, 113, 256, 176
-0.99338, 385, 249, 448, 312
-0.99343, 129, 201, 160, 232
-0.993468, 173, 205, 204, 236
-0.993501, 393, 217, 456, 280
-0.993507, 105, 209, 168, 240
-0.993519, 361, 141, 392, 172
-0.993541, 181, 217, 212, 248
-0.993544, 345, 205, 408, 236
-0.993554, 113, 161, 144, 192
-0.993588, 381, 141, 412, 172
-0.993612, 309, 205, 340, 236
-0.993662, 73, 161, 104, 192
-0.993664, 361, 129, 392, 160
-0.993683, 49, 213, 112, 244
-0.993689, 185, 205, 248, 236
-0.993727, 257, 33, 384, 160
-0.993738, 9, 1, 72, 322
-0.993746, 85, 145, 116, 176
-0.993748, 145, 221, 176, 252
-0.993756, 129, 221, 192, 252
-0.993763, 153, 153, 216, 184
-0.993785, 73, 149, 104, 180
-0.993791, 321, 193, 352, 224
-0.993793, 153, 209, 184, 240
-0.993814, 185, 205, 216, 236
-0.993815, 97, 145, 128, 176
-0.993816, 157, 193, 188, 320
-0.993826, 117, 193, 148, 224
-0.993832, 161, 289, 224, 320
-0.993835, 305, 217, 336, 248
-0.993837, 17, 117, 80, 148
-0.993856, 161, 193, 416, 256
-0.993875, 313, 181, 376, 212
-0.99388, 149, 137, 180, 168
-0.993882, 369, 1, 432, 322
-0.99389, 89, 257, 152, 320
-0.993895, 229, 177, 260, 304
-0.993904, 137, 137, 168, 168
-0.993922, 393, 157, 424, 188
-0.993923, 301, 181, 332, 212
-0.993932, 397, 237, 428, 268
-0.993936, 133, 217, 164, 248
-0.993939, 161, 133, 192, 164
-0.993972, 109, 137, 140, 168
-0.993987, 281, 221, 344, 252
-0.994005, 73, 221, 136, 252
-0.994015, 353, 217, 384, 248
-0.994018, 381, 101, 412, 132
-0.994031, 93, 169, 124, 200
-0.99404, 353, 153, 384, 184
-0.994042, 49, 257, 112, 320
-0.994062, 213, 217, 244, 248
-0.994082, 77, 281, 108, 312
-0.994096, 293, 149, 324, 180
-0.994099, 305, 1, 368, 322
-0.994107, 49, 193, 80, 224
-0.994136, 373, 153, 404, 184
-0.994145, 201, 205, 232, 236
-0.994156, 169, 217, 200, 248
-0.994165, 81, 149, 208, 180
-0.994165, 217, 193, 248, 224
-0.994168, 25, 97, 56, 224
-0.99417, 385, 249, 416, 280
-0.994172, 193, 113, 256, 144
-0.994173, 53, 285, 84, 316
-0.994174, 361, 169, 392, 200
-0.994197, 145, 153, 176, 184
-0.994199, 321, 217, 448, 280
-0.994202, 221, 205, 252, 236
-0.994207, 289, 197, 320, 228
-0.994214, 377, 237, 408, 268
-0.994214, 185, 193, 248, 224
-0.994215, 129, 189, 160, 220
-0.994217, 281, 149, 312, 180
-0.994221, 369, 161, 496, 224
-0.99424, 341, 189, 372, 220
-0.994259, 125, 137, 156, 168
-0.994259, 345, 189, 408, 220
-0.99426, 157, 197, 188, 228
-0.994261, 41, 285, 104, 316
-0.994263, 385, 225, 416, 256
-0.994267, 121, 213, 152, 244
-0.994272, 81, 209, 144, 240
-0.994276, 141, 201, 172, 232
-0.994284, 17, 257, 144, 320
-0.994287, 153, 125, 216, 156
-0.994288, 113, 249, 176, 312
-0.994289, 61, 197, 92, 228
-0.99429, 345, 165, 376, 196
-0.994294, 193, 221, 224, 252
-0.994305, 265, 1, 328, 322
-0.994314, 413, 169, 444, 200
-0.994327, 65, 213, 96, 244
-0.994337, 313, 181, 344, 212
-0.994339, 365, 201, 396, 232
-0.994345, 353, 101, 384, 132
-0.99436, 109, 213, 140, 244
-0.994361, 273, 209, 336, 240
-0.994365, 373, 97, 388, 160
-0.994372, 273, 137, 304, 168
-0.994381, 73, 189, 104, 220
-0.994384, 73, 169, 136, 200
-0.994407, 293, 209, 324, 240
-0.994408, 349, 121, 380, 152
-0.994417, 325, 181, 356, 212
-0.994435, 301, 137, 332, 168
-0.994437, 157, 221, 188, 252
-0.99444, 165, 289, 196, 320
-0.994444, 217, 289, 248, 320
-0.994455, 81, 181, 144, 212
-0.994455, 41, 197, 104, 228
-0.994457, 369, 213, 400, 244
-0.994462, 393, 137, 424, 168
-0.994464, 61, 153, 92, 184
-0.994468, 373, 225, 404, 256
-0.99447, 361, 97, 424, 128
-0.994476, 345, 229, 408, 260
-0.994477, 117, 181, 148, 212
-0.994481, 241, 137, 304, 168
-0.994484, 153, 289, 184, 320
-0.994489, 57, 225, 88, 256
-0.994492, 361, 229, 392, 260
-0.994505, 237, 221, 268, 252
-0.994508, 129, 229, 160, 260
-0.994512, 265, 185, 328, 216
-0.994519, 197, 113, 228, 144
-0.99452, 89, 289, 152, 320
-0.99453, 393, 105, 456, 168
-0.994536, 217, 181, 248, 212
-0.994539, 41, 285, 72, 316
-0.994539, 217, 97, 280, 160
-0.994543, 17, 49, 80, 176
-0.994551, 49, 105, 176, 168
-0.994554, 65, 281, 96, 312
-0.994556, 393, 213, 424, 244
-0.994557, 301, 169, 332, 200
-0.994558, 413, 157, 444, 188
-0.994559, 49, 1, 112, 322
-0.994562, 361, 185, 392, 216
-0.994566, 385, 157, 448, 188
-0.994571, 333, 153, 364, 184
-0.994583, 329, 133, 360, 164
-0.994584, 225, 217, 256, 248
-0.994585, 185, 193, 216, 320
-0.994587, 217, 121, 280, 152
-0.994587, 341, 201, 372, 232
-0.994594, 253, 129, 284, 160
-0.994595, 81, 221, 112, 252
-0.994597, 377, 121, 408, 152
-0.994599, 269, 161, 300, 192
-0.994604, 185, 153, 216, 184
-0.994607, 297, 229, 328, 260
-0.994607, 37, 113, 68, 144
-0.994613, 229, 193, 260, 224
-0.994615, 173, 153, 204, 184
-0.994628, 397, 201, 428, 232
-0.994633, 161, 145, 288, 208
-0.994635, 293, 245, 324, 276
-0.994638, 125, 289, 156, 320
-0.994639, 173, 129, 204, 160
-0.994639, 201, 1, 264, 322
-0.994646, 73, 201, 104, 232
-0.994655, 125, 161, 156, 192
-0.994661, 349, 241, 380, 272
-0.994663, 185, 125, 216, 156
-0.994664, 65, 137, 96, 168
-0.994666, 379, 97, 394, 160
-0.994667, 49, 177, 80, 208
-0.99467, 201, 149, 232, 180
-0.994673, 401, 249, 432, 280
-0.994682, 49, 205, 80, 236
-0.994684, 321, 157, 384, 188
-0.994684, 369, 73, 432, 136
-0.994695, 161, 149, 192, 180
-0.994697, 257, 197, 320, 228
-0.994708, 297, 145, 360, 176
-0.994712, 49, 117, 80, 148
-0.994712, 105, 181, 136, 212
-0.994717, 181, 193, 212, 224
-0.994719, 373, 165, 404, 196
-0.994757, 121, 1, 184, 322
-0.994781, 369, 209, 432, 240
-0.994785, 369, 197, 432, 228
-0.994785, 369, 221, 432, 252
-0.994792, 209, 49, 272, 176
-0.994798, 41, 149, 104, 180
-0.9948, 361, 249, 424, 312
-0.9948, 137, 185, 200, 216
-0.994817, 81, 1, 144, 322
-0.994825, 1, 137, 500, 200
-0.994829, 1, 169, 128, 232
-0.994854, 33, 137, 96, 168
-0.994861, 345, 217, 408, 248
-0.994879, 401, 145, 464, 176
-0.994886, 433, 65, 496, 320
-0.994892, 417, 201, 480, 264
-0.994906, 201, 145, 264, 208
-0.994932, 409, 157, 472, 188
-0.994961, 103, 145, 118, 208
-0.994976, 185, 289, 248, 320
-0.994994, 321, 205, 384, 236
-0.994997, 41, 173, 104, 204
-0.995044, 193, 241, 256, 304
-0.995077, 45, 193, 76, 320
-0.995087, 337, 169, 400, 200
-0.9951, 113, 233, 240, 296
-0.995126, 169, 1, 232, 322
-0.995129, 177, 153, 240, 184
-0.995151, 265, 137, 328, 168
-0.995165, 363, 129, 378, 192
-0.995216, 289, 137, 416, 168
-0.995225, 113, 257, 240, 320
-0.995235, 321, 65, 384, 128
-0.995246, 113, 277, 176, 308
-0.995257, 193, 89, 256, 152
-0.995262, 153, 221, 216, 252
-0.995269, 293, 193, 324, 320
-0.995275, 401, 1, 464, 322
-0.995285, 129, 129, 192, 160
-0.995321, 33, 149, 160, 180
-0.995326, 313, 169, 376, 200
-0.995345, 185, 165, 248, 196
-0.99537, 433, 121, 496, 184
-0.995392, 225, 1, 288, 322
-0.995422, 109, 145, 124, 208
-0.99544, 249, 165, 312, 196
-0.995462, 79, 145, 94, 208
-0.995464, 233, 241, 296, 304
-0.995465, 117, 97, 148, 224
-0.995504, 97, 145, 112, 208
-0.99551, 137, 197, 200, 228
-0.995512, 209, 241, 336, 304
-0.995518, 177, 125, 240, 156
-0.995526, 41, 225, 104, 256
-0.995557, 49, 161, 176, 192
-0.995582, 153, 97, 216, 160
-0.995599, 17, 193, 80, 224
-0.995603, 119, 153, 134, 216
-0.995639, 401, 181, 464, 212
-0.995692, 249, 237, 312, 268
-0.995701, 209, 209, 272, 240
-0.995706, 345, 277, 408, 308
-0.995719, 225, 209, 352, 272
-0.995738, 393, 193, 456, 224
-0.99574, 321, 217, 384, 248
-0.995742, 65, 129, 128, 160
-0.995742, 17, 205, 80, 236
-0.995773, 313, 89, 376, 152
-0.995804, 1, 273, 64, 304
-0.995812, 177, 97, 304, 160
-0.995828, 217, 233, 280, 264
-0.995855, 369, 181, 432, 212
-0.995863, 129, 117, 192, 148
-0.995864, 169, 277, 232, 308
-0.995874, 297, 233, 360, 264
-0.99588, 373, 49, 404, 176
-0.995892, 125, 137, 140, 200
-0.995899, 375, 137, 390, 200
-0.995909, 315, 185, 330, 248
-0.995917, 257, 221, 320, 252
-0.995919, 85, 153, 100, 216
-0.995966, 273, 113, 336, 176
-0.995978, 17, 217, 144, 280
-0.995993, 129, 213, 256, 244
-0.995998, 241, 193, 304, 256
-0.996014, 217, 153, 280, 184
-0.996015, 305, 189, 432, 220
-0.996026, 13, 113, 44, 240
-0.99603, 105, 97, 136, 224
-0.996045, 97, 137, 224, 168
-0.996054, 289, 245, 352, 276
-0.996056, 289, 201, 416, 232
-0.996079, 369, 245, 432, 276
-0.996085, 193, 153, 448, 216
-0.996103, 73, 193, 104, 320
-0.996118, 1, 129, 256, 192
-0.996121, 17, 137, 144, 168
-0.996125, 393, 241, 456, 272
-0.99614, 355, 129, 370, 192
-0.996155, 289, 157, 352, 188
-0.996167, 289, 181, 352, 212
-0.99617, 145, 209, 160, 272
-0.996173, 105, 125, 168, 156
-0.996183, 17, 181, 80, 212
-0.996197, 433, 145, 496, 176
-0.996198, 367, 105, 382, 168
-0.996204, 313, 277, 376, 308
-0.996259, 433, 177, 496, 240
-0.996277, 369, 129, 432, 160
-0.996277, 185, 177, 248, 208
-0.99628, 17, 153, 80, 184
-0.996294, 65, 289, 128, 320
-0.996312, 105, 177, 168, 208
-0.996321, 1, 193, 128, 256
-0.996322, 41, 185, 104, 216
-0.996326, 329, 257, 392, 288
-0.99636, 241, 153, 304, 184
-0.996372, 91, 145, 106, 208
-0.996375, 321, 241, 384, 272
-0.996402, 395, 121, 410, 184
-0.996424, 307, 201, 322, 264
-0.996427, 429, 129, 460, 256
-0.996433, 169, 141, 232, 172
-0.996439, 97, 233, 160, 264
-0.996439, 385, 137, 400, 200
-0.996447, 177, 125, 304, 156
-0.996461, 225, 105, 352, 168
-0.996467, 461, 129, 492, 256
-0.996483, 369, 233, 432, 264
-0.996487, 347, 129, 362, 192
-0.996491, 113, 193, 144, 320
-0.9965, 387, 113, 402, 176
-0.996505, 209, 197, 272, 228
-0.996514, 233, 185, 248, 248
-0.996533, 49, 201, 176, 232
-0.996548, 433, 269, 496, 300
-0.996554, 225, 169, 288, 200
-0.996577, 417, 225, 480, 288
-0.996619, 129, 233, 192, 264
-0.996672, 325, 185, 340, 248
-0.996677, 193, 209, 208, 272
-0.996684, 401, 229, 464, 260
-0.996684, 25, 249, 88, 312
-0.996698, 433, 193, 464, 320
-0.996702, 33, 185, 288, 248
-0.996705, 65, 193, 80, 256
-0.996716, 135, 137, 150, 200
-0.996749, 9, 141, 72, 172
-0.996751, 305, 289, 368, 320
-0.996774, 161, 105, 416, 168
-0.996789, 151, 201, 166, 264
-0.996789, 257, 209, 500, 272
-0.996792, 81, 221, 208, 252
-0.996813, 139, 201, 154, 264
-0.996832, 17, 289, 144, 320
-0.996846, 209, 169, 272, 232
-0.996853, 69, 97, 100, 224
-0.996895, 305, 169, 320, 232
-0.996911, 363, 193, 378, 256
-0.996922, 369, 129, 384, 192
-0.996927, 73, 153, 88, 216
-0.996947, 393, 215, 424, 230
-0.996948, 345, 193, 376, 208
-0.996956, 141, 205, 172, 220
-0.996956, 169, 291, 200, 306
-0.996963, 57, 205, 88, 220
-0.996969, 141, 143, 172, 158
-0.996973, 393, 167, 424, 182
-0.996978, 357, 153, 388, 168
-0.99698, 185, 227, 216, 242
-0.996981, 57, 165, 88, 180
-0.996985, 465, 269, 496, 284
-0.996986, 141, 297, 172, 312
-0.997005, 117, 165, 148, 180
-0.997011, 73, 287, 104, 302
-0.997015, 137, 199, 168, 214
-0.997025, 209, 193, 336, 224
-0.997027, 169, 131, 200, 146
-0.997032, 69, 299, 100, 314
-0.997032, 365, 205, 396, 220
-0.997036, 241, 149, 368, 180
-0.99704, 149, 211, 180, 226
-0.997044, 361, 199, 392, 214
-0.997047, 193, 209, 224, 224
-0.997047, 277, 145, 308, 160
-0.997048, 49, 191, 80, 206
-0.997048, 369, 165, 400, 180
-0.997052, 129, 149, 256, 180
-0.997061, 385, 147, 416, 162
-0.997064, 49, 189, 176, 220
-0.997066, 361, 135, 392, 150
-0.997071, 53, 157, 84, 172
-0.997071, 377, 239, 408, 254
-0.997075, 65, 257, 192, 320
-0.997077, 369, 219, 400, 234
-0.997079, 349, 165, 380, 180
-0.997081, 357, 141, 388, 156
-0.997081, 57, 289, 88, 304
-0.997082, 97, 153, 352, 216
-0.997085, 177, 137, 304, 168
-0.997088, 309, 227, 340, 242
-0.997088, 153, 301, 184, 316
-0.9971, 301, 183, 332, 198
-0.997101, 189, 297, 220, 312
-0.997109, 221, 199, 252, 214
-0.997113, 113, 201, 144, 216
-0.997118, 381, 109, 412, 124
-0.997124, 337, 141, 464, 172
-0.997128, 125, 215, 156, 230
-0.997131, 125, 143, 156, 158
-0.997134, 377, 217, 392, 280
-0.997144, 357, 107, 388, 122
-0.997148, 165, 121, 180, 184
-0.997148, 297, 205, 328, 220
-0.997148, 105, 169, 136, 184
-0.997149, 381, 193, 412, 320
-0.997163, 199, 209, 214, 272
-0.997173, 193, 203, 224, 218
-0.997185, 37, 297, 68, 312
-0.997186, 201, 215, 232, 230
-0.997187, 69, 169, 100, 184
-0.99719, 133, 231, 164, 246
-0.997198, 65, 281, 96, 296
-0.997201, 65, 225, 96, 240
-0.997213, 215, 201, 230, 264
-0.997226, 353, 159, 384, 174
-0.997229, 113, 197, 240, 228
-0.997241, 377, 153, 408, 168
-0.997243, 161, 211, 192, 226
-0.997243, 169, 297, 200, 312
-0.997246, 221, 291, 252, 306
-0.997249, 371, 161, 386, 224
-0.997253, 141, 219, 172, 234
-0.997253, 53, 297, 84, 312
-0.997254, 353, 129, 384, 144
-0.997255, 133, 193, 148, 256
-0.997256, 389, 241, 420, 256
-0.99726, 69, 305, 100, 320
-0.99726, 257, 177, 500, 240
-0.997269, 369, 141, 400, 156
-0.99727, 209, 291, 240, 306
-0.997274, 341, 129, 356, 192
-0.997277, 213, 193, 244, 208
-0.997295, 169, 221, 200, 236
-0.997298, 289, 215, 320, 230
-0.997303, 125, 193, 156, 208
-0.997313, 409, 137, 424, 200
-0.997314, 85, 289, 116, 304
-0.997318, 157, 133, 188, 148
-0.997321, 353, 193, 368, 256
-0.997323, 81, 281, 112, 296
-0.997325, 337, 129, 464, 160
-0.997327, 217, 223, 248, 238
-0.99733, 161, 217, 416, 280
-0.99733, 353, 161, 368, 224
-0.99734, 85, 129, 100, 192
-0.99735, 353, 211, 384, 226
-0.997353, 353, 217, 384, 232
-0.997354, 121, 223, 152, 238
-0.997356, 449, 129, 480, 256
-0.997362, 289, 221, 320, 236
-0.997364, 109, 153, 124, 184
-0.997371, 413, 171, 444, 186
-0.997371, 97, 161, 224, 192
-0.997373, 257, 125, 384, 156
-0.997375, 81, 167, 112, 182
-0.997375, 353, 171, 384, 186
-0.997377, 179, 201, 194, 264
-0.997383, 389, 141, 420, 156
-0.997384, 317, 197, 332, 228
-0.997395, 349, 135, 380, 150
-0.997398, 281, 153, 312, 168
-0.9974, 141, 137, 156, 200
-0.997409, 49, 197, 80, 212
-0.997409, 117, 149, 148, 164
-0.997409, 49, 125, 176, 156
-0.997411, 61, 199, 92, 214
-0.997413, 125, 185, 140, 248
-0.997424, 145, 225, 272, 256
-0.997434, 181, 203, 212, 218
-0.997442, 373, 65, 404, 320
-0.997443, 225, 177, 240, 240
-0.997448, 173, 215, 204, 230
-0.997448, 157, 201, 172, 264
-0.997456, 129, 205, 160, 220
-0.99748, 383, 225, 398, 288
-0.997481, 321, 209, 336, 272
-0.99749, 213, 205, 244, 220
-0.997496, 197, 221, 228, 236
-0.997499, 209, 181, 336, 212
-0.997503, 375, 93, 390, 124
-0.997505, 391, 217, 406, 280
-0.997506, 113, 185, 240, 216
-0.997507, 193, 17, 448, 144
-0.997513, 187, 193, 202, 256
-0.997524, 101, 153, 116, 184
-0.997524, 117, 129, 132, 192
-0.997534, 125, 161, 140, 224
-0.997541, 157, 129, 172, 192
-0.997544, 289, 149, 416, 180
-0.99755, 341, 199, 372, 214
-0.997559, 325, 191, 356, 206
-0.997564, 385, 89, 400, 152
-0.997574, 153, 221, 184, 236
-0.997577, 131, 161, 146, 224
-0.997582, 301, 221, 332, 236
-0.997583, 399, 201, 414, 264
-0.997585, 145, 157, 176, 172
-0.997592, 181, 221, 212, 236
-0.997593, 305, 177, 432, 208
-0.997595, 193, 205, 320, 236
-0.997603, 345, 143, 376, 158
-0.997604, 181, 209, 212, 224
-0.997611, 397, 97, 428, 224
-0.997611, 337, 153, 464, 184
-0.997616, 353, 217, 368, 280
-0.997626, 309, 205, 340, 220
-0.997638, 133, 225, 164, 240
-0.997642, 163, 209, 178, 272
-0.997645, 315, 161, 330, 224
-0.997646, 301, 215, 332, 230
-0.997647, 171, 129, 186, 192
-0.997647, 225, 217, 288, 280
-0.997651, 315, 209, 330, 272
-0.997652, 365, 169, 380, 232
-0.997652, 59, 209, 74, 272
-0.997656, 147, 129, 162, 192
-0.997657, 125, 199, 156, 214
-0.997661, 361, 65, 392, 320
-0.997672, 369, 105, 400, 120
-0.997695, 75, 201, 90, 264
-0.997704, 77, 155, 108, 170
-0.997705, 1, 161, 128, 192
-0.997709, 145, 227, 176, 242
-0.997711, 145, 185, 160, 248
-0.997713, 295, 153, 310, 216
-0.997721, 297, 191, 328, 206
-0.997732, 433, 1, 496, 322
-0.997742, 113, 169, 128, 232
-0.997744, 227, 201, 242, 264
-0.997759, 65, 129, 80, 192
-0.997769, 381, 249, 412, 264
-0.997784, 91, 169, 106, 232
-0.997789, 309, 209, 324, 240
-0.997791, 397, 247, 428, 262
-0.997797, 293, 153, 324, 168
-0.997805, 241, 137, 368, 168
-0.997809, 151, 225, 166, 288
-0.99782, 169, 193, 184, 256
-0.997832, 137, 161, 152, 224
-0.997834, 107, 121, 122, 184
-0.997844, 353, 205, 384, 220
-0.997877, 321, 197, 352, 212
-0.997886, 303, 225, 318, 288
-0.997888, 307, 145, 322, 208
-0.997892, 93, 157, 108, 188
-0.997896, 361, 147, 392, 162
-0.997897, 151, 209, 166, 240
-0.997899, 353, 245, 480, 276
-0.9979, 93, 177, 124, 304
-0.997902, 173, 225, 188, 288
-0.997905, 273, 81, 400, 144
-0.997908, 113, 195, 144, 210
-0.997924, 119, 161, 134, 192
-0.997925, 373, 241, 388, 304
-0.997927, 71, 177, 86, 240
-0.997932, 263, 121, 278, 184
-0.997933, 93, 167, 124, 182
-0.997934, 297, 185, 312, 248
-0.997942, 81, 149, 112, 164
-0.997951, 337, 201, 464, 232
-0.997954, 81, 97, 112, 224
-0.997956, 257, 161, 384, 192
-0.997964, 1, 217, 500, 280
-0.997985, 73, 129, 88, 192
-0.997991, 177, 153, 304, 184
-0.997997, 373, 147, 404, 162
-0.997997, 365, 201, 380, 232
-0.998, 273, 225, 400, 256
-0.99801, 209, 169, 336, 200
-0.998012, 309, 197, 324, 228
-0.998013, 365, 141, 380, 172
-0.998014, 221, 201, 236, 264
-0.998017, 423, 137, 438, 200
-0.998019, 337, 117, 464, 148
-0.998023, 187, 169, 202, 232
-0.998028, 353, 129, 368, 160
-0.998031, 133, 159, 164, 174
-0.998033, 65, 289, 192, 320
-0.998034, 401, 225, 416, 288
-0.998035, 145, 221, 160, 252
-0.99804, 81, 185, 96, 248
-0.998044, 33, 217, 288, 280
-0.99805, 289, 213, 416, 244
-0.998062, 127, 149, 142, 180
-0.998064, 117, 145, 132, 176
-0.99808, 185, 129, 200, 192
-0.998081, 85, 153, 100, 184
-0.998082, 11, 113, 26, 176
-0.998084, 165, 129, 180, 160
-0.998085, 239, 185, 254, 248
-0.998092, 289, 241, 416, 272
-0.998094, 319, 185, 334, 216
-0.998099, 209, 201, 224, 264
-0.998102, 257, 189, 384, 220
-0.998108, 33, 173, 160, 204
-0.99811, 133, 149, 148, 180
-0.998117, 375, 73, 390, 136
-0.998118, 187, 205, 202, 236
-0.998118, 143, 161, 158, 224
-0.998126, 231, 161, 246, 224
-0.998126, 157, 177, 172, 240
-0.998126, 197, 65, 228, 320
-0.99813, 105, 157, 136, 172
-0.99813, 241, 97, 304, 160
-0.99814, 145, 289, 272, 320
-0.998145, 371, 109, 386, 140
-0.998161, 325, 197, 340, 228
-0.998166, 315, 209, 330, 240
-0.998172, 383, 109, 398, 140
-0.998175, 271, 129, 286, 192
-0.998177, 309, 193, 340, 208
-0.998184, 139, 149, 154, 180
-0.998185, 161, 233, 288, 296
-0.998189, 349, 65, 380, 320
-0.998191, 409, 169, 424, 232
-0.998197, 209, 217, 336, 248
-0.998206, 415, 169, 430, 232
-0.998209, 101, 121, 116, 184
-0.99821, 285, 137, 300, 200
-0.998212, 197, 217, 212, 248
-0.998212, 193, 185, 208, 248
-0.998214, 397, 145, 412, 208
-0.998223, 363, 125, 378, 156
-0.998223, 381, 97, 396, 128
-0.998229, 129, 153, 160, 168
-0.998241, 1, 213, 128, 244
-0.998247, 207, 225, 222, 288
-0.998252, 395, 249, 410, 312
-0.998254, 177, 153, 192, 216
-0.998264, 313, 137, 328, 200
-0.998273, 145, 149, 160, 180
-0.998275, 359, 153, 374, 216
-0.998282, 347, 169, 362, 232
-0.998285, 369, 193, 384, 256
-0.998289, 359, 137, 374, 168
-0.998289, 143, 205, 158, 236
-0.998289, 129, 173, 256, 204
-0.998291, 373, 145, 388, 176
-0.998294, 245, 113, 260, 176
-0.998298, 213, 65, 244, 320
-0.998299, 301, 199, 332, 214
-0.998309, 445, 193, 476, 320
-0.998316, 79, 149, 94, 180
-0.998323, 65, 49, 128, 176
-0.998325, 219, 177, 234, 240
-0.998331, 1, 113, 16, 176
-0.998336, 185, 49, 248, 176
-0.998339, 209, 285, 336, 316
-0.998348, 69, 163, 100, 178
-0.99835, 257, 121, 272, 184
-0.99835, 335, 137, 350, 200
-0.998352, 143, 137, 158, 168
-0.998354, 229, 197, 244, 228
-0.998359, 363, 217, 378, 280
-0.998361, 347, 129, 362, 160
-0.998361, 49, 113, 64, 176
-0.998382, 297, 149, 312, 180
-0.998388, 93, 121, 108, 184
-0.99839, 337, 65, 368, 320
-0.998391, 193, 245, 320, 276
-0.998391, 129, 137, 144, 168
-0.998406, 391, 237, 406, 268
-0.998407, 373, 161, 388, 192
-0.998415, 53, 65, 84, 320
-0.998416, 377, 193, 392, 256
-0.998416, 131, 113, 146, 176
-0.998422, 33, 233, 160, 264
-0.998423, 201, 185, 216, 248
-0.998423, 105, 165, 120, 196
-0.998427, 67, 197, 82, 228
-0.998428, 361, 153, 376, 184
-0.998428, 157, 65, 188, 320
-0.99843, 59, 113, 74, 176
-0.998433, 393, 49, 456, 176
-0.998437, 97, 151, 160, 166
-0.998439, 81, 105, 144, 168
-0.998443, 397, 245, 412, 276
-0.998445, 109, 141, 124, 172
-0.998447, 115, 193, 130, 256
-0.998447, 377, 113, 392, 144
-0.998453, 385, 65, 416, 320
-0.998457, 203, 105, 218, 168
-0.998458, 391, 145, 406, 208
-0.998469, 323, 209, 338, 240
-0.998471, 37, 105, 52, 168
-0.998474, 105, 163, 136, 178
-0.998474, 1, 201, 128, 232
-0.998481, 429, 137, 444, 200
-0.998481, 65, 159, 128, 174
-0.998489, 337, 165, 464, 196
-0.998493, 179, 205, 194, 236
-0.998494, 131, 197, 146, 228
-0.998497, 209, 233, 336, 264
-0.998497, 105, 161, 168, 176
-0.998504, 239, 113, 254, 176
-0.998507, 405, 237, 420, 268
-0.998513, 303, 201, 318, 232
-0.998515, 337, 137, 400, 152
-0.998519, 151, 221, 166, 252
-0.998521, 73, 153, 136, 168
-0.998524, 369, 115, 400, 130
-0.998525, 313, 185, 328, 216
-0.998528, 65, 165, 128, 180
-0.998533, 345, 131, 408, 146
-0.998538, 313, 197, 376, 212
-0.998538, 379, 145, 394, 176
-0.99854, 391, 137, 406, 168
-0.998543, 237, 193, 252, 224
-0.998544, 337, 145, 400, 160
-0.998544, 219, 193, 234, 224
-0.998547, 185, 223, 248, 238
-0.998549, 129, 157, 192, 172
-0.99855, 289, 113, 416, 144
-0.99855, 193, 205, 208, 236
-0.998551, 169, 65, 200, 320
-0.998558, 369, 97, 384, 128
-0.99856, 355, 193, 370, 224
-0.998562, 67, 213, 82, 244
-0.998562, 17, 277, 144, 308
-0.998563, 149, 137, 164, 168
-0.998563, 313, 139, 376, 154
-0.998565, 233, 65, 264, 320
-0.998566, 99, 281, 114, 312
-0.99857, 161, 221, 224, 236
-0.998574, 137, 295, 200, 310
-0.998576, 289, 97, 416, 128
-0.998577, 305, 191, 368, 206
-0.998583, 111, 165, 126, 196
-0.998586, 157, 213, 172, 244
-0.998587, 337, 103, 400, 118
-0.998588, 361, 103, 424, 118
-0.998588, 257, 153, 320, 168
-0.998588, 297, 205, 360, 220
-0.99859, 137, 219, 200, 234
-0.99859, 41, 163, 104, 178
-0.998591, 33, 299, 96, 314
-0.998591, 401, 173, 464, 188
-0.998592, 177, 299, 240, 314
-0.998594, 89, 167, 152, 182
-0.998594, 137, 151, 200, 166
-0.998595, 361, 169, 424, 184
-0.998596, 41, 219, 104, 234
-0.998598, 377, 141, 440, 156
-0.998598, 65, 297, 128, 312
-0.9986, 379, 81, 394, 208
-0.9986, 289, 215, 352, 230
-0.998602, 361, 147, 424, 162
-0.998603, 137, 217, 152, 248
-0.998603, 353, 203, 416, 218
-0.998604, 49, 153, 112, 168
-0.998605, 305, 185, 320, 216
-0.998605, 353, 155, 416, 170
-0.998606, 121, 229, 184, 244
-0.998608, 153, 211, 216, 226
-0.998608, 97, 299, 160, 314
-0.99861, 345, 193, 408, 208
-0.998611, 129, 197, 192, 212
-0.998611, 289, 151, 352, 166
-0.998611, 145, 205, 208, 220
-0.998612, 145, 131, 208, 146
-0.998612, 313, 145, 376, 160
-0.998612, 209, 223, 272, 238
-0.998614, 145, 227, 208, 242
-0.998614, 369, 215, 432, 230
-0.998616, 65, 143, 128, 158
-0.998616, 73, 225, 136, 240
-0.998617, 137, 303, 200, 318
-0.998618, 313, 133, 376, 148
-0.998618, 257, 211, 320, 226
-0.998619, 361, 161, 424, 176
-0.99862, 97, 145, 160, 160
-0.99862, 41, 289, 104, 304
-0.99862, 273, 221, 336, 236
-0.998621, 129, 143, 192, 158
-0.998621, 135, 137, 150, 168
-0.998621, 161, 193, 288, 224
-0.998621, 289, 197, 352, 212
-0.998622, 155, 141, 170, 172
-0.998622, 9, 299, 72, 314
-0.998622, 25, 121, 88, 136
-0.998623, 177, 215, 240, 230
-0.998624, 337, 135, 368, 150
-0.998625, 345, 119, 408, 134
-0.998626, 65, 191, 128, 206
-0.998626, 361, 109, 424, 124
-0.998627, 105, 221, 168, 236
-0.998628, 329, 207, 392, 222
-0.998628, 337, 109, 400, 124
-0.998629, 1, 279, 64, 294
-0.998629, 161, 305, 224, 320
-0.998629, 219, 221, 234, 252
-0.998631, 41, 169, 104, 184
-0.998631, 129, 281, 144, 312
-0.998632, 73, 197, 136, 212
-0.998632, 121, 133, 184, 148
-0.998633, 185, 205, 248, 220
-0.998633, 65, 217, 128, 232
-0.998634, 121, 203, 184, 218
-0.998634, 85, 165, 100, 196
-0.998634, 321, 163, 384, 178
-0.998634, 329, 151, 392, 166
-0.998634, 153, 157, 216, 172
-0.998635, 215, 205, 230, 236
-0.998635, 393, 199, 456, 214
-0.998636, 273, 205, 336, 220
-0.998636, 281, 191, 344, 206
-0.998637, 361, 175, 424, 190
-0.998639, 257, 173, 320, 188
-0.99864, 177, 199, 240, 214
-0.99864, 345, 125, 408, 140
-0.998641, 33, 213, 96, 228
-0.998641, 345, 213, 408, 228
-0.998642, 313, 215, 376, 230
-0.998642, 33, 205, 96, 220
-0.998643, 265, 167, 328, 182
-0.998643, 369, 209, 432, 224
-0.998643, 193, 307, 256, 322
-0.998643, 337, 173, 400, 188
-0.998643, 193, 119, 256, 134
-0.998643, 393, 157, 456, 172
-0.998644, 41, 181, 104, 196
-0.998644, 33, 65, 64, 320
-0.998644, 121, 289, 184, 304
-0.998645, 41, 199, 104, 214
-0.998646, 401, 163, 464, 178
-0.998646, 123, 213, 138, 244
-0.998646, 289, 157, 352, 172
-0.998647, 345, 239, 408, 254
-0.998647, 57, 303, 120, 318
-0.998648, 65, 171, 128, 186
-0.998648, 25, 127, 88, 142
-0.998648, 121, 209, 184, 224
-0.998649, 89, 293, 152, 308
-0.998649, 97, 227, 160, 242
-0.998649, 361, 97, 424, 112
-0.998649, 329, 157, 392, 172
-0.99865, 117, 281, 132, 312
-0.99865, 145, 137, 208, 152
-0.99865, 41, 189, 104, 204
-0.99865, 297, 227, 360, 242
-0.998651, 289, 145, 352, 160
-0.998651, 25, 157, 88, 172
-0.998651, 297, 221, 360, 236
-0.998652, 385, 187, 448, 202
-0.998652, 81, 305, 144, 320
-0.998652, 1, 121, 128, 152
-0.998653, 97, 199, 160, 214
-0.998653, 369, 223, 432, 238
-0.998654, 185, 65, 216, 320
-0.998654, 177, 157, 240, 172
-0.998654, 193, 113, 256, 128
-0.998654, 345, 219, 408, 234
-0.998654, 337, 97, 400, 112
-0.998655, 49, 227, 112, 242
-0.998655, 17, 193, 80, 208
-0.998656, 369, 193, 432, 208
-0.998656, 169, 131, 232, 146
-0.998656, 25, 137, 88, 152
-0.998656, 177, 229, 240, 244
-0.998656, 57, 209, 120, 224
-0.998657, 365, 173, 380, 204
-0.998662, 201, 205, 216, 236
-0.998664, 397, 137, 412, 168
-0.998665, 93, 145, 108, 176
-0.998666, 231, 177, 246, 208
-0.998666, 125, 193, 140, 224
-0.99867, 173, 213, 188, 244
-0.998676, 371, 129, 386, 160
-0.998681, 109, 281, 124, 312
-0.998681, 341, 133, 356, 164
-0.998684, 125, 161, 140, 192
-0.998686, 97, 125, 224, 156
-0.998694, 231, 209, 246, 240
-0.998696, 1, 257, 256, 320
-0.998701, 129, 65, 160, 320
-0.998702, 225, 289, 240, 320
-0.99871, 75, 161, 90, 192
-0.998718, 381, 217, 396, 248
-0.998721, 225, 213, 240, 244
-0.998724, 61, 205, 76, 236
-0.998729, 375, 205, 390, 236
-0.99873, 183, 217, 198, 248
-0.99873, 385, 141, 400, 172
-0.998731, 189, 217, 204, 248
-0.998731, 65, 105, 320, 168
-0.998742, 177, 113, 304, 144
-0.998746, 1, 113, 500, 176
-0.998751, 171, 129, 186, 160
-0.998752, 123, 137, 138, 168
-0.998753, 257, 173, 384, 204
-0.998753, 375, 217, 390, 248
-0.998755, 103, 137, 118, 168
-0.998757, 87, 141, 102, 172
-0.99876, 165, 289, 180, 320
-0.99876, 367, 97, 382, 224
-0.998767, 167, 213, 182, 244
-0.998771, 145, 65, 176, 320
-0.998771, 65, 65, 96, 320
-0.998776, 71, 285, 86, 316
-0.998784, 89, 155, 120, 170
-0.998786, 1, 193, 500, 256
-0.998787, 377, 229, 392, 260
-0.998788, 173, 289, 188, 320
-0.998789, 173, 81, 204, 208
-0.99879, 131, 185, 146, 216
-0.99879, 385, 97, 400, 224
-0.998791, 161, 257, 288, 320
-0.998791, 123, 285, 138, 316
-0.998792, 337, 221, 464, 252
-0.998795, 121, 159, 152, 174
-0.998796, 83, 281, 98, 312
-0.998798, 61, 217, 76, 248
-0.998801, 373, 97, 388, 224
-0.998803, 99, 165, 114, 196
-0.998811, 157, 289, 172, 320
-0.998816, 61, 193, 76, 224
-0.998816, 409, 161, 424, 192
-0.998817, 93, 281, 108, 312
-0.998821, 327, 185, 342, 216
-0.998826, 207, 225, 222, 256
-0.998829, 89, 49, 152, 176
-0.998833, 401, 201, 416, 232
-0.998836, 119, 185, 134, 216
-0.998837, 37, 285, 52, 316
-0.998837, 207, 209, 222, 240
-0.998838, 391, 249, 406, 280
-0.998839, 67, 185, 82, 216
-0.998844, 159, 225, 174, 256
-0.998845, 297, 201, 312, 232
-0.998851, 353, 185, 480, 216
-0.998854, 137, 201, 152, 232
-0.998854, 151, 157, 166, 188
-0.998859, 45, 145, 76, 272
-0.998861, 193, 161, 208, 192
-0.998865, 305, 221, 320, 252
-0.998866, 295, 249, 310, 280
-0.998869, 57, 89, 120, 152
-0.998877, 1, 161, 500, 224
-0.998879, 105, 151, 136, 166
-0.99888, 81, 161, 112, 176
-0.99889, 245, 65, 276, 320
-0.998891, 163, 129, 178, 256
-0.998897, 1, 97, 128, 160
-0.998918, 337, 97, 464, 128
-0.998924, 241, 161, 272, 288
-0.998927, 1, 185, 128, 216
-0.998959, 257, 65, 288, 320
-0.99897, 117, 145, 132, 272
-0.998972, 325, 65, 356, 320
-0.99898, 241, 113, 368, 144
-0.99899, 1, 81, 64, 144
-0.998994, 369, 99, 400, 114
-0.998997, 337, 233, 464, 264
-0.999007, 97, 257, 352, 320
-0.99903, 1, 65, 32, 320
-0.99905, 397, 65, 428, 320
-0.999058, 305, 145, 320, 272
-0.999069, 49, 113, 176, 144
-0.999072, 353, 113, 368, 240
-0.999074, 21, 65, 52, 320
-0.999084, 309, 65, 340, 320
-0.999084, 433, 81, 496, 208
-0.999091, 97, 277, 224, 308
-0.999097, 93, 65, 124, 320
-0.999115, 117, 65, 148, 320
-0.999117, 273, 81, 304, 208
-0.999124, 241, 245, 368, 276
-0.9992, 317, 129, 332, 256
-0.999212, 413, 65, 444, 320
-0.999217, 297, 129, 312, 256
-0.999228, 393, 113, 408, 240
-0.999238, 77, 65, 108, 320
-0.999256, 329, 193, 360, 320
-0.999262, 125, 145, 140, 272
-0.999269, 361, 113, 376, 240
-0.99927, 269, 65, 300, 320
-0.999276, 135, 145, 150, 272
-0.999276, 241, 205, 368, 236
-0.99929, 79, 129, 94, 256
-0.999294, 171, 113, 186, 240
-0.999307, 347, 113, 362, 240
-0.99931, 375, 145, 390, 272
-0.999313, 417, 177, 448, 304
-0.999331, 321, 257, 448, 288
-0.999346, 17, 265, 144, 296
-0.999348, 105, 65, 136, 320
-0.999352, 437, 65, 468, 320
-0.999363, 281, 65, 312, 320
-0.999371, 105, 129, 120, 256
-0.999394, 111, 145, 126, 272
-0.9994, 149, 129, 164, 256
-0.999401, 307, 193, 322, 320
-0.999403, 257, 105, 500, 168
-0.99941, 425, 65, 456, 320
-0.999415, 129, 109, 256, 140
-0.999428, 81, 233, 208, 264
-0.999431, 157, 129, 172, 256
-0.999435, 407, 145, 422, 272
-0.99944, 297, 65, 328, 320
-0.999441, 457, 65, 488, 320
-0.999449, 399, 129, 414, 256
-0.999474, 353, 285, 480, 316
-0.999482, 141, 129, 156, 256
-0.9995, 85, 129, 100, 256
-0.999501, 81, 173, 208, 204
-0.999508, 145, 237, 272, 268
-0.999509, 25, 89, 88, 152
-0.999511, 97, 129, 112, 256
-0.999519, 319, 177, 334, 304
-0.999519, 367, 145, 382, 272
-0.99953, 189, 129, 204, 256
-0.999545, 289, 289, 416, 320
-0.999552, 231, 219, 246, 234
-0.999552, 305, 193, 320, 208
-0.999552, 175, 209, 190, 224
-0.999553, 195, 207, 210, 222
-0.999553, 165, 303, 180, 318
-0.999554, 59, 215, 74, 230
-0.999554, 349, 199, 364, 214
-0.999554, 413, 171, 428, 186
-0.999554, 1, 283, 16, 298
-0.999555, 147, 297, 162, 312
-0.999555, 115, 169, 130, 184
-0.999555, 95, 283, 110, 298
-0.999556, 299, 213, 314, 228
-0.999556, 297, 145, 312, 160
-0.999557, 297, 157, 312, 172
-0.999559, 227, 189, 242, 204
-0.999559, 61, 197, 76, 212
-0.999561, 291, 153, 306, 168
-0.999561, 181, 213, 196, 228
-0.999561, 223, 223, 238, 238
-0.999561, 149, 231, 164, 246
-0.999562, 389, 243, 404, 258
-0.999562, 219, 203, 234, 218
-0.999563, 143, 231, 158, 246
-0.999564, 399, 249, 414, 264
-0.999564, 217, 217, 232, 232
-0.999564, 379, 245, 394, 260
-0.999565, 147, 209, 162, 224
-0.999566, 311, 145, 326, 272
-0.999566, 231, 203, 246, 218
-0.999567, 173, 215, 188, 230
-0.999567, 101, 149, 116, 164
-0.999567, 419, 171, 434, 186
-0.999568, 361, 131, 376, 146
-0.999569, 409, 247, 424, 262
-0.99957, 365, 157, 380, 172
-0.99957, 129, 149, 144, 164
-0.99957, 153, 211, 168, 226
-0.999571, 129, 299, 144, 314
-0.999571, 67, 215, 82, 230
-0.999571, 101, 297, 116, 312
-0.999571, 399, 243, 414, 258
-0.999573, 135, 227, 150, 242
-0.999573, 363, 139, 378, 154
-0.999575, 91, 167, 106, 182
-0.999575, 149, 155, 164, 170
-0.999576, 171, 293, 186, 308
-0.999576, 79, 153, 94, 168
-0.999577, 99, 169, 114, 184
-0.999577, 161, 135, 176, 150
-0.999577, 393, 249, 408, 264
-0.999578, 375, 107, 390, 122
-0.999579, 363, 163, 378, 178
-0.99958, 343, 135, 358, 150
-0.999582, 321, 225, 336, 240
-0.999582, 323, 209, 338, 224
-0.999582, 99, 289, 114, 304
-0.999583, 371, 171, 386, 186
-0.999583, 117, 299, 132, 314
-0.999585, 379, 145, 394, 160
-0.999586, 305, 153, 320, 168
-0.999587, 395, 141, 410, 156
-0.999588, 185, 205, 200, 220
-0.999588, 187, 215, 202, 230
-0.999589, 357, 137, 372, 152
-0.99959, 365, 105, 380, 120
-0.99959, 167, 129, 182, 144
-0.99959, 211, 205, 226, 220
-0.999591, 309, 219, 324, 234
-0.999591, 117, 281, 132, 296
-0.999592, 233, 191, 248, 206
-0.999592, 325, 193, 340, 208
-0.999593, 131, 195, 146, 210
-0.999598, 355, 205, 370, 220
-0.999599, 135, 151, 150, 166
-0.999599, 225, 291, 240, 306
-0.9996, 305, 207, 320, 222
-0.999601, 107, 297, 122, 312
-0.999601, 355, 197, 370, 212
-0.999602, 141, 203, 156, 218
-0.999602, 373, 165, 388, 180
-0.999602, 197, 221, 212, 236
-0.999603, 117, 149, 132, 164
-0.999603, 83, 167, 98, 182
-0.999604, 317, 189, 332, 204
-0.999605, 137, 159, 152, 174
-0.999606, 361, 171, 376, 186
-0.999606, 235, 197, 250, 212
-0.999607, 131, 201, 146, 216
-0.999608, 313, 213, 328, 228
-0.999609, 361, 145, 376, 160
-0.999609, 155, 221, 170, 236
-0.999611, 325, 199, 340, 214
-0.999611, 125, 195, 140, 210
-0.999612, 73, 129, 88, 256
-0.999613, 143, 153, 158, 168
-0.999615, 373, 147, 388, 162
-0.99962, 367, 147, 382, 162
-0.99962, 385, 147, 400, 162
-0.99962, 107, 151, 122, 166
-0.99962, 383, 111, 398, 126
-0.999623, 307, 213, 322, 228
-0.999624, 379, 99, 394, 114
-0.999625, 67, 203, 82, 218
-0.999626, 229, 197, 244, 212
-0.999626, 65, 193, 80, 320
-0.999627, 375, 113, 390, 128
-0.999629, 73, 163, 88, 178
-0.999632, 167, 135, 182, 150
-0.999632, 365, 205, 380, 220
-0.999632, 301, 81, 332, 208
-0.999634, 95, 153, 110, 168
-0.999635, 65, 113, 80, 240
-0.999636, 399, 193, 414, 320
-0.999642, 109, 167, 124, 182
-0.999644, 143, 219, 158, 234
-0.999644, 85, 155, 100, 170
-0.999645, 307, 199, 322, 214
-0.999647, 131, 159, 146, 174
-0.999651, 149, 225, 164, 240
-0.999653, 281, 177, 312, 304
-0.999655, 125, 161, 140, 176
-0.999656, 351, 135, 366, 150
-0.999657, 193, 249, 448, 312
-0.999663, 87, 161, 102, 176
-0.999665, 103, 163, 118, 178
-0.999671, 273, 257, 400, 288
-0.999676, 317, 207, 332, 222
-0.999679, 291, 129, 306, 256
-0.999681, 311, 205, 326, 220
-0.999682, 143, 225, 158, 240
-0.999685, 97, 161, 112, 176
-0.999686, 297, 151, 312, 166
-0.999686, 3, 113, 18, 240
-0.999687, 373, 97, 388, 112
-0.999689, 469, 65, 500, 320
-0.999693, 79, 161, 94, 176
-0.999694, 231, 113, 246, 240
-0.999706, 317, 195, 332, 210
-0.99971, 119, 163, 134, 178
-0.999716, 93, 161, 124, 176
-0.999719, 153, 177, 168, 304
-0.999719, 195, 193, 210, 320
-0.99972, 317, 201, 332, 216
-0.999726, 341, 113, 356, 240
-0.999728, 381, 145, 396, 272
-0.999728, 195, 113, 210, 240
-0.999752, 229, 161, 244, 288
-0.999755, 91, 129, 106, 256
-0.999756, 101, 155, 116, 170
-0.999759, 109, 161, 124, 176
-0.999764, 407, 193, 422, 320
-0.999764, 177, 129, 192, 256
-0.999783, 369, 257, 496, 288
-0.999785, 325, 177, 340, 304
-0.999788, 59, 113, 74, 240
-0.999799, 127, 97, 142, 224
-0.999801, 183, 129, 198, 256
-0.999801, 201, 193, 216, 320
-0.999803, 53, 97, 68, 224
-0.999807, 127, 193, 142, 320
-0.999817, 71, 177, 86, 304
-0.999828, 211, 193, 226, 320
-0.999836, 327, 129, 342, 256
-0.999843, 245, 113, 260, 240
-0.999845, 81, 265, 208, 296
-0.999845, 313, 193, 328, 320
-0.999849, 251, 113, 266, 240
-0.999855, 145, 269, 272, 300
-0.999863, 169, 193, 184, 320
-0.999876, 371, 193, 386, 320
-0.99989, 353, 273, 480, 304
-0.999892, 221, 97, 236, 224
-0.999903, 193, 81, 448, 144
-0.999907, 365, 193, 380, 320
-0.99991, 305, 277, 432, 308
-0.999917, 9, 113, 24, 240
-0.999926, 221, 193, 236, 320
-0.999928, 239, 113, 254, 240
-0.999934, 187, 177, 202, 304
-0.999939, 335, 113, 350, 240
-0.99994, 217, 65, 248, 192
-0.999942, 391, 177, 406, 304
-0.999943, 207, 97, 222, 224
-0.999943, 351, 177, 366, 304
-0.999946, 259, 113, 274, 240
-0.999947, 175, 193, 190, 320
-0.999959, 241, 273, 368, 304
-0.999968, 285, 129, 300, 256
-0.999968, 299, 177, 314, 304
-0.999975, 373, 49, 388, 176
-0.999981, 267, 113, 282, 240
-0.999982, 37, 97, 52, 224
-1.00001, 201, 97, 216, 224
-1.00001, 239, 161, 254, 288
-1.00002, 15, 113, 30, 240
-1.00002, 97, 253, 224, 284
-1.00002, 357, 161, 372, 288
-1.00003, 143, 193, 158, 320
-1.00004, 17, 249, 144, 280
-1.00004, 121, 193, 136, 320
-1.00005, 77, 177, 92, 304
-1.00005, 441, 177, 456, 304
-1.00005, 385, 49, 416, 176
-1.00005, 329, 81, 360, 208
-1.00005, 25, 97, 40, 224
-1.00007, 47, 97, 62, 224
-1.00008, 275, 129, 290, 256
-1.00008, 391, 65, 406, 192
-1.0001, 215, 97, 230, 224
-1.0001, 419, 129, 434, 256
-1.00011, 345, 177, 360, 304
-1.00011, 135, 193, 150, 320
-1.00011, 133, 97, 148, 224
-1.00012, 433, 129, 448, 256
-1.00012, 181, 177, 196, 304
-1.00013, 121, 97, 136, 224
-1.00013, 377, 193, 392, 320
-1.00013, 417, 193, 432, 320
-1.00014, 59, 193, 74, 320
-1.00016, 159, 177, 174, 304
-1.00017, 201, 145, 216, 272
-1.00017, 193, 273, 320, 304
-1.00018, 57, 65, 88, 192
-1.00018, 443, 129, 458, 256
-1.00019, 385, 193, 400, 320
-1.00019, 359, 65, 374, 192
-1.0002, 111, 193, 126, 320
-1.0002, 217, 145, 232, 272
-1.0002, 209, 257, 336, 288
-1.00022, 305, 97, 320, 224
-1.00023, 481, 129, 496, 256
-1.00023, 211, 145, 226, 272
-1.00024, 427, 129, 442, 256
-1.00024, 413, 145, 428, 272
-1.00025, 353, 81, 480, 144
-1.00026, 87, 177, 102, 304
-1.00026, 435, 177, 450, 304
-1.00027, 273, 85, 400, 116
-1.00028, 367, 49, 382, 176
-1.00028, 463, 129, 478, 256
-1.00028, 449, 129, 464, 256
-1.00029, 111, 97, 126, 224
-1.00029, 31, 97, 46, 224
-1.0003, 407, 97, 422, 224
-1.00032, 53, 145, 68, 272
-1.00033, 475, 129, 490, 256
-1.00034, 223, 145, 238, 272
-1.00034, 161, 81, 176, 208
-1.00034, 455, 129, 470, 256
-1.00035, 469, 129, 484, 256
-1.00037, 33, 145, 64, 272
-1.00037, 73, 81, 88, 208
-1.00044, 65, 233, 192, 296
-1.00045, 153, 81, 184, 208
-1.00047, 145, 253, 272, 284
-1.00053, 1, 241, 500, 304
-1.00064, 353, 85, 480, 116
-1.00071, 1, 109, 128, 140
-1.0009, 113, 97, 240, 128
-1.00091, 49, 33, 176, 160
-1.00091, 313, 17, 376, 144
-1.00104, 257, 73, 384, 104
-1.00108, 241, 101, 368, 132
-1.00115, 369, 41, 496, 72
-1.00117, 177, 101, 304, 132
-1.00122, 237, 65, 268, 192
-1.00124, 261, 81, 292, 208
-1.00129, 49, 101, 176, 132
-1.00131, 257, 33, 320, 160
-1.00136, 113, 89, 240, 152
-1.00142, 113, 33, 176, 160
-1.00144, 337, 29, 464, 60
-1.00147, 369, 13, 496, 44
-1.00148, 289, 81, 320, 208
-1.00152, 141, 81, 172, 208
-1.00159, 113, 21, 240, 52
-1.00159, 337, 73, 464, 104
-1.0016, 97, 37, 224, 68
-1.00161, 321, 41, 448, 72
-1.00162, 93, 81, 124, 208
-1.00164, 1, 49, 128, 80
-1.00165, 49, 37, 176, 68
-1.00165, 369, 53, 496, 84
-1.00165, 1, 21, 128, 52
-1.00166, 369, 1, 496, 32
-1.00166, 1, 81, 256, 144
-1.00173, 65, 9, 192, 40
-1.00173, 161, 13, 288, 44
-1.00174, 1, 5, 128, 36
-1.00174, 129, 85, 256, 116
-1.00176, 321, 17, 448, 48
-1.00176, 177, 89, 304, 120
-1.00177, 1, 33, 128, 64
-1.00177, 253, 161, 284, 288
-1.00178, 193, 33, 320, 64
-1.00178, 177, 49, 304, 80
-1.00178, 49, 21, 176, 52
-1.0018, 145, 1, 272, 32
-1.0018, 33, 85, 160, 116
-1.00181, 273, 13, 400, 44
-1.00181, 273, 41, 400, 72
-1.00182, 129, 49, 256, 80
-1.00182, 225, 61, 352, 92
-1.00182, 273, 61, 400, 92
-1.0019, 341, 65, 372, 192
-1.00201, 249, 65, 280, 192
-1.00211, 161, 33, 224, 160
-1.00228, 97, 17, 224, 144
-1.00241, 9, 65, 40, 192
-1.00248, 345, 1, 408, 128
-1.00255, 49, 81, 176, 144
-1.00256, 273, 57, 400, 120
-1.00261, 337, 41, 400, 104
-1.00262, 105, 97, 168, 160
-1.00289, 129, 89, 192, 152
-1.00292, 33, 193, 64, 320
-1.00295, 153, 73, 216, 136
-1.00297, 137, 33, 200, 160
-1.00307, 193, 57, 448, 120
-1.00315, 257, 1, 500, 64
-1.00326, 257, 33, 500, 96
-1.00327, 417, 33, 480, 96
-1.00327, 269, 177, 300, 304
-1.00328, 45, 49, 76, 176
-1.00332, 317, 81, 348, 208
-1.00338, 1, 9, 256, 72
-1.00339, 209, 33, 336, 160
-1.00352, 129, 25, 384, 88
-1.0036, 433, 1, 496, 128
-1.0036, 97, 73, 352, 136
-1.00364, 161, 1, 416, 64
-1.00364, 289, 89, 352, 152
-1.00366, 1, 41, 256, 104
-1.00371, 97, 49, 352, 112
-1.00385, 457, 177, 488, 304
-1.00405, 185, 65, 216, 192
-1.00411, 469, 177, 500, 304
-1.0042, 225, 73, 288, 136
-1.00431, 393, 33, 456, 96
-1.00432, 205, 49, 236, 176
-1.00436, 89, 73, 152, 136
-1.00449, 225, 81, 352, 144
-1.00449, 5, 161, 36, 288
-1.00458, 469, 81, 500, 208
-1.0046, 417, 97, 480, 160
-1.00461, 265, 89, 328, 152
-1.00481, 353, 57, 480, 120
-1.00481, 65, 1, 320, 128
-1.00492, 9, 1, 72, 128
-1.005, 1, 89, 500, 152
-1.00523, 17, 193, 48, 320
-1.00524, 353, 33, 480, 96
-1.00532, 393, 81, 456, 144
-1.00535, 377, 9, 440, 72
-1.00535, 437, 81, 468, 208
-1.00537, 425, 81, 456, 208
-1.00539, 345, 65, 408, 128
-1.00546, 33, 49, 64, 176
-1.0055, 177, 73, 304, 136
-1.00572, 433, 9, 496, 72
-1.00572, 121, 65, 184, 128
-1.0058, 409, 81, 440, 208
-1.0058, 233, 17, 296, 144
-1.00585, 369, 9, 496, 72
-1.00587, 113, 65, 240, 128
-1.00587, 409, 1, 472, 128
-1.00595, 361, 41, 424, 104
-1.00595, 161, 49, 224, 112
-1.00596, 185, 49, 248, 112
-1.00602, 1, 1, 500, 64
-1.00603, 273, 33, 400, 96
-1.00605, 457, 81, 488, 208
-1.00606, 89, 1, 152, 128
-1.00614, 321, 9, 448, 72
-1.00615, 401, 9, 464, 72
-1.00615, 397, 49, 428, 176
-1.00619, 97, 33, 160, 96
-1.00619, 121, 33, 184, 96
-1.00624, 305, 33, 368, 96
-1.00629, 1, 25, 128, 88
-1.00636, 353, 17, 480, 144
-1.00638, 89, 1, 152, 64
-1.00638, 305, 1, 368, 64
-1.00638, 345, 1, 408, 64
-1.00639, 25, 65, 88, 128
-1.00641, 1, 33, 500, 96
-1.00656, 41, 17, 104, 144
-1.00658, 21, 49, 52, 176
-1.00658, 129, 41, 256, 104
-1.00676, 113, 9, 240, 72
-1.00676, 177, 41, 304, 104
-1.00679, 73, 49, 104, 176
-1.00687, 33, 1, 160, 64
-1.00691, 81, 33, 208, 96
-1.00694, 209, 17, 336, 80
-1.00695, 193, 1, 256, 128
-1.00699, 1, 57, 500, 120
-1.00708, 105, 49, 136, 176
-1.00709, 125, 49, 156, 176
-1.00713, 273, 1, 400, 64
-1.00716, 1, 73, 128, 136
-1.00726, 281, 33, 344, 160
-1.00727, 161, 9, 288, 72
-1.00727, 225, 41, 352, 104
-1.00731, 1, 49, 128, 112
-1.00746, 369, 1, 432, 128
-1.00764, 305, 1, 432, 128
-1.00772, 145, 1, 272, 128
-1.00813, 357, 17, 388, 144
-1.00833, 65, 57, 192, 120
-1.00889, 329, 33, 360, 160
-1.00904, 345, 17, 376, 144
-1.00914, 149, 33, 180, 160
-1.00923, 57, 17, 88, 144
-1.00951, 169, 33, 200, 160
-1.01004, 9, 17, 40, 144
-1.01007, 125, 1, 156, 128
-1.01015, 185, 17, 216, 144
-1.01015, 261, 33, 292, 160
-1.01017, 217, 17, 248, 144
-1.01035, 1, 1, 128, 128
-1.01047, 229, 17, 260, 144
-1.0105, 433, 1, 464, 128
-1.01067, 273, 33, 304, 160
-1.01068, 65, 1, 128, 128
-1.01089, 445, 1, 476, 128
-1.01098, 113, 1, 144, 128
-1.01109, 137, 33, 168, 160
-1.01109, 313, 33, 344, 160
-1.01116, 373, 1, 404, 128
-1.01117, 421, 1, 452, 128
