1880
-0.471567, 1, 65, 500, 320
-0.498108, 1, 1, 500, 329
-0.624029, 161, 1, 416, 329
-0.678347, 257, 1, 500, 329
-0.73392, 225, 65, 480, 320
-0.740858, 65, 1, 320, 329
-0.779582, 129, 1, 384, 256
-0.869123, 33, 65, 288, 320
-0.887432, 209, 1, 336, 329
-0.893161, 305, 65, 432, 320
-0.900205, 225, 1, 352, 256
-0.907399, 257, 1, 384, 329
-0.907534, 1, 209, 500, 329
-0.910986, 305, 1, 432, 329
-0.915909, 1, 129, 500, 256
-0.92247, 369, 1, 496, 329
-0.924026, 353, 65, 480, 320
-0.925135, 1, 81, 500, 208
-0.93105, 161, 1, 288, 329
-0.935149, 145, 1, 272, 256
-0.940799, 225, 97, 480, 224
-0.944161, 257, 209, 500, 329
-0.946337, 1, 17, 500, 144
-0.949248, 305, 177, 432, 304
-0.953559, 225, 145, 480, 272
-0.953798, 225, 49, 480, 176
-0.956836, 113, 1, 240, 329
-0.959998, 305, 129, 432, 256
-0.960166, 225, 161, 352, 288
-0.960341, 257, 209, 384, 329
-0.960447, 329, 209, 392, 329
-0.961437, 97, 65, 224, 320
-0.961534, 129, 49, 384, 176
-0.963126, 289, 81, 416, 208
-0.964423, 161, 193, 416, 320
-0.964639, 289, 209, 352, 329
-0.964756, 241, 65, 368, 192
-0.964771, 409, 209, 472, 329
-0.964774, 369, 209, 496, 329
-0.965084, 225, 17, 352, 144
-0.965104, 65, 1, 192, 329
-0.965262, 345, 97, 408, 224
-0.966187, 49, 65, 176, 320
-0.966252, 33, 209, 288, 329
-0.9666, 1, 65, 128, 320
-0.966787, 129, 113, 384, 240
-0.967289, 281, 129, 344, 256
-0.967479, 129, 1, 384, 128
-0.96798, 321, 161, 384, 288
-0.968545, 369, 193, 432, 320
-0.96913, 353, 129, 480, 256
-0.969426, 313, 81, 376, 208
-0.969763, 225, 113, 352, 240
-0.970079, 249, 129, 312, 256
-0.970479, 1, 1, 128, 329
-0.971186, 225, 97, 288, 224
-0.971297, 313, 209, 376, 272
-0.9727, 369, 129, 432, 256
-0.972937, 369, 49, 496, 176
-0.974014, 241, 49, 304, 176
-0.974506, 161, 49, 288, 176
-0.974519, 225, 1, 480, 128
-0.974579, 265, 193, 328, 320
-0.974695, 337, 241, 400, 304
-0.974705, 409, 129, 472, 256
-0.974909, 161, 97, 288, 224
-0.974928, 257, 1, 320, 128
-0.97503, 409, 217, 472, 280
-0.975161, 289, 217, 352, 280
-0.975607, 209, 49, 272, 176
-0.975842, 345, 97, 408, 160
-0.975999, 201, 97, 264, 224
-0.976179, 281, 17, 344, 144
-0.976429, 401, 241, 464, 304
-0.976781, 377, 265, 440, 328
-0.976781, 401, 265, 464, 328
-0.977266, 369, 225, 432, 288
-0.977612, 257, 145, 320, 208
-0.977838, 433, 209, 496, 329
-0.977869, 33, 209, 96, 329
-0.977996, 241, 81, 304, 144
-0.978, 281, 137, 344, 200
-0.978004, 33, 145, 288, 272
-0.978086, 65, 209, 192, 329
-0.978195, 305, 257, 432, 320
-0.978276, 33, 257, 96, 320
-0.978287, 209, 209, 336, 329
-0.978329, 337, 265, 400, 328
-0.978367, 33, 81, 288, 208
-0.978487, 33, 33, 288, 160
-0.978703, 297, 161, 360, 224
-0.978887, 313, 185, 376, 248
-0.979359, 225, 161, 288, 288
-0.979393, 321, 193, 448, 256
-0.979431, 185, 49, 248, 176
-0.979557, 305, 33, 368, 160
-0.979666, 289, 1, 352, 256
-0.979678, 321, 1, 448, 128
-0.97994, 273, 193, 336, 256
-0.980314, 297, 265, 360, 328
-0.980327, 1, 209, 128, 329
-0.980469, 57, 265, 120, 328
-0.980628, 433, 209, 496, 272
-0.980673, 201, 1, 264, 128
-0.980856, 273, 17, 400, 144
-0.980867, 393, 65, 456, 192
-0.981251, 377, 201, 440, 264
-0.981266, 65, 209, 128, 329
-0.981335, 273, 81, 336, 208
-0.981355, 225, 105, 288, 168
-0.981367, 409, 185, 472, 248
-0.981384, 361, 129, 424, 192
-0.981731, 81, 265, 144, 328
-0.981789, 249, 1, 312, 64
-0.981819, 89, 209, 152, 329
-0.981826, 433, 1, 496, 128
-0.981863, 345, 49, 408, 176
-0.981886, 265, 105, 328, 168
-0.981939, 193, 209, 256, 329
-0.981956, 313, 233, 376, 296
-0.982067, 1, 209, 64, 329
-0.982231, 209, 57, 272, 120
-0.982644, 409, 161, 472, 224
-0.982772, 265, 1, 328, 256
-0.982917, 305, 73, 368, 136
-0.982977, 337, 217, 400, 280
-0.983011, 145, 209, 272, 329
-0.983117, 233, 137, 296, 200
-0.983233, 369, 81, 432, 208
-0.98327, 433, 265, 496, 328
-0.98328, 353, 233, 480, 296
-0.983612, 361, 65, 424, 320
-0.983642, 161, 1, 288, 128
-0.983651, 321, 161, 384, 224
-0.983689, 217, 209, 280, 329
-0.983763, 305, 233, 432, 296
-0.983813, 325, 193, 356, 320
-0.984177, 289, 97, 416, 160
-0.984209, 313, 65, 376, 320
-0.984259, 33, 265, 160, 328
-0.984354, 305, 129, 368, 192
-0.984364, 337, 185, 400, 248
-0.98439, 433, 241, 496, 304
-0.984704, 9, 257, 72, 320
-0.984706, 265, 25, 328, 88
-0.984845, 329, 209, 360, 272
-0.984931, 305, 129, 432, 192
-0.985042, 385, 137, 448, 200
-0.985067, 369, 257, 496, 320
-0.985103, 241, 33, 304, 288
-0.985149, 321, 169, 448, 232
-0.985223, 225, 1, 288, 128
-0.98527, 201, 145, 264, 272
-0.985405, 137, 209, 200, 329
-0.985622, 201, 89, 264, 152
-0.985703, 177, 145, 304, 272
-0.985835, 345, 161, 408, 288
-0.985885, 277, 129, 308, 192
-0.985888, 365, 97, 396, 160
-0.985955, 417, 225, 448, 288
-0.98599, 309, 217, 340, 280
-0.986009, 369, 1, 496, 128
-0.986029, 225, 169, 352, 232
-0.986063, 257, 169, 320, 232
-0.986237, 257, 257, 320, 320
-0.986241, 409, 265, 440, 328
-0.986402, 321, 169, 352, 232
-0.986514, 201, 1, 264, 256
-0.986514, 177, 1, 240, 128
-0.986547, 233, 161, 296, 224
-0.986547, 337, 161, 368, 224
-0.986692, 341, 257, 372, 320
-0.986753, 17, 161, 80, 288
-0.986885, 305, 145, 336, 272
-0.986916, 337, 33, 400, 288
-0.986926, 261, 145, 292, 208
-0.987048, 353, 233, 384, 296
-0.987052, 305, 129, 336, 192
-0.987063, 289, 49, 352, 112
-0.987077, 377, 105, 408, 168
-0.987123, 385, 65, 448, 320
-0.987203, 369, 105, 432, 168
-0.987339, 409, 65, 472, 320
-0.987379, 365, 97, 396, 224
-0.98742, 393, 129, 424, 192
-0.987475, 233, 97, 264, 160
-0.987489, 433, 113, 496, 240
-0.987508, 25, 233, 88, 296
-0.987539, 393, 105, 456, 168
-0.987552, 341, 89, 372, 152
-0.987586, 169, 193, 232, 320
-0.987592, 257, 201, 384, 264
-0.987608, 301, 193, 332, 256
-0.987655, 249, 81, 280, 144
-0.987656, 353, 257, 384, 320
-0.98768, 61, 265, 92, 328
-0.987704, 257, 145, 384, 208
-0.987717, 341, 161, 372, 288
-0.98776, 353, 89, 384, 152
-0.987769, 249, 113, 280, 176
-0.987777, 281, 1, 344, 329
-0.987805, 241, 65, 368, 128
-0.987829, 201, 33, 264, 96
-0.987922, 341, 209, 372, 329
-0.987935, 321, 97, 384, 160
-0.988009, 325, 265, 356, 328
-0.988061, 365, 241, 396, 304
-0.988083, 225, 225, 352, 288
-0.988092, 433, 161, 496, 288
-0.988132, 297, 17, 328, 80
-0.98822, 345, 1, 408, 128
-0.98824, 341, 217, 372, 280
-0.988304, 421, 201, 452, 264
-0.988306, 417, 209, 448, 329
-0.988337, 293, 105, 324, 168
-0.98836, 369, 177, 432, 240
-0.988442, 105, 265, 168, 328
-0.988455, 317, 129, 348, 192
-0.988505, 289, 241, 352, 304
-0.988507, 209, 153, 272, 216
-0.988519, 301, 153, 332, 216
-0.988549, 397, 145, 428, 272
-0.988571, 73, 265, 104, 328
-0.988581, 321, 233, 352, 296
-0.988588, 225, 33, 352, 96
-0.988609, 405, 145, 436, 208
-0.988675, 313, 1, 376, 329
-0.988737, 457, 209, 488, 272
-0.988737, 441, 217, 472, 280
-0.988744, 217, 1, 280, 64
-0.988773, 469, 249, 500, 312
-0.988805, 289, 145, 320, 208
-0.988823, 393, 249, 424, 312
-0.988835, 305, 265, 336, 328
-0.988847, 405, 233, 436, 296
-0.988853, 229, 49, 260, 112
-0.98891, 1, 225, 64, 288
-0.98892, 177, 25, 240, 88
-0.98895, 169, 97, 232, 224
-0.988989, 257, 265, 384, 328
-0.988993, 113, 209, 176, 329
-0.988998, 213, 73, 244, 136
-0.989005, 353, 73, 416, 136
-0.989023, 41, 257, 72, 320
-0.989043, 273, 169, 400, 232
-0.989071, 457, 249, 488, 312
-0.989103, 241, 209, 304, 329
-0.989128, 245, 145, 276, 208
-0.98913, 121, 265, 152, 328
-0.989157, 57, 241, 120, 304
-0.989266, 249, 81, 280, 208
-0.989273, 185, 65, 248, 128
-0.989277, 281, 1, 312, 64
-0.989285, 409, 137, 472, 200
-0.989302, 313, 209, 344, 329
-0.989304, 325, 65, 356, 192
-0.98933, 237, 97, 268, 224
-0.989337, 421, 265, 452, 328
-0.989379, 317, 193, 348, 256
-0.989432, 321, 145, 352, 272
-0.989471, 337, 137, 400, 200
-0.989479, 93, 265, 124, 328
-0.98951, 161, 57, 288, 120
-0.989517, 429, 241, 460, 304
-0.989563, 433, 1, 496, 64
-0.989594, 325, 65, 356, 128
-0.989659, 361, 153, 424, 216
-0.98966, 353, 209, 384, 272
-0.989661, 233, 145, 264, 208
-0.98969, 41, 193, 72, 256
-0.989786, 25, 217, 56, 280
-0.98979, 341, 81, 372, 208
-0.989821, 345, 185, 376, 248
-0.989842, 113, 17, 240, 144
-0.989854, 213, 41, 244, 104
-0.989872, 369, 265, 400, 328
-0.989873, 309, 33, 340, 96
-0.989903, 301, 193, 332, 320
-0.989939, 1, 265, 32, 328
-0.989969, 249, 169, 280, 232
-0.989997, 289, 25, 352, 88
-0.990023, 337, 105, 464, 168
-0.990026, 153, 265, 216, 328
-0.990032, 265, 105, 296, 168
-0.990036, 401, 185, 432, 248
-0.990042, 421, 153, 452, 216
-0.990044, 113, 81, 240, 208
-0.990078, 281, 105, 312, 168
-0.990088, 73, 241, 104, 304
-0.990091, 273, 153, 304, 216
-0.9901, 381, 265, 412, 328
-0.990109, 421, 177, 452, 240
-0.990112, 377, 97, 408, 224
-0.990131, 369, 209, 496, 272
-0.990141, 89, 161, 152, 288
-0.990171, 289, 105, 352, 168
-0.990191, 161, 49, 224, 176
-0.990251, 445, 265, 476, 328
-0.990366, 441, 241, 472, 304
-0.990386, 313, 57, 344, 120
-0.990397, 109, 265, 140, 328
-0.990401, 289, 265, 320, 328
-0.990422, 353, 137, 480, 200
-0.990431, 241, 161, 272, 288
-0.990436, 49, 161, 112, 288
-0.990439, 153, 1, 216, 128
-0.990446, 25, 209, 88, 272
-0.990565, 57, 177, 88, 240
-0.99058, 469, 217, 500, 280
-0.990594, 21, 257, 52, 320
-0.990608, 217, 233, 280, 296
-0.990633, 33, 161, 160, 288
-0.990681, 17, 193, 48, 256
-0.990693, 233, 73, 264, 136
-0.990741, 353, 209, 384, 329
-0.990764, 341, 65, 372, 128
-0.990822, 201, 73, 232, 136
-0.990853, 213, 17, 244, 80
-0.990912, 273, 1, 336, 64
-0.990919, 237, 49, 268, 176
-0.990929, 253, 129, 284, 256
-0.990934, 241, 57, 304, 120
-0.990963, 349, 137, 380, 200
-0.990982, 177, 1, 240, 256
-0.990994, 241, 1, 304, 329
-0.991, 281, 129, 312, 256
-0.991023, 349, 161, 380, 224
-0.991043, 285, 177, 316, 240
-0.991065, 293, 1, 324, 128
-0.991091, 37, 217, 68, 280
-0.991091, 433, 265, 464, 328
-0.991116, 201, 9, 232, 72
-0.991145, 265, 73, 296, 136
-0.991168, 337, 137, 368, 200
-0.99118, 201, 129, 264, 192
-0.99119, 201, 33, 232, 96
-0.991198, 201, 1, 264, 329
-0.991205, 209, 9, 336, 72
-0.991285, 133, 265, 164, 328
-0.991286, 349, 113, 380, 176
-0.991286, 297, 217, 328, 280
-0.991289, 57, 241, 88, 304
-0.991298, 333, 185, 364, 248
-0.991313, 209, 105, 336, 168
-0.991321, 361, 1, 424, 329
-0.99135, 273, 265, 304, 328
-0.991418, 289, 73, 416, 136
-0.991427, 45, 169, 76, 232
-0.991431, 209, 145, 336, 208
-0.991446, 365, 73, 396, 136
-0.991475, 85, 241, 116, 304
-0.991502, 257, 121, 384, 184
-0.991526, 329, 73, 392, 136
-0.991536, 441, 193, 472, 256
-0.991556, 297, 41, 328, 104
-0.991578, 457, 1, 488, 64
-0.991584, 13, 217, 44, 280
-0.991615, 257, 233, 320, 296
-0.991632, 389, 225, 420, 288
-0.991633, 397, 105, 428, 168
-0.991633, 433, 153, 464, 216
-0.991668, 225, 25, 256, 88
-0.991672, 265, 145, 296, 272
-0.99168, 361, 257, 424, 288
-0.991684, 373, 217, 404, 280
-0.991726, 377, 269, 440, 300
-0.991745, 405, 209, 436, 272
-0.991791, 153, 145, 216, 272
-0.991811, 313, 217, 376, 248
-0.991816, 401, 273, 464, 304
-0.99182, 313, 17, 376, 80
-0.99184, 337, 253, 400, 284
-0.991854, 381, 129, 412, 192
-0.991879, 357, 185, 388, 248
-0.991929, 177, 233, 240, 296
-0.991935, 369, 177, 496, 240
-0.991963, 245, 1, 276, 64
-0.991977, 409, 217, 472, 248
-0.991982, 153, 265, 184, 328
-0.991997, 337, 265, 400, 296
-0.992017, 65, 217, 96, 280
-0.992039, 337, 1, 400, 329
-0.992074, 385, 81, 448, 144
-0.992089, 73, 113, 136, 240
-0.992091, 29, 193, 60, 256
-0.992101, 217, 33, 248, 160
-0.992113, 81, 209, 144, 272
-0.992114, 469, 1, 500, 64
-0.992139, 25, 161, 56, 224
-0.992142, 77, 169, 108, 232
-0.992152, 9, 241, 40, 304
-0.992182, 385, 81, 416, 144
-0.9922, 413, 121, 444, 184
-0.992212, 245, 57, 276, 120
-0.992224, 297, 285, 360, 316
-0.992233, 161, 249, 288, 312
-0.992249, 89, 209, 120, 272
-0.992268, 1, 241, 128, 304
-0.99227, 461, 185, 492, 248
-0.992271, 321, 33, 352, 96
-0.992278, 113, 145, 176, 272
-0.99229, 237, 201, 268, 264
-0.992308, 433, 185, 496, 248
-0.992319, 233, 121, 264, 184
-0.992335, 365, 129, 396, 192
-0.992354, 193, 265, 256, 328
-0.992365, 425, 49, 488, 176
-0.992433, 261, 65, 292, 192
-0.992439, 401, 1, 464, 329
-0.992526, 409, 1, 472, 128
-0.992542, 309, 33, 340, 160
-0.992559, 313, 173, 376, 204
-0.992576, 313, 205, 376, 236
-0.992649, 313, 261, 376, 292
-0.992653, 249, 193, 312, 256
-0.992693, 401, 229, 464, 260
-0.992738, 49, 201, 112, 264
-0.992761, 353, 97, 384, 224
-0.99278, 297, 297, 360, 328
-0.992794, 305, 33, 432, 96
-0.992806, 433, 161, 496, 224
-0.992865, 193, 81, 320, 144
-0.992868, 153, 297, 216, 328
-0.992896, 81, 161, 208, 288
-0.992898, 425, 1, 488, 329
-0.992914, 265, 133, 328, 164
-0.992958, 1, 201, 64, 264
-0.993045, 329, 237, 392, 268
-0.993129, 257, 289, 320, 320
-0.993131, 377, 281, 440, 312
-0.993146, 465, 1, 496, 128
-0.993158, 193, 185, 256, 248
-0.993165, 289, 217, 352, 248
-0.9932, 369, 241, 432, 272
-0.993239, 353, 125, 416, 156
-0.99324, 281, 81, 344, 144
-0.993242, 433, 65, 496, 320
-0.993252, 289, 205, 352, 236
-0.993255, 313, 49, 376, 112
-0.993255, 217, 265, 280, 328
-0.993257, 41, 169, 104, 232
-0.993258, 121, 293, 184, 324
-0.993281, 325, 213, 356, 244
-0.993296, 225, 25, 288, 88
-0.993302, 145, 97, 208, 224
-0.993303, 225, 209, 288, 272
-0.993316, 81, 265, 208, 328
-0.993316, 209, 265, 336, 328
-0.993322, 421, 145, 452, 272
-0.993324, 41, 193, 72, 320
-0.993401, 329, 93, 392, 124
-0.993405, 313, 201, 344, 232
-0.993417, 209, 193, 336, 256
-0.993472, 297, 97, 328, 224
-0.993487, 225, 185, 288, 248
-0.993515, 129, 257, 192, 320
-0.993563, 325, 169, 356, 200
-0.993573, 313, 193, 376, 224
-0.993578, 369, 81, 496, 144
-0.993592, 305, 233, 368, 264
-0.993615, 89, 289, 152, 320
-0.993633, 41, 293, 104, 324
-0.993656, 289, 177, 352, 208
-0.993663, 369, 17, 432, 144
-0.993691, 345, 113, 408, 144
-0.993698, 409, 241, 472, 272
-0.993716, 185, 153, 248, 216
-0.993729, 361, 101, 392, 132
-0.99376, 297, 273, 360, 304
-0.993766, 305, 285, 336, 316
-0.993786, 241, 137, 304, 168
-0.993786, 177, 145, 240, 272
-0.993787, 409, 269, 440, 300
-0.993793, 341, 265, 372, 296
-0.993797, 289, 289, 320, 320
-0.99381, 313, 213, 344, 244
-0.993825, 265, 213, 328, 244
-0.993832, 289, 141, 352, 172
-0.993849, 353, 257, 384, 288
-0.993874, 293, 145, 324, 272
-0.99388, 81, 241, 144, 304
-0.993896, 433, 269, 496, 300
-0.993908, 325, 185, 356, 216
-0.993941, 241, 149, 304, 180
-0.993955, 369, 229, 432, 260
-0.993975, 389, 261, 420, 292
-0.99399, 225, 137, 480, 200
-0.99399, 401, 261, 464, 292
-0.994004, 325, 201, 356, 232
-0.994012, 301, 213, 332, 244
-0.994013, 249, 149, 280, 180
-0.994027, 313, 189, 344, 220
-0.994031, 401, 285, 464, 316
-0.994032, 369, 249, 400, 280
-0.994034, 281, 1, 312, 128
-0.994036, 325, 285, 356, 316
-0.99404, 309, 273, 340, 304
-0.994046, 345, 93, 376, 124
-0.994053, 313, 225, 344, 256
-0.994066, 385, 133, 416, 164
-0.994066, 417, 205, 480, 236
-0.994078, 301, 201, 332, 232
-0.994082, 377, 293, 440, 324
-0.994083, 421, 221, 452, 252
-0.994092, 329, 261, 360, 292
-0.994122, 417, 233, 448, 264
-0.994124, 353, 245, 384, 276
-0.994136, 433, 137, 496, 200
-0.994136, 233, 93, 296, 124
-0.994179, 333, 245, 364, 276
-0.994182, 33, 65, 96, 320
-0.994186, 325, 297, 356, 328
-0.994193, 381, 121, 412, 152
-0.994193, 149, 297, 180, 328
-0.99421, 369, 145, 432, 176
-0.994214, 137, 293, 168, 324
-0.994214, 153, 33, 216, 288
-0.994214, 281, 161, 344, 192
-0.994222, 305, 297, 336, 328
-0.994233, 369, 265, 400, 296
-0.994235, 337, 49, 400, 112
-0.994244, 77, 297, 108, 328
-0.994258, 277, 137, 308, 168
-0.994259, 309, 133, 340, 164
-0.99426, 333, 229, 364, 260
-0.994266, 181, 297, 212, 328
-0.994287, 337, 169, 368, 200
-0.994292, 301, 181, 332, 212
-0.994313, 1, 297, 32, 328
-0.994315, 373, 109, 404, 140
-0.994336, 409, 145, 440, 272
-0.994337, 297, 137, 328, 168
-0.994344, 253, 137, 284, 168
-0.99436, 233, 153, 264, 184
-0.994362, 389, 273, 420, 304
-0.994368, 369, 1, 496, 64
-0.994378, 353, 233, 384, 264
-0.994387, 273, 193, 336, 224
-0.994393, 305, 245, 368, 276
-0.994395, 405, 281, 436, 312
-0.994395, 201, 69, 264, 100
-0.994419, 249, 89, 280, 120
-0.994419, 129, 65, 192, 320
-0.994425, 125, 293, 156, 324
-0.994426, 337, 205, 368, 236
-0.994433, 413, 245, 444, 276
-0.994441, 365, 209, 396, 329
-0.994459, 265, 141, 296, 172
-0.994462, 349, 217, 380, 248
-0.994462, 169, 1, 232, 329
-0.994472, 293, 29, 324, 60
-0.994479, 409, 257, 440, 288
-0.994493, 397, 249, 428, 280
-0.994494, 281, 157, 312, 188
-0.9945, 301, 225, 332, 256
-0.994508, 337, 57, 464, 120
-0.994509, 285, 105, 316, 136
-0.994509, 237, 109, 268, 140
-0.994518, 89, 297, 120, 328
-0.994533, 169, 297, 200, 328
-0.994536, 465, 269, 496, 300
-0.994559, 9, 285, 72, 316
-0.994559, 405, 293, 436, 324
-0.994567, 461, 205, 492, 236
-0.994571, 177, 89, 240, 152
-0.994576, 21, 217, 52, 248
-0.994579, 257, 113, 320, 144
-0.994583, 313, 173, 344, 204
-0.994585, 293, 149, 324, 180
-0.994588, 437, 217, 468, 248
-0.994591, 397, 141, 428, 172
-0.994595, 13, 297, 44, 328
-0.994601, 341, 193, 372, 224
-0.994609, 409, 149, 440, 180
-0.994611, 353, 121, 384, 152
-0.994612, 389, 285, 420, 316
-0.994613, 337, 217, 368, 248
-0.994621, 369, 277, 400, 308
-0.994623, 245, 121, 276, 152
-0.994625, 465, 245, 496, 276
-0.994627, 193, 297, 224, 328
-0.994632, 337, 81, 368, 112
-0.994639, 369, 237, 400, 268
-0.994639, 353, 101, 416, 132
-0.994642, 409, 189, 472, 220
-0.994644, 321, 237, 352, 268
-0.994653, 45, 177, 76, 208
-0.994654, 93, 285, 124, 316
-0.994663, 289, 129, 352, 160
-0.994664, 301, 169, 332, 200
-0.994667, 249, 161, 280, 192
-0.994667, 337, 277, 400, 308
-0.994667, 261, 153, 292, 184
-0.994667, 341, 181, 372, 212
-0.99467, 177, 1, 240, 64
-0.99467, 1, 169, 64, 232
-0.994676, 297, 41, 328, 72
-0.994677, 1, 273, 32, 304
-0.994682, 461, 225, 492, 256
-0.994687, 57, 297, 88, 328
-0.994688, 221, 97, 252, 128
-0.994691, 321, 145, 352, 176
-0.994693, 57, 177, 88, 208
-0.994697, 405, 229, 436, 260
-0.994698, 369, 217, 432, 248
-0.994699, 209, 61, 240, 92
-0.994702, 421, 209, 452, 240
-0.994709, 449, 217, 480, 248
-0.99471, 321, 125, 352, 156
-0.994711, 305, 53, 336, 84
-0.994711, 285, 13, 316, 44
-0.994713, 341, 157, 372, 188
-0.994715, 201, 73, 232, 104
-0.994722, 213, 297, 244, 328
-0.994724, 401, 201, 432, 232
-0.994726, 245, 73, 276, 104
-0.994732, 237, 97, 268, 128
-0.994738, 229, 53, 260, 84
-0.994749, 357, 89, 388, 120
-0.99475, 345, 297, 376, 328
-0.994753, 257, 217, 500, 280
-0.994758, 289, 197, 320, 228
-0.994759, 77, 253, 108, 284
-0.99476, 249, 5, 312, 36
-0.994761, 429, 261, 460, 292
-0.994763, 237, 85, 268, 116
-0.994763, 121, 1, 184, 128
-0.994767, 341, 277, 372, 308
-0.994774, 357, 269, 388, 300
-0.994776, 229, 73, 260, 104
-0.994776, 265, 109, 296, 140
-0.99478, 65, 297, 128, 328
-0.994785, 305, 81, 368, 112
-0.994786, 273, 121, 304, 152
-0.994794, 317, 261, 348, 292
-0.994799, 33, 221, 64, 252
-0.994801, 213, 73, 244, 104
-0.994805, 321, 157, 352, 188
-0.994808, 1, 261, 64, 292
-0.994808, 1, 285, 32, 316
-0.994808, 437, 233, 468, 264
-0.994809, 405, 189, 436, 220
-0.994811, 33, 269, 96, 300
-0.994842, 313, 125, 376, 156
-0.994878, 409, 73, 472, 136
-0.994925, 65, 97, 192, 224
-0.994927, 353, 161, 384, 288
-0.994932, 257, 265, 500, 328
-0.994944, 321, 289, 384, 320
-0.994951, 433, 217, 496, 248
-0.994956, 209, 57, 272, 88
-0.994985, 177, 297, 240, 328
-0.994985, 89, 209, 120, 329
-0.994999, 377, 205, 440, 236
-0.995004, 337, 225, 400, 256
-0.995041, 209, 105, 272, 136
-0.995044, 89, 65, 152, 320
-0.995044, 65, 1, 192, 128
-0.995044, 77, 193, 108, 320
-0.995046, 281, 229, 344, 260
-0.995053, 145, 97, 272, 160
-0.995064, 313, 141, 376, 172
-0.995083, 449, 209, 480, 329
-0.995083, 161, 49, 224, 112
-0.995111, 49, 241, 176, 304
-0.995143, 217, 157, 280, 188
-0.995159, 113, 65, 176, 192
-0.995175, 145, 217, 208, 280
-0.995202, 257, 161, 500, 224
-0.995205, 305, 93, 368, 124
-0.995238, 25, 113, 88, 240
-0.995242, 201, 209, 264, 272
-0.995245, 1, 297, 64, 328
-0.995256, 249, 161, 312, 192
-0.995281, 465, 209, 496, 329
-0.995343, 337, 201, 400, 232
-0.995353, 17, 209, 144, 272
-0.995357, 425, 281, 488, 312
-0.995359, 113, 33, 240, 96
-0.995363, 193, 89, 448, 152
-0.995388, 433, 257, 496, 288
-0.995391, 249, 81, 312, 112
-0.995403, 265, 29, 328, 60
-0.995468, 337, 213, 400, 244
-0.995471, 389, 209, 420, 329
-0.995473, 289, 193, 320, 320
-0.995479, 353, 289, 416, 320
-0.995515, 57, 65, 120, 320
-0.99553, 305, 261, 432, 292
-0.995577, 401, 157, 464, 188
-0.995608, 233, 109, 296, 140
-0.995608, 289, 261, 352, 292
-0.995609, 273, 49, 336, 80
-0.995625, 225, 113, 480, 176
-0.995648, 417, 41, 480, 104
-0.995653, 281, 101, 344, 132
-0.995655, 1, 113, 128, 240
-0.995664, 321, 161, 384, 192
-0.995665, 145, 1, 208, 329
-0.995666, 257, 17, 320, 48
-0.995667, 393, 145, 456, 176
-0.995667, 129, 145, 256, 272
-0.995687, 89, 49, 152, 176
-0.995714, 265, 277, 328, 308
-0.995715, 65, 49, 192, 176
-0.995716, 237, 1, 268, 128
-0.995734, 233, 209, 264, 329
-0.995755, 437, 209, 468, 329
-0.995756, 1, 265, 256, 328
-0.995772, 201, 145, 264, 176
-0.995793, 17, 209, 48, 329
-0.995804, 257, 241, 500, 304
-0.995816, 433, 229, 496, 260
-0.995818, 297, 65, 360, 96
-0.995826, 57, 277, 120, 308
-0.995835, 377, 133, 440, 164
-0.995836, 305, 273, 432, 304
-0.995848, 209, 93, 272, 124
-0.995853, 321, 249, 448, 280
-0.995862, 433, 245, 496, 276
-0.995871, 265, 177, 328, 208
-0.995875, 257, 193, 500, 256
-0.995878, 377, 189, 440, 220
-0.995911, 453, 1, 484, 128
-0.995938, 65, 177, 128, 240
-0.995942, 233, 293, 296, 324
-0.995966, 161, 65, 416, 128
-0.995973, 145, 285, 208, 316
-0.995981, 161, 265, 416, 328
-0.995991, 153, 145, 216, 208
-0.996052, 249, 193, 312, 224
-0.996053, 321, 197, 448, 228
-0.996086, 225, 81, 256, 208
-0.99609, 265, 149, 328, 180
-0.996116, 65, 1, 128, 329
-0.996116, 257, 9, 384, 72
-0.996121, 217, 121, 280, 152
-0.996137, 401, 297, 464, 328
-0.996147, 241, 177, 304, 208
-0.99615, 81, 209, 208, 272
-0.996163, 53, 193, 84, 320
-0.996169, 393, 97, 424, 224
-0.99618, 33, 185, 160, 248
-0.996214, 305, 213, 432, 244
-0.99622, 105, 193, 168, 256
-0.996221, 129, 9, 256, 72
-0.996221, 161, 225, 288, 288
-0.996227, 65, 129, 128, 192
-0.996238, 409, 173, 472, 204
-0.996241, 209, 45, 272, 76
-0.996255, 213, 81, 244, 208
-0.996263, 377, 177, 440, 208
-0.996264, 121, 1, 184, 329
-0.996271, 393, 121, 456, 152
-0.996272, 305, 285, 432, 316
-0.996273, 369, 257, 496, 288
-0.99628, 305, 37, 368, 68
-0.996288, 201, 297, 264, 328
-0.996303, 405, 209, 436, 329
-0.996312, 169, 113, 232, 176
-0.996326, 185, 101, 248, 132
-0.996341, 121, 233, 184, 296
-0.996353, 81, 277, 144, 308
-0.996363, 241, 125, 304, 156
-0.996379, 425, 113, 488, 176
-0.996411, 169, 201, 232, 264
-0.996421, 177, 57, 240, 88
-0.996425, 305, 133, 432, 164
-0.996434, 281, 241, 344, 272
-0.996435, 425, 293, 488, 324
-0.996437, 353, 189, 416, 220
-0.996444, 201, 81, 264, 112
-0.996458, 1, 241, 500, 304
-0.996463, 257, 261, 320, 292
-0.996463, 369, 273, 496, 304
-0.996466, 1, 121, 500, 184
-0.996472, 113, 241, 240, 304
-0.996511, 49, 253, 112, 284
-0.996525, 369, 165, 432, 196
-0.996536, 305, 229, 432, 260
-0.996543, 25, 257, 88, 288
-0.99657, 209, 21, 272, 52
-0.99658, 137, 49, 200, 176
-0.996586, 161, 225, 416, 288
-0.996596, 241, 289, 368, 320
-0.996617, 81, 293, 208, 324
-0.996621, 377, 193, 408, 320
-0.996625, 65, 209, 96, 329
-0.996651, 253, 1, 284, 128
-0.996662, 377, 57, 440, 120
-0.996672, 1, 201, 500, 264
-0.996684, 33, 221, 96, 252
-0.99669, 25, 237, 88, 268
-0.996707, 217, 133, 280, 164
-0.996709, 209, 33, 272, 64
-0.996715, 161, 129, 288, 192
-0.99672, 93, 299, 124, 314
-0.996721, 405, 287, 436, 302
-0.996723, 93, 311, 124, 326
-0.996725, 325, 257, 356, 272
-0.996725, 9, 209, 72, 240
-0.996726, 401, 195, 432, 210
-0.996729, 413, 251, 444, 266
-0.996733, 353, 235, 384, 250
-0.996735, 389, 143, 420, 158
-0.996736, 373, 253, 404, 268
-0.996736, 301, 183, 332, 198
-0.996739, 285, 159, 316, 174
-0.99674, 269, 155, 300, 170
-0.99674, 253, 141, 284, 156
-0.996741, 325, 295, 356, 310
-0.996743, 381, 125, 412, 140
-0.996745, 341, 269, 372, 284
-0.996749, 301, 189, 332, 204
-0.99675, 297, 139, 328, 154
-0.996758, 293, 203, 324, 218
-0.996766, 377, 117, 408, 132
-0.996767, 29, 177, 60, 304
-0.996772, 305, 233, 336, 248
-0.996775, 293, 209, 324, 224
-0.996776, 345, 243, 376, 258
-0.996778, 397, 257, 428, 272
-0.996781, 233, 111, 264, 126
-0.996786, 241, 81, 272, 96
-0.996787, 1, 303, 32, 318
-0.996794, 73, 299, 104, 314
-0.996798, 265, 127, 296, 142
-0.996798, 337, 251, 368, 266
-0.996799, 321, 283, 352, 298
-0.996802, 337, 185, 368, 200
-0.996811, 41, 1, 104, 329
-0.996812, 317, 309, 348, 324
-0.996814, 421, 219, 452, 234
-0.996816, 401, 225, 432, 240
-0.996817, 313, 227, 344, 242
-0.996823, 321, 167, 352, 182
-0.99683, 301, 151, 332, 166
-0.996833, 305, 173, 432, 204
-0.996833, 305, 185, 432, 216
-0.996834, 289, 303, 320, 318
-0.996836, 277, 139, 308, 154
-0.99684, 161, 33, 288, 96
-0.996843, 253, 147, 284, 162
-0.996844, 21, 221, 52, 236
-0.996847, 419, 225, 434, 288
-0.99685, 349, 221, 380, 236
-0.996858, 401, 237, 432, 252
-0.996862, 205, 313, 236, 328
-0.996864, 329, 269, 360, 284
-0.996866, 285, 105, 316, 120
-0.996868, 9, 65, 72, 320
-0.996868, 241, 155, 272, 170
-0.996869, 301, 175, 332, 190
-0.996869, 317, 131, 348, 146
-0.99687, 337, 213, 368, 228
-0.996879, 325, 229, 356, 244
-0.996897, 405, 293, 436, 308
-0.996901, 345, 227, 376, 242
-0.996905, 401, 231, 432, 246
-0.996908, 413, 243, 444, 258
-0.996909, 273, 109, 304, 124
-0.996911, 113, 73, 240, 136
-0.996913, 417, 237, 448, 252
-0.996916, 77, 311, 108, 326
-0.996918, 1, 295, 32, 310
-0.996923, 337, 257, 368, 272
-0.996923, 325, 209, 340, 272
-0.996931, 409, 257, 440, 272
-0.996944, 305, 145, 336, 160
-0.996964, 273, 149, 304, 164
-0.996965, 341, 33, 372, 160
-0.996966, 265, 49, 328, 112
-0.996971, 321, 297, 448, 328
-0.996972, 357, 249, 388, 264
-0.996972, 385, 137, 416, 152
-0.996987, 309, 195, 340, 210
-0.996988, 305, 207, 336, 222
-0.99699, 141, 311, 172, 326
-0.997, 93, 305, 124, 320
-0.997008, 389, 279, 420, 294
-0.99701, 253, 159, 284, 174
-0.997013, 317, 289, 348, 304
-0.997013, 341, 193, 372, 208
-0.997014, 409, 277, 440, 292
-0.997018, 333, 169, 348, 232
-0.997024, 353, 89, 384, 104
-0.997026, 309, 279, 340, 294
-0.997028, 361, 271, 392, 286
-0.997031, 89, 1, 152, 329
-0.997033, 329, 207, 360, 222
-0.997037, 333, 179, 364, 194
-0.997046, 289, 133, 320, 148
-0.997047, 289, 297, 320, 312
-0.997058, 113, 307, 144, 322
-0.997059, 309, 201, 340, 216
-0.997059, 337, 237, 368, 252
-0.997061, 389, 285, 420, 300
-0.997071, 373, 269, 404, 284
-0.997074, 309, 137, 340, 152
-0.997075, 1, 309, 32, 324
-0.99708, 313, 187, 344, 202
-0.997094, 357, 241, 388, 256
-0.997111, 273, 65, 304, 192
-0.997111, 329, 263, 360, 278
-0.997113, 305, 285, 336, 300
-0.997121, 421, 225, 452, 240
-0.997127, 301, 227, 332, 242
-0.997129, 161, 193, 288, 256
-0.997134, 349, 257, 380, 272
-0.997139, 333, 199, 364, 214
-0.997143, 417, 231, 448, 246
-0.997143, 381, 131, 412, 146
-0.997154, 17, 49, 144, 176
-0.997157, 301, 291, 332, 306
-0.997166, 253, 153, 284, 168
-0.997168, 325, 301, 356, 316
-0.997169, 333, 171, 364, 186
-0.997181, 309, 303, 340, 318
-0.99719, 317, 181, 348, 196
-0.997194, 373, 259, 404, 274
-0.997207, 325, 189, 356, 204
-0.997213, 153, 17, 216, 80
-0.997215, 319, 217, 334, 280
-0.99722, 361, 259, 392, 274
-0.997225, 289, 153, 320, 168
-0.997233, 129, 297, 256, 328
-0.997238, 341, 99, 372, 114
-0.997241, 161, 153, 288, 216
-0.997248, 1, 265, 500, 328
-0.997249, 289, 291, 320, 306
-0.99725, 353, 237, 480, 268
-0.997251, 145, 113, 208, 176
-0.997264, 301, 215, 332, 230
-0.997264, 393, 263, 424, 278
-0.99727, 241, 209, 368, 240
-0.997272, 161, 201, 416, 264
-0.997277, 363, 97, 378, 160
-0.997277, 389, 271, 420, 286
-0.997285, 317, 207, 348, 222
-0.997289, 355, 89, 370, 152
-0.997305, 129, 113, 384, 176
-0.997317, 225, 157, 352, 188
-0.997318, 257, 197, 384, 228
-0.997322, 399, 121, 414, 184
-0.997326, 225, 185, 352, 216
-0.997337, 305, 221, 336, 236
-0.997339, 161, 169, 416, 232
-0.99735, 269, 1, 300, 128
-0.997362, 375, 97, 390, 160
-0.997365, 353, 285, 480, 316
-0.997371, 341, 93, 372, 108
-0.997371, 343, 209, 358, 272
-0.997375, 257, 173, 384, 204
-0.997375, 33, 277, 160, 308
-0.997386, 305, 121, 432, 152
-0.997398, 77, 305, 108, 320
-0.9974, 305, 297, 336, 312
-0.997411, 73, 153, 136, 216
-0.99742, 273, 101, 400, 132
-0.997426, 341, 263, 372, 278
-0.997434, 369, 89, 384, 152
-0.997438, 361, 233, 376, 296
-0.99744, 153, 241, 216, 304
-0.997443, 311, 129, 326, 192
-0.997444, 49, 113, 112, 240
-0.997461, 249, 145, 264, 208
-0.997466, 409, 271, 440, 286
-0.997467, 319, 129, 334, 192
-0.997488, 89, 113, 152, 176
-0.997488, 361, 103, 392, 118
-0.997512, 321, 173, 352, 188
-0.997521, 329, 223, 360, 238
-0.997534, 25, 145, 88, 208
-0.99755, 343, 169, 358, 232
-0.997553, 313, 209, 328, 272
-0.997586, 193, 293, 320, 324
-0.997588, 313, 213, 344, 228
-0.997591, 217, 313, 248, 328
-0.997592, 205, 1, 236, 128
-0.99763, 407, 137, 422, 200
-0.997631, 197, 49, 228, 176
-0.997663, 351, 241, 366, 304
-0.997675, 325, 129, 340, 192
-0.997677, 253, 81, 268, 144
-0.997689, 257, 225, 384, 256
-0.997689, 337, 209, 352, 272
-0.997689, 331, 225, 346, 288
-0.997693, 353, 265, 384, 280
-0.997694, 241, 105, 256, 168
-0.997704, 325, 213, 356, 228
-0.99771, 413, 241, 428, 304
-0.997717, 113, 129, 176, 192
-0.997733, 259, 81, 274, 144
-0.997733, 321, 197, 352, 212
-0.997751, 425, 201, 440, 264
-0.997755, 387, 105, 402, 168
-0.997784, 337, 153, 464, 184
-0.997793, 327, 169, 342, 232
-0.9978, 273, 241, 400, 272
-0.997807, 161, 41, 416, 104
-0.997811, 1, 113, 64, 240
-0.997858, 1, 265, 16, 328
-0.997865, 411, 265, 426, 328
-0.997876, 267, 137, 282, 200
-0.997885, 287, 113, 302, 176
-0.997892, 1, 1, 64, 329
-0.997893, 337, 145, 352, 208
-0.997894, 153, 89, 216, 152
-0.997895, 257, 145, 384, 176
-0.997907, 225, 53, 352, 84
-0.997909, 485, 249, 500, 312
-0.997912, 275, 145, 290, 208
-0.997915, 345, 17, 408, 80
-0.997923, 1, 225, 256, 288
-0.997927, 225, 121, 352, 152
-0.997928, 245, 209, 276, 329
-0.997929, 225, 253, 352, 284
-0.99793, 317, 177, 332, 240
-0.997933, 349, 217, 364, 280
-0.997952, 317, 219, 348, 234
-0.997954, 153, 169, 216, 232
-0.997955, 359, 257, 374, 320
-0.997968, 409, 1, 472, 64
-0.997977, 377, 49, 408, 176
-0.997977, 241, 73, 368, 104
-0.997979, 305, 145, 320, 208
-0.997984, 219, 1, 234, 64
-0.997991, 303, 17, 318, 80
-0.997993, 247, 97, 262, 160
-0.997998, 257, 85, 384, 116
-0.998005, 381, 97, 396, 160
-0.998023, 331, 201, 346, 264
-0.998025, 305, 193, 320, 256
-0.998028, 257, 65, 500, 128
-0.998036, 1, 201, 256, 264
-0.99804, 413, 153, 428, 216
-0.99805, 297, 1, 328, 256
-0.998057, 353, 133, 480, 164
-0.99806, 1, 297, 128, 328
-0.998065, 369, 209, 496, 240
-0.998067, 297, 145, 312, 208
-0.998076, 339, 257, 354, 320
-0.998077, 83, 265, 98, 328
-0.998087, 193, 145, 320, 176
-0.998091, 369, 121, 496, 152
-0.998092, 299, 97, 314, 160
-0.998104, 393, 113, 408, 176
-0.998115, 241, 133, 368, 164
-0.998133, 1, 265, 128, 296
-0.99814, 355, 217, 370, 280
-0.998141, 49, 257, 64, 320
-0.998171, 367, 225, 382, 288
-0.998191, 375, 241, 390, 304
-0.998193, 325, 65, 356, 320
-0.998198, 433, 73, 496, 136
-0.998202, 479, 249, 494, 312
-0.998205, 365, 65, 396, 320
-0.998205, 193, 93, 320, 124
-0.99821, 77, 265, 92, 328
-0.998211, 255, 161, 270, 224
-0.998213, 349, 81, 364, 144
-0.998221, 345, 257, 360, 320
-0.998244, 319, 49, 334, 112
-0.99827, 351, 169, 366, 232
-0.998277, 129, 1, 384, 64
-0.998289, 161, 61, 288, 92
-0.99829, 441, 217, 456, 280
-0.998302, 303, 169, 318, 232
-0.998304, 415, 177, 430, 240
-0.998316, 351, 265, 366, 328
-0.998332, 257, 277, 384, 308
-0.998333, 1, 1, 128, 128
-0.998338, 393, 65, 424, 320
-0.998343, 311, 33, 326, 96
-0.998344, 377, 65, 408, 320
-0.998353, 261, 145, 276, 208
-0.998365, 69, 265, 84, 328
-0.998368, 323, 213, 338, 244
-0.99837, 345, 65, 376, 320
-0.998375, 369, 225, 496, 256
-0.998379, 223, 41, 238, 104
-0.998381, 317, 197, 332, 228
-0.998396, 325, 57, 340, 120
-0.998401, 349, 193, 364, 256
-0.998411, 295, 1, 310, 64
-0.998415, 369, 297, 496, 328
-0.998417, 225, 37, 352, 68
-0.998418, 65, 65, 128, 192
-0.99842, 121, 89, 184, 152
-0.998423, 325, 233, 340, 296
-0.998435, 317, 217, 332, 248
-0.998436, 285, 81, 316, 208
-0.998438, 81, 185, 208, 248
-0.998443, 427, 265, 442, 328
-0.998444, 309, 1, 340, 256
-0.998445, 55, 257, 70, 320
-0.998449, 255, 113, 270, 176
-0.998452, 473, 265, 488, 328
-0.998457, 325, 173, 340, 204
-0.998464, 253, 33, 284, 288
-0.998477, 63, 265, 78, 328
-0.998478, 293, 105, 308, 168
-0.998485, 127, 265, 142, 328
-0.998489, 327, 189, 342, 220
-0.99849, 369, 197, 496, 228
-0.998495, 365, 49, 396, 176
-0.998497, 311, 209, 326, 240
-0.998503, 1, 145, 500, 208
-0.998506, 89, 265, 104, 328
-0.998511, 249, 149, 264, 180
-0.998522, 465, 201, 480, 264
-0.998525, 1, 209, 32, 329
-0.998531, 265, 209, 296, 329
-0.998546, 431, 233, 446, 296
-0.998559, 313, 219, 376, 234
-0.998559, 213, 65, 228, 128
-0.998563, 329, 201, 344, 232
-0.998565, 277, 113, 292, 176
-0.998566, 281, 137, 296, 200
-0.998568, 377, 271, 440, 286
-0.998569, 225, 65, 240, 128
-0.99857, 265, 73, 280, 136
-0.998571, 317, 129, 332, 160
-0.998572, 361, 261, 424, 276
-0.998573, 337, 261, 400, 276
-0.998575, 297, 265, 312, 328
-0.998577, 465, 265, 480, 328
-0.998579, 313, 211, 376, 226
-0.998579, 329, 241, 392, 256
-0.99858, 331, 65, 346, 128
-0.998585, 403, 137, 418, 168
-0.998586, 401, 275, 464, 290
-0.998587, 1, 97, 500, 160
-0.998588, 313, 225, 376, 240
-0.998589, 409, 227, 472, 242
-0.998589, 73, 305, 136, 320
-0.998589, 43, 257, 58, 320
-0.99859, 297, 301, 360, 316
-0.998591, 363, 137, 378, 200
-0.998591, 289, 217, 352, 232
-0.998592, 297, 199, 360, 214
-0.998592, 313, 263, 376, 278
-0.998595, 345, 255, 408, 270
-0.998595, 297, 289, 360, 304
-0.998595, 369, 233, 432, 248
-0.998596, 377, 287, 440, 302
-0.998596, 337, 205, 352, 236
-0.998598, 321, 173, 384, 188
-0.998599, 313, 233, 376, 248
-0.9986, 249, 155, 312, 170
-0.9986, 337, 267, 400, 282
-0.9986, 361, 277, 424, 292
-0.9986, 297, 283, 360, 298
-0.998602, 73, 145, 104, 272
-0.998603, 369, 249, 432, 264
-0.998604, 357, 177, 372, 240
-0.998604, 409, 221, 472, 236
-0.998605, 297, 309, 360, 324
-0.998605, 393, 293, 456, 308
-0.998605, 329, 249, 392, 264
-0.998607, 273, 297, 336, 312
-0.998609, 289, 207, 352, 222
-0.998609, 353, 131, 416, 146
-0.99861, 321, 197, 384, 212
-0.998611, 401, 281, 464, 296
-0.998611, 409, 215, 472, 230
-0.998613, 273, 139, 336, 154
-0.998613, 401, 269, 464, 284
-0.998614, 369, 227, 432, 242
-0.998614, 297, 295, 360, 310
-0.998614, 353, 121, 416, 136
-0.998616, 289, 193, 352, 208
-0.998617, 241, 161, 304, 176
-0.998617, 377, 221, 440, 236
-0.998618, 49, 301, 112, 316
-0.998619, 401, 287, 464, 302
-0.998619, 265, 145, 328, 160
-0.998619, 369, 243, 432, 258
-0.998619, 265, 207, 328, 222
-0.99862, 337, 273, 400, 288
-0.99862, 345, 113, 408, 128
-0.998621, 409, 239, 472, 254
-0.998621, 185, 313, 248, 328
-0.998622, 369, 255, 432, 270
-0.998622, 401, 233, 464, 248
-0.998623, 289, 223, 352, 238
-0.998624, 265, 213, 328, 228
-0.998624, 331, 265, 346, 328
-0.998625, 305, 89, 432, 120
-0.998625, 265, 133, 328, 148
-0.998626, 297, 175, 360, 190
-0.998627, 289, 145, 304, 208
-0.998628, 369, 293, 432, 308
-0.998628, 241, 147, 304, 162
-0.998628, 113, 311, 176, 326
-0.998628, 401, 255, 464, 270
-0.99863, 433, 271, 496, 286
-0.99863, 265, 305, 328, 320
-0.99863, 337, 227, 400, 242
-0.998631, 257, 199, 320, 214
-0.998631, 313, 97, 376, 112
-0.998632, 313, 205, 376, 220
-0.998634, 313, 181, 376, 196
-0.998634, 409, 205, 472, 220
-0.998635, 265, 291, 328, 306
-0.998636, 337, 219, 400, 234
-0.998636, 313, 257, 376, 272
-0.998636, 321, 191, 384, 206
-0.998636, 305, 239, 368, 254
-0.998637, 353, 287, 416, 302
-0.998637, 1, 303, 64, 318
-0.998638, 289, 167, 352, 182
-0.998639, 281, 229, 344, 244
-0.998641, 377, 299, 440, 314
-0.998641, 49, 295, 112, 310
-0.998641, 289, 147, 352, 162
-0.998642, 417, 201, 432, 264
-0.998643, 281, 187, 344, 202
-0.998643, 201, 75, 264, 90
-0.998643, 249, 109, 312, 124
-0.998644, 281, 235, 344, 250
-0.998644, 385, 263, 448, 278
-0.998644, 369, 149, 432, 164
-0.998645, 89, 311, 152, 326
-0.998645, 401, 245, 464, 260
-0.998646, 273, 179, 336, 194
-0.998646, 377, 209, 440, 224
-0.998646, 289, 155, 352, 170
-0.998647, 409, 199, 472, 214
-0.998647, 321, 305, 384, 320
-0.998648, 337, 295, 400, 310
-0.998648, 247, 73, 262, 136
-0.998648, 369, 109, 496, 140
-0.998648, 353, 137, 416, 152
-0.998649, 241, 101, 304, 116
-0.998649, 217, 159, 280, 174
-0.998649, 241, 137, 304, 152
-0.998649, 265, 221, 328, 236
-0.99865, 9, 289, 72, 304
-0.99865, 145, 299, 208, 314
-0.998651, 361, 143, 424, 158
-0.998652, 209, 61, 272, 76
-0.998652, 289, 131, 352, 146
-0.998652, 313, 269, 376, 284
-0.998652, 61, 177, 76, 240
-0.998652, 297, 137, 360, 152
-0.998653, 65, 311, 128, 326
-0.998653, 209, 69, 272, 84
-0.998654, 153, 313, 216, 328
-0.998654, 225, 113, 288, 128
-0.998654, 273, 47, 336, 62
-0.998655, 433, 221, 496, 236
-0.998655, 305, 249, 368, 264
-0.998655, 321, 285, 384, 300
-0.998655, 201, 101, 264, 116
-0.998656, 33, 311, 96, 326
-0.998656, 353, 93, 368, 124
-0.998656, 313, 129, 376, 144
-0.998656, 409, 187, 472, 202
-0.998656, 281, 161, 344, 176
-0.998656, 33, 271, 96, 286
-0.998657, 433, 245, 496, 260
-0.998657, 409, 217, 424, 280
-0.998657, 225, 153, 288, 168
-0.998659, 249, 169, 312, 184
-0.998659, 257, 285, 320, 300
-0.998659, 321, 91, 384, 106
-0.998659, 225, 105, 352, 136
-0.998659, 281, 277, 344, 292
-0.99866, 1, 263, 64, 278
-0.99866, 345, 91, 408, 106
-0.998662, 333, 169, 348, 200
-0.998672, 81, 281, 208, 312
-0.99868, 453, 217, 468, 280
-0.998683, 263, 113, 278, 176
-0.998684, 121, 265, 136, 328
-0.998684, 269, 161, 284, 224
-0.998686, 363, 101, 378, 132
-0.998687, 311, 185, 326, 248
-0.998687, 129, 145, 384, 208
-0.998688, 321, 185, 336, 216
-0.998688, 351, 253, 366, 284
-0.998696, 243, 145, 258, 208
-0.998698, 315, 153, 330, 216
-0.9987, 139, 265, 154, 328
-0.998706, 459, 217, 474, 280
-0.998707, 241, 265, 368, 296
-0.998713, 421, 265, 436, 328
-0.998714, 177, 105, 304, 136
-0.998715, 419, 145, 434, 208
-0.998716, 343, 173, 358, 204
-0.998717, 381, 249, 396, 312
-0.998717, 285, 1, 316, 256
-0.998733, 225, 237, 352, 268
-0.998733, 47, 177, 62, 240
-0.998745, 209, 1, 240, 256
-0.998753, 177, 157, 304, 188
-0.998754, 229, 33, 260, 288
-0.998756, 313, 97, 344, 224
-0.998757, 153, 293, 168, 324
-0.998758, 241, 33, 272, 288
-0.998758, 333, 189, 348, 220
-0.998762, 209, 277, 336, 308
-0.998764, 255, 57, 270, 120
-0.998764, 35, 217, 50, 280
-0.998769, 145, 265, 160, 328
-0.998771, 297, 169, 312, 232
-0.998772, 425, 145, 440, 208
-0.998779, 271, 113, 286, 176
-0.99878, 419, 237, 434, 268
-0.998786, 377, 101, 392, 132
-0.998788, 111, 265, 126, 328
-0.99879, 235, 105, 250, 168
-0.998794, 209, 169, 336, 200
-0.998797, 335, 217, 350, 248
-0.998799, 321, 229, 336, 260
-0.998805, 369, 245, 384, 276
-0.998805, 101, 265, 116, 328
-0.998807, 425, 225, 440, 288
-0.998814, 193, 81, 320, 112
-0.998818, 397, 129, 412, 160
-0.998819, 363, 253, 378, 284
-0.998827, 367, 249, 382, 312
-0.99883, 329, 213, 344, 244
-0.998832, 345, 57, 360, 120
-0.998833, 439, 241, 454, 304
-0.998835, 309, 133, 324, 164
-0.998837, 95, 257, 110, 320
-0.998837, 27, 217, 42, 280
-0.998839, 389, 113, 404, 144
-0.99884, 359, 241, 374, 272
-0.99884, 129, 41, 256, 72
-0.998844, 347, 265, 362, 296
-0.998844, 387, 257, 402, 320
-0.998851, 193, 9, 320, 40
-0.998854, 421, 65, 452, 320
-0.998859, 353, 33, 384, 160
-0.998872, 425, 221, 440, 252
-0.998877, 303, 21, 318, 52
-0.998877, 327, 225, 342, 256
-0.998878, 383, 265, 398, 296
-0.998885, 305, 197, 320, 228
-0.998886, 147, 293, 162, 324
-0.998887, 287, 109, 302, 140
-0.99889, 85, 297, 100, 328
-0.998892, 209, 21, 336, 52
-0.998892, 325, 297, 340, 328
-0.998893, 413, 269, 428, 300
-0.998895, 193, 133, 320, 164
-0.998896, 289, 129, 304, 160
-0.998896, 1, 297, 16, 328
-0.998897, 257, 41, 500, 104
-0.998897, 159, 297, 174, 328
-0.998905, 327, 129, 342, 160
-0.998905, 253, 85, 268, 116
-0.998907, 293, 145, 308, 176
-0.99891, 329, 1, 360, 128
-0.998911, 321, 101, 448, 132
-0.998911, 255, 73, 270, 104
-0.998911, 265, 141, 280, 172
-0.998912, 201, 97, 232, 224
-0.998915, 303, 285, 318, 316
-0.998916, 33, 161, 160, 224
-0.998917, 395, 117, 410, 148
-0.998917, 319, 173, 334, 204
-0.99892, 329, 281, 344, 312
-0.998922, 371, 93, 386, 124
-0.998927, 273, 1, 304, 256
-0.998929, 405, 65, 436, 320
-0.998932, 357, 261, 372, 292
-0.998933, 247, 97, 262, 128
-0.99894, 1, 177, 500, 240
-0.99894, 299, 133, 314, 164
-0.998942, 343, 253, 358, 284
-0.998944, 343, 213, 358, 244
-0.998945, 323, 273, 338, 304
-0.998948, 323, 201, 338, 232
-0.998953, 331, 241, 346, 272
-0.998954, 137, 41, 200, 104
-0.99896, 353, 185, 480, 216
-0.998963, 405, 81, 436, 208
-0.998963, 409, 281, 424, 312
-0.998965, 275, 145, 290, 176
-0.998967, 349, 221, 364, 252
-0.998968, 129, 285, 256, 316
-0.998973, 301, 149, 316, 180
-0.998975, 273, 157, 288, 188
-0.998976, 409, 145, 424, 176
-0.998978, 137, 293, 152, 324
-0.998979, 305, 9, 432, 72
-0.99898, 263, 81, 278, 112
-0.998981, 337, 245, 352, 276
-0.998988, 17, 213, 144, 244
-0.99899, 97, 89, 352, 152
-0.998994, 191, 297, 206, 328
-0.999005, 311, 281, 326, 312
-0.999006, 97, 1, 160, 128
-0.999012, 311, 197, 326, 228
-0.999012, 131, 289, 146, 320
-0.999014, 341, 265, 356, 296
-0.999017, 205, 209, 236, 329
-0.999022, 197, 297, 212, 328
-0.999024, 1, 253, 128, 284
-0.999025, 33, 217, 48, 248
-0.999025, 185, 297, 200, 328
-0.999029, 247, 77, 262, 108
-0.999029, 383, 105, 398, 136
-0.999031, 373, 261, 388, 292
-0.999031, 165, 297, 180, 328
-0.999032, 375, 249, 390, 280
-0.999034, 177, 49, 304, 80
-0.999036, 243, 149, 258, 180
-0.999049, 257, 117, 272, 148
-0.999053, 305, 41, 432, 72
-0.999058, 241, 105, 256, 136
-0.999062, 295, 289, 310, 320
-0.999065, 369, 233, 384, 264
-0.999067, 309, 33, 324, 64
-0.999069, 91, 297, 106, 328
-0.99907, 265, 153, 280, 184
-0.99907, 457, 161, 488, 288
-0.999072, 335, 285, 350, 316
-0.999073, 417, 225, 432, 256
-0.999074, 265, 129, 280, 160
-0.99908, 319, 285, 334, 316
-0.999084, 343, 193, 358, 224
-0.999092, 343, 161, 358, 192
-0.999094, 101, 209, 132, 329
-0.999095, 335, 257, 350, 288
-0.999097, 355, 181, 370, 212
-0.999097, 407, 233, 422, 264
-0.999099, 305, 53, 432, 84
-0.9991, 479, 269, 494, 300
-0.999102, 145, 77, 272, 108
-0.999102, 423, 269, 438, 300
-0.999103, 359, 121, 374, 152
-0.999104, 369, 105, 384, 136
-0.999106, 257, 153, 272, 184
-0.999108, 1, 269, 16, 300
-0.999114, 121, 289, 136, 320
-0.999117, 343, 297, 358, 328
-0.999121, 293, 105, 308, 136
-0.999125, 319, 297, 334, 328
-0.999127, 353, 165, 480, 196
-0.999127, 485, 269, 500, 300
-0.999132, 179, 297, 194, 328
-0.999133, 207, 297, 222, 328
-0.999134, 385, 253, 400, 284
-0.999137, 321, 65, 448, 96
-0.999138, 417, 197, 432, 228
-0.999142, 343, 225, 358, 256
-0.999145, 483, 249, 498, 280
-0.999147, 299, 185, 314, 216
-0.99915, 311, 293, 326, 324
-0.99915, 65, 261, 192, 292
-0.99915, 369, 133, 384, 164
-0.999151, 455, 217, 470, 248
-0.999157, 267, 117, 282, 148
-0.999158, 321, 141, 336, 172
-0.999158, 317, 49, 332, 80
-0.99916, 305, 297, 320, 328
-0.999167, 357, 169, 372, 200
-0.999172, 349, 205, 364, 236
-0.999172, 417, 249, 432, 280
-0.999181, 241, 9, 368, 40
-0.999182, 243, 161, 258, 192
-0.999214, 369, 97, 496, 128
-0.999219, 209, 197, 336, 228
-0.999246, 197, 33, 228, 288
-0.999251, 161, 249, 288, 280
-0.999274, 209, 221, 336, 252
-0.999277, 145, 117, 272, 148
-0.999281, 65, 41, 320, 104
-0.999282, 145, 237, 272, 268
-0.999285, 369, 1, 496, 32
-0.999298, 221, 209, 252, 329
-0.999305, 17, 241, 144, 272
-0.999339, 45, 145, 76, 272
-0.999339, 445, 161, 476, 288
-0.999353, 257, 17, 500, 80
-0.999373, 437, 65, 468, 320
-0.99938, 177, 1, 208, 256
-0.999403, 81, 217, 208, 248
-0.999414, 321, 77, 448, 108
-0.999416, 1, 73, 500, 136
-0.999422, 129, 97, 256, 128
-0.999429, 113, 53, 240, 84
-0.999435, 73, 65, 104, 320
-0.999446, 343, 209, 358, 329
-0.999446, 49, 65, 80, 320
-0.999452, 49, 17, 112, 144
-0.999458, 1, 1, 256, 64
-0.999489, 177, 181, 304, 212
-0.9995, 335, 145, 350, 272
-0.999504, 233, 313, 248, 328
-0.999504, 61, 65, 92, 320
-0.999504, 369, 261, 384, 276
-0.999505, 323, 207, 338, 222
-0.999505, 415, 195, 430, 210
-0.999505, 273, 163, 288, 178
-0.999505, 351, 267, 366, 282
-0.999506, 303, 29, 318, 44
-0.999506, 339, 191, 354, 206
-0.999506, 257, 157, 272, 172
-0.999506, 351, 255, 366, 270
-0.999507, 333, 257, 348, 272
-0.999507, 385, 273, 400, 288
-0.999507, 363, 255, 378, 270
-0.999507, 3, 301, 18, 316
-0.999508, 329, 305, 344, 320
-0.999508, 297, 103, 312, 118
-0.999508, 337, 179, 352, 194
-0.999509, 141, 65, 172, 320
-0.999509, 261, 121, 276, 136
-0.999509, 299, 139, 314, 154
-0.999509, 379, 107, 394, 122
-0.999509, 337, 185, 352, 200
-0.999509, 117, 305, 132, 320
-0.999509, 339, 265, 354, 280
-0.999509, 315, 197, 330, 212
-0.99951, 365, 123, 380, 138
-0.99951, 313, 187, 328, 202
-0.99951, 331, 177, 346, 192
-0.999511, 267, 161, 282, 176
-0.999511, 265, 153, 280, 168
-0.999511, 361, 267, 376, 282
-0.999512, 17, 65, 80, 192
-0.999512, 245, 159, 260, 174
-0.999512, 333, 243, 348, 258
-0.999512, 367, 239, 382, 254
-0.999513, 369, 95, 384, 110
-0.999513, 409, 291, 424, 306
-0.999513, 323, 277, 338, 292
-0.999513, 411, 275, 426, 290
-0.999514, 353, 179, 368, 194
-0.999514, 415, 223, 430, 238
-0.999514, 345, 167, 360, 182
-0.999514, 355, 117, 370, 132
-0.999515, 287, 137, 302, 152
-0.999515, 35, 221, 50, 236
-0.999515, 349, 235, 364, 250
-0.999516, 255, 89, 270, 104
-0.999516, 267, 139, 282, 154
-0.999517, 313, 209, 328, 224
-0.999517, 143, 311, 158, 326
-0.999517, 419, 241, 434, 256
-0.999518, 359, 247, 374, 262
-0.999518, 257, 83, 272, 98
-0.999518, 377, 269, 392, 284
-0.999519, 325, 235, 340, 250
-0.999519, 425, 223, 440, 238
-0.999519, 387, 111, 402, 126
-0.99952, 301, 287, 316, 302
-0.99952, 413, 269, 428, 284
-0.99952, 121, 65, 152, 320
-0.99952, 325, 185, 340, 200
-0.999521, 423, 229, 438, 244
-0.999521, 1, 313, 16, 328
-0.999521, 329, 281, 344, 296
-0.999521, 325, 139, 340, 154
-0.999521, 393, 127, 408, 142
-0.999521, 341, 259, 356, 274
-0.999522, 283, 107, 298, 122
-0.999523, 89, 303, 104, 318
-0.999523, 243, 153, 258, 168
-0.999524, 311, 133, 326, 148
-0.999524, 291, 149, 306, 164
-0.999524, 293, 109, 308, 124
-0.999526, 289, 157, 304, 172
-0.999526, 341, 223, 356, 238
-0.999527, 349, 91, 364, 106
-0.999528, 289, 131, 304, 146
-0.999529, 341, 217, 356, 232
-0.999529, 227, 313, 242, 328
-0.99953, 349, 229, 364, 244
-0.99953, 299, 157, 314, 172
-0.999531, 3, 307, 18, 322
-0.999531, 369, 249, 384, 264
-0.999531, 421, 235, 436, 250
-0.999532, 297, 145, 312, 160
-0.999532, 319, 139, 334, 154
-0.999532, 311, 221, 326, 236
-0.999532, 219, 313, 234, 328
-0.999533, 363, 261, 378, 276
-0.999534, 327, 193, 342, 320
-0.999535, 347, 219, 362, 234
-0.999535, 323, 229, 338, 244
-0.999536, 331, 203, 346, 218
-0.999536, 343, 179, 358, 194
-0.999537, 323, 129, 338, 144
-0.999538, 321, 195, 336, 210
-0.999539, 323, 201, 338, 216
-0.99954, 357, 99, 372, 114
-0.99954, 337, 165, 352, 180
-0.999541, 345, 265, 360, 280
-0.999541, 401, 141, 416, 156
-0.999542, 305, 205, 320, 220
-0.999543, 359, 241, 374, 256
-0.999543, 251, 159, 266, 174
-0.999544, 389, 117, 404, 132
-0.999545, 397, 133, 412, 148
-0.999546, 317, 219, 332, 234
-0.99955, 415, 229, 430, 244
-0.999551, 373, 101, 388, 116
-0.999551, 339, 211, 354, 226
-0.999553, 317, 229, 332, 244
-0.999554, 325, 175, 340, 190
-0.999557, 341, 197, 356, 212
-0.999557, 317, 203, 332, 218
-0.999558, 273, 29, 400, 60
-0.999558, 335, 197, 350, 212
-0.999559, 303, 151, 318, 166
-0.99956, 331, 189, 346, 204
-0.99956, 469, 1, 500, 256
-0.999562, 323, 301, 338, 316
-0.999562, 365, 103, 380, 118
-0.999564, 321, 213, 336, 228
-0.999564, 333, 217, 348, 232
-0.999565, 353, 261, 368, 276
-0.999567, 449, 65, 480, 320
-0.999568, 225, 145, 256, 272
-0.999568, 355, 93, 370, 108
-0.999569, 345, 173, 360, 188
-0.999571, 317, 131, 332, 146
-0.999571, 339, 171, 354, 186
-0.999574, 311, 215, 326, 230
-0.999576, 319, 185, 334, 200
-0.999577, 327, 213, 342, 228
-0.999582, 249, 153, 264, 168
-0.999586, 323, 219, 338, 234
-0.999588, 297, 151, 312, 166
-0.999589, 17, 197, 144, 228
-0.999594, 89, 65, 120, 320
-0.999595, 337, 209, 352, 329
-0.999596, 17, 225, 144, 256
-0.999602, 333, 171, 348, 186
-0.999603, 153, 33, 184, 288
-0.999604, 327, 195, 342, 210
-0.999628, 273, 161, 400, 192
-0.999635, 413, 145, 428, 272
-0.999642, 161, 205, 288, 236
-0.999655, 145, 141, 272, 172
-0.999673, 165, 65, 196, 320
-0.999689, 161, 221, 288, 252
-0.999692, 421, 209, 436, 329
-0.999694, 109, 65, 140, 320
-0.999706, 21, 65, 52, 320
-0.99972, 145, 17, 272, 48
-0.999721, 261, 81, 276, 208
-0.999723, 343, 161, 358, 288
-0.999736, 161, 29, 288, 60
-0.999738, 365, 97, 380, 224
-0.999741, 81, 205, 208, 236
-0.999761, 371, 97, 386, 224
-0.999774, 113, 249, 240, 280
-0.999782, 37, 65, 68, 320
-0.999784, 33, 113, 288, 176
-0.999822, 245, 97, 260, 224
-0.999828, 319, 129, 334, 256
-0.999829, 357, 81, 372, 208
-0.999838, 321, 177, 336, 304
-0.999845, 309, 193, 324, 320
-0.999846, 255, 161, 270, 288
-0.999857, 369, 209, 384, 329
-0.99986, 25, 1, 88, 128
-0.999873, 255, 81, 270, 208
-0.999889, 145, 169, 272, 200
-0.99989, 333, 65, 348, 192
-0.999891, 273, 145, 288, 272
-0.999892, 145, 129, 272, 160
-0.999892, 81, 237, 208, 268
-0.999898, 329, 145, 344, 272
-0.999901, 381, 97, 396, 224
-0.999921, 393, 97, 408, 224
-0.999923, 387, 97, 402, 224
-0.99993, 1, 1, 64, 128
-0.999931, 17, 173, 144, 204
-0.999935, 249, 161, 264, 288
-0.999941, 407, 145, 422, 272
-0.999954, 193, 265, 320, 296
-0.999955, 315, 209, 330, 329
-0.999958, 401, 129, 416, 256
-0.99996, 325, 49, 340, 176
-0.999961, 471, 1, 486, 128
-0.99997, 161, 193, 288, 224
-0.999973, 353, 177, 368, 304
-0.999978, 1, 33, 32, 288
-0.999979, 433, 145, 464, 272
-0.99998, 313, 129, 328, 256
-0.99998, 343, 65, 358, 192
-0.999992, 33, 145, 288, 208
-0.999997, 301, 1, 316, 128
-0.999998, 363, 209, 378, 329
-1, 239, 97, 254, 224
-1.00001, 303, 193, 318, 320
-1.00002, 427, 145, 442, 272
-1.00002, 289, 1, 416, 32
-1.00002, 479, 1, 494, 128
-1.00003, 81, 117, 208, 148
-1.00003, 315, 33, 330, 160
-1.00003, 351, 81, 366, 208
-1.00004, 289, 13, 416, 44
-1.00004, 65, 169, 320, 232
-1.00004, 1, 185, 128, 216
-1.00005, 1, 41, 500, 104
-1.00005, 415, 209, 430, 329
-1.00007, 65, 249, 192, 280
-1.00009, 369, 85, 496, 116
-1.0001, 279, 145, 294, 272
-1.0001, 465, 1, 480, 128
-1.00011, 265, 129, 280, 256
-1.00011, 97, 77, 224, 108
-1.00011, 129, 273, 256, 304
-1.00013, 303, 113, 318, 240
-1.00014, 41, 65, 104, 192
-1.00014, 129, 157, 256, 188
-1.00016, 113, 1, 240, 32
-1.00016, 359, 145, 374, 272
-1.00017, 233, 97, 248, 224
-1.00017, 225, 33, 240, 160
-1.00018, 307, 1, 322, 128
-1.00018, 295, 129, 310, 256
-1.00018, 419, 145, 434, 272
-1.00018, 113, 29, 240, 60
-1.00018, 47, 177, 62, 304
-1.00019, 369, 65, 496, 96
-1.00019, 267, 49, 282, 176
-1.00019, 265, 209, 280, 329
-1.00019, 17, 157, 144, 188
-1.00019, 243, 33, 258, 160
-1.00019, 249, 49, 264, 176
-1.00019, 217, 1, 232, 128
-1.0002, 343, 113, 358, 240
-1.0002, 453, 209, 468, 329
-1.0002, 41, 177, 56, 304
-1.0002, 369, 13, 496, 44
-1.0002, 287, 129, 302, 256
-1.00021, 65, 65, 320, 128
-1.00021, 217, 81, 232, 208
-1.00021, 377, 209, 392, 329
-1.00021, 481, 209, 496, 329
-1.00021, 255, 1, 270, 128
-1.00022, 295, 1, 310, 128
-1.00022, 235, 49, 250, 176
-1.00022, 73, 209, 88, 329
-1.00023, 383, 209, 398, 329
-1.00023, 259, 209, 274, 329
-1.00024, 49, 137, 176, 168
-1.00025, 243, 209, 258, 329
-1.00025, 369, 25, 496, 56
-1.00025, 237, 1, 252, 128
-1.00025, 55, 193, 70, 320
-1.00026, 325, 97, 340, 224
-1.00026, 237, 209, 252, 329
-1.00027, 81, 65, 208, 96
-1.00027, 269, 1, 284, 128
-1.00028, 277, 97, 292, 224
-1.00028, 243, 161, 258, 288
-1.00028, 251, 209, 266, 329
-1.00028, 401, 81, 416, 208
-1.00028, 365, 145, 396, 272
-1.00028, 61, 177, 76, 304
-1.00028, 97, 209, 112, 329
-1.00029, 81, 93, 208, 124
-1.00029, 79, 177, 94, 304
-1.00029, 355, 33, 370, 160
-1.00029, 365, 145, 380, 272
-1.0003, 65, 49, 192, 112
-1.00031, 389, 49, 404, 176
-1.00031, 353, 129, 368, 256
-1.00032, 485, 1, 500, 128
-1.00032, 91, 193, 106, 320
-1.00032, 459, 1, 474, 128
-1.00033, 407, 97, 422, 224
-1.00034, 67, 209, 82, 329
-1.00034, 365, 49, 380, 176
-1.00035, 65, 105, 192, 136
-1.00036, 413, 97, 428, 224
-1.00036, 81, 193, 208, 224
-1.00036, 27, 209, 42, 329
-1.00036, 263, 1, 278, 128
-1.00036, 103, 209, 118, 329
-1.00037, 439, 209, 454, 329
-1.00037, 97, 141, 224, 172
-1.00037, 113, 129, 240, 192
-1.00037, 297, 177, 312, 304
-1.00038, 321, 29, 448, 60
-1.00038, 21, 193, 36, 320
-1.00039, 379, 49, 394, 176
-1.00039, 249, 1, 264, 128
-1.00039, 313, 81, 328, 208
-1.00039, 433, 209, 448, 329
-1.0004, 347, 1, 362, 128
-1.0004, 335, 17, 350, 144
-1.0004, 211, 81, 226, 208
-1.0004, 193, 1, 208, 128
-1.00041, 1, 209, 16, 329
-1.00041, 469, 209, 484, 329
-1.00041, 447, 209, 462, 329
-1.00042, 427, 209, 442, 329
-1.00042, 109, 209, 124, 329
-1.00042, 235, 161, 250, 288
-1.00042, 211, 17, 226, 144
-1.00042, 29, 161, 44, 288
-1.00042, 407, 209, 422, 329
-1.00043, 475, 209, 490, 329
-1.00043, 271, 97, 286, 224
-1.00043, 149, 209, 180, 329
-1.00043, 85, 209, 100, 329
-1.00045, 463, 209, 478, 329
-1.00045, 371, 161, 386, 288
-1.00045, 293, 81, 308, 208
-1.00046, 459, 161, 474, 288
-1.00046, 283, 81, 298, 208
-1.00047, 35, 209, 50, 329
-1.00047, 117, 209, 148, 329
-1.00047, 285, 1, 300, 128
-1.00049, 205, 49, 220, 176
-1.00049, 141, 209, 156, 329
-1.0006, 197, 161, 228, 288
-1.00076, 49, 73, 176, 136
-1.00077, 65, 105, 192, 168
-1.00083, 445, 113, 476, 240
-1.00087, 1, 89, 256, 152
-1.00092, 277, 177, 308, 304
-1.00095, 1, 129, 128, 192
-1.00096, 93, 161, 124, 288
-1.00099, 81, 161, 208, 224
-1.00101, 161, 209, 192, 329
-1.00106, 133, 209, 164, 329
-1.00111, 441, 1, 472, 128
-1.00118, 417, 65, 448, 192
-1.00123, 193, 1, 224, 128
-1.00125, 61, 145, 92, 272
-1.00128, 369, 25, 496, 88
-1.00141, 29, 129, 60, 256
-1.00151, 81, 9, 208, 72
-1.00151, 213, 161, 244, 288
-1.00152, 65, 129, 192, 192
-1.00153, 5, 161, 36, 288
-1.0016, 73, 1, 136, 128
-1.00177, 181, 97, 212, 224
-1.00179, 89, 97, 120, 224
-1.00182, 17, 105, 144, 168
-1.00189, 397, 33, 428, 160
-1.00198, 181, 1, 212, 128
-1.00215, 1, 81, 128, 144
-1.00219, 1, 41, 128, 104
-1.00221, 185, 49, 216, 176
-1.00224, 17, 161, 48, 288
-1.00232, 433, 97, 464, 224
-1.00237, 173, 209, 204, 329
-1.00241, 113, 161, 144, 288
-1.00249, 185, 145, 216, 272
-1.00263, 297, 49, 328, 176
-1.00269, 165, 113, 196, 240
-1.00271, 1, 17, 500, 80
-1.00281, 1, 1, 128, 64
-1.00285, 469, 129, 500, 256
-1.00293, 457, 113, 488, 240
-1.00294, 465, 49, 496, 176
-1.00317, 449, 65, 480, 192
-1.00329, 101, 113, 132, 240
-1.00366, 377, 145, 408, 272
-1.00378, 425, 17, 456, 144
-1.00401, 185, 209, 216, 329
-1.00407, 169, 65, 200, 192
-1.00413, 145, 65, 176, 192
-1.00447, 77, 97, 108, 224
-1.0045, 109, 49, 140, 176
-1.00454, 409, 1, 440, 128
-1.00461, 61, 97, 92, 224
-1.00463, 165, 161, 196, 288
-1.00465, 437, 49, 468, 176
-1.00466, 153, 129, 184, 256
-1.00475, 141, 129, 172, 256
-1.00482, 377, 1, 408, 128
-1.00482, 129, 113, 160, 240
-1.00499, 113, 113, 144, 240
-1.00505, 145, 1, 176, 128
