1980
-0.420357, 129, 1, 384, 373
-0.436902, 1, 129, 500, 373
-0.441748, 1, 1, 500, 256
-0.527754, 1, 1, 500, 373
-0.576008, 129, 97, 384, 352
-0.632301, 225, 1, 480, 373
-0.655136, 129, 1, 384, 256
-0.704763, 225, 97, 480, 352
-0.716412, 33, 1, 288, 373
-0.73431, 33, 129, 288, 373
-0.807571, 1, 33, 256, 288
-0.808033, 225, 1, 480, 256
-0.832992, 209, 129, 336, 373
-0.861485, 145, 129, 272, 373
-0.867106, 225, 1, 352, 373
-0.877837, 145, 1, 272, 256
-0.878606, 161, 1, 288, 373
-0.883347, 97, 129, 224, 373
-0.883377, 257, 129, 384, 373
-0.884692, 305, 97, 432, 352
-0.888276, 289, 1, 416, 373
-0.893443, 1, 145, 500, 272
-0.893987, 1, 193, 500, 320
-0.895662, 209, 33, 336, 288
-0.907419, 1, 97, 500, 224
-0.910154, 1, 241, 500, 368
-0.910892, 81, 1, 208, 373
-0.911059, 129, 209, 384, 336
-0.911426, 129, 113, 384, 240
-0.91857, 129, 161, 384, 288
-0.918631, 273, 1, 400, 256
-0.921104, 1, 49, 500, 176
-0.924099, 49, 65, 176, 320
-0.929726, 1, 1, 500, 128
-0.931034, 33, 145, 288, 272
-0.932075, 321, 1, 448, 256
-0.933783, 97, 33, 224, 288
-0.935012, 369, 1, 496, 256
-0.937351, 225, 225, 480, 352
-0.938149, 161, 145, 224, 272
-0.938545, 1, 193, 256, 320
-0.939119, 369, 129, 496, 373
-0.939247, 209, 145, 336, 272
-0.939572, 97, 49, 352, 176
-0.939682, 225, 113, 480, 240
-0.940618, 97, 1, 352, 128
-0.940677, 337, 1, 464, 373
-0.942407, 273, 113, 336, 240
-0.942902, 145, 145, 272, 272
-0.946248, 225, 177, 480, 304
-0.948798, 33, 241, 288, 368
-0.949125, 145, 225, 272, 352
-0.951475, 257, 113, 384, 240
-0.951996, 305, 193, 432, 320
-0.952619, 305, 145, 432, 272
-0.953249, 97, 145, 224, 272
-0.954844, 225, 145, 288, 272
-0.954895, 185, 145, 248, 272
-0.955907, 305, 97, 432, 224
-0.957305, 169, 193, 232, 320
-0.95785, 225, 193, 352, 320
-0.957857, 209, 241, 336, 368
-0.957869, 305, 241, 432, 368
-0.957896, 121, 161, 184, 288
-0.95801, 1, 97, 256, 224
-0.95833, 225, 65, 480, 192
-0.959267, 1, 97, 128, 352
-0.959428, 193, 1, 320, 128
-0.960084, 129, 97, 256, 224
-0.96015, 161, 193, 224, 256
-0.960863, 201, 225, 264, 352
-0.961408, 145, 1, 272, 128
-0.962091, 265, 161, 328, 288
-0.962487, 305, 97, 368, 224
-0.963075, 217, 161, 280, 224
-0.963567, 273, 137, 336, 200
-0.963592, 209, 65, 336, 192
-0.963799, 273, 169, 336, 232
-0.964164, 161, 137, 224, 200
-0.964364, 217, 297, 280, 360
-0.964441, 249, 113, 312, 240
-0.964498, 145, 193, 208, 320
-0.964837, 265, 289, 328, 352
-0.965079, 129, 113, 192, 240
-0.96535, 313, 241, 376, 368
-0.965513, 169, 241, 232, 368
-0.965962, 313, 145, 376, 272
-0.966687, 241, 153, 304, 216
-0.966936, 153, 169, 216, 232
-0.967161, 65, 193, 192, 320
-0.967518, 193, 161, 256, 224
-0.967619, 185, 1, 248, 128
-0.968172, 353, 129, 416, 256
-0.968486, 273, 209, 336, 336
-0.968595, 305, 153, 368, 216
-0.968955, 161, 281, 224, 344
-0.968973, 49, 129, 176, 256
-0.969234, 257, 241, 384, 368
-0.969812, 97, 241, 224, 368
-0.970007, 185, 97, 248, 224
-0.970597, 241, 65, 304, 192
-0.970629, 321, 193, 384, 320
-0.970739, 161, 97, 224, 224
-0.971075, 121, 161, 184, 224
-0.971233, 105, 113, 168, 240
-0.971289, 281, 65, 344, 192
-0.971674, 321, 289, 384, 352
-0.971716, 33, 1, 160, 373
-0.971891, 281, 265, 344, 328
-0.971969, 193, 17, 448, 144
-0.972018, 121, 209, 184, 336
-0.972022, 145, 161, 272, 224
-0.972872, 313, 201, 376, 264
-0.972877, 257, 65, 384, 192
-0.972923, 209, 1, 272, 128
-0.973068, 225, 225, 288, 352
-0.973143, 1, 1, 256, 128
-0.973168, 361, 177, 424, 304
-0.973236, 185, 289, 248, 352
-0.973258, 193, 129, 256, 192
-0.973321, 177, 313, 240, 373
-0.973346, 265, 129, 328, 373
-0.973486, 121, 65, 184, 192
-0.973497, 273, 193, 336, 256
-0.973649, 161, 1, 224, 128
-0.973687, 169, 129, 200, 256
-0.973739, 217, 129, 280, 373
-0.973972, 161, 129, 224, 373
-0.974043, 209, 153, 336, 216
-0.974047, 241, 281, 368, 344
-0.97431, 305, 177, 432, 240
-0.974409, 353, 145, 416, 208
-0.974786, 145, 241, 208, 368
-0.974791, 313, 177, 376, 240
-0.975012, 193, 305, 320, 368
-0.97503, 353, 169, 416, 232
-0.975057, 289, 161, 352, 288
-0.975152, 293, 113, 324, 240
-0.975204, 121, 185, 184, 248
-0.975323, 313, 233, 376, 296
-0.975576, 241, 177, 304, 240
-0.975601, 145, 137, 272, 200
-0.975635, 137, 1, 200, 128
-0.975694, 129, 137, 192, 200
-0.975731, 149, 177, 180, 304
-0.976057, 297, 305, 360, 368
-0.97608, 249, 129, 312, 192
-0.976363, 161, 49, 288, 176
-0.976374, 65, 81, 192, 208
-0.976774, 161, 217, 224, 280
-0.977093, 217, 97, 280, 224
-0.977401, 257, 161, 384, 224
-0.977714, 97, 153, 224, 216
-0.977925, 305, 201, 432, 264
-0.977966, 145, 193, 272, 256
-0.977985, 241, 1, 368, 128
-0.978329, 241, 297, 304, 360
-0.97836, 297, 105, 360, 168
-0.978478, 137, 129, 200, 373
-0.978643, 121, 209, 184, 272
-0.978749, 225, 185, 352, 248
-0.978774, 129, 289, 256, 352
-0.978921, 281, 113, 312, 240
-0.978932, 305, 49, 432, 176
-0.978972, 361, 65, 424, 192
-0.979087, 145, 217, 272, 280
-0.979249, 305, 129, 368, 192
-0.979406, 305, 65, 368, 320
-0.979465, 241, 129, 304, 373
-0.979518, 289, 137, 416, 200
-0.979574, 285, 129, 316, 192
-0.979751, 193, 225, 256, 288
-0.979801, 289, 105, 416, 168
-0.979918, 241, 1, 304, 128
-0.98, 129, 105, 192, 168
-0.980113, 305, 265, 432, 328
-0.980361, 361, 225, 424, 352
-0.98041, 273, 113, 336, 176
-0.980451, 137, 281, 200, 344
-0.980468, 249, 241, 312, 368
-0.980475, 161, 249, 288, 312
-0.980577, 361, 97, 424, 352
-0.980603, 193, 273, 320, 336
-0.980688, 221, 225, 252, 352
-0.980695, 1, 1, 128, 256
-0.980763, 173, 129, 204, 192
-0.980826, 321, 265, 384, 328
-0.980832, 193, 129, 256, 373
-0.98093, 97, 161, 160, 288
-0.980982, 225, 265, 288, 328
-0.981026, 185, 1, 248, 64
-0.981029, 305, 225, 432, 288
-0.981046, 329, 81, 392, 208
-0.981048, 169, 257, 232, 320
-0.981086, 185, 1, 248, 256
-0.981292, 145, 1, 208, 64
-0.981421, 193, 161, 224, 288
-0.981524, 353, 161, 480, 288
-0.981593, 261, 177, 292, 240
-0.981841, 293, 289, 324, 352
-0.981983, 233, 145, 264, 272
-0.982035, 1, 49, 256, 176
-0.982098, 253, 145, 284, 208
-0.982144, 225, 129, 352, 192
-0.982152, 281, 33, 344, 288
-0.982215, 129, 1, 192, 256
-0.982321, 225, 217, 352, 280
-0.982357, 273, 281, 304, 344
-0.98237, 205, 305, 236, 368
-0.982441, 161, 113, 224, 176
-0.982479, 401, 145, 464, 272
-0.982511, 225, 129, 288, 192
-0.982556, 369, 241, 496, 368
-0.982564, 181, 185, 212, 248
-0.982606, 129, 73, 192, 136
-0.982729, 197, 161, 228, 224
-0.982843, 173, 177, 204, 304
-0.982866, 97, 1, 224, 128
-0.98298, 97, 153, 160, 216
-0.982981, 229, 161, 260, 224
-0.982982, 329, 65, 392, 320
-0.983057, 337, 89, 400, 152
-0.983117, 409, 241, 472, 368
-0.983149, 65, 177, 192, 240
-0.983168, 361, 193, 424, 256
-0.983207, 185, 193, 248, 256
-0.983207, 165, 185, 196, 248
-0.983252, 269, 145, 300, 272
-0.983404, 249, 297, 280, 360
-0.983445, 273, 169, 304, 232
-0.983492, 225, 297, 256, 360
-0.983515, 289, 289, 416, 352
-0.983604, 385, 193, 448, 320
-0.983735, 313, 145, 344, 208
-0.983744, 309, 97, 340, 224
-0.983752, 225, 241, 352, 304
-0.983775, 165, 161, 196, 224
-0.983878, 265, 1, 328, 128
-0.983896, 189, 281, 220, 344
-0.983899, 309, 305, 340, 368
-0.983948, 201, 265, 264, 328
-0.98397, 273, 313, 336, 373
-0.983972, 209, 49, 272, 112
-0.983989, 221, 225, 252, 288
-0.984088, 149, 193, 180, 256
-0.9842, 145, 169, 176, 232
-0.984222, 185, 161, 216, 224
-0.984233, 281, 241, 344, 304
-0.984308, 129, 1, 256, 64
-0.984315, 233, 89, 296, 152
-0.984387, 337, 241, 400, 368
-0.984432, 241, 145, 272, 208
-0.984488, 145, 313, 272, 373
-0.984503, 209, 225, 240, 352
-0.984517, 209, 1, 272, 256
-0.984547, 309, 225, 340, 352
-0.984673, 305, 49, 368, 176
-0.984743, 329, 145, 392, 208
-0.98477, 241, 33, 304, 288
-0.984786, 369, 113, 496, 240
-0.984838, 369, 1, 432, 256
-0.98489, 237, 297, 268, 360
-0.984909, 129, 233, 192, 296
-0.985118, 385, 169, 416, 232
-0.985242, 293, 161, 324, 224
-0.985313, 313, 281, 344, 344
-0.985361, 177, 25, 240, 88
-0.985368, 129, 257, 192, 320
-0.985382, 345, 121, 408, 184
-0.985402, 81, 113, 144, 240
-0.985404, 393, 193, 424, 256
-0.985413, 169, 209, 200, 272
-0.985474, 321, 305, 352, 368
-0.985523, 181, 129, 212, 256
-0.985535, 257, 145, 288, 272
-0.985537, 321, 193, 352, 256
-0.985569, 177, 49, 240, 112
-0.985621, 161, 1, 224, 256
-0.985643, 261, 297, 292, 360
-0.985648, 261, 121, 292, 184
-0.985657, 197, 137, 228, 200
-0.985699, 209, 1, 272, 64
-0.985725, 273, 89, 336, 152
-0.985864, 161, 49, 224, 176
-0.985887, 345, 281, 408, 344
-0.985901, 257, 313, 384, 373
-0.985932, 169, 273, 200, 336
-0.985945, 81, 129, 208, 192
-0.986089, 273, 305, 304, 368
-0.986109, 17, 145, 80, 272
-0.986139, 317, 169, 348, 232
-0.986179, 333, 297, 364, 360
-0.98618, 177, 113, 304, 176
-0.986206, 309, 257, 340, 320
-0.986229, 81, 217, 208, 280
-0.986265, 185, 137, 216, 200
-0.986277, 265, 145, 296, 208
-0.986278, 337, 161, 368, 224
-0.986307, 113, 97, 176, 352
-0.986335, 97, 1, 160, 128
-0.986409, 401, 193, 464, 256
-0.986461, 133, 161, 164, 224
-0.986477, 49, 153, 176, 216
-0.986521, 305, 145, 336, 272
-0.986527, 321, 161, 352, 288
-0.986565, 49, 241, 176, 368
-0.986576, 161, 1, 224, 373
-0.986624, 57, 113, 120, 240
-0.986818, 197, 241, 228, 368
-0.986855, 281, 217, 344, 280
-0.986913, 233, 265, 264, 328
-0.986935, 193, 49, 256, 176
-0.986954, 205, 161, 236, 288
-0.986977, 169, 1, 200, 128
-0.986979, 369, 249, 432, 312
-0.987009, 329, 273, 360, 336
-0.987034, 361, 81, 424, 144
-0.987121, 205, 265, 236, 328
-0.987132, 353, 65, 480, 192
-0.987169, 377, 137, 408, 200
-0.98717, 153, 177, 216, 208
-0.987172, 81, 121, 144, 184
-0.98718, 173, 1, 204, 64
-0.987191, 49, 1, 176, 128
-0.987193, 273, 1, 336, 373
-0.987296, 1, 161, 128, 288
-0.987325, 209, 169, 240, 232
-0.987391, 221, 145, 252, 272
-0.987395, 149, 225, 180, 288
-0.9874, 393, 1, 456, 256
-0.987402, 149, 145, 180, 208
-0.987493, 305, 105, 336, 168
-0.987497, 113, 265, 240, 328
-0.987563, 297, 313, 328, 373
-0.987591, 329, 225, 360, 288
-0.987605, 157, 265, 188, 328
-0.987607, 217, 193, 280, 256
-0.987635, 281, 105, 312, 168
-0.987674, 321, 313, 384, 373
-0.987683, 289, 1, 416, 128
-0.987691, 81, 241, 208, 304
-0.987727, 285, 265, 316, 328
-0.987757, 329, 249, 360, 312
-0.987805, 369, 225, 432, 288
-0.987805, 353, 313, 416, 373
-0.987814, 329, 97, 360, 224
-0.987847, 129, 1, 192, 373
-0.98785, 137, 49, 200, 112
-0.987862, 213, 1, 244, 64
-0.987868, 325, 105, 356, 168
-0.987875, 349, 153, 380, 216
-0.987949, 197, 209, 228, 272
-0.987974, 389, 145, 420, 272
-0.988077, 293, 105, 324, 168
-0.988164, 65, 313, 128, 373
-0.988193, 305, 313, 432, 373
-0.988212, 357, 129, 388, 192
-0.988243, 309, 209, 340, 272
-0.988255, 41, 161, 104, 288
-0.988267, 193, 185, 224, 248
-0.988267, 297, 137, 328, 200
-0.988321, 297, 65, 328, 192
-0.988326, 249, 177, 280, 240
-0.988345, 397, 193, 428, 320
-0.988362, 161, 193, 224, 224
-0.988377, 297, 73, 360, 136
-0.988385, 341, 89, 372, 152
-0.988391, 205, 1, 236, 128
-0.988405, 349, 273, 380, 336
-0.988405, 149, 129, 180, 256
-0.988412, 305, 1, 368, 373
-0.988461, 333, 185, 364, 248
-0.988463, 1, 97, 128, 224
-0.988493, 377, 313, 440, 373
-0.988505, 321, 241, 352, 368
-0.988522, 305, 185, 336, 248
-0.988539, 297, 49, 360, 112
-0.988542, 193, 1, 320, 64
-0.988613, 241, 73, 368, 136
-0.98864, 133, 113, 164, 240
-0.988702, 173, 249, 204, 312
-0.988703, 153, 97, 184, 160
-0.988708, 137, 305, 200, 368
-0.98877, 217, 249, 248, 312
-0.988771, 65, 161, 128, 288
-0.98883, 121, 145, 152, 208
-0.988846, 97, 65, 160, 192
-0.988881, 169, 241, 200, 368
-0.988887, 129, 161, 384, 224
-0.988962, 361, 153, 392, 216
-0.988965, 369, 281, 496, 344
-0.988974, 369, 81, 400, 144
-0.988997, 345, 121, 376, 184
-0.989036, 133, 185, 164, 248
-0.989038, 333, 137, 364, 200
-0.989048, 193, 1, 224, 64
-0.98913, 273, 185, 336, 216
-0.989171, 113, 49, 240, 176
-0.989176, 217, 165, 280, 196
-0.989185, 189, 1, 220, 128
-0.989193, 369, 273, 432, 336
-0.989196, 273, 141, 336, 172
-0.989206, 349, 177, 380, 240
-0.989229, 293, 185, 324, 248
-0.989246, 285, 313, 316, 373
-0.989255, 305, 157, 368, 188
-0.989343, 361, 313, 392, 373
-0.989348, 233, 65, 296, 128
-0.989372, 185, 305, 216, 368
-0.98942, 233, 153, 296, 184
-0.98943, 153, 1, 184, 64
-0.989449, 209, 137, 240, 200
-0.989457, 185, 105, 216, 168
-0.989471, 241, 1, 304, 373
-0.98949, 305, 233, 336, 296
-0.989501, 133, 65, 164, 128
-0.98951, 97, 297, 160, 360
-0.98952, 229, 137, 260, 200
-0.989523, 137, 161, 168, 288
-0.989542, 345, 209, 376, 272
-0.989545, 153, 157, 216, 188
-0.989561, 353, 241, 384, 304
-0.989566, 385, 241, 448, 368
-0.989571, 133, 137, 164, 200
-0.989584, 161, 141, 224, 172
-0.989606, 137, 25, 200, 88
-0.989616, 205, 57, 236, 120
-0.989634, 277, 193, 308, 256
-0.989637, 225, 241, 288, 304
-0.989704, 1, 97, 64, 224
-0.989705, 273, 157, 336, 188
-0.989707, 265, 289, 328, 320
-0.989761, 257, 65, 320, 128
-0.989766, 221, 57, 252, 120
-0.989783, 393, 305, 424, 368
-0.989784, 305, 169, 368, 200
-0.98982, 217, 49, 280, 176
-0.989833, 129, 185, 384, 248
-0.989847, 257, 265, 320, 328
-0.989884, 81, 105, 208, 168
-0.989914, 289, 281, 352, 312
-0.989925, 129, 113, 256, 176
-0.989937, 253, 273, 284, 336
-0.989959, 209, 193, 240, 256
-0.989968, 389, 81, 420, 144
-0.989973, 217, 25, 280, 88
-0.989998, 149, 81, 180, 208
-0.990022, 89, 97, 152, 352
-0.990029, 117, 113, 148, 176
-0.990053, 153, 241, 184, 368
-0.990075, 401, 297, 464, 360
-0.990106, 269, 89, 300, 152
-0.990129, 469, 305, 500, 368
-0.990151, 369, 305, 496, 368
-0.990174, 321, 81, 448, 144
-0.990206, 173, 297, 204, 360
-0.990211, 265, 241, 296, 368
-0.990225, 301, 81, 332, 144
-0.990226, 169, 73, 200, 136
-0.990264, 377, 129, 440, 256
-0.990265, 209, 89, 272, 152
-0.99028, 209, 1, 272, 373
-0.99028, 397, 129, 428, 192
-0.990297, 161, 297, 416, 360
-0.990306, 129, 217, 384, 280
-0.990311, 393, 169, 456, 232
-0.990312, 265, 97, 296, 224
-0.990333, 145, 121, 176, 184
-0.990344, 101, 305, 132, 368
-0.990352, 185, 241, 216, 368
-0.990355, 161, 137, 192, 200
-0.990358, 397, 169, 428, 232
-0.990359, 265, 169, 328, 200
-0.990392, 209, 217, 240, 280
-0.990466, 157, 57, 188, 120
-0.990493, 197, 105, 228, 168
-0.990494, 129, 241, 384, 304
-0.990519, 281, 269, 344, 300
-0.990529, 241, 169, 304, 200
-0.990551, 221, 273, 252, 336
-0.990568, 373, 297, 404, 360
-0.990574, 401, 97, 464, 224
-0.990589, 285, 241, 316, 368
-0.990641, 345, 297, 376, 360
-0.990649, 105, 1, 168, 256
-0.990653, 145, 41, 272, 104
-0.990711, 321, 281, 384, 312
-0.990729, 233, 305, 296, 336
-0.990736, 161, 285, 224, 316
-0.990769, 361, 289, 392, 352
-0.99077, 193, 25, 224, 88
-0.990781, 197, 113, 228, 240
-0.990807, 433, 241, 496, 368
-0.990816, 1, 241, 64, 368
-0.990835, 233, 241, 264, 304
-0.990853, 237, 25, 268, 88
-0.990863, 305, 185, 368, 216
-0.990863, 165, 105, 196, 168
-0.99087, 157, 289, 188, 352
-0.990873, 245, 249, 276, 312
-0.990897, 121, 173, 184, 204
-0.990898, 153, 73, 216, 136
-0.990905, 369, 105, 400, 168
-0.99095, 145, 65, 176, 128
-0.99095, 129, 289, 160, 352
-0.990972, 209, 25, 336, 88
-0.990973, 185, 105, 248, 168
-0.991006, 245, 129, 276, 256
-0.991017, 273, 301, 336, 332
-0.991024, 337, 33, 400, 160
-0.991024, 333, 225, 364, 352
-0.991028, 105, 97, 168, 160
-0.991059, 273, 129, 336, 160
-0.991089, 385, 121, 448, 184
-0.991092, 313, 233, 376, 264
-0.991114, 177, 177, 240, 208
-0.991156, 33, 225, 96, 352
-0.991177, 225, 97, 352, 160
-0.991248, 1, 129, 64, 192
-0.99126, 185, 1, 248, 373
-0.991284, 217, 1, 248, 128
-0.991357, 161, 273, 416, 336
-0.991368, 201, 301, 264, 332
-0.991369, 305, 1, 368, 128
-0.991432, 1, 193, 64, 320
-0.991441, 241, 1, 304, 64
-0.991479, 321, 293, 384, 324
-0.991479, 337, 137, 464, 200
-0.991497, 257, 297, 500, 360
-0.991501, 33, 97, 96, 224
-0.991557, 17, 169, 80, 232
-0.991632, 129, 73, 256, 136
-0.991658, 353, 1, 416, 373
-0.991666, 273, 49, 400, 112
-0.991668, 1, 161, 500, 224
-0.991675, 193, 165, 256, 196
-0.991712, 185, 225, 248, 256
-0.991716, 129, 137, 384, 200
-0.991731, 241, 201, 304, 264
-0.991774, 297, 293, 360, 324
-0.991788, 401, 129, 464, 373
-0.991799, 161, 205, 224, 236
-0.991818, 193, 237, 256, 268
-0.991827, 393, 145, 456, 208
-0.991859, 273, 197, 336, 228
-0.991868, 285, 65, 316, 192
-0.991884, 177, 89, 304, 152
-0.991885, 297, 141, 360, 172
-0.991892, 313, 217, 376, 248
-0.991897, 313, 245, 376, 276
-0.991903, 341, 161, 372, 288
-0.991963, 321, 257, 384, 288
-0.992009, 193, 65, 320, 128
-0.992013, 225, 341, 288, 372
-0.99206, 121, 1, 184, 64
-0.992092, 121, 197, 184, 228
-0.992096, 305, 205, 368, 236
-0.992097, 121, 161, 184, 192
-0.992124, 241, 185, 304, 216
-0.992131, 321, 269, 384, 300
-0.992221, 345, 145, 408, 176
-0.992222, 177, 137, 208, 168
-0.992258, 409, 273, 472, 336
-0.992335, 49, 153, 112, 216
-0.992374, 177, 309, 240, 340
-0.992378, 57, 209, 120, 336
-0.992453, 161, 177, 192, 304
-0.992469, 161, 217, 224, 248
-0.992478, 185, 285, 248, 316
-0.992478, 217, 325, 280, 356
-0.992487, 105, 121, 168, 184
-0.992546, 137, 133, 200, 164
-0.992547, 337, 193, 400, 256
-0.992553, 353, 165, 416, 196
-0.992593, 249, 341, 312, 372
-0.992593, 341, 81, 372, 208
-0.992631, 117, 97, 148, 224
-0.992664, 393, 49, 456, 176
-0.992745, 233, 225, 264, 352
-0.992759, 81, 1, 208, 64
-0.992762, 393, 1, 456, 64
-0.992767, 337, 241, 400, 304
-0.992778, 289, 329, 352, 360
-0.992789, 161, 273, 224, 304
-0.992812, 257, 277, 320, 308
-0.992865, 297, 129, 360, 160
-0.992868, 129, 121, 192, 152
-0.9929, 121, 185, 184, 216
-0.992903, 285, 277, 316, 308
-0.992909, 181, 185, 212, 216
-0.992956, 1, 225, 128, 352
-0.992958, 65, 313, 192, 373
-0.992982, 409, 241, 472, 304
-0.992988, 225, 153, 480, 216
-0.992992, 257, 1, 288, 128
-0.992993, 185, 281, 216, 312
-0.992993, 249, 301, 280, 332
-0.992999, 289, 129, 320, 160
-0.993016, 345, 177, 408, 208
-0.993023, 161, 297, 224, 328
-0.993039, 269, 289, 300, 320
-0.993057, 309, 153, 340, 184
-0.993059, 25, 121, 88, 184
-0.993077, 329, 1, 392, 373
-0.993081, 237, 301, 268, 332
-0.993084, 249, 141, 312, 172
-0.993091, 257, 149, 288, 180
-0.993096, 245, 153, 276, 184
-0.993108, 257, 177, 288, 208
-0.993111, 193, 145, 256, 176
-0.993112, 97, 1, 160, 64
-0.993113, 281, 289, 312, 320
-0.993118, 217, 225, 248, 256
-0.993124, 233, 161, 264, 192
-0.993127, 97, 177, 160, 240
-0.99313, 121, 149, 184, 180
-0.993148, 265, 41, 328, 104
-0.993149, 321, 213, 352, 244
-0.993173, 105, 73, 168, 136
-0.993199, 273, 277, 304, 308
-0.993213, 181, 201, 212, 232
-0.993234, 165, 193, 196, 224
-0.993235, 81, 1, 144, 256
-0.993253, 321, 145, 384, 176
-0.993255, 313, 169, 344, 200
-0.99326, 181, 173, 212, 204
-0.993278, 201, 253, 264, 284
-0.993281, 105, 1, 168, 373
-0.993299, 161, 129, 224, 160
-0.993299, 313, 305, 376, 336
-0.993305, 165, 161, 196, 192
-0.993309, 145, 165, 176, 196
-0.993331, 217, 253, 248, 284
-0.99334, 361, 189, 424, 220
-0.993351, 33, 289, 288, 352
-0.993364, 165, 173, 196, 204
-0.993384, 269, 169, 300, 200
-0.993401, 269, 181, 300, 212
-0.993403, 225, 241, 256, 272
-0.99342, 33, 161, 288, 224
-0.993428, 185, 321, 248, 352
-0.993428, 113, 157, 240, 188
-0.993433, 289, 117, 352, 148
-0.993459, 313, 185, 344, 216
-0.993485, 221, 301, 252, 332
-0.99349, 241, 293, 304, 324
-0.993503, 81, 289, 208, 352
-0.993509, 201, 341, 264, 372
-0.993523, 253, 189, 284, 220
-0.993527, 277, 337, 308, 368
-0.993541, 169, 205, 200, 236
-0.993543, 177, 161, 304, 192
-0.993565, 97, 113, 352, 176
-0.993568, 293, 297, 324, 328
-0.993578, 193, 133, 256, 164
-0.993586, 193, 169, 224, 200
-0.993588, 173, 285, 204, 316
-0.99359, 257, 273, 500, 336
-0.993601, 317, 197, 348, 228
-0.993618, 145, 177, 176, 208
-0.993635, 209, 225, 272, 256
-0.993638, 377, 149, 408, 180
-0.993647, 305, 293, 336, 324
-0.993656, 229, 253, 260, 284
-0.993672, 257, 161, 288, 192
-0.993675, 337, 133, 400, 164
-0.993676, 329, 261, 360, 292
-0.993689, 281, 313, 344, 344
-0.993697, 341, 173, 372, 204
-0.993706, 337, 65, 400, 128
-0.993726, 169, 237, 232, 268
-0.993727, 225, 257, 288, 288
-0.993731, 273, 325, 304, 356
-0.993733, 149, 197, 180, 228
-0.993745, 201, 305, 232, 336
-0.993756, 381, 161, 412, 192
-0.993765, 317, 301, 348, 332
-0.993766, 297, 181, 328, 212
-0.99377, 305, 137, 336, 168
-0.993775, 273, 305, 304, 336
-0.99378, 333, 157, 364, 188
-0.993784, 261, 301, 292, 332
-0.993788, 245, 165, 276, 196
-0.99379, 1, 193, 256, 256
-0.9938, 257, 177, 500, 240
-0.993802, 161, 261, 224, 292
-0.993811, 285, 145, 316, 176
-0.99382, 149, 209, 180, 240
-0.993821, 229, 325, 260, 356
-0.993822, 245, 341, 276, 372
-0.993828, 293, 161, 324, 192
-0.993829, 361, 57, 424, 120
-0.993846, 205, 169, 236, 200
-0.993849, 385, 173, 416, 204
-0.993853, 329, 293, 360, 324
-0.993854, 297, 1, 360, 64
-0.993854, 141, 1, 172, 128
-0.993858, 89, 241, 152, 368
-0.993861, 185, 73, 248, 136
-0.993864, 349, 149, 380, 180
-0.993865, 349, 161, 380, 192
-0.993867, 393, 193, 424, 224
-0.993878, 329, 165, 392, 196
-0.993881, 329, 173, 360, 204
-0.993892, 293, 337, 324, 368
-0.993904, 241, 1, 368, 64
-0.993907, 197, 137, 228, 168
-0.993927, 325, 233, 356, 264
-0.993928, 137, 277, 200, 308
-0.993932, 293, 309, 324, 340
-0.993936, 173, 273, 204, 304
-0.99394, 121, 213, 184, 244
-0.993962, 369, 185, 496, 248
-0.993973, 197, 205, 228, 236
-0.993988, 1, 265, 500, 328
-0.99399, 25, 97, 88, 352
-0.994002, 181, 157, 212, 188
-0.994016, 225, 225, 480, 288
-0.994018, 241, 121, 304, 152
-0.994019, 149, 221, 180, 252
-0.994023, 305, 173, 432, 204
-0.994023, 361, 157, 392, 188
-0.994027, 177, 125, 208, 156
-0.994043, 1, 233, 500, 296
-0.994045, 325, 105, 356, 136
-0.994061, 153, 265, 184, 296
-0.994062, 217, 185, 280, 216
-0.994075, 329, 185, 360, 216
-0.994075, 281, 257, 344, 288
-0.994078, 221, 165, 252, 196
-0.994088, 221, 337, 252, 368
-0.994091, 197, 181, 228, 212
-0.994099, 161, 121, 192, 152
-0.994102, 161, 281, 192, 312
-0.994103, 197, 193, 228, 224
-0.994108, 205, 293, 236, 324
-0.99412, 129, 237, 192, 268
-0.994123, 329, 305, 360, 336
-0.994136, 213, 237, 244, 268
-0.994137, 313, 281, 344, 312
-0.994139, 341, 289, 372, 320
-0.994141, 97, 273, 160, 336
-0.994143, 293, 325, 324, 356
-0.994143, 257, 289, 288, 320
-0.994156, 197, 157, 228, 188
-0.994157, 397, 9, 428, 40
-0.994161, 313, 105, 344, 136
-0.994162, 209, 313, 272, 344
-0.994169, 1, 137, 256, 200
-0.994169, 329, 141, 360, 172
-0.99417, 145, 153, 176, 184
-0.99417, 245, 313, 276, 344
-0.994174, 297, 105, 360, 136
-0.994174, 137, 49, 168, 176
-0.994177, 233, 281, 296, 312
-0.994178, 397, 141, 428, 172
-0.994181, 329, 249, 360, 280
-0.994183, 189, 293, 220, 324
-0.994215, 285, 273, 300, 336
-0.994216, 269, 117, 300, 148
-0.994219, 329, 277, 360, 308
-0.994221, 17, 193, 80, 256
-0.994222, 321, 153, 352, 184
-0.994224, 129, 225, 192, 256
-0.994226, 133, 185, 164, 216
-0.994232, 205, 321, 236, 352
-0.994233, 281, 225, 344, 256
-0.994233, 317, 313, 348, 344
-0.994234, 349, 273, 380, 304
-0.994241, 209, 333, 240, 364
-0.994245, 345, 209, 376, 336
-0.99426, 297, 113, 328, 144
-0.994275, 229, 229, 260, 260
-0.994278, 129, 161, 160, 192
-0.994279, 241, 285, 368, 316
-0.994284, 361, 285, 392, 316
-0.994298, 329, 93, 392, 124
-0.994301, 165, 133, 196, 164
-0.994306, 305, 125, 336, 156
-0.994313, 217, 217, 280, 280
-0.994317, 217, 313, 248, 344
-0.994322, 133, 69, 164, 100
-0.994324, 373, 137, 404, 168
-0.994328, 273, 157, 304, 188
-0.994328, 177, 333, 240, 364
-0.994332, 149, 233, 180, 264
-0.994337, 97, 65, 352, 128
-0.994358, 305, 305, 336, 336
-0.994359, 261, 137, 292, 168
-0.994365, 277, 193, 308, 224
-0.994377, 1, 129, 64, 373
-0.994378, 265, 193, 296, 224
-0.994382, 305, 217, 336, 248
-0.99439, 257, 325, 288, 356
-0.994395, 329, 201, 360, 232
-0.994403, 165, 149, 196, 180
-0.994407, 309, 249, 340, 280
-0.994413, 257, 325, 320, 356
-0.994415, 257, 313, 320, 344
-0.994444, 185, 201, 248, 232
-0.994448, 97, 313, 160, 344
-0.99445, 225, 129, 480, 192
-0.99446, 129, 69, 192, 100
-0.994476, 225, 157, 352, 188
-0.994478, 289, 341, 352, 372
-0.994547, 33, 313, 288, 373
-0.994548, 377, 145, 440, 176
-0.994556, 245, 81, 276, 208
-0.994579, 245, 1, 276, 128
-0.994623, 245, 177, 276, 304
-0.994627, 209, 289, 272, 320
-0.99465, 225, 201, 480, 264
-0.994653, 261, 49, 292, 176
-0.994699, 17, 121, 144, 184
-0.994701, 393, 9, 456, 40
-0.994712, 193, 177, 208, 240
-0.994719, 409, 193, 472, 320
-0.994747, 297, 25, 360, 88
-0.994748, 1, 137, 500, 200
-0.99477, 281, 245, 344, 276
-0.99481, 97, 41, 352, 104
-0.994819, 273, 209, 336, 240
-0.994822, 281, 161, 296, 224
-0.994883, 401, 1, 464, 373
-0.994899, 25, 305, 88, 368
-0.994935, 265, 105, 328, 136
-0.994937, 361, 285, 424, 316
-0.994951, 169, 109, 232, 140
-0.994951, 169, 81, 200, 208
-0.994956, 315, 305, 330, 368
-0.994957, 129, 257, 192, 288
-0.994969, 389, 65, 420, 192
-0.99498, 145, 229, 272, 260
-0.99499, 201, 1, 264, 32
-0.995, 345, 297, 408, 328
-0.995016, 129, 325, 192, 356
-0.995026, 201, 161, 216, 224
-0.995032, 129, 169, 256, 200
-0.995036, 225, 177, 352, 208
-0.995037, 113, 49, 176, 112
-0.995041, 401, 197, 464, 228
-0.995071, 97, 161, 160, 192
-0.995076, 403, 185, 418, 248
-0.995103, 313, 117, 376, 148
-0.995113, 209, 113, 240, 240
-0.995117, 129, 93, 192, 124
-0.995117, 321, 105, 384, 136
-0.995127, 217, 53, 280, 84
-0.995129, 369, 1, 432, 64
-0.995134, 1, 289, 500, 352
-0.995154, 313, 325, 376, 356
-0.995158, 369, 273, 432, 304
-0.995179, 433, 273, 496, 336
-0.995187, 209, 325, 336, 356
-0.995216, 361, 85, 424, 116
-0.995218, 129, 109, 192, 140
-0.99522, 377, 33, 440, 96
-0.995228, 295, 281, 310, 344
-0.99523, 305, 205, 432, 236
-0.995242, 1, 313, 64, 373
-0.995245, 185, 189, 248, 220
-0.995249, 193, 305, 320, 336
-0.995255, 353, 257, 480, 320
-0.995255, 209, 341, 336, 372
-0.995267, 161, 149, 288, 180
-0.995272, 145, 185, 272, 216
-0.995276, 353, 317, 416, 348
-0.995315, 225, 269, 288, 300
-0.995327, 193, 89, 448, 152
-0.995345, 369, 129, 432, 160
-0.995347, 257, 273, 384, 304
-0.995348, 137, 309, 200, 340
-0.995352, 137, 289, 200, 320
-0.995368, 257, 153, 272, 216
-0.995371, 169, 49, 232, 80
-0.995372, 181, 81, 212, 208
-0.995375, 161, 249, 224, 280
-0.99538, 337, 217, 400, 280
-0.995403, 33, 265, 288, 328
-0.995412, 289, 153, 416, 184
-0.995437, 289, 313, 304, 373
-0.995442, 185, 61, 248, 92
-0.995452, 289, 93, 352, 124
-0.995465, 305, 237, 432, 268
-0.995467, 353, 161, 480, 224
-0.995477, 369, 1, 432, 128
-0.995485, 1, 193, 500, 256
-0.995508, 325, 305, 340, 368
-0.995523, 193, 281, 320, 312
-0.995535, 191, 137, 206, 200
-0.995536, 245, 241, 276, 368
-0.995561, 73, 145, 136, 208
-0.995573, 1, 217, 256, 280
-0.995585, 57, 121, 120, 184
-0.995594, 369, 113, 496, 176
-0.995602, 225, 233, 352, 264
-0.995615, 305, 189, 432, 220
-0.995633, 41, 177, 104, 240
-0.995656, 377, 1, 440, 373
-0.995678, 305, 289, 320, 352
-0.995682, 305, 269, 432, 300
-0.995686, 157, 1, 188, 128
-0.995718, 145, 213, 272, 244
-0.995743, 145, 241, 272, 272
-0.995748, 365, 241, 396, 368
-0.99577, 161, 209, 176, 272
-0.995797, 73, 1, 136, 128
-0.995816, 113, 145, 240, 176
-0.995826, 161, 177, 176, 240
-0.995881, 265, 177, 280, 240
-0.99589, 229, 97, 260, 224
-0.995891, 145, 201, 272, 232
-0.995908, 177, 173, 304, 204
-0.995951, 323, 193, 338, 256
-0.995962, 169, 153, 184, 216
-0.996006, 361, 129, 392, 256
-0.996027, 1, 161, 128, 224
-0.996046, 315, 145, 330, 208
-0.996047, 275, 161, 290, 224
-0.996065, 295, 305, 310, 368
-0.996097, 249, 297, 264, 360
-0.996108, 287, 169, 302, 232
-0.99611, 305, 221, 432, 252
-0.996112, 331, 289, 346, 352
-0.996114, 289, 133, 416, 164
-0.996118, 97, 1, 352, 64
-0.996143, 129, 285, 256, 316
-0.996159, 299, 121, 314, 184
-0.996169, 219, 305, 234, 368
-0.996183, 279, 137, 294, 200
-0.99619, 177, 129, 192, 192
-0.996196, 305, 281, 432, 312
-0.996222, 293, 161, 324, 288
-0.996251, 225, 221, 352, 252
-0.996253, 279, 281, 294, 344
-0.996258, 225, 245, 352, 276
-0.996266, 193, 293, 320, 324
-0.996277, 129, 313, 256, 344
-0.996281, 393, 1, 456, 128
-0.996292, 225, 249, 480, 312
-0.996312, 249, 153, 264, 216
-0.996318, 397, 161, 412, 224
-0.996333, 225, 189, 352, 220
-0.996337, 377, 81, 408, 208
-0.996342, 321, 293, 448, 324
-0.996358, 225, 205, 352, 236
-0.996393, 321, 253, 448, 284
-0.996397, 129, 337, 256, 368
-0.996417, 213, 305, 228, 368
-0.99645, 257, 177, 272, 240
-0.996452, 255, 305, 270, 368
-0.996458, 57, 65, 120, 320
-0.996473, 267, 297, 282, 360
-0.996515, 273, 25, 400, 88
-0.996522, 145, 325, 272, 356
-0.996534, 65, 165, 192, 196
-0.996564, 129, 297, 256, 328
-0.99657, 231, 297, 246, 360
-0.99658, 325, 273, 340, 336
-0.996589, 145, 133, 272, 164
-0.996592, 409, 201, 424, 264
-0.996592, 273, 193, 304, 320
-0.996595, 33, 241, 288, 304
-0.996605, 369, 65, 496, 128
-0.996611, 351, 177, 366, 240
-0.996613, 305, 145, 320, 208
-0.996619, 225, 225, 240, 288
-0.99663, 201, 137, 216, 200
-0.996668, 225, 297, 240, 360
-0.996679, 81, 177, 208, 208
-0.996684, 161, 265, 288, 296
-0.996686, 241, 305, 256, 368
-0.99669, 433, 129, 496, 256
-0.996702, 377, 145, 408, 272
-0.996707, 81, 197, 208, 228
-0.996763, 49, 153, 176, 184
-0.996765, 187, 169, 202, 232
-0.996778, 369, 1, 496, 128
-0.996784, 309, 121, 324, 184
-0.996805, 361, 153, 376, 216
-0.996818, 165, 241, 180, 304
-0.996843, 315, 201, 330, 264
-0.996869, 417, 49, 480, 176
-0.996875, 81, 73, 208, 136
-0.996885, 147, 177, 162, 240
-0.996893, 403, 161, 418, 224
-0.9969, 417, 1, 480, 256
-0.996916, 241, 297, 368, 328
-0.996918, 1, 33, 64, 288
-0.996925, 241, 249, 256, 312
-0.996944, 183, 129, 198, 192
-0.99695, 171, 281, 186, 344
-0.996954, 313, 169, 328, 232
-0.996957, 73, 65, 136, 192
-0.996969, 273, 289, 288, 352
-0.996981, 207, 297, 222, 360
-0.996989, 177, 1, 192, 64
-0.996989, 273, 321, 400, 352
-0.996993, 197, 281, 212, 344
-0.996999, 261, 305, 276, 368
-0.997003, 319, 169, 334, 232
-0.997004, 229, 129, 260, 373
-0.997011, 241, 257, 368, 288
-0.997014, 327, 217, 342, 280
-0.997023, 81, 25, 208, 88
-0.997028, 97, 89, 352, 152
-0.99703, 209, 137, 336, 168
-0.997054, 257, 309, 384, 340
-0.997056, 191, 281, 206, 344
-0.997086, 139, 145, 154, 208
-0.997102, 217, 129, 248, 373
-0.997111, 211, 169, 226, 232
-0.997117, 291, 129, 306, 192
-0.997127, 321, 233, 336, 296
-0.997134, 355, 145, 370, 208
-0.997138, 231, 225, 246, 288
-0.997145, 339, 289, 354, 352
-0.997153, 243, 153, 258, 216
-0.997154, 289, 117, 416, 148
-0.997175, 293, 97, 324, 352
-0.997186, 325, 145, 340, 208
-0.997205, 81, 129, 208, 160
-0.99722, 409, 113, 440, 240
-0.997238, 157, 153, 172, 216
-0.997239, 219, 217, 234, 280
-0.99726, 283, 305, 298, 368
-0.997273, 199, 185, 214, 248
-0.997278, 177, 281, 192, 344
-0.997278, 81, 1, 144, 373
-0.9973, 305, 305, 432, 336
-0.997306, 433, 1, 496, 128
-0.997311, 225, 57, 480, 120
-0.997313, 335, 169, 350, 232
-0.997322, 177, 117, 304, 148
-0.99733, 161, 253, 288, 284
-0.997337, 81, 237, 208, 268
-0.997338, 305, 93, 432, 124
-0.997338, 229, 161, 244, 224
-0.99736, 263, 153, 278, 216
-0.997364, 165, 129, 196, 373
-0.997365, 433, 129, 496, 373
-0.997366, 353, 209, 480, 272
-0.997382, 369, 149, 496, 180
-0.997412, 193, 141, 224, 156
-0.997412, 349, 169, 380, 184
-0.997412, 213, 253, 244, 268
-0.997412, 145, 17, 272, 48
-0.997417, 171, 257, 186, 320
-0.99742, 289, 173, 320, 188
-0.997423, 281, 97, 312, 352
-0.997432, 221, 305, 252, 320
-0.997434, 297, 241, 328, 368
-0.997436, 149, 209, 180, 224
-0.997437, 197, 185, 228, 200
-0.997438, 335, 97, 350, 160
-0.997438, 257, 341, 288, 356
-0.997439, 289, 127, 320, 142
-0.997441, 329, 259, 360, 274
-0.997444, 285, 349, 316, 364
-0.997447, 207, 273, 222, 336
-0.997452, 317, 309, 348, 324
-0.997453, 377, 157, 408, 172
-0.997454, 207, 193, 222, 256
-0.997457, 257, 337, 384, 368
-0.997459, 289, 1, 416, 64
-0.997462, 273, 335, 304, 350
-0.997463, 333, 187, 364, 202
-0.997471, 217, 169, 248, 184
-0.997482, 333, 291, 364, 306
-0.997482, 249, 153, 280, 168
-0.997484, 157, 285, 188, 300
-0.997485, 329, 175, 360, 190
-0.99749, 237, 253, 268, 268
-0.997493, 325, 241, 356, 256
-0.997493, 345, 161, 360, 224
-0.997494, 261, 147, 292, 162
-0.997496, 277, 185, 292, 248
-0.997498, 1, 1, 64, 373
-0.997501, 229, 233, 260, 248
-0.997503, 265, 355, 296, 370
-0.997503, 309, 295, 340, 310
-0.997505, 401, 1, 416, 64
-0.997506, 183, 193, 198, 256
-0.997506, 345, 151, 376, 166
-0.997512, 153, 177, 168, 240
-0.997514, 219, 257, 234, 320
-0.997515, 229, 1, 260, 128
-0.997518, 381, 127, 412, 142
-0.997521, 321, 235, 352, 250
-0.997524, 57, 1, 120, 373
-0.997529, 189, 295, 220, 310
-0.997532, 329, 275, 360, 290
-0.997533, 341, 181, 372, 196
-0.997535, 257, 185, 272, 216
-0.99754, 293, 179, 324, 194
-0.997541, 333, 283, 364, 298
-0.997543, 81, 217, 208, 248
-0.997548, 97, 113, 128, 240
-0.997551, 329, 159, 360, 174
-0.997553, 213, 299, 244, 314
-0.997555, 225, 355, 256, 370
-0.997558, 255, 153, 270, 184
-0.997561, 141, 169, 156, 232
-0.997565, 245, 165, 276, 180
-0.997567, 169, 287, 200, 302
-0.99757, 281, 195, 312, 210
-0.997574, 169, 215, 200, 230
-0.997582, 173, 277, 204, 292
-0.997586, 1, 105, 500, 168
-0.997588, 375, 89, 390, 152
-0.99759, 257, 129, 288, 373
-0.997593, 257, 105, 384, 136
-0.997596, 389, 137, 404, 200
-0.997598, 309, 165, 340, 180
-0.997602, 225, 329, 256, 344
-0.997612, 1, 89, 256, 152
-0.997616, 337, 169, 368, 184
-0.997617, 161, 175, 192, 190
-0.997618, 317, 179, 348, 194
-0.997621, 329, 265, 360, 280
-0.997623, 285, 149, 316, 164
-0.997623, 297, 331, 328, 346
-0.997639, 257, 195, 288, 210
-0.99764, 305, 145, 336, 160
-0.997643, 293, 357, 324, 372
-0.997649, 345, 89, 360, 152
-0.997652, 65, 141, 192, 172
-0.997653, 201, 303, 232, 318
-0.997662, 269, 129, 300, 373
-0.997662, 325, 299, 356, 314
-0.997663, 193, 179, 224, 194
-0.997675, 191, 113, 206, 176
-0.997679, 353, 163, 384, 178
-0.997683, 269, 153, 284, 216
-0.997687, 377, 145, 408, 160
-0.997689, 329, 169, 344, 232
-0.997691, 201, 305, 216, 368
-0.997694, 201, 201, 232, 216
-0.997696, 225, 225, 240, 256
-0.997697, 149, 191, 180, 206
-0.997699, 285, 139, 316, 154
-0.997705, 149, 183, 180, 198
-0.997709, 281, 185, 312, 200
-0.997715, 165, 187, 196, 202
-0.997716, 155, 201, 170, 264
-0.997725, 349, 175, 380, 190
-0.997726, 1, 113, 256, 176
-0.997746, 293, 189, 324, 204
-0.997747, 305, 97, 336, 352
-0.997759, 333, 193, 348, 256
-0.997769, 105, 313, 120, 373
-0.997771, 173, 133, 204, 148
-0.997774, 193, 1, 208, 64
-0.997775, 283, 173, 298, 204
-0.997781, 245, 129, 276, 373
-0.997783, 171, 193, 186, 256
-0.997783, 335, 265, 350, 328
-0.997784, 273, 179, 304, 194
-0.997794, 273, 277, 288, 308
-0.997802, 351, 121, 366, 184
-0.997805, 317, 211, 348, 226
-0.997809, 353, 81, 384, 208
-0.997811, 433, 193, 496, 320
-0.997816, 249, 301, 264, 332
-0.997818, 147, 153, 162, 216
-0.99782, 301, 265, 316, 328
-0.997824, 331, 313, 346, 373
-0.99783, 285, 277, 316, 292
-0.997832, 247, 257, 262, 320
-0.997832, 167, 217, 182, 280
-0.997834, 189, 207, 220, 222
-0.997837, 369, 89, 384, 152
-0.997846, 223, 161, 238, 224
-0.997846, 245, 351, 276, 366
-0.997847, 297, 337, 328, 352
-0.997852, 193, 173, 208, 204
-0.997854, 477, 305, 492, 368
-0.997856, 225, 259, 256, 274
-0.997856, 185, 281, 200, 344
-0.997865, 295, 97, 310, 160
-0.997866, 25, 1, 88, 373
-0.997867, 145, 5, 272, 36
-0.997869, 327, 297, 342, 328
-0.99787, 393, 147, 424, 162
-0.997876, 397, 137, 412, 200
-0.997882, 65, 265, 192, 328
-0.997886, 201, 1, 232, 256
-0.997887, 81, 249, 208, 280
-0.997897, 217, 57, 232, 120
-0.997897, 365, 129, 380, 192
-0.997902, 287, 277, 302, 308
-0.997908, 321, 223, 352, 238
-0.997909, 309, 313, 324, 373
-0.997923, 297, 299, 328, 314
-0.997925, 283, 193, 298, 256
-0.997926, 331, 241, 346, 304
-0.997931, 369, 293, 496, 324
-0.997932, 265, 287, 296, 302
-0.99794, 139, 121, 154, 184
-0.997942, 343, 137, 358, 200
-0.997948, 405, 193, 420, 224
-0.99795, 341, 185, 356, 248
-0.997953, 113, 269, 240, 300
-0.99796, 185, 129, 216, 373
-0.997961, 309, 171, 340, 186
-0.997962, 357, 177, 372, 240
-0.997963, 309, 153, 340, 168
-0.997966, 285, 283, 316, 298
-0.997967, 133, 145, 148, 208
-0.997968, 243, 253, 258, 284
-0.99797, 169, 209, 200, 224
-0.997976, 281, 297, 312, 312
-0.997977, 125, 49, 156, 176
-0.997978, 331, 145, 346, 208
-0.99798, 145, 169, 176, 184
-0.997984, 217, 233, 248, 248
-0.99799, 285, 129, 300, 192
-0.997991, 317, 65, 348, 320
-0.997993, 485, 289, 500, 352
-0.997994, 245, 171, 276, 186
-0.997999, 305, 105, 432, 136
-0.998001, 193, 17, 448, 80
-0.998004, 297, 281, 312, 312
-0.998005, 153, 129, 184, 373
-0.998005, 193, 65, 224, 192
-0.998005, 179, 129, 194, 160
-0.998008, 319, 105, 334, 168
-0.998014, 259, 169, 274, 200
-0.998021, 173, 145, 204, 160
-0.998022, 321, 197, 336, 228
-0.998022, 239, 241, 254, 272
-0.998027, 273, 349, 304, 364
-0.998031, 185, 185, 200, 216
-0.998033, 351, 265, 366, 328
-0.998039, 257, 159, 288, 174
-0.998046, 289, 325, 304, 356
-0.998049, 265, 295, 296, 310
-0.998049, 295, 125, 310, 156
-0.998055, 235, 229, 250, 260
-0.998059, 209, 77, 336, 108
-0.998065, 313, 303, 344, 318
-0.998077, 287, 185, 302, 216
-0.99809, 283, 289, 298, 320
-0.998101, 293, 337, 308, 368
-0.998102, 317, 191, 348, 206
-0.998106, 303, 293, 318, 324
-0.998107, 425, 1, 488, 373
-0.998108, 389, 1, 420, 256
-0.998111, 121, 145, 152, 272
-0.998111, 159, 177, 174, 208
-0.998112, 249, 157, 264, 188
-0.998124, 209, 9, 336, 40
-0.998127, 321, 305, 336, 336
-0.998128, 323, 213, 338, 244
-0.998133, 277, 161, 292, 192
-0.998133, 317, 205, 348, 220
-0.998142, 321, 185, 336, 216
-0.998149, 237, 303, 268, 318
-0.998153, 261, 153, 292, 168
-0.998159, 209, 97, 336, 128
-0.998166, 169, 193, 200, 208
-0.998174, 285, 307, 316, 322
-0.998176, 333, 169, 348, 200
-0.998179, 229, 249, 244, 280
-0.998181, 225, 297, 240, 328
-0.998186, 257, 81, 384, 112
-0.998191, 161, 203, 192, 218
-0.998196, 317, 165, 332, 196
-0.998196, 187, 137, 202, 168
-0.998203, 137, 1, 168, 256
-0.998211, 243, 301, 258, 332
-0.998219, 209, 33, 336, 64
-0.998224, 185, 169, 200, 200
-0.998227, 145, 175, 176, 190
-0.99823, 281, 277, 296, 308
-0.998231, 195, 185, 210, 216
-0.998232, 401, 177, 416, 208
-0.998236, 353, 173, 368, 204
-0.998237, 321, 49, 448, 112
-0.99824, 309, 159, 340, 174
-0.998241, 241, 117, 368, 148
-0.998242, 285, 133, 316, 148
-0.998242, 285, 289, 316, 304
-0.998244, 205, 129, 236, 373
-0.998247, 241, 161, 256, 192
-0.99825, 1, 257, 128, 320
-0.99825, 209, 65, 336, 96
-0.998253, 263, 185, 278, 216
-0.998255, 317, 185, 348, 200
-0.998264, 293, 305, 308, 336
-0.998268, 163, 213, 178, 244
-0.998274, 149, 1, 180, 256
-0.998275, 273, 281, 304, 296
-0.998279, 129, 117, 256, 148
-0.99828, 329, 129, 360, 373
-0.998281, 291, 289, 306, 320
-0.998283, 269, 191, 300, 206
-0.998285, 249, 303, 280, 318
-0.998293, 215, 305, 230, 336
-0.998298, 321, 217, 352, 232
-0.998299, 287, 309, 302, 340
-0.998302, 273, 307, 304, 322
-0.998304, 249, 33, 280, 288
-0.998306, 257, 93, 384, 124
-0.99831, 209, 45, 336, 76
-0.99831, 257, 165, 288, 180
-0.998315, 337, 125, 464, 156
-0.998316, 193, 197, 208, 228
-0.99833, 181, 193, 212, 208
-0.998336, 359, 165, 374, 196
-0.998337, 309, 293, 324, 324
-0.998347, 217, 227, 248, 242
-0.998349, 369, 313, 496, 344
-0.998352, 257, 305, 272, 336
-0.998352, 271, 289, 286, 320
-0.998357, 317, 197, 348, 212
-0.998359, 401, 5, 416, 36
-0.998362, 65, 117, 192, 148
-0.998367, 257, 189, 288, 204
-0.998369, 65, 325, 192, 356
-0.998373, 345, 165, 360, 196
-0.998373, 185, 1, 216, 256
-0.998373, 315, 305, 330, 336
-0.998377, 341, 97, 372, 352
-0.998377, 213, 1, 244, 256
-0.998389, 185, 185, 216, 200
-0.998389, 277, 289, 292, 320
-0.99839, 271, 177, 286, 208
-0.998393, 165, 33, 196, 288
-0.998396, 309, 49, 340, 176
-0.9984, 289, 1, 320, 256
-0.998408, 219, 225, 234, 256
-0.998408, 331, 309, 346, 340
-0.998409, 195, 281, 210, 312
-0.998416, 1, 81, 500, 144
-0.998418, 297, 305, 328, 320
-0.998418, 147, 173, 162, 204
-0.99842, 153, 191, 216, 206
-0.998421, 407, 205, 422, 236
-0.998424, 145, 29, 272, 60
-0.998427, 241, 185, 304, 200
-0.998427, 129, 53, 256, 84
-0.998437, 273, 183, 336, 198
-0.998437, 353, 149, 368, 180
-0.99844, 165, 257, 180, 288
-0.998442, 233, 301, 248, 332
-0.998445, 265, 297, 280, 328
-0.998446, 401, 1, 432, 256
-0.998449, 273, 305, 336, 320
-0.99845, 201, 161, 216, 192
-0.99845, 329, 237, 344, 268
-0.998451, 327, 181, 342, 212
-0.998451, 25, 1, 88, 256
-0.998454, 261, 157, 276, 188
-0.998456, 309, 133, 324, 164
-0.998456, 129, 69, 256, 100
-0.998457, 41, 113, 72, 240
-0.99846, 153, 179, 216, 194
-0.998464, 217, 167, 280, 182
-0.998465, 161, 197, 224, 212
-0.998466, 271, 161, 286, 192
-0.998466, 201, 193, 216, 224
-0.998468, 153, 203, 216, 218
-0.998469, 161, 189, 176, 220
-0.99847, 369, 325, 496, 356
-0.998474, 353, 233, 480, 296
-0.998476, 233, 157, 296, 172
-0.998477, 1, 313, 128, 373
-0.99848, 361, 65, 392, 320
-0.998482, 315, 201, 330, 232
-0.998488, 315, 177, 330, 208
-0.998489, 161, 283, 224, 298
-0.998492, 289, 283, 352, 298
-0.998494, 189, 281, 204, 312
-0.998495, 361, 177, 392, 304
-0.998497, 225, 337, 240, 368
-0.998499, 265, 167, 328, 182
-0.998502, 327, 225, 342, 256
-0.998504, 185, 197, 200, 228
-0.998504, 273, 143, 336, 158
-0.998505, 235, 253, 250, 284
-0.998505, 313, 149, 328, 180
-0.998505, 241, 191, 304, 206
-0.998507, 273, 193, 336, 208
-0.998508, 273, 161, 336, 176
-0.99851, 297, 303, 360, 318
-0.998512, 257, 151, 320, 166
-0.998513, 169, 269, 184, 300
-0.998514, 281, 177, 344, 192
-0.998516, 153, 185, 216, 200
-0.998517, 257, 175, 320, 190
-0.998518, 181, 175, 212, 190
-0.998518, 153, 173, 216, 188
-0.998522, 297, 157, 360, 172
-0.998522, 161, 217, 224, 232
-0.998523, 237, 1, 268, 256
-0.998525, 153, 161, 216, 176
-0.998526, 369, 177, 496, 208
-0.998526, 233, 305, 296, 320
-0.998526, 261, 33, 292, 288
-0.998527, 305, 185, 368, 200
-0.998529, 169, 181, 200, 196
-0.998529, 257, 299, 320, 314
-0.998529, 265, 173, 280, 204
-0.99853, 257, 289, 320, 304
-0.998531, 251, 169, 266, 200
-0.998532, 353, 161, 368, 192
-0.998532, 177, 191, 240, 206
-0.998532, 297, 293, 312, 324
-0.998535, 177, 185, 240, 200
-0.998535, 289, 291, 352, 306
-0.998536, 161, 209, 224, 224
-0.99854, 289, 277, 352, 292
-0.998541, 137, 197, 200, 212
-0.998541, 161, 155, 224, 170
-0.998541, 397, 153, 412, 184
-0.998542, 287, 337, 302, 368
-0.998543, 227, 237, 242, 268
-0.998543, 159, 165, 174, 196
-0.998544, 161, 143, 224, 158
-0.998545, 167, 157, 182, 188
-0.998545, 169, 229, 232, 244
-0.998545, 201, 301, 264, 316
-0.998546, 321, 297, 384, 312
-0.998547, 241, 163, 304, 178
-0.998548, 297, 297, 360, 312
-0.998549, 265, 301, 296, 316
-0.998551, 297, 321, 312, 352
-0.998551, 297, 171, 360, 186
-0.998551, 273, 341, 336, 356
-0.998553, 345, 147, 408, 162
-0.998553, 305, 177, 368, 192
-0.998554, 297, 143, 360, 158
-0.998554, 161, 149, 224, 164
-0.998554, 369, 189, 496, 220
-0.998555, 133, 97, 164, 352
-0.998555, 201, 245, 264, 260
-0.998556, 313, 237, 376, 252
-0.998556, 193, 237, 256, 252
-0.998556, 129, 181, 192, 196
-0.998556, 321, 279, 384, 294
-0.998556, 201, 181, 216, 212
-0.998557, 313, 231, 376, 246
-0.998557, 201, 255, 264, 270
-0.998558, 339, 301, 354, 332
-0.998558, 321, 285, 384, 300
-0.998558, 225, 345, 288, 360
-0.998558, 241, 169, 304, 184
-0.99856, 233, 151, 296, 166
-0.998561, 305, 163, 368, 178
-0.998561, 313, 245, 376, 260
-0.998562, 257, 347, 320, 362
-0.998562, 331, 153, 346, 184
-0.998563, 305, 191, 368, 206
-0.998563, 169, 235, 232, 250
-0.998563, 365, 153, 380, 184
-0.998564, 273, 49, 304, 176
-0.998564, 319, 229, 334, 260
-0.998565, 333, 213, 348, 244
-0.998565, 245, 159, 276, 174
-0.998566, 273, 137, 336, 152
-0.998566, 297, 149, 360, 164
-0.998566, 177, 171, 240, 186
-0.998567, 161, 223, 224, 238
-0.998567, 217, 317, 280, 332
-0.998568, 249, 281, 312, 296
-0.998568, 281, 131, 344, 146
-0.998568, 193, 161, 256, 176
-0.998568, 305, 203, 368, 218
-0.998568, 377, 149, 440, 164
-0.998569, 217, 187, 280, 202
-0.998571, 305, 215, 368, 230
-0.998571, 217, 325, 280, 340
-0.998571, 121, 187, 184, 202
-0.998572, 341, 153, 356, 184
-0.998573, 207, 297, 222, 328
-0.998574, 175, 281, 190, 312
-0.998574, 273, 201, 336, 216
-0.998574, 161, 277, 224, 292
-0.998575, 305, 221, 368, 236
-0.998575, 177, 177, 240, 192
-0.998575, 161, 137, 224, 152
-0.998576, 321, 269, 384, 284
-0.998576, 193, 231, 256, 246
-0.998578, 177, 309, 240, 324
-0.998581, 281, 271, 344, 286
-0.998583, 129, 173, 192, 188
-0.998583, 393, 129, 424, 373
-0.998583, 217, 331, 280, 346
-0.998584, 305, 209, 368, 224
-0.998585, 177, 139, 208, 154
-0.998585, 225, 299, 288, 314
-0.998585, 193, 141, 208, 172
-0.998585, 323, 153, 338, 184
-0.998586, 265, 311, 328, 326
-0.998586, 113, 167, 176, 182
-0.998587, 313, 261, 376, 276
-0.998587, 161, 291, 224, 306
-0.998588, 225, 339, 288, 354
-0.998588, 121, 203, 184, 218
-0.998589, 305, 197, 368, 212
-0.998589, 121, 155, 184, 170
-0.99859, 137, 139, 200, 154
-0.99859, 241, 197, 304, 212
-0.99859, 313, 251, 376, 266
-0.99859, 391, 145, 406, 176
-0.99859, 345, 141, 408, 156
-0.998591, 233, 355, 296, 370
-0.998591, 297, 137, 360, 152
-0.998592, 221, 253, 236, 284
-0.998592, 193, 197, 256, 212
-0.998592, 185, 207, 248, 222
-0.998593, 209, 307, 272, 322
-0.998593, 225, 247, 256, 262
-0.998594, 137, 167, 200, 182
-0.998594, 121, 149, 184, 164
-0.998595, 233, 175, 296, 190
-0.998595, 137, 131, 200, 146
-0.998595, 201, 355, 264, 370
-0.998596, 169, 241, 232, 256
-0.998596, 201, 281, 216, 312
-0.998597, 255, 197, 270, 228
-0.998597, 201, 181, 264, 196
-0.998598, 369, 281, 496, 312
-0.998598, 329, 291, 392, 306
-0.998598, 229, 165, 260, 180
-0.9986, 385, 13, 448, 28
-0.998601, 193, 153, 256, 168
-0.998601, 333, 293, 348, 324
-0.998603, 121, 161, 184, 176
-0.998603, 313, 309, 376, 324
-0.998604, 161, 269, 224, 284
-0.998604, 277, 181, 292, 212
-0.998604, 185, 63, 248, 78
-0.998606, 177, 323, 240, 338
-0.998606, 241, 311, 304, 326
-0.998607, 281, 301, 296, 332
-0.998608, 129, 283, 192, 298
-0.998608, 345, 181, 408, 196
-0.998609, 321, 303, 384, 318
-0.998609, 369, 129, 432, 144
-0.998609, 321, 151, 384, 166
-0.998609, 221, 237, 236, 268
-0.99861, 185, 317, 248, 332
-0.998612, 293, 185, 308, 216
-0.998616, 337, 185, 352, 216
-0.998616, 301, 125, 316, 156
-0.998619, 225, 1, 256, 256
-0.998621, 321, 105, 336, 136
-0.998621, 329, 193, 344, 224
-0.998622, 145, 41, 272, 72
-0.998623, 339, 289, 354, 320
-0.998625, 163, 237, 178, 268
-0.998631, 305, 145, 320, 176
-0.998633, 233, 341, 248, 372
-0.998636, 195, 153, 210, 184
-0.998637, 231, 165, 246, 196
-0.998641, 161, 201, 176, 232
-0.998641, 273, 61, 400, 92
-0.998643, 337, 137, 464, 168
-0.998645, 181, 285, 196, 316
-0.998647, 331, 101, 346, 132
-0.998652, 339, 201, 354, 232
-0.998652, 305, 1, 336, 256
-0.99866, 317, 213, 332, 244
-0.998663, 397, 165, 412, 196
-0.998674, 129, 105, 256, 136
-0.998699, 181, 201, 212, 216
-0.998701, 321, 321, 448, 352
-0.998718, 281, 343, 312, 358
-0.99873, 1, 1, 256, 64
-0.998733, 305, 333, 432, 364
-0.998758, 1, 313, 500, 373
-0.998773, 185, 283, 216, 298
-0.998793, 273, 1, 304, 256
-0.998797, 81, 285, 208, 316
-0.998802, 209, 21, 336, 52
-0.99881, 261, 179, 292, 194
-0.998814, 337, 161, 464, 192
-0.998829, 121, 97, 152, 352
-0.99883, 265, 171, 296, 186
-0.998834, 97, 9, 224, 40
-0.998889, 323, 225, 338, 352
-0.998898, 329, 49, 360, 176
-0.998898, 417, 241, 448, 368
-0.998914, 373, 33, 404, 288
-0.998952, 381, 129, 412, 373
-0.998963, 281, 129, 296, 256
-0.998967, 113, 93, 240, 124
-0.998981, 225, 253, 256, 268
-0.999008, 161, 161, 176, 288
-0.999009, 129, 81, 256, 112
-0.999009, 189, 129, 204, 256
-0.999019, 1, 157, 128, 188
-0.999021, 117, 1, 148, 256
-0.999048, 337, 1, 368, 256
-0.999053, 225, 209, 240, 336
-0.999065, 1, 341, 128, 372
-0.999065, 65, 269, 192, 300
-0.99908, 171, 129, 186, 256
-0.999083, 1, 41, 500, 104
-0.999086, 209, 269, 336, 300
-0.999088, 221, 239, 252, 254
-0.999089, 305, 81, 432, 112
-0.9991, 269, 185, 300, 200
-0.999101, 369, 337, 496, 368
-0.999106, 313, 97, 328, 224
-0.999113, 369, 201, 496, 232
-0.999117, 289, 5, 416, 36
-0.999127, 223, 161, 238, 288
-0.999156, 293, 113, 308, 240
-0.999164, 195, 145, 210, 272
-0.999169, 65, 337, 192, 368
-0.999188, 273, 41, 400, 72
-0.999193, 163, 209, 178, 336
-0.999223, 231, 225, 246, 352
-0.999229, 349, 1, 380, 256
-0.999262, 323, 145, 338, 272
-0.999263, 65, 313, 192, 344
-0.999266, 405, 129, 436, 373
-0.999289, 353, 241, 480, 272
-0.999298, 369, 41, 496, 104
-0.9993, 97, 49, 224, 112
-0.999304, 219, 241, 234, 368
-0.999323, 81, 301, 208, 332
-0.999338, 417, 97, 448, 352
-0.99934, 417, 1, 448, 256
-0.999347, 57, 113, 88, 240
-0.999348, 369, 9, 496, 40
-0.999365, 231, 145, 246, 272
-0.999382, 337, 1, 464, 64
-0.999383, 81, 105, 208, 136
-0.999395, 1, 169, 128, 200
-0.999413, 273, 25, 400, 56
-0.999421, 317, 193, 332, 320
-0.999433, 173, 1, 188, 128
-0.999442, 319, 97, 334, 224
-0.999445, 171, 241, 186, 368
-0.999445, 33, 97, 64, 352
-0.999447, 287, 113, 302, 240
-0.999457, 261, 145, 276, 272
-0.999462, 343, 97, 358, 224
-0.999476, 183, 113, 198, 240
-0.999496, 1, 65, 256, 128
-0.999498, 403, 145, 418, 272
-0.99951, 151, 177, 166, 304
-0.999515, 189, 1, 204, 128
-0.999518, 105, 97, 136, 352
-0.99953, 197, 241, 212, 368
-0.999531, 333, 209, 348, 336
-0.999535, 205, 65, 236, 192
-0.999543, 321, 45, 448, 76
-0.999547, 187, 177, 202, 304
-0.999558, 287, 241, 302, 368
-0.999563, 1, 17, 500, 80
-0.999568, 177, 113, 192, 240
-0.999569, 271, 145, 286, 272
-0.99957, 17, 185, 144, 248
-0.999572, 311, 145, 326, 272
-0.999576, 327, 97, 342, 224
-0.999577, 353, 229, 480, 260
-0.999577, 469, 129, 500, 373
-0.999581, 195, 1, 210, 128
-0.999591, 197, 141, 212, 156
-0.999591, 327, 241, 342, 256
-0.999592, 181, 289, 196, 304
-0.999592, 191, 143, 206, 158
-0.999592, 267, 301, 282, 316
-0.999592, 391, 147, 406, 162
-0.999593, 235, 165, 250, 180
-0.999593, 329, 311, 344, 326
-0.999593, 353, 163, 368, 178
-0.999593, 353, 89, 480, 120
-0.999593, 295, 329, 310, 344
-0.999594, 285, 197, 300, 212
-0.999595, 281, 277, 296, 292
-0.999595, 403, 189, 418, 204
-0.999596, 209, 1, 224, 128
-0.999596, 297, 347, 312, 362
-0.999597, 163, 217, 178, 232
-0.999597, 327, 195, 342, 210
-0.999597, 251, 169, 266, 184
-0.999597, 311, 159, 326, 174
-0.999599, 183, 211, 198, 226
-0.999599, 193, 193, 208, 320
-0.999599, 149, 173, 164, 188
-0.999599, 297, 301, 312, 316
-0.999599, 261, 153, 276, 168
-0.999599, 333, 81, 348, 208
-0.999599, 227, 253, 242, 268
-0.999599, 299, 113, 314, 240
-0.999599, 409, 177, 424, 304
-0.9996, 335, 297, 350, 312
-0.9996, 93, 97, 124, 352
-0.9996, 269, 161, 284, 176
-0.999601, 247, 349, 262, 364
-0.999601, 273, 295, 288, 310
-0.999602, 139, 97, 154, 224
-0.999602, 191, 181, 206, 196
-0.999602, 275, 347, 290, 362
-0.999602, 249, 157, 264, 172
-0.999603, 201, 209, 216, 224
-0.999604, 159, 177, 174, 192
-0.999604, 33, 189, 160, 220
-0.999604, 235, 303, 250, 318
-0.999604, 281, 291, 296, 306
-0.999605, 313, 167, 328, 182
-0.999606, 275, 189, 290, 204
-0.999606, 283, 309, 298, 324
-0.999607, 233, 231, 248, 246
-0.999607, 307, 133, 322, 148
-0.999607, 223, 239, 238, 254
-0.999608, 405, 199, 420, 214
-0.999608, 365, 81, 396, 208
-0.999609, 281, 285, 296, 300
-0.99961, 197, 281, 212, 296
-0.99961, 287, 337, 302, 352
-0.99961, 293, 335, 308, 350
-0.999611, 349, 169, 364, 184
-0.999611, 199, 185, 214, 200
-0.999611, 289, 329, 304, 344
-0.999611, 261, 199, 276, 214
-0.999612, 325, 229, 340, 244
-0.999613, 401, 7, 416, 22
-0.999613, 263, 185, 278, 200
-0.999613, 309, 303, 324, 318
-0.999613, 347, 183, 362, 198
-0.999614, 321, 211, 336, 226
-0.999614, 243, 305, 258, 320
-0.999614, 207, 301, 222, 316
-0.999614, 307, 97, 322, 224
-0.999615, 223, 301, 238, 316
-0.999615, 279, 303, 294, 318
-0.999615, 243, 145, 258, 272
-0.999616, 225, 233, 240, 248
-0.999616, 177, 129, 192, 144
-0.999617, 183, 203, 198, 218
-0.999617, 255, 199, 270, 214
-0.999617, 185, 139, 200, 154
-0.999619, 231, 247, 246, 262
-0.99962, 319, 197, 334, 212
-0.999621, 319, 187, 334, 202
-0.999623, 243, 259, 258, 274
-0.999624, 233, 255, 248, 270
-0.999625, 323, 217, 338, 232
-0.999626, 215, 301, 230, 316
-0.999628, 405, 205, 420, 220
-0.999628, 297, 127, 312, 142
-0.999629, 291, 297, 306, 312
-0.999629, 303, 293, 318, 308
-0.999629, 275, 287, 290, 302
-0.99963, 201, 195, 216, 210
-0.999631, 225, 247, 240, 262
-0.999632, 297, 307, 312, 322
-0.999632, 357, 177, 372, 192
-0.999632, 277, 165, 292, 180
-0.999634, 221, 255, 236, 270
-0.999635, 229, 239, 244, 254
-0.999635, 29, 113, 60, 240
-0.999635, 265, 173, 280, 188
-0.999635, 299, 287, 314, 302
-0.999636, 157, 169, 172, 184
-0.999636, 321, 203, 336, 218
-0.999636, 289, 291, 304, 306
-0.999637, 185, 183, 200, 198
-0.99964, 13, 129, 44, 373
-0.999642, 179, 137, 194, 152
-0.999644, 281, 345, 296, 360
-0.999644, 255, 163, 270, 178
-0.999645, 237, 353, 252, 368
-0.999645, 259, 171, 274, 186
-0.999646, 215, 1, 230, 128
-0.999649, 329, 161, 344, 288
-0.99965, 185, 177, 200, 192
-0.99965, 195, 193, 210, 208
-0.999651, 259, 179, 274, 194
-0.999651, 323, 223, 338, 238
-0.999651, 397, 147, 412, 162
-0.999652, 187, 191, 202, 206
-0.999652, 203, 161, 218, 288
-0.999653, 273, 281, 288, 296
-0.999653, 277, 183, 292, 198
-0.999655, 293, 341, 308, 356
-0.999657, 193, 187, 208, 202
-0.999658, 287, 277, 302, 292
-0.999658, 1, 117, 128, 148
-0.999658, 185, 197, 200, 212
-0.99966, 33, 301, 160, 332
-0.99966, 203, 201, 218, 216
-0.999661, 285, 191, 300, 206
-0.999662, 235, 237, 250, 252
-0.999666, 269, 179, 284, 194
-0.999666, 211, 129, 226, 256
-0.999666, 303, 299, 318, 314
-0.999669, 279, 171, 294, 186
-0.999673, 241, 163, 256, 178
-0.999673, 285, 303, 300, 318
-0.999677, 193, 175, 208, 190
-0.999677, 315, 305, 330, 320
-0.999678, 251, 161, 266, 288
-0.999679, 105, 1, 136, 256
-0.999679, 273, 353, 288, 368
-0.99968, 237, 145, 252, 272
-0.99969, 255, 155, 270, 170
-0.999692, 193, 201, 208, 216
-0.999692, 271, 173, 286, 188
-0.999694, 225, 227, 240, 242
-0.999697, 251, 301, 266, 316
-0.999698, 321, 305, 336, 320
-0.999706, 271, 241, 286, 368
-0.999708, 257, 193, 272, 208
-0.999711, 283, 179, 298, 194
-0.999712, 329, 299, 344, 314
-0.999713, 1, 97, 32, 352
-0.999719, 239, 245, 254, 260
-0.999729, 353, 61, 480, 92
-0.999734, 241, 253, 256, 268
-0.999734, 193, 81, 208, 208
-0.999736, 81, 69, 208, 100
-0.999736, 257, 187, 272, 202
-0.999739, 1, 141, 128, 172
-0.99974, 369, 113, 496, 144
-0.999752, 237, 225, 252, 352
-0.999756, 285, 185, 300, 200
-0.999765, 445, 1, 476, 256
-0.999769, 441, 129, 472, 373
-0.999777, 45, 129, 76, 373
-0.999783, 33, 1, 160, 64
-0.999788, 251, 97, 266, 224
-0.9998, 213, 225, 228, 352
-0.999814, 179, 1, 194, 128
-0.999822, 461, 33, 492, 288
-0.999822, 143, 145, 158, 272
-0.999825, 57, 65, 88, 320
-0.999828, 221, 1, 236, 128
-0.99983, 155, 129, 170, 256
-0.999833, 139, 49, 154, 176
-0.999833, 105, 161, 136, 288
-0.999834, 277, 241, 292, 368
-0.999841, 169, 193, 184, 320
-0.999842, 343, 161, 358, 288
-0.999842, 85, 1, 116, 256
-0.999845, 161, 113, 176, 240
-0.999855, 351, 161, 366, 288
-0.999869, 217, 65, 248, 192
-0.999873, 199, 97, 214, 224
-0.999873, 285, 177, 300, 304
-0.999881, 81, 97, 112, 352
-0.999898, 279, 81, 294, 208
-0.999901, 317, 145, 332, 272
-0.999903, 1, 25, 256, 88
-0.999912, 17, 33, 48, 288
-0.999914, 133, 97, 148, 224
-0.999919, 429, 1, 460, 256
-0.999921, 279, 177, 294, 304
-0.999943, 257, 1, 272, 128
-0.999946, 203, 1, 218, 128
-0.999946, 271, 97, 286, 224
-0.999948, 227, 1, 242, 128
-0.999956, 177, 193, 192, 320
-0.999963, 293, 241, 308, 368
-0.999967, 149, 1, 164, 128
-0.999969, 189, 241, 204, 368
-0.999972, 261, 97, 276, 224
-0.999976, 149, 129, 164, 256
-0.999981, 309, 49, 324, 176
-0.999982, 351, 81, 366, 208
-0.999993, 69, 97, 100, 352
-0.999994, 457, 129, 488, 373
-1, 73, 1, 104, 256
-1, 301, 65, 316, 192
-1.00001, 335, 145, 350, 272
-1.00001, 217, 145, 232, 272
-1.00001, 145, 65, 160, 192
-1.00001, 357, 145, 372, 272
-1.00001, 33, 1, 64, 256
-1.00002, 397, 129, 412, 256
-1.00003, 211, 177, 226, 304
-1.00003, 285, 65, 300, 192
-1.00005, 33, 97, 160, 160
-1.00005, 359, 97, 374, 224
-1.00006, 267, 1, 282, 128
-1.00007, 135, 145, 150, 272
-1.00007, 45, 1, 76, 256
-1.00009, 367, 129, 382, 256
-1.00009, 243, 97, 258, 224
-1.0001, 203, 241, 218, 368
-1.0001, 33, 289, 160, 352
-1.00011, 365, 81, 380, 208
-1.00011, 429, 97, 460, 352
-1.00011, 397, 1, 412, 128
-1.00012, 85, 113, 116, 240
-1.00012, 187, 65, 202, 192
-1.00013, 259, 193, 274, 320
-1.00013, 357, 209, 372, 336
-1.00013, 405, 81, 420, 208
-1.00015, 295, 65, 310, 192
-1.00016, 93, 161, 124, 288
-1.00017, 243, 241, 258, 368
-1.00017, 5, 1, 36, 256
-1.00018, 299, 241, 314, 368
-1.00018, 367, 209, 382, 336
-1.00019, 265, 241, 280, 368
-1.00019, 179, 241, 194, 368
-1.00019, 169, 81, 184, 208
-1.00021, 349, 241, 364, 368
-1.00021, 305, 145, 320, 272
-1.00022, 127, 81, 142, 208
-1.00022, 413, 225, 428, 352
-1.00023, 251, 1, 266, 128
-1.00024, 273, 1, 288, 128
-1.00024, 157, 1, 172, 128
-1.00024, 343, 49, 358, 176
-1.00024, 339, 209, 354, 336
-1.00025, 411, 129, 426, 256
-1.00026, 399, 81, 414, 208
-1.00027, 401, 241, 432, 368
-1.00027, 139, 1, 154, 128
-1.00028, 311, 241, 326, 368
-1.00028, 261, 49, 276, 176
-1.00028, 121, 1, 152, 128
-1.00028, 45, 161, 76, 288
-1.00029, 377, 241, 408, 368
-1.00029, 157, 209, 172, 336
-1.00029, 373, 129, 388, 256
-1.00029, 291, 177, 306, 304
-1.00029, 155, 81, 170, 208
-1.0003, 107, 113, 122, 240
-1.00031, 177, 65, 192, 192
-1.00031, 377, 241, 392, 368
-1.00047, 69, 113, 100, 240
-1.00052, 1, 49, 64, 176
-1.00067, 269, 1, 300, 128
-1.00068, 1, 113, 32, 240
-1.00084, 369, 89, 496, 152
-1.00091, 321, 25, 448, 88
-1.00097, 409, 177, 440, 304
-1.00102, 401, 65, 432, 192
-1.0012, 349, 33, 380, 160
-1.0013, 13, 177, 44, 304
-1.00131, 389, 1, 420, 128
-1.00134, 25, 161, 56, 288
-1.00138, 77, 161, 108, 288
-1.00141, 33, 233, 160, 296
-1.00142, 289, 17, 320, 144
-1.00149, 1, 49, 128, 176
-1.00151, 65, 161, 96, 288
-1.00161, 41, 49, 104, 176
-1.00163, 141, 241, 172, 368
-1.00167, 49, 49, 176, 112
-1.00202, 257, 193, 288, 320
-1.00205, 1, 209, 128, 272
-1.00218, 377, 33, 408, 160
-1.00237, 13, 225, 44, 352
-1.00242, 385, 193, 416, 320
-1.00268, 57, 241, 88, 368
-1.00271, 109, 1, 140, 128
-1.00272, 233, 49, 264, 176
-1.00276, 121, 193, 152, 320
-1.0028, 33, 73, 160, 136
-1.00302, 1, 241, 32, 368
-1.00303, 41, 225, 72, 352
-1.00306, 1, 161, 32, 288
-1.00307, 29, 225, 60, 352
-1.00321, 413, 49, 444, 176
-1.00343, 41, 1, 104, 128
-1.00345, 13, 129, 44, 256
-1.00362, 389, 241, 420, 368
-1.00385, 469, 129, 500, 256
-1.0039, 309, 1, 340, 128
-1.004, 69, 225, 100, 352
-1.00403, 117, 241, 148, 368
-1.0041, 85, 241, 116, 368
-1.0041, 129, 241, 160, 368
-1.00453, 457, 145, 488, 272
-1.00455, 113, 49, 144, 176
-1.00491, 17, 1, 80, 128
-1.00533, 33, 25, 160, 88
-1.00694, 1, 49, 128, 112
-1.00794, 1, 1, 128, 128
